#unpaired probabilities
 #i$	l=1	2	3	4	5	6	7	8	9	10	11	12	13	14	15	16	17	18	19	20	21	22	23	24	25	26	27	28	29	30	
1	0.9786086	NA	NA	NA	NA	NA	NA	NA	NA	NA	NA	NA	NA	NA	NA	NA	NA	NA	NA	NA	NA	NA	NA	NA	NA	NA	NA	NA	NA	NA
2	0.9967752	0.9785204	NA	NA	NA	NA	NA	NA	NA	NA	NA	NA	NA	NA	NA	NA	NA	NA	NA	NA	NA	NA	NA	NA	NA	NA	NA	NA	NA	NA
3	0.999342	0.9961655	0.9780081	NA	NA	NA	NA	NA	NA	NA	NA	NA	NA	NA	NA	NA	NA	NA	NA	NA	NA	NA	NA	NA	NA	NA	NA	NA	NA	NA
4	0.9993252	0.9989292	0.9958458	0.9777118	NA	NA	NA	NA	NA	NA	NA	NA	NA	NA	NA	NA	NA	NA	NA	NA	NA	NA	NA	NA	NA	NA	NA	NA	NA	NA
5	0.9994507	0.9990198	0.9986205	0.9955377	0.9774309	NA	NA	NA	NA	NA	NA	NA	NA	NA	NA	NA	NA	NA	NA	NA	NA	NA	NA	NA	NA	NA	NA	NA	NA	NA
6	0.999723	0.9991613	0.9987182	0.9982891	0.9951618	0.9772042	NA	NA	NA	NA	NA	NA	NA	NA	NA	NA	NA	NA	NA	NA	NA	NA	NA	NA	NA	NA	NA	NA	NA	NA
7	0.9990589	0.9986915	0.997951	0.997339	0.9965341	0.9926579	0.977011	NA	NA	NA	NA	NA	NA	NA	NA	NA	NA	NA	NA	NA	NA	NA	NA	NA	NA	NA	NA	NA	NA	NA
8	0.9994759	0.9984742	0.9980207	0.9971674	0.9964657	0.9954386	0.9911014	0.9768742	NA	NA	NA	NA	NA	NA	NA	NA	NA	NA	NA	NA	NA	NA	NA	NA	NA	NA	NA	NA	NA	NA
9	0.9995374	0.9989798	0.9979208	0.997395	0.9964635	0.9958099	0.994719	0.9902459	0.9765564	NA	NA	NA	NA	NA	NA	NA	NA	NA	NA	NA	NA	NA	NA	NA	NA	NA	NA	NA	NA	NA
10	0.9990398	0.9985542	0.9979458	0.9969016	0.9963943	0.9954968	0.9948463	0.9936113	0.9887579	0.976274	NA	NA	NA	NA	NA	NA	NA	NA	NA	NA	NA	NA	NA	NA	NA	NA	NA	NA	NA	NA
11	0.9815711	0.9806815	0.9802356	0.9796508	0.9818422	0.9855862	0.9905257	0.9912138	0.9896879	0.9845645	0.9732287	NA	NA	NA	NA	NA	NA	NA	NA	NA	NA	NA	NA	NA	NA	NA	NA	NA	NA	NA
12	0.7274776	0.7255888	0.7259942	0.7269947	0.7279376	0.7780772	0.8459154	0.938773	0.9571699	0.953953	0.951352	0.9391915	NA	NA	NA	NA	NA	NA	NA	NA	NA	NA	NA	NA	NA	NA	NA	NA	NA	NA
13	0.6938224	0.6583149	0.6555375	0.6547333	0.6542075	0.6532029	0.7057579	0.7767138	0.8738783	0.900259	0.9458094	0.9444426	0.9327296	NA	NA	NA	NA	NA	NA	NA	NA	NA	NA	NA	NA	NA	NA	NA	NA	NA
14	0.9403799	0.6637272	0.62831	0.6245729	0.6225766	0.6205802	0.6177362	0.6680893	0.7361161	0.8294731	0.8812595	0.9260053	0.9237344	0.9124843	NA	NA	NA	NA	NA	NA	NA	NA	NA	NA	NA	NA	NA	NA	NA	NA
15	0.949089	0.9379684	0.6614433	0.626076	0.6223453	0.6203397	0.6183263	0.6154599	0.6656687	0.7335012	0.8266209	0.8797738	0.9244331	0.9220937	0.9108214	NA	NA	NA	NA	NA	NA	NA	NA	NA	NA	NA	NA	NA	NA	NA
16	0.100526	0.1016928	0.1045519	0.1075674	0.1124012	0.1193542	0.1278068	0.1381667	0.1511082	0.1676646	0.189579	0.2181537	0.1802412	0.1780719	0.1639551	0.1633487	NA	NA	NA	NA	NA	NA	NA	NA	NA	NA	NA	NA	NA	NA
17	0.1399507	0.05897068	0.05783614	0.05799246	0.05797486	0.05907664	0.06144136	0.06438183	0.06798717	0.07249935	0.07811084	0.08538189	0.09369045	0.04893474	0.05089907	0.05220377	0.05239924	NA	NA	NA	NA	NA	NA	NA	NA	NA	NA	NA	NA	NA
18	0.194235	0.1372369	0.05710406	0.05590749	0.05596125	0.05582313	0.05677967	0.05896129	0.06168143	0.06501721	0.06919284	0.0744065	0.08116903	0.08892937	0.04709581	0.04910556	0.05061106	0.0508413	NA	NA	NA	NA	NA	NA	NA	NA	NA	NA	NA	NA
19	0.9377468	0.1810911	0.1297205	0.05053579	0.04907056	0.04868333	0.04804159	0.04838765	0.0498298	0.05166215	0.05390875	0.05672565	0.06022518	0.06468956	0.0692459	0.02431264	0.02428101	0.02412573	0.02452629	NA	NA	NA	NA	NA	NA	NA	NA	NA	NA	NA
20	0.723372	0.6895065	0.1425825	0.0967527	0.04074044	0.03990922	0.03914241	0.03798734	0.03770212	0.03833087	0.03918324	0.04023059	0.04155028	0.04331538	0.04560708	0.04815445	0.01548132	0.01617712	0.01698155	0.0174426	NA	NA	NA	NA	NA	NA	NA	NA	NA	NA
21	0.352378	0.2775393	0.2390942	0.1266434	0.08534044	0.03430878	0.03333961	0.03243768	0.03149301	0.03073296	0.03083882	0.03102646	0.03126269	0.03155401	0.03204791	0.0326689	0.03305186	0.01502826	0.01596392	0.01676251	0.01721674	NA	NA	NA	NA	NA	NA	NA	NA	NA
22	0.5862875	0.3262136	0.2710339	0.233102	0.1256798	0.08461787	0.0337628	0.03277031	0.03184255	0.03086541	0.0300672	0.03012316	0.03025047	0.03041273	0.03061136	0.03100151	0.03149384	0.03176914	0.01487017	0.01582145	0.01663519	0.01709005	NA	NA	NA	NA	NA	NA	NA	NA
23	0.7771007	0.3807972	0.2164414	0.191235	0.1733568	0.09767252	0.06577004	0.02534107	0.02463828	0.02398824	0.02330446	0.02275669	0.02284331	0.02299302	0.02318164	0.02340539	0.02512906	0.0274226	0.03016682	0.01387142	0.01475608	0.01570676	0.0161388	NA	NA	NA	NA	NA	NA	NA
24	0.7674464	0.73842	0.3415729	0.1834082	0.1622691	0.1473559	0.07919354	0.04944933	0.02224458	0.02151979	0.02082129	0.0200753	0.01943568	0.01935945	0.0193107	0.01925645	0.0191749	0.02075756	0.02288587	0.0255821	0.01333144	0.0142765	0.01526624	0.01571238	NA	NA	NA	NA	NA	NA
25	0.2811942	0.223775	0.1927209	0.1524795	0.1201356	0.1035688	0.09015119	0.06508943	0.04329909	0.01794445	0.01709956	0.01614952	0.01510789	0.01410467	0.01358132	0.01299446	0.01228208	0.01137654	0.01192134	0.01268658	0.01374869	0.01301372	0.01415328	0.01514303	0.01558625	NA	NA	NA	NA	NA
26	0.1628802	0.06575882	0.06186918	0.04903598	0.03429237	0.02374998	0.01982391	0.01611601	0.01218575	0.007890407	0.003619813	0.003519215	0.003416502	0.003307167	0.00321231	0.003211953	0.003217667	0.003225591	0.003232879	0.003510733	0.003885399	0.004405774	0.004605543	0.004929877	0.005164604	0.005117939	NA	NA	NA	NA
27	0.1488155	0.06319938	0.04948897	0.04773042	0.03514263	0.02038976	0.01038815	0.007983833	0.005688431	0.004113366	0.00234106	0.001556781	0.001611351	0.001675776	0.001750229	0.001845255	0.00197427	0.002130025	0.002321172	0.002559548	0.002887877	0.003328942	0.003942144	0.00439433	0.004709369	0.004942919	0.004923463	NA	NA	NA
28	0.122803	0.08401203	0.05416898	0.04332745	0.04171987	0.0295045	0.01551324	0.005465697	0.003433955	0.001508817	0.001022109	0.0004710824	0.0002395925	0.0002454038	0.0002539392	0.0002642089	0.0002774976	0.0002964845	0.0003194675	0.0003476208	0.0003829995	0.0004222271	0.0004745465	0.0005455007	0.0004276276	0.0003928563	0.0003457718	0.0003422425	NA	NA
29	0.161915	0.1135255	0.08233556	0.05327187	0.04252924	0.04092079	0.02876139	0.01483191	0.005001174	0.00302083	0.001151316	0.0007724649	0.0003422531	0.0001321323	0.0001314456	0.0001325319	0.0001342181	0.0001372255	0.0001437638	0.000151802	0.0001616387	0.000174156	0.0001840379	0.0001970458	0.000213388	5.095786e-05	1.671739e-05	1.508565e-05	1.385882e-05	NA
30	0.6395989	0.09125322	0.07176776	0.05357612	0.03699596	0.0279529	0.02632818	0.01467873	0.001270251	0.0008057024	0.0006124811	0.0004798391	0.0003514721	0.000199451	0.000107686	0.0001072089	0.0001084359	0.0001102279	0.000113154	0.0001188251	0.0001257701	0.0001342693	0.0001449676	0.0001514759	0.0001600018	0.0001701895	1.21419e-05	9.422659e-06	9.124292e-06	9.375841e-06
31	0.8059801	0.5664366	0.04361483	0.03383579	0.02370547	0.01530207	0.0105941	0.009520283	0.005385918	0.0006444308	0.0003530409	0.0002637949	0.0002109613	0.0001528232	7.645588e-05	4.910837e-05	4.976e-05	5.201845e-05	5.484105e-05	5.843052e-05	6.307057e-05	6.86957e-05	7.55759e-05	8.41893e-05	9.531063e-05	0.0001099078	0.0001286923	5.019541e-06	2.519124e-06	2.263828e-06
32	0.8228832	0.7943929	0.5658904	0.04329383	0.03362795	0.02354276	0.01518483	0.01049917	0.009428106	0.005330111	0.0006305914	0.000339838	0.0002522007	0.0002008223	0.0001449706	7.112333e-05	4.717136e-05	4.797626e-05	5.040223e-05	5.340952e-05	5.718833e-05	6.196061e-05	6.773938e-05	7.480718e-05	8.365702e-05	9.484347e-05	0.0001095398	0.0001284486	4.90027e-06	2.39267e-06
33	0.6231963	0.5869008	0.579127	0.5611211	0.03961315	0.03026467	0.02089951	0.01329906	0.008997529	0.007976489	0.004521602	0.000563399	0.0002889236	0.0002132435	0.0001740297	0.0001229029	5.312382e-05	3.147804e-05	3.22622e-05	3.37684e-05	3.570448e-05	3.821218e-05	4.139782e-05	4.526906e-05	5.000481e-05	5.593958e-05	6.341656e-05	7.324451e-05	8.586379e-05	3.795562e-06
34	0.2163238	0.1106319	0.07112273	0.04933458	0.03872735	0.03731989	0.02802314	0.01913891	0.01202685	0.007991657	0.007184672	0.00407813	0.0005209885	0.0002565324	0.0002016285	0.0001674453	0.0001182914	5.062733e-05	2.976102e-05	3.048551e-05	3.191816e-05	3.382344e-05	3.621065e-05	3.924819e-05	4.29299e-05	4.743384e-05	5.307691e-05	6.018071e-05	6.951475e-05	8.15074e-05
35	0.2911088	0.2116865	0.107616	0.06814626	0.04631147	0.03570501	0.03419733	0.02788583	0.01906224	0.0119793	0.007959461	0.007154588	0.004061722	0.0005198891	0.0002560065	0.000201216	0.000167121	0.0001180638	5.050271e-05	2.971696e-05	3.044056e-05	3.18715e-05	3.377428e-05	3.615869e-05	3.919183e-05	4.286824e-05	4.736568e-05	5.300062e-05	6.009424e-05	6.941491e-05
36	0.3940304	0.1560819	0.09662829	0.05785465	0.04082967	0.02547273	0.01549462	0.01381124	0.007393286	0.005206082	0.002927404	0.001742083	0.001482038	0.0009782435	0.0004006889	0.0001965305	0.0001587801	0.0001357634	9.720445e-05	4.135441e-05	2.824908e-05	2.935715e-05	3.1024e-05	3.3015e-05	3.546272e-05	3.845475e-05	4.207918e-05	4.65115e-05	5.206252e-05	5.906902e-05
37	0.392986	0.3540222	0.1357209	0.07826202	0.04693502	0.03129163	0.01706242	0.006990057	0.005129328	0.004553238	0.003091027	0.00159135	0.0008237901	0.0006437362	0.0005113533	0.0003585177	0.0001677348	0.0001335484	0.0001134391	8.376776e-05	3.787851e-05	2.681547e-05	2.79178e-05	2.954611e-05	3.146583e-05	3.382215e-05	3.667576e-05	4.013346e-05	4.436177e-05	4.965738e-05
38	0.5820412	0.3858327	0.3476056	0.1296346	0.07283865	0.04621331	0.03086908	0.01677832	0.00671787	0.004859161	0.004283457	0.002920989	0.001482822	0.0007503822	0.0005771769	0.0004742976	0.0003542086	0.0001649523	0.0001310386	0.0001121455	8.285862e-05	3.739184e-05	2.672572e-05	2.783211e-05	2.946241e-05	3.138224e-05	3.373794e-05	3.658757e-05	4.004039e-05	4.42627e-05
39	0.7295267	0.405564	0.3549463	0.3219911	0.1068658	0.06316698	0.04366339	0.02924433	0.01591698	0.005933944	0.004114976	0.003561782	0.002383156	0.001137004	0.0005094706	0.0003562181	0.0003305522	0.0002978179	0.0001526314	0.000120371	0.0001025563	7.636862e-05	3.417552e-05	2.532976e-05	2.637908e-05	2.793372e-05	2.976023e-05	3.19993e-05	3.470076e-05	3.797535e-05
40	0.2117492	0.1691225	0.1059088	0.09361408	0.06845396	0.06236335	0.03323234	0.02876406	0.01975279	0.01145544	0.001888784	0.001197948	0.0006710365	0.0004392873	0.0001554661	0.0001158231	0.0001093824	0.0001063519	0.0001057816	9.791008e-05	8.368428e-05	6.644502e-05	4.35398e-05	2.932538e-05	2.484367e-05	2.598112e-05	2.761403e-05	2.95265e-05	3.17796e-05	3.449274e-05
41	0.2187658	0.1485257	0.1229579	0.07153423	0.06210773	0.03800106	0.03207209	0.03019291	0.02786852	0.01914987	0.01111883	0.001577203	0.0009000305	0.0003911654	0.000269001	9.752688e-05	7.77925e-05	7.499974e-05	7.41801e-05	7.527989e-05	7.167931e-05	5.910846e-05	4.380884e-05	3.087083e-05	2.784352e-05	2.478349e-05	2.593247e-05	2.757681e-05	2.950203e-05	3.176655e-05
42	0.4574573	0.1977041	0.1443613	0.1197937	0.07016953	0.06082521	0.0367079	0.03075897	0.0289352	0.02685297	0.01912605	0.01110884	0.001568721	0.0008924706	0.0003839537	0.0002646288	9.604739e-05	7.643268e-05	7.362345e-05	7.285452e-05	7.392672e-05	7.032459e-05	5.777083e-05	4.261333e-05	2.970316e-05	2.670735e-05	2.478054e-05	2.59295e-05	2.75738e-05	2.949896e-05
43	0.9598131	0.435297	0.1773938	0.1239752	0.09890442	0.06988636	0.06053857	0.03666164	0.03075493	0.02893138	0.02684946	0.0191239	0.01110809	0.001568134	0.0008922156	0.0003837708	0.0002644435	9.585995e-05	7.623843e-05	7.342172e-05	7.264496e-05	7.372165e-05	7.010993e-05	5.754623e-05	4.237744e-05	2.945475e-05	2.644492e-05	2.45024e-05	2.592793e-05	2.757217e-05
44	0.111944	0.09539343	0.07230857	0.05100357	0.03810624	0.0324905	0.02745946	0.0252763	0.0241977	0.01854471	0.01700723	0.01524328	0.008621312	0.001899864	0.001076533	0.0005086869	0.0001720006	0.0001362658	5.329401e-05	3.605552e-05	3.256291e-05	3.163118e-05	3.162554e-05	2.868944e-05	2.805037e-05	2.802394e-05	2.699336e-05	2.5993e-05	2.43159e-05	2.573922e-05
45	0.01953126	0.01087763	0.007937146	0.006216574	0.004682203	0.003918682	0.003520468	0.002884963	0.002475315	0.002183323	0.002044816	0.001583269	0.00100582	0.0005653418	0.0001180469	6.345521e-05	2.824227e-05	6.790691e-06	5.458024e-06	3.096017e-06	2.96509e-06	3.029418e-06	3.030999e-06	3.082627e-06	3.118581e-06	2.886894e-06	2.67696e-06	2.152887e-06	1.573685e-06	7.699134e-07
46	0.03744147	0.0104386	0.006641954	0.005883261	0.004787392	0.003497497	0.00289301	0.00253259	0.002074189	0.001781061	0.001575462	0.001476014	0.001417081	0.0009342452	0.0005246309	0.0001079221	5.703754e-05	2.431417e-05	4.65868e-06	3.481232e-06	2.235404e-06	2.182335e-06	2.242527e-06	2.242103e-06	2.278319e-06	2.3086e-06	2.058617e-06	1.828451e-06	1.415525e-06	9.604434e-07
47	0.2938187	0.03052602	0.009598608	0.005976741	0.005276388	0.004227474	0.002988339	0.002414945	0.002079703	0.001754176	0.001595987	0.001505733	0.001468661	0.001412018	0.000933078	0.0005239096	0.0001076239	5.678614e-05	2.409532e-05	4.461816e-06	3.289599e-06	2.183567e-06	2.133675e-06	2.192738e-06	2.193636e-06	2.231075e-06	2.259903e-06	2.009524e-06	1.779359e-06	1.383534e-06
48	0.5702357	0.2779236	0.02761807	0.007936413	0.005722138	0.005120022	0.004097787	0.002874508	0.002317232	0.001987901	0.001689294	0.00155732	0.001488267	0.0014626	0.001410643	0.0009321413	0.0005236283	0.0001074741	5.664925e-05	2.397079e-05	4.342608e-06	3.203022e-06	2.11091e-06	2.09968e-06	2.158331e-06	2.161136e-06	2.200569e-06	2.239614e-06	1.997855e-06	1.768277e-06
49	0.2938211	0.1719733	0.07575773	0.02028731	0.006052374	0.004367486	0.003913065	0.003000594	0.002392709	0.002020124	0.001714708	0.001579475	0.001501303	0.00145033	0.001442508	0.001391969	0.0009149333	0.000512524	0.000103051	5.297642e-05	2.091508e-05	2.263775e-06	1.250533e-06	6.91053e-07	6.548131e-07	6.666844e-07	6.32929e-07	6.273883e-07	6.245508e-07	4.903087e-07
50	0.373256	0.2769192	0.1563089	0.06827559	0.01458792	0.004841284	0.003991621	0.003542945	0.002630647	0.002033783	0.001659682	0.001348038	0.001207377	0.001121118	0.001060726	0.001042383	0.0009816831	0.0009140015	0.0005119896	0.000102848	5.281087e-05	2.077315e-05	2.132566e-06	1.165997e-06	6.506693e-07	6.266736e-07	6.40608e-07	6.088284e-07	6.049959e-07	6.039177e-07
51	0.5433995	0.2978078	0.2315903	0.1343072	0.0551333	0.01099819	0.003583451	0.002959157	0.002629902	0.001963513	0.001511217	0.001233473	0.0009969602	0.0008879016	0.0008214112	0.0007748252	0.0007601455	0.0007146937	0.0006640833	0.0003873492	8.071333e-05	4.344155e-05	1.966078e-05	1.454679e-06	8.178071e-07	5.073024e-07	4.921419e-07	5.038745e-07	4.779864e-07	4.711971e-07
52	0.1213397	0.1114257	0.08572364	0.08002197	0.07635667	0.01172056	0.001575944	0.0004196213	0.0003409904	0.0003043989	0.0002277877	0.0001744261	0.0001430689	0.0001210431	9.755622e-05	8.040672e-05	6.708163e-05	6.07245e-05	5.663539e-05	5.212816e-05	3.028851e-05	6.526899e-06	3.601043e-06	1.734235e-06	3.883838e-07	2.336927e-07	8.694171e-08	8.02442e-08	8.112771e-08	7.859441e-08
53	0.1988355	0.01167495	0.01133334	0.008904743	0.00762214	0.007249578	0.006914387	0.0006283883	9.604976e-05	7.399153e-05	6.871628e-05	5.538856e-05	4.638802e-05	4.302633e-05	4.042285e-05	2.834834e-05	1.635831e-05	6.158408e-06	6.414335e-07	4.90575e-07	3.557328e-07	2.087847e-07	6.02148e-08	4.248569e-08	2.776185e-08	1.929233e-08	1.584854e-08	8.130281e-09	7.022287e-09	6.964643e-09
54	0.2791862	0.04055034	0.005752597	0.005598764	0.003707774	0.00247787	0.002383991	0.002002104	0.0006132505	9.216428e-05	7.091667e-05	6.619085e-05	5.344273e-05	4.518601e-05	4.223797e-05	3.988814e-05	2.796233e-05	1.602882e-05	5.849872e-06	3.399492e-07	2.123658e-07	1.027749e-07	6.480202e-08	2.683126e-08	2.259777e-08	1.658652e-08	1.386418e-08	1.181447e-08	6.24851e-09	5.786839e-09
55	0.2289727	0.0639635	0.0386455	0.004280607	0.004114014	0.002713409	0.001596766	0.00152468	0.001276075	0.00035706	5.955554e-05	4.595486e-05	4.374525e-05	3.258095e-05	2.61505e-05	2.432731e-05	2.291402e-05	1.600514e-05	9.171331e-06	3.3523e-06	2.025336e-07	1.288117e-07	6.543787e-08	4.252144e-08	1.948138e-08	1.699036e-08	1.224773e-08	1.04301e-08	8.725651e-09	4.358998e-09
56	0.4234492	0.2164177	0.05572659	0.03249488	0.003222252	0.003038814	0.001738657	0.001440341	0.001377025	0.001149028	0.0003150509	4.893433e-05	4.239219e-05	4.043564e-05	2.952167e-05	2.338225e-05	2.175037e-05	2.048515e-05	1.430119e-05	8.192764e-06	2.991834e-06	1.765774e-07	1.129679e-07	5.819204e-08	3.809469e-08	1.785431e-08	1.568266e-08	1.117483e-08	9.541726e-09	7.953515e-09
57	0.8476747	0.4203566	0.2158475	0.05518041	0.03225597	0.002998469	0.002983515	0.001683102	0.001383682	0.001321334	0.001141002	0.0003068568	4.056075e-05	3.382876e-05	3.167353e-05	2.952001e-05	2.338087e-05	2.17492e-05	2.048414e-05	1.430096e-05	8.192559e-06	2.991808e-06	1.765556e-07	1.129472e-07	5.81726e-08	3.808211e-08	1.784918e-08	1.567836e-08	1.117101e-08	9.538875e-09
58	0.3487762	0.3411258	0.2013094	0.189178	0.04033894	0.02890938	0.0002013965	0.0001691456	0.0001096079	8.69243e-05	5.986902e-05	3.818461e-05	1.249564e-05	5.098467e-06	4.246199e-06	4.052811e-06	3.899011e-06	8.755022e-07	6.899404e-07	5.643175e-07	3.539591e-07	1.97929e-07	7.686992e-08	1.141946e-08	9.050964e-09	6.716492e-09	4.748808e-09	2.673794e-09	2.479635e-09	2.271564e-09
59	0.2487955	0.17381	0.1637317	0.05035153	0.03875824	0.03016489	0.02866961	0.000131899	0.0001008922	6.807733e-05	5.338291e-05	2.941251e-05	1.219401e-05	5.45743e-06	4.059418e-06	3.509564e-06	3.37461e-06	3.27844e-06	3.304375e-07	1.967919e-07	9.980706e-08	3.410334e-08	1.4854e-08	9.120299e-09	6.079163e-09	5.664383e-09	5.126287e-09	3.700943e-09	2.164877e-09	2.026699e-09
60	0.264321	0.09840471	0.07469432	0.06413946	0.04879553	0.03808092	0.02958756	0.02862096	0.0001021784	7.28586e-05	5.835432e-05	4.491371e-05	2.198388e-05	5.140028e-06	2.518598e-06	1.351666e-06	7.638446e-07	5.79669e-07	4.333155e-07	2.887699e-07	1.706996e-07	7.612504e-08	2.020186e-08	6.084865e-09	3.994429e-09	2.907188e-09	2.799777e-09	2.588e-09	2.110909e-09	1.606573e-09
61	0.2229411	0.09613367	0.07125811	0.04759021	0.03662267	0.02142699	0.01038465	0.00152179	0.0001309098	0.0001001677	7.091861e-05	5.671343e-05	4.43668e-05	2.174131e-05	5.030887e-06	2.463088e-06	1.324103e-06	7.463116e-07	5.641925e-07	4.201008e-07	2.780937e-07	1.68008e-07	7.466738e-08	1.968678e-08	5.800855e-09	3.774764e-09	2.719914e-09	2.637381e-09	2.450659e-09	2.022326e-09
62	0.3197694	0.129416	0.09341953	0.06907969	0.04538177	0.03437676	0.02139695	0.01035802	0.001494874	0.0001040733	7.283951e-05	7.061525e-05	5.642622e-05	4.407645e-05	2.146483e-05	4.752134e-06	2.462212e-06	1.323515e-06	7.457469e-07	5.63634e-07	4.195671e-07	2.777719e-07	1.676985e-07	7.456043e-08	1.959676e-08	5.76883e-09	3.759448e-09	2.7065e-09	2.624998e-09	2.439407e-09
63	0.7676702	0.3190086	0.1290701	0.0933785	0.06906788	0.04537619	0.03437133	0.02139149	0.01035565	0.001492491	0.0001017623	7.049502e-05	6.849746e-05	5.635742e-05	4.400674e-05	2.146356e-05	4.751969e-06	2.46211e-06	1.323457e-06	7.456958e-07	5.635864e-07	4.19543e-07	2.777566e-07	1.676897e-07	7.455179e-08	1.959362e-08	5.766411e-09	3.757102e-09	2.706317e-09	2.624822e-09
64	0.7779323	0.7304871	0.2941047	0.1056783	0.07270755	0.04839272	0.04515992	0.03436243	0.02138374	0.01035124	0.001489886	0.0001011336	6.996344e-05	6.795873e-05	5.583746e-05	4.361372e-05	2.107403e-05	4.359779e-06	2.074637e-06	9.295416e-07	7.447072e-07	5.631718e-07	4.191613e-07	2.774562e-07	1.674503e-07	7.431842e-08	1.943097e-08	5.628714e-09	3.632552e-09	2.587282e-09
65	0.8976332	0.7456152	0.7145773	0.2818139	0.09383242	0.06308679	0.03890015	0.03554767	0.03395834	0.02112654	0.01031531	0.001474251	9.663408e-05	6.56598e-05	6.359126e-05	5.142101e-05	3.933373e-05	1.940432e-05	3.836382e-06	1.909787e-06	8.594563e-07	6.778349e-07	5.537412e-07	4.109194e-07	2.694851e-07	1.596361e-07	6.694615e-08	1.554739e-08	4.350705e-09	2.724046e-09
66	0.3660328	0.3353395	0.3182902	0.2898208	0.2677421	0.09153943	0.06136446	0.03799749	0.03464654	0.03304805	0.02106253	0.01027602	0.001452609	8.921112e-05	5.849258e-05	5.634276e-05	4.412911e-05	3.195372e-05	1.19446e-05	3.791154e-06	1.892394e-06	8.481145e-07	6.671111e-07	5.433355e-07	4.082715e-07	2.6798e-07	1.585635e-07	6.620821e-08	1.502907e-08	3.907656e-09
67	0.0155311	0.0125203	0.01172324	0.01102872	0.008453979	0.003723393	0.003209	0.0006669127	0.0003613416	0.0002615847	0.000226577	0.0001157634	8.364543e-05	6.306628e-05	3.349786e-06	1.55892e-06	1.376445e-06	9.49948e-07	4.448621e-07	2.706463e-07	1.841703e-07	1.100408e-07	4.771628e-08	3.586954e-08	2.74093e-08	1.826536e-08	8.575367e-09	1.486033e-09	1.198689e-09	4.477629e-10
68	0.05117184	0.00996261	0.008393173	0.007966527	0.007929317	0.006292502	0.00325759	0.002809422	0.000491243	0.0002365477	0.0001510048	0.00011843	3.540552e-05	2.595822e-05	2.221702e-05	1.130054e-06	4.045011e-07	3.326037e-07	1.858648e-07	1.177931e-07	5.879072e-08	2.736907e-08	1.341679e-08	5.62424e-09	4.460255e-09	3.688701e-09	2.766416e-09	1.703547e-09	7.088055e-10	5.886595e-10
69	0.5261416	0.03205455	0.005034718	0.004208439	0.003769741	0.003714251	0.002153612	0.001347799	0.000878421	0.0004641069	0.0002156547	0.0001388588	0.0001064068	2.54582e-05	1.771717e-05	1.503657e-05	8.133809e-07	2.86427e-07	2.378764e-07	1.309642e-07	9.360156e-08	4.480003e-08	1.726309e-08	7.435783e-09	2.839264e-09	2.29344e-09	1.959538e-09	1.508346e-09	9.630459e-10	6.158553e-10
70	0.7383746	0.4976331	0.01833853	0.003153477	0.002639146	0.002461043	0.002435646	0.001876735	0.001231811	0.0008030836	0.0004278873	0.0002137335	0.0001373381	0.000105098	2.433223e-05	1.665368e-05	1.42797e-05	7.747544e-07	2.661447e-07	2.196317e-07	1.147282e-07	8.608204e-08	4.017648e-08	1.437537e-08	5.736057e-09	2.227464e-09	1.779725e-09	1.49774e-09	1.164669e-09	6.900927e-10
71	0.8571352	0.6249714	0.4851121	0.01286085	0.001877609	0.001457819	0.001347319	0.001340691	0.0009339475	0.0003841289	0.0002830676	0.0001662154	0.0001070577	8.652893e-05	8.661697e-05	8.675289e-06	2.812324e-06	1.344841e-06	1.229307e-07	6.334317e-08	6.017503e-08	4.630349e-08	3.732994e-08	2.728628e-08	8.704164e-09	2.699445e-09	8.000847e-10	6.298253e-10	5.308047e-10	3.977864e-10
72	0.6222477	0.5089072	0.4031743	0.3879643	0.005931862	0.001358986	0.0011912	0.001152089	0.001148432	0.0008296769	0.0002973336	0.000199561	8.868685e-05	3.00735e-05	8.467677e-06	7.295753e-06	5.439148e-06	2.478679e-06	1.249935e-06	1.02683e-07	4.502109e-08	4.200414e-08	2.819266e-08	2.127907e-08	1.127665e-08	5.035074e-09	2.212123e-09	7.038469e-10	5.488682e-10	4.556773e-10
73	0.140406	0.03631497	0.02274471	0.01516039	0.006958942	0.004480239	0.000994869	0.0008484368	0.0008415248	0.0008420814	0.0005509178	4.910988e-05	3.576649e-05	9.200925e-06	3.138904e-06	1.697333e-06	1.655071e-06	1.227191e-06	7.243633e-07	4.709506e-07	3.424826e-08	1.996646e-08	1.887826e-08	1.56133e-08	1.184139e-08	7.293993e-09	3.546913e-09	1.672212e-09	4.763832e-10	3.68872e-10
74	0.05817626	0.03542016	0.01761842	0.01044172	0.007587288	0.002472002	0.001415956	0.0005879835	0.0005584062	0.0005553787	0.0005562974	0.0004779385	1.960386e-05	1.092658e-05	3.04155e-06	1.624525e-06	1.432049e-06	1.41384e-06	1.013754e-06	5.635817e-07	4.040195e-07	2.661128e-08	1.570531e-08	1.464594e-08	1.212399e-08	8.506158e-09	4.3502e-09	2.159341e-09	1.045158e-09	3.742712e-10
75	0.06530355	0.0119161	0.01099999	0.001693102	0.001188264	0.0008973888	0.0005897679	0.0005227174	0.0004484699	0.0004516106	0.0004545504	0.0004607691	0.0004531621	9.410314e-06	1.421019e-06	4.344844e-07	1.997853e-07	1.57265e-07	1.517384e-07	1.28959e-07	1.09795e-07	9.956371e-08	3.99876e-09	1.39585e-09	1.091762e-09	6.344551e-10	4.283591e-10	2.220278e-10	1.011915e-10	4.188199e-11
76	0.1072745	0.02109251	0.01037244	0.009676604	0.0008515778	0.0004589148	0.0002958349	0.0001434812	9.405945e-05	2.999545e-05	2.75508e-05	2.435595e-05	2.406076e-05	1.112515e-05	8.531635e-06	7.109891e-07	1.450231e-07	4.296698e-08	3.109916e-08	2.632328e-08	2.16943e-08	1.760657e-08	1.467583e-08	7.182304e-10	3.247396e-10	2.808736e-10	2.168263e-10	1.221436e-10	7.296291e-11	4.604256e-11
77	0.2032488	0.08948254	0.02053791	0.01013027	0.009621506	0.000812096	0.0004287913	0.0002707751	0.0001282305	8.597407e-05	2.257861e-05	2.00429e-05	1.674608e-05	1.635489e-05	3.34376e-06	6.509962e-07	6.192311e-07	9.776251e-08	2.002924e-08	1.65393e-08	1.620524e-08	1.467272e-08	1.341655e-08	1.268919e-08	6.115223e-10	2.831024e-10	2.451702e-10	1.976065e-10	1.086462e-10	6.711671e-11
78	0.1074004	0.02652199	0.005757007	0.003863358	0.0001998478	0.0001742744	0.0001498815	0.0001052087	2.042168e-05	9.93378e-06	5.629326e-06	8.619465e-07	7.250842e-07	6.291657e-07	6.17809e-07	1.611359e-07	6.531696e-08	4.779176e-08	1.096664e-08	3.279189e-09	2.029845e-09	1.751579e-09	1.535922e-09	1.158844e-09	9.249151e-10	5.248035e-11	2.695209e-11	2.432556e-11	1.432017e-11	9.122696e-12
79	0.2900666	0.01475004	0.01029396	0.004850115	0.003528635	0.0001567497	0.0001442459	0.0001319093	9.258915e-05	9.895671e-06	3.467733e-06	5.501091e-07	1.730912e-07	1.508552e-07	1.505461e-07	1.505009e-07	6.611997e-08	3.043451e-08	2.703677e-08	6.062078e-09	1.872638e-09	1.086073e-09	1.039981e-09	9.306165e-10	6.399262e-10	5.771822e-10	3.345655e-11	1.69476e-11	1.524431e-11	7.803466e-12
80	0.03589103	0.02090396	0.0102431	0.00922102	0.00467011	0.003413256	4.894083e-05	3.58686e-05	2.374982e-05	1.355537e-05	8.761772e-06	3.224231e-06	4.110741e-07	1.485661e-07	1.42493e-07	1.429308e-07	1.437864e-07	6.183185e-08	2.75686e-08	2.469582e-08	4.916663e-09	1.122132e-09	3.868418e-10	3.403415e-10	3.057239e-10	8.961436e-11	5.294915e-11	1.321176e-11	1.106944e-11	1.114761e-11
81	0.271388	0.02838708	0.01397142	0.005069336	0.004232925	0.003515668	0.003453387	4.864342e-05	3.545821e-05	2.330602e-05	1.313704e-05	8.322408e-06	3.215033e-06	3.91166e-07	1.486578e-07	1.429916e-07	1.436037e-07	1.445709e-07	6.168169e-08	2.705512e-08	2.439129e-08	4.648562e-09	9.598623e-10	2.677446e-10	2.520179e-10	2.251799e-10	6.554998e-11	3.532405e-11	1.037823e-11	8.783841e-12
82	0.5853202	0.2613223	0.02816099	0.01370316	0.004802264	0.004135309	0.00356227	0.003500263	4.915139e-05	3.579811e-05	2.35283e-05	1.327788e-05	8.395529e-06	3.258115e-06	3.930346e-07	1.506367e-07	1.449911e-07	1.457124e-07	1.467468e-07	6.256618e-08	2.738849e-08	2.4697e-08	4.655739e-09	9.157517e-10	2.133449e-10	1.96485e-10	1.690343e-10	5.647712e-11	3.103783e-11	8.426865e-12
83	0.5964636	0.2781613	0.0433218	0.004663784	0.003480666	0.000349422	0.0001776026	2.6536e-05	1.606319e-05	1.178678e-05	6.414262e-06	1.319698e-06	2.776172e-07	1.797818e-07	5.905211e-08	2.469381e-08	8.242476e-09	7.770006e-09	7.409138e-09	7.369157e-09	2.416542e-09	1.310901e-09	9.554718e-10	3.499284e-10	1.338781e-10	6.441312e-11	6.347706e-11	6.17305e-11	1.639559e-11	8.596684e-12
84	0.2712931	0.2661839	0.2569779	0.03038848	0.003674836	0.002885536	8.85313e-05	4.351255e-05	4.575547e-06	3.059512e-06	2.314638e-06	2.47688e-07	1.349013e-07	9.269513e-08	4.699215e-08	1.83444e-08	1.27905e-08	2.526216e-09	2.136314e-09	1.819731e-09	1.776388e-09	5.125169e-10	2.306664e-10	1.216228e-10	4.502153e-11	2.332121e-11	1.857304e-11	1.831485e-11	1.733562e-11	4.777989e-12
85	0.3398048	0.2564801	0.2541903	0.2556584	0.02772545	0.003560564	0.002817934	1.342361e-05	6.994838e-06	1.942696e-06	8.369006e-07	2.07961e-07	1.657922e-07	9.165093e-08	7.220039e-08	2.877775e-08	1.51553e-08	1.077644e-08	2.291748e-09	1.944078e-09	1.649923e-09	1.616995e-09	4.536865e-10	1.930955e-10	8.622219e-11	2.545942e-11	8.157877e-12	4.225285e-12	3.767844e-12	3.217304e-12
86	0.458379	0.2876544	0.2330227	0.2321435	0.2349013	0.02704112	0.002838162	0.00282907	7.237682e-06	3.347817e-06	7.56462e-07	3.321344e-07	9.209547e-08	7.779226e-08	6.345808e-08	5.387606e-08	1.395873e-08	8.194742e-09	6.05911e-09	9.843818e-10	7.746752e-10	6.686221e-10	6.566431e-10	2.387528e-10	1.580537e-10	5.080412e-11	1.970618e-11	6.927093e-12	3.271578e-12	2.804923e-12
87	0.4241603	0.2936898	0.2560314	0.2176783	0.2175533	0.2203427	0.009521656	0.002321705	0.002318457	3.744172e-06	1.316386e-06	1.158615e-07	6.474116e-08	4.553866e-08	4.553966e-08	4.452499e-08	4.037458e-08	2.095874e-09	7.579904e-10	3.69997e-10	2.001491e-10	1.161436e-10	1.163724e-10	1.172117e-10	1.156733e-10	1.02009e-10	2.472754e-11	1.259542e-11	4.840497e-12	2.061193e-12
88	0.2082245	0.1808947	0.07656429	0.05068564	0.009590389	0.009464796	0.009496563	0.009576764	0.002321253	0.002349996	2.946242e-06	1.01519e-06	6.904157e-08	2.249368e-08	4.725413e-09	4.233825e-09	2.916272e-09	2.09573e-09	1.76205e-09	5.587718e-10	1.801949e-10	1.112002e-10	1.023573e-10	1.028608e-10	1.03651e-10	1.036079e-10	1.009654e-10	2.310637e-11	1.184353e-11	4.509169e-12
89	0.4435847	0.1962707	0.169933	0.06710143	0.04621032	0.004684647	0.004495103	0.00446154	0.004474214	0.002353512	0.002383225	2.758406e-06	9.170403e-07	6.669878e-08	2.217185e-08	4.447154e-09	3.955805e-09	2.653686e-09	1.863161e-09	1.523219e-09	5.551684e-10	1.726447e-10	1.117329e-10	1.029233e-10	1.03782e-10	1.049812e-10	1.050833e-10	1.024494e-10	2.344593e-11	1.200693e-11
90	0.7983572	0.4270929	0.1923415	0.1670301	0.06611272	0.04678506	0.004734305	0.004546287	0.004515061	0.004529808	0.002386776	0.002417489	2.580384e-06	8.282381e-07	6.706978e-08	2.221184e-08	4.401486e-09	3.909048e-09	2.620341e-09	1.85911e-09	1.514255e-09	5.608106e-10	1.725685e-10	1.131523e-10	1.042643e-10	1.054734e-10	1.067596e-10	1.069191e-10	1.042842e-10	2.379512e-11
91	0.6240279	0.424737	0.274066	0.127658	0.1087648	0.01375345	0.002469206	0.00107598	0.0008661018	0.0008013999	0.000770029	6.640859e-06	3.536535e-06	2.174163e-06	6.082481e-07	5.055726e-08	1.4225e-08	3.168959e-09	2.821286e-09	1.777307e-09	1.224337e-09	9.450136e-10	2.385447e-10	8.58455e-11	4.326847e-11	3.345127e-11	3.359731e-11	3.379394e-11	3.361996e-11	3.036055e-11
92	0.4154117	0.4076002	0.3971171	0.2544269	0.1148629	0.1045856	0.01129236	0.002172506	0.0008882111	0.0008483746	0.0007899914	0.0007646288	4.681048e-06	2.233626e-06	9.173707e-07	4.974435e-07	4.931548e-08	1.362696e-08	2.756569e-09	2.423243e-09	1.592662e-09	1.116498e-09	8.779953e-10	2.240376e-10	7.312018e-11	3.373388e-11	3.312704e-11	3.329036e-11	3.353101e-11	3.340899e-11
93	0.5151046	0.3908437	0.383093	0.3723465	0.2278745	0.1131622	0.1034768	0.01034951	0.002120893	0.0008812549	0.000845711	0.0007893724	0.0007652377	4.380307e-06	2.014923e-06	7.788357e-07	4.136895e-07	4.848223e-08	1.348155e-08	2.698396e-09	2.368769e-09	1.569237e-09	1.109223e-09	8.675022e-10	2.231708e-10	7.059412e-11	3.407447e-11	3.353828e-11	3.376754e-11	3.404384e-11
94	0.8937652	0.4198242	0.3041185	0.2951439	0.2831009	0.1355812	0.0287531	0.01838075	0.009644602	0.002103786	0.0008776071	0.0008425839	0.0007883673	0.0007655649	4.139807e-06	1.862976e-06	6.963725e-07	3.757273e-07	4.871731e-08	1.334939e-08	2.654653e-09	2.329091e-09	1.554687e-09	1.10632e-09	8.609016e-10	2.22838e-10	6.826523e-11	3.440592e-11	3.393751e-11	3.429141e-11
95	0.6293597	0.6214842	0.3983354	0.2857801	0.277268	0.2653898	0.1169719	0.02396894	0.01482591	0.007855207	0.001880646	0.0006823786	0.0006512545	0.0006289986	0.0006187477	3.265078e-06	1.533275e-06	5.295564e-07	2.652884e-07	2.05126e-08	1.061627e-08	1.916641e-09	1.604421e-09	8.964139e-10	6.67433e-10	5.373583e-10	1.48559e-10	6.564157e-11	3.275691e-11	3.239838e-11
96	0.6048572	0.5632731	0.556067	0.3297343	0.2697197	0.2611821	0.2490021	0.09842987	0.02126332	0.01256413	0.006587181	0.00132739	0.0001453984	0.0001071957	8.169876e-05	6.505292e-05	2.616305e-06	9.933748e-07	4.426948e-07	2.24531e-07	2.009247e-08	1.029266e-08	1.850884e-09	1.543632e-09	8.634606e-10	6.527679e-10	5.223199e-10	1.463961e-10	6.432277e-11	3.193072e-11
97	0.4251286	0.4012545	0.3859581	0.3773664	0.1705034	0.1116167	0.1010942	0.09619219	0.08913205	0.01677288	0.00885457	0.004589419	0.0009806728	8.265836e-05	5.528836e-05	4.73486e-05	3.60993e-05	2.178738e-06	7.923013e-07	2.91797e-07	1.500852e-07	1.527224e-08	6.679852e-09	1.268272e-09	1.06896e-09	7.001199e-10	5.36782e-10	4.049387e-10	1.329692e-10	5.365158e-11
98	0.6641713	0.3284881	0.3083535	0.2925968	0.2827774	0.07215762	0.05168181	0.04022648	0.03443044	0.02648623	0.0135283	0.006143308	0.003143581	0.0007731547	6.593043e-05	3.991441e-05	3.522428e-05	2.488631e-05	1.881254e-06	5.032626e-07	1.797442e-07	9.465666e-08	1.180317e-08	4.015064e-09	9.471147e-10	8.328517e-10	5.805249e-10	4.517391e-10	3.175867e-10	1.241713e-10
99	0.2332669	0.2295876	0.215788	0.2155927	0.2158274	0.2160952	0.01807996	0.009324878	0.007547118	0.006619178	0.005465967	0.002822663	0.001571601	0.0008328187	0.0001782983	2.336808e-05	1.863777e-05	1.56522e-05	1.469452e-05	2.381544e-07	1.095098e-07	4.762088e-08	2.668447e-08	2.363495e-09	8.133049e-10	1.692115e-10	1.459303e-10	1.015332e-10	7.283383e-11	6.254981e-11
100	0.3292228	0.2204393	0.2198993	0.2121411	0.2127974	0.2136138	0.2143135	0.01419924	0.005849915	0.004520973	0.003893368	0.003334234	0.001735636	0.001079905	0.0005801335	0.0001355926	1.159808e-05	8.213002e-06	5.23891e-06	4.703997e-06	1.218985e-07	8.009949e-08	3.344184e-08	1.952618e-08	1.512486e-09	4.153355e-10	9.99329e-11	8.830725e-11	6.439811e-11	4.708667e-11
101	0.2887167	0.2530857	0.2061998	0.2073658	0.2070189	0.2081196	0.2089669	0.2096349	0.00673728	0.00426708	0.002907252	0.002255237	0.001691213	0.0009090627	0.000356695	0.0001955929	9.639237e-05	4.481472e-06	1.226226e-06	8.863275e-07	7.799039e-07	6.910679e-08	3.703561e-08	9.253629e-09	5.150002e-09	1.064976e-09	1.230459e-10	5.773199e-11	5.403789e-11	3.935271e-11
102	0.3512466	0.01861779	0.006121888	0.002869385	0.002840248	0.00259039	0.002544612	0.002518313	0.001600928	0.00153826	0.0002859914	0.0001956497	0.0001243544	0.0001011946	4.238139e-05	2.140516e-05	1.16816e-05	4.387286e-06	7.386451e-07	5.466857e-07	4.383088e-07	4.04395e-07	5.460601e-09	2.101112e-09	7.25313e-10	3.867724e-10	7.14563e-11	2.904646e-11	5.346645e-12	4.850406e-12
103	0.1023303	0.04827521	0.003480246	0.001542596	0.001018743	0.001029867	0.001003346	0.00101376	0.001026304	0.0001304826	0.0001055822	5.902944e-05	5.913848e-05	2.417666e-05	2.287786e-05	4.691582e-06	3.569489e-06	1.679049e-06	2.828919e-07	5.13998e-08	4.433702e-08	1.890548e-08	1.661093e-08	5.72115e-10	3.543062e-10	1.735996e-10	8.537315e-11	7.92047e-12	6.603647e-12	7.525897e-13
104	0.3875032	0.03558746	0.006256109	0.003055427	0.001196596	0.0009471919	0.0009583203	0.0009533568	0.0009648855	0.0009775537	6.858435e-05	4.296023e-05	4.29646e-05	4.337715e-05	8.997617e-06	7.826314e-06	1.463313e-06	1.113985e-06	5.098798e-07	8.375058e-08	2.946867e-08	2.700628e-08	6.645688e-09	5.5026e-09	1.86232e-10	1.189147e-10	5.515162e-11	2.680083e-11	1.922369e-12	1.503253e-12
105	0.07270396	0.02924941	0.02219174	0.003078039	0.002038483	0.0001704297	3.831717e-05	3.73172e-05	3.455291e-05	3.444172e-05	3.457286e-05	3.495431e-05	8.488262e-06	8.008435e-06	7.912202e-06	7.736992e-06	6.539337e-06	1.213859e-06	9.160655e-07	4.07258e-07	4.955558e-08	8.592973e-09	6.339938e-09	6.096401e-09	4.970895e-09	1.638028e-10	1.003334e-10	4.614573e-11	2.221824e-11	1.215585e-12
106	0.2755558	0.04975889	0.02023464	0.01514861	0.0009080407	0.0001233448	0.0001071857	5.448557e-06	5.306243e-06	3.436204e-06	3.121251e-06	3.002691e-06	2.92889e-06	2.787061e-06	2.242075e-06	2.068529e-06	1.803418e-06	1.720802e-06	3.760051e-07	2.665811e-07	1.224373e-07	2.314829e-08	4.55675e-09	3.236513e-09	3.047196e-09	2.709281e-09	6.639631e-11	3.28338e-11	1.329966e-11	6.573694e-12
107	0.1654585	0.03262509	0.02452192	0.0120956	0.008643058	0.000474613	6.55289e-05	5.811496e-05	1.982129e-06	1.884347e-06	9.86497e-07	8.26848e-07	7.5453e-07	7.024794e-07	5.970313e-07	4.954829e-07	3.852015e-07	3.252876e-07	2.770327e-07	9.490757e-08	6.239086e-08	3.108993e-08	1.063533e-08	2.109827e-09	1.651319e-09	1.552166e-09	1.388786e-09	1.777703e-11	8.710502e-12	3.005051e-12
108	0.09734192	0.08422016	0.0220298	0.01505906	0.005381425	0.003605009	0.0001195637	5.010237e-05	4.819647e-05	1.069938e-06	9.970358e-07	6.355933e-07	5.557991e-07	4.949469e-07	4.406075e-07	3.828378e-07	2.891278e-07	1.777115e-07	1.173556e-07	9.09535e-08	4.37532e-08	2.216422e-08	1.146768e-08	5.76002e-09	3.947865e-10	7.75524e-11	5.10055e-11	4.257717e-11	9.034339e-12	4.924574e-12
109	0.7048426	0.09681549	0.08427247	0.02160977	0.01460885	0.005025074	0.00322913	9.162997e-05	4.983071e-05	4.819188e-05	1.060372e-06	9.867396e-07	6.354427e-07	5.581696e-07	4.968566e-07	4.419473e-07	3.835984e-07	2.898901e-07	1.770288e-07	1.160261e-07	8.940405e-08	4.258147e-08	2.106657e-08	1.096436e-08	5.721205e-09	3.754566e-10	6.09367e-11	4.131042e-11	3.39531e-11	9.049478e-12
110	0.9990998	0.7058692	0.09748544	0.08483084	0.02153209	0.0144574	0.004859594	0.003039506	7.631821e-05	5.00102e-05	4.851471e-05	1.065201e-06	9.907097e-07	6.416599e-07	5.649988e-07	5.029927e-07	4.473603e-07	3.882312e-07	2.932291e-07	1.785795e-07	1.165871e-07	8.957462e-08	4.226336e-08	2.060962e-08	1.077994e-08	5.765764e-09	3.786258e-10	6.160009e-11	4.178827e-11	3.436598e-11
111	0.9773272	0.9761785	0.6953774	0.09652512	0.08401767	0.02119248	0.01416957	0.004568825	0.002722097	7.601723e-05	5.05661e-05	4.911311e-05	1.065922e-06	9.906347e-07	6.459511e-07	5.691774e-07	5.066093e-07	4.502527e-07	3.904149e-07	2.941716e-07	1.776342e-07	1.145819e-07	8.71514e-08	3.912828e-08	1.758446e-08	9.489195e-09	5.6919e-09	3.633811e-10	4.115927e-11	2.95221e-11
112	0.6466608	0.6390273	0.6454899	0.5183357	0.06159724	0.06045719	0.005284954	0.004355672	0.001815283	0.001609276	6.152244e-05	4.735409e-05	4.702754e-05	4.340882e-07	4.125624e-07	1.53681e-07	1.36074e-07	1.280585e-07	1.227014e-07	1.159809e-07	7.405363e-08	6.331685e-08	4.264906e-08	3.65519e-08	1.15167e-08	7.021701e-09	4.004924e-09	1.717269e-09	1.391939e-10	2.500153e-11
113	0.3702918	0.3613935	0.3651575	0.3689638	0.2851789	0.004928933	0.003809472	0.002786419	0.002141747	0.0007414486	0.0005949965	5.572772e-05	4.734e-05	4.723455e-05	3.834045e-07	3.638488e-07	1.195126e-07	1.061987e-07	1.010659e-07	9.790622e-08	9.339852e-08	5.356756e-08	4.67241e-08	2.77254e-08	2.23723e-08	5.940745e-09	2.847432e-09	1.67557e-09	9.754424e-10	1.151897e-10
114	0.3042895	0.04275037	0.03241177	0.03196477	0.03146982	0.01555868	0.004031466	0.002929705	0.002020499	0.001496137	0.0004603475	0.0003277525	7.172936e-06	1.362825e-06	1.052709e-06	3.18935e-07	2.985051e-07	6.959801e-08	5.889259e-08	5.341167e-08	4.957943e-08	4.52775e-08	4.115639e-08	3.404748e-08	1.490068e-08	1.069082e-08	3.946088e-09	1.929591e-09	1.200724e-09	7.823358e-10
115	0.314735	0.2876991	0.03987713	0.02975709	0.02927597	0.02874892	0.01443876	0.003533422	0.002499264	0.001618933	0.001096824	0.0002735297	0.0001411797	5.852505e-06	1.239879e-06	1.007144e-06	2.990425e-07	2.983018e-07	6.883817e-08	5.858729e-08	5.346941e-08	4.972854e-08	4.550558e-08	4.145158e-08	3.427873e-08	1.481546e-08	1.05715e-08	3.852514e-09	1.834459e-09	1.106255e-09
116	0.9988461	0.3131366	0.2861101	0.03938686	0.02924482	0.02875061	0.02821089	0.01420208	0.003395163	0.002345072	0.001457333	0.000930756	0.0001930748	5.869816e-05	5.367163e-06	1.235495e-06	1.011201e-06	3.023015e-07	3.016217e-07	6.949069e-08	5.928622e-08	5.418343e-08	5.044516e-08	4.619344e-08	4.211993e-08	3.483044e-08	1.501748e-08	1.070039e-08	3.877471e-09	1.82175e-09
117	0.7874143	0.7835783	0.3068602	0.2806955	0.03838688	0.02831182	0.02779854	0.02724107	0.01385006	0.003286354	0.00222042	0.001328933	0.0008403257	0.0001682915	3.24954e-05	4.423677e-06	1.018209e-06	8.036759e-07	9.399671e-08	8.992429e-08	7.006037e-08	6.002088e-08	5.490788e-08	5.113368e-08	4.686773e-08	4.275957e-08	3.534872e-08	1.517189e-08	1.077937e-08	3.866662e-09
118	0.2109492	0.2008286	0.1903592	0.08252983	0.06459202	0.0269355	0.01749422	0.01682687	0.01612341	0.009819571	0.00308733	0.002016777	0.001247231	0.000752456	0.0001585366	2.239495e-05	2.875724e-06	7.600255e-07	5.963484e-07	7.951116e-08	7.532511e-08	6.043575e-08	5.41198e-08	4.97953e-08	4.587114e-08	4.154643e-08	3.73422e-08	2.97242e-08	9.373879e-09	5.011789e-09
119	0.3255695	0.1338046	0.1226854	0.1111891	0.05465308	0.03872176	0.02053119	0.01153676	0.01077932	0.009988401	0.006010521	0.002572401	0.001649767	0.00112287	0.0006367004	0.000139824	7.107362e-06	7.225301e-07	2.526461e-07	1.728483e-07	4.998584e-08	4.568426e-08	3.94174e-08	3.472223e-08	3.027116e-08	2.606883e-08	2.165189e-08	1.71039e-08	9.065262e-09	5.814624e-09
120	0.5691216	0.2719086	0.08385508	0.07622054	0.0683479	0.03461389	0.02538641	0.01470719	0.008619501	0.008116338	0.00758844	0.004359689	0.001655426	0.001026581	0.0006943365	0.0003893226	8.719551e-05	3.880667e-06	3.042976e-07	1.585569e-07	1.087722e-07	3.162568e-08	2.892785e-08	2.516892e-08	2.207402e-08	1.899147e-08	1.610247e-08	1.305338e-08	9.916017e-09	6.629952e-09
121	0.9782188	0.5708965	0.2745711	0.08413808	0.07640868	0.06843901	0.03443815	0.02514625	0.01464282	0.008485484	0.007973397	0.007436706	0.004307152	0.001675627	0.001037849	0.0007035842	0.0003940948	8.843925e-05	3.857115e-06	2.906408e-07	1.565898e-07	1.066248e-07	3.181947e-08	2.908315e-08	2.553859e-08	2.242263e-08	1.929845e-08	1.63614e-08	1.326147e-08	1.007046e-08
122	0.3809811	0.384124	0.3530359	0.1877455	0.007934549	0.007954659	0.007954525	0.003198475	0.002967464	0.002413672	0.002299309	0.002326471	0.002350004	0.0008021815	3.482379e-05	2.742225e-05	1.685972e-05	1.10608e-05	2.322103e-06	3.691268e-07	6.783067e-08	2.778244e-08	1.60912e-08	1.524939e-09	1.459589e-09	1.165426e-09	1.041279e-09	9.813727e-10	9.688138e-10	9.302987e-10
123	0.1102006	0.1071636	0.1083437	0.09293861	0.004298864	0.003879489	0.003929124	0.003964533	0.001579324	0.001530963	0.001273299	0.001233276	0.00125098	0.001265984	0.0004257023	6.386293e-06	5.423841e-06	2.474093e-06	2.397252e-06	2.362175e-07	1.414524e-07	3.433052e-08	9.542971e-09	7.640239e-09	6.145119e-10	6.046232e-10	4.905253e-10	4.327108e-10	4.075782e-10	4.144619e-10
124	0.2635777	0.02961478	0.02685714	0.02702945	0.01872747	0.00326125	0.003203773	0.003247316	0.00328178	0.001104432	0.001072586	0.0008986447	0.0008762301	0.0008891294	0.0009002942	0.0002670837	2.672214e-06	2.04643e-06	1.313885e-06	1.323293e-06	1.341944e-07	9.924837e-08	1.765751e-08	3.53333e-09	2.375106e-09	4.650982e-10	4.594971e-10	4.153795e-10	3.708077e-10	3.573385e-10
125	0.2083295	0.1859256	0.01104997	0.01055398	0.01052304	0.007920651	0.0023166	0.002321953	0.002354174	0.002384755	0.0006243256	0.0005952297	0.0004532418	0.0004535484	0.0004603788	0.0004669046	0.0001193577	6.952679e-07	3.685166e-07	1.531982e-07	1.490076e-07	8.659869e-08	7.254428e-08	3.320454e-09	2.510544e-09	1.803675e-09	3.507617e-10	3.516427e-10	3.213592e-10	2.889971e-10
126	0.03099921	0.006344337	0.0056388	0.005384224	0.005175979	0.005241269	0.004344071	0.0007044731	0.000698585	0.000708413	0.0007170422	0.0003386082	0.0003405602	0.0003199337	0.0003192876	0.0003241757	0.0003289182	7.320551e-05	3.846472e-07	1.831191e-07	4.811582e-08	4.559877e-08	2.465251e-08	1.591706e-08	1.793309e-09	1.521825e-09	1.084971e-09	1.890041e-10	1.892131e-10	1.721728e-10
127	0.09949574	0.01451824	0.002642777	0.002349337	0.002293701	0.002175424	0.002203697	0.001943373	0.0002205489	0.000217789	0.000220896	0.0002236066	0.0001723781	0.0001747677	0.00017511	0.0001777342	0.0001805036	0.0001832657	2.471819e-05	1.261561e-07	5.977782e-08	1.490859e-08	1.424339e-08	7.702965e-09	4.91003e-09	5.630701e-10	4.84249e-10	3.448055e-10	5.874237e-11	5.880123e-11
128	0.6837291	0.07304945	0.009525375	0.0002589916	4.451666e-05	3.28026e-05	3.095098e-05	3.134533e-05	2.907875e-05	6.733955e-06	6.58897e-06	6.68333e-06	6.752035e-06	2.631592e-06	2.659373e-06	2.622291e-06	2.661508e-06	2.703588e-06	2.745843e-06	2.271336e-06	7.286739e-09	3.531022e-09	2.987933e-10	2.49117e-10	1.129686e-10	7.536472e-11	5.368636e-12	4.060112e-12	2.801442e-12	4.492191e-13
129	0.09168997	0.05419391	0.01997655	0.003288114	0.0001802582	2.033498e-05	1.191802e-05	1.188176e-05	1.202231e-05	1.07829e-05	4.457675e-06	4.4724e-06	4.537447e-06	4.577632e-06	5.229522e-07	5.203306e-07	4.589249e-07	4.649326e-07	4.723255e-07	4.791763e-07	1.670513e-07	6.804185e-09	3.282965e-09	1.968176e-10	1.638039e-10	7.205535e-11	5.003847e-11	3.012066e-12	2.037462e-12	1.320188e-12
130	0.1834373	0.0650235	0.05335223	0.01999503	0.003297258	0.0001774787	1.587003e-05	7.568326e-06	7.559688e-06	7.664811e-06	6.894815e-06	4.150722e-06	4.17886e-06	4.241077e-06	4.3032e-06	2.50927e-07	2.444658e-07	1.854486e-07	1.87327e-07	1.903562e-07	1.93073e-07	7.39231e-08	3.291934e-09	3.168468e-09	1.584493e-10	1.271209e-10	4.918998e-11	3.872963e-11	1.888366e-12	1.114211e-12
131	0.6954003	0.1623192	0.05831714	0.04962139	0.01993385	0.003243472	0.0001777239	1.493167e-05	6.579801e-06	6.568937e-06	6.661666e-06	5.984092e-06	4.112726e-06	4.146818e-06	4.209503e-06	4.272585e-06	1.851548e-07	1.776371e-07	1.176096e-07	1.184482e-07	1.203885e-07	1.220744e-07	4.962007e-08	4.756661e-10	3.63898e-10	1.52462e-10	1.212898e-10	4.431604e-11	3.664696e-11	1.659709e-12
132	0.7899471	0.6894209	0.1612609	0.05639542	0.05026401	0.02019588	0.003284713	0.000179085	1.41024e-05	5.637164e-06	5.617063e-06	5.697588e-06	5.108559e-06	4.090307e-06	4.128855e-06	4.19223e-06	4.25666e-06	1.222206e-07	1.136241e-07	5.213643e-08	5.193459e-08	5.279105e-08	5.348387e-08	2.099255e-08	3.911117e-10	3.389914e-10	1.416016e-10	1.163123e-10	3.917616e-11	3.403934e-11
133	0.7864455	0.7821166	0.6810532	0.1588356	0.05498208	0.05052701	0.02007313	0.00307253	2.870157e-05	1.114843e-05	4.777026e-06	4.791901e-06	4.861669e-06	4.460185e-06	3.986488e-06	4.027112e-06	4.089895e-06	4.154478e-06	5.437683e-08	4.554955e-08	1.145419e-08	1.073286e-08	1.090645e-08	1.104778e-08	4.223425e-09	2.251457e-10	2.053451e-10	1.263271e-10	1.017308e-10	3.39308e-11
134	0.7867328	0.7813269	0.7769261	0.6749649	0.152489	0.05364148	0.05103477	0.02017936	0.003052368	2.265494e-05	6.653712e-06	4.551578e-07	4.264893e-07	4.325659e-07	3.893292e-07	3.344568e-07	3.371466e-07	3.423688e-07	3.477408e-07	5.399154e-09	4.328366e-09	7.671719e-10	6.63996e-10	6.670543e-10	6.692126e-10	3.855359e-10	7.255601e-11	6.188572e-11	3.523943e-11	1.924398e-11
135	0.5128808	0.303589	0.2922052	0.281407	0.1717282	0.1544236	0.05429605	0.05172406	0.02045257	0.003091878	2.276045e-05	6.607026e-06	3.271474e-07	2.967848e-07	3.009984e-07	2.63052e-07	2.152343e-07	2.166726e-07	2.200362e-07	2.234925e-07	4.12387e-09	3.301829e-09	6.79015e-10	5.808048e-10	5.824596e-10	5.834579e-10	3.491204e-10	6.418877e-11	5.331086e-11	2.756223e-11
136	0.2854827	0.2744314	0.2029221	0.1916447	0.1794111	0.08472184	0.0662268	0.0392799	0.0365049	0.004579888	0.001591614	2.192764e-05	6.354712e-06	2.237159e-07	2.001726e-07	2.029767e-07	1.703239e-07	1.303799e-07	1.312033e-07	1.332216e-07	1.352899e-07	2.994227e-09	2.388318e-09	6.095799e-10	5.202233e-10	5.208258e-10	5.209446e-10	3.234574e-10	6.100118e-11	5.03132e-11
137	0.74866	0.1822024	0.1706543	0.1131535	0.1009734	0.08767597	0.0636515	0.05099964	0.03920289	0.03651961	0.004439791	0.001476966	2.061728e-05	6.296249e-06	9.700613e-08	7.267794e-08	7.355542e-08	6.741978e-08	4.089572e-08	4.113087e-08	4.168671e-08	4.224288e-08	1.246105e-09	8.369002e-10	2.395164e-10	1.540501e-10	1.480932e-10	1.416299e-10	1.070291e-10	3.990297e-11
138	0.2043489	0.1589243	0.1473457	0.1365976	0.08449743	0.07259552	0.05896359	0.03447869	0.02222654	0.01006559	0.007229267	0.004464909	0.001478245	2.044471e-05	6.217914e-06	5.370907e-08	3.092426e-08	3.118404e-08	2.750904e-08	2.666707e-09	2.497161e-09	2.416076e-09	2.308063e-09	1.017443e-09	6.3948e-10	1.869434e-10	1.013267e-10	9.432344e-11	8.681179e-11	6.231101e-11
139	0.2822026	0.1819328	0.1569563	0.1458667	0.134961	0.0853771	0.07333766	0.05953233	0.03481511	0.02240964	0.01010431	0.007237472	0.004432774	0.001491271	1.507381e-05	6.816275e-07	5.116547e-08	2.815005e-08	2.837056e-08	2.506065e-08	1.686341e-09	1.502808e-09	1.403282e-09	1.275673e-09	6.854293e-10	3.386583e-10	1.870476e-10	1.005067e-10	9.335346e-11	8.567857e-11
140	0.364556	0.2652647	0.1723111	0.1511406	0.1398998	0.1287704	0.08594934	0.07377106	0.05978132	0.03522281	0.02266198	0.01020267	0.007317574	0.004472373	0.001513193	1.528669e-05	6.794379e-07	4.040308e-08	2.333647e-08	2.348321e-08	2.076337e-08	1.611976e-09	1.435434e-09	1.333124e-09	1.202088e-09	6.862151e-10	3.368521e-10	1.854189e-10	9.774463e-11	9.039751e-11
141	0.4690473	0.3462531	0.2535178	0.1607509	0.1396414	0.1281303	0.1168134	0.08525665	0.07292606	0.06054956	0.03565507	0.02292099	0.01028503	0.00739342	0.004506493	0.001535981	1.551388e-05	6.820892e-07	3.34087e-08	1.596251e-08	1.602816e-08	1.369113e-08	1.538978e-09	1.374968e-09	1.270783e-09	1.163426e-09	6.869779e-10	3.392153e-10	1.861737e-10	9.689389e-11
142	0.351928	0.338144	0.3114048	0.242782	0.1503772	0.1292296	0.11744	0.1058232	0.08626155	0.07380107	0.06126251	0.03608017	0.02316902	0.01036801	0.007471357	0.004541507	0.001538729	1.55935e-05	6.825987e-07	2.583408e-08	8.016377e-09	7.951067e-09	5.995923e-09	1.32592e-09	1.173168e-09	1.06371e-09	9.507029e-10	5.135057e-10	3.367644e-10	1.86577e-10
143	0.3781587	0.3477152	0.3345791	0.3091784	0.2402444	0.1477739	0.1265208	0.1145383	0.1027232	0.08737188	0.07476356	0.06206098	0.03657939	0.02348775	0.01050718	0.00758234	0.004609075	0.001562486	1.574464e-05	6.873865e-07	2.329835e-08	5.185927e-09	5.071975e-09	3.247489e-09	1.274065e-09	1.124564e-09	1.012379e-09	8.963934e-10	4.709632e-10	3.374278e-10
144	0.7330369	0.3568854	0.3290134	0.3157468	0.2913733	0.2242475	0.1452659	0.1267062	0.1146332	0.1026989	0.08817873	0.07546896	0.06265721	0.03694117	0.02373488	0.01063187	0.007684986	0.004672255	0.001584365	1.594616e-05	6.839876e-07	2.201438e-08	4.357018e-09	4.235691e-09	2.679362e-09	1.249747e-09	1.104997e-09	9.932978e-10	8.753885e-10	4.523945e-10
145	0.1532647	0.1221277	0.06811429	0.06190458	0.06124957	0.05807603	0.03851918	0.02129802	0.01684295	0.01532602	0.01413755	0.01206678	0.009773703	0.007434141	0.004992308	0.0026656	0.00112021	0.0006668036	0.0002129856	7.49647e-05	8.174611e-07	4.922851e-08	2.00112e-09	9.998003e-10	1.005464e-09	4.402621e-10	1.555568e-10	1.458516e-10	1.419945e-10	1.37982e-10
146	0.08239658	0.0522613	0.03887881	0.008999945	0.007731918	0.00780476	0.007236101	0.007079371	0.002989016	0.001097512	0.001013041	0.0009858016	0.000683294	0.0006046919	0.0005207255	0.0004128066	0.0001485086	4.461915e-05	1.379977e-05	5.011339e-06	4.481668e-06	4.755444e-08	1.267616e-09	5.575816e-10	5.476086e-10	5.570162e-10	1.774945e-10	4.841286e-11	4.85653e-11	4.945273e-11
147	0.2013932	0.05295252	0.03718645	0.02770059	0.005158302	0.004066474	0.004097964	0.003480711	0.003387049	0.001712215	0.0002862687	0.0002706873	0.0002710478	0.0002117125	0.0002072418	0.0002055643	0.000203588	2.240045e-05	1.44527e-05	1.259661e-05	4.633919e-06	4.401665e-06	4.641279e-08	9.805335e-10	4.430858e-10	4.384904e-10	4.463826e-10	1.081388e-10	4.729759e-11	4.765076e-11
148	0.05402924	0.04240522	0.02627961	0.01860042	0.01389166	0.00247955	0.002299332	0.002324576	0.002345444	0.002323121	0.001482785	0.0002076215	0.0002061942	0.0002089393	0.0001835041	0.0001855787	0.0001879656	0.0001903066	1.157291e-05	8.413017e-06	8.220589e-06	2.964441e-07	2.043983e-07	1.974416e-09	2.570139e-10	2.270158e-10	2.254357e-10	2.295998e-10	5.524203e-11	9.970116e-12
149	0.1471295	0.04043862	0.03318639	0.01883581	0.01308765	0.009720443	0.00192249	0.001792703	0.001813447	0.001831632	0.001813291	0.001054574	4.086211e-05	3.818849e-05	3.858561e-05	1.538056e-05	1.506546e-05	1.494578e-05	1.470155e-05	1.122054e-05	8.387679e-06	8.264281e-06	2.408134e-07	1.872816e-07	1.709798e-09	1.85038e-10	1.572981e-10	1.546579e-10	1.575457e-10	4.344097e-11
150	0.8016025	0.1317276	0.03050791	0.02508177	0.0130394	0.009213348	0.006879311	0.001355959	0.001269679	0.001284437	0.001295866	0.001280868	0.000645165	3.227873e-05	3.049713e-05	3.081667e-05	1.167663e-05	1.139911e-05	1.126845e-05	1.109907e-05	8.877601e-06	8.440705e-06	8.370173e-06	2.127783e-07	1.863233e-07	1.562234e-09	1.390331e-10	1.12832e-10	1.099544e-10	1.120277e-10
151	0.1680904	0.02439308	0.02168153	0.01288246	0.01167073	0.006620644	0.004438433	0.003213614	0.0004730515	0.0004187228	0.0004231436	0.0004235587	0.0004258858	5.183677e-05	1.045519e-05	1.010861e-05	1.025088e-05	8.735555e-07	7.82232e-07	7.672804e-07	7.413254e-07	4.075161e-07	2.639287e-07	2.11641e-07	2.146898e-07	1.889724e-07	1.502257e-09	7.104774e-11	5.526493e-11	5.526339e-11
152	0.1718116	0.1554585	0.01129813	0.009638146	0.0059238	0.005197595	0.002958242	0.001831354	0.00126644	9.463689e-05	6.499741e-05	6.503545e-05	6.056636e-05	5.914348e-05	1.052503e-05	2.730501e-06	2.36349e-06	2.386852e-06	4.023593e-07	3.61191e-07	3.414289e-07	3.181437e-07	1.056035e-07	3.209467e-08	1.747597e-09	1.258431e-09	1.006748e-09	4.010118e-10	3.213211e-11	2.377567e-11
153	0.3008396	0.1699463	0.1562466	0.01037036	0.008794426	0.005456265	0.004763481	0.002691343	0.00163335	0.001115738	6.250613e-05	3.436643e-05	3.402756e-05	2.923479e-05	2.741588e-05	7.227339e-06	2.089841e-06	1.716067e-06	1.72986e-06	3.800852e-07	3.436866e-07	3.242132e-07	3.020067e-07	9.703525e-08	2.959074e-08	1.09747e-09	6.150326e-10	4.872475e-10	1.476817e-10	2.828748e-11
154	0.8333421	0.2475893	0.1659432	0.1554839	0.00823024	0.00793247	0.005020432	0.004371855	0.002482133	0.00147797	0.0009989333	5.123423e-05	2.436763e-05	2.399818e-05	1.903372e-05	1.715066e-05	5.340224e-06	1.584802e-06	1.220808e-06	1.236417e-06	2.642136e-07	2.472789e-07	2.465149e-07	2.451564e-07	6.38663e-08	2.218357e-08	7.461272e-10	4.890918e-10	4.31033e-10	1.352522e-10
155	0.4154695	0.3081241	0.2268272	0.1609345	0.1537672	0.006881356	0.006625515	0.004108394	0.003487834	0.001779763	0.0009105197	0.0005659497	4.63811e-05	2.276817e-05	2.25419e-05	1.752942e-05	1.567736e-05	4.848412e-06	1.169335e-06	7.994505e-07	8.086332e-07	2.261016e-07	2.104878e-07	2.100157e-07	2.089566e-07	3.364418e-08	2.051676e-08	6.22403e-10	3.851568e-10	3.315028e-10
156	0.9286189	0.3974358	0.290059	0.2109743	0.1621023	0.1549336	0.006128125	0.005863789	0.003556206	0.002964051	0.001373995	0.0006729904	0.0004061378	3.791146e-05	1.845672e-05	1.846473e-05	1.332645e-05	1.219792e-05	3.738138e-06	7.618538e-07	4.468283e-07	4.505674e-07	1.139231e-07	1.054362e-07	1.037533e-07	1.015194e-07	2.302003e-08	1.625348e-08	5.860515e-10	3.831894e-10
157	0.8315003	0.7738712	0.2407073	0.1331819	0.05159317	0.02206356	0.01303809	0.005201559	0.004941015	0.002852171	0.002429131	0.0009812075	0.0004903824	0.0002991614	3.042322e-05	1.6233e-05	1.627867e-05	1.106457e-05	1.024856e-05	2.554829e-06	5.801834e-07	2.66643e-07	2.681826e-07	7.878449e-08	7.550759e-08	7.503907e-08	7.420732e-08	1.504391e-08	1.0482e-08	5.039048e-10
158	0.8438766	0.8276146	0.7693155	0.2335717	0.1245973	0.04187469	0.021353	0.01225941	0.004351057	0.004175371	0.002289956	0.001903014	0.0005961767	0.0003133011	0.0001967236	2.488589e-05	1.592583e-05	1.603135e-05	1.073877e-05	9.983426e-06	2.468883e-06	5.468965e-07	2.328279e-07	2.33818e-07	5.868568e-08	5.535929e-08	5.453811e-08	5.334123e-08	9.707112e-09	5.451227e-09
159	0.8343382	0.8272708	0.8249496	0.7662127	0.2271282	0.1169109	0.03310246	0.01948816	0.01035987	0.002382864	0.002178663	0.001200832	0.0008443409	0.0001801939	0.0001034083	6.887031e-05	1.560787e-05	1.2077e-05	1.218817e-05	6.757492e-06	6.174055e-06	8.218348e-07	3.841542e-07	8.205885e-08	8.044501e-08	2.006347e-08	1.745373e-08	1.600628e-08	1.423949e-08	4.002818e-09
160	0.9687346	0.8413804	0.836184	0.834272	0.7750374	0.2294377	0.1178248	0.03290059	0.01921529	0.01007111	0.00199135	0.001781565	0.001023997	0.0006626409	0.0001440594	8.174362e-05	5.460718e-05	1.455859e-05	1.143536e-05	1.15434e-05	6.01267e-06	5.464731e-06	7.370857e-07	3.693661e-07	6.647144e-08	6.455991e-08	1.33875e-08	1.071335e-08	9.126488e-09	7.246135e-09
161	0.9975052	0.96831	0.8503045	0.8456007	0.8441202	0.7844385	0.2320171	0.118985	0.03290078	0.01911187	0.009839572	0.001640139	0.001422731	0.0008614328	0.0004947423	0.0001183769	6.851995e-05	4.681897e-05	1.374748e-05	1.098429e-05	1.112033e-05	5.48923e-06	4.924996e-06	6.70868e-07	3.707301e-07	6.256633e-08	6.056586e-08	1.313425e-08	1.053241e-08	8.936702e-09
162	0.2993573	0.2923947	0.2652702	0.2166626	0.2080912	0.2002689	0.1324573	0.1233632	0.1179537	0.03089189	0.01746852	0.008105278	0.0008402522	0.0006601914	0.000331265	0.000317243	8.965501e-05	5.269973e-05	3.650576e-05	1.052661e-05	9.634444e-06	9.777179e-06	4.029344e-06	4.078922e-06	3.328621e-07	5.687158e-08	5.553177e-08	5.365721e-08	1.040987e-08	8.684647e-09
163	0.8572693	0.2298151	0.2219186	0.1949267	0.1562932	0.1469822	0.1385373	0.1335846	0.1246107	0.1191535	0.03087153	0.01734169	0.007844366	0.0004678666	0.0002806397	0.0001574247	0.000142898	6.378422e-05	3.944723e-05	2.873611e-05	9.726884e-06	9.225357e-06	9.366486e-06	3.511165e-06	3.5533e-06	3.071096e-07	5.12643e-08	4.98818e-08	5.003268e-08	1.032002e-08
164	0.132054	0.1194838	0.1054065	0.09599988	0.08526124	0.07312264	0.06286287	0.0533324	0.04724368	0.04070462	0.03476644	0.02722164	0.01732551	0.007722056	0.0002501101	6.073908e-05	4.073004e-05	3.459172e-05	2.637927e-05	1.50097e-05	1.010039e-05	1.124036e-06	8.454842e-07	8.483444e-07	7.80843e-07	7.79324e-07	1.664974e-07	4.051453e-08	3.936283e-08	3.944523e-08
165	0.05083936	0.04006459	0.03527188	0.02957015	0.02549927	0.02111936	0.01634346	0.01211501	0.0075833	0.004861945	0.002728287	0.0005634147	0.0004116889	9.948221e-05	4.892657e-05	2.385379e-05	1.246854e-05	6.535278e-06	5.012809e-06	3.496997e-06	2.062454e-06	1.502711e-06	5.328469e-07	5.015797e-07	5.062009e-07	5.126452e-07	5.158893e-07	1.112253e-07	2.722238e-08	2.638059e-08
166	0.1807006	0.05009381	0.03976812	0.0349866	0.02931077	0.02523648	0.02090656	0.01623219	0.01199766	0.007514471	0.00477197	0.002640628	0.0004615633	0.0003295571	6.052065e-05	3.182534e-05	2.129797e-05	1.01651e-05	4.823921e-06	3.433433e-06	2.333001e-06	1.53505e-06	1.19543e-06	5.070022e-07	4.92612e-07	4.993168e-07	5.062391e-07	5.097378e-07	1.096347e-07	2.706455e-08
167	0.8897917	0.1492514	0.04824953	0.03844509	0.03373284	0.02867331	0.02465269	0.02042592	0.01590253	0.01172115	0.007430042	0.004684361	0.002580261	0.0003877428	0.0002782367	4.248135e-05	2.712329e-05	1.918915e-05	8.072746e-06	3.288656e-06	2.044118e-06	1.299308e-06	1.058865e-06	9.037734e-07	4.685919e-07	4.694148e-07	4.764078e-07	4.833204e-07	4.869499e-07	1.036427e-07
168	0.2173063	0.2018789	0.1292986	0.04493055	0.03581481	0.03148196	0.02681521	0.02312005	0.01923984	0.01509086	0.01123479	0.007275957	0.004546726	0.002471012	0.00028583	0.0002476717	3.525925e-05	2.360953e-05	1.629233e-05	6.782048e-06	2.630802e-06	1.461462e-06	8.732477e-07	7.236268e-07	6.212754e-07	3.319769e-07	3.333455e-07	3.387375e-07	3.441513e-07	3.470922e-07
169	0.1259994	0.1146728	0.1108801	0.0695555	0.006807346	0.005391258	0.004718103	0.003886005	0.003382685	0.002837645	0.002158014	0.001631999	0.001095602	0.0007155823	0.0003067616	0.0002408607	0.0002351995	3.160758e-05	2.169543e-05	1.463056e-05	5.054763e-06	1.969692e-06	8.695412e-07	4.625478e-07	3.909122e-07	3.381283e-07	1.844823e-07	1.856506e-07	1.890662e-07	1.926229e-07
170	0.08306047	0.02776745	0.02742415	0.02531233	0.008022486	0.001212999	0.0007496659	0.0006653496	0.0005314022	0.0004726189	0.0004068352	0.0002583257	0.0001990366	0.0001396039	9.825244e-05	5.304749e-05	4.241569e-05	3.57623e-05	2.774903e-05	1.863249e-05	1.214887e-05	3.427511e-06	1.045197e-06	2.82557e-07	1.155644e-07	9.857797e-08	8.633522e-08	5.047144e-08	5.079751e-08	5.172633e-08
171	0.09615109	0.05683074	0.01767635	0.01740817	0.01528788	0.003558815	0.0008662574	0.0005826666	0.0005200519	0.0004167765	0.0003704404	0.0003228423	0.0002042729	0.0001585519	0.0001126335	8.068831e-05	4.619974e-05	3.807698e-05	3.178615e-05	2.432633e-05	1.640769e-05	1.024272e-05	2.080724e-06	7.57756e-07	1.011234e-07	2.501171e-09	1.647409e-09	1.464374e-09	1.126583e-09	1.106829e-09
172	0.1795816	0.09228256	0.05379052	0.015482	0.01520854	0.01417194	0.003444496	0.0008253571	0.0005434812	0.0004829973	0.000382753	0.0003380797	0.0002926763	0.0001959044	0.0001520066	0.000107797	7.702882e-05	4.383675e-05	3.602269e-05	2.99763e-05	2.284689e-05	1.522716e-05	9.310283e-06	1.597059e-06	3.970209e-07	9.777319e-08	1.631949e-09	8.104673e-10	6.48332e-10	4.017635e-10
173	0.4590454	0.04433895	0.01184257	0.007837074	0.006290016	0.006131323	0.005602103	0.001572407	0.0001777078	0.0001376346	0.000123431	0.0001085894	9.688293e-05	8.572451e-05	6.677607e-05	5.798549e-05	4.943976e-05	4.394437e-05	3.761622e-05	3.426569e-05	2.859653e-05	2.185881e-05	1.451027e-05	8.787522e-06	1.349024e-06	1.747403e-07	1.382173e-08	7.673133e-10	5.407907e-10	4.693085e-10
174	0.2131216	0.2011039	0.01887193	0.003704429	0.002766999	0.00254685	0.002562517	0.002043211	0.0003592153	4.636232e-05	3.295367e-05	3.030948e-05	2.751361e-05	2.534051e-05	2.339735e-05	2.130958e-05	1.952513e-05	1.776308e-05	1.665262e-05	1.525431e-05	1.391692e-05	1.126922e-05	8.105012e-06	4.64667e-06	1.94432e-06	3.532764e-08	4.746628e-09	9.137735e-10	3.758981e-10	2.577408e-10
175	0.1751136	0.1560381	0.1555656	0.0144014	0.002176659	0.001852076	0.001752357	0.001765434	0.001239533	0.0002201103	2.486291e-05	1.977395e-05	1.819045e-05	1.654138e-05	1.524247e-05	1.395747e-05	1.264657e-05	1.138929e-05	1.014266e-05	9.307076e-06	8.284092e-06	7.430772e-06	5.79565e-06	3.843804e-06	1.71195e-06	4.217124e-08	2.297023e-09	1.083649e-09	7.476588e-10	3.012926e-10
176	0.1209028	0.119523	0.1178792	0.1180904	0.009350327	0.000302662	0.0001407402	8.070056e-05	7.90269e-05	7.823394e-05	7.20776e-05	6.893107e-06	5.281436e-06	4.63902e-06	3.981106e-06	3.431815e-06	2.846386e-06	2.208187e-06	1.629315e-06	1.032439e-06	6.129134e-07	1.639451e-07	7.677157e-08	5.766656e-08	3.58608e-08	1.6695e-08	2.183943e-09	1.309664e-09	7.82591e-10	6.605533e-10
177	0.1329121	0.1088362	0.1075259	0.1060051	0.1061104	0.008790331	0.0002962999	0.0001384193	7.819215e-05	7.652051e-05	7.570962e-05	7.048557e-05	6.876086e-06	5.297438e-06	4.651904e-06	3.99284e-06	3.440153e-06	2.851445e-06	2.209939e-06	1.626355e-06	1.024438e-06	6.004249e-07	1.469563e-07	6.061596e-08	4.506422e-08	2.736909e-08	1.271224e-08	1.721924e-09	1.287254e-09	7.630529e-10
178	0.7085397	0.1129984	0.09638191	0.0950603	0.09358055	0.09353656	0.008111632	0.0002371194	8.044993e-05	1.948755e-05	1.703346e-05	1.54126e-05	1.186938e-05	6.796442e-06	5.244252e-06	4.600488e-06	3.945029e-06	3.393258e-06	2.805591e-06	2.164802e-06	1.58059e-06	9.775966e-07	5.504706e-07	9.479651e-08	1.307005e-08	8.298993e-09	3.016279e-09	1.844904e-09	1.416822e-09	1.264292e-09
179	0.9357119	0.6997412	0.1023887	0.08615694	0.08473362	0.08316528	0.08298155	0.007425694	0.0002360216	8.008055e-05	1.838588e-05	1.59032e-05	1.424526e-05	1.073704e-05	6.126147e-06	5.311312e-06	4.65941e-06	3.998204e-06	3.438932e-06	2.844071e-06	2.195741e-06	1.602689e-06	9.906203e-07	5.565825e-07	9.501132e-08	1.216133e-08	7.559593e-09	2.486242e-09	1.609869e-09	1.387712e-09
180	0.9978556	0.9346483	0.6957359	0.09386039	0.07766846	0.0761406	0.07447865	0.07420791	0.006984903	0.0002375659	8.060096e-05	1.808716e-05	1.55655e-05	1.38792e-05	1.05058e-05	6.205944e-06	5.388364e-06	4.730608e-06	4.060135e-06	3.49271e-06	2.889616e-06	2.23242e-06	1.630057e-06	1.007732e-06	5.662495e-07	9.669482e-08	1.234462e-08	7.659805e-09	2.508796e-09	1.616283e-09
181	0.6929622	0.6889118	0.6702112	0.6519263	0.08293609	0.0669082	0.06527529	0.06349756	0.06307318	0.006365255	0.0002280737	7.053694e-05	1.732483e-05	1.523836e-05	1.353919e-05	1.015434e-05	6.273627e-06	5.458213e-06	4.792577e-06	4.114066e-06	3.539532e-06	2.929244e-06	2.264047e-06	1.652848e-06	1.021023e-06	5.726186e-07	9.576021e-08	1.037882e-08	6.395349e-09	2.077668e-09
182	0.6547358	0.6469975	0.642491	0.6286348	0.6179702	0.07143657	0.05563956	0.05388789	0.05199712	0.05140926	0.005709604	0.0002088306	5.125706e-05	1.675983e-05	1.467939e-05	1.296292e-05	9.576976e-06	6.310668e-06	5.501212e-06	4.83101e-06	4.147946e-06	3.569038e-06	2.954603e-06	2.284589e-06	1.667537e-06	1.029292e-06	5.751335e-07	9.141433e-08	5.794761e-09	3.844407e-09
183	0.6581296	0.6423285	0.6364385	0.6322187	0.6191513	0.6092971	0.05986664	0.04536465	0.04360834	0.04169062	0.04096834	0.004826164	0.000203494	4.991976e-05	1.605869e-05	1.401864e-05	1.233115e-05	9.037033e-06	6.099501e-06	5.393152e-06	4.736136e-06	4.071781e-06	3.504069e-06	2.902217e-06	2.245223e-06	1.639055e-06	1.012427e-06	5.636243e-07	8.192391e-08	4.742716e-09
184	0.9968282	0.6520078	0.6359363	0.6298953	0.6255383	0.6122193	0.6021581	0.04970845	0.03524329	0.0333655	0.03159866	0.03072864	0.003945517	0.0001934788	4.978894e-05	1.590462e-05	1.383632e-05	1.212122e-05	8.865441e-06	6.17667e-06	5.469655e-06	4.803542e-06	4.12935e-06	3.552794e-06	2.942585e-06	2.28486e-06	1.668446e-06	1.030678e-06	5.736728e-07	8.304913e-08
185	0.09839504	0.09953737	0.03353196	0.03277218	0.03300647	0.03336457	0.02665587	0.02662721	0.01944327	0.01765989	0.01777352	0.01764949	0.01790143	0.001651568	2.427102e-05	9.885882e-06	7.337869e-07	7.228805e-07	6.865165e-07	5.649455e-07	6.650357e-08	4.573877e-08	4.214622e-08	3.820191e-08	3.568694e-08	2.812415e-08	1.302522e-08	9.888153e-09	6.761571e-09	4.560865e-09
186	0.09133971	0.08402306	0.08505727	0.01947915	0.01858175	0.01867983	0.01889409	0.01195092	0.01177679	0.007136933	0.006975269	0.006991961	0.006939684	0.007040157	0.0006585204	1.456554e-05	9.187045e-06	3.184339e-07	3.107288e-07	2.745147e-07	2.240955e-07	2.734686e-08	1.867343e-08	1.731753e-08	1.590265e-08	1.507045e-08	1.068986e-08	4.616377e-09	3.514274e-09	2.422984e-09
187	0.0787225	0.06758814	0.06488704	0.0657122	0.004020253	0.002954681	0.002862072	0.002876261	0.002738666	0.002727768	0.0004007845	0.0003681277	0.000358225	0.0003481977	0.0003523615	4.217881e-05	9.04363e-06	8.825021e-06	4.293109e-08	3.637638e-08	3.383693e-08	2.407521e-08	1.023245e-08	7.612131e-09	6.675482e-09	5.677842e-09	5.020891e-09	4.047743e-09	2.740819e-09	2.020767e-09
188	0.06354996	0.03742073	0.02715441	0.0240179	0.02431685	0.003135233	0.002418596	0.002333031	0.002340502	0.002318973	0.002310554	4.915654e-05	2.134053e-05	1.873564e-05	7.058879e-06	6.084897e-06	1.27137e-06	3.438356e-07	8.715907e-08	3.192397e-08	2.520396e-08	2.285093e-08	1.415333e-08	9.578401e-09	7.215883e-09	6.282151e-09	5.280472e-09	4.615162e-09	3.913847e-09	2.71613e-09
189	0.5396451	0.06199792	0.03769998	0.02731325	0.02413951	0.02444408	0.002977999	0.002419853	0.002361267	0.002369252	0.00234784	0.002339738	4.81409e-05	1.996063e-05	1.730513e-05	5.442715e-06	4.429555e-06	1.120237e-06	3.443423e-07	8.408634e-08	2.792036e-08	2.556078e-08	2.317519e-08	1.434e-08	9.737461e-09	7.337143e-09	6.393136e-09	5.375394e-09	4.699719e-09	3.987181e-09
190	0.9232358	0.5171475	0.03854192	0.01563724	0.005593795	0.002345866	0.002360254	0.002373138	0.002345144	0.002330101	0.002337893	0.002355772	0.002369107	4.47846e-05	1.634278e-05	1.379856e-05	5.241769e-06	4.226776e-06	1.080091e-06	3.191535e-07	6.763468e-08	2.617838e-08	2.380627e-08	2.186347e-08	1.413092e-08	9.595948e-09	7.162446e-09	6.2078e-09	5.175738e-09	4.490288e-09
191	0.9733633	0.9199805	0.520258	0.03885905	0.01572485	0.005582174	0.002302209	0.002316199	0.002328652	0.002345235	0.002363107	0.00237149	0.002390128	0.002404179	4.523212e-05	1.636744e-05	1.378527e-05	5.094561e-06	4.068739e-06	1.075988e-06	3.241876e-07	6.856704e-08	2.641626e-08	2.401459e-08	2.20414e-08	1.420747e-08	9.60264e-09	7.123821e-09	6.325475e-09	5.275552e-09
192	0.9289109	0.9061957	0.8613963	0.5081771	0.03335337	0.01480098	0.005345558	0.002330524	0.002345254	0.002358343	0.002375668	0.002394327	0.00240337	0.002422845	0.002437809	4.348043e-05	1.447418e-05	1.185168e-05	4.633967e-06	3.596684e-06	9.718403e-07	2.978315e-07	6.388877e-08	2.367409e-08	2.120886e-08	1.917314e-08	1.183543e-08	8.050758e-09	7.173416e-09	6.365387e-09
193	0.5339783	0.4988892	0.4722305	0.4231849	0.0877969	0.03259297	0.01443877	0.005115623	0.002361318	0.002376731	0.002390474	0.002408546	0.002427997	0.002437723	0.002458047	0.00247383	4.290346e-05	1.356351e-05	1.089631e-05	4.317586e-06	3.263625e-06	9.099484e-07	2.879656e-07	6.233104e-08	2.26288e-08	2.011417e-08	1.803053e-08	1.080728e-08	7.922068e-09	7.035608e-09
194	0.3539008	0.3268387	0.3037747	0.2755129	0.2262405	0.07428798	0.02690838	0.01360963	0.004898384	0.002375567	0.002394141	0.002408372	0.002427044	0.002447116	0.002468657	0.002489811	0.002506395	3.801779e-05	8.559559e-06	5.808018e-06	3.42137e-06	2.364016e-06	6.753516e-07	2.154012e-07	5.482163e-08	2.119978e-08	1.86626e-08	1.655812e-08	1.060615e-08	7.887095e-09
195	0.2009895	0.1811609	0.1681974	0.1587871	0.1525935	0.1422817	0.04439032	0.0189446	0.007658952	0.002151976	0.0001606418	0.0001475246	0.0001291034	0.0001140926	9.957213e-05	8.536892e-05	7.025595e-05	5.496375e-05	3.683583e-05	7.014614e-06	4.220463e-06	2.552536e-06	1.755662e-06	5.508129e-07	2.030732e-07	5.215212e-08	1.912683e-08	1.652745e-08	1.439004e-08	1.040955e-08
196	0.1798032	0.1713369	0.1533502	0.1404271	0.1310811	0.1246961	0.1151356	0.03832841	0.0150509	0.00757427	0.002121426	0.0001499202	0.000136464	0.0001176066	0.0001021984	8.727651e-05	7.2664e-05	5.711455e-05	4.137169e-05	2.279993e-05	6.799443e-06	3.957238e-06	2.267309e-06	1.452579e-06	5.353782e-07	2.059874e-07	5.287961e-08	1.926968e-08	1.662583e-08	1.445153e-08
197	0.2623002	0.1006913	0.09665465	0.07873094	0.07288324	0.06968147	0.06528117	0.06014244	0.0207006	0.009947525	0.004994713	0.001356494	3.869503e-05	2.976818e-05	2.766833e-05	2.479792e-05	2.158048e-05	1.838782e-05	1.501478e-05	1.114876e-05	6.565872e-06	2.563622e-06	1.570493e-06	8.592295e-07	7.26699e-07	1.807662e-07	5.359913e-08	2.331776e-08	3.970593e-09	3.4267e-09
198	0.126432	0.08283895	0.0466146	0.04583548	0.02795976	0.02723117	0.02561424	0.0246929	0.02368258	0.005774236	0.002378877	0.001191294	0.0003183699	1.704494e-06	1.643374e-06	1.466093e-06	1.386129e-06	1.245905e-06	1.112364e-06	9.342353e-07	7.650974e-07	5.106166e-07	3.557249e-07	3.411544e-07	3.274203e-07	3.27427e-07	5.210492e-08	1.782607e-08	1.643049e-08	2.318935e-10
199	0.1620508	0.1018739	0.06455072	0.03123298	0.0309427	0.0159463	0.01549634	0.01396689	0.01376334	0.0135191	0.002416156	0.0007454089	0.0003720121	9.945888e-05	6.084463e-07	5.884124e-07	4.153166e-07	4.056615e-07	3.964516e-07	3.881714e-07	3.400121e-07	2.989279e-07	2.2126e-07	2.018774e-07	2.000547e-07	1.983351e-07	2.013712e-07	3.827938e-08	1.629111e-08	1.640806e-08
200	0.3568081	0.08443824	0.03801772	0.02590547	0.02139941	0.02135734	0.006203274	0.005983675	0.005940155	0.005966268	0.005989355	0.0008942507	0.0001094877	5.338649e-05	1.432447e-05	1.805135e-07	1.798024e-07	1.797284e-07	1.811463e-07	1.827509e-07	1.848271e-07	1.820389e-07	1.533614e-07	1.074169e-07	1.047864e-07	1.051238e-07	1.050112e-07	1.069289e-07	1.718581e-08	8.544539e-11
201	0.4319723	0.3044404	0.03809633	0.00926464	0.008417361	0.004026309	0.004009785	0.004002068	0.003793791	0.003758651	0.003796881	0.003833837	0.0005230786	3.037916e-05	1.418367e-05	3.855698e-06	1.360617e-07	1.372648e-07	1.372743e-07	1.391362e-07	1.410249e-07	1.431486e-07	1.403487e-07	1.113985e-07	7.054008e-08	6.931969e-08	6.942472e-08	6.895289e-08	7.025126e-08	1.545476e-08
202	0.08339342	0.08081857	0.03249999	0.02202332	0.004281631	0.004044737	0.001781741	0.001774813	0.001773374	0.001760752	0.001733643	0.001749386	0.001764109	0.0002461661	1.828454e-05	8.680452e-06	2.353137e-06	7.201845e-08	7.261294e-08	7.348508e-08	7.448874e-08	7.553161e-08	7.668001e-08	7.36162e-08	6.969404e-08	3.340563e-08	3.281552e-08	3.27243e-08	3.172379e-08	3.232514e-08
203	0.02157293	0.006559386	0.005444736	0.002615923	0.001338245	0.0004069759	0.0002890555	0.0001955714	0.0001901286	0.0001895901	0.0001868216	0.0001857143	0.0001797832	0.000173524	4.215214e-05	1.617239e-05	8.078844e-06	2.159683e-06	8.836943e-09	8.454641e-09	8.468669e-09	8.471641e-09	8.477808e-09	8.492482e-09	8.463211e-09	3.442374e-09	2.865504e-09	2.636414e-09	2.615298e-09	2.614734e-09
204	0.1094582	0.01602005	0.005515097	0.004390919	0.001725418	0.00100356	0.0002459699	0.0001539456	6.238603e-05	5.754453e-05	5.702591e-05	5.431843e-05	5.347282e-05	4.550504e-05	3.725131e-05	2.501992e-05	1.62733e-05	8.193411e-06	2.18946e-06	6.425848e-09	5.997727e-09	5.979798e-09	5.940962e-09	5.903951e-09	5.873743e-09	5.797867e-09	6.365304e-10	3.86205e-10	2.02213e-10	1.397268e-10
205	0.09384196	0.00642306	0.002399012	0.001177921	0.001159788	0.0005290809	0.0005248255	1.058895e-05	5.563515e-06	9.595147e-07	8.886494e-07	8.812478e-07	8.410441e-07	8.201921e-07	7.107485e-07	5.961863e-07	3.579039e-07	2.259384e-07	1.137263e-07	3.036486e-08	4.887581e-11	4.226582e-11	4.128962e-11	3.98339e-11	3.828969e-11	3.686995e-11	3.412429e-11	3.071222e-11	8.351476e-12	5.21288e-12
206	0.02074509	0.003620635	0.002245586	0.002123626	0.001129677	0.001128728	0.0005194673	0.0005181348	2.843289e-06	1.650416e-07	8.738139e-08	8.083867e-08	8.029499e-08	7.494705e-08	7.305514e-08	6.552363e-08	5.75091e-08	2.770674e-08	1.607437e-08	8.074333e-09	2.157716e-09	5.284907e-12	4.846817e-12	4.801843e-12	4.693074e-12	4.556424e-12	4.427416e-12	3.865299e-12	2.612885e-12	1.879514e-12
207	0.1957022	0.01566306	0.001557167	0.0005332943	0.0005276091	0.0005269103	0.0005268971	0.0005261975	0.0005249088	2.595157e-06	9.34409e-08	2.383341e-08	2.346083e-08	2.340648e-08	2.057038e-08	2.024289e-08	2.020906e-08	2.012879e-08	3.536485e-09	6.777731e-10	3.225189e-10	8.772901e-11	2.667865e-12	2.693369e-12	2.726317e-12	2.759397e-12	2.796272e-12	2.839844e-12	2.453405e-12	1.48812e-12
208	0.5896618	0.1027042	0.005996818	0.001296056	0.0005365965	0.0005340917	0.0005336656	0.0005336653	0.0005330695	0.0005330255	2.606822e-06	7.793462e-08	1.023505e-08	1.007417e-08	1.006629e-08	9.838901e-09	9.806735e-09	9.951803e-09	1.008498e-08	1.428205e-09	2.502336e-11	9.400586e-12	2.695407e-12	3.7236e-13	3.784241e-13	3.84075e-13	3.908633e-13	3.978326e-13	4.052119e-13	4.094779e-13
209	0.5969928	0.5727842	0.08171691	0.004874469	0.0006252568	0.0005442265	0.0005421202	0.0005416942	0.000541694	0.0005414876	0.0005414558	2.620969e-06	5.217701e-08	7.641726e-09	7.479884e-09	7.473839e-09	7.247096e-09	7.226209e-09	7.333334e-09	7.430905e-09	1.089256e-09	2.147539e-11	8.337613e-12	2.414533e-12	2.97591e-13	3.024736e-13	3.073822e-13	3.129637e-13	3.187347e-13	3.247607e-13
210	0.595069	0.5673654	0.5436191	0.04748457	0.004169844	8.181276e-05	4.607751e-06	3.180804e-06	2.846311e-06	2.846136e-06	2.682569e-06	2.655707e-06	2.641035e-06	5.156307e-08	6.358333e-09	6.20277e-09	6.196923e-09	5.967327e-09	5.949157e-09	6.03728e-09	6.117892e-09	8.035019e-10	2.09535e-11	8.421321e-12	2.414341e-12	2.605772e-13	2.648662e-13	2.692461e-13	2.742115e-13	2.793446e-13
211	0.9672963	0.5853907	0.5645837	0.5411452	0.03820294	0.00316113	7.583746e-05	1.867627e-06	5.779431e-07	2.438876e-07	2.437341e-07	8.088343e-08	5.885433e-08	5.213471e-08	5.105542e-08	5.156898e-09	5.080328e-09	5.07463e-09	4.842047e-09	4.826531e-09	4.897582e-09	4.965694e-09	6.559402e-10	1.969141e-11	8.51376e-12	2.416894e-12	2.24169e-13	2.278532e-13	2.316907e-13	2.360268e-13
212	0.1668221	0.1646368	0.07135742	0.05609522	0.0341662	0.02947963	0.002969055	6.03164e-05	1.011644e-06	5.233022e-07	1.885103e-07	1.884274e-07	2.638035e-08	9.760599e-09	4.986242e-09	4.211675e-09	3.94621e-09	3.873904e-09	3.871844e-09	3.640778e-09	3.631242e-09	3.691631e-09	3.749716e-09	4.815794e-10	3.758673e-12	8.069378e-13	2.950545e-13	1.271955e-13	1.295965e-13	1.318288e-13
213	0.1284878	0.1273862	0.1259697	0.03251661	0.02226117	0.0210197	0.01834468	0.0004898192	5.661124e-05	8.174589e-07	4.908872e-07	1.806919e-07	1.806398e-07	1.780205e-08	6.197457e-09	3.187251e-09	2.934218e-09	2.7124e-09	2.711275e-09	2.709463e-09	2.475451e-09	2.468665e-09	2.510874e-09	2.552194e-09	3.26839e-10	1.753947e-12	1.443741e-13	9.262265e-14	8.693997e-14	8.864076e-14
214	0.2397513	0.1138183	0.113201	0.1122679	0.01829215	0.01249847	0.01179757	0.01025576	0.0002867699	4.522949e-05	6.761479e-07	4.876958e-07	1.744841e-07	1.744554e-07	1.030429e-08	3.419414e-09	1.70498e-09	1.56421e-09	1.384492e-09	1.383852e-09	1.383512e-09	1.382544e-09	1.379067e-09	1.403076e-09	1.426093e-09	1.826134e-10	9.530477e-13	6.773932e-14	4.762622e-14	4.806002e-14
215	0.08276464	0.0423521	0.01247114	0.0119635	0.0113052	0.01061954	0.007148954	0.006725306	0.006005923	0.0001455794	3.588653e-06	6.068706e-07	4.901782e-07	1.726798e-07	1.726628e-07	6.405677e-09	1.970127e-09	9.283714e-10	8.45465e-10	8.142717e-10	8.138732e-10	8.137108e-10	8.132046e-10	8.114512e-10	8.258311e-10	8.391433e-10	1.074516e-10	5.594275e-13	3.837219e-14	2.801787e-14
216	0.7948401	0.05887511	0.03008352	0.004819238	0.004378554	0.003952481	0.003556464	0.002407432	0.002274084	0.002021594	4.899988e-05	1.209823e-06	2.061883e-07	1.716782e-07	1.710412e-07	1.710353e-07	2.834037e-09	7.167566e-10	3.128032e-10	2.852667e-10	2.748018e-10	2.746853e-10	2.746307e-10	2.744603e-10	2.738724e-10	2.788121e-10	2.826509e-10	3.620471e-11	1.886136e-13	1.29526e-14
217	0.7776838	0.7746513	0.02685886	0.001482576	0.0007694703	0.0003856015	0.0003690958	0.0001151818	6.128718e-05	5.830547e-05	3.809047e-05	9.190786e-07	2.051779e-08	1.655684e-09	1.080933e-09	1.072115e-09	1.071753e-09	1.066629e-09	9.463577e-11	5.930856e-12	5.325368e-12	5.173421e-12	5.171449e-12	5.170413e-12	5.16716e-12	5.157451e-12	5.248189e-12	5.342742e-12	6.833223e-13	3.646704e-15
218	0.8651443	0.7894044	0.7885304	0.02690121	0.00108589	0.0007503262	0.0003616322	0.0003555479	9.777039e-05	4.93716e-05	4.699419e-05	2.773092e-05	6.678523e-07	1.42395e-08	5.130247e-10	1.178264e-10	1.119474e-10	1.11891e-10	1.089107e-10	9.298061e-11	4.346966e-12	3.85643e-12	3.758942e-12	3.757566e-12	3.756812e-12	3.754444e-12	3.747683e-12	3.817871e-12	3.887714e-12	4.981472e-13
219	0.05947929	0.05909946	0.02733836	0.02654549	0.02651615	0.0007755603	0.0004505246	0.0003142027	0.0003091272	4.7308e-05	3.714018e-05	3.530406e-05	1.698864e-05	4.102459e-07	8.714504e-09	2.619631e-10	2.035086e-11	1.674747e-11	1.671254e-11	1.488461e-11	5.12599e-12	2.803762e-12	2.365086e-12	2.302755e-12	2.301785e-12	2.301315e-12	2.299813e-12	2.295589e-12	2.339381e-12	2.383079e-12
220	0.03442764	0.02227673	0.02216009	0.001431178	0.000664285	0.0006586312	0.0006372067	0.0003071839	0.0003067257	0.0003019599	3.56157e-05	2.914154e-05	2.818259e-05	1.032876e-05	2.503842e-07	5.340099e-09	1.591077e-10	1.217251e-11	9.981775e-12	9.96014e-12	8.845403e-12	2.91466e-12	1.496431e-12	1.439708e-12	1.399094e-12	1.398753e-12	1.39846e-12	1.397496e-12	1.394846e-12	1.421952e-12
221	0.01861784	0.01647875	0.01163702	0.01156502	0.0006407884	4.357911e-05	4.047079e-05	3.051519e-05	2.924611e-05	2.883769e-05	2.852574e-05	2.579503e-05	2.256962e-05	2.189354e-05	4.410826e-06	1.084335e-07	2.340321e-09	6.821226e-11	5.231369e-12	4.2813e-12	4.271419e-12	3.784093e-12	1.254342e-12	6.377688e-13	6.120281e-13	5.968741e-13	5.966936e-13	5.965647e-13	5.961728e-13	5.950223e-13
222	0.007265076	0.004669159	0.004539496	0.004434097	0.004392332	0.0006099099	2.149257e-05	2.084816e-05	2.070668e-05	2.01785e-05	2.017758e-05	2.011681e-05	1.765513e-05	1.760408e-05	1.738056e-05	6.466909e-08	4.220326e-09	1.399197e-10	1.526626e-12	1.293355e-13	1.024478e-13	1.011719e-13	7.30662e-14	4.09216e-14	1.21939e-14	8.853675e-15	7.849038e-15	7.794005e-15	7.780191e-15	7.739321e-15
223	0.9108994	0.007221539	0.004625124	0.004509869	0.004441985	0.004420579	0.000622028	2.17714e-05	2.112738e-05	2.105447e-05	2.052194e-05	2.052137e-05	2.04615e-05	1.795226e-05	1.792046e-05	1.769419e-05	2.920427e-08	3.423774e-09	1.240975e-10	9.925721e-13	8.881176e-14	6.909565e-14	6.78739e-14	4.310698e-14	3.144256e-14	7.120723e-15	3.908416e-15	3.003932e-15	2.950428e-15	2.937554e-15
224	0.9962646	0.9233931	0.007310282	0.004677588	0.004568139	0.004505542	0.004503177	0.0006349308	2.219924e-05	2.154391e-05	2.148045e-05	2.093784e-05	2.093731e-05	2.087654e-05	1.831548e-05	1.828618e-05	1.805647e-05	2.416503e-08	3.358452e-09	1.235527e-10	9.244772e-13	8.366776e-14	6.480205e-14	6.356695e-14	3.906096e-14	3.039005e-14	6.403363e-15	3.190426e-15	2.289151e-15	2.235295e-15
225	0.06803075	0.06790153	0.03204794	0.0002497554	0.0001411382	9.347721e-05	4.474238e-05	4.406964e-05	1.952596e-06	9.522732e-07	3.649188e-07	3.285879e-07	3.118247e-07	3.113364e-07	3.037426e-07	2.939689e-07	2.673086e-07	3.43393e-08	1.885326e-08	3.242626e-09	7.57979e-11	8.549441e-13	7.834492e-14	6.02977e-14	5.904834e-14	3.466894e-14	2.912007e-14	5.44133e-15	2.216567e-15	1.5566e-15
226	0.04486443	0.03015887	0.03005559	0.006202842	0.0001701948	8.889861e-05	4.385827e-05	1.975652e-05	1.941507e-05	1.260305e-06	3.099964e-07	3.026719e-07	2.860122e-07	2.702906e-07	2.700824e-07	2.671473e-07	2.634266e-07	2.490207e-07	1.212808e-08	6.307963e-09	3.216474e-09	7.523816e-11	7.44525e-13	5.971866e-14	4.303152e-14	4.177117e-14	1.733478e-14	1.397097e-14	4.965464e-15	1.692328e-15
227	0.0271121	0.02480875	0.01730466	0.0172268	0.003103037	0.0001265223	5.4919e-05	2.260333e-05	5.534861e-06	5.277216e-06	1.525527e-07	4.205148e-08	4.009202e-08	3.448287e-08	2.532344e-08	2.524228e-08	2.481365e-08	2.436558e-08	2.288492e-08	3.349801e-09	2.772078e-09	1.901475e-09	4.668126e-11	4.425055e-13	4.493227e-14	3.369146e-14	3.246264e-14	1.248606e-14	1.106079e-14	3.712802e-15
228	0.02944182	0.02265017	0.02083832	0.01429902	0.01422825	0.002293148	9.328673e-05	2.516813e-05	1.108867e-05	9.921195e-07	8.316656e-07	3.809639e-08	8.715644e-09	7.44026e-09	6.701711e-09	6.206929e-09	6.147703e-09	5.955211e-09	5.810378e-09	5.367837e-09	5.160494e-10	3.425074e-10	1.453581e-11	2.283204e-12	9.83861e-14	2.846531e-14	2.329453e-14	2.210926e-14	8.080466e-15	7.779147e-15
229	0.06242547	0.02773146	0.02236103	0.02084781	0.01429034	0.01424285	0.002271502	9.2926e-05	2.360094e-05	9.779466e-06	6.410933e-07	4.944624e-07	2.480896e-08	6.831188e-09	5.595228e-09	5.210158e-09	4.815873e-09	4.757814e-09	4.590748e-09	4.498647e-09	4.201541e-09	3.006191e-10	1.687942e-10	9.334203e-12	1.768932e-12	8.724186e-14	2.517323e-14	2.022536e-14	2.01035e-14	7.323784e-15
230	0.07251084	0.03762951	0.02583107	0.02160084	0.02019284	0.01395477	0.01390951	0.00216447	8.78557e-05	1.737194e-05	4.956216e-06	2.879153e-07	2.13923e-07	1.344262e-08	3.9006e-09	2.74609e-09	2.581547e-09	2.291521e-09	2.233999e-09	2.126084e-09	2.075265e-09	1.947694e-09	1.262031e-10	5.94311e-11	6.073102e-12	1.255326e-12	6.738668e-14	1.213938e-14	9.704522e-15	9.584476e-15
231	0.2947917	0.07000837	0.03603044	0.02586702	0.02180936	0.02038988	0.01406626	0.01403094	0.002154697	8.607681e-05	1.407375e-05	2.279923e-06	1.778518e-07	1.458687e-07	8.470489e-09	2.700631e-09	1.552632e-09	1.409237e-09	1.164633e-09	1.105958e-09	1.027452e-09	9.94024e-10	9.238151e-10	8.733099e-11	4.898677e-11	5.798284e-12	1.158813e-12	5.82155e-14	5.567216e-15	3.573864e-15
232	0.2830086	0.2641965	0.06998053	0.03612027	0.02633853	0.02224529	0.0207968	0.01435139	0.0143196	0.002191955	8.761991e-05	1.391468e-05	1.99639e-06	1.609135e-07	1.335693e-07	7.855863e-09	2.558919e-09	1.392716e-09	1.25402e-09	1.013863e-09	9.538768e-10	8.782895e-10	8.476219e-10	7.857155e-10	8.010432e-11	4.631636e-11	5.636587e-12	1.009446e-12	5.355682e-14	4.361509e-15
233	0.2467661	0.2339896	0.2202174	0.06963141	0.03635967	0.02689485	0.02275187	0.02127066	0.01467353	0.01464709	0.002237251	8.928699e-05	1.380406e-05	1.736015e-06	1.460653e-07	1.229993e-07	7.20926e-09	2.441248e-09	1.254583e-09	1.119246e-09	8.833702e-10	8.219733e-10	7.489382e-10	7.208686e-10	6.659989e-10	7.411904e-11	4.418722e-11	5.314577e-12	8.702746e-13	4.879116e-14
234	0.157588	0.1512073	0.1475442	0.1365016	0.01943387	0.007909897	0.001340065	0.0007784587	0.0007181309	0.0005063863	0.0005053303	0.0001022331	3.263081e-06	1.095164e-06	4.376661e-07	1.224418e-07	1.109453e-07	5.443901e-09	1.091476e-09	1.011529e-09	9.165377e-10	7.082374e-10	7.057137e-10	6.470074e-10	6.208756e-10	5.732064e-10	6.881469e-11	4.166474e-11	5.141721e-12	6.977942e-13
235	0.3061654	0.1157463	0.1105518	0.1074231	0.0963296	0.01162705	0.006828086	0.0006814512	0.0002238056	0.0001986119	0.0001440466	0.0001436233	3.682553e-05	9.519032e-07	6.427415e-07	3.535343e-07	1.178636e-07	1.06908e-07	5.410195e-09	1.030827e-09	9.872373e-10	8.980239e-10	7.087378e-10	7.07732e-10	6.484111e-10	6.219931e-10	5.737801e-10	6.652073e-11	3.935208e-11	2.16585e-12
236	0.5162684	0.2425451	0.1052485	0.1003084	0.09726886	0.08595646	0.008913267	0.005297736	0.000548871	0.0001551205	0.0001342361	9.870719e-05	9.83539e-05	2.698725e-05	6.573027e-07	5.539699e-07	3.19399e-07	1.04653e-07	9.371404e-08	5.403607e-09	9.849229e-10	9.562655e-10	8.894568e-10	7.011253e-10	7.00473e-10	6.399748e-10	6.132161e-10	5.695077e-10	5.772206e-11	3.042983e-11
237	0.6348368	0.493882	0.2325262	0.1018919	0.0970505	0.09401843	0.08249266	0.008805796	0.005252118	0.000542819	0.0001524086	0.0001316234	9.663816e-05	9.629185e-05	2.638537e-05	6.33213e-07	5.337224e-07	3.098066e-07	1.039246e-07	9.287624e-08	5.450232e-09	9.845171e-10	9.560539e-10	8.899003e-10	6.972509e-10	6.966762e-10	6.350628e-10	6.082268e-10	5.648677e-10	5.715311e-11
238	0.6368718	0.6068071	0.4688623	0.2111408	0.08286132	0.08045499	0.07766095	0.0769426	0.008877986	0.005344997	0.0005501274	0.000154191	0.0001330153	9.752949e-05	9.717572e-05	2.649469e-05	6.069089e-07	5.073812e-07	2.971112e-07	9.65066e-08	9.414805e-08	5.58065e-09	1.005591e-09	9.765536e-10	9.091444e-10	7.114986e-10	7.109124e-10	6.478123e-10	6.205191e-10	5.762738e-10
239	0.629975	0.5500133	0.523016	0.4045089	0.1851608	0.07414312	0.07230739	0.07135524	0.07068393	0.008952392	0.005433847	0.0005344846	0.0001529498	0.0001314668	9.556903e-05	9.520779e-05	2.391273e-05	5.374683e-07	4.445569e-07	2.54529e-07	9.641556e-08	9.437196e-08	5.663766e-09	9.720192e-10	9.428329e-10	8.741414e-10	6.78753e-10	6.781591e-10	6.631594e-10	6.354515e-10
240	0.8275108	0.5985195	0.5298028	0.5054606	0.3896161	0.1752638	0.06700766	0.0653001	0.06439761	0.06393502	0.00900417	0.005518719	0.0005403648	0.0001546456	0.0001327799	9.641677e-05	9.604756e-05	2.407562e-05	5.188443e-07	4.257204e-07	2.520251e-07	9.729069e-08	9.54249e-08	5.800208e-09	9.918466e-10	9.62061e-10	8.921683e-10	6.912992e-10	6.90693e-10	6.756132e-10
241	0.4983247	0.4638395	0.4532811	0.4022935	0.3809452	0.2875849	0.1520496	0.05879955	0.05728935	0.05660923	0.05621583	0.008973975	0.005556452	0.0005318225	0.000145635	0.0001265585	9.020401e-05	8.982828e-05	1.807981e-05	4.148425e-07	3.604006e-07	2.123388e-07	9.453389e-08	9.302468e-08	3.078953e-09	8.05965e-10	7.771628e-10	7.069576e-10	6.905802e-10	6.900009e-10
242	0.5859653	0.4769573	0.4434504	0.4334958	0.382212	0.3617159	0.2713337	0.1411317	0.05078337	0.04933689	0.04868196	0.04831959	0.008898297	0.005580352	0.0005368797	0.0001475441	0.000128067	9.108961e-05	9.089909e-05	1.815258e-05	3.912278e-07	3.378095e-07	2.084673e-07	9.51573e-08	9.373028e-08	3.143137e-09	8.145658e-10	7.944208e-10	7.238441e-10	7.076961e-10
243	0.5006231	0.4620389	0.4478103	0.4151482	0.4111038	0.3595801	0.3402178	0.2533388	0.1272996	0.04066885	0.03930756	0.03868592	0.03836402	0.008877993	0.005658055	0.0005467905	0.0001499481	0.0001300192	9.229876e-05	9.211005e-05	1.823136e-05	3.621812e-07	3.097772e-07	2.041971e-07	9.679553e-08	9.547774e-08	3.214386e-09	8.27479e-10	8.069136e-10	7.421744e-10
244	0.8747597	0.472709	0.4354789	0.4262683	0.3937232	0.390059	0.3367327	0.3186072	0.2363744	0.1129531	0.03010923	0.02883242	0.0282438	0.02796785	0.008996971	0.005821672	0.0005611521	0.0001532691	0.000133212	9.438006e-05	9.418642e-05	1.852277e-05	3.341257e-07	2.819246e-07	2.01392e-07	9.928137e-08	9.807386e-08	3.299367e-09	8.471667e-10	8.260094e-10
245	0.4766332	0.4677238	0.4368321	0.4091907	0.4014053	0.3696452	0.3662619	0.3149775	0.298025	0.2191831	0.09770226	0.01873805	0.01755066	0.01699301	0.01676237	0.009137466	0.006005678	0.0005783837	0.0001578622	0.0001371515	9.707119e-05	9.688246e-05	1.893958e-05	3.046806e-07	2.523489e-07	1.987389e-07	1.02113e-07	1.010221e-07	3.398819e-09	8.733697e-10
246	0.6562746	0.4514769	0.4424988	0.4122545	0.3866906	0.3787006	0.3457742	0.3422749	0.2890185	0.276058	0.2074855	0.08502808	0.01883292	0.0179367	0.0174882	0.01730063	0.009463861	0.006220098	0.0005968009	0.0001619093	0.0001405593	9.924501e-05	9.905117e-05	1.912836e-05	2.814526e-07	2.314688e-07	1.829951e-07	1.051339e-07	1.044045e-07	3.487999e-09
247	0.9646823	0.6107107	0.4207212	0.4121001	0.3807469	0.3542213	0.3465432	0.3161653	0.3126199	0.2615115	0.2525266	0.1950052	0.07146229	0.01902608	0.0184266	0.01808735	0.01793761	0.009815818	0.00645131	0.0006167772	0.0001663586	0.0001443175	0.0001016707	0.0001014829	1.941914e-05	2.611227e-07	2.102455e-07	1.671735e-07	1.0846e-07	1.080659e-07
248	0.9694654	0.9370574	0.5688651	0.3711435	0.3623957	0.3304499	0.3284191	0.3204946	0.2888964	0.2852156	0.2319778	0.2268275	0.1814636	0.05657872	0.01933659	0.01902197	0.01878881	0.01864888	0.01020079	0.006703629	0.0006386397	0.0001713562	0.0001485668	0.0001044706	0.0001042772	1.989734e-05	2.422185e-07	1.89906e-07	1.5275e-07	1.123667e-07
249	0.947022	0.9408966	0.9092388	0.5256071	0.3202248	0.311806	0.2784986	0.2763849	0.2686225	0.2549968	0.2512304	0.2004879	0.1966073	0.1654853	0.03925003	0.01997848	0.01976077	0.0195594	0.01941858	0.01061672	0.006976399	0.0006621741	0.0001767254	0.0001531359	0.0001074786	0.0001072897	2.045964e-05	2.355301e-07	1.815923e-07	1.514524e-07
250	0.9845002	0.9365178	0.9307577	0.8981328	0.4976242	0.290069	0.2815962	0.2469716	0.2459056	0.2379817	0.2239957	0.2201109	0.1670627	0.163467	0.1381535	0.03631583	0.02057122	0.02037382	0.0201789	0.02003537	0.01089837	0.007153395	0.0006606348	0.0001694189	0.0001461654	0.0001011073	0.0001009294	1.939566e-05	2.329702e-07	1.8091e-07
251	0.4675819	0.4601323	0.4539588	0.4507137	0.4209537	0.4190775	0.2019959	0.1942573	0.1581049	0.1570188	0.1497387	0.137307	0.1336627	0.1336036	0.1303928	0.110869	0.03130193	0.01931994	0.01915504	0.01899192	0.01885056	0.009814294	0.006334325	0.0004897471	0.000116705	0.00010487	7.188424e-05	7.175844e-05	1.22332e-05	1.785822e-07
252	0.3244333	0.3197991	0.3187836	0.3164046	0.3149843	0.2903332	0.2890606	0.1625104	0.1548294	0.1171332	0.1160495	0.1096484	0.09934921	0.09602741	0.09597301	0.09435761	0.08065239	0.02589236	0.01741159	0.01728653	0.01716916	0.01712372	0.00833428	0.005140837	0.0002733379	7.05472e-05	6.339246e-05	4.342379e-05	4.334882e-05	7.876972e-06
253	0.841845	0.2690326	0.2647793	0.2643166	0.2628865	0.2620616	0.2554218	0.2546573	0.122154	0.1144817	0.07519864	0.07408791	0.06858384	0.06046662	0.05748894	0.05743952	0.0563416	0.04899657	0.02008507	0.01547748	0.0153952	0.01532647	0.01528871	0.006793509	0.0039217	0.0001705374	2.038597e-05	1.825105e-05	1.291902e-05	1.289897e-05
254	0.2669948	0.2184642	0.1935836	0.1926304	0.1923676	0.1918363	0.1913036	0.1909979	0.1905024	0.0523215	0.04452017	0.04428366	0.04313231	0.04039319	0.03911811	0.03731521	0.03728361	0.0367998	0.03174103	0.01220275	0.008986194	0.008949867	0.008898871	0.008868757	0.001924058	0.0001411435	7.873353e-06	2.032793e-06	1.970078e-06	1.852593e-06
255	0.1346151	0.07275045	0.04884511	0.04647073	0.04605628	0.0458527	0.04542657	0.04497636	0.04475517	0.04433546	0.04418271	0.03603008	0.03594962	0.03561747	0.03411942	0.0333944	0.03201376	0.03199382	0.03153196	0.02663813	0.007605886	0.004515054	0.004480437	0.004431235	0.004409191	6.271212e-05	6.777815e-06	2.406765e-06	1.795954e-06	1.776761e-06
256	0.07882479	0.07513883	0.05096165	0.03257713	0.03107759	0.03074777	0.03059394	0.03024779	0.02988942	0.02970754	0.02937398	0.02924446	0.02903972	0.02895892	0.02860675	0.02765102	0.02724294	0.02586138	0.02585259	0.02543089	0.02086124	0.003085675	0.0001997854	0.0001682354	0.0001228895	0.0001141263	4.610667e-06	2.178285e-06	1.828474e-06	1.654352e-06
257	0.7911991	0.06616872	0.06258775	0.04281994	0.02720395	0.02607356	0.02581708	0.02569063	0.02541422	0.02511583	0.02497552	0.02469747	0.02460939	0.02443477	0.02440719	0.02440452	0.02340403	0.02297623	0.02150418	0.02149499	0.02116367	0.01735499	0.002528001	0.000122263	9.745528e-05	6.081012e-05	5.394382e-05	2.547376e-06	1.665746e-06	1.508259e-06
258	0.6863558	0.4754936	0.04976803	0.04827985	0.03362159	0.02122857	0.02049697	0.02030549	0.02020938	0.01999645	0.01976637	0.0196576	0.01944326	0.01937495	0.01923531	0.01920987	0.01920768	0.01818555	0.01817984	0.016604	0.0165953	0.0163581	0.01340943	0.001916588	5.362239e-05	3.587604e-05	8.883667e-06	4.05619e-06	1.463226e-06	1.229402e-06
259	0.545039	0.4445116	0.427515	0.03383715	0.03285983	0.02300182	0.01429087	0.0138019	0.0136718	0.01360665	0.01346119	0.01330607	0.01323173	0.01308676	0.0130402	0.01295572	0.01293257	0.0129309	0.01288654	0.01288251	0.01119582	0.01118647	0.01102771	0.00904187	0.001288362	3.363642e-05	2.180924e-05	4.911363e-06	2.103066e-06	1.074056e-06
260	0.3159084	0.1004386	0.09568482	0.09390087	0.02262533	0.0223862	0.0150715	0.0094829	0.00921315	0.009119427	0.009070801	0.008963834	0.00884566	0.008790847	0.008679878	0.00864497	0.008583474	0.00856064	0.008559187	0.008544213	0.008540924	0.008540237	0.008530104	0.008409898	0.00689686	0.000980697	2.418302e-05	1.526878e-05	3.480739e-06	1.632138e-06
261	0.1544287	0.1525372	0.0625303	0.05974977	0.0588286	0.0142257	0.01408082	0.009497311	0.005973755	0.005808048	0.005748924	0.005718846	0.005651382	0.005577297	0.005542658	0.005473636	0.00545151	0.005412801	0.005390445	0.005389274	0.005379933	0.005378	0.005377617	0.00537761	0.005302954	0.004350646	0.0006159359	1.290629e-05	7.433401e-06	1.635184e-06
262	0.05326184	0.04753359	0.04707659	0.02324504	0.02226154	0.02192457	0.005336337	0.005283013	0.003578219	0.002253504	0.002191509	0.002169315	0.002158027	0.002132705	0.002104887	0.0020918	0.002065878	0.002057521	0.002042795	0.002020786	0.002020025	0.002016443	0.002015388	0.002015194	0.00201519	0.001990639	0.001636632	0.0002292129	3.019041e-06	1.205332e-06
263	0.0103374	0.004919194	0.004396771	0.004348387	0.002166969	0.002074315	0.002038505	0.0004883843	0.0004830575	0.0003297186	0.000207464	0.0002017163	0.000199636	0.0001985947	0.0001962059	0.0001936494	0.0001922632	0.0001898769	0.0001888527	0.0001871993	0.0001867006	0.0001860654	0.0001855153	0.0001847014	0.0001845749	0.0001845715	0.0001827758	0.0001507924	2.049189e-05	4.967843e-07
264	0.2558927	0.007763189	0.00365953	0.003319818	0.003283236	0.00164687	0.001576789	0.001553234	0.0003725244	0.0003683394	0.000248914	0.0001567552	0.0001524353	0.0001508583	0.0001500726	0.0001482548	0.0001463249	0.0001452518	0.0001434487	0.0001425788	0.0001412119	0.0001409269	0.0001408266	0.0001403223	0.0001394176	0.000139278	0.0001392742	0.0001378863	0.0001135564	1.592816e-05
265	0.5296387	0.226685	0.006832305	0.003203485	0.002907166	0.002881332	0.001433908	0.001374254	0.001353287	0.0003334353	0.0003295814	0.0002208548	0.00013926	0.0001354213	0.0001340582	0.0001333607	0.0001318054	0.0001300949	0.0001292887	0.0001276894	0.0001268464	0.0001255425	0.0001252489	0.0001251455	0.0001246294	0.0001236016	0.0001234435	0.0001234391	0.000122134	0.0001004321
266	0.9997782	0.5019566	0.2261467	0.006771775	0.003154074	0.002861133	0.002835684	0.001405207	0.001346335	0.001326204	0.0003206371	0.0003168006	0.0002184464	0.0001371773	0.0001334039	0.0001320589	0.0001313732	0.0001298379	0.0001281499	0.0001273516	0.0001257787	0.0001249021	0.0001235463	0.0001232304	0.0001231149	0.0001225654	0.0001221952	0.0001220187	0.0001220175	0.0001207852
267	0.9961852	0.9960515	0.4952554	0.2215011	0.00672361	0.003127693	0.002837191	0.002811955	0.001393394	0.001335021	0.001315052	0.0003178296	0.0003140177	0.0002163929	0.0001358835	0.0001321415	0.0001308073	0.0001301274	0.0001286046	0.0001269309	0.0001261387	0.0001245792	0.0001236951	0.0001224661	0.0001221487	0.000122023	0.0001215319	0.0001211607	0.0001210043	0.0001210031
268	0.9955108	0.9950551	0.9949606	0.4991946	0.2232677	0.006660292	0.003153598	0.002860897	0.002835473	0.001404748	0.001345874	0.001325734	0.0003200416	0.0003162177	0.0002178251	0.0001368156	0.000133042	0.0001316961	0.0001310104	0.0001294743	0.0001277861	0.000126987	0.0001254139	0.0001245053	0.0001234418	0.0001231209	0.00012298	0.0001225192	0.0001221595	0.000122059
269	0.9927859	0.9914237	0.9909943	0.9909083	0.5039753	0.2255505	0.006723538	0.003183944	0.002888903	0.002863251	0.001418265	0.001358844	0.001338578	0.0003229439	0.0003191028	0.0002198253	0.0001379987	0.0001341922	0.0001328351	0.0001321429	0.0001305932	0.0001288882	0.0001280825	0.0001264937	0.0001256598	0.0001245857	0.0001242628	0.0001241958	0.0001237328	0.0001233831
270	0.9977328	0.9905991	0.9892103	0.9887977	0.9887136	0.5149652	0.2305357	0.006852072	0.003257675	0.002955775	0.002929528	0.001450769	0.001389963	0.001369237	0.0003301396	0.0003262511	0.000224847	0.0001411471	0.0001372529	0.0001358645	0.0001351563	0.0001335707	0.0001318259	0.0001310016	0.0001293758	0.0001285215	0.0001274367	0.0001271059	0.0001270379	0.0001265867
271	0.9989634	0.9970293	0.9899039	0.9885133	0.9881001	0.988016	0.5156331	0.2308492	0.006858802	0.00326213	0.002959819	0.002933536	0.001452729	0.001391839	0.001371085	0.0003305577	0.0003266673	0.0002251376	0.0001413336	0.0001374341	0.0001360438	0.0001353346	0.0001337468	0.0001319996	0.0001311742	0.0001295461	0.0001286906	0.0001276061	0.0001272748	0.0001272067
