#unpaired probabilities
 #i$	l=1	2	3	4	5	6	7	8	9	10	11	12	13	14	15	16	17	18	19	20	21	22	23	24	25	26	27	28	29	30	
1	0.9474678	NA	NA	NA	NA	NA	NA	NA	NA	NA	NA	NA	NA	NA	NA	NA	NA	NA	NA	NA	NA	NA	NA	NA	NA	NA	NA	NA	NA	NA
2	0.9299542	0.9298378	NA	NA	NA	NA	NA	NA	NA	NA	NA	NA	NA	NA	NA	NA	NA	NA	NA	NA	NA	NA	NA	NA	NA	NA	NA	NA	NA	NA
3	0.9300064	0.9282827	0.9281742	NA	NA	NA	NA	NA	NA	NA	NA	NA	NA	NA	NA	NA	NA	NA	NA	NA	NA	NA	NA	NA	NA	NA	NA	NA	NA	NA
4	0.9512824	0.9292646	0.9276466	0.9275399	NA	NA	NA	NA	NA	NA	NA	NA	NA	NA	NA	NA	NA	NA	NA	NA	NA	NA	NA	NA	NA	NA	NA	NA	NA	NA
5	0.9957972	0.9473241	0.9254218	0.923821	0.9238039	NA	NA	NA	NA	NA	NA	NA	NA	NA	NA	NA	NA	NA	NA	NA	NA	NA	NA	NA	NA	NA	NA	NA	NA	NA
6	0.9957018	0.9951094	0.9466659	0.9247816	0.9231829	0.9231659	NA	NA	NA	NA	NA	NA	NA	NA	NA	NA	NA	NA	NA	NA	NA	NA	NA	NA	NA	NA	NA	NA	NA	NA
7	0.9963048	0.9951897	0.9946063	0.9461695	0.9244382	0.922841	0.922824	NA	NA	NA	NA	NA	NA	NA	NA	NA	NA	NA	NA	NA	NA	NA	NA	NA	NA	NA	NA	NA	NA	NA
8	0.9516046	0.9480544	0.9469413	0.9463586	0.9456459	0.9242946	0.9226978	0.9226808	NA	NA	NA	NA	NA	NA	NA	NA	NA	NA	NA	NA	NA	NA	NA	NA	NA	NA	NA	NA	NA	NA
9	0.9300866	0.9292166	0.9256665	0.9245535	0.9241845	0.9240133	0.9237903	0.9221951	0.9221781	NA	NA	NA	NA	NA	NA	NA	NA	NA	NA	NA	NA	NA	NA	NA	NA	NA	NA	NA	NA	NA
10	0.2192012	0.2188385	0.2184338	0.2149967	0.213884	0.2137085	0.213597	0.2134731	0.213434	0.213417	NA	NA	NA	NA	NA	NA	NA	NA	NA	NA	NA	NA	NA	NA	NA	NA	NA	NA	NA	NA
11	0.2357549	0.2160173	0.2156613	0.2152584	0.211917	0.2108529	0.2106828	0.210572	0.2104483	0.2104094	0.2103964	NA	NA	NA	NA	NA	NA	NA	NA	NA	NA	NA	NA	NA	NA	NA	NA	NA	NA	NA
12	0.2867041	0.2290015	0.2103394	0.2099873	0.209753	0.2096002	0.2085875	0.2084187	0.2083083	0.208185	0.2081461	0.208137	NA	NA	NA	NA	NA	NA	NA	NA	NA	NA	NA	NA	NA	NA	NA	NA	NA	NA
13	0.3417396	0.2830391	0.2272239	0.2086465	0.2083293	0.2082189	0.2081711	0.2081572	0.2079891	0.207879	0.2077559	0.207717	0.2077168	NA	NA	NA	NA	NA	NA	NA	NA	NA	NA	NA	NA	NA	NA	NA	NA	NA
14	0.996215	0.3415729	0.2828902	0.2270864	0.2085093	0.2081921	0.2080818	0.208034	0.2080201	0.2079173	0.2078464	0.2077559	0.207717	0.2077168	NA	NA	NA	NA	NA	NA	NA	NA	NA	NA	NA	NA	NA	NA	NA	NA
15	0.04774011	0.04723896	0.02924851	0.02676209	0.02110435	0.01917933	0.01914235	0.0191282	0.01910991	0.01909603	0.0190375	0.01897189	0.01888352	0.01884529	0.01884513	NA	NA	NA	NA	NA	NA	NA	NA	NA	NA	NA	NA	NA	NA	NA
16	0.05544661	0.04167634	0.04121792	0.02560889	0.02325447	0.01841141	0.01669247	0.01666798	0.01665958	0.01665701	0.01665701	0.01659928	0.0165339	0.0164457	0.0164075	0.0164075	NA	NA	NA	NA	NA	NA	NA	NA	NA	NA	NA	NA	NA	NA
17	0.7412642	0.05289651	0.03959571	0.03914401	0.02467289	0.02238001	0.01764438	0.01630538	0.01628146	0.01627326	0.01627075	0.01627075	0.01621329	0.01614801	0.01605996	0.0160218	0.0160218	NA	NA	NA	NA	NA	NA	NA	NA	NA	NA	NA	NA	NA
18	0.7513237	0.7381863	0.05001167	0.03671861	0.03643679	0.02412552	0.02184834	0.01718834	0.01587251	0.01584911	0.01584108	0.01583861	0.01583861	0.01578588	0.01578088	0.01575131	0.01574126	0.01574126	NA	NA	NA	NA	NA	NA	NA	NA	NA	NA	NA	NA
19	0.2196999	0.07107242	0.05912639	0.0228695	0.01776712	0.01761236	0.01285628	0.01239483	0.009643355	0.008899387	0.008886257	0.008881752	0.008880367	0.008880367	0.008848874	0.008845927	0.008843357	0.008840421	0.008840421	NA	NA	NA	NA	NA	NA	NA	NA	NA	NA	NA
20	0.7989466	0.03148484	0.01356026	0.01260491	0.01068128	0.01051404	0.0103818	0.0101842	0.01015255	0.008255428	0.007621114	0.007609837	0.007605966	0.007604776	0.007604776	0.007603323	0.007602481	0.007601481	0.007600983	0.007600983	NA	NA	NA	NA	NA	NA	NA	NA	NA	NA
21	0.01837098	0.01787009	0.01709363	0.01149478	0.01061026	0.01034594	0.01030169	0.01017007	0.01011064	0.01009374	0.00821027	0.007585086	0.007573862	0.00757001	0.007568825	0.007568825	0.007567801	0.007567048	0.007566065	0.00756558	0.00756558	NA	NA	NA	NA	NA	NA	NA	NA	NA
22	0.02175514	0.01373267	0.01329047	0.0129654	0.01146856	0.01059116	0.01032848	0.01028435	0.01015284	0.01009364	0.01007681	0.008194948	0.007578639	0.007567425	0.007563576	0.007562392	0.007562392	0.00756137	0.007560618	0.007559637	0.007559152	0.007559152	NA	NA	NA	NA	NA	NA	NA	NA
23	0.934392	0.006815351	0.002343164	0.002152439	0.002046901	0.0006517733	0.0005039265	0.0004875491	0.000482275	0.0004764971	0.0004493579	0.0004436145	0.0003602983	0.0003331903	0.000332698	0.000332529	0.0003324771	0.0003324771	0.0003322066	0.0003321397	0.0003317442	0.0003316235	0.0003316235	NA	NA	NA	NA	NA	NA	NA
24	0.7456488	0.6988531	0.004294088	0.001737973	0.00155615	0.001478087	0.0002825203	0.0002077611	0.0002019646	0.0002010684	0.0001985757	0.0001971756	0.0001917828	0.0001554049	0.0001436769	0.0001434646	0.0001433917	0.0001433693	0.0001433693	0.0001432477	0.0001431943	0.0001431002	0.0001430495	0.0001430495	NA	NA	NA	NA	NA	NA
25	0.9798765	0.7302964	0.6835319	0.004022919	0.001540177	0.00135879	0.001282162	0.0002228246	0.0001995232	0.0001939392	0.0001932865	0.0001908377	0.0001897129	0.000188467	0.0001526941	0.000141162	0.0001409532	0.0001408816	0.0001408596	0.0001408596	0.0001407901	0.0001407606	0.0001406699	0.0001406495	0.0001406495	NA	NA	NA	NA	NA
26	0.9993003	0.9798677	0.7302941	0.6835307	0.004021741	0.001539692	0.001358326	0.001281709	0.0002223719	0.0001990726	0.0001935021	0.0001928495	0.0001904008	0.0001893324	0.0001880961	0.0001526852	0.0001411531	0.0001409443	0.0001408727	0.0001408507	0.0001408507	0.0001407857	0.0001407586	0.0001406699	0.0001406495	0.0001406495	NA	NA	NA	NA
27	0.9795437	0.9791539	0.962395	0.7273665	0.6812084	0.001748649	0.0002801232	0.0002736713	0.0002518804	9.274e-05	7.175241e-05	6.947542e-05	6.914658e-05	6.826981e-05	6.76305e-05	6.750513e-05	5.467444e-05	5.055261e-05	5.047797e-05	5.045235e-05	5.044447e-05	5.044447e-05	5.039327e-05	5.036981e-05	5.028255e-05	5.02623e-05	5.02623e-05	NA	NA	NA
28	0.9709824	0.969618	0.9695771	0.9536275	0.718987	0.6797817	0.0003709855	0.0002422263	0.0002364813	0.0002159934	6.493285e-05	4.628736e-05	4.457579e-05	4.438171e-05	4.381637e-05	4.342887e-05	4.333891e-05	3.526697e-05	3.260356e-05	3.255547e-05	3.253896e-05	3.253389e-05	3.253389e-05	3.249714e-05	3.247614e-05	3.238931e-05	3.237889e-05	3.237889e-05	NA	NA
29	0.6837515	0.682784	0.681603	0.68157	0.6806933	0.6805267	0.6797587	0.0003480107	0.0002193678	0.0002180648	0.0002112025	6.480994e-05	4.616742e-05	4.445803e-05	4.42642e-05	4.370007e-05	4.331305e-05	4.322325e-05	3.516865e-05	3.253376e-05	3.248577e-05	3.24693e-05	3.246423e-05	3.246423e-05	3.24275e-05	3.240649e-05	3.231966e-05	3.230925e-05	3.230925e-05	NA
30	0.9991556	0.6829779	0.6827352	0.6815961	0.6815639	0.680692	0.6805255	0.6797576	0.0003469559	0.0002188665	0.0002175771	0.000210727	6.433495e-05	4.569531e-05	4.433792e-05	4.414422e-05	4.358205e-05	4.320331e-05	4.311673e-05	3.506299e-05	3.242822e-05	3.238027e-05	3.236382e-05	3.235876e-05	3.235876e-05	3.233392e-05	3.23275e-05	3.231966e-05	3.230925e-05	3.230925e-05
31	0.2208486	0.2208403	0.123527	0.123313	0.1223805	0.1223494	0.1214947	0.1213287	0.1205608	0.0003282879	0.0002013325	0.0002000633	0.0001932322	4.684255e-05	4.475811e-05	4.347747e-05	4.332777e-05	4.27749e-05	4.249037e-05	4.240624e-05	3.44821e-05	3.188955e-05	3.184239e-05	3.18262e-05	3.182122e-05	3.182122e-05	3.179748e-05	3.179408e-05	3.179244e-05	3.179155e-05
32	0.02921833	0.0275523	0.02755146	0.001628667	0.00149343	0.001246652	0.001244202	0.001134065	0.0009872986	0.0002240681	0.000206065	0.0001566715	0.0001564395	0.0001505061	4.250385e-06	3.244802e-06	2.889253e-06	2.847862e-06	2.813685e-06	2.66254e-06	2.64448e-06	2.145036e-06	1.984774e-06	1.981871e-06	1.980875e-06	1.980569e-06	1.980569e-06	1.959821e-06	1.956476e-06	1.955774e-06
33	0.7980051	0.02010354	0.01977024	0.01976973	0.001296847	0.001174952	0.001155256	0.001153954	0.001074451	0.0009285349	0.0001654936	0.00016025	0.000154822	0.0001546333	0.000148758	2.507833e-06	1.6568e-06	1.335578e-06	1.301634e-06	1.28705e-06	1.151447e-06	1.135479e-06	9.244249e-07	8.560023e-07	8.547708e-07	8.543483e-07	8.542184e-07	8.542184e-07	8.336687e-07	8.303519e-07
34	0.03601014	0.03225803	0.01952625	0.01944867	0.01944817	0.001007942	0.0009934765	0.0009738589	0.0009725686	0.0009289372	0.0008663277	0.0001597342	0.0001544911	0.000149075	0.0001490276	0.0001486002	2.491131e-06	1.640409e-06	1.319539e-06	1.285635e-06	1.271249e-06	1.135707e-06	1.119787e-06	9.115744e-07	8.445703e-07	8.433557e-07	8.42939e-07	8.428109e-07	8.428109e-07	8.222624e-07
35	0.9996799	0.03578538	0.03221849	0.01949065	0.01941528	0.01941498	0.0009874441	0.0009734731	0.0009553991	0.0009544709	0.0009286292	0.0008662669	0.0001597073	0.0001544648	0.0001490529	0.0001490056	0.0001485782	2.469153e-06	1.618777e-06	1.298422e-06	1.264537e-06	1.250154e-06	1.115596e-06	1.099792e-06	8.916013e-07	8.245973e-07	8.233827e-07	8.22966e-07	8.228379e-07	8.228379e-07
36	0.998425	0.9983764	0.03491566	0.0321451	0.01945841	0.01938928	0.01938906	0.0009828916	0.0009693116	0.0009515323	0.0009506764	0.0009284723	0.0008661671	0.0001596155	0.0001543732	0.0001489622	0.0001489149	0.0001484876	2.37853e-06	1.528226e-06	1.208685e-06	1.174804e-06	1.16057e-06	1.112054e-06	1.096374e-06	8.881973e-07	8.211956e-07	8.199816e-07	8.195649e-07	8.194368e-07
37	0.3113146	0.3109717	0.3109533	0.03311317	0.03050847	0.01944002	0.01937852	0.01937831	0.0009795086	0.0009681084	0.0009504158	0.0009496015	0.0009281099	0.000865839	0.0001593104	0.0001540682	0.0001486574	0.0001486102	0.0001481828	2.073822e-06	1.223532e-06	1.197346e-06	1.163465e-06	1.149239e-06	1.100906e-06	1.095616e-06	8.874551e-07	8.204541e-07	8.192404e-07	8.188239e-07
38	0.2799872	0.2775816	0.2774964	0.2774842	0.01455329	0.01199483	0.001079131	0.001019469	0.001019277	0.0009617798	0.0009505918	0.0009460264	0.0009452348	0.0009239164	0.0008616577	0.0001551304	0.0001517382	0.0001485983	0.0001485512	0.000148124	2.014963e-06	1.185375e-06	1.159449e-06	1.155738e-06	1.141567e-06	1.093298e-06	1.088033e-06	8.839754e-07	8.172291e-07	8.160201e-07
39	0.7301122	0.03005572	0.02768343	0.02759922	0.02758711	0.0004616897	0.0003143572	9.058162e-05	6.75467e-05	6.735393e-05	3.666401e-05	3.508541e-05	3.110449e-05	3.031293e-05	9.559795e-06	8.832761e-06	8.702888e-06	5.310691e-06	2.170793e-06	2.131405e-06	2.020006e-06	2.014753e-06	1.185164e-06	1.159239e-06	1.155528e-06	1.141356e-06	1.093087e-06	1.087822e-06	8.83765e-07	8.172291e-07
40	0.07385614	0.0713353	0.00700501	0.00676316	0.006713296	0.006703356	0.0002781789	0.0001486374	8.310209e-05	6.095015e-05	6.076142e-05	3.174172e-05	3.024729e-05	2.651257e-05	2.572837e-05	5.354202e-06	4.6321e-06	4.503e-06	4.446689e-06	1.312282e-06	1.27294e-06	1.161558e-06	1.156306e-06	1.139027e-06	1.113139e-06	1.110175e-06	1.096011e-06	1.092302e-06	1.087148e-06	8.831504e-07
41	0.0452717	0.01667378	0.01417497	0.005756667	0.005588148	0.005542087	0.005532828	0.0002627086	0.0001343674	8.252816e-05	6.083186e-05	6.064415e-05	3.167099e-05	3.019729e-05	2.646436e-05	2.56881e-05	5.347132e-06	4.626067e-06	4.497173e-06	4.440863e-06	1.306478e-06	1.267146e-06	1.155772e-06	1.150522e-06	1.133245e-06	1.109061e-06	1.106097e-06	1.091934e-06	1.088338e-06	1.087082e-06
42	0.03519787	0.02849663	0.01023023	0.008609453	0.002756715	0.002605264	0.002560951	0.00255177	0.0002453301	0.00011755	7.037115e-05	4.892377e-05	4.873635e-05	2.853233e-05	2.718472e-05	2.365291e-05	2.287753e-05	2.547013e-06	1.826253e-06	1.697394e-06	1.691957e-06	1.304345e-06	1.265017e-06	1.153647e-06	1.148398e-06	1.131771e-06	1.107598e-06	1.104808e-06	1.090644e-06	1.087064e-06
43	0.2692507	0.01951884	0.01349232	0.01002782	0.008459026	0.002699503	0.002548834	0.002504559	0.00249538	0.0002277197	0.0001029469	6.980112e-05	4.855375e-05	4.836633e-05	2.81863e-05	2.685317e-05	2.332146e-05	2.25461e-05	2.247759e-06	1.723932e-06	1.597935e-06	1.592499e-06	1.204886e-06	1.176561e-06	1.152082e-06	1.148315e-06	1.131688e-06	1.107516e-06	1.104725e-06	1.090562e-06
44	0.9732279	0.2687002	0.0194835	0.01347139	0.01001441	0.00844593	0.002695054	0.002544461	0.00250019	0.002491012	0.0002276509	0.0001028913	6.978299e-05	4.855066e-05	4.836325e-05	2.818337e-05	2.685214e-05	2.332042e-05	2.254508e-05	2.247101e-06	1.723447e-06	1.5977e-06	1.592264e-06	1.204651e-06	1.17635e-06	1.151953e-06	1.148297e-06	1.13167e-06	1.107497e-06	1.104707e-06
