#unpaired probabilities
 #i$	l=1	2	3	4	5	6	7	8	9	10	11	12	13	14	15	16	17	18	19	20	21	22	23	24	25	26	27	28	29	30	
1	0.9998342	NA	NA	NA	NA	NA	NA	NA	NA	NA	NA	NA	NA	NA	NA	NA	NA	NA	NA	NA	NA	NA	NA	NA	NA	NA	NA	NA	NA	NA
2	0.9592063	0.9325074	NA	NA	NA	NA	NA	NA	NA	NA	NA	NA	NA	NA	NA	NA	NA	NA	NA	NA	NA	NA	NA	NA	NA	NA	NA	NA	NA	NA
3	0.9584892	0.9443621	0.9309578	NA	NA	NA	NA	NA	NA	NA	NA	NA	NA	NA	NA	NA	NA	NA	NA	NA	NA	NA	NA	NA	NA	NA	NA	NA	NA	NA
4	0.9602687	0.9505381	0.9375438	0.9299469	NA	NA	NA	NA	NA	NA	NA	NA	NA	NA	NA	NA	NA	NA	NA	NA	NA	NA	NA	NA	NA	NA	NA	NA	NA	NA
5	0.9921008	0.9531038	0.9431814	0.9300176	0.9233418	NA	NA	NA	NA	NA	NA	NA	NA	NA	NA	NA	NA	NA	NA	NA	NA	NA	NA	NA	NA	NA	NA	NA	NA	NA
6	0.8933647	0.8951785	0.8803023	0.8697756	0.842057	0.7969381	NA	NA	NA	NA	NA	NA	NA	NA	NA	NA	NA	NA	NA	NA	NA	NA	NA	NA	NA	NA	NA	NA	NA	NA
7	0.2130454	0.1624164	0.1532285	0.1321788	0.1233182	0.1357083	0.1940877	NA	NA	NA	NA	NA	NA	NA	NA	NA	NA	NA	NA	NA	NA	NA	NA	NA	NA	NA	NA	NA	NA	NA
8	0.04609708	0.02958743	0.03118025	0.031294	0.03131052	0.02290733	0.02039645	0.006524533	NA	NA	NA	NA	NA	NA	NA	NA	NA	NA	NA	NA	NA	NA	NA	NA	NA	NA	NA	NA	NA	NA
9	0.1045594	0.02871664	0.0211694	0.02342938	0.02415464	0.02515983	0.02180157	0.01915745	0.004883453	NA	NA	NA	NA	NA	NA	NA	NA	NA	NA	NA	NA	NA	NA	NA	NA	NA	NA	NA	NA	NA
10	0.4524321	0.08984541	0.02494252	0.01862936	0.02063509	0.02153027	0.02278752	0.02105909	0.01845569	0.004443947	NA	NA	NA	NA	NA	NA	NA	NA	NA	NA	NA	NA	NA	NA	NA	NA	NA	NA	NA	NA
11	0.1258697	0.08044032	0.02891736	0.0069855	0.00477863	0.005255862	0.005395809	0.0055436	0.005139928	0.004691084	0.002008454	NA	NA	NA	NA	NA	NA	NA	NA	NA	NA	NA	NA	NA	NA	NA	NA	NA	NA	NA
12	0.471033	0.08444364	0.05086806	0.01769919	0.004332324	0.002918965	0.003196895	0.003280396	0.003379294	0.003159915	0.002913351	0.001290607	NA	NA	NA	NA	NA	NA	NA	NA	NA	NA	NA	NA	NA	NA	NA	NA	NA	NA
13	0.2623959	0.03867275	0.01883821	0.01295771	0.003982061	0.001213073	0.0007699357	0.0008394315	0.0008795179	0.0009273524	0.000854241	0.0007406762	0.0001394843	NA	NA	NA	NA	NA	NA	NA	NA	NA	NA	NA	NA	NA	NA	NA	NA	NA
14	0.1644178	0.06881728	0.03433057	0.01598323	0.01058985	0.002635868	0.0007234157	0.0003899307	0.0004189191	0.0004343224	0.0004458141	0.0004115147	0.0003675885	0.0001206988	NA	NA	NA	NA	NA	NA	NA	NA	NA	NA	NA	NA	NA	NA	NA	NA
15	0.1122355	0.06722913	0.0316602	0.02137734	0.005364045	0.004256183	0.001424272	0.000384753	0.0001291943	0.0001269828	0.0001313557	0.0001274812	0.0001248398	0.0001177463	6.260189e-05	NA	NA	NA	NA	NA	NA	NA	NA	NA	NA	NA	NA	NA	NA	NA
16	0.2817479	0.08043143	0.06339769	0.02912764	0.01991757	0.004364184	0.003248515	0.001264771	0.0003304104	8.445409e-05	7.644008e-05	7.779488e-05	6.956667e-05	7.147769e-05	7.272716e-05	5.994321e-05	NA	NA	NA	NA	NA	NA	NA	NA	NA	NA	NA	NA	NA	NA
17	0.5900404	0.2729758	0.07594254	0.05903033	0.02708136	0.01931455	0.004105396	0.003015143	0.001057713	0.000176093	7.274294e-05	7.281028e-05	7.388891e-05	6.524059e-05	6.705014e-05	6.891445e-05	5.940865e-05	NA	NA	NA	NA	NA	NA	NA	NA	NA	NA	NA	NA	NA
18	0.8083965	0.5121125	0.2031087	0.07137822	0.05785129	0.02634551	0.01927369	0.004082493	0.00300264	0.001049659	0.0001749622	7.233573e-05	7.235799e-05	7.340089e-05	6.46996e-05	6.649639e-05	6.834168e-05	5.890717e-05	NA	NA	NA	NA	NA	NA	NA	NA	NA	NA	NA	NA
19	0.6064036	0.6082967	0.3618544	0.1320035	0.03363586	0.02432968	0.01470931	0.01210593	0.002613008	0.001903599	0.0002978738	5.370123e-05	3.421795e-05	3.757654e-05	3.561501e-05	2.246612e-05	2.29001e-05	3.063188e-05	5.275541e-05	NA	NA	NA	NA	NA	NA	NA	NA	NA	NA	NA
20	0.3689223	0.293793	0.2959058	0.06054801	0.04335008	0.01469236	0.01159515	0.004290702	0.003071099	0.002236583	0.001666953	0.000213956	3.838592e-05	2.294816e-05	2.496103e-05	2.205244e-05	1.794204e-05	1.83915e-05	2.498358e-05	4.367765e-05	NA	NA	NA	NA	NA	NA	NA	NA	NA	NA
21	0.401349	0.3460688	0.2728702	0.2741953	0.03807249	0.02014732	0.01437019	0.01128602	0.004166287	0.003009591	0.002197489	0.001643807	0.0002085267	3.733721e-05	2.222192e-05	2.416097e-05	2.149084e-05	1.747844e-05	1.793975e-05	2.436484e-05	4.258599e-05	NA	NA	NA	NA	NA	NA	NA	NA	NA
22	0.335306	0.2089453	0.1513596	0.06861331	0.0586831	0.034844	0.01682272	0.01089927	0.01071754	0.003582966	0.00238235	0.001516895	0.0008964181	0.000206997	3.719382e-05	2.213426e-05	2.406519e-05	2.13929e-05	1.738879e-05	1.786424e-05	2.431625e-05	4.252099e-05	NA	NA	NA	NA	NA	NA	NA	NA
23	0.1003225	0.09973759	0.1037661	0.088859	0.02797727	0.02857261	0.0164751	0.002680566	0.0002531054	0.0001427679	4.510941e-05	2.810249e-05	1.580896e-05	1.002898e-05	3.596934e-06	8.072517e-07	5.564554e-07	6.110937e-07	6.0913e-07	6.051521e-07	5.518186e-07	5.3951e-07	3.717512e-07	NA	NA	NA	NA	NA	NA	NA
24	0.3898559	0.03529796	0.03433023	0.03572804	0.03101485	0.02718117	0.02782612	0.01579556	0.002558323	0.0001616609	5.113694e-05	1.530631e-05	9.345337e-06	5.118809e-06	3.560588e-06	1.817658e-06	5.088166e-07	3.915443e-07	4.380743e-07	4.544599e-07	4.780034e-07	4.302571e-07	3.7518e-07	8.724392e-08	NA	NA	NA	NA	NA	NA
25	0.6107277	0.3645217	0.01960827	0.01845503	0.01917208	0.01882294	0.01499629	0.01554192	0.002849991	0.002537724	0.0001463239	3.591194e-05	1.027476e-05	6.001653e-06	2.991636e-06	2.299851e-06	1.519574e-06	4.559287e-07	3.587533e-07	4.02423e-07	4.224416e-07	4.514089e-07	4.033745e-07	3.396228e-07	2.792997e-08	NA	NA	NA	NA	NA
26	0.6460781	0.5658998	0.3412365	0.01322532	0.01224833	0.01269046	0.01289255	0.01331323	0.0137708	0.0009956992	0.0005745842	0.0001430304	3.274085e-05	9.132098e-06	5.315241e-06	2.554631e-06	2.029739e-06	1.434735e-06	4.376178e-07	3.469991e-07	3.89941e-07	4.107897e-07	4.410119e-07	3.957628e-07	3.307741e-07	1.64302e-08	NA	NA	NA	NA
27	0.5727607	0.5173544	0.4919446	0.3327092	0.006073559	0.005197838	0.005327753	0.005174147	0.005192686	0.005200833	0.0009657095	0.00054383	0.0001117426	3.234733e-05	8.991627e-06	5.218697e-06	2.489013e-06	1.977542e-06	1.40867e-06	4.309361e-07	3.423897e-07	3.848468e-07	4.056444e-07	4.363946e-07	3.918383e-07	3.297801e-07	1.503801e-08	NA	NA	NA
28	0.5189494	0.4775135	0.4722919	0.4685808	0.3267147	0.002802321	0.001826537	0.001827822	0.00161548	0.001531774	0.001379861	0.0009207621	0.0005249399	0.0001037393	2.631069e-05	6.725537e-06	3.661574e-06	1.415858e-06	1.10553e-06	7.575733e-07	2.019848e-07	1.518013e-07	1.694229e-07	1.773713e-07	1.890744e-07	1.651416e-07	1.395023e-07	8.918238e-09	NA	NA
29	0.4582838	0.3860626	0.3884262	0.3999872	0.4094229	0.3216536	0.001072923	0.0002181214	0.0001701525	0.0001171659	0.0001027687	9.623801e-05	4.771627e-05	3.38503e-05	4.717269e-06	1.779904e-06	5.134632e-07	3.056949e-07	1.690727e-07	1.216734e-07	6.131601e-08	1.706401e-08	1.323412e-08	1.483804e-08	1.553802e-08	1.656648e-08	1.535042e-08	1.334558e-08	2.555139e-09	NA
30	0.3418215	0.1758572	0.1704755	0.1737544	0.1789101	0.1843659	0.186847	0.0009801277	0.000136788	0.0001091484	6.620068e-05	5.5481e-05	5.197725e-05	2.990366e-05	2.37486e-05	2.533662e-06	1.268917e-06	3.818756e-07	2.323324e-07	1.396762e-07	9.665184e-08	4.86736e-08	1.375325e-08	1.074749e-08	1.206104e-08	1.259545e-08	1.338385e-08	1.241777e-08	1.089305e-08	2.454606e-09
31	0.3424321	0.1691518	0.1608535	0.1641898	0.1696941	0.175957	0.1824857	0.1860904	0.0004586634	9.375007e-05	6.669143e-05	2.828542e-05	2.134185e-05	1.860728e-05	1.206676e-05	6.949991e-06	1.861385e-06	9.006404e-07	2.536277e-07	1.494513e-07	8.570344e-08	5.294214e-08	1.61045e-08	2.50492e-09	1.414763e-09	1.518697e-09	1.414717e-09	1.258243e-09	1.264107e-09	1.532225e-09
32	0.215129	0.04654018	0.01992216	0.007214456	0.005589347	0.00527053	0.00528379	0.005048972	0.001783318	0.0004483411	8.482232e-05	6.169193e-05	2.426961e-05	1.759908e-05	1.47832e-05	1.186845e-05	6.804349e-06	1.766629e-06	8.884693e-07	2.495385e-07	1.468273e-07	8.395193e-08	5.14152e-08	1.528599e-08	2.231044e-09	1.190518e-09	1.265375e-09	1.145984e-09	9.670362e-10	9.959862e-10
33	0.3313975	0.1333311	0.0459928	0.01966878	0.006998871	0.005376703	0.005103965	0.005112384	0.004873692	0.001627643	0.000295024	8.407702e-05	6.10329e-05	2.380905e-05	1.730773e-05	1.452355e-05	1.165132e-05	6.681044e-06	1.742941e-06	8.825389e-07	2.478272e-07	1.461107e-07	8.361641e-08	5.119754e-08	1.519902e-08	2.214872e-09	1.181504e-09	1.258113e-09	1.138915e-09	9.602596e-10
34	0.7939904	0.3275861	0.1325809	0.04559089	0.01925623	0.006572213	0.005373162	0.00510033	0.005108613	0.004872471	0.001626556	0.0002939865	8.30316e-05	6.102949e-05	2.380823e-05	1.730725e-05	1.452317e-05	1.165104e-05	6.680879e-06	1.742911e-06	8.825311e-07	2.478252e-07	1.461098e-07	8.361566e-08	5.119735e-08	1.51989e-08	2.214855e-09	1.181498e-09	1.258106e-09	1.138908e-09
35	0.647315	0.6369081	0.2944628	0.1157388	0.03895849	0.01685051	0.006037933	0.005011217	0.004809603	0.004829173	0.004597802	0.00149684	0.0001973724	8.056203e-05	5.892444e-05	2.217581e-05	1.655664e-05	1.390814e-05	1.118715e-05	6.382153e-06	1.617289e-06	7.83434e-07	2.173062e-07	1.26419e-07	7.13374e-08	4.389253e-08	1.341952e-08	1.928372e-09	1.004962e-09	1.069478e-09
36	0.9996025	0.6471735	0.6367625	0.294351	0.1156289	0.03885807	0.01674738	0.005931248	0.005004128	0.004802267	0.004821556	0.004597237	0.001496253	0.0001967605	7.992226e-05	5.892443e-05	2.21758e-05	1.655664e-05	1.390814e-05	1.118715e-05	6.382153e-06	1.617289e-06	7.834336e-07	2.173059e-07	1.264186e-07	7.133699e-08	4.389253e-08	1.341952e-08	1.928372e-09	1.004962e-09
37	0.5755744	0.5897095	0.4240123	0.4309669	0.179937	0.02575008	0.00609351	0.004579555	0.003552184	0.003532431	0.003526721	0.003636582	0.003443447	0.001312287	0.0001797372	6.467229e-05	4.502489e-05	1.099802e-05	6.623106e-06	5.305434e-06	4.008983e-06	2.190564e-06	4.145047e-07	1.30238e-07	2.932941e-08	8.578698e-09	4.613181e-09	3.393067e-09	2.047273e-09	2.391335e-10
38	0.5227326	0.4797647	0.4914575	0.3910171	0.400776	0.1781397	0.02448619	0.005728292	0.004429444	0.003495262	0.00348307	0.003481441	0.003592516	0.003400374	0.001302717	0.0001771539	6.209152e-05	4.238467e-05	1.041561e-05	6.099929e-06	4.837312e-06	3.554842e-06	2.078944e-06	3.701629e-07	9.528436e-08	2.54047e-08	6.30531e-09	3.113275e-09	2.352209e-09	1.514366e-09
39	0.3551803	0.3044406	0.2826204	0.2891459	0.2178671	0.2230308	0.02115805	0.01985968	0.003782681	0.002944112	0.002088053	0.00203895	0.002101937	0.002169588	0.002037267	0.0007639811	3.445983e-05	2.622248e-05	1.014769e-05	3.957422e-06	1.313346e-06	9.865554e-07	1.984508e-07	1.185966e-07	3.769458e-08	2.205549e-08	1.158776e-08	1.690263e-09	5.352566e-10	4.262616e-10
40	0.147553	0.09841261	0.07776516	0.07158215	0.07355779	0.03827098	0.0392557	0.004031721	0.003326837	0.001943895	0.001935278	0.001906081	0.001960959	0.002023978	0.002092634	0.001967772	0.0007335095	2.76194e-05	1.917636e-05	1.002495e-05	3.903719e-06	1.289372e-06	9.666202e-07	1.897868e-07	1.117869e-07	3.257581e-08	2.052353e-08	1.11568e-08	1.484951e-09	4.835955e-10
41	0.1103322	0.06234165	0.06330729	0.05044849	0.0448393	0.04607864	0.02893307	0.02972799	0.001188299	0.0008277267	0.000197165	0.0001543843	7.521143e-05	6.592505e-05	6.235841e-05	5.898217e-05	5.116212e-05	1.828217e-05	1.048782e-06	8.593573e-07	6.565272e-07	5.186259e-07	4.712488e-07	4.788569e-07	1.21715e-08	6.928496e-09	2.598926e-09	1.702329e-09	6.32431e-10	4.287244e-10
42	0.2402015	0.04347993	0.02738011	0.02780593	0.01500526	0.01487751	0.01528465	0.005219103	0.005318129	0.001130686	0.0007699565	0.0001550722	0.0001113351	3.116607e-05	2.033155e-05	1.51137e-05	1.009174e-05	5.127819e-06	1.196878e-06	4.285136e-07	4.358924e-07	4.482819e-07	4.452772e-07	4.515463e-07	4.671453e-07	8.025397e-09	4.531538e-09	2.000489e-09	1.38069e-09	5.205874e-10
43	0.6198808	0.1149999	0.0354199	0.02096549	0.02129049	0.008473533	0.008366794	0.008593885	0.005103754	0.005200507	0.00112081	0.0007608171	0.0001518889	0.0001089998	3.027934e-05	1.951326e-05	1.435141e-05	9.404203e-06	4.500319e-06	9.76252e-07	4.179459e-07	4.276846e-07	4.434313e-07	4.421718e-07	4.491242e-07	4.652869e-07	7.789647e-09	4.394882e-09	1.950297e-09	1.347605e-09
44	0.3136782	0.2935818	0.04479925	0.00458288	0.0009088725	0.0008928537	0.0008084877	0.0007969681	0.0008177518	0.0007002005	0.0007050727	0.000431194	9.215174e-05	2.383813e-05	8.272e-06	2.108866e-06	1.62629e-06	1.376468e-06	1.302258e-06	1.172046e-06	1.67773e-07	1.212084e-08	1.155648e-08	1.115537e-08	9.198713e-09	8.352111e-09	5.962115e-09	3.204574e-09	1.401576e-09	5.736702e-10
45	0.3581028	0.2713981	0.26752	0.03310199	0.0004995343	0.0003008023	0.0003045779	0.0003103171	0.0003173658	0.0003260921	0.0003337056	0.000343344	0.0003421079	2.287328e-05	1.446591e-06	5.553289e-07	4.323522e-07	6.574334e-08	3.348913e-08	3.11652e-08	1.714906e-08	3.846493e-09	2.295156e-10	2.007129e-10	1.73794e-10	1.005086e-10	7.015942e-11	5.125898e-11	2.849407e-11	2.20493e-11
46	0.1851431	0.1240791	0.04448521	0.04337431	0.03268918	0.0001775218	3.058169e-05	2.782147e-05	2.74173e-05	2.715146e-05	2.782933e-05	2.838327e-05	2.914564e-05	2.107822e-05	2.163719e-05	5.436901e-07	4.584244e-07	4.021893e-07	3.710703e-08	7.928893e-09	5.828296e-09	4.910233e-09	1.159451e-09	5.287941e-11	4.094267e-11	2.880378e-11	1.601025e-11	9.194722e-12	7.136795e-12	3.377105e-12
47	0.4065261	0.02086801	0.009388443	0.002677928	0.001221474	0.0003242991	0.0001462377	5.964118e-06	2.696501e-06	1.739091e-06	8.869246e-07	8.388963e-07	6.979479e-07	6.514945e-07	3.879534e-07	3.107557e-07	1.567619e-07	6.688319e-08	3.662664e-08	3.474447e-08	6.252292e-09	4.615811e-09	3.98047e-09	1.041173e-09	4.22663e-11	3.129678e-11	1.988502e-11	1.027166e-11	5.662896e-12	4.116523e-12
48	0.1632295	0.07810787	0.008720473	0.0005933114	0.0004234418	0.000348285	0.0002313877	8.342278e-05	5.161314e-06	2.093323e-06	1.324274e-06	6.386487e-07	5.974653e-07	4.907688e-07	4.516013e-07	2.605292e-07	2.099551e-07	7.862009e-08	3.27317e-08	7.057926e-09	4.660324e-09	4.187188e-09	2.525941e-09	2.126613e-09	4.080658e-10	1.878349e-11	1.47974e-11	1.088494e-11	6.46194e-12	4.065144e-12
49	0.284694	0.09799077	0.0756009	0.007455313	0.0004644961	0.0003726676	0.0003376407	0.000228185	8.236866e-05	4.24275e-06	2.063667e-06	1.306789e-06	6.255798e-07	5.84124e-07	4.807741e-07	4.414104e-07	2.575086e-07	2.069719e-07	7.631616e-08	3.04458e-08	5.944314e-09	3.525124e-09	3.015076e-09	2.310132e-09	2.082775e-09	3.948077e-10	1.82804e-11	1.444274e-11	1.068802e-11	6.379966e-12
50	0.411174	0.2519931	0.09600042	0.07404212	0.007336614	0.0004263157	0.0003431869	0.0003106823	0.000202083	8.084417e-05	2.976093e-06	2.033639e-06	1.28662e-06	6.087368e-07	5.669785e-07	4.655822e-07	4.259618e-07	2.476908e-07	1.970957e-07	7.545072e-08	2.974669e-08	5.506173e-09	3.108949e-09	2.596569e-09	2.251575e-09	2.04061e-09	3.90355e-10	1.804991e-11	1.425529e-11	1.053772e-11
51	0.4169142	0.2098001	0.1190136	0.06934079	0.04933222	0.006445997	0.0003636647	0.0002919388	0.0002641965	0.0001721214	6.90677e-05	2.485467e-06	1.711601e-06	1.080394e-06	5.021421e-07	4.639885e-07	3.833803e-07	3.474794e-07	2.183323e-07	1.73759e-07	6.441572e-08	2.381936e-08	4.169505e-09	2.342078e-09	1.976632e-09	1.764268e-09	1.688316e-09	3.224783e-10	1.54525e-11	1.214556e-11
52	0.7087781	0.3776217	0.1889459	0.1025006	0.06697119	0.04730233	0.006327532	0.0003528059	0.0002832312	0.0002572601	0.0001674452	6.766964e-05	2.337215e-06	1.657045e-06	1.038163e-06	4.707442e-07	4.324488e-07	3.538022e-07	3.177076e-07	2.023001e-07	1.581505e-07	6.253598e-08	2.269291e-08	3.847559e-09	2.065557e-09	1.720019e-09	1.577116e-09	1.50407e-09	3.137091e-10	1.480594e-11
53	0.9496099	0.6977864	0.3765695	0.1879395	0.1015296	0.06692425	0.0472702	0.006320998	0.0003523399	0.0002828305	0.0002568781	0.0001671939	6.756646e-05	2.333917e-06	1.654806e-06	1.036897e-06	4.703653e-07	4.321178e-07	3.53536e-07	3.174823e-07	2.021344e-07	1.580297e-07	6.246572e-08	2.265992e-08	3.841672e-09	2.063005e-09	1.717498e-09	1.574617e-09	1.501934e-09	3.131878e-10
54	0.03519817	0.03551452	0.03466803	0.00501822	0.00442813	0.004162146	0.004048085	0.000440972	3.053822e-05	2.125022e-06	1.722594e-06	1.554725e-06	1.014108e-06	4.081544e-07	1.431226e-08	1.014046e-08	6.287531e-09	2.813229e-09	2.66588e-09	2.152656e-09	2e-09	1.129453e-09	9.10912e-10	3.132765e-10	1.215346e-10	2.846471e-11	1.974826e-11	1.707662e-11	1.595288e-11	1.436382e-11
55	0.02936617	0.02826567	0.0286334	0.02887128	0.0005958647	0.0004196146	0.0002218664	0.0001880338	0.0001836184	1.313442e-06	1.011237e-07	7.482928e-08	5.124682e-08	2.611662e-08	7.905511e-09	6.631334e-10	5.763272e-10	4.846114e-10	4.239715e-10	4.315782e-10	3.590489e-10	3.640509e-10	1.435139e-10	1.394084e-10	1.968199e-11	1.280269e-11	5.181203e-12	4.499994e-12	3.973336e-12	3.486754e-12
56	0.1880038	0.02856927	0.02789321	0.02837683	0.02864299	0.0004262996	0.000275414	7.632341e-05	4.252526e-05	3.856859e-05	8.955726e-07	7.107482e-08	4.913395e-08	2.773729e-08	1.076264e-08	1.630731e-09	4.31886e-10	4.129601e-10	3.804418e-10	3.738706e-10	3.836231e-10	3.35197e-10	3.426014e-10	1.306753e-10	1.293111e-10	1.426253e-11	9.694909e-12	4.627078e-12	4.154724e-12	3.634803e-12
57	0.1292594	0.05131496	0.02685366	0.02651313	0.02698442	0.02733476	0.0003430141	0.0002015287	3.172694e-06	2.977445e-06	1.07959e-06	6.909289e-08	1.631751e-08	1.279928e-08	8.030095e-09	5.921275e-10	9.370838e-11	3.586783e-11	3.343751e-11	2.877035e-11	2.63556e-11	2.700006e-11	1.276714e-11	1.302016e-11	3.030108e-12	2.936897e-12	1.974053e-12	1.716398e-12	1.572258e-12	1.623416e-12
58	0.08666566	0.07331633	0.01776018	0.001143303	0.0003516026	0.0003299208	0.0002216738	6.261315e-05	1.144718e-05	2.608214e-06	2.510488e-06	6.926083e-07	6.148385e-08	1.438374e-08	1.178995e-08	7.385529e-09	2.626611e-10	6.936119e-11	2.347e-11	2.286509e-11	2.17926e-11	1.998405e-11	2.045809e-11	9.760349e-12	9.96697e-12	1.994399e-12	1.962068e-12	1.494819e-12	1.485154e-12	1.509153e-12
59	0.4414073	0.0775829	0.07291971	0.01747486	0.001079804	0.0002883076	0.0002814621	0.0001732102	1.355167e-05	1.133237e-05	2.586322e-06	2.494361e-06	6.805578e-07	6.001607e-08	1.422474e-08	1.167778e-08	7.302855e-09	2.11882e-10	5.016695e-11	2.256328e-11	2.217297e-11	2.134569e-11	1.970762e-11	2.023938e-11	9.629854e-12	9.850076e-12	1.932636e-12	1.90926e-12	1.46665e-12	1.473961e-12
60	0.0518479	0.02466348	0.01697222	0.01677112	0.01685004	0.001066067	0.0002772403	0.0002702213	0.0001646873	7.470863e-06	5.226666e-06	8.130773e-07	6.974218e-07	6.693107e-07	5.767645e-08	1.358129e-08	1.11563e-08	7.150083e-09	1.407636e-10	2.282978e-11	2.108092e-11	2.094436e-11	2.050231e-11	1.908158e-11	1.960988e-11	9.232289e-12	9.455943e-12	1.640217e-12	1.635454e-12	1.312633e-12
61	0.403156	0.03251495	0.01497407	0.008481108	0.008199348	0.008147129	0.0003304464	0.0002764998	0.0002695346	0.0001642387	7.272375e-06	5.032834e-06	6.165958e-07	5.636044e-07	5.329134e-07	5.719023e-08	1.35562e-08	1.113651e-08	7.142307e-09	1.346651e-10	1.733955e-11	1.572221e-11	1.584882e-11	1.548234e-11	1.558328e-11	1.601456e-11	9.184115e-12	9.406838e-12	1.630313e-12	1.625507e-12
62	0.2567222	0.1518249	0.009902964	0.004573978	0.0009735715	0.0009092765	0.0008278358	0.0003095628	0.0002727811	0.0002658519	0.0001630103	6.798515e-06	4.582746e-06	1.622678e-07	1.045189e-07	6.460345e-08	5.649868e-08	1.348529e-08	1.10799e-08	7.107228e-09	1.147147e-10	1.116763e-11	1.090137e-11	1.10968e-11	1.127627e-11	1.147661e-11	1.179466e-11	8.786785e-12	9.001826e-12	1.5783e-12
63	0.7735239	0.2208111	0.1373829	0.005453213	0.001156012	0.0006106968	0.000597036	0.000553979	0.0001438793	0.0001420772	0.0001444381	0.0001352694	5.598361e-06	4.195156e-06	4.529624e-08	1.054818e-08	7.401288e-09	5.174012e-09	4.286792e-09	4.337055e-09	4.372823e-09	3.833025e-11	9.397482e-13	8.08817e-13	7.808061e-13	7.219142e-13	7.080342e-13	7.276443e-13	4.689206e-13	4.670269e-13
64	0.291059	0.2822411	0.2102396	0.1304358	0.0006978034	0.0005016035	9.016836e-05	8.560019e-05	4.841119e-05	4.017177e-06	2.999572e-06	3.036723e-06	2.356171e-06	2.323667e-06	2.353735e-06	2.740734e-08	2.03782e-09	1.901122e-09	8.138096e-11	2.998322e-11	2.857517e-11	2.659465e-11	2.568095e-11	2.458153e-13	1.853103e-13	1.833597e-13	1.759919e-13	1.770774e-13	1.819849e-13	6.427816e-14
65	0.9019966	0.2841865	0.2793036	0.2076054	0.1279643	0.0002706516	8.838383e-05	6.674899e-05	6.273714e-05	2.548695e-05	2.245496e-06	2.215545e-06	2.255992e-06	2.272149e-06	2.309288e-06	2.342338e-06	1.612048e-08	1.538742e-09	1.485061e-09	9.085886e-12	1.708854e-12	1.399492e-12	9.083921e-13	6.034691e-13	8.488544e-14	2.741369e-14	2.270862e-14	1.723019e-14	1.578083e-14	1.621225e-14
66	0.5410962	0.5243047	0.1339147	0.1313365	0.1258902	0.1278194	0.0002117535	3.519609e-05	1.645532e-05	1.450738e-05	1.383099e-05	7.46971e-08	3.410754e-08	3.37325e-08	1.959027e-08	1.587709e-08	1.596387e-08	1.605489e-08	1.501293e-09	1.473639e-09	7.14166e-12	1.36391e-12	1.111211e-12	7.03519e-13	5.013028e-13	2.509641e-14	2.094006e-14	1.630341e-14	1.097675e-14	1.013993e-14
67	0.6779406	0.5365555	0.5223316	0.1332366	0.130753	0.1253111	0.1272367	0.0002102127	3.407176e-05	1.556344e-05	1.362525e-05	1.293437e-05	5.953383e-08	2.117136e-08	2.05721e-08	6.995288e-09	3.19541e-09	3.032874e-09	2.860828e-09	1.500271e-09	1.472715e-09	7.079617e-12	1.355164e-12	1.103956e-12	6.984423e-13	4.975307e-13	2.260636e-14	1.851188e-14	1.565515e-14	1.05147e-14
68	0.6656159	0.4604168	0.4192708	0.4033553	0.01253389	0.008195457	0.0007823566	0.0006691766	0.0002057633	3.343991e-05	1.498093e-05	1.304948e-05	1.234922e-05	5.222791e-08	1.799791e-08	1.739027e-08	6.032111e-09	2.481559e-09	2.31483e-09	2.129342e-09	1.378512e-09	1.348473e-09	6.960835e-12	1.343596e-12	1.095034e-12	6.935731e-13	4.948937e-13	2.154931e-14	1.751503e-14	1.484235e-14
69	0.3487662	0.2538293	0.1312878	0.09209057	0.07175788	0.01163516	0.007615917	0.0002316516	0.0001221079	3.852803e-05	3.269409e-05	1.458646e-05	1.280172e-05	1.211779e-05	4.890102e-08	1.542679e-08	1.490593e-08	3.977059e-09	1.167058e-09	1.019251e-09	8.128158e-10	1.315992e-10	8.541869e-11	4.736698e-12	9.845592e-13	8.234784e-13	5.605693e-13	4.166094e-13	1.873041e-14	1.526016e-14
70	0.5512743	0.1932034	0.1234839	0.04009754	0.03074712	0.01474995	0.008192426	0.007112453	5.106167e-05	2.357315e-05	3.472747e-06	1.707686e-06	7.338831e-07	1.131836e-07	9.474935e-08	1.22885e-09	8.311747e-10	7.994803e-10	6.571574e-10	3.446884e-10	2.643027e-10	6.695805e-11	5.882544e-11	1.554078e-11	5.774104e-13	1.701214e-13	1.120945e-13	3.785547e-14	1.509849e-14	1.737763e-15
71	0.182792	0.1799502	0.1619848	0.09939386	0.02538322	0.01994821	0.005486878	0.0002356978	4.193402e-05	1.074363e-05	4.288646e-06	7.397794e-07	2.901754e-07	1.037515e-07	6.68136e-09	3.801674e-09	7.622843e-11	4.864458e-11	4.886424e-11	4.471841e-11	4.128657e-11	3.604836e-11	3.659684e-11	3.686213e-11	2.521824e-12	4.377466e-14	3.736912e-15	2.948722e-15	2.084866e-15	1.301581e-15
72	0.1100869	0.0946236	0.09308129	0.07407879	0.01181603	0.01121867	0.005647796	0.005427573	0.0002079551	3.643301e-05	7.674009e-06	3.83238e-06	6.769843e-07	2.583997e-07	9.064191e-08	4.318685e-09	2.5359e-09	3.315645e-11	1.131711e-11	1.131216e-11	9.300492e-12	7.972098e-12	2.607109e-12	2.558856e-12	2.402869e-12	2.387251e-12	3.271001e-14	2.061162e-15	1.754839e-15	1.5132e-15
73	0.2915845	0.1037315	0.09145849	0.09001046	0.07101707	0.008754411	0.008158288	0.004699436	0.004488552	0.0001928195	3.428953e-05	6.939366e-06	3.358608e-06	4.681093e-07	2.402022e-07	8.414082e-08	4.094882e-09	2.451967e-09	2.953099e-11	9.1292e-12	9.103497e-12	7.147163e-12	5.881059e-12	4.841467e-13	3.988762e-13	2.124587e-13	1.558551e-13	2.932651e-14	1.990058e-15	1.712632e-15
74	0.332739	0.2130269	0.09564846	0.08494247	0.08342705	0.06434777	0.001991614	0.001299308	0.0006877835	0.0004170994	0.0001911831	3.407085e-05	6.86794e-06	3.311776e-06	4.424229e-07	2.157622e-07	8.176434e-08	2.343614e-09	7.002371e-10	2.219393e-11	6.832331e-12	6.821425e-12	6.533998e-12	5.730281e-12	3.489111e-13	2.641549e-13	1.747864e-13	1.201925e-13	2.455732e-14	1.909607e-15
75	0.2054745	0.1615756	0.1350104	0.0170907	0.005490955	0.003089808	0.002459263	0.001936631	0.001285621	0.0006750146	0.0004053849	0.0001797066	2.417617e-05	6.825298e-06	3.303712e-06	4.413637e-07	2.152522e-07	8.148978e-08	2.320639e-09	6.831776e-10	1.6922e-11	1.526991e-12	1.418589e-12	1.065424e-12	4.143286e-13	3.404778e-13	2.586534e-13	1.702904e-13	1.167303e-13	2.432191e-14
76	0.2878811	0.1993253	0.1610748	0.1345509	0.01694006	0.005348804	0.002952132	0.002322791	0.001823673	0.001284573	0.0006742554	0.0004052616	0.000179634	2.413967e-05	6.80673e-06	3.302034e-06	4.41215e-07	2.152262e-07	8.147137e-08	2.31907e-09	6.827392e-10	1.68903e-11	1.498972e-12	1.3903e-12	1.042146e-12	4.040598e-13	3.304933e-13	2.583647e-13	1.70039e-13	1.166555e-13
77	0.5083057	0.260374	0.1826058	0.1453537	0.1189592	0.01668432	0.005245878	0.00291882	0.002296504	0.001800574	0.001266513	0.0006711851	0.000402887	0.0001786945	2.393023e-05	6.719175e-06	3.262102e-06	4.375058e-07	2.140654e-07	8.089576e-08	2.306787e-09	6.788524e-10	1.674529e-11	1.430175e-12	1.341251e-12	1.004733e-12	3.956191e-13	3.235613e-13	2.525667e-13	1.689768e-13
78	0.5317754	0.3367579	0.236625	0.1709264	0.1353401	0.1091379	0.01638649	0.005120275	0.002861765	0.002256296	0.001764308	0.001236686	0.0006664025	0.0003993246	0.0001775648	2.350996e-05	6.530072e-06	3.206951e-06	4.328572e-07	2.11688e-07	7.920805e-08	2.289652e-09	6.742542e-10	1.657028e-11	1.337051e-12	1.267397e-12	9.521634e-13	3.872121e-13	3.184449e-13	2.503892e-13
79	0.2635529	0.1006467	0.09551087	0.02455164	0.01343343	0.004401451	0.0009949238	0.0003944441	0.0001262031	0.0001074131	0.0001031754	0.0001005377	7.7071e-05	1.28969e-05	1.140513e-05	4.867056e-06	4.861076e-07	7.501999e-08	2.183101e-08	3.972038e-09	2.638403e-09	1.930967e-09	5.686791e-11	2.096025e-11	8.022643e-13	4.092937e-13	3.932268e-13	1.95395e-13	6.708691e-14	6.376253e-14
80	0.2012393	0.121463	0.01989307	0.01679142	0.005328428	0.004031662	0.003357363	0.0002806267	7.419382e-05	3.723172e-05	3.148296e-05	2.935087e-05	2.706247e-05	4.470034e-06	2.39016e-06	1.454537e-06	6.644819e-07	1.220624e-07	5.564942e-08	1.258838e-08	1.537953e-09	7.267547e-10	2.726975e-10	1.126615e-11	4.494102e-12	1.79281e-13	1.130732e-13	1.138931e-13	8.179441e-14	3.90246e-14
81	0.1055462	0.08392039	0.07464563	0.01329194	0.01194035	0.001121311	0.0005497699	0.0003224015	0.0002365187	5.220448e-05	1.569805e-05	1.00049e-05	7.925073e-06	6.194833e-06	4.314981e-06	2.311018e-06	1.391379e-06	6.15379e-07	8.327009e-08	2.465383e-08	1.263852e-08	1.540429e-09	7.257378e-10	2.677161e-10	9.638369e-12	3.870539e-12	9.193892e-14	3.115042e-14	3.097199e-14	2.429379e-14
82	0.4320702	0.09699595	0.08275566	0.07350747	0.01311791	0.01180936	0.000947898	0.0004856167	0.0003030849	0.0002185265	5.120047e-05	1.493837e-05	9.614891e-06	7.619182e-06	5.931322e-06	4.169926e-06	2.333555e-06	1.402442e-06	6.191564e-07	8.126796e-08	2.310123e-08	1.181582e-08	1.497645e-09	7.335475e-10	2.692762e-10	9.619412e-12	3.865382e-12	8.209568e-14	2.253308e-14	2.226742e-14
83	0.37553	0.306222	0.09271913	0.07881716	0.06966659	0.009817873	0.008495843	0.0008476235	0.0004513445	0.0003008748	0.0002160305	5.153324e-05	1.49395e-05	9.597316e-06	7.605643e-06	5.900999e-06	4.14007e-06	2.356337e-06	1.41489e-06	6.257583e-07	8.141556e-08	2.25421e-08	1.115127e-08	1.51439e-09	7.430982e-10	2.729264e-10	9.678624e-12	3.885625e-12	7.486509e-14	1.606588e-14
84	0.1508565	0.1108391	0.102623	0.06092963	0.0612259	0.06113533	0.001990508	0.0007092552	0.0002463196	5.479042e-05	9.595809e-06	5.137728e-06	9.169832e-07	1.638248e-07	1.095031e-07	7.016289e-08	6.470317e-08	5.012476e-08	3.932566e-08	3.717292e-08	1.612497e-08	2.132975e-09	7.730438e-10	5.688675e-11	1.041776e-11	8.275541e-12	7.02895e-12	1.180269e-12	9.975908e-13	1.328508e-14
85	0.1829052	0.0982754	0.07959579	0.07711096	0.0591185	0.05981613	0.05977752	0.001794459	0.0005144349	8.559532e-05	3.161781e-05	5.320828e-06	2.123278e-06	7.225429e-08	5.836072e-08	3.08365e-08	1.01065e-08	8.792824e-09	2.297341e-09	1.19677e-09	1.053541e-09	9.485737e-10	8.318545e-10	7.129545e-10	2.299252e-11	6.969378e-13	3.862076e-13	2.694521e-13	2.346172e-13	1.827414e-13
86	0.388707	0.04823951	0.03186831	0.01738127	0.01603259	0.001138589	0.001104647	0.001107709	0.0005324881	0.0004669855	5.243409e-05	1.953418e-05	2.986124e-06	1.858042e-06	4.850491e-08	3.967026e-08	2.060578e-08	6.552076e-09	6.039326e-09	9.098524e-10	2.009932e-10	1.002341e-10	7.963968e-11	3.538344e-11	2.968304e-11	2.25867e-11	4.904577e-13	2.085114e-13	1.557247e-13	1.488616e-13
87	0.3667418	0.2247893	0.04466742	0.03026843	0.01628449	0.01515957	0.001055238	0.001021913	0.001026557	0.0005230247	0.0004603287	4.609917e-05	1.765538e-05	2.954957e-06	1.840729e-06	4.359692e-08	3.603999e-08	1.870274e-08	5.784259e-09	5.469488e-09	6.544714e-10	1.602583e-10	7.074107e-11	5.91479e-11	2.308028e-11	2.088975e-11	1.658547e-11	2.883419e-13	1.812579e-13	1.45944e-13
88	0.2545498	0.0750895	0.05149861	0.03021762	0.0256866	0.01435763	0.01372833	0.0003604411	0.0003247551	0.000324745	0.0001123077	4.600172e-05	2.429677e-05	8.76038e-06	2.656448e-06	1.622214e-06	1.953137e-08	1.246131e-08	8.127867e-09	4.759556e-09	4.593201e-09	4.574519e-10	4.832694e-11	2.381155e-11	1.339837e-11	3.427252e-12	2.795427e-12	1.312452e-12	2.267526e-13	1.638798e-13
89	0.4269303	0.1134941	0.05030753	0.03146881	0.01964223	0.0160768	0.01100093	0.01038556	0.0002635341	0.0002499549	0.000250148	8.512793e-05	1.816251e-05	1.206987e-05	6.128908e-06	1.365275e-06	3.118913e-07	1.492834e-08	9.25307e-09	6.057089e-09	3.52457e-09	3.367801e-09	3.988113e-10	3.392151e-11	1.655993e-11	9.673056e-12	2.628564e-12	2.210637e-12	1.035051e-12	1.717233e-13
90	0.1899886	0.07247649	0.06472818	0.02244672	0.01050318	0.01052898	0.008499194	0.005533469	0.004870147	0.0001743927	0.0001670699	0.0001669736	7.876864e-05	1.173103e-05	8.250034e-06	3.777022e-06	1.227054e-06	2.004126e-07	1.000588e-08	6.626097e-09	4.273342e-09	2.436481e-09	2.27992e-09	1.347128e-10	2.355492e-11	1.078262e-11	7.165074e-12	2.05333e-12	1.757132e-12	8.165036e-13
91	0.3840784	0.07769842	0.0605392	0.05558055	0.01557357	0.004997173	0.005015685	0.003909742	0.002477489	0.002456573	6.905617e-05	6.512784e-05	6.538951e-05	9.272084e-06	7.037513e-06	5.517128e-06	1.902959e-06	2.699201e-07	1.501521e-07	6.935124e-09	4.399777e-09	2.699507e-09	1.355571e-09	1.335122e-09	9.275343e-11	1.619909e-11	7.154996e-12	5.218611e-12	1.453183e-12	1.239264e-12
92	0.2641644	0.1404666	0.06634039	0.05803785	0.05362111	0.0134256	0.003394577	0.003419165	0.002742664	0.001759688	0.001743973	4.266051e-05	3.985095e-05	4.000651e-05	5.495452e-06	3.411482e-06	2.484975e-06	1.229742e-06	2.234889e-07	1.085299e-07	4.322524e-09	2.493983e-09	1.561976e-09	8.01697e-10	7.871096e-10	5.3516e-11	9.44962e-12	4.482324e-12	3.100412e-12	9.480748e-13
93	0.5441433	0.1667966	0.05206082	0.05126558	0.04785416	0.04403955	0.003276541	0.00190631	0.001924563	0.001670477	0.001085312	0.00106553	1.830522e-05	1.641043e-05	1.640805e-05	3.297888e-06	1.36627e-06	8.680724e-07	5.595094e-07	1.770044e-07	6.685717e-08	1.503432e-09	7.037541e-10	6.158396e-10	5.026248e-10	5.000669e-10	1.569315e-11	2.102856e-12	1.498514e-12	6.958929e-13
94	0.508304	0.4810176	0.1107682	0.00302171	0.002775014	0.001275528	0.00120721	0.0008700751	0.0001453007	0.0001460694	8.766475e-05	6.29577e-05	5.876176e-05	3.279532e-06	3.223189e-06	3.2317e-06	3.923461e-07	3.507946e-07	1.823314e-07	1.026836e-07	1.941226e-08	1.667905e-08	3.139455e-10	7.969802e-11	5.365747e-11	1.810792e-11	1.782006e-11	1.985885e-12	3.487384e-13	2.081723e-13
95	0.5472632	0.4765023	0.4806138	0.1088729	0.002501756	0.002424352	0.001009427	0.0009432727	0.0005988229	0.0001183678	0.0001189733	6.566719e-05	4.920948e-05	4.498385e-05	2.959308e-06	2.93014e-06	2.939038e-06	3.594976e-07	3.203023e-07	1.670379e-07	9.336173e-08	1.759847e-08	1.500938e-08	2.845075e-10	6.236789e-11	3.751446e-11	3.564338e-12	3.098121e-12	1.6123e-12	3.18023e-13
96	0.7782279	0.4321263	0.3809364	0.3842381	0.00640385	0.001986391	0.001918129	0.0006651725	0.0006098219	0.0002582282	6.928911e-05	6.954075e-05	3.284078e-05	2.533932e-05	2.078975e-05	1.961534e-06	1.956487e-06	1.961863e-06	2.317428e-07	2.053934e-07	1.030844e-07	6.202681e-08	1.118352e-08	9.440684e-09	1.867069e-10	4.034983e-11	2.376595e-11	1.426182e-12	1.104891e-12	2.531682e-13
97	0.4872363	0.4262649	0.1165216	0.09214615	0.09297567	0.004101736	0.0003917656	0.0003753414	0.0001289253	0.0001162301	0.0001060657	2.737404e-05	2.745857e-05	1.197059e-05	8.602742e-06	8.630589e-06	8.778283e-07	8.774054e-07	8.823517e-07	9.985508e-08	8.845494e-08	4.388444e-08	2.787789e-08	4.875669e-09	4.108564e-09	8.037889e-11	1.705619e-11	9.694732e-12	5.200807e-13	3.842927e-13
98	0.599534	0.4359773	0.4109411	0.1011122	0.09019731	0.09109578	0.001024928	0.0002621823	0.000245097	7.089295e-05	6.366548e-05	5.34104e-05	1.457004e-05	1.460063e-05	6.187176e-06	4.368924e-06	4.359203e-06	4.711692e-07	4.714917e-07	4.743009e-07	5.000205e-08	4.414236e-08	2.159647e-08	1.495731e-08	2.47995e-09	2.074779e-09	4.036563e-11	8.374066e-12	4.5327e-12	2.525167e-13
99	0.3883694	0.3181145	0.3009214	0.2757356	0.01129161	0.002599693	0.002479332	0.0005421894	3.358858e-05	1.912945e-05	3.941045e-06	3.028654e-06	1.691714e-06	1.550938e-06	1.522931e-06	3.4237e-07	8.26263e-08	7.935726e-08	6.079322e-08	6.170535e-08	6.241792e-08	2.656983e-09	2.094613e-09	2.019823e-09	1.790571e-09	3.95084e-11	2.03628e-12	4.554192e-13	4.435267e-13	2.170545e-13
100	0.7301935	0.3342407	0.2971887	0.2926088	0.2680994	0.003227676	0.002080807	0.001987208	3.055482e-05	2.714263e-05	1.256752e-05	2.749037e-06	2.256498e-06	9.167318e-07	8.881812e-07	8.54474e-07	1.912089e-07	4.674958e-08	4.489913e-08	3.38883e-08	3.439767e-08	3.48035e-08	1.177682e-09	1.026654e-09	9.898077e-10	9.979668e-10	1.169532e-11	5.720384e-13	2.697326e-14	2.138366e-14
101	0.1170374	0.0758186	0.06918236	0.03183238	0.02793608	0.003242751	0.001369	0.0002143929	0.0001049119	1.785226e-05	1.54147e-05	7.389933e-07	1.245409e-07	1.036863e-07	7.811059e-08	6.844207e-08	2.733667e-08	1.415527e-08	7.325113e-09	7.283995e-09	6.598023e-10	6.441532e-10	6.500186e-10	2.38275e-11	2.136326e-11	2.01794e-11	1.877305e-11	3.901379e-13	2.091088e-13	1.102688e-14
102	0.5612709	0.106819	0.07107055	0.06494887	0.02757398	0.02718392	0.002184716	0.0002831611	0.0002139057	0.0001034198	1.558718e-05	1.557658e-05	6.893463e-07	1.109169e-07	9.236927e-08	6.626655e-08	6.411159e-08	2.232376e-08	1.321583e-08	7.18513e-09	7.149182e-09	4.516238e-10	4.323069e-10	4.356813e-10	1.661355e-11	1.509401e-11	1.413192e-11	1.263801e-11	3.219783e-13	2.10418e-13
103	0.4674332	0.3652625	0.1062963	0.07012188	0.0647003	0.02792583	0.02753823	0.002201357	0.0002755749	0.0002054485	9.433226e-05	1.571359e-05	1.571252e-05	6.067479e-07	6.855084e-08	6.286107e-08	6.169881e-08	5.963982e-08	1.714924e-08	1.22539e-08	7.047687e-09	7.017944e-09	2.364765e-10	2.132343e-10	2.138914e-10	9.374211e-12	8.621768e-12	7.879836e-12	6.280433e-12	2.656649e-13
104	0.618278	0.45076	0.3514755	0.1063463	0.07040801	0.06504339	0.02806173	0.02767196	0.002218712	0.0002760019	0.0002074623	9.500233e-05	1.585387e-05	1.588147e-05	5.72468e-07	5.674679e-08	5.344211e-08	5.356638e-08	5.310408e-08	9.971102e-09	7.897529e-09	4.783313e-09	4.764791e-09	8.12726e-11	6.227245e-11	6.14054e-11	2.589336e-12	2.343258e-12	2.020662e-12	1.890243e-12
105	0.1133599	0.1088097	0.09733366	0.06890255	0.05876454	0.03030782	0.02999478	0.01147054	0.01109346	0.001218605	0.0001593288	0.0001263889	5.105951e-05	7.31207e-07	5.885761e-07	4.373492e-07	5.214765e-09	2.866802e-09	2.333017e-09	2.073214e-09	2.031751e-09	1.094082e-09	6.74562e-10	6.721154e-10	3.845354e-12	2.22358e-12	1.940947e-12	1.306595e-13	1.186241e-13	9.422381e-14
106	0.09485709	0.07269064	0.07157183	0.07012787	0.04532755	0.03967669	0.02032147	0.02012987	0.01129107	0.01091475	0.0009696038	0.0001507234	0.0001253357	5.052636e-05	3.980006e-07	2.528549e-07	1.166322e-07	2.947046e-09	7.66517e-10	2.120785e-10	7.080401e-11	1.439378e-11	1.353912e-11	6.170401e-12	6.182095e-12	2.723583e-14	1.133763e-14	9.258671e-15	1.455418e-15	1.337523e-15
107	0.07098821	0.04313719	0.04255115	0.04245151	0.04144456	0.01996772	0.01478766	0.01040985	0.01021723	0.001319162	0.0009377213	0.0009345776	0.0001224963	9.705866e-05	5.123705e-05	4.011432e-07	2.542878e-07	1.166488e-07	1.63513e-09	7.670291e-10	2.055318e-10	6.272573e-11	5.432344e-12	4.772056e-12	3.013677e-12	3.038359e-12	1.582265e-14	7.549551e-15	6.270449e-15	1.134777e-15
108	0.0268768	0.01999171	0.01379664	0.01371992	0.0136649	0.0127608	0.01126147	0.006094558	0.00356248	0.003368659	0.001195093	0.0008081056	0.0008058078	0.0001221151	9.674552e-05	5.082558e-05	4.02916e-07	2.548554e-07	1.168666e-07	1.642856e-09	7.701522e-10	2.054681e-10	6.073934e-11	2.455002e-12	1.773521e-12	1.122888e-12	1.136417e-12	1.025749e-14	6.299351e-15	5.153606e-15
109	0.01848829	0.004028085	0.002144833	0.0003838207	0.0003664816	0.0003539895	0.0003252898	0.000283952	0.0001176896	0.0001029853	9.859621e-05	9.543915e-05	9.208195e-05	9.036215e-05	5.192169e-06	1.801185e-06	6.315249e-07	1.594158e-08	7.194537e-09	2.779855e-09	1.674491e-10	6.453487e-11	1.737112e-11	5.522257e-12	6.535974e-13	5.339172e-13	3.54088e-13	3.582982e-13	4.64825e-15	3.908118e-15
110	0.01191918	0.002949812	0.001302983	0.0005383824	0.0003223857	0.0003114577	0.0002993289	0.0002736369	0.0002465507	0.0001035788	9.692488e-05	9.310626e-05	9.249033e-05	8.913468e-05	8.879384e-05	4.763121e-06	1.400185e-06	4.215549e-07	1.392293e-08	5.723488e-09	2.040413e-09	1.43848e-10	5.794081e-11	1.48151e-11	4.286012e-12	5.975871e-14	1.596223e-14	1.141489e-14	1.087753e-14	4.465575e-16
111	0.04973427	0.009571715	0.002209386	0.0010008	0.000264812	9.614071e-05	8.600738e-05	7.462863e-05	5.992398e-05	5.722155e-05	1.949665e-05	1.83423e-05	1.560307e-05	1.529264e-05	1.289087e-05	1.285537e-05	1.378394e-06	9.211024e-07	2.549445e-07	9.772763e-09	3.505519e-09	1.045216e-09	8.917781e-11	5.322013e-11	1.410655e-11	4.107842e-12	4.065454e-14	1.165278e-15	8.79081e-16	7.694689e-16
112	0.2007598	0.01400521	9.085141e-05	5.880273e-05	3.796439e-05	3.64072e-05	3.204059e-05	3.17175e-05	3.147832e-05	2.20243e-05	2.078653e-05	3.851548e-06	2.955931e-06	2.263755e-06	1.956462e-06	4.98109e-07	4.656337e-07	4.194838e-08	1.663489e-08	8.673539e-09	1.853206e-10	1.304083e-10	6.362708e-11	7.449562e-13	1.350023e-13	4.167104e-14	9.561495e-15	2.700239e-16	1.301534e-16	8.029669e-17
113	0.08245961	0.05475619	0.000284735	1.452448e-05	1.148749e-05	1.016731e-05	1.005742e-05	9.91469e-06	9.908911e-06	9.789139e-06	3.305538e-06	2.189152e-06	1.147096e-06	5.016741e-07	4.413376e-07	3.537147e-07	1.176737e-07	8.473185e-08	7.536279e-09	5.344101e-10	2.677176e-10	8.769569e-11	7.855327e-11	3.912487e-11	7.990516e-14	4.526989e-15	1.084693e-15	4.179343e-16	1.02256e-16	6.033762e-17
114	0.09545223	0.03525828	0.02585159	0.0001039729	1.240014e-05	1.086651e-05	1.004676e-05	9.967145e-06	9.864682e-06	9.859209e-06	9.737815e-06	3.15319e-06	2.181748e-06	1.130925e-06	4.808733e-07	4.19906e-07	3.314272e-07	9.170919e-08	5.878021e-08	6.458127e-09	4.256683e-10	2.270278e-10	8.797488e-11	7.89105e-11	3.932166e-11	7.40809e-14	2.765764e-15	6.203721e-16	2.390429e-16	6.797655e-17
115	0.07652956	0.07210966	0.01270524	0.009405264	4.785911e-05	1.142804e-05	1.044971e-05	9.925037e-06	9.85256e-06	9.75502e-06	9.750117e-06	9.628886e-06	2.946232e-06	2.00816e-06	9.727652e-07	4.255498e-07	3.82718e-07	2.935533e-07	5.05594e-08	1.711404e-08	4.778501e-09	1.936894e-10	8.75574e-11	1.859988e-11	1.655838e-11	8.248981e-12	2.083365e-14	2.108647e-15	5.959104e-16	2.257854e-16
116	0.981042	0.07477346	0.07180238	0.01215247	0.008910813	4.47612e-05	9.409512e-06	8.428585e-06	7.908046e-06	7.834776e-06	7.736101e-06	7.731129e-06	7.691006e-06	2.993703e-06	2.040018e-06	9.879912e-07	4.316577e-07	3.884491e-07	2.977996e-07	5.076517e-08	1.676243e-08	4.829225e-09	1.892512e-10	8.441485e-11	1.76862e-11	1.57382e-11	7.84248e-12	2.013116e-14	2.138201e-15	6.064107e-16
117	0.9418857	0.9418591	0.07171824	0.06970232	0.009181829	0.008077069	3.439034e-05	9.025064e-06	8.206758e-06	7.698511e-06	7.625674e-06	7.526507e-06	7.521621e-06	7.481288e-06	2.706435e-06	1.956187e-06	8.937439e-07	3.423748e-07	3.026937e-07	2.94133e-07	4.304559e-08	8.482884e-09	4.569698e-09	1.372014e-10	5.348622e-11	2.190125e-12	1.790592e-12	8.860823e-13	8.279084e-15	1.991327e-15
118	0.9710791	0.9449448	0.9449274	0.07226269	0.07027236	0.008870517	0.007761831	2.916488e-05	4.280011e-06	3.462499e-06	2.958152e-06	2.884385e-06	2.783927e-06	2.778961e-06	2.762944e-06	2.752847e-06	1.989668e-06	9.090371e-07	3.481626e-07	3.078368e-07	2.991287e-07	4.371328e-08	8.554666e-09	4.646332e-09	1.387477e-10	5.391458e-11	2.084644e-12	1.692853e-12	8.374731e-13	8.311605e-15
119	0.8840304	0.8824008	0.8722672	0.8722545	0.009651768	0.007791062	0.007567483	0.006970392	2.351372e-05	3.551213e-06	2.794608e-06	2.298384e-06	2.224083e-06	2.12262e-06	2.117608e-06	2.101331e-06	2.091254e-06	1.912426e-06	8.196736e-07	3.167202e-07	2.757233e-07	2.710958e-07	1.12e-08	7.93593e-09	4.66355e-09	1.011209e-10	4.560661e-11	2.042783e-12	1.659181e-12	8.18833e-13
120	0.9073674	0.8790164	0.8782407	0.8733916	0.8733818	0.008758305	0.006967162	0.006834257	0.006630861	2.126006e-05	2.543813e-06	2.124603e-06	1.634925e-06	1.56066e-06	1.45811e-06	1.453033e-06	1.43649e-06	1.426459e-06	1.425616e-06	3.13698e-07	3.128485e-07	2.712068e-07	2.708203e-07	6.285882e-09	6.176125e-09	4.673851e-09	9.334181e-11	4.501337e-11	1.757188e-12	1.40113e-12
121	0.07774804	0.05737806	0.02928974	0.02854951	0.02592176	0.02591672	0.006699347	0.00507385	0.00501901	0.004825185	1.64356e-05	2.17102e-06	1.886889e-06	1.538213e-06	1.487622e-06	1.416757e-06	1.416292e-06	1.415989e-06	1.407894e-06	1.407065e-06	2.861919e-07	2.853356e-07	2.756923e-07	2.752989e-07	6.102256e-09	5.990505e-09	4.740228e-09	8.809457e-11	4.555259e-11	1.733081e-12
122	0.03194398	0.02234493	0.01202868	0.01057748	0.01012694	0.008860942	0.008856507	0.002458241	0.002230598	0.002207617	0.002141061	5.195972e-06	4.727113e-07	2.313741e-07	6.152655e-08	3.876219e-08	6.928615e-09	6.782045e-09	6.749897e-09	6.233158e-09	5.433568e-09	1.952758e-09	1.084165e-09	9.671289e-10	5.676968e-10	5.360631e-10	4.222787e-10	7.967319e-11	6.892251e-11	3.580992e-11
123	0.009667108	0.007539588	0.006601793	0.003949557	0.002811668	0.002358444	0.001791	0.001786596	0.0002529748	0.0001421638	0.0001338611	7.805237e-05	6.93468e-07	9.113521e-08	2.185779e-08	7.414318e-09	6.318908e-09	5.107325e-09	5.09182e-09	5.069158e-09	4.579731e-09	4.250918e-09	1.312931e-09	9.075819e-10	8.142343e-10	4.093881e-10	3.778269e-10	3.777048e-10	7.436191e-11	6.503953e-11
124	0.03099779	0.003439233	0.002018959	0.001672393	0.001572289	0.0007751441	0.0007713022	0.0006652312	0.0006641655	0.0001015628	1.752549e-05	1.47446e-05	5.897186e-06	2.935757e-07	7.685889e-08	1.126073e-08	1.262593e-09	7.945483e-10	4.356123e-10	4.289282e-10	4.239362e-10	3.820306e-10	3.688991e-10	1.767756e-10	1.748192e-10	1.421087e-10	1.420007e-10	1.111007e-10	1.110054e-10	1.203357e-11
125	0.3871851	0.003392903	0.0004353707	0.000226904	0.0001704732	0.0001506066	0.0001018316	9.909369e-05	8.390849e-05	8.28365e-05	8.573759e-06	6.403094e-06	3.965911e-06	2.549934e-06	1.611561e-08	6.791938e-10	2.884827e-10	1.558624e-10	1.464029e-10	1.364091e-10	1.359647e-10	1.35388e-10	1.282778e-10	1.24052e-10	5.496839e-11	5.35008e-11	5.277084e-11	5.270039e-11	5.268792e-11	5.259165e-11
126	0.2780699	0.2582091	0.001499875	0.0002473643	9.847838e-05	7.767762e-05	7.36091e-05	7.33777e-05	7.0904e-05	6.172423e-05	6.063263e-05	7.064587e-06	5.287522e-06	3.060564e-06	1.838294e-06	9.352937e-09	2.339228e-10	1.603506e-10	1.01921e-10	9.722579e-11	9.190239e-11	9.160748e-11	9.123035e-11	8.676305e-11	8.60942e-11	4.054363e-11	4.043457e-11	4.004685e-11	4.00348e-11	4.002637e-11
127	0.3039826	0.2403644	0.2226325	0.001191023	0.0001442891	8.842895e-05	6.898876e-05	6.597527e-05	6.579455e-05	6.327062e-05	5.546607e-05	5.43522e-05	6.674782e-06	4.91173e-06	2.80464e-06	1.595634e-06	8.458374e-09	1.656879e-10	1.051619e-10	5.673497e-11	5.292459e-11	4.864392e-11	4.835346e-11	4.798373e-11	4.368524e-11	4.328453e-11	4.077445e-11	4.075913e-11	4.04634e-11	4.045626e-11
128	0.4479294	0.2827102	0.219877	0.2028781	0.001127294	0.0001253195	8.215714e-05	6.465711e-05	6.18498e-05	6.167613e-05	5.909969e-05	5.16974e-05	5.056032e-05	6.588199e-06	4.815517e-06	2.678027e-06	1.455045e-06	8.066164e-09	1.582919e-10	1.020992e-10	5.646098e-11	5.269223e-11	4.846661e-11	4.817502e-11	4.780486e-11	4.34771e-11	4.309907e-11	4.104404e-11	4.103661e-11	4.073615e-11
129	0.400422	0.3594445	0.2403236	0.1781087	0.1663583	0.0009641909	0.0001070801	6.409766e-05	4.733417e-05	4.490631e-05	4.474721e-05	4.474655e-05	3.886791e-05	3.88666e-05	6.054765e-06	4.531655e-06	2.400325e-06	1.196185e-06	5.40087e-09	1.113512e-10	6.906557e-11	3.147953e-11	2.839983e-11	2.474114e-11	2.458637e-11	2.439215e-11	2.218978e-11	2.199816e-11	2.059402e-11	2.058989e-11
130	0.2638138	0.236387	0.2276651	0.1222867	0.1219446	0.1160808	0.0006240355	8.608212e-05	4.355985e-05	2.767589e-05	2.591322e-05	2.585964e-05	2.585907e-05	2.298717e-05	2.298583e-05	4.133331e-06	4.040041e-06	1.940845e-06	8.391742e-07	2.344813e-09	5.577815e-11	3.307587e-11	5.923758e-12	3.672084e-12	6.036003e-13	5.891587e-13	5.847084e-13	5.709179e-13	5.667047e-13	7.538848e-14
131	0.2295448	0.2254318	0.2143096	0.2088392	0.1013966	0.1011459	0.09651582	0.0005759403	8.174778e-05	3.922407e-05	2.338184e-05	2.181661e-05	2.177149e-05	2.177092e-05	1.912804e-05	1.912667e-05	4.032519e-06	3.953654e-06	1.814861e-06	6.995368e-07	2.046489e-09	5.153733e-11	3.031927e-11	5.723437e-12	3.495947e-12	4.519271e-13	4.382954e-13	4.364054e-13	4.338924e-13	4.312851e-13
132	0.538024	0.2189473	0.2147679	0.2033949	0.1978043	0.08793783	0.08769098	0.08335693	0.0005497002	8.012416e-05	3.683058e-05	2.06527e-05	1.920794e-05	1.916812e-05	1.916754e-05	1.653138e-05	1.652998e-05	4.005298e-06	3.932378e-06	1.746223e-06	6.056657e-07	1.878613e-09	4.977136e-11	2.912686e-11	5.828898e-12	3.562218e-12	4.601706e-13	4.462887e-13	4.444029e-13	4.42602e-13
133	0.518768	0.5161334	0.2039808	0.1997337	0.1895793	0.1858218	0.07342142	0.07317853	0.06943515	0.0005138027	7.092231e-05	3.371086e-05	1.744771e-05	1.613129e-05	1.609767e-05	1.609708e-05	1.346068e-05	1.345925e-05	3.644152e-06	3.577527e-06	1.669601e-06	5.064101e-07	1.699493e-09	4.764949e-11	2.763743e-11	5.722093e-12	3.4175e-12	2.581285e-13	2.440156e-13	2.421274e-13
134	0.9957965	0.5061213	0.5034399	0.191618	0.1875278	0.1775268	0.1736976	0.05864513	0.05840637	0.05500716	0.0004464019	3.041836e-05	2.913637e-05	1.253834e-05	1.13535e-05	1.132568e-05	1.132566e-05	8.678375e-06	8.678375e-06	1.669929e-06	1.609686e-06	1.594504e-06	4.037627e-07	1.516257e-09	4.575762e-11	2.635587e-11	5.832491e-12	3.483563e-12	2.586945e-13	2.442924e-13
135	0.5004	0.5001469	0.4862491	0.4862214	0.1750062	0.1745365	0.1642979	0.1603908	0.04255169	0.04231725	0.03962738	0.0001370727	7.901095e-06	7.152879e-06	7.015476e-06	5.980538e-06	5.960166e-06	5.960165e-06	4.537414e-06	4.537414e-06	3.623306e-07	3.089141e-07	2.965975e-07	2.960451e-07	1.335389e-09	4.177127e-11	2.479601e-11	5.905785e-12	3.528414e-12	2.570576e-13
136	0.3618924	0.3529098	0.3528199	0.3410347	0.3410098	0.03617772	0.03572739	0.02554599	0.02523531	0.02517088	0.02500812	0.02271957	8.331673e-05	3.633511e-06	3.131917e-06	3.017066e-06	2.526734e-06	2.516027e-06	2.516027e-06	1.998398e-06	1.998398e-06	2.145093e-07	1.727556e-07	1.627417e-07	1.622795e-07	1.119021e-09	3.288509e-11	1.696594e-11	4.360031e-12	2.661273e-12
137	0.5563435	0.04242925	0.03857566	0.03851397	0.03768552	0.03768529	0.01940724	0.01896407	0.008532456	0.008244023	0.008221123	0.008208586	0.00663734	2.05619e-05	1.867025e-06	1.651555e-06	1.559665e-06	1.46756e-06	1.46467e-06	1.46467e-06	1.16382e-06	1.16382e-06	8.883948e-08	5.745576e-08	4.777938e-08	4.741804e-08	8.394308e-10	1.696448e-11	2.534254e-12	6.064183e-13
138	0.05296445	0.04235007	0.03149917	0.02778988	0.02772906	0.02698066	0.02698064	0.01121981	0.0112195	0.0005141718	0.0002198539	0.0002058162	0.0002020471	0.0001948798	8.107708e-07	6.035541e-08	5.616327e-08	5.571532e-08	4.954074e-08	4.94033e-08	4.940317e-08	3.76626e-08	3.76626e-08	1.937799e-09	1.750195e-09	1.389918e-09	1.377456e-09	3.791146e-12	2.749332e-13	2.46032e-13
139	0.8389719	0.02574348	0.02332005	0.01244497	0.01160399	0.01154525	0.01152327	0.01152325	0.01143983	0.01143959	0.0004470628	0.000164256	0.0001533453	0.000149791	0.0001446417	6.677779e-07	4.525334e-08	4.189499e-08	4.155002e-08	3.595039e-08	3.585133e-08	3.585119e-08	2.700773e-08	2.700773e-08	1.435242e-09	1.294776e-09	1.028355e-09	1.017977e-09	2.737076e-12	2.542289e-13
140	0.9185636	0.7603368	0.02441249	0.02224668	0.01112248	0.01026001	0.01025246	0.01023008	0.01023006	0.01016673	0.01016653	0.0004085286	0.0001178793	0.0001067262	0.0001031188	9.916049e-05	5.457822e-07	3.228558e-08	2.963489e-08	2.936042e-08	2.411762e-08	2.403615e-08	2.403601e-08	1.753542e-08	1.753541e-08	1.007961e-09	8.971266e-10	7.013199e-10	6.924358e-10	2.101229e-12
141	0.6838291	0.6804683	0.6269461	0.01203033	0.01186043	0.0005365736	0.0003886751	0.0003871143	0.0003683667	0.0003683462	0.0003429417	0.0003428325	0.0003406151	5.786863e-05	5.638882e-05	5.594444e-05	5.397065e-05	3.171038e-07	1.798378e-08	1.644899e-08	1.627065e-08	1.228956e-08	1.223542e-08	1.223527e-08	8.959814e-09	8.95981e-09	5.192587e-10	4.713597e-10	3.733941e-10	3.700004e-10
142	0.616776	0.6080532	0.6080456	0.6012146	0.01171792	0.01169648	9.046786e-05	3.171759e-05	3.143977e-05	1.299861e-05	1.2979e-05	8.971902e-06	8.936973e-06	8.926433e-06	8.861072e-06	7.560972e-06	7.36213e-06	6.883452e-06	1.103667e-07	4.329517e-09	3.882375e-09	3.783902e-09	6.068439e-10	5.711264e-10	5.709771e-10	4.7733e-10	4.773269e-10	5.43463e-11	4.590877e-11	4.540299e-11
143	0.03498624	0.02923166	0.02898406	0.02898367	0.02858463	0.01202847	0.01202483	6.80548e-05	1.998649e-05	1.989514e-05	1.182514e-06	1.163988e-06	3.594029e-07	3.552152e-07	3.546234e-07	3.426066e-07	3.13337e-07	3.002815e-07	2.577388e-07	1.879047e-09	3.464551e-10	3.380718e-10	2.545394e-10	1.102388e-10	7.639498e-11	7.624124e-11	6.249393e-11	6.249126e-11	4.427577e-12	2.699385e-12
144	0.6625788	0.01326337	0.01280576	0.01272797	0.01272771	0.01243659	0.01236958	0.01236617	3.580808e-05	1.995668e-05	1.988096e-05	6.056338e-07	5.86533e-07	1.547394e-07	1.516042e-07	1.514022e-07	1.481656e-07	1.413871e-07	1.369179e-07	1.283192e-07	7.587118e-10	1.53711e-10	1.495492e-10	6.582089e-11	6.330032e-11	2.973919e-11	2.958065e-11	2.150827e-11	2.150552e-11	1.763188e-12
145	0.01927556	0.008963143	0.0002665666	0.0001363572	6.722943e-05	6.69697e-05	5.341241e-05	3.696276e-05	3.689579e-05	3.679859e-05	2.04363e-05	2.035818e-05	4.615054e-07	4.417885e-07	4.582019e-08	4.313639e-08	4.29431e-08	3.966463e-08	3.308741e-08	2.875191e-08	2.361121e-08	3.205745e-10	4.937955e-11	4.78673e-11	4.627349e-11	4.541544e-11	1.081974e-11	1.065608e-11	6.630468e-12	6.627628e-12
146	0.2113291	0.01133093	0.007167791	0.0001102644	3.928356e-05	3.658046e-05	3.633561e-05	3.014066e-05	2.039516e-05	2.033819e-05	2.023917e-05	2.023033e-05	2.02294e-05	4.568132e-07	4.364392e-07	4.004238e-08	3.782663e-08	3.76553e-08	3.491131e-08	2.885681e-08	2.478613e-08	1.996148e-08	2.428078e-10	1.165193e-11	1.038712e-11	8.775883e-12	8.304312e-12	8.151522e-12	7.982409e-12	5.123705e-12
147	0.9597178	0.1858275	0.01058193	0.006374379	0.0001012321	3.769574e-05	3.544673e-05	3.527591e-05	2.928118e-05	2.098059e-05	2.093343e-05	2.092946e-05	2.092033e-05	2.091937e-05	4.649811e-07	4.459099e-07	3.754664e-08	3.526248e-08	3.508572e-08	3.224812e-08	2.599973e-08	2.180028e-08	1.696723e-08	2.372348e-10	1.149732e-11	1.025421e-11	8.609788e-12	8.208159e-12	8.051781e-12	8.050828e-12
148	0.1516892	0.1505144	0.1095071	0.004453342	0.00369515	4.201194e-05	8.994817e-06	8.476963e-06	8.41155e-06	6.029404e-06	9.932317e-08	7.306131e-08	7.050055e-08	7.024826e-08	7.020693e-08	6.043744e-08	4.06857e-08	2.085187e-08	2.023744e-08	2.01518e-08	1.93027e-08	1.472309e-08	1.359501e-08	1.215813e-08	8.889479e-11	4.307953e-12	3.85662e-12	2.324033e-12	2.021872e-12	2.008983e-12
149	0.1226796	0.114233	0.113366	0.0784941	0.003375808	0.002700037	3.130901e-05	6.58956e-06	6.273885e-06	6.272573e-06	4.271094e-06	6.511015e-08	4.533325e-08	4.334261e-08	4.309946e-08	4.306067e-08	3.294759e-08	3.294751e-08	1.679771e-08	1.618051e-08	1.609544e-08	1.523252e-08	1.101691e-08	9.884415e-09	8.588517e-09	7.600094e-11	3.985385e-12	3.594395e-12	2.02631e-12	1.812593e-12
150	0.142447	0.07703759	0.07547276	0.07468092	0.04462623	0.002305132	0.001679656	2.037298e-05	4.366722e-06	4.125801e-06	4.12477e-06	2.435098e-06	3.749062e-08	2.432359e-08	2.241841e-08	2.224976e-08	2.221285e-08	2.198571e-08	2.198562e-08	1.291772e-08	1.228361e-08	1.219647e-08	1.142945e-08	7.138857e-09	6.067562e-09	4.901827e-09	6.391376e-11	3.744673e-12	3.408654e-12	1.794008e-12
151	0.03423026	0.01875317	0.0157267	0.01542829	0.01473458	0.01314137	0.000698922	0.0004485025	4.976716e-06	9.293533e-07	8.775291e-07	8.772564e-07	6.737794e-07	1.046646e-08	7.196931e-09	6.30002e-09	6.164129e-09	6.134986e-09	5.928133e-09	5.928095e-09	2.40454e-09	2.378278e-09	2.372537e-09	2.252905e-09	1.697892e-09	1.589047e-09	1.360226e-09	7.928552e-12	7.031467e-13	6.572671e-13
152	0.1061207	0.01865408	0.009443334	0.007856552	0.007653401	0.007637749	0.006688771	0.0004841679	0.0002674685	2.909818e-06	5.172098e-07	4.862945e-07	4.861052e-07	3.64711e-07	5.761862e-09	3.904168e-09	3.075778e-09	2.95775e-09	2.928267e-09	2.737132e-09	2.737098e-09	1.197197e-09	1.18698e-09	1.183589e-09	1.081339e-09	9.623912e-10	9.215144e-10	7.385487e-10	4.762015e-12	4.437229e-13
153	0.7870573	0.08204599	0.01322294	0.005790161	0.004797241	0.004683327	0.004671967	0.003949251	0.000400954	0.0001832222	2.004955e-06	3.313194e-07	3.09441e-07	3.092652e-07	2.104802e-07	4.546152e-09	3.281422e-09	2.681782e-09	2.559976e-09	2.529324e-09	2.331158e-09	2.331123e-09	8.823508e-10	8.750812e-10	8.715919e-10	7.650721e-10	6.455695e-10	6.033889e-10	4.220565e-10	3.896637e-12
154	0.03442782	0.02046517	0.01128862	0.002509111	0.001485903	0.001335922	0.001318968	0.001317159	0.001207585	4.250851e-05	3.85273e-05	4.185946e-07	8.620964e-08	8.296021e-08	8.295025e-08	6.785699e-08	5.178279e-10	2.456256e-10	2.368287e-10	2.35522e-10	2.346173e-10	2.321381e-10	2.321377e-10	1.535375e-10	1.503023e-10	1.501838e-10	1.476609e-10	1.439935e-10	1.435818e-10	1.388726e-10
155	0.002621925	0.00139368	0.0009106778	0.0007409417	4.674419e-05	2.906869e-05	2.49229e-05	2.458368e-05	2.445706e-05	2.246103e-05	8.474125e-07	7.303608e-07	9.623469e-09	1.821899e-09	1.732439e-09	1.732071e-09	1.462982e-09	1.903829e-11	1.378639e-11	1.364801e-11	1.362948e-11	1.361947e-11	1.358758e-11	1.358743e-11	2.909093e-12	2.865782e-12	2.863268e-12	2.82778e-12	2.759873e-12	2.692259e-12
156	0.00468753	0.001092192	0.0006995734	0.0004445009	0.0004308402	2.752231e-06	1.805895e-06	1.044384e-06	9.852853e-07	9.526949e-07	8.371645e-07	2.887414e-08	2.638479e-08	1.800003e-09	5.89939e-11	5.419685e-11	5.41782e-11	3.875954e-11	5.35295e-13	2.513144e-13	2.368125e-13	2.362691e-13	2.361143e-13	2.26709e-13	2.26555e-13	1.260183e-13	1.205432e-13	1.204406e-13	1.188048e-13	9.026992e-14
157	0.1998493	0.002670038	0.0011182	0.0007157289	0.0004554346	0.0004473589	1.474713e-06	1.068112e-06	3.435322e-07	3.026354e-07	2.692316e-07	1.956235e-07	5.062657e-09	4.362094e-09	7.091331e-11	1.472956e-11	1.176407e-11	1.175098e-11	2.273577e-12	1.170552e-13	6.975409e-14	6.689911e-14	6.668585e-14	6.660145e-14	5.706697e-14	5.690485e-14	3.599795e-14	3.402e-14	3.398205e-14	3.255713e-14
158	0.8228943	0.2079911	0.002727181	0.001108935	0.0007534934	0.0004788182	0.0004719629	1.483904e-06	1.088289e-06	3.253958e-07	3.105536e-07	2.753168e-07	1.999527e-07	4.987925e-09	4.366027e-09	6.959518e-11	1.261838e-11	1.174738e-11	1.173401e-11	2.006406e-12	9.327215e-14	5.617988e-14	5.409256e-14	5.388319e-14	5.380616e-14	4.376209e-14	4.359099e-14	3.281453e-14	3.24374e-14	3.241129e-14
159	0.8013451	0.7892945	0.2191557	0.002494722	0.00080782	0.0007943149	0.0005035327	0.0004996004	1.519709e-06	1.137979e-06	3.353847e-07	3.212778e-07	2.840225e-07	2.072736e-07	5.10966e-09	4.477447e-09	7.146673e-11	1.273888e-11	1.186113e-11	1.185968e-11	1.870346e-12	9.407313e-14	5.684586e-14	5.496961e-14	5.475305e-14	5.467228e-14	4.404098e-14	4.404095e-14	3.327978e-14	3.296246e-14
160	0.8056246	0.7171726	0.7064327	0.2306873	0.002299835	0.0005719466	0.0005627235	0.0005294928	0.0005285316	1.520358e-06	1.172159e-06	3.287429e-07	3.147217e-07	2.758237e-07	2.125671e-07	4.534453e-09	4.025303e-09	6.585174e-11	1.043644e-11	9.749637e-12	9.748719e-12	1.548032e-12	5.187739e-14	2.686821e-14	2.554889e-14	2.548301e-14	2.547835e-14	2.54568e-14	2.545679e-14	1.512529e-14
161	0.7621912	0.6539264	0.6533209	0.6499171	0.2449874	0.001836693	1.223661e-05	2.580552e-06	2.019026e-06	1.127018e-06	4.982499e-07	1.340913e-07	1.072141e-07	9.239051e-08	9.203577e-08	2.603317e-08	4.598552e-09	4.100898e-09	6.777122e-11	1.055425e-11	9.860892e-12	9.860123e-12	1.315e-12	4.226467e-14	1.742644e-14	1.609308e-14	1.604538e-14	1.604257e-14	1.602744e-14	1.602743e-14
162	0.7922813	0.7175354	0.6287009	0.6281076	0.6247246	0.2621254	0.001945074	1.013184e-05	2.433517e-06	1.874265e-06	9.534418e-07	3.038003e-07	1.268586e-07	9.821413e-08	9.404201e-08	9.36641e-08	2.395946e-08	4.710576e-09	4.259344e-09	7.113997e-11	1.09867e-11	1.029714e-11	1.029635e-11	1.19323e-12	4.371921e-14	1.790935e-14	1.653958e-14	1.649022e-14	1.648736e-14	1.647272e-14
163	0.9981192	0.7760262	0.6955394	0.5998752	0.5995246	0.5961472	0.2819657	0.00208605	1.075792e-05	2.518686e-06	1.961424e-06	9.95644e-07	3.207722e-07	1.306759e-07	1.013528e-07	9.686837e-08	9.655818e-08	2.168491e-08	4.934577e-09	4.457112e-09	7.527124e-11	1.156501e-11	1.083052e-11	1.082969e-11	1.054317e-12	4.554274e-14	1.856429e-14	1.710699e-14	1.705563e-14	1.705284e-14
164	0.6610429	0.6609972	0.4581414	0.3726067	0.2691344	0.2687557	0.2653927	0.009221818	0.001656013	1.025192e-05	2.505891e-06	1.961598e-06	1.039254e-06	3.393458e-07	1.34744e-07	1.030509e-07	9.834773e-08	9.801318e-08	1.717796e-08	3.422895e-09	3.138319e-09	4.240245e-11	1.198185e-11	1.143656e-11	1.143571e-11	8.866176e-13	4.682524e-14	1.89795e-14	1.745705e-14	1.740369e-14
165	0.5562729	0.5527075	0.552674	0.333424	0.3132354	0.2014404	0.2010286	0.1976614	0.003507659	0.0001499494	9.263624e-06	1.675388e-06	1.350254e-06	7.846256e-07	3.604298e-07	1.389619e-07	1.049139e-07	9.99846e-08	9.962978e-08	1.211961e-08	1.584227e-09	1.407003e-09	2.769504e-11	1.248708e-11	1.204233e-11	1.204179e-11	6.685035e-13	2.800659e-14	1.258e-14	1.12e-14
166	0.5437949	0.4983114	0.4964149	0.4963988	0.2553464	0.250997	0.1314549	0.1310278	0.128061	0.0008106504	5.924935e-05	2.465155e-06	9.438699e-07	7.651751e-07	4.685788e-07	2.443292e-07	9.968723e-08	7.184627e-08	6.925183e-08	6.897457e-08	7.339318e-09	4.217338e-10	3.278152e-10	1.426707e-11	8.611997e-12	8.411534e-12	8.411237e-12	4.330252e-13	1.541707e-14	7.513136e-15
167	0.2979694	0.2593804	0.2097258	0.2079213	0.2079138	0.2037333	0.2007663	0.06912709	0.06871035	0.0668109	0.0003426271	3.324278e-05	9.424931e-07	5.211578e-07	4.756311e-07	2.8998e-07	1.518104e-07	3.191222e-08	1.273795e-08	1.075694e-08	1.055708e-08	3.837443e-09	1.948158e-10	1.356506e-10	3.869189e-12	1.243016e-12	1.118794e-12	1.118615e-12	2.316349e-13	9.592106e-15
168	0.09221086	0.08335743	0.07625749	0.02089102	0.01894301	0.01894157	0.01426131	0.01420408	0.01419612	0.01382439	0.01371366	7.3941e-05	2.599903e-06	1.339171e-07	9.450545e-08	8.518122e-08	4.313671e-08	4.028691e-09	1.511473e-09	1.194808e-09	1.15121e-09	1.142388e-09	7.722466e-10	4.398034e-11	3.076225e-11	4.339063e-13	1.075658e-13	9.664394e-14	9.659422e-14	4.469349e-14
169	0.2408082	0.0169774	0.01436075	0.01242367	0.01038206	0.009476557	0.009476107	0.004205051	0.004161975	0.004154453	0.004146487	0.004092258	3.523056e-05	1.357114e-06	5.669655e-08	3.704533e-08	3.338666e-08	1.871328e-08	2.112195e-09	8.252337e-10	6.424699e-10	6.162013e-10	6.138174e-10	2.565221e-10	2.810534e-11	1.532546e-11	2.580688e-13	6.611262e-14	6.134861e-14	6.132566e-14
170	0.3951414	0.04421242	0.01097003	0.009678411	0.008675375	0.008659666	0.008653903	0.008653638	0.00253013	0.002504976	0.002500614	0.002500267	0.002487444	1.140563e-05	4.090718e-07	2.589416e-08	1.759826e-08	1.587225e-08	9.256184e-09	1.158366e-09	4.707829e-10	3.704763e-10	3.566216e-10	3.553852e-10	1.525641e-10	6.614062e-12	4.739632e-12	8.230667e-14	3.750398e-14	3.508108e-14
171	0.03721432	0.02387078	0.007688978	0.001207303	0.0008872096	0.0006382554	0.0006345609	0.000633981	0.0006339162	0.0006337853	0.000628201	0.0006277395	0.0006276736	0.0006243805	3.303763e-06	1.136206e-07	5.243282e-09	3.698741e-09	3.284313e-09	1.626131e-09	1.589499e-10	5.957575e-11	4.724917e-11	4.564363e-11	4.549902e-11	3.522605e-11	2.650468e-12	1.441988e-12	1.901256e-14	4.446597e-15
172	0.04160934	0.009935496	0.007760267	0.001419292	0.0001801562	0.0001320653	9.515068e-05	9.458315e-05	9.446012e-05	9.445019e-05	9.440981e-05	9.31077e-05	9.288733e-05	9.285414e-05	9.193519e-05	1.189433e-06	4.760415e-08	1.214717e-09	7.010715e-10	5.934288e-10	3.526162e-10	6.714695e-11	2.271418e-11	1.672936e-11	1.592905e-11	1.586424e-11	6.662905e-12	1.832888e-12	6.029201e-13	9.513603e-15
173	0.1737457	0.02045653	0.004806185	0.003799979	0.0006326939	9.280704e-05	6.834331e-05	4.916358e-05	4.888071e-05	4.882311e-05	4.881807e-05	4.88075e-05	4.843586e-05	4.834486e-05	4.833352e-05	4.7964e-05	2.786935e-07	1.088869e-08	3.950734e-10	2.462615e-10	2.121294e-10	1.4209e-10	3.360765e-11	9.978989e-12	7.474153e-12	7.123309e-12	7.097392e-12	2.817823e-12	2.935375e-13	1.27863e-13
174	0.08238057	0.02939834	0.004475982	0.0008734381	0.000641127	0.0001258867	2.115192e-05	1.557484e-05	1.119421e-05	1.112913e-05	1.11174e-05	1.111626e-05	1.111317e-05	1.105442e-05	1.104619e-05	1.104409e-05	1.096899e-05	1.285573e-07	4.185376e-09	9.111513e-11	5.591653e-11	4.372867e-11	2.320638e-11	5.457866e-12	1.685824e-12	1.220404e-12	1.164322e-12	1.159394e-12	7.902525e-13	2.202809e-13
175	0.9490662	0.06292014	0.0294323	0.002528042	0.0005076853	0.0003864395	8.875781e-05	1.054688e-05	7.676159e-06	5.511379e-06	5.477474e-06	5.468793e-06	5.468189e-06	5.465097e-06	5.447414e-06	5.436197e-06	5.435914e-06	5.413606e-06	1.810558e-07	5.246929e-09	1.000918e-10	5.561115e-11	4.152005e-11	2.133376e-11	3.15497e-12	1.356448e-12	1.288321e-12	1.260088e-12	1.259145e-12	6.673118e-13
