#unpaired probabilities
 #i$	l=1	2	3	4	5	6	7	8	9	10	11	12	13	14	15	16	17	18	19	20	21	22	23	24	25	26	27	28	29	30	
1	0.9849742	NA	NA	NA	NA	NA	NA	NA	NA	NA	NA	NA	NA	NA	NA	NA	NA	NA	NA	NA	NA	NA	NA	NA	NA	NA	NA	NA	NA	NA
2	0.08406328	0.08400966	NA	NA	NA	NA	NA	NA	NA	NA	NA	NA	NA	NA	NA	NA	NA	NA	NA	NA	NA	NA	NA	NA	NA	NA	NA	NA	NA	NA
3	0.0909859	0.08004191	0.07999234	NA	NA	NA	NA	NA	NA	NA	NA	NA	NA	NA	NA	NA	NA	NA	NA	NA	NA	NA	NA	NA	NA	NA	NA	NA	NA	NA
4	0.09444886	0.086389	0.0768143	0.07676561	NA	NA	NA	NA	NA	NA	NA	NA	NA	NA	NA	NA	NA	NA	NA	NA	NA	NA	NA	NA	NA	NA	NA	NA	NA	NA
5	0.1751205	0.04948013	0.04408407	0.04150438	0.0414938	NA	NA	NA	NA	NA	NA	NA	NA	NA	NA	NA	NA	NA	NA	NA	NA	NA	NA	NA	NA	NA	NA	NA	NA	NA
6	0.04123176	0.03139834	0.02910196	0.02589135	0.02514497	0.02513444	NA	NA	NA	NA	NA	NA	NA	NA	NA	NA	NA	NA	NA	NA	NA	NA	NA	NA	NA	NA	NA	NA	NA	NA
7	0.8530807	0.03760493	0.02777528	0.02607133	0.0257505	0.02500825	0.02499772	NA	NA	NA	NA	NA	NA	NA	NA	NA	NA	NA	NA	NA	NA	NA	NA	NA	NA	NA	NA	NA	NA	NA
8	0.8522837	0.8521577	0.03676795	0.02694362	0.02525697	0.02493724	0.02486248	0.02485196	NA	NA	NA	NA	NA	NA	NA	NA	NA	NA	NA	NA	NA	NA	NA	NA	NA	NA	NA	NA	NA	NA
9	0.852919	0.852224	0.8521046	0.0367211	0.02690591	0.02521954	0.02489983	0.02483145	0.0248255	NA	NA	NA	NA	NA	NA	NA	NA	NA	NA	NA	NA	NA	NA	NA	NA	NA	NA	NA	NA	NA
10	0.08374821	0.07637167	0.07579782	0.07567922	0.0338129	0.02404584	0.0223673	0.02207042	0.02200234	0.0219964	NA	NA	NA	NA	NA	NA	NA	NA	NA	NA	NA	NA	NA	NA	NA	NA	NA	NA	NA	NA
11	0.08008419	0.07390734	0.06653814	0.06598347	0.06597493	0.02410879	0.02401651	0.02233807	0.02204119	0.02198087	0.02198053	NA	NA	NA	NA	NA	NA	NA	NA	NA	NA	NA	NA	NA	NA	NA	NA	NA	NA	NA
12	0.2179024	0.07805082	0.07225852	0.06489212	0.0643375	0.06432896	0.02246284	0.02237057	0.02230952	0.02203903	0.02197871	0.02197837	NA	NA	NA	NA	NA	NA	NA	NA	NA	NA	NA	NA	NA	NA	NA	NA	NA	NA
13	0.1497386	0.1462477	0.02857236	0.02465352	0.02190489	0.02156606	0.02155856	0.02150964	0.02141755	0.02141743	0.02141739	0.02135707	0.02135673	NA	NA	NA	NA	NA	NA	NA	NA	NA	NA	NA	NA	NA	NA	NA	NA	NA
14	0.1750993	0.1465401	0.144014	0.0269857	0.02437304	0.02165099	0.0213152	0.02130772	0.02125914	0.02124104	0.02124092	0.02124088	0.02119496	0.02119462	NA	NA	NA	NA	NA	NA	NA	NA	NA	NA	NA	NA	NA	NA	NA	NA
15	0.9856229	0.1678827	0.1461451	0.1437823	0.02677394	0.02428011	0.02156254	0.02122724	0.02121977	0.02117127	0.02116762	0.0211675	0.02116746	0.02116399	0.02116365	NA	NA	NA	NA	NA	NA	NA	NA	NA	NA	NA	NA	NA	NA	NA
16	0.9831466	0.9801209	0.1677278	0.1460032	0.1437638	0.02675578	0.0242665	0.0215496	0.0212144	0.02121266	0.02116417	0.02116129	0.02116117	0.02116114	0.02115843	0.02115843	NA	NA	NA	NA	NA	NA	NA	NA	NA	NA	NA	NA	NA	NA
17	0.190492	0.1857584	0.1852272	0.1212397	0.1209957	0.1208355	0.004139144	0.001768654	0.001559629	0.001527357	0.001527227	0.001513818	0.001513799	0.001513681	0.001513646	0.001513644	0.001513644	NA	NA	NA	NA	NA	NA	NA	NA	NA	NA	NA	NA	NA
18	0.1447957	0.1261549	0.1260148	0.1259739	0.1187135	0.1187074	0.1187041	0.002430298	6.271787e-05	4.327969e-05	4.164392e-05	4.163497e-05	3.098452e-05	3.096551e-05	3.095411e-05	3.092016e-05	3.09183e-05	3.091829e-05	NA	NA	NA	NA	NA	NA	NA	NA	NA	NA	NA	NA
19	0.005504156	0.004310843	0.002552957	0.002540779	0.002539149	0.002390884	0.002389196	0.002388781	0.002388713	2.118711e-05	5.210881e-06	3.995889e-06	3.989156e-06	3.946598e-06	3.927597e-06	3.916949e-06	3.916603e-06	3.91474e-06	3.914728e-06	NA	NA	NA	NA	NA	NA	NA	NA	NA	NA	NA
20	0.00609182	0.0003305309	0.0001624875	0.0001277275	0.000123202	0.0001219402	2.052842e-05	2.009167e-05	1.980749e-05	1.975948e-05	1.974992e-05	3.93163e-06	2.735716e-06	2.729085e-06	2.688736e-06	2.688585e-06	2.677938e-06	2.677592e-06	2.677536e-06	2.677524e-06	NA	NA	NA	NA	NA	NA	NA	NA	NA	NA
21	0.8522002	0.002579186	0.0002811875	0.0001334711	0.0001054788	0.0001035738	0.000102633	4.910254e-06	4.489076e-06	4.215168e-06	4.172544e-06	4.163403e-06	3.832963e-06	2.638542e-06	2.631919e-06	2.591743e-06	2.591594e-06	2.581073e-06	2.580793e-06	2.580737e-06	2.580725e-06	NA	NA	NA	NA	NA	NA	NA	NA	NA
22	0.004132688	0.004069978	0.001223194	3.815312e-05	2.53378e-05	9.192252e-06	8.970441e-06	8.599839e-06	3.388832e-07	3.004616e-07	2.767426e-07	2.716633e-07	2.695049e-07	2.414531e-07	2.373632e-07	2.309334e-07	2.289674e-07	2.288232e-07	2.183142e-07	2.180382e-07	2.179826e-07	2.179706e-07	NA	NA	NA	NA	NA	NA	NA	NA
23	0.005174546	0.003621567	0.003610289	0.001182142	3.194631e-05	2.465008e-05	8.579287e-06	8.368044e-06	8.000344e-06	3.101772e-07	2.743547e-07	2.527264e-07	2.478863e-07	2.45784e-07	2.196564e-07	2.157989e-07	2.157823e-07	2.138433e-07	2.137416e-07	2.032325e-07	2.029565e-07	2.02903e-07	2.02903e-07	NA	NA	NA	NA	NA	NA	NA
24	0.006907724	0.002420685	0.001654548	0.001647712	0.001160604	2.869794e-05	2.181053e-05	7.213382e-06	7.067313e-06	7.033529e-06	2.728161e-07	2.409375e-07	2.219693e-07	2.175604e-07	2.155554e-07	1.925728e-07	1.897124e-07	1.896977e-07	1.892836e-07	1.891825e-07	1.787197e-07	1.784546e-07	1.784012e-07	1.784012e-07	NA	NA	NA	NA	NA	NA
25	0.4465458	0.00619531	0.002388327	0.001647366	0.001641293	0.001158856	2.757106e-05	2.069304e-05	6.177476e-06	6.048956e-06	6.018217e-06	2.259597e-07	1.981739e-07	1.818931e-07	1.779504e-07	1.759962e-07	1.563159e-07	1.538469e-07	1.538344e-07	1.534656e-07	1.533645e-07	1.533283e-07	1.530663e-07	1.530129e-07	1.530129e-07	NA	NA	NA	NA	NA
26	0.4514668	0.02323609	0.001644877	0.00124579	0.001198912	0.001194217	0.001151387	2.681152e-05	2.009144e-05	5.621482e-06	5.526202e-06	5.499016e-06	2.026493e-07	1.796655e-07	1.648478e-07	1.625834e-07	1.606891e-07	1.427167e-07	1.4045e-07	1.404386e-07	1.400932e-07	1.399925e-07	1.399889e-07	1.399874e-07	1.399342e-07	1.399342e-07	NA	NA	NA	NA
27	0.02387077	0.02153977	0.01459681	0.000154342	6.340107e-05	4.644967e-05	4.369153e-05	2.737663e-05	2.531756e-05	2.000067e-05	5.537483e-06	5.445001e-06	5.418206e-06	1.992426e-07	1.769276e-07	1.623321e-07	1.601011e-07	1.583001e-07	1.405888e-07	1.383537e-07	1.383424e-07	1.380007e-07	1.379233e-07	1.379197e-07	1.379184e-07	1.378906e-07	1.378906e-07	NA	NA	NA
28	0.1308513	0.01729337	0.01637761	0.01003623	0.0001142931	4.55622e-05	3.524447e-05	3.323758e-05	1.920551e-05	1.876103e-05	1.875137e-05	4.379786e-06	4.303694e-06	4.280249e-06	1.561784e-07	1.385941e-07	1.270609e-07	1.252886e-07	1.250734e-07	1.110551e-07	1.092661e-07	1.092572e-07	1.089671e-07	1.089671e-07	1.089635e-07	1.089622e-07	1.089622e-07	1.089622e-07	NA	NA
29	0.6588578	0.1002921	0.0115123	0.01074276	0.008377864	9.146701e-05	3.502535e-05	2.686438e-05	2.529258e-05	1.828113e-05	1.791174e-05	1.790358e-05	3.664171e-06	3.603926e-06	3.592139e-06	1.309157e-07	1.161405e-07	1.064605e-07	1.049694e-07	1.047887e-07	9.30468e-08	9.163209e-08	9.16246e-08	9.145334e-08	9.145332e-08	9.145198e-08	9.145157e-08	9.145156e-08	9.145156e-08	NA
30	0.03920093	0.0294512	0.00661866	0.0007227168	0.0006703985	0.000590232	2.048669e-05	1.570235e-05	1.505405e-05	1.493041e-05	1.421565e-05	1.418086e-05	1.417909e-05	2.569737e-07	2.458852e-07	2.444742e-07	9.046893e-09	7.944283e-09	7.283287e-09	7.184028e-09	7.170638e-09	6.332197e-09	6.235129e-09	6.234619e-09	6.220873e-09	6.220851e-09	6.22009e-09	6.219753e-09	6.219741e-09	6.21974e-09
31	0.3327729	0.02008684	0.0167725	0.001396928	0.0001829222	0.0001724402	0.0001179101	2.400568e-06	6.486444e-07	4.354287e-07	4.059701e-07	7.672356e-08	6.167563e-08	6.040463e-08	5.594734e-08	4.773101e-08	4.696066e-08	1.858257e-09	1.562443e-09	1.433575e-09	1.414458e-09	1.410941e-09	1.214813e-09	1.195816e-09	1.195717e-09	1.191575e-09	1.191554e-09	1.191365e-09	1.191043e-09	1.19103e-09
32	0.6332254	0.2608917	0.01794709	0.01518393	0.001369504	0.0001702388	0.0001598489	0.000116756	2.363205e-06	6.344215e-07	4.246377e-07	3.954632e-07	6.936175e-08	5.439008e-08	5.312515e-08	4.870181e-08	4.726985e-08	4.650087e-08	1.802612e-09	1.508516e-09	1.38078e-09	1.361901e-09	1.358415e-09	1.203766e-09	1.184933e-09	1.184836e-09	1.180713e-09	1.180691e-09	1.180677e-09	1.180367e-09
33	0.5207487	0.5060047	0.1793664	0.002830666	0.002604872	3.99787e-05	1.297655e-05	1.277391e-05	1.046513e-05	1.198218e-06	1.901539e-07	1.014336e-07	9.778612e-08	1.226149e-08	2.1603e-09	1.209139e-09	1.091893e-09	9.902464e-10	9.71564e-10	1.421063e-10	3.410162e-11	2.895923e-11	2.846036e-11	2.729497e-11	2.442478e-11	2.39581e-11	2.395533e-11	2.219872e-11	2.217756e-11	2.216692e-11
34	0.9153513	0.5163699	0.5035483	0.1787455	0.002674195	0.002458169	2.887837e-05	1.205275e-05	1.190874e-05	9.825046e-06	1.171968e-06	1.735813e-07	8.575683e-08	8.227211e-08	1.186255e-08	1.810395e-09	8.615788e-10	8.112055e-10	7.159041e-10	7.017589e-10	1.305711e-10	2.365322e-11	1.922628e-11	1.883752e-11	1.770068e-11	1.56957e-11	1.545931e-11	1.545709e-11	1.542847e-11	1.540746e-11
35	0.9241195	0.9131901	0.516205	0.5034369	0.1787184	0.00266569	0.002450336	2.19531e-05	5.154942e-06	5.025384e-06	2.984667e-06	1.17177e-06	1.734101e-07	8.56255e-08	8.220728e-08	1.185714e-08	1.807308e-09	8.587622e-10	8.084696e-10	7.131863e-10	6.990506e-10	1.288223e-10	2.191173e-11	1.919136e-11	1.8803e-11	1.766753e-11	1.566578e-11	1.542978e-11	1.542835e-11	1.539977e-11
36	0.8751338	0.8612173	0.8518973	0.5158422	0.5031683	0.1785468	0.002661957	0.002447613	1.9277e-05	3.849702e-06	3.735022e-06	1.700879e-06	1.857903e-07	1.639297e-07	7.943686e-08	7.605157e-08	1.176542e-08	1.742268e-09	7.942754e-10	7.486783e-10	6.543603e-10	6.404e-10	1.263532e-10	1.968241e-11	1.713365e-11	1.681772e-11	1.568612e-11	1.387377e-11	1.366065e-11	1.365934e-11
37	0.5528742	0.5499925	0.5378695	0.5323071	0.5133817	0.5007568	0.1769041	0.002637096	0.002445589	1.729325e-05	3.431169e-06	3.331179e-06	1.463335e-06	1.099313e-07	8.922836e-08	7.794494e-08	7.462901e-08	1.149188e-08	1.555e-09	6.162646e-10	5.760697e-10	4.827176e-10	4.689549e-10	1.947592e-11	1.749526e-11	1.512724e-11	1.483848e-11	1.371445e-11	1.211986e-11	1.193307e-11
38	0.6517696	0.5291305	0.5264411	0.5143812	0.5101988	0.5002865	0.49987	0.1769013	0.002635325	0.002445489	1.724783e-05	3.418751e-06	3.31994e-06	1.454759e-06	1.09085e-07	8.840549e-08	7.71644e-08	7.458925e-08	1.148673e-08	1.55163e-09	6.135953e-10	5.735119e-10	4.801796e-10	4.664221e-10	1.826903e-11	1.633823e-11	1.508389e-11	1.479569e-11	1.367298e-11	1.208285e-11
39	0.9310269	0.5829348	0.5125995	0.5112401	0.5098378	0.5070013	0.5002757	0.4998636	0.1769002	0.002634793	0.002444967	1.673768e-05	3.361123e-06	3.266536e-06	1.402831e-06	1.080122e-07	8.816832e-08	7.701284e-08	7.444847e-08	1.146248e-08	1.529677e-09	5.917068e-10	5.532198e-10	4.60186e-10	4.464868e-10	1.742497e-11	1.557519e-11	1.43755e-11	1.419218e-11	1.307047e-11
40	0.08758769	0.0857492	0.02823305	0.009359068	0.008114091	0.006739107	0.006282229	0.003881667	0.003469935	0.003193335	0.002561236	0.002444699	1.64746e-05	3.322454e-06	3.229914e-06	1.368606e-06	9.712667e-08	7.743311e-08	6.633849e-08	6.377873e-08	8.161674e-10	6.594189e-10	5.80888e-10	5.431926e-10	4.503004e-10	4.366301e-10	1.703401e-11	1.525092e-11	1.407771e-11	1.389836e-11
41	0.1478192	0.08223247	0.0815226	0.02515123	0.007879877	0.006801615	0.005457546	0.005050284	0.002939757	0.002528565	0.002504756	0.002444428	0.00244416	1.594651e-05	3.224634e-06	3.136006e-06	1.276056e-06	9.650343e-08	7.710132e-08	6.618785e-08	6.363651e-08	7.148382e-10	5.62456e-10	5.591052e-10	5.22929e-10	4.303083e-10	4.166934e-10	1.524559e-11	1.354322e-11	1.242079e-11
42	0.993198	0.1447272	0.08126089	0.08055893	0.02493899	0.007778095	0.006719203	0.005424736	0.005032128	0.002939346	0.002528185	0.002504535	0.002444269	0.002444008	1.57979e-05	3.209223e-06	3.12179e-06	1.262241e-06	9.610985e-08	7.697944e-08	6.60817e-08	6.353285e-08	6.213872e-10	4.69586e-10	4.662511e-10	4.30545e-10	4.2445e-10	4.108522e-10	1.502254e-11	1.3344e-11
43	0.04563089	0.04383104	0.02529892	0.00983841	0.009771962	0.009656778	0.002159463	0.002069004	0.000996713	0.000911519	0.0004909704	8.292729e-05	6.597969e-05	7.999809e-06	7.777102e-06	7.193769e-06	2.530817e-06	2.496346e-06	6.546582e-07	8.273797e-08	7.551705e-08	6.516805e-08	6.272386e-08	2.974835e-10	1.71471e-10	1.686894e-10	1.549431e-10	1.527471e-10	1.522441e-10	5.545664e-12
44	0.05437491	0.03301139	0.03273056	0.01871254	0.004267146	0.004203985	0.004126226	0.002092168	0.002009271	0.0009667193	0.0008932648	0.0004869286	7.97407e-05	6.38335e-05	5.901676e-06	5.680761e-06	5.6019e-06	2.486718e-06	2.455514e-06	6.149238e-07	7.96539e-08	7.481473e-08	6.449948e-08	6.206174e-08	2.768362e-10	1.524116e-10	1.496606e-10	1.386484e-10	1.366842e-10	1.362453e-10
45	0.08792623	0.0349005	0.0202317	0.01999421	0.01774314	0.003370186	0.003312526	0.003270003	0.00123833	0.001184693	0.0005298293	0.0004746638	7.861775e-05	7.737957e-05	6.152486e-05	4.058308e-06	3.838103e-06	3.759362e-06	6.48998e-07	6.211253e-07	6.10847e-07	7.621208e-08	7.137611e-08	6.211903e-08	6.206002e-08	2.754837e-10	1.521721e-10	1.494286e-10	1.384334e-10	1.364722e-10
46	0.1432649	0.08107972	0.03096124	0.01998372	0.01975277	0.01767757	0.003307869	0.003250672	0.003209053	0.00118178	0.001130919	0.0004815358	0.0004313098	6.65591e-05	6.535897e-05	6.106605e-05	3.622289e-06	3.468864e-06	3.393083e-06	4.043695e-07	3.7759e-07	3.676789e-07	6.731703e-08	6.256194e-08	6.21002e-08	6.204339e-08	2.681338e-10	1.453848e-10	1.435782e-10	1.330122e-10
47	0.08847224	0.08021368	0.07740988	0.02877246	0.01816653	0.01794313	0.01691143	0.002620027	0.00256315	0.002553601	0.000541658	0.0004985776	0.0004706166	0.0004220926	6.478756e-05	6.388263e-05	6.026798e-05	2.848177e-06	2.697255e-06	2.637648e-06	2.701181e-07	2.489075e-07	2.408647e-07	2.985842e-09	1.413668e-09	1.009311e-09	9.637082e-10	2.354122e-10	1.153675e-10	1.136105e-10
48	0.02586662	0.02363703	0.02312931	0.021824	0.01950933	0.01781089	0.01759034	0.01682099	0.00253186	0.002475003	0.002465566	0.0004538985	0.0004109121	0.0003830823	0.0003627718	6.909447e-06	6.005304e-06	3.492265e-06	2.821445e-06	2.681701e-06	2.62242e-06	2.682989e-07	2.472086e-07	2.392061e-07	2.715479e-09	1.152217e-09	8.982977e-10	8.529335e-10	1.256572e-10	1.146047e-10
49	0.8821944	0.02157138	0.01982794	0.01946929	0.01829947	0.01797656	0.01780287	0.0175824	0.01681532	0.002526358	0.002469508	0.002460093	0.000448662	0.0004056983	0.0003780015	0.0003603942	6.69609e-06	5.798465e-06	3.394298e-06	2.730817e-06	2.664388e-06	2.605476e-06	2.665345e-07	2.455803e-07	2.376235e-07	2.67107e-09	1.117897e-09	8.952136e-10	8.501167e-10	1.239964e-10
50	0.08918273	0.01140049	0.005072613	0.004717418	0.004539331	0.003453352	0.003137119	0.002965114	0.002744943	0.002671819	0.002475026	0.00241819	0.002411805	0.0004476947	0.0004047559	0.0003776754	0.0003601881	6.52443e-06	5.651176e-06	3.315047e-06	2.653525e-06	2.587344e-06	2.53122e-06	2.586062e-07	2.382353e-07	2.304741e-07	2.066896e-09	5.570154e-10	3.40343e-10	2.963888e-10
51	0.04809664	0.03430501	0.009332932	0.004508182	0.004181973	0.004060459	0.003047604	0.002863277	0.002699739	0.002687437	0.002615825	0.002419056	0.002417267	0.002410886	0.0004467898	0.0004039585	0.0003770062	0.0003595658	5.914544e-06	5.253376e-06	2.924058e-06	2.651097e-06	2.585391e-06	2.529289e-06	2.575736e-07	2.372148e-07	2.303819e-07	2.065105e-09	5.558211e-10	3.392853e-10
52	0.09757613	0.04246772	0.02950628	0.008914692	0.004235174	0.00402931	0.003910341	0.002903846	0.002768823	0.002697311	0.002685061	0.002613981	0.002417231	0.002415445	0.002409078	0.0004451564	0.0004023261	0.0003754736	0.000359408	5.82567e-06	5.164642e-06	2.852161e-06	2.582417e-06	2.572157e-06	2.516334e-06	2.561337e-07	2.358781e-07	2.290799e-07	2.053256e-09	5.516249e-10
53	0.1217664	0.02406118	0.02102358	0.01213692	0.005704185	0.002014009	0.001893612	0.001791624	0.0008016104	0.0006690893	0.0005988031	0.0005868281	0.0005214957	0.0005178903	0.0005161101	0.0005136312	0.000444612	0.0004017841	0.0003753953	0.0003593516	5.772168e-06	5.111548e-06	2.816729e-06	2.547256e-06	2.537095e-06	2.482822e-06	2.530959e-07	2.3308e-07	2.263622e-07	2.024743e-09
54	0.9223922	0.1165351	0.02349303	0.0207429	0.01190321	0.005673009	0.001987077	0.001870126	0.001768222	0.0007785824	0.0006468066	0.0005929953	0.0005813032	0.0005160162	0.0005124122	0.0005113561	0.0005088775	0.0004398613	0.0004015377	0.0003751515	0.0003592337	5.749023e-06	5.109408e-06	2.814946e-06	2.546897e-06	2.536847e-06	2.482579e-06	2.530419e-07	2.330483e-07	2.263368e-07
55	0.9924311	0.9192486	0.1149442	0.02210233	0.01947455	0.01087248	0.005537186	0.001931666	0.001822383	0.001720526	0.0007315004	0.0006035758	0.0005508002	0.0005407721	0.0004755369	0.0004719356	0.0004714686	0.0004689904	0.0003999797	0.0003996437	0.0003732611	0.0003591949	5.737428e-06	5.107824e-06	2.814289e-06	2.546302e-06	2.536437e-06	2.482177e-06	2.529873e-07	2.330006e-07
56	0.2136799	0.2127296	0.1476749	0.02235563	0.007575731	0.006102405	0.004363823	0.001459048	0.0007245536	0.0006925165	0.0006460791	0.0004386937	0.0004081458	0.0003929205	0.0003913582	0.0003783894	0.0003771533	0.0003770769	0.0003766932	0.000371529	0.0003713461	0.0003684028	0.0003556806	2.359515e-06	1.73024e-06	6.465667e-07	3.929196e-07	3.897903e-07	3.814499e-07	3.887879e-08
57	0.1315311	0.1270781	0.1266666	0.1240054	0.01626991	0.003370031	0.003121534	0.001887995	0.0006454407	0.0002116513	0.0001973857	0.0001879778	6.515938e-05	4.222483e-05	3.58557e-05	3.451169e-05	2.309033e-05	2.268673e-05	2.26214e-05	2.229321e-05	1.779871e-05	1.761945e-05	1.505658e-05	2.611929e-06	2.151064e-06	1.521794e-06	5.921278e-07	3.415829e-07	3.392189e-07	3.319586e-07
58	0.1455532	0.1303638	0.1259866	0.1255984	0.1230808	0.01557449	0.002707411	0.002485969	0.001255755	0.0006336776	0.0002057322	0.0001916022	0.0001828193	6.048826e-05	3.764804e-05	3.131893e-05	2.998073e-05	2.157636e-05	2.12155e-05	2.115334e-05	2.083242e-05	1.634756e-05	1.632338e-05	1.376578e-05	1.327683e-06	8.67712e-07	8.669765e-07	5.911322e-07	3.408825e-07	3.385246e-07
59	0.2147329	0.1389214	0.1243364	0.1232218	0.1228486	0.1216884	0.01445801	0.002153944	0.002018866	0.0009267388	0.0006089506	0.000183561	0.0001697276	0.0001612032	4.006141e-05	2.465494e-05	1.861408e-05	1.728027e-05	9.057893e-06	8.70096e-06	8.639389e-06	8.319396e-06	3.839118e-06	3.81496e-06	1.259801e-06	1.01305e-06	5.560657e-07	5.553302e-07	3.438835e-07	3.404529e-07
60	0.829876	0.1414617	0.1362438	0.1222519	0.1214875	0.1211225	0.1199732	0.01426582	0.002112686	0.001979278	0.0009134231	0.0006005362	0.0001798689	0.0001676355	0.0001592183	3.947141e-05	2.427198e-05	1.832462e-05	1.70061e-05	8.880545e-06	8.527954e-06	8.467091e-06	8.15081e-06	3.721803e-06	3.697922e-06	1.17188e-06	9.615411e-07	5.462633e-07	5.455282e-07	3.387285e-07
61	0.8680919	0.7414313	0.05344018	0.04830662	0.04703547	0.04658005	0.04643769	0.04620163	0.005484651	0.0008080397	0.0007591699	0.000348087	0.0002250439	6.968269e-05	6.48197e-05	6.15605e-05	1.555298e-05	9.666977e-06	7.313318e-06	6.805791e-06	3.668532e-06	3.532536e-06	3.509097e-06	3.387297e-06	1.683529e-06	1.674311e-06	7.064309e-07	6.248485e-07	2.226355e-07	2.219203e-07
62	0.08858508	0.08475299	0.05393221	0.04457798	0.04447769	0.04417467	0.04391718	0.04379203	0.04357602	0.005170453	0.0007575333	0.0007117773	0.0003240647	0.0002116263	6.511466e-05	6.056216e-05	5.75405e-05	1.416893e-05	8.63341e-06	6.500077e-06	6.020933e-06	3.072821e-06	2.945478e-06	2.92335e-06	2.808538e-06	1.199944e-06	1.191238e-06	2.774213e-07	2.008687e-07	1.923172e-07
63	0.1094267	0.07786567	0.07407006	0.04579645	0.04450312	0.04443539	0.04413613	0.04388838	0.04376335	0.04354752	0.005166203	0.0007564907	0.0007108338	0.0003233787	0.0002114705	6.505393e-05	6.050712e-05	5.748783e-05	1.41441e-05	8.623863e-06	6.492048e-06	6.013339e-06	3.069608e-06	2.94238e-06	2.920291e-06	2.805553e-06	1.197963e-06	1.189308e-06	2.760674e-07	1.997427e-07
64	0.110511	0.1080729	0.07706326	0.07329504	0.04538091	0.04438921	0.04432363	0.04402473	0.04384498	0.04372002	0.04350429	0.005162096	0.0007548719	0.0007092506	0.000322963	0.0002111557	6.480764e-05	6.045894e-05	5.744116e-05	1.41176e-05	8.61306e-06	6.488297e-06	6.00981e-06	3.067577e-06	2.940411e-06	2.918332e-06	2.803649e-06	1.196807e-06	1.188156e-06	2.753401e-07
65	0.6144006	0.02020137	0.01792393	0.00705879	0.006624096	0.001651143	0.0007559821	0.0007375535	0.0007325162	0.0007293488	0.0007270022	0.0007233499	8.606176e-05	1.256934e-05	1.181034e-05	5.388584e-06	3.525352e-06	1.093606e-06	1.020834e-06	9.697109e-07	2.498609e-07	1.484891e-07	1.086213e-07	1.00644e-07	5.17276e-08	4.961102e-08	4.924388e-08	4.733399e-08	2.062797e-08	2.048417e-08
66	0.8209949	0.5311219	0.01715008	0.01632837	0.005892816	0.005530737	0.0009252671	4.550623e-05	4.122889e-05	4.017737e-05	3.996064e-05	3.961219e-05	3.935374e-05	4.903489e-06	6.987714e-07	6.571916e-07	3.092342e-07	2.048531e-07	7.281904e-08	6.878373e-08	6.490013e-08	2.602206e-08	1.231585e-08	5.869525e-09	5.414689e-09	2.761586e-09	2.64564e-09	2.625634e-09	2.519698e-09	1.07665e-09
67	0.8352475	0.8193405	0.5294884	0.01709408	0.01628314	0.005855184	0.005495626	0.0008948476	3.672406e-05	3.249134e-05	3.166069e-05	3.14812e-05	3.115745e-05	3.094305e-05	3.897098e-06	5.435267e-07	5.108514e-07	2.374992e-07	1.552767e-07	5.160844e-08	4.841553e-08	4.511351e-08	1.459903e-08	1.064668e-08	4.610092e-09	4.24776e-09	2.166998e-09	2.07572e-09	2.059994e-09	1.976211e-09
68	0.9008979	0.8349701	0.8191042	0.5292571	0.01696112	0.01615212	0.005725726	0.005490625	0.0008914262	3.357373e-05	2.945049e-05	2.864112e-05	2.851e-05	2.819497e-05	2.79952e-05	3.543756e-06	4.874638e-07	4.5787e-07	2.110692e-07	1.364113e-07	4.260798e-08	3.971833e-08	3.661884e-08	9.024654e-09	5.523505e-09	4.171767e-09	3.841699e-09	1.959425e-09	1.876726e-09	1.862489e-09
69	0.6312321	0.6108387	0.5449199	0.5290672	0.5290213	0.01672761	0.0159187	0.005492393	0.005490238	0.0008911092	3.339507e-05	2.928013e-05	2.847266e-05	2.835732e-05	2.804268e-05	2.784357e-05	3.527717e-06	4.844101e-07	4.549516e-07	2.099681e-07	1.356446e-07	4.227339e-08	3.951421e-08	3.642358e-08	8.956987e-09	5.472402e-09	4.127227e-09	3.823798e-09	1.950201e-09	1.867876e-09
70	0.227157	0.1484165	0.1281303	0.06221231	0.04702474	0.04698123	0.006140183	0.005390413	0.005330905	0.005328753	0.0008314426	3.302558e-05	2.891354e-05	2.835075e-05	2.823557e-05	2.793938e-05	2.779473e-05	3.511066e-06	4.831825e-07	4.538077e-07	2.091485e-07	1.353311e-07	4.21298e-08	3.937428e-08	3.637068e-08	8.94055e-09	5.460578e-09	4.117182e-09	3.814155e-09	1.946608e-09
71	0.1729024	0.1607799	0.08206727	0.0617814	0.06149661	0.04630914	0.04626565	0.005424601	0.00539002	0.005330515	0.005328364	0.0008310533	3.263629e-05	2.885347e-05	2.829069e-05	2.817551e-05	2.793792e-05	2.779471e-05	3.511041e-06	4.831574e-07	4.538057e-07	2.091465e-07	1.353299e-07	4.21286e-08	3.937308e-08	3.636948e-08	8.93948e-09	5.459508e-09	4.116112e-09	3.813086e-09
72	0.1378576	0.1324788	0.1317146	0.05300914	0.0347383	0.03464218	0.03460414	0.03456128	0.0008476906	0.000828631	0.0008141116	0.0008119632	0.0007815602	3.231752e-05	2.853914e-05	2.800515e-05	2.789012e-05	2.767746e-05	2.753596e-05	3.2836e-06	4.812491e-07	4.520819e-07	2.077382e-07	1.347528e-07	4.182371e-08	3.907174e-08	3.631894e-08	8.924409e-09	5.448923e-09	4.107258e-09
73	0.9112305	0.0591227	0.05374412	0.05299567	0.05297347	0.03470265	0.03463945	0.03460143	0.03455857	0.0008449814	0.0008284105	0.0008138924	0.0008117441	0.0007813411	3.209848e-05	2.85171e-05	2.798311e-05	2.786808e-05	2.767661e-05	2.753583e-05	3.283472e-06	4.811215e-07	4.520802e-07	2.077364e-07	1.347517e-07	4.182263e-08	3.907067e-08	3.631787e-08	8.923457e-09	5.447972e-09
74	0.005968351	0.005899344	0.0002956305	0.0002483654	0.0002284871	0.0002179246	0.0002169816	0.0001544458	0.0001190945	8.302025e-05	7.995427e-05	6.343352e-05	4.903899e-05	4.689087e-05	3.209536e-05	3.203147e-05	2.846011e-05	2.794626e-05	2.783124e-05	2.765848e-05	2.751825e-05	3.265895e-06	4.780831e-07	4.490564e-07	2.047126e-07	1.338995e-07	4.098198e-08	3.823002e-08	3.631621e-08	8.921887e-09
75	0.006824896	0.002198168	0.002148855	0.0001688931	0.00014651	0.0001358257	0.0001353587	0.0001344312	0.0001342999	9.898692e-05	6.294837e-05	5.988242e-05	5.979542e-05	4.540525e-05	4.325717e-05	2.846172e-05	2.839783e-05	2.836706e-05	2.785322e-05	2.77382e-05	2.765795e-05	2.751824e-05	3.265886e-06	4.780739e-07	4.490545e-07	2.047108e-07	1.338981e-07	4.098068e-08	3.822873e-08	3.631491e-08
76	0.004693745	0.004328203	0.001264915	0.00123858	0.0001572258	0.0001397361	0.000129616	0.0001292713	0.0001284324	0.0001283361	9.699065e-05	6.095624e-05	5.801286e-05	5.792819e-05	4.497958e-05	4.283166e-05	2.808646e-05	2.802632e-05	2.799613e-05	2.784741e-05	2.77324e-05	2.765356e-05	2.751723e-05	3.264873e-06	4.773795e-07	4.485266e-07	2.041829e-07	1.334674e-07	4.09629e-08	3.821095e-08
77	0.02712139	0.004663354	0.004318129	0.001261597	0.001235356	0.0001570199	0.0001395414	0.0001295951	0.0001292505	0.0001284115	0.0001283153	9.697003e-05	6.094886e-05	5.800547e-05	5.79208e-05	4.497223e-05	4.283002e-05	2.808482e-05	2.802468e-05	2.799449e-05	2.784577e-05	2.77322e-05	2.765336e-05	2.751702e-05	3.264861e-06	4.773669e-07	4.485139e-07	2.041805e-07	1.33465e-07	4.096051e-08
