#unpaired probabilities
 #i$	l=1	2	3	4	5	6	7	8	9	10	11	12	13	14	15	16	17	18	19	20	21	22	23	24	25	26	27	28	29	30	
1	0.9996259	NA	NA	NA	NA	NA	NA	NA	NA	NA	NA	NA	NA	NA	NA	NA	NA	NA	NA	NA	NA	NA	NA	NA	NA	NA	NA	NA	NA	NA
2	0.997812	0.9977417	NA	NA	NA	NA	NA	NA	NA	NA	NA	NA	NA	NA	NA	NA	NA	NA	NA	NA	NA	NA	NA	NA	NA	NA	NA	NA	NA	NA
3	0.9926665	0.992026	0.9927776	NA	NA	NA	NA	NA	NA	NA	NA	NA	NA	NA	NA	NA	NA	NA	NA	NA	NA	NA	NA	NA	NA	NA	NA	NA	NA	NA
4	0.9927648	0.9909164	0.990352	0.9912409	NA	NA	NA	NA	NA	NA	NA	NA	NA	NA	NA	NA	NA	NA	NA	NA	NA	NA	NA	NA	NA	NA	NA	NA	NA	NA
5	0.9938732	0.9924097	0.9906011	0.9900533	0.9909768	NA	NA	NA	NA	NA	NA	NA	NA	NA	NA	NA	NA	NA	NA	NA	NA	NA	NA	NA	NA	NA	NA	NA	NA	NA
6	0.9973373	0.993756	0.9922846	0.9904568	0.9898694	0.9909196	NA	NA	NA	NA	NA	NA	NA	NA	NA	NA	NA	NA	NA	NA	NA	NA	NA	NA	NA	NA	NA	NA	NA	NA
7	0.9841422	0.9816569	0.9782068	0.9767194	0.9750193	0.9746703	0.9757141	NA	NA	NA	NA	NA	NA	NA	NA	NA	NA	NA	NA	NA	NA	NA	NA	NA	NA	NA	NA	NA	NA	NA
8	0.1009601	0.08546842	0.08091739	0.07434107	0.07373019	0.07349333	0.07337665	0.07339385	NA	NA	NA	NA	NA	NA	NA	NA	NA	NA	NA	NA	NA	NA	NA	NA	NA	NA	NA	NA	NA	NA
9	0.05515274	0.01508277	0.01268785	0.007776177	0.003686153	0.003233183	0.003136643	0.003080931	0.003022993	NA	NA	NA	NA	NA	NA	NA	NA	NA	NA	NA	NA	NA	NA	NA	NA	NA	NA	NA	NA	NA
10	0.1996746	0.05302579	0.01424747	0.0119355	0.007084317	0.003097115	0.002697527	0.002611488	0.0025689	0.002511656	NA	NA	NA	NA	NA	NA	NA	NA	NA	NA	NA	NA	NA	NA	NA	NA	NA	NA	NA	NA
11	0.1909929	0.1070283	0.03434862	0.003394028	0.002627373	0.001937102	0.0009582519	0.0007487162	0.0006799628	0.0006514904	0.0005925646	NA	NA	NA	NA	NA	NA	NA	NA	NA	NA	NA	NA	NA	NA	NA	NA	NA	NA	NA
12	0.2242714	0.1541892	0.09628542	0.03027205	0.001789261	0.001332516	0.001003998	0.0005868836	0.0004159758	0.0003520613	0.0003261737	0.000268957	NA	NA	NA	NA	NA	NA	NA	NA	NA	NA	NA	NA	NA	NA	NA	NA	NA	NA
13	0.005707116	0.004854071	0.003485754	0.001910876	0.0005783932	3.595143e-05	2.505962e-05	1.91072e-05	1.118622e-05	7.885221e-06	6.676335e-06	6.181294e-06	5.105682e-06	NA	NA	NA	NA	NA	NA	NA	NA	NA	NA	NA	NA	NA	NA	NA	NA	NA
14	0.01398871	0.00470989	0.00436328	0.003135736	0.001708259	0.0005144484	3.149604e-05	2.168771e-05	1.659996e-05	9.780747e-06	6.847345e-06	5.773968e-06	5.337788e-06	4.380016e-06	NA	NA	NA	NA	NA	NA	NA	NA	NA	NA	NA	NA	NA	NA	NA	NA
15	0.02068232	0.01314042	0.004382646	0.004175901	0.002987594	0.001610679	0.0004993383	3.051383e-05	2.098922e-05	1.607547e-05	9.478684e-06	6.630409e-06	5.588657e-06	5.165783e-06	4.2361e-06	NA	NA	NA	NA	NA	NA	NA	NA	NA	NA	NA	NA	NA	NA	NA
16	0.8102118	0.01608517	0.01300909	0.004311154	0.004119713	0.00296854	0.001605468	0.0004975899	3.01088e-05	2.068031e-05	1.585635e-05	9.384702e-06	6.547881e-06	5.508173e-06	5.086469e-06	4.157967e-06	NA	NA	NA	NA	NA	NA	NA	NA	NA	NA	NA	NA	NA	NA
17	0.9135274	0.7282161	0.01581445	0.01295926	0.00429143	0.004100911	0.002954685	0.001598049	0.000494937	2.946849e-05	2.01137e-05	1.537026e-05	9.027491e-06	6.205735e-06	5.170997e-06	4.753387e-06	3.827095e-06	NA	NA	NA	NA	NA	NA	NA	NA	NA	NA	NA	NA	NA
18	0.2221463	0.2220917	0.04674444	0.005033219	0.004138464	0.003735888	0.003645807	0.002483256	0.001547632	0.0004868559	2.859533e-05	1.957869e-05	1.497471e-05	8.82587e-06	6.117208e-06	5.087404e-06	4.671202e-06	3.745139e-06	NA	NA	NA	NA	NA	NA	NA	NA	NA	NA	NA	NA
19	0.2221357	0.2215862	0.2215679	0.04625278	0.004825184	0.003934284	0.003632398	0.003615588	0.002450589	0.001543978	0.0004847335	2.63179e-05	1.955296e-05	1.495624e-05	8.81743e-06	6.110316e-06	5.081074e-06	4.665379e-06	3.739356e-06	NA	NA	NA	NA	NA	NA	NA	NA	NA	NA	NA
20	0.05799815	0.04600222	0.04585819	0.04584084	0.04577428	0.004822731	0.00393334	0.003631943	0.003615145	0.002450198	0.001543624	0.0004844142	2.598973e-05	1.918504e-05	1.456529e-05	8.799149e-06	6.100302e-06	5.071528e-06	4.656062e-06	3.730034e-06	NA	NA	NA	NA	NA	NA	NA	NA	NA	NA
21	0.1813264	0.01659358	0.005019945	0.004898221	0.004883155	0.004855386	0.004814541	0.003927438	0.003631065	0.003614294	0.002449587	0.001543238	0.0004842587	2.592941e-05	1.913495e-05	1.452959e-05	8.784407e-06	6.087735e-06	5.059126e-06	4.643908e-06	3.717883e-06	NA	NA	NA	NA	NA	NA	NA	NA	NA
22	0.7818687	0.1792784	0.0148178	0.00461689	0.004511612	0.004498103	0.004470418	0.004430081	0.003706328	0.003494309	0.003478503	0.002447098	0.001542355	0.0004833831	2.59243e-05	1.913126e-05	1.452726e-05	8.783988e-06	6.087652e-06	5.059058e-06	4.643845e-06	3.717831e-06	NA	NA	NA	NA	NA	NA	NA	NA
23	0.7815864	0.7810696	0.1789375	0.01462363	0.00457091	0.004468016	0.004466476	0.004438806	0.004398528	0.003674893	0.003479687	0.003473986	0.002442209	0.001541505	0.0004833382	2.588892e-05	1.912851e-05	1.452534e-05	8.78317e-06	6.086984e-06	5.058475e-06	4.643391e-06	3.717394e-06	NA	NA	NA	NA	NA	NA	NA
24	0.7757808	0.7693394	0.7693242	0.1673106	0.003061749	0.0001548581	0.0001506642	0.0001499446	0.0001477682	0.0001456187	5.236984e-05	3.012052e-05	2.944901e-05	2.067384e-05	1.345316e-05	5.078967e-06	1.561212e-06	1.344492e-06	1.080413e-06	7.304581e-07	6.940376e-07	6.517025e-07	5.789242e-07	5.748852e-07	NA	NA	NA	NA	NA	NA
25	0.7710903	0.7707063	0.7691357	0.7691257	0.1672728	0.003030462	0.000143157	0.000139217	0.0001385095	0.0001364009	0.000134291	4.255063e-05	2.072033e-05	2.009266e-05	1.409923e-05	9.301249e-06	3.778862e-06	1.492502e-06	1.29547e-06	1.047742e-06	7.109525e-07	6.810344e-07	6.412632e-07	5.693438e-07	5.673931e-07	NA	NA	NA	NA	NA
26	0.1704715	0.1684137	0.1682815	0.167478	0.1674706	0.1671984	0.002965184	0.0001027682	9.918839e-05	9.852576e-05	9.694609e-05	9.489788e-05	2.491442e-05	8.807982e-06	8.307769e-06	5.72937e-06	3.810515e-06	1.641292e-06	7.557512e-07	6.94117e-07	6.171642e-07	5.12359e-07	5.024952e-07	4.891773e-07	4.658466e-07	4.655611e-07	NA	NA	NA	NA
27	0.003846164	0.003549013	0.003211083	0.003136958	0.00285649	0.002854231	0.002853934	0.002853578	8.075412e-06	4.757459e-06	4.572893e-06	4.309783e-06	2.306372e-06	7.427061e-07	3.693379e-07	3.571633e-07	2.485652e-07	1.610212e-07	6.017757e-08	1.771888e-08	1.625191e-08	1.445591e-08	1.192933e-08	1.150295e-08	1.089138e-08	9.839477e-09	9.829613e-09	NA	NA	NA
28	0.00076867	0.0006316772	0.0006284197	0.0003159261	0.0002633913	6.797291e-06	5.762495e-06	5.626761e-06	5.306984e-06	3.599661e-06	2.415908e-06	2.233268e-06	2.019741e-06	4.958844e-08	2.511302e-08	1.452547e-08	1.29332e-08	9.05355e-09	5.835632e-09	2.201195e-09	6.789432e-10	5.645736e-10	4.247334e-10	2.337203e-10	1.818009e-10	1.310365e-10	1.272528e-10	1.245246e-10	NA	NA
29	0.0007611359	0.0004234243	0.0003713218	0.0003693785	5.763907e-05	5.235362e-06	2.996576e-06	2.86161e-06	2.735095e-06	2.415883e-06	2.398486e-06	2.393343e-06	2.210713e-06	2.006817e-06	3.810838e-08	1.773679e-08	9.655334e-09	8.106029e-09	5.635929e-09	3.638825e-09	1.426322e-09	5.089568e-10	4.113695e-10	2.923438e-10	1.252856e-10	1.037087e-10	1.023486e-10	1.017273e-10	1.016744e-10	NA
30	0.7594803	0.0004112579	0.0001095528	5.932478e-05	5.772998e-05	5.730603e-05	4.927126e-06	2.701144e-06	2.657507e-06	2.531122e-06	2.211918e-06	2.194951e-06	2.189818e-06	2.007187e-06	2.006533e-06	3.782647e-08	1.751088e-08	9.453087e-09	7.905964e-09	5.490022e-09	3.539772e-09	1.382146e-09	4.870097e-10	3.923564e-10	2.772057e-10	1.155339e-10	1.029904e-10	1.019585e-10	1.013559e-10	1.013181e-10
31	0.6833636	0.6731859	0.0003346015	5.304456e-05	6.355678e-06	4.867075e-06	4.496649e-06	4.370883e-06	2.183258e-06	2.141605e-06	2.025473e-06	2.023201e-06	2.007221e-06	2.002101e-06	2.00191e-06	2.001262e-06	3.25583e-08	1.237039e-08	7.600656e-09	7.399797e-09	5.115679e-09	3.326764e-09	1.315807e-09	4.806255e-10	3.872861e-10	2.733383e-10	1.13333e-10	1.020456e-10	1.010661e-10	1.004758e-10
32	0.2325284	0.002445727	0.002194897	4.453608e-05	4.214644e-05	2.34284e-06	1.024835e-06	7.354251e-07	6.340424e-07	2.044556e-07	1.677434e-07	5.353361e-08	5.1439e-08	3.720191e-08	3.35718e-08	3.338337e-08	3.297235e-08	3.150688e-08	1.175553e-08	7.088439e-09	6.890873e-09	4.758746e-09	3.10092e-09	1.243569e-09	4.745752e-10	3.821699e-10	2.688611e-10	1.096798e-10	9.884334e-11	9.801787e-11
33	0.002672237	0.001938211	0.0001965155	0.0001728825	3.218017e-05	3.144014e-05	1.669042e-06	7.688967e-07	5.767544e-07	4.769425e-07	1.895656e-07	1.532678e-07	4.010175e-08	3.820366e-08	2.871308e-08	2.514479e-08	2.495974e-08	2.455709e-08	2.310083e-08	9.099471e-09	4.596385e-09	4.399712e-09	3.171109e-09	2.111681e-09	9.385582e-10	4.702361e-10	3.789786e-10	2.666359e-10	1.087943e-10	9.855376e-11
34	0.0005054241	0.0002972016	0.0002197873	0.0001006094	8.896454e-05	2.963232e-05	2.92874e-05	1.418904e-06	6.05237e-07	4.305657e-07	3.389812e-07	7.819762e-08	4.24125e-08	3.717677e-08	3.578392e-08	2.713362e-08	2.35767e-08	2.347894e-08	2.308009e-08	2.162561e-08	7.640085e-09	4.100032e-09	3.984261e-09	2.871576e-09	1.922631e-09	8.797282e-10	4.633157e-10	3.73726e-10	2.633166e-10	1.081834e-10
35	0.01687681	0.0003909307	0.0002725852	0.0001990696	9.863154e-05	8.715181e-05	2.936252e-05	2.903168e-05	1.397847e-06	5.941601e-07	4.216048e-07	3.338719e-07	7.652633e-08	4.075545e-08	3.655748e-08	3.558407e-08	2.704348e-08	2.348802e-08	2.34005e-08	2.300185e-08	2.154758e-08	7.56864e-09	4.04149e-09	3.931019e-09	2.834423e-09	1.899262e-09	8.725558e-10	4.632067e-10	3.736514e-10	2.632693e-10
36	0.09665912	0.0120202	0.000361183	0.000254425	0.0001946234	9.768797e-05	8.661795e-05	2.924721e-05	2.893193e-05	1.371383e-06	5.707869e-07	3.988956e-07	3.320903e-07	7.587125e-08	4.010661e-08	3.596053e-08	3.551424e-08	2.70093e-08	2.345431e-08	2.336975e-08	2.297116e-08	2.151696e-08	7.5468e-09	4.020612e-09	3.912949e-09	2.822856e-09	1.892001e-09	8.703283e-10	4.631742e-10	3.736327e-10
37	0.9577099	0.08718183	0.0109248	0.0002657472	0.0001692383	0.0001228031	6.563389e-05	5.737948e-05	8.894051e-06	8.675666e-06	5.282037e-07	2.589506e-07	1.943096e-07	1.290466e-07	3.131571e-08	2.226669e-08	1.847179e-08	1.815514e-08	1.517535e-08	1.512582e-08	1.504675e-08	1.484741e-08	1.426402e-08	4.165763e-09	1.525819e-09	1.448037e-09	1.015199e-09	6.351242e-10	2.552881e-10	9.999473e-11
38	0.05490528	0.05486802	0.004483376	0.000539217	7.741195e-05	7.010532e-05	4.325965e-05	2.993345e-05	2.323914e-05	5.394987e-06	5.25146e-06	3.388004e-07	1.840555e-07	1.480175e-07	8.294923e-08	2.61629e-08	1.725627e-08	1.579499e-08	1.555272e-08	1.380739e-08	1.377526e-08	1.37153e-08	1.353255e-08	1.295209e-08	3.108216e-09	8.975437e-10	8.229014e-10	5.530565e-10	3.643023e-10	1.541636e-10
39	0.04031684	0.009829778	0.0098173	0.002605833	0.0003799336	6.745561e-05	6.105816e-05	3.571911e-05	2.328465e-05	1.660165e-05	4.005704e-06	3.894235e-06	2.541282e-07	1.535183e-07	1.289809e-07	6.405142e-08	2.501847e-08	1.615223e-08	1.481509e-08	1.459495e-08	1.344845e-08	1.342409e-08	1.340965e-08	1.322819e-08	1.264892e-08	2.813247e-09	6.060469e-10	5.335207e-10	3.495434e-10	2.36209e-10
40	0.2401094	0.03802802	0.009098971	0.009086564	0.00214155	0.0003585875	5.677621e-05	5.044605e-05	3.559209e-05	2.319397e-05	1.651424e-05	3.929822e-06	3.841707e-06	2.497185e-07	1.511524e-07	1.270508e-07	6.333925e-08	2.497825e-08	1.61137e-08	1.477731e-08	1.455874e-08	1.343493e-08	1.341087e-08	1.33974e-08	1.321599e-08	1.263677e-08	2.801439e-09	5.950717e-10	5.225565e-10	3.418452e-10
41	0.3317994	0.1616131	0.01477263	0.004855178	0.004845687	0.0009863222	0.0001076434	4.59817e-06	3.987341e-06	1.926213e-06	1.587176e-06	1.536273e-06	1.264012e-06	1.259638e-06	1.442638e-07	9.851201e-08	8.880675e-08	2.587943e-08	1.00414e-08	1.512216e-09	8.595004e-10	8.385774e-10	3.293932e-10	3.180746e-10	3.179244e-10	3.153612e-10	3.142222e-10	2.573939e-10	2.445153e-10	2.438072e-10
42	0.2707726	0.2515036	0.1431314	0.008098444	0.002534919	0.002525851	0.0004465254	5.099388e-05	3.18937e-06	2.900828e-06	1.00603e-06	8.348457e-07	8.143106e-07	6.741926e-07	6.708896e-07	1.070563e-07	8.475599e-08	8.004959e-08	1.767789e-08	9.576113e-09	1.065272e-09	4.268136e-10	4.088027e-10	1.605816e-10	1.526469e-10	1.525398e-10	1.509163e-10	1.502959e-10	1.239673e-10	1.178889e-10
43	0.2519639	0.239458	0.2208507	0.1373238	0.006000906	0.0019275	0.001923339	0.0003202876	3.531903e-05	9.37691e-07	7.377637e-07	6.068938e-07	4.880976e-07	4.852709e-07	4.011379e-07	3.9983e-07	3.438107e-08	1.878054e-08	1.543972e-08	1.543586e-08	9.421199e-09	9.158454e-10	2.809255e-10	2.712173e-10	9.414313e-11	8.723919e-11	8.719574e-11	8.684537e-11	8.640395e-11	8.448754e-11
44	0.3253851	0.2491669	0.2369326	0.2191913	0.136008	0.004755342	0.001922378	0.001918253	0.0003190987	3.511029e-05	8.512516e-07	6.567243e-07	5.703578e-07	4.742806e-07	4.719742e-07	3.893916e-07	3.881941e-07	2.489395e-08	9.35615e-09	6.043334e-09	6.039657e-09	9.206542e-10	9.090952e-10	2.742335e-10	2.645452e-10	8.821328e-11	8.59534e-11	8.591092e-11	8.558621e-11	8.519508e-11
45	0.2376278	0.2374977	0.2255446	0.2142438	0.2029564	0.1297733	0.002281788	0.001098263	0.001097262	0.0001334034	1.45219e-05	3.369615e-07	2.581852e-07	2.244196e-07	1.767824e-07	1.759841e-07	1.516775e-07	1.513779e-07	9.475631e-09	3.411319e-09	2.118344e-09	2.117117e-09	1.178175e-10	1.133054e-10	1.126795e-10	1.054559e-10	3.443436e-11	3.353505e-11	3.35119e-11	3.336018e-11
46	0.2435967	0.226053	0.2259569	0.2142833	0.2029844	0.2028162	0.1296607	0.002236233	0.001082395	0.001082385	0.0001300083	1.414605e-05	3.268408e-07	2.501344e-07	2.17914e-07	1.715096e-07	1.707468e-07	1.472753e-07	1.471132e-07	9.201908e-09	3.30841e-09	2.051861e-09	2.05105e-09	1.079865e-10	1.036017e-10	1.030434e-10	1.025624e-10	3.343987e-11	3.25651e-11	3.256451e-11
47	0.7507353	0.07787841	0.06634042	0.06627064	0.05592119	0.0558317	0.05566746	0.006701479	0.002180009	0.001081709	0.0010817	0.0001298017	1.412654e-05	3.259419e-07	2.493293e-07	2.171714e-07	1.712201e-07	1.704626e-07	1.470487e-07	1.46887e-07	9.187535e-09	3.300751e-09	2.045731e-09	2.044923e-09	1.042422e-10	9.986349e-11	9.930633e-11	9.882597e-11	3.329124e-11	3.243949e-11
48	0.7557089	0.7420703	0.06935848	0.05790085	0.05783398	0.05362349	0.05361316	0.05344938	0.004532828	0.002128714	0.00108133	0.00108132	0.0001297911	1.412314e-05	3.25123e-07	2.485218e-07	2.163721e-07	1.71009e-07	1.702518e-07	1.468418e-07	1.466801e-07	9.183745e-09	3.297694e-09	2.042774e-09	2.041966e-09	1.041403e-10	9.9763e-11	9.920589e-11	9.872557e-11	3.327814e-11
49	0.869396	0.6961105	0.6939222	0.0212228	0.00977939	0.00971257	0.005502082	0.005495532	0.005331747	0.004531811	0.0021277	0.001080316	0.001080306	0.0001297872	1.412312e-05	3.251137e-07	2.485202e-07	2.163707e-07	1.710084e-07	1.702513e-07	1.468416e-07	1.466799e-07	9.183625e-09	3.297651e-09	2.042768e-09	2.041959e-09	1.041347e-10	9.975862e-11	9.920153e-11	9.87212e-11
50	0.1950192	0.1746676	0.009567311	0.007538385	0.005033205	0.004290234	0.004282877	0.0007364397	0.0007352002	0.0005893518	0.0005805664	0.0005742881	0.0005711444	0.0005711382	1.49976e-05	1.427058e-06	2.441416e-08	1.771444e-08	1.762714e-08	4.677571e-10	4.52531e-10	3.844683e-10	3.83948e-10	2.319054e-11	8.310657e-12	5.158215e-12	5.153488e-12	2.694078e-13	2.582286e-13	2.562581e-13
51	0.03997805	0.01248595	0.005828867	0.000203982	0.0001846897	4.285602e-05	2.905029e-05	2.852371e-05	2.561102e-05	2.45228e-05	2.375994e-05	1.677427e-05	1.562884e-05	1.514553e-05	1.51455e-05	1.471649e-05	1.398178e-06	2.374254e-08	1.719643e-08	1.718433e-08	9.024791e-11	7.989805e-11	6.822713e-11	6.809836e-11	3.465529e-12	1.208794e-12	7.464695e-13	7.439695e-13	3.938003e-14	3.774561e-14
52	0.04739729	0.01993667	0.007256438	0.0007519573	0.0001172546	0.0001148051	1.693537e-05	1.366161e-05	1.349249e-05	1.060153e-05	1.057167e-05	1.008093e-05	3.170937e-06	2.053757e-06	1.583103e-06	1.583091e-06	1.43414e-06	1.398017e-06	2.37323e-08	1.719325e-08	1.718164e-08	8.797626e-11	7.768799e-11	6.640994e-11	6.628424e-11	3.353351e-12	1.168444e-12	7.214001e-13	7.189198e-13	3.794153e-14
53	0.03428153	0.02800643	0.01354114	0.001216237	0.0001286852	9.11136e-05	9.093968e-05	1.105272e-05	1.006705e-05	9.915294e-06	8.630603e-06	8.606662e-06	8.29659e-06	1.404613e-06	5.182897e-07	1.522597e-07	1.522561e-07	5.224823e-08	2.676063e-08	2.366765e-08	1.716829e-08	1.715995e-08	7.047633e-11	6.024975e-11	5.134725e-11	5.123789e-11	2.410923e-12	8.29769e-13	5.113575e-13	5.08955e-13
54	0.06171388	0.02681016	0.0243869	0.0101807	0.001170165	9.27506e-05	5.952408e-05	5.936008e-05	9.584595e-06	8.608768e-06	8.457277e-06	7.172619e-06	7.149376e-06	6.839997e-06	1.397644e-06	5.114091e-07	1.454174e-07	1.454138e-07	4.55183e-08	2.031437e-08	1.72218e-08	1.716827e-08	1.715994e-08	7.046682e-11	6.024139e-11	5.134169e-11	5.123235e-11	2.410512e-12	8.295836e-13	5.11287e-13
55	0.2847742	0.05058847	0.01761355	0.01528738	0.003735692	0.001102883	4.248477e-05	1.009706e-05	9.936293e-06	8.704565e-06	7.964923e-06	7.814817e-06	7.074137e-06	7.051717e-06	6.742893e-06	1.340125e-06	4.957371e-07	1.403947e-07	1.403912e-07	4.431156e-08	2.009542e-08	1.715068e-08	1.713388e-08	1.712586e-08	6.87072e-11	5.849235e-11	4.982281e-11	4.971538e-11	2.320448e-12	7.970193e-13
56	0.7507954	0.04755832	0.04674047	0.01490806	0.01275966	0.003594694	0.001090111	3.344737e-05	3.476809e-06	3.339724e-06	2.138581e-06	1.865894e-06	1.81947e-06	1.766292e-06	1.761898e-06	1.464348e-06	4.78415e-07	1.828546e-07	5.448165e-08	5.447988e-08	1.221576e-08	1.36914e-09	4.819659e-11	4.058349e-11	3.690126e-11	3.369651e-11	2.372496e-11	1.824456e-11	1.819988e-11	1.00031e-12
57	0.5753552	0.5733699	0.04413787	0.04354776	0.01183645	0.01165222	0.002527592	4.638851e-05	3.174979e-05	2.028526e-06	1.936061e-06	1.549717e-06	1.521572e-06	1.478592e-06	1.432778e-06	1.428599e-06	1.131207e-06	1.846173e-07	6.414764e-08	1.5084e-08	1.508281e-08	3.306209e-09	3.748625e-10	1.509781e-11	1.289966e-11	1.169475e-11	1.06705e-11	1.052763e-11	6.853311e-12	6.821376e-12
58	0.7622749	0.5740954	0.572624	0.04382283	0.0432442	0.01169499	0.01151127	0.00249636	2.318801e-05	9.038866e-06	6.454203e-07	5.665812e-07	3.575127e-07	3.506886e-07	3.473182e-07	3.431779e-07	3.429917e-07	5.480157e-08	8.21303e-09	2.605623e-09	6.157343e-10	6.154548e-10	1.371586e-10	1.632341e-11	1.216453e-12	9.841453e-13	7.670914e-13	6.216007e-13	5.497296e-13	2.853023e-13
59	0.7608974	0.7596567	0.5715858	0.5701446	0.04330933	0.04273237	0.01167005	0.01148666	0.002488139	1.530854e-05	1.461369e-06	2.461164e-07	2.399767e-07	3.185287e-08	2.546948e-08	2.483357e-08	2.211571e-08	2.206831e-08	2.041775e-08	3.720245e-09	1.118674e-09	3.1782e-10	3.17728e-10	7.300331e-11	8.661846e-12	6.087016e-13	5.165839e-13	3.864833e-13	2.97438e-13	2.373905e-13
60	0.7670046	0.7608048	0.7596045	0.5715802	0.5701435	0.04330888	0.04273194	0.01166969	0.01148629	0.002487802	1.517504e-05	1.436977e-06	2.309984e-07	2.249644e-07	2.05612e-08	1.495158e-08	1.436363e-08	1.179849e-08	1.175701e-08	1.015951e-08	2.399951e-09	6.029963e-10	1.510186e-10	1.509315e-10	3.508693e-11	4.457091e-12	4.779759e-13	4.131215e-13	3.014414e-13	2.268534e-13
61	0.5994887	0.5959717	0.5914016	0.5902536	0.5715786	0.5701432	0.04330862	0.04273169	0.01166944	0.01148605	0.002487573	1.494893e-05	1.224805e-06	1.995571e-08	1.403405e-08	1.156253e-08	6.536876e-09	6.227581e-09	5.990931e-09	5.971971e-09	4.459803e-09	1.009108e-09	3.735795e-10	1.011109e-10	1.010373e-10	2.269272e-11	2.591682e-12	1.240135e-13	1.028008e-13	8.162643e-14
62	0.7496543	0.57741	0.5763579	0.5721453	0.5716136	0.5715778	0.5701431	0.04330859	0.04273167	0.01166942	0.01148604	0.002487561	1.493774e-05	1.215371e-06	1.101074e-08	5.133218e-09	2.706155e-09	2.545475e-09	2.345219e-09	2.272015e-09	2.270791e-09	7.800006e-10	4.951186e-10	1.975172e-10	6.422783e-11	6.415743e-11	1.448599e-11	1.607566e-12	4.176611e-14	3.256261e-14
63	0.01987317	0.01739983	0.01507788	0.0142406	0.01154286	0.01103161	0.01100134	0.01099159	0.01098196	0.01040503	0.01035767	0.01017429	0.002482638	1.493561e-05	1.213317e-06	9.572226e-09	4.649212e-09	2.499549e-09	2.365582e-09	2.185683e-09	2.116441e-09	2.115454e-09	6.250821e-10	4.033692e-10	1.609528e-10	5.243638e-11	5.237743e-11	1.182925e-11	1.313083e-12	3.431753e-14
64	0.1918492	0.01000249	0.007708268	0.005581404	0.004916972	0.00299445	0.002545736	0.002536839	0.002535411	0.002533138	0.002533127	0.00249031	0.002490108	0.002482524	1.493045e-05	1.212894e-06	9.345141e-09	4.428094e-09	2.357036e-09	2.239758e-09	2.064129e-09	1.99719e-09	1.996291e-09	5.060631e-10	3.191475e-10	1.271063e-10	4.136402e-11	4.130547e-11	9.328426e-12	1.035765e-12
65	0.1652145	0.1617537	0.006419626	0.004178804	0.002182411	0.001628478	2.472387e-05	2.252734e-05	1.59041e-05	1.519937e-05	1.517899e-05	1.516728e-05	1.516472e-05	1.496316e-05	1.493834e-05	1.492974e-05	1.21224e-06	8.992614e-09	4.121653e-09	2.068772e-09	1.960442e-09	1.940479e-09	1.877308e-09	1.876722e-09	3.874823e-10	2.748022e-10	1.099212e-10	3.612329e-11	3.606778e-11	8.151392e-12
66	0.1781839	0.1590799	0.1560757	0.004167762	0.00276957	0.000788834	0.0002473927	9.06009e-06	8.373242e-06	1.949599e-06	1.26067e-06	1.241049e-06	1.23934e-06	1.237542e-06	1.236748e-06	1.213898e-06	1.213182e-06	1.212107e-06	8.957242e-09	4.087424e-09	2.038302e-09	1.931127e-09	1.916184e-09	1.853823e-09	1.853309e-09	3.642434e-10	2.676517e-10	1.07198e-10	3.532119e-11	3.526591e-11
67	0.2137919	0.163973	0.1506693	0.1496393	0.001895598	0.001556108	0.0007494325	0.000225608	7.585793e-06	6.975309e-06	6.988371e-07	3.784857e-08	1.902502e-08	1.735093e-08	1.631817e-08	1.554398e-08	1.033776e-08	1.008654e-08	9.037065e-09	8.852544e-09	4.010676e-09	1.962752e-09	1.858222e-09	1.855641e-09	1.795208e-09	1.794876e-09	3.146863e-10	2.587426e-10	1.040205e-10	3.452002e-11
68	0.2164911	0.207969	0.1591593	0.14617	0.1457179	0.001441223	0.001136691	0.0007161139	0.0002051824	7.424441e-06	6.84003e-06	6.679111e-07	2.61197e-08	8.306007e-09	7.845575e-09	7.33387e-09	7.180405e-09	2.948215e-09	2.787244e-09	2.658014e-09	2.511194e-09	2.505565e-09	4.578155e-10	3.542116e-10	3.529866e-10	2.934002e-10	2.931455e-10	2.930712e-10	2.53321e-10	1.019699e-10
69	0.9130846	0.2163191	0.2078349	0.1590284	0.1460439	0.1456927	0.001438126	0.001133789	0.0007158984	0.0002050076	7.422167e-06	6.838001e-06	6.677906e-07	2.606735e-08	8.260765e-09	7.80345e-09	7.295184e-09	7.143356e-09	2.912594e-09	2.751905e-09	2.624714e-09	2.478045e-09	2.472422e-09	4.440755e-10	3.404986e-10	3.392892e-10	2.797156e-10	2.794821e-10	2.794118e-10	2.532887e-10
70	0.8707761	0.8685049	0.175432	0.1669776	0.1557126	0.145849	0.1455886	0.001406254	0.001102064	0.000684657	0.0001739774	7.408497e-06	6.834869e-06	6.674615e-07	2.601075e-08	8.21476e-09	7.760996e-09	7.253867e-09	7.102899e-09	2.877356e-09	2.716843e-09	2.590672e-09	2.444103e-09	2.438485e-09	4.125751e-10	3.107079e-10	3.095065e-10	2.775452e-10	2.773521e-10	2.772836e-10
71	0.8781294	0.8563531	0.8543053	0.161866	0.1580297	0.1468239	0.145671	0.1454817	0.001405127	0.001101154	0.0006840626	0.0001737397	7.390273e-06	6.829841e-06	6.669673e-07	2.596508e-08	8.18329e-09	7.730034e-09	7.223571e-09	7.072815e-09	2.850373e-09	2.69e-09	2.564053e-09	2.417608e-09	2.411993e-09	3.863982e-10	2.846325e-10	2.83445e-10	2.770137e-10	2.768669e-10
72	0.8959934	0.8764691	0.8549563	0.8529088	0.1617742	0.1579417	0.1467968	0.1456439	0.1454815	0.001405123	0.001101151	0.0006840612	0.000173739	7.390064e-06	6.829637e-06	6.669636e-07	2.596396e-08	8.182266e-09	7.729014e-09	7.222564e-09	7.071811e-09	2.849383e-09	2.689017e-09	2.563072e-09	2.416629e-09	2.411014e-09	3.863439e-10	2.845784e-10	2.833911e-10	2.7696e-10
73	0.9191715	0.855729	0.8416667	0.8303438	0.8283085	0.1505246	0.1467364	0.146639	0.1454866	0.1454605	0.001404851	0.001100936	0.0006839893	0.0001737116	7.389343e-06	6.82899e-06	6.668641e-07	2.59226e-08	8.14497e-09	7.692058e-09	7.186727e-09	7.036217e-09	2.814373e-09	2.654151e-09	2.528476e-09	2.38211e-09	2.376499e-09	3.80385e-10	2.786316e-10	2.774649e-10
74	0.2570509	0.2508553	0.191233	0.177789	0.1669143	0.164882	0.1450109	0.1449285	0.1448988	0.1448797	0.1448685	0.001398676	0.001095997	0.0006807612	0.0001725739	7.35144e-06	6.799154e-06	6.621644e-07	2.382836e-08	6.12877e-09	5.678463e-09	5.175746e-09	5.026233e-09	8.22152e-10	6.625177e-10	5.380031e-10	3.923252e-10	3.86734e-10	3.76864e-10	2.754776e-10
75	0.02064304	0.01222274	0.0121616	0.01067425	0.01012599	0.003883024	0.002016523	0.001285598	0.00128048	0.001279885	0.001269302	0.001264039	1.337875e-05	1.069975e-05	6.86086e-06	2.213966e-06	6.524216e-08	5.888266e-08	5.948901e-09	3.839664e-10	1.621553e-10	1.498451e-10	1.36173e-10	1.296064e-10	8.711541e-11	3.608354e-11	2.702595e-11	2.445314e-11	2.26599e-11	2.202765e-11
76	0.02223949	0.0111475	0.008969689	0.008925393	0.007861057	0.007426374	0.001305205	0.001300779	0.0007483195	0.0007437587	0.0007432715	0.0007327469	0.0007275003	7.932208e-06	6.38098e-06	4.133582e-06	1.432073e-06	3.739877e-08	3.339445e-08	3.438081e-09	2.659382e-10	1.239257e-10	1.155052e-10	1.070446e-10	1.025046e-10	7.688806e-11	2.664693e-11	1.969401e-11	1.792093e-11	1.759143e-11
77	0.3181563	0.01506435	0.01019087	0.008799974	0.008757322	0.00770865	0.007278308	0.001161913	0.001157519	0.000722174	0.0007188937	0.0007186605	0.0007171597	0.000716927	7.828438e-06	6.298764e-06	4.081776e-06	1.416257e-06	3.686099e-08	3.293117e-08	3.390972e-09	2.628884e-10	1.22459e-10	1.141114e-10	1.05728e-10	1.012255e-10	7.593018e-11	2.570788e-11	1.880539e-11	1.704914e-11
78	0.01247065	0.009305496	0.00746274	0.007256714	0.006441076	0.006436048	0.006299159	0.006058285	0.0001518415	0.0001492573	6.904109e-05	6.801219e-05	6.796589e-05	6.751537e-05	6.73127e-05	5.577537e-07	4.073944e-07	2.318712e-07	7.899882e-08	1.803004e-09	1.58454e-09	2.487025e-10	6.376236e-11	5.472683e-11	5.40996e-11	5.320143e-11	5.270289e-11	5.107852e-11	2.581592e-12	1.977032e-12
79	0.008901647	0.004671681	0.002244643	0.0005677592	0.0003782701	0.0003457532	0.0003408572	0.0002227702	0.0001913675	0.0001476377	0.0001450583	6.69533e-05	6.650919e-05	6.646443e-05	6.601577e-05	6.581316e-05	5.325369e-07	3.877884e-07	2.22433e-07	7.563314e-08	1.672709e-09	1.464353e-09	1.924777e-10	1.424776e-11	5.689598e-12	5.082938e-12	4.513917e-12	4.026294e-12	2.565234e-12	2.29604e-12
80	0.9894597	0.008684123	0.004529014	0.002113764	0.0004951703	0.0003117885	0.0002798494	0.0002768901	0.0002010731	0.0001849656	0.0001422433	0.0001420787	6.581414e-05	6.537198e-05	6.53273e-05	6.487868e-05	6.467608e-05	5.199203e-07	3.807057e-07	2.185547e-07	7.526976e-08	1.619537e-09	1.413361e-09	1.875029e-10	1.405798e-11	5.561265e-12	4.956616e-12	4.390177e-12	3.906327e-12	2.473806e-12
81	0.9916621	0.9872907	0.007748505	0.004398783	0.00206126	0.000463656	0.0002953273	0.000264668	0.0002618825	0.0001921571	0.0001770361	0.0001329664	0.000132827	5.465333e-05	5.425662e-05	5.422277e-05	5.400609e-05	5.378607e-05	4.69625e-07	3.531877e-07	2.106155e-07	7.38247e-08	1.604531e-09	1.402222e-09	1.746222e-10	1.307194e-11	5.00779e-12	4.44047e-12	3.904202e-12	3.482128e-12
82	0.9959216	0.9873155	0.9849758	0.006621215	0.003690431	0.00200993	0.0003935386	0.0002389949	0.0002171463	0.0002145444	0.0001518238	0.0001390134	0.0001235948	0.0001234672	4.2596e-05	4.217421e-05	4.213803e-05	4.190088e-05	4.16589e-05	4.051325e-07	3.149492e-07	1.953613e-07	7.242364e-08	1.600173e-09	1.401337e-09	1.611244e-10	1.205695e-11	4.475655e-12	3.95159e-12	3.451865e-12
83	0.9861158	0.9852056	0.9826503	0.9813635	0.005683386	0.00337319	0.001852191	0.0002938948	0.000155498	0.0001360679	0.0001336939	7.876546e-05	6.739356e-05	5.334552e-05	5.323176e-05	3.014581e-05	2.986776e-05	2.98564e-05	2.969938e-05	2.969752e-05	3.411589e-07	2.76816e-07	1.809488e-07	6.889811e-08	1.518517e-09	1.33278e-09	1.383688e-10	1.074734e-11	3.925533e-12	3.45708e-12
84	0.4897379	0.4858236	0.485015	0.4824012	0.4811235	0.005401035	0.003270572	0.0018888	0.0002852131	0.0001431386	0.0001247488	0.0001226253	7.288787e-05	6.253144e-05	5.00586e-05	4.995746e-05	2.958688e-05	2.94108e-05	2.940159e-05	2.923002e-05	2.922843e-05	3.396893e-07	2.767716e-07	1.819718e-07	6.69132e-08	1.577965e-09	1.394913e-09	1.411632e-10	1.015335e-11	3.604863e-12
85	0.4259614	0.4143103	0.4108492	0.4100036	0.4087479	0.4074017	0.004943429	0.003168988	0.002018142	0.0002812609	0.0001297898	0.0001139904	0.0001121811	6.823421e-05	5.913714e-05	4.892068e-05	4.883479e-05	3.170563e-05	3.151883e-05	3.150969e-05	3.131526e-05	3.131348e-05	3.511734e-07	2.846018e-07	1.858487e-07	6.453228e-08	1.693775e-09	1.512439e-09	1.516116e-10	9.608323e-12
86	0.9911949	0.3415707	0.3348546	0.3310139	0.3305979	0.3292588	0.3279236	0.004797076	0.003186527	0.002214894	0.0002860297	0.000119584	0.0001047474	0.0001032666	6.497538e-05	5.700897e-05	4.888662e-05	4.881617e-05	3.510108e-05	3.506572e-05	3.505726e-05	3.505238e-05	3.505101e-05	3.757971e-07	3.020257e-07	1.94857e-07	6.292752e-08	1.860952e-09	1.681623e-09	1.670687e-10
87	0.3565621	0.3537084	0.2324316	0.2249978	0.2204484	0.2200086	0.2184296	0.2174927	0.004601854	0.003211008	0.00248542	0.0002945567	0.0001069497	9.327147e-05	9.224123e-05	6.16945e-05	5.522787e-05	4.97381e-05	4.968696e-05	4.033996e-05	4.031427e-05	4.03065e-05	4.03027e-05	4.030165e-05	4.122035e-07	3.276418e-07	2.078494e-07	6.075497e-08	2.100297e-09	1.918998e-09
88	0.2030334	0.1855334	0.1834594	0.06625325	0.05760597	0.05618073	0.05570528	0.05496693	0.05395016	0.00426495	0.003197636	0.002901053	0.0003080632	8.851775e-05	7.714216e-05	7.677314e-05	5.757012e-05	5.326951e-05	5.172552e-05	5.170055e-05	4.848391e-05	4.847182e-05	4.846421e-05	4.846201e-05	4.846073e-05	4.674622e-07	3.662246e-07	2.273974e-07	5.74781e-08	2.458763e-09
89	0.9985066	0.1773796	0.1575967	0.1554197	0.02689903	0.01686442	0.01518137	0.01474015	0.01386068	0.01301831	0.004644952	0.003521377	0.003293862	0.0003360204	9.17265e-05	8.284784e-05	8.268948e-05	6.413114e-05	5.991602e-05	5.92603e-05	5.923986e-05	5.778842e-05	5.778243e-05	5.778043e-05	5.777993e-05	5.777919e-05	4.689263e-07	3.481467e-07	1.868887e-07	9.919103e-09
90	0.999956	0.9986686	0.1536609	0.1342689	0.1320593	0.02333389	0.01395664	0.01223067	0.0119024	0.01098198	0.01062957	0.004160856	0.002990742	0.002758758	0.0003081518	9.445875e-05	8.573576e-05	8.55825e-05	6.639222e-05	6.23144e-05	6.16903e-05	6.166961e-05	6.053957e-05	6.053562e-05	6.053498e-05	6.053474e-05	6.053461e-05	3.515774e-07	2.248048e-07	7.257206e-08
91	0.9999847	0.9999478	0.9991932	0.08367066	0.06574809	0.06339707	0.01540364	0.008214426	0.006378748	0.006160557	0.005127036	0.004837033	0.002598875	0.001297094	0.001050795	0.0002182918	0.0001024879	9.393042e-05	9.378654e-05	7.280113e-05	6.917573e-05	6.860184e-05	6.858034e-05	6.812704e-05	6.812494e-05	6.812462e-05	6.812449e-05	6.812448e-05	3.212448e-07	1.785843e-07
