#unpaired probabilities
 #i$	l=1	2	3	4	5	6	7	8	9	10	11	12	13	14	15	16	17	18	19	20	21	22	23	24	25	26	27	28	29	30	
1	0.9999673	NA	NA	NA	NA	NA	NA	NA	NA	NA	NA	NA	NA	NA	NA	NA	NA	NA	NA	NA	NA	NA	NA	NA	NA	NA	NA	NA	NA	NA
2	0.9997081	0.9997319	NA	NA	NA	NA	NA	NA	NA	NA	NA	NA	NA	NA	NA	NA	NA	NA	NA	NA	NA	NA	NA	NA	NA	NA	NA	NA	NA	NA
3	0.9992148	0.999093	0.9992616	NA	NA	NA	NA	NA	NA	NA	NA	NA	NA	NA	NA	NA	NA	NA	NA	NA	NA	NA	NA	NA	NA	NA	NA	NA	NA	NA
4	0.860987	0.8744074	0.888459	0.9118861	NA	NA	NA	NA	NA	NA	NA	NA	NA	NA	NA	NA	NA	NA	NA	NA	NA	NA	NA	NA	NA	NA	NA	NA	NA	NA
5	0.8974169	0.860717	0.8741669	0.8882477	0.9117228	NA	NA	NA	NA	NA	NA	NA	NA	NA	NA	NA	NA	NA	NA	NA	NA	NA	NA	NA	NA	NA	NA	NA	NA	NA
6	0.9867793	0.8942422	0.8595202	0.8730787	0.8872938	0.9109952	NA	NA	NA	NA	NA	NA	NA	NA	NA	NA	NA	NA	NA	NA	NA	NA	NA	NA	NA	NA	NA	NA	NA	NA
7	0.999082	0.9858926	0.8940357	0.8593294	0.8728881	0.8871004	0.9107967	NA	NA	NA	NA	NA	NA	NA	NA	NA	NA	NA	NA	NA	NA	NA	NA	NA	NA	NA	NA	NA	NA	NA
8	0.9992857	0.9983956	0.9852602	0.893694	0.8590733	0.8726446	0.8868642	0.9105724	NA	NA	NA	NA	NA	NA	NA	NA	NA	NA	NA	NA	NA	NA	NA	NA	NA	NA	NA	NA	NA	NA
9	0.9957633	0.9953176	0.9946453	0.981826	0.8903106	0.8575933	0.8713016	0.885687	0.9096744	NA	NA	NA	NA	NA	NA	NA	NA	NA	NA	NA	NA	NA	NA	NA	NA	NA	NA	NA	NA	NA
10	0.9971027	0.9952769	0.9948538	0.9942089	0.9814269	0.8899687	0.8573781	0.8710966	0.8854882	0.9094854	NA	NA	NA	NA	NA	NA	NA	NA	NA	NA	NA	NA	NA	NA	NA	NA	NA	NA	NA	NA
11	0.9984758	0.9955242	0.993598	0.9930486	0.9922416	0.9792484	0.8874417	0.8572253	0.8709705	0.8853777	0.9094007	NA	NA	NA	NA	NA	NA	NA	NA	NA	NA	NA	NA	NA	NA	NA	NA	NA	NA	NA
12	0.9990833	0.9976833	0.9946845	0.9926996	0.9920765	0.9919621	0.9789808	0.8871847	0.8570494	0.8708032	0.8852193	0.9092812	NA	NA	NA	NA	NA	NA	NA	NA	NA	NA	NA	NA	NA	NA	NA	NA	NA	NA
13	0.9988979	0.9979686	0.9964858	0.9933839	0.9912727	0.9904919	0.9901753	0.9769512	0.8847725	0.8570304	0.8707894	0.885207	0.9092712	NA	NA	NA	NA	NA	NA	NA	NA	NA	NA	NA	NA	NA	NA	NA	NA	NA
14	0.9869982	0.9850508	0.9835441	0.9826524	0.9829085	0.9820646	0.9832409	0.9850497	0.9748402	0.8839898	0.8564121	0.870304	0.8847674	0.9088782	NA	NA	NA	NA	NA	NA	NA	NA	NA	NA	NA	NA	NA	NA	NA	NA
15	0.5545137	0.5821458	0.6141896	0.6377709	0.6142242	0.5822483	0.5430463	0.4943584	0.4317823	0.3389418	0.2818047	0.2516785	0.2288355	0.2005888	0.153	NA	NA	NA	NA	NA	NA	NA	NA	NA	NA	NA	NA	NA	NA	NA
16	0.6917825	0.5535076	0.5812018	0.6133118	0.6369758	0.6133881	0.5813514	0.5420762	0.4932943	0.4305971	0.3375962	0.2803107	0.2504989	0.227598	0.199243	0.1514021	NA	NA	NA	NA	NA	NA	NA	NA	NA	NA	NA	NA	NA	NA
17	0.4721351	0.4440405	0.4424956	0.4711353	0.5044955	0.5278501	0.4971337	0.4557546	0.4051116	0.341703	0.2588302	0.1388917	0.08329166	0.06568213	0.04770745	0.04220996	0.03422232	NA	NA	NA	NA	NA	NA	NA	NA	NA	NA	NA	NA	NA
18	0.426989	0.4217147	0.4106914	0.4156466	0.4436742	0.4763505	0.4987251	0.4663831	0.422973	0.369885	0.3033466	0.2162752	0.09074046	0.03572827	0.02820088	0.02162973	0.01951912	0.01725522	NA	NA	NA	NA	NA	NA	NA	NA	NA	NA	NA	NA
19	0.4556086	0.422044	0.4174547	0.4070516	0.4147096	0.4427125	0.4753611	0.4976984	0.4652986	0.4218166	0.3686421	0.301993	0.2147738	0.08904213	0.03420911	0.02700835	0.0207963	0.01879152	0.01670588	NA	NA	NA	NA	NA	NA	NA	NA	NA	NA	NA
20	0.9947228	0.4547923	0.4214433	0.4169416	0.4067271	0.414488	0.4425946	0.4752401	0.497573	0.4651657	0.4216742	0.3684882	0.3018245	0.2145965	0.08884063	0.03401492	0.02685471	0.02068776	0.01869652	0.0166345	NA	NA	NA	NA	NA	NA	NA	NA	NA	NA
21	0.9688303	0.9643376	0.4266384	0.395625	0.3916586	0.4039821	0.4126598	0.4407278	0.4733309	0.4955987	0.4630674	0.4194195	0.3660449	0.29914	0.2115891	0.08540228	0.03064077	0.0241977	0.01883956	0.01708849	0.01543261	NA	NA	NA	NA	NA	NA	NA	NA	NA
22	0.9652475	0.9619883	0.9572679	0.4194451	0.3882866	0.3840234	0.3960367	0.4125343	0.4405994	0.4731993	0.4954633	0.4629233	0.4192639	0.3658754	0.2989526	0.2113779	0.08515934	0.03041939	0.02402745	0.01872033	0.01698428	0.01535357	NA	NA	NA	NA	NA	NA	NA	NA
23	0.9933839	0.9639338	0.9607432	0.9560943	0.4184999	0.3875864	0.3835517	0.3956413	0.4122024	0.4404101	0.4730031	0.4952581	0.4627027	0.4190239	0.365612	0.2986593	0.2111532	0.08490006	0.03016175	0.02382463	0.01857908	0.01686135	0.01526176	NA	NA	NA	NA	NA	NA	NA
24	0.9971773	0.991658	0.9623521	0.9591821	0.9545499	0.4170802	0.3862976	0.3822988	0.3943661	0.4120692	0.4402723	0.4728601	0.4951095	0.4625446	0.4188534	0.3654265	0.2984548	0.2109235	0.08463678	0.02995265	0.02369116	0.01848433	0.0167777	0.01519651	NA	NA	NA	NA	NA	NA
25	0.01241936	0.01247885	0.01247411	0.01183654	0.01171185	0.01167649	0.006982466	0.006533639	0.006476937	0.004711224	0.004879604	0.00520795	0.0055863	0.005870098	0.00550673	0.004990991	0.004359911	0.003562076	0.002519269	0.001125778	0.0004595486	0.0003771721	0.0002968929	0.0002733818	0.0002506668	NA	NA	NA	NA	NA
26	0.02163466	0.004829836	0.004840186	0.004817273	0.004489696	0.004468224	0.004422182	0.002664387	0.002411498	0.002339697	0.002392917	0.002479043	0.002646319	0.002839641	0.002991253	0.002813619	0.002553002	0.002234151	0.001829071	0.001299607	0.0005909991	0.0002584506	0.0002101425	0.0001585338	0.000142223	0.0001222431	NA	NA	NA	NA
27	0.9027794	0.02154936	0.004822611	0.004833336	0.004810854	0.004483725	0.004462739	0.004417192	0.002659824	0.00240737	0.002335696	0.002388811	0.002478557	0.002645814	0.002839116	0.002990781	0.002813188	0.002552557	0.00223369	0.001828571	0.001299055	0.0005903782	0.0002579117	0.0002097881	0.0001582654	0.0001419775	0.0001220281	NA	NA	NA
28	0.02198929	0.01601677	0.002866276	0.0005506987	0.0005453119	0.0005372428	0.0005084144	0.0005007777	0.0004906179	0.0003495301	0.0003122934	0.0003004304	0.0003042191	0.0003151609	0.0003362881	0.0003606628	0.0003797639	0.0003574647	0.0003248045	0.0002848402	0.0002340859	0.0001677225	7.676177e-05	3.478935e-05	2.85522e-05	2.198873e-05	1.992496e-05	1.730548e-05	NA	NA
29	0.001572496	0.000793514	0.000618727	0.0002206118	2.576649e-05	2.463997e-05	2.33293e-05	2.157551e-05	2.006632e-05	1.847195e-05	1.395795e-05	9.660726e-06	7.716516e-06	6.037197e-06	5.743895e-06	6.041408e-06	6.379825e-06	6.583823e-06	6.435211e-06	6.263599e-06	6.051513e-06	5.800017e-06	5.44399e-06	2.519885e-06	2.016157e-06	1.820047e-06	1.707861e-06	1.661622e-06	1.471199e-06	NA
30	0.08534188	0.001297266	0.0007024848	0.0005561124	0.0002064093	2.332842e-05	2.222331e-05	2.095642e-05	1.931313e-05	1.784328e-05	1.62991e-05	1.232474e-05	8.200077e-06	6.311642e-06	4.6042e-06	4.262682e-06	4.460864e-06	4.684479e-06	4.798893e-06	4.754775e-06	4.736617e-06	4.712306e-06	4.699365e-06	4.655078e-06	2.146749e-06	1.840411e-06	1.677725e-06	1.601313e-06	1.566212e-06	1.389911e-06
31	0.1046166	0.05993498	0.001127254	0.0006668724	0.0005336648	0.000203019	2.285378e-05	2.17599e-05	2.050906e-05	1.892249e-05	1.74728e-05	1.59485e-05	1.204834e-05	7.971905e-06	6.104305e-06	4.40016e-06	4.056255e-06	4.241245e-06	4.449625e-06	4.553543e-06	4.522326e-06	4.523095e-06	4.521963e-06	4.538446e-06	4.532561e-06	2.07545e-06	1.79487e-06	1.641142e-06	1.5744e-06	1.542241e-06
32	0.9852684	0.09656319	0.05781497	0.001049851	0.0006076517	0.0005049116	0.0001990365	2.237298e-05	2.129502e-05	2.006481e-05	1.85557e-05	1.713123e-05	1.563311e-05	1.18048e-05	7.798755e-06	5.966206e-06	4.272294e-06	3.933203e-06	4.111438e-06	4.312044e-06	4.410909e-06	4.384673e-06	4.392908e-06	4.400953e-06	4.429036e-06	4.438205e-06	2.001168e-06	1.733244e-06	1.591772e-06	1.538427e-06
33	0.9664264	0.9523137	0.06780978	0.0291273	0.0009312433	0.0005675151	0.0004742496	0.0001892403	2.155691e-05	2.05688e-05	1.944695e-05	1.805536e-05	1.676035e-05	1.540026e-05	1.16326e-05	7.688677e-06	5.887038e-06	4.200954e-06	3.879464e-06	4.055523e-06	4.253623e-06	4.387118e-06	4.362256e-06	4.36892e-06	4.375052e-06	4.400458e-06	4.406085e-06	1.964322e-06	1.695469e-06	1.560021e-06
34	0.9918521	0.9599712	0.9491857	0.06593777	0.0288542	0.000900993	0.0005388982	0.0004569118	0.0001835455	2.093703e-05	1.997828e-05	1.889088e-05	1.753592e-05	1.628036e-05	1.496148e-05	1.131693e-05	7.50379e-06	5.772603e-06	4.110561e-06	3.804479e-06	3.979027e-06	4.175182e-06	4.306519e-06	4.2761e-06	4.275262e-06	4.272319e-06	4.286048e-06	4.298859e-06	1.840229e-06	1.571837e-06
35	0.9399717	0.9393151	0.9347365	0.9271258	0.05694642	0.02408045	0.0007417442	0.0004141545	0.0003381542	0.0001338736	1.582285e-05	1.51178e-05	1.432799e-05	1.329365e-05	1.238452e-05	1.142988e-05	8.912958e-06	6.292088e-06	5.203556e-06	3.717146e-06	3.571628e-06	3.761496e-06	3.975596e-06	4.123284e-06	4.081061e-06	4.063094e-06	4.039511e-06	4.026554e-06	4.004711e-06	1.499864e-06
36	0.09381889	0.09010466	0.08086144	0.06888551	0.054535	0.03655085	0.01425679	0.0002957892	0.0001053481	6.47822e-05	2.398449e-05	4.188687e-06	4.135748e-06	4.057278e-06	3.960944e-06	3.889831e-06	3.814308e-06	3.421741e-06	3.073986e-06	2.964347e-06	1.735708e-06	1.764887e-06	1.877734e-06	2.007896e-06	2.110266e-06	1.989129e-06	1.811742e-06	1.594551e-06	1.318854e-06	9.584911e-07
37	0.1442708	0.08056313	0.07916921	0.07063621	0.05929184	0.04817605	0.0307056	0.01380391	0.0002554235	6.829523e-05	4.02805e-05	1.346483e-05	2.307073e-06	2.273829e-06	2.216339e-06	2.142484e-06	2.094818e-06	2.041428e-06	1.819844e-06	1.650045e-06	1.599977e-06	1.646789e-06	1.707383e-06	1.822536e-06	1.955673e-06	2.060257e-06	1.938019e-06	1.7586e-06	1.539061e-06	1.260151e-06
38	0.1972308	0.1436804	0.0803472	0.07898094	0.07047105	0.05915433	0.04807965	0.03063839	0.01377277	0.0002549485	6.791048e-05	3.992754e-05	1.331827e-05	2.291316e-06	2.258703e-06	2.201975e-06	2.128934e-06	2.082145e-06	2.029671e-06	1.810689e-06	1.643644e-06	1.594955e-06	1.642126e-06	1.705827e-06	1.820948e-06	1.954049e-06	2.058583e-06	1.936233e-06	1.756669e-06	1.536956e-06
39	0.2938097	0.196203	0.1433078	0.08025036	0.07890147	0.0704055	0.05910483	0.04804734	0.03062049	0.01376922	0.0002546822	6.771769e-05	3.974923e-05	1.324655e-05	2.283372e-06	2.251118e-06	2.194819e-06	2.122235e-06	2.07594e-06	2.02398e-06	1.806591e-06	1.641238e-06	1.593556e-06	1.641044e-06	1.704968e-06	1.820103e-06	1.953191e-06	2.0577e-06	1.935286e-06	1.755642e-06
40	0.3538548	0.1998359	0.1329932	0.09066056	0.07679302	0.07609042	0.06805695	0.05733597	0.04687126	0.02995475	0.0136134	0.0002468876	6.099731e-05	3.378412e-05	1.087577e-05	2.026151e-06	2.00636e-06	1.964844e-06	1.908071e-06	1.878821e-06	1.844666e-06	1.678442e-06	1.567456e-06	1.548576e-06	1.60665e-06	1.677218e-06	1.791856e-06	1.924406e-06	2.027978e-06	1.903429e-06
41	0.3605733	0.3256139	0.1950376	0.1305628	0.08917611	0.0766166	0.07594622	0.06793915	0.05724687	0.04681316	0.02992276	0.01360813	0.0002464683	6.060999e-05	3.342053e-05	1.07259e-05	2.010282e-06	1.991227e-06	1.950565e-06	1.894702e-06	1.866431e-06	1.833298e-06	1.670007e-06	1.562134e-06	1.544869e-06	1.603467e-06	1.675442e-06	1.79004e-06	1.922545e-06	2.026058e-06
42	0.9808333	0.3600126	0.3252001	0.1947319	0.1304514	0.08914163	0.07661116	0.07594173	0.06793542	0.05724397	0.04681115	0.02992151	0.01360767	0.0002464359	6.058895e-05	3.340043e-05	1.071851e-05	2.00957e-06	1.990556e-06	1.94994e-06	1.894125e-06	1.865907e-06	1.832829e-06	1.66962e-06	1.561832e-06	1.544705e-06	1.603314e-06	1.675349e-06	1.789968e-06	1.92247e-06
43	0.9970547	0.9779483	0.357208	0.3223439	0.1931785	0.1290212	0.08907684	0.07658895	0.07591982	0.06791761	0.05723167	0.04680487	0.02991811	0.01360724	0.0002463858	6.055583e-05	3.337016e-05	1.071138e-05	2.008928e-06	1.989962e-06	1.949394e-06	1.89363e-06	1.865466e-06	1.832445e-06	1.669269e-06	1.561518e-06	1.544468e-06	1.603104e-06	1.675152e-06	1.789779e-06
44	0.9855348	0.9848034	0.9656405	0.3491105	0.3143525	0.1864573	0.1256738	0.08830932	0.07647097	0.07580799	0.06782458	0.05716282	0.04676236	0.02988953	0.01359308	0.0002451472	5.944854e-05	3.226054e-05	1.034179e-05	1.980641e-06	1.965421e-06	1.929359e-06	1.878483e-06	1.855723e-06	1.828473e-06	1.66585e-06	1.558591e-06	1.541683e-06	1.600376e-06	1.673085e-06
45	0.9836331	0.970901	0.9699045	0.9506148	0.3410563	0.3064002	0.180128	0.1194787	0.08797983	0.07620262	0.07554083	0.06760143	0.05699925	0.0466638	0.02983586	0.0135857	0.0002435121	5.784317e-05	3.064623e-05	9.690953e-06	1.931215e-06	1.923143e-06	1.895748e-06	1.854293e-06	1.841965e-06	1.825843e-06	1.66348e-06	1.55637e-06	1.539435e-06	1.598408e-06
46	0.8659998	0.8655002	0.8633336	0.8661805	0.8521364	0.2950891	0.2691031	0.156204	0.1052961	0.08097916	0.07478686	0.07476701	0.06704861	0.05660041	0.04643131	0.02969198	0.01353529	0.0002352106	4.980621e-05	2.259005e-05	6.377761e-06	1.608891e-06	1.621815e-06	1.619377e-06	1.604971e-06	1.622144e-06	1.637234e-06	1.535306e-06	1.49192e-06	1.509248e-06
47	0.1605509	0.1624168	0.1604987	0.1576588	0.1518785	0.1440378	0.0714092	0.05849994	0.03954107	0.02066735	0.01054362	0.005210688	0.004265595	0.003490856	0.002652276	0.00174487	0.0009653879	0.0001677365	1.188427e-05	1.088745e-05	9.31829e-06	3.867267e-06	4.354413e-07	4.161646e-07	3.933983e-07	3.691999e-07	3.431717e-07	3.160574e-07	2.2959e-07	1.378037e-07
48	0.2982409	0.1435845	0.1454185	0.1435123	0.1408575	0.1353962	0.1280226	0.062324	0.05022937	0.03287892	0.01922603	0.009809664	0.004804765	0.003935086	0.00320375	0.002411189	0.001547612	0.0008310722	9.076021e-05	1.049644e-05	9.961289e-06	8.715472e-06	3.622642e-06	3.992315e-07	3.811267e-07	3.595164e-07	3.364262e-07	3.11587e-07	2.856986e-07	2.041982e-07
49	0.4185374	0.2820642	0.1400492	0.141858	0.1399424	0.1372891	0.1318028	0.1244521	0.06052431	0.04842145	0.03132905	0.01770883	0.008367825	0.003368222	0.002475284	0.001903538	0.001332578	0.0007104446	0.0003998596	7.815089e-05	1.01113e-05	9.645925e-06	8.624157e-06	3.585636e-06	3.867437e-07	3.684254e-07	3.46741e-07	3.234158e-07	2.982609e-07	2.718731e-07
50	0.8456519	0.407129	0.2803873	0.1388822	0.1406916	0.1387762	0.1361267	0.1306344	0.1232916	0.0598602	0.04775504	0.03076061	0.01716683	0.007852207	0.002863945	0.001965831	0.001484736	0.00103874	0.00055308	0.0003149778	6.809554e-05	9.872658e-06	9.528423e-06	8.588647e-06	3.573165e-06	3.832736e-07	3.64935e-07	3.432738e-07	3.199345e-07	2.947545e-07
51	0.9794316	0.8441958	0.4057414	0.2801128	0.1386335	0.1404392	0.1385451	0.135891	0.1304155	0.1232376	0.05981429	0.04770954	0.03075162	0.01715937	0.007845985	0.002860538	0.001963551	0.00148324	0.001037564	0.0005522493	0.0003144598	6.79018e-05	9.868835e-06	9.527254e-06	8.588113e-06	3.57297e-06	3.832155e-07	3.648766e-07	3.432193e-07	3.1988e-07
52	0.5332037	0.5037908	0.4225483	0.2539753	0.1668208	0.135396	0.1371784	0.1352894	0.1326503	0.1271528	0.1199926	0.05808177	0.04599632	0.02935597	0.01579965	0.006501942	0.001876456	0.0009706804	0.0006805705	0.00049362	0.0002908615	0.0001793642	6.305125e-05	9.477052e-06	9.156549e-06	8.439679e-06	3.503572e-06	3.725969e-07	3.545095e-07	3.332709e-07
53	0.4195481	0.391141	0.3725222	0.3030017	0.2268328	0.1605685	0.1294916	0.1317479	0.129799	0.1275232	0.1219619	0.1147687	0.05364667	0.04208781	0.02632569	0.01552586	0.006283776	0.001736466	0.0008595941	0.0005892579	0.000421326	0.0002404057	0.0001475932	4.740735e-05	8.609602e-06	8.39228e-06	8.342928e-06	3.467361e-06	3.671689e-07	3.493021e-07
54	0.8706445	0.4060133	0.3777174	0.3588733	0.289448	0.2133059	0.1482873	0.1293978	0.1316528	0.1297055	0.1274311	0.1218686	0.1146753	0.05360261	0.04204476	0.02629282	0.01549423	0.006258202	0.00172169	0.0008446613	0.0005766917	0.0004120133	0.0002346438	0.0001445946	4.725839e-05	8.595975e-06	8.379498e-06	8.332003e-06	3.462697e-06	3.668247e-07
55	0.06596128	0.03769388	0.02616699	0.02504986	0.02064878	0.01380446	0.01035904	0.007419778	0.006698963	0.006789489	0.0065702	0.006383946	0.006463981	0.006452015	0.00198309	0.001810423	0.0006527226	0.0001453575	7.491003e-05	4.659834e-05	4.175587e-05	3.654655e-05	3.060253e-05	2.417833e-05	1.902548e-05	1.367224e-05	1.431876e-06	1.257924e-06	1.268539e-06	4.019173e-07
56	0.06920295	0.02569194	0.01752257	0.01101065	0.01084856	0.006814475	0.002698218	0.001823692	0.00113912	0.0009979345	0.00100498	0.0009912535	0.0009787535	0.000967214	0.0009465312	0.0005651017	0.0005239193	0.0004104064	8.196113e-05	3.90507e-05	2.213632e-05	1.919015e-05	1.751839e-05	1.589283e-05	1.412461e-05	1.178049e-05	9.338988e-06	2.622709e-07	1.006958e-07	8.010364e-08
57	0.05253436	0.02962892	0.01824246	0.01079602	0.007338313	0.007215553	0.003177348	0.001999906	0.001344278	0.0009628941	0.0008736481	0.0008867731	0.0008764008	0.0008658788	0.0008535096	0.0008333625	0.000512002	0.0004718265	0.0003789339	6.31785e-05	2.706712e-05	1.017954e-05	6.99031e-06	5.761028e-06	4.813871e-06	3.794906e-06	2.748809e-06	1.667095e-06	1.669664e-07	7.703689e-08
58	0.7943758	0.04276469	0.02313644	0.01595634	0.008520472	0.005710296	0.005562575	0.003026554	0.001919055	0.001286442	0.0009414169	0.000855406	0.000868259	0.0008578029	0.0008471402	0.0008343694	0.0008140245	0.0005018283	0.0004615461	0.0003693151	6.294875e-05	2.689492e-05	1.000822e-05	6.815346e-06	5.591028e-06	4.651754e-06	3.64144e-06	2.61286e-06	1.549392e-06	9.720286e-08
59	0.04106351	0.03399038	0.00915301	0.007596775	0.005076458	0.004531462	0.003639159	0.003651637	0.001236922	0.0005205321	0.0003740587	0.0002380069	0.0002086681	0.0002094967	0.0002007383	0.0001921992	0.0001951688	0.0001954126	6.027617e-05	5.496253e-05	1.563679e-05	6.407319e-06	3.998989e-06	3.651006e-06	3.655353e-06	3.422513e-06	3.102138e-06	2.753717e-06	2.084613e-06	1.388648e-06
60	0.0702146	0.0365519	0.02961555	0.008689743	0.007324447	0.004945121	0.004411559	0.003559427	0.003575925	0.001163021	0.0004509193	0.0003074145	0.0002071349	0.0001812906	0.0001817276	0.0001740721	0.0001664762	0.0001690025	0.0001692308	5.435876e-05	4.975835e-05	1.443288e-05	5.913252e-06	3.818077e-06	3.532838e-06	3.547057e-06	3.331456e-06	3.031941e-06	2.706204e-06	2.051356e-06
61	0.2406171	0.06208207	0.03583827	0.02892235	0.008620222	0.007270782	0.004919343	0.004388203	0.003548175	0.003564971	0.0011522	0.0004409415	0.0002978877	0.0002044214	0.0001789826	0.0001793879	0.0001718302	0.0001643341	0.0001668235	0.0001670459	5.370974e-05	4.917153e-05	1.42409e-05	5.788885e-06	3.781644e-06	3.501793e-06	3.516398e-06	3.305764e-06	3.012891e-06	2.69437e-06
62	0.8252665	0.1637203	0.03960731	0.02516786	0.01902031	0.006739444	0.006295782	0.004504363	0.004015941	0.003297384	0.00333568	0.0009353132	0.000240288	0.0001102559	5.81654e-05	4.574011e-05	4.422315e-05	4.224781e-05	3.971761e-05	4.004772e-05	4.016997e-05	2.504015e-05	2.412408e-05	9.364187e-06	4.465084e-06	3.225317e-06	3.222536e-06	3.286988e-06	3.104992e-06	2.837525e-06
63	0.8291361	0.8114244	0.1520249	0.03098531	0.02470199	0.01868789	0.006638887	0.006222358	0.004474698	0.003997056	0.003285089	0.003324138	0.0009240692	0.0002319428	0.0001043586	5.391674e-05	4.204408e-05	4.05089e-05	3.872293e-05	3.641163e-05	3.668942e-05	3.680081e-05	2.385173e-05	2.305309e-05	9.091805e-06	4.36578e-06	3.156322e-06	3.160001e-06	3.224117e-06	3.045887e-06
64	0.8124907	0.7983845	0.7810504	0.140072	0.03081229	0.02454564	0.01868186	0.006637661	0.006221413	0.004473968	0.003996467	0.003284658	0.003323708	0.0009237393	0.0002317843	0.0001043022	5.388163e-05	4.201286e-05	4.047763e-05	3.869353e-05	3.638321e-05	3.666407e-05	3.677622e-05	2.383892e-05	2.304086e-05	9.088603e-06	4.363936e-06	3.154881e-06	3.158867e-06	3.223079e-06
65	0.9936451	0.8066582	0.7927058	0.7753491	0.1365336	0.03036625	0.0241145	0.01864442	0.006602465	0.006185757	0.004438215	0.003960119	0.003247649	0.003285992	0.0008852871	0.0001926591	0.0001042664	5.385805e-05	4.199152e-05	4.045614e-05	3.867357e-05	3.636424e-05	3.664537e-05	3.675804e-05	2.383045e-05	2.303292e-05	9.086999e-06	4.363209e-06	3.154343e-06	3.158455e-06
66	0.9234026	0.9191193	0.7966248	0.7845442	0.7684639	0.1320176	0.0285631	0.02280359	0.01741248	0.005614543	0.00521479	0.004130222	0.003745852	0.003190254	0.003229927	0.00082872	0.0001547148	8.564778e-05	4.48022e-05	3.360101e-05	3.19412e-05	3.026055e-05	2.804251e-05	2.819363e-05	2.823195e-05	1.965819e-05	1.890035e-05	8.341172e-06	4.160565e-06	3.09927e-06
67	0.8261262	0.8211207	0.8168129	0.7115209	0.6994728	0.6839828	0.04860872	0.02607591	0.02098198	0.01582793	0.004562269	0.004204774	0.00396667	0.003623488	0.003148865	0.003190032	0.000788721	0.0001350106	7.416928e-05	3.767884e-05	2.737696e-05	2.570448e-05	2.433521e-05	2.259888e-05	2.268439e-05	2.269582e-05	1.653546e-05	1.597343e-05	7.067602e-06	3.225893e-06
68	0.8881965	0.8117716	0.807321	0.8028826	0.7100056	0.6980814	0.6827253	0.04759716	0.0257317	0.02071017	0.01557253	0.004353841	0.003996973	0.003777015	0.003458547	0.003134176	0.003175599	0.0007745486	0.0001263536	7.103955e-05	3.614792e-05	2.593016e-05	2.423568e-05	2.285773e-05	2.111178e-05	2.117623e-05	2.116912e-05	1.55871e-05	1.501201e-05	6.907209e-06
69	0.8058766	0.8000704	0.7386644	0.7447923	0.7508743	0.6690994	0.6674819	0.6600636	0.02973797	0.01050189	0.009353093	0.008369013	0.003243429	0.003162384	0.003133887	0.002952469	0.0029904	0.003041608	0.0006433422	4.911975e-05	2.652508e-05	1.70979e-05	1.494417e-05	1.47457e-05	1.351187e-05	1.170511e-05	1.184619e-05	1.197439e-05	8.399001e-06	7.683516e-06
70	0.7224927	0.7129032	0.7066482	0.6446513	0.6501985	0.6574434	0.6638807	0.6625353	0.6552918	0.02504424	0.007907272	0.006915159	0.006012987	0.001023025	0.0009105226	0.0008492391	0.0006283466	0.000624572	0.0006306177	0.0006404188	4.747832e-05	2.555449e-05	1.657371e-05	1.468262e-05	1.452737e-05	1.32988e-05	1.149144e-05	1.163544e-05	1.176786e-05	8.231948e-06
71	0.1055465	0.05120544	0.03601972	0.0320928	0.02533028	0.02225178	0.02007781	0.01685954	0.01411644	0.01098189	0.008959216	0.003824758	0.002918693	0.002008683	0.0004834093	0.0003732508	0.0003057792	8.400671e-05	7.080524e-05	6.710057e-05	6.592619e-05	4.507681e-05	2.458149e-05	1.606526e-05	1.429279e-05	1.416775e-05	1.295471e-05	1.118439e-05	1.132687e-05	1.146186e-05
72	0.09450319	0.009850864	0.007727874	0.007387991	0.007386008	0.00378298	0.003779342	0.003750541	0.002769534	0.002505559	0.00204839	0.001333928	0.0002995108	0.0001743499	0.000153947	2.864669e-05	1.585736e-05	8.365836e-06	6.616261e-06	4.885466e-06	4.591156e-06	4.25386e-06	3.640116e-06	3.318297e-06	2.441439e-06	2.293782e-06	2.323587e-06	2.19988e-06	2.045594e-06	2.081804e-06
73	0.2584812	0.05468278	0.009047523	0.007079935	0.006842725	0.006857503	0.003341223	0.003351195	0.003338652	0.002377102	0.002153256	0.001793885	0.001220134	0.0002271987	0.0001296304	0.0001181505	1.925622e-05	1.020063e-05	5.213949e-06	3.962968e-06	2.973166e-06	2.75168e-06	2.454749e-06	2.034875e-06	1.758414e-06	1.435942e-06	1.298214e-06	1.313125e-06	1.260038e-06	1.211111e-06
74	0.9028938	0.2000151	0.05342674	0.008163941	0.006189974	0.005944341	0.005946543	0.002419458	0.002415956	0.002400097	0.002364109	0.002141474	0.001785317	0.001217197	0.0002253736	0.0001282754	0.0001169737	1.876337e-05	9.86289e-06	4.95252e-06	3.707183e-06	2.738266e-06	2.515661e-06	2.411278e-06	1.994482e-06	1.718277e-06	1.400901e-06	1.266824e-06	1.281268e-06	1.230577e-06
75	0.1576762	0.1210193	0.1021431	0.03693086	0.003296578	0.001441543	0.001333327	0.001324654	0.001187777	0.001186801	0.001167292	0.001131024	0.001019812	0.0006751259	0.0002729417	0.0001367375	5.014108e-05	4.294561e-05	1.660436e-05	8.157157e-06	3.533624e-06	3.086132e-06	2.188231e-06	1.98399e-06	1.875497e-06	1.73916e-06	1.621432e-06	1.349643e-06	1.226439e-06	1.243618e-06
76	0.1706616	0.1525624	0.115985	0.1014993	0.0368619	0.003273258	0.001425202	0.001320506	0.001312082	0.001180606	0.001181065	0.001161579	0.001125345	0.001014836	0.0006705286	0.0002685235	0.0001362816	4.976221e-05	4.262735e-05	1.639349e-05	7.996277e-06	3.375455e-06	3.071672e-06	2.174984e-06	1.974481e-06	1.865967e-06	1.733034e-06	1.618352e-06	1.347475e-06	1.224346e-06
77	0.1267086	0.104962	0.1032712	0.08807267	0.08768118	0.03352612	0.0005034725	0.0003701436	0.0003572392	0.0003546505	0.000329573	0.000332794	0.0003332085	0.0003319299	0.0003021307	0.0001820102	0.0001310218	8.298731e-05	5.998012e-06	4.590106e-06	2.648188e-06	4.84494e-07	2.341538e-07	1.931454e-07	1.463342e-07	1.350933e-07	1.288465e-07	1.03094e-07	8.912054e-08	6.614019e-08
78	0.4967296	0.1042606	0.09920813	0.09956992	0.08530299	0.08604651	0.03319698	0.0002185706	0.0001091421	0.0001003991	9.899881e-05	7.511584e-05	7.560221e-05	7.576059e-05	7.543004e-05	6.571647e-05	3.976722e-05	2.770445e-05	1.718867e-05	1.498528e-06	1.207465e-06	6.138268e-07	1.649544e-07	1.068464e-07	7.468841e-08	5.897117e-08	5.575053e-08	5.499017e-08	3.51837e-08	2.694617e-08
79	0.5361573	0.3888581	0.04987231	0.04719221	0.04731673	0.03254455	0.032807	0.03312815	0.0001587801	5.986519e-05	5.177093e-05	5.199742e-05	2.855565e-05	2.855769e-05	2.87214e-05	2.877275e-05	2.267314e-05	1.347865e-05	9.303533e-06	5.467535e-06	5.955056e-07	5.065775e-07	2.181659e-07	8.23997e-08	6.957865e-08	4.23261e-08	3.503879e-08	3.381169e-08	3.413354e-08	1.578256e-08
80	0.2634781	0.2620446	0.1155166	0.01610852	0.01528958	0.01543542	0.0002872987	0.0001835628	0.0001383608	0.0001381407	4.011017e-05	3.217249e-05	3.222461e-05	8.872652e-06	8.653016e-06	8.72404e-06	8.773555e-06	4.188871e-06	2.170875e-06	1.411846e-06	4.206817e-07	1.870833e-07	1.764203e-07	6.4788e-08	5.262645e-08	4.922922e-08	2.432597e-08	2.033087e-08	1.981659e-08	2.015363e-08
81	0.2486366	0.2382804	0.2385837	0.09034422	0.01559934	0.01533057	0.01549669	0.0001518275	5.515542e-05	1.438127e-05	1.269206e-05	1.141133e-05	3.420342e-06	3.314153e-06	3.150613e-06	3.076143e-06	3.07791e-06	3.064997e-06	2.643548e-06	1.796864e-06	1.239292e-06	2.981821e-07	1.305819e-07	1.214549e-07	5.054029e-08	4.00815e-08	3.697138e-08	1.853537e-08	1.531041e-08	1.496655e-08
82	0.6123404	0.2355857	0.2276132	0.2286437	0.07858983	0.01572048	0.01551474	0.01568864	0.000141734	4.675139e-05	6.709116e-06	4.927783e-06	3.532751e-06	2.977331e-06	2.865879e-06	2.727934e-06	2.698884e-06	2.697504e-06	2.682807e-06	2.342755e-06	1.601332e-06	1.113177e-06	2.093011e-07	1.194798e-07	1.112888e-07	4.222143e-08	3.362126e-08	3.055871e-08	1.630221e-08	1.308947e-08
83	0.5396157	0.2474592	0.05671049	0.05027023	0.04982515	0.05016491	0.000499702	0.0001685955	0.0001440871	0.0001214138	3.688886e-05	4.4764e-06	3.01778e-06	1.906667e-06	1.721623e-06	1.704393e-06	1.654506e-06	1.647882e-06	1.653485e-06	1.652595e-06	1.494682e-06	1.233388e-06	9.913155e-07	1.131341e-07	7.324471e-08	6.577267e-08	2.753912e-08	2.130269e-08	1.942077e-08	9.18567e-09
84	0.2803704	0.05215372	0.04135247	0.02228574	0.01743433	0.0167378	0.01669095	0.0004220041	0.0001191332	9.561732e-05	7.261545e-05	3.617053e-05	4.229019e-06	2.781762e-06	1.676771e-06	1.511919e-06	1.496753e-06	1.460537e-06	1.461006e-06	1.465677e-06	1.464443e-06	1.376702e-06	1.179713e-06	9.865958e-07	1.010373e-07	6.420901e-08	5.66605e-08	2.115638e-08	1.513866e-08	1.340944e-08
85	0.1094562	0.02632703	0.02034607	0.01483099	0.00774053	0.004316693	0.003917581	0.003843438	0.0001514865	1.971929e-05	1.14319e-05	1.009289e-05	6.904076e-06	1.212386e-06	9.562794e-07	9.11526e-07	8.856156e-07	8.913311e-07	8.944688e-07	9.014596e-07	9.084839e-07	9.134599e-07	9.136431e-07	9.129811e-07	9.078368e-07	3.166696e-08	1.965218e-08	1.338402e-08	3.535556e-09	3.170602e-09
86	0.1228636	0.1035489	0.02000598	0.01480373	0.01002936	0.004428292	0.001399565	0.001157283	0.00110154	0.0001402229	1.722488e-05	9.665882e-06	8.558313e-06	6.512894e-06	1.150823e-06	9.067872e-07	8.719212e-07	8.500684e-07	8.56354e-07	8.619481e-07	8.694295e-07	8.768989e-07	8.827545e-07	8.897789e-07	8.972623e-07	9.042293e-07	1.607333e-08	8.422065e-09	5.621153e-09	1.150483e-09
87	0.7459318	0.1098628	0.09165965	0.0197602	0.01462607	0.009875945	0.00432399	0.001286396	0.001042863	0.0009858113	0.0001413157	1.733895e-05	9.715023e-06	8.609521e-06	6.58395e-06	1.161558e-06	9.149719e-07	8.803303e-07	8.589809e-07	8.656643e-07	8.717494e-07	8.796274e-07	8.880552e-07	8.967019e-07	9.043198e-07	9.125298e-07	9.205399e-07	1.605369e-08	8.347888e-09	5.518291e-09
88	0.5213987	0.5002999	0.04393263	0.02635822	0.01854176	0.01387722	0.009631441	0.0040812	0.001009929	0.0007614794	0.0007018783	1.745525e-05	1.164842e-05	4.449249e-06	3.269982e-06	1.579336e-06	3.922177e-07	1.49976e-07	1.033382e-07	7.016406e-08	6.394749e-08	5.686729e-08	5.090714e-08	4.498232e-08	3.877765e-08	3.127552e-08	2.405782e-08	1.801832e-08	1.607713e-08	8.296099e-09
89	0.4754158	0.4642242	0.4506479	0.04197095	0.0254683	0.01797366	0.01333574	0.009215483	0.003842979	0.0007909346	0.0005615826	0.0005055411	9.31464e-06	4.931518e-06	3.165272e-06	2.249287e-06	1.003679e-06	1.576991e-07	1.212968e-07	8.771753e-08	5.600228e-08	4.990431e-08	4.31775e-08	3.714665e-08	3.108771e-08	2.482785e-08	1.880839e-08	1.416474e-08	1.056162e-08	8.945488e-09
90	0.5789405	0.4658995	0.4570008	0.4432266	0.0419364	0.02559879	0.01801127	0.01332807	0.009168378	0.003775068	0.0006794885	0.0004462261	0.0003881289	9.032899e-06	4.95601e-06	3.176576e-06	2.253764e-06	1.016218e-06	1.592129e-07	1.222879e-07	8.842838e-08	5.618807e-08	5.017887e-08	4.341303e-08	3.727972e-08	3.111348e-08	2.47397e-08	1.860768e-08	1.387767e-08	1.0562e-08
91	0.4999307	0.2814283	0.1679279	0.1557167	0.1379568	0.04160446	0.02560072	0.01798693	0.01327582	0.00909008	0.003689294	0.0005643951	0.0003275348	0.0002673357	8.697898e-06	4.967775e-06	3.179214e-06	2.253898e-06	1.025944e-06	1.606442e-07	1.232822e-07	8.896834e-08	5.629034e-08	5.019655e-08	4.342822e-08	3.721729e-08	3.095349e-08	2.447569e-08	1.825805e-08	1.345364e-08
92	0.2329369	0.228241	0.01893413	0.008992278	0.007047948	0.00700933	0.0003920108	0.0001818773	0.0001287751	9.590272e-05	6.612358e-05	3.429159e-05	2.172722e-05	2.11092e-05	2.115271e-05	1.013488e-07	2.415918e-08	1.483569e-08	1.193018e-08	3.888514e-09	6.816158e-10	5.348873e-10	3.968839e-10	3.014351e-10	2.857573e-10	2.310809e-10	2.167035e-10	2.014256e-10	1.84497e-10	1.658878e-10
93	0.07750821	0.07552221	0.07000868	0.009136157	0.0009089917	0.0008929844	0.0008313563	0.0001169308	6.897075e-05	4.530996e-05	3.028906e-05	1.453722e-05	5.403635e-06	6.408721e-07	4.988164e-07	4.671335e-07	7.997021e-09	3.098588e-09	2.163871e-09	1.563899e-09	7.809589e-10	1.510122e-10	1.109399e-10	5.642548e-11	4.100522e-11	3.850966e-11	3.383469e-11	3.36704e-11	3.259488e-11	3.065527e-11
94	0.6004516	0.07121108	0.06940371	0.06374976	0.001994595	0.0007746746	0.000763262	0.0007000763	0.0001051047	6.271755e-05	4.188738e-05	2.86975e-05	1.402125e-05	5.177448e-06	5.516023e-07	4.163976e-07	3.860269e-07	7.337299e-09	2.915321e-09	2.072317e-09	1.493831e-09	7.561107e-10	1.45787e-10	1.062872e-10	5.175992e-11	3.694233e-11	3.452585e-11	3.067683e-11	3.064171e-11	2.972047e-11
95	0.1752701	0.1703379	0.01007401	0.008655191	0.008678306	0.001182739	0.000718605	0.0007147972	0.0006508284	9.229873e-05	5.326724e-05	3.456076e-05	2.245178e-05	1.355437e-05	4.934694e-06	4.342969e-07	3.331845e-07	3.115205e-07	6.383527e-09	2.733365e-09	1.968686e-09	1.398398e-09	7.012792e-10	1.280924e-10	1.042937e-10	4.929873e-11	3.451894e-11	3.2083e-11	2.844765e-11	2.843243e-11
96	0.2191799	0.1626819	0.1576061	0.009519764	0.008225766	0.008261603	0.001160517	0.0006948011	0.0006912574	0.0006260829	9.237345e-05	5.365459e-05	3.473597e-05	2.252852e-05	1.355983e-05	4.948346e-06	3.834471e-07	2.816506e-07	2.594376e-07	6.164513e-09	2.73202e-09	1.978718e-09	1.400617e-09	7.056354e-10	1.28598e-10	1.048277e-10	4.886522e-11	3.381165e-11	3.131805e-11	2.780579e-11
97	0.7088478	0.2062325	0.149918	0.1448231	0.009480348	0.008253334	0.008294207	0.001096476	0.0006599079	0.0006564004	0.0005900243	8.485721e-05	4.911559e-05	3.22283e-05	2.132548e-05	1.325081e-05	4.820059e-06	3.262189e-07	2.256126e-07	2.032087e-07	5.871427e-09	2.693829e-09	1.961323e-09	1.378723e-09	6.973952e-10	1.168186e-10	9.259501e-11	3.556091e-11	3.267071e-11	3.01274e-11
98	0.7366151	0.7062918	0.1972435	0.1400914	0.1348335	0.009400986	0.0082285	0.008276999	0.000979115	0.0005364033	0.0005314453	0.0004627547	8.327901e-05	4.94752e-05	3.236487e-05	2.149843e-05	1.333855e-05	4.842851e-06	2.781618e-07	1.761887e-07	1.53336e-07	5.297691e-09	2.647978e-09	1.955411e-09	1.363408e-09	6.861411e-10	1.133617e-10	8.903e-11	3.147394e-11	2.844767e-11
99	0.7605312	0.7341368	0.7085316	0.1929865	0.1350408	0.1296865	0.009214913	0.008125085	0.008192641	0.0007908857	0.0003429504	0.0003353874	0.0003149418	8.166921e-05	5.0037e-05	3.2698e-05	2.175383e-05	1.34895e-05	4.888928e-06	2.512934e-07	1.478312e-07	1.247862e-07	4.681407e-09	2.567972e-09	1.917028e-09	1.321592e-09	6.45006e-10	8.201132e-11	5.708262e-11	2.475195e-11
100	0.6051404	0.5720289	0.5632561	0.5592719	0.1177986	0.09405474	0.09385855	0.008384401	0.008023983	0.008114272	0.0006070762	0.000174717	0.0001716954	0.0001683621	1.767451e-05	1.000065e-05	6.568951e-06	4.371091e-06	2.537356e-06	9.5782e-07	7.095975e-08	4.930261e-08	4.426632e-08	1.385156e-09	5.358321e-10	3.620937e-10	2.604494e-10	1.364552e-10	2.813318e-11	2.387145e-11
101	0.642277	0.5362611	0.5147294	0.5092903	0.5137792	0.09174444	0.08602756	0.08683817	0.008145585	0.008066145	0.008166488	0.000551909	0.0001333152	0.0001339537	0.0001345372	7.028485e-06	3.364109e-06	2.17076e-06	1.376916e-06	6.076025e-07	2.333985e-07	3.713675e-08	3.056914e-08	2.892217e-08	6.591705e-10	1.629284e-10	8.180509e-11	6.358666e-11	3.305819e-11	7.293337e-12
102	0.5893557	0.5496341	0.4676639	0.4491048	0.4444212	0.448525	0.02040252	0.01468224	0.01458595	0.008207668	0.008158628	0.008263225	0.0005381614	0.0001139393	0.0001144121	0.0001148194	6.500048e-06	3.19542e-06	2.015105e-06	1.235109e-06	4.840104e-07	1.856218e-07	3.178151e-08	2.637624e-08	2.499991e-08	5.512845e-10	1.417432e-10	7.05128e-11	5.458085e-11	2.777047e-11
103	0.5580904	0.1441603	0.1050009	0.04151774	0.02561692	0.02160753	0.02015214	0.01986125	0.01405463	0.01395289	0.00829393	0.008254683	0.00836337	0.00052451	9.38795e-05	9.407466e-05	9.518121e-05	6.215148e-06	3.225316e-06	2.029364e-06	1.246299e-06	4.851e-07	1.849347e-07	2.845513e-08	2.294821e-08	2.157779e-08	4.679287e-10	1.309753e-10	6.57946e-11	5.025499e-11
104	0.4234295	0.4230264	0.1119076	0.07681925	0.02834484	0.01649185	0.01352445	0.0124483	0.01230979	0.01221027	0.01221756	0.008323597	0.008347136	0.008461378	0.0005053223	6.937765e-05	6.935889e-05	7.023102e-05	5.178083e-06	2.654036e-06	1.490319e-06	7.309521e-07	2.49339e-07	9.800371e-08	2.041762e-08	1.69853e-08	1.611748e-08	3.175576e-10	9.567307e-11	4.858206e-11
105	0.282858	0.1836053	0.1833812	0.04846358	0.04048223	0.01706559	0.007854106	0.005526839	0.004430994	0.004182081	0.00396921	0.003869509	0.0005645698	0.0004818984	0.0004862614	0.0004935568	5.083173e-05	5.054283e-05	5.112717e-05	4.892988e-06	2.675525e-06	1.496608e-06	7.3419e-07	2.469062e-07	9.605355e-08	1.714594e-08	1.364359e-08	1.277564e-08	2.348929e-10	8.527597e-11
106	0.06118464	0.03048152	0.02670041	0.02658823	0.0170143	0.01615069	0.006179702	0.0029246	0.002054904	0.001314608	0.001189846	0.001096738	0.001047724	6.183638e-05	1.647534e-05	1.562085e-05	1.573471e-05	1.541791e-05	1.471414e-05	1.484536e-05	6.290702e-07	2.591442e-07	1.847629e-07	1.294732e-07	8.773185e-08	3.598144e-08	7.358194e-09	5.119867e-09	4.540546e-09	1.083331e-10
107	0.07162976	0.04134469	0.01888219	0.01667072	0.01662222	0.00928088	0.008856179	0.001852872	0.0009695393	0.000664779	0.0005251429	0.0004217008	0.0003501257	0.0003108354	4.475647e-05	2.681966e-06	1.832009e-06	1.732473e-06	1.22843e-06	1.139965e-06	1.049321e-06	3.484069e-07	2.279163e-07	1.602471e-07	1.184186e-07	8.103934e-08	3.254153e-08	3.98074e-09	1.803466e-09	1.238778e-09
108	0.5259716	0.07168752	0.0412993	0.01876072	0.01655719	0.01650882	0.009068626	0.008640903	0.001830633	0.000961321	0.0006626878	0.0005238358	0.0004214649	0.0003488603	0.0003089967	4.508882e-05	2.571855e-06	1.731034e-06	1.628584e-06	1.123662e-06	1.032305e-06	9.450375e-07	3.516921e-07	2.312948e-07	1.62539e-07	1.200803e-07	8.207331e-08	3.281054e-08	3.906708e-09	1.776713e-09
109	0.2053126	0.2022835	0.01957303	0.005683502	0.00386604	0.003309	0.003290211	0.003038533	0.003000596	0.0009174606	0.0004010282	0.0002271794	0.0001844615	0.0001534806	0.0001480612	0.0001424711	3.886112e-05	1.027355e-06	6.293471e-07	5.198954e-07	3.475231e-07	2.89606e-07	2.345678e-07	1.506424e-08	9.416731e-09	8.114319e-09	7.572444e-09	6.677443e-09	4.842167e-09	2.175705e-09
110	0.1085781	0.03229065	0.03068861	0.002054935	0.001369304	0.0009498599	0.0007496927	0.000740456	0.0007144425	0.0007077877	0.0002256096	8.128926e-05	4.680457e-05	4.319856e-05	4.350317e-05	4.247675e-05	4.277682e-05	8.504344e-07	1.779107e-07	1.214109e-07	1.141294e-07	8.021228e-08	7.774627e-08	7.640235e-08	2.709404e-09	8.105762e-10	6.560381e-10	5.166136e-10	4.560504e-10	2.521311e-10
111	0.3199684	0.02062647	0.01681214	0.01552535	0.001017766	0.0005785428	0.0003940024	0.0003440013	0.0003383564	0.0003304594	0.0003269431	0.0001595213	5.756103e-05	3.323379e-05	3.07042e-05	3.091222e-05	3.039553e-05	3.064611e-05	4.810991e-07	1.198712e-07	7.038715e-08	6.269202e-08	5.172588e-08	5.011824e-08	4.888428e-08	1.918685e-09	5.977375e-10	4.694865e-10	3.659884e-10	3.227645e-10
112	0.3194409	0.05982204	0.01524793	0.01218431	0.0110786	0.0007909139	0.0004029319	0.0002633063	0.0002266741	0.0002223795	0.0002168904	0.0002144408	9.869418e-05	3.623516e-05	2.113593e-05	1.94323e-05	1.948427e-05	1.87859e-05	1.889883e-05	4.031789e-07	9.316718e-08	4.584109e-08	4.584784e-08	3.575155e-08	3.395329e-08	3.24139e-08	1.326727e-09	4.519005e-10	3.317194e-10	2.561028e-10
113	0.6731628	0.1063115	0.03670174	0.01067703	0.008020656	0.006943903	0.0006157406	0.0002726829	0.0001758354	0.0001512192	0.0001470919	0.0001435436	0.0001419394	6.354315e-05	2.319573e-05	1.338572e-05	1.224054e-05	1.221503e-05	1.220687e-05	1.225656e-05	2.588907e-07	6.822554e-08	3.180586e-08	3.172797e-08	2.482357e-08	2.322798e-08	2.177758e-08	9.250402e-10	3.28088e-10	2.422908e-10
114	0.3634042	0.3128341	0.09364656	0.02540996	0.007580484	0.005224481	0.005039889	0.0004929298	0.0001585069	9.977316e-05	8.551962e-05	8.162864e-05	7.966478e-05	7.863978e-05	3.048229e-05	1.154199e-05	6.742151e-06	6.076251e-06	5.982386e-06	5.898747e-06	5.879422e-06	2.21084e-07	5.485153e-08	2.100392e-08	2.094549e-08	1.61489e-08	1.444467e-08	1.280733e-08	6.078673e-10	2.518289e-10
115	0.3041955	0.2935188	0.2594073	0.08328399	0.01562954	0.005191316	0.003061885	0.00289963	0.0003763607	5.453712e-05	3.014841e-05	2.571804e-05	2.198012e-05	2.13336e-05	2.086432e-05	4.283788e-06	2.194917e-06	1.444715e-06	1.201553e-06	1.075358e-06	9.452019e-07	8.717783e-07	1.705915e-07	4.080414e-08	1.145922e-08	1.129998e-08	8.739658e-09	7.006894e-09	5.278982e-09	3.230678e-10
116	0.4005474	0.3039635	0.2958612	0.2615363	0.08381249	0.01512147	0.00502699	0.002882875	0.002719203	0.0003760922	5.032211e-05	2.712191e-05	2.29036e-05	1.911084e-05	1.850638e-05	1.805963e-05	2.737845e-06	1.655094e-06	1.138244e-06	9.164797e-07	7.867189e-07	6.533166e-07	5.763042e-07	1.697475e-07	4.060021e-08	1.092309e-08	1.075594e-08	8.208261e-09	6.458538e-09	4.710391e-09
117	0.669718	0.2264662	0.1337453	0.1256232	0.09080103	0.08458209	0.01480757	0.004963431	0.00280768	0.002642534	0.0003804362	4.97235e-05	2.675014e-05	2.250016e-05	1.864612e-05	1.804518e-05	1.759835e-05	2.270868e-06	1.500076e-06	1.05218e-06	8.345314e-07	7.024839e-07	5.653872e-07	4.857133e-07	1.715418e-07	4.040505e-08	1.019084e-08	1.000688e-08	7.398816e-09	5.600225e-09
118	0.8076485	0.6543468	0.2248664	0.1321612	0.1240266	0.08896842	0.08274874	0.01431161	0.004781816	0.002640632	0.002627277	0.0003819588	4.601285e-05	2.277414e-05	1.848214e-05	1.841707e-05	1.783644e-05	1.74002e-05	1.969664e-06	1.258835e-06	1.044386e-06	8.260005e-07	6.919063e-07	5.525729e-07	4.722081e-07	1.739556e-07	4.072221e-08	9.981978e-09	9.797564e-09	7.140559e-09
119	0.6000632	0.5941298	0.4670377	0.09246495	0.0491963	0.04104204	0.01870538	0.01247764	0.01211942	0.004443443	0.002306432	0.002293683	9.248315e-05	4.50295e-05	2.178554e-05	1.760344e-05	1.753939e-05	1.70733e-05	1.666644e-05	1.833643e-06	1.194275e-06	9.979056e-07	8.076924e-07	6.716498e-07	5.301508e-07	4.483721e-07	1.719701e-07	4.083702e-08	9.707944e-09	9.523343e-09
120	0.5910162	0.3330172	0.3302168	0.255798	0.03053846	0.01255381	0.01056102	0.005611263	0.004038578	0.003866119	0.002863547	0.0008335683	0.0008277854	1.383824e-05	3.96121e-06	3.030234e-06	1.965618e-06	1.951231e-06	1.769542e-06	1.735133e-06	6.762245e-07	2.866378e-07	1.819211e-07	1.640843e-07	1.64518e-07	1.652699e-07	1.58525e-07	5.562661e-08	3.063675e-08	2.242537e-09
121	0.2225041	0.1664964	0.1605627	0.1593317	0.09980889	0.01988884	0.009407217	0.007468872	0.002684866	0.00118515	0.001039303	0.0002860233	0.0002463207	0.0002411595	9.784314e-06	2.471267e-06	1.688473e-06	1.545417e-06	1.532361e-06	1.366815e-06	1.342977e-06	5.229968e-07	2.11474e-07	1.251872e-07	1.098361e-07	1.100077e-07	1.104642e-07	1.03047e-07	2.215237e-08	1.857356e-09
122	0.3827291	0.2023914	0.1457618	0.1407074	0.1394651	0.09180542	0.01324356	0.005734517	0.003813008	0.002318576	0.000883035	0.0007575431	0.0002076482	0.0001797431	0.0001782484	9.15557e-06	2.210956e-06	1.487126e-06	1.358004e-06	1.354395e-06	1.189925e-06	1.167905e-06	4.20885e-07	1.703976e-07	1.000147e-07	8.699411e-08	8.68286e-08	8.69034e-08	8.442671e-08	2.176474e-08
123	0.1004279	0.08669481	0.07859781	0.07763159	0.07730058	0.07728271	0.06049772	0.002312718	0.0007900999	0.0007419432	0.0006665558	0.0005148446	0.0004095142	0.0001023422	8.583635e-05	8.498897e-05	1.000981e-06	6.338185e-07	5.134243e-07	4.775292e-07	4.771016e-07	3.27594e-07	3.148994e-07	1.457335e-07	5.737077e-08	3.620878e-08	3.343851e-08	3.372172e-08	3.404385e-08	3.434759e-08
124	0.2650649	0.06994812	0.06162263	0.05945954	0.05915855	0.05900873	0.05899917	0.05299976	0.0009230601	0.0003268414	0.0003069763	0.0002833836	0.0001940815	0.0001570315	3.648385e-05	3.051295e-05	3.02126e-05	3.868124e-07	2.475408e-07	2.009753e-07	1.930544e-07	1.9287e-07	1.158321e-07	1.128704e-07	5.300471e-08	2.142288e-08	1.382425e-08	1.26457e-08	1.262151e-08	1.260928e-08
125	0.3263766	0.221866	0.02583319	0.01833449	0.01747173	0.0173134	0.01721872	0.01721169	0.01460768	0.0004795244	0.0001819301	0.0001712063	0.0001583676	8.791366e-05	8.196733e-05	1.607687e-05	1.333203e-05	1.320017e-05	1.190586e-07	7.107256e-08	5.195102e-08	4.783634e-08	4.774152e-08	3.983031e-08	3.797214e-08	2.217261e-08	8.464321e-09	5.16632e-09	4.555521e-09	4.489269e-09
126	0.2791665	0.2641372	0.2066833	0.00831958	0.001354836	0.0007702619	0.0006172237	0.0005596849	0.0005537867	0.0003418044	0.0001697853	9.690584e-05	9.243501e-05	8.645214e-05	2.878881e-05	2.725597e-05	1.268068e-06	8.866251e-07	8.78867e-07	3.437849e-08	2.261945e-08	1.699394e-08	1.464547e-08	1.459572e-08	8.032907e-09	6.75717e-09	2.127842e-09	1.012873e-09	7.218984e-10	5.61336e-10
127	0.4050672	0.07272197	0.06301315	0.008515588	0.008146757	0.001198497	0.0006170766	0.0004847656	0.0004277869	0.0004218231	0.0002712802	0.0001105936	8.966499e-05	8.533455e-05	8.499799e-05	2.676801e-05	2.540971e-05	6.415369e-07	3.57496e-07	3.549652e-07	2.450992e-08	2.098618e-08	1.564948e-08	1.370321e-08	1.365806e-08	7.004221e-09	5.719692e-09	1.547362e-09	7.557821e-10	5.424048e-10
128	0.7401605	0.4040876	0.06608788	0.05672407	0.001833216	0.00145847	0.001182323	0.0005897496	0.0004547946	0.0003967945	0.0003921179	0.0002688327	0.0001101152	9.11006e-05	8.685769e-05	8.651616e-05	2.72387e-05	2.585515e-05	6.501128e-07	3.623667e-07	3.597999e-07	2.435849e-08	2.080443e-08	1.561237e-08	1.36437e-08	1.359801e-08	6.817699e-09	5.512028e-09	1.331359e-09	6.83367e-10
129	0.5662897	0.5320343	0.344713	0.05037137	0.04508522	0.001140905	0.0008590469	0.0006146057	0.0004743735	0.0003367412	0.0003024303	0.0003016726	0.0002155687	6.294064e-05	5.168488e-05	4.860557e-05	4.827266e-05	2.745545e-05	2.605007e-05	5.579523e-07	2.719631e-07	2.69451e-07	1.31196e-08	1.123759e-08	1.016748e-08	9.939773e-09	9.936196e-09	3.191577e-09	1.891998e-09	1.013107e-09
130	0.4275631	0.4188307	0.4123622	0.2665931	0.003616581	0.002124959	0.0007431409	0.0006381911	0.000574171	0.0004366408	0.0002972873	0.0002627137	0.0002619586	0.0002053246	6.019415e-05	5.126764e-05	4.817635e-05	4.789356e-05	2.676847e-05	2.61813e-05	4.790441e-07	2.260175e-07	2.238708e-07	5.926216e-09	4.243437e-09	3.322318e-09	3.150497e-09	3.147367e-09	2.73644e-09	1.587028e-09
131	0.4881159	0.3558424	0.3490638	0.3487773	0.264275	0.002703668	0.001435768	0.0004547444	0.0003572352	0.000309482	0.0002614256	0.0001199617	8.622227e-05	8.589468e-05	4.883947e-05	3.652369e-05	2.939793e-05	2.648358e-05	2.642354e-05	6.448248e-06	6.321148e-06	8.451572e-08	4.475287e-08	4.431471e-08	3.146112e-09	2.423982e-09	1.808695e-09	1.671055e-09	1.668456e-09	1.582308e-09
132	0.3910525	0.3704952	0.3144324	0.3127532	0.312688	0.2669418	0.001485923	0.0004293985	0.0001339442	0.0001271448	9.032422e-05	7.351565e-05	7.343762e-05	3.958511e-05	3.943511e-05	2.161501e-05	1.500011e-05	9.91797e-06	7.109123e-06	7.084514e-06	1.715898e-06	1.682305e-06	2.888676e-08	1.812438e-08	1.796091e-08	1.931889e-09	1.420861e-09	1.127377e-09	1.055686e-09	1.054157e-09
133	0.2319146	0.06273281	0.0549782	0.02819286	0.02759753	0.02758152	0.001523866	0.001124635	0.0001492133	7.117475e-05	7.010505e-05	3.861335e-05	3.754564e-05	3.752045e-05	2.004141e-05	1.997154e-05	7.895993e-06	3.577533e-06	3.330115e-07	2.002982e-07	1.86572e-07	4.986088e-08	4.879669e-08	5.913854e-09	5.296151e-09	5.260238e-09	1.19064e-09	8.033178e-10	6.580602e-10	6.253741e-10
134	0.3690296	0.1824061	0.04325565	0.03979344	0.02213126	0.02163375	0.02162078	0.0003541188	0.0001015629	6.526175e-05	1.517068e-05	1.462786e-05	1.416719e-05	1.331016e-05	1.328642e-05	1.299902e-05	1.295985e-05	6.035122e-06	2.630036e-06	2.099349e-07	1.194986e-07	1.05823e-07	2.743563e-08	2.684343e-08	3.31603e-09	2.879772e-09	2.870752e-09	9.461094e-10	5.869976e-10	4.884135e-10
135	0.1139383	0.06975167	0.05115347	0.01916742	0.01776349	0.005530008	0.005292805	0.005288881	0.0001843473	4.604862e-05	3.135585e-05	3.870303e-06	3.492066e-06	3.34998e-06	3.309211e-06	3.285566e-06	3.268935e-06	3.267023e-06	1.933997e-06	3.020669e-07	3.237708e-08	2.629118e-08	1.276877e-08	5.702699e-09	5.52807e-09	2.48664e-09	2.336801e-09	2.331038e-09	6.863056e-10	3.294403e-10
136	0.196687	0.03080173	0.00929262	0.008604603	0.001964527	0.001758025	0.001062222	0.001042597	0.001042039	5.919003e-05	6.413969e-06	4.495645e-06	1.39486e-06	1.252389e-06	1.188497e-06	1.163425e-06	1.141831e-06	1.129893e-06	1.128521e-06	4.258488e-07	1.935616e-07	2.709425e-08	2.189416e-08	8.168028e-09	3.383442e-09	3.308069e-09	1.3615e-09	1.326064e-09	1.322338e-09	2.556373e-10
137	0.51905	0.1916709	0.0250105	0.004597407	0.004433163	0.0009798417	0.0008703292	0.0005561028	0.000548105	0.0005479191	3.096334e-05	3.58205e-06	2.566782e-06	8.054465e-07	7.436488e-07	7.08173e-07	6.876817e-07	6.875536e-07	6.772973e-07	6.759418e-07	3.224212e-07	1.486234e-07	1.27539e-08	7.842385e-09	7.079586e-09	2.562596e-09	2.500641e-09	7.169589e-10	6.873044e-10	6.849055e-10
138	0.4881774	0.1785172	0.04228099	0.02338749	0.002962373	0.00282203	0.0005306499	0.0004588031	0.0003401743	0.0003331306	0.0003330163	2.550931e-05	1.898631e-06	1.311767e-06	3.249984e-07	2.681185e-07	2.393363e-07	2.325623e-07	2.324689e-07	2.307823e-07	2.307431e-07	1.023369e-07	1.703071e-08	2.491379e-09	2.237293e-09	1.484337e-09	1.241273e-09	1.204844e-09	6.488312e-10	6.276025e-10
139	0.2352086	0.201638	0.1295057	0.0223052	0.003808463	0.001060027	0.001000604	0.000190132	0.0001590078	0.0001256131	0.0001245721	0.0001245273	1.161537e-05	8.082627e-07	5.403535e-07	3.881171e-08	3.101285e-08	1.696091e-08	1.242327e-08	1.234459e-08	1.154923e-08	1.15274e-08	6.207668e-09	4.348481e-09	1.737428e-09	1.629605e-09	8.823588e-10	7.360504e-10	7.258228e-10	3.078406e-10
140	0.3650709	0.198158	0.1949053	0.131732	0.02253767	0.003638311	0.0008423719	0.0008248843	0.0001525262	0.0001279958	0.0001035789	0.0001027192	0.0001026903	1.012214e-05	5.898496e-07	3.933779e-07	3.252314e-08	2.621968e-08	1.339532e-08	9.048094e-09	9.02604e-09	8.297764e-09	8.279695e-09	4.692988e-09	3.119138e-09	9.491179e-10	8.417379e-10	8.35252e-10	6.952135e-10	6.861079e-10
141	0.1284644	0.09996444	0.0407678	0.03983031	0.02315964	0.02248513	0.003127677	0.0002826359	0.0002676233	5.320928e-05	4.457699e-05	3.338257e-05	3.307289e-05	3.306266e-05	3.179718e-06	3.405515e-07	2.392431e-07	1.190427e-08	9.866816e-09	5.461834e-09	4.714854e-09	4.70242e-09	4.46755e-09	4.462136e-09	2.412031e-09	1.490031e-09	2.473341e-10	1.979192e-10	1.948512e-10	1.506987e-10
142	0.299151	0.08365686	0.07166602	0.03554123	0.03490698	0.02251323	0.02208031	0.002818809	0.0001777545	0.0001676427	3.223029e-05	2.712689e-05	2.061136e-05	2.044788e-05	2.044231e-05	2.306236e-06	2.264758e-07	1.615197e-07	9.225017e-09	7.807251e-09	4.160495e-09	3.604969e-09	3.595156e-09	3.402375e-09	3.399141e-09	2.18402e-09	1.404319e-09	1.9713e-10	1.486926e-10	1.474897e-10
143	0.2717813	0.1038024	0.06596465	0.05804011	0.02562712	0.02530684	0.02208689	0.02180634	0.002782262	7.24891e-05	6.276383e-05	1.32927e-05	1.120131e-05	7.957013e-06	7.919537e-06	7.916045e-06	7.643585e-07	1.548869e-07	1.029005e-07	6.237137e-09	5.564179e-09	3.60199e-09	3.372562e-09	3.364885e-09	3.257123e-09	3.255383e-09	2.125636e-09	1.359525e-09	1.281039e-10	7.917964e-11
144	0.2544115	0.1537805	0.06407475	0.03551445	0.02813439	0.004483253	0.004193268	0.003107055	0.002883245	0.002837765	4.932205e-05	3.941667e-05	9.164167e-06	7.728266e-06	5.166374e-06	5.141898e-06	5.140188e-06	4.123038e-07	1.423526e-07	9.198336e-08	5.531495e-09	5.00661e-09	3.407241e-09	3.256674e-09	3.249135e-09	3.163807e-09	3.162404e-09	2.05264e-09	1.30522e-09	1.08217e-10
145	0.3867378	0.1517536	0.08622318	0.03148238	0.008188926	0.003666564	0.0009514602	0.0007920116	0.0001281101	5.161287e-05	2.852597e-05	2.76528e-05	1.770954e-05	4.124805e-06	3.404885e-06	2.309692e-06	2.298726e-06	2.298064e-06	2.988488e-07	1.182948e-07	7.594247e-08	2.31096e-09	1.892793e-09	3.589879e-10	3.122132e-10	3.060534e-10	2.964441e-10	2.959723e-10	1.039901e-10	5.486665e-11
146	0.3621854	0.3155304	0.1014869	0.06467069	0.01002449	0.004902647	0.001683889	0.0005381239	0.0005098166	8.633068e-05	3.129871e-05	9.086815e-06	8.446134e-06	8.346589e-06	2.079238e-06	1.725278e-06	1.113204e-06	1.109045e-06	1.108751e-06	2.395771e-07	1.087313e-07	6.976474e-08	1.984656e-09	1.661611e-09	1.272478e-10	9.215682e-11	9.195948e-11	8.682458e-11	8.658664e-11	2.71942e-11
147	0.4465778	0.3300519	0.2932077	0.09134404	0.06302518	0.006892089	0.002796862	0.001533595	0.0004647135	0.0004361516	8.449742e-05	3.035049e-05	7.699848e-06	7.111054e-06	7.012744e-06	1.731024e-06	1.469622e-06	8.881559e-07	8.842858e-07	8.840172e-07	1.345926e-07	7.372921e-08	7.103146e-08	2.009918e-09	1.682971e-09	1.149935e-10	8.191105e-11	8.171852e-11	7.775273e-11	7.7532e-11
148	0.8976774	0.4264228	0.3279018	0.2939846	0.09335354	0.06487806	0.006924982	0.002730234	0.001443054	0.0003635944	0.0003342507	4.853983e-05	3.026914e-05	7.103446e-06	6.506438e-06	6.406893e-06	1.643373e-06	1.396825e-06	8.158352e-07	8.12069e-07	8.117989e-07	1.246516e-07	7.418447e-08	7.148411e-08	5.05895e-10	1.714465e-10	1.155237e-10	8.319222e-11	8.299986e-11	7.962953e-11
149	0.444372	0.3407219	0.3186259	0.2512765	0.2379715	0.04033491	0.01240792	0.005606138	0.002102928	0.0008886432	0.0002660176	0.0002362967	2.147912e-05	7.770696e-06	6.186956e-06	5.688966e-06	5.588374e-06	1.397392e-06	1.167381e-06	6.723702e-07	6.687122e-07	6.684419e-07	5.08451e-08	1.152993e-08	8.967764e-09	4.675265e-10	1.244808e-10	8.185105e-11	7.424249e-11	7.405121e-11
150	0.4578653	0.4227449	0.3154235	0.2946724	0.2481081	0.2387387	0.0403867	0.01232024	0.005395926	0.002023658	0.0007958029	0.0001882414	0.0001590076	1.896523e-05	6.539989e-06	5.299678e-06	4.849345e-06	4.776103e-06	1.205383e-06	9.945993e-07	5.817354e-07	5.789904e-07	5.787251e-07	3.723639e-08	9.740272e-09	7.217235e-09	1.829819e-10	1.084889e-10	7.970073e-11	7.402939e-11
151	0.785403	0.2458875	0.2263028	0.1150124	0.0938843	0.05898656	0.05182971	0.0411987	0.01259086	0.005485769	0.002009093	0.0007533648	0.0001451529	0.000114923	1.75218e-05	5.973389e-06	4.877395e-06	4.429929e-06	4.357915e-06	1.102545e-06	8.999708e-07	5.368006e-07	5.344037e-07	5.341375e-07	2.968985e-08	8.849048e-09	6.309892e-09	1.679404e-10	9.848678e-11	7.975224e-11
152	0.6433928	0.642066	0.1778366	0.166315	0.05078121	0.03066891	0.02013693	0.01788808	0.01081737	0.005577547	0.005149568	0.001562481	0.0006567449	9.726404e-05	6.598208e-05	1.471437e-05	5.317981e-06	4.403388e-06	3.960315e-06	3.889834e-06	9.84572e-07	7.913112e-07	4.873012e-07	4.853074e-07	4.850402e-07	2.131636e-08	7.722788e-09	5.21133e-09	1.531246e-10	8.957757e-11
153	0.8463478	0.5044297	0.503244	0.05431984	0.04250591	0.04248814	0.02230581	0.01621551	0.01489874	0.01018086	0.005169994	0.004913241	0.001246259	0.0004954855	7.214007e-05	4.055766e-05	9.834107e-06	3.374443e-06	2.888615e-06	2.839339e-06	2.778268e-06	6.59483e-07	5.120772e-07	3.559926e-07	3.549792e-07	3.548549e-07	1.360737e-08	4.512098e-09	2.624589e-09	1.148182e-10
154	0.4970134	0.4895855	0.46904	0.4688919	0.03695125	0.02577734	0.0257696	0.0121734	0.009020183	0.008366244	0.005848945	0.001034747	0.0008916541	0.0008159382	0.0002719814	2.347166e-05	2.199983e-05	5.540546e-06	1.82409e-06	1.56756e-06	1.542154e-06	1.537223e-06	3.758292e-07	2.808549e-07	1.957039e-07	1.951676e-07	1.951005e-07	7.377092e-09	2.577162e-09	1.405194e-09
155	0.4619122	0.4561934	0.4530351	0.4473149	0.4472878	0.02723672	0.015701	0.01569855	0.002063799	0.001321885	0.001185895	0.0004299848	0.0002960196	0.0002386802	0.00021248	0.0001160436	5.603925e-06	4.947524e-06	1.982214e-06	6.411574e-07	5.370462e-07	5.277694e-07	5.259616e-07	1.222008e-07	9.977031e-08	6.85087e-08	6.831358e-08	6.828969e-08	2.238997e-09	8.13381e-10
156	0.04385881	0.03706983	0.03652056	0.03373542	0.0279171	0.02789691	0.02661367	0.01459278	0.0145914	0.0005103519	0.0001406999	0.0001263408	7.576679e-05	5.800807e-05	4.975039e-05	4.499764e-05	3.964583e-05	7.780441e-07	5.437725e-07	3.309097e-07	6.143806e-08	3.622377e-08	3.523149e-08	3.500787e-08	8.497822e-09	7.305254e-09	4.682595e-09	4.666508e-09	4.664639e-09	1.264567e-10
157	0.1181307	0.0362584	0.03175649	0.03143538	0.02854264	0.0279278	0.02790701	0.02711204	0.01519764	0.01519625	0.0004546796	8.700937e-05	7.818808e-05	6.145193e-05	4.883778e-05	4.230285e-05	3.847043e-05	3.7549e-05	5.659212e-07	3.449544e-07	2.616047e-07	3.442536e-08	1.210988e-08	1.152596e-08	1.140149e-08	3.054763e-09	2.89853e-09	1.617878e-09	1.610779e-09	1.609956e-09
158	0.9915262	0.09838902	0.034146	0.03022281	0.02994747	0.02977499	0.02913866	0.0291172	0.02843595	0.01592668	0.01592539	0.0004520458	6.851209e-05	6.005404e-05	4.88877e-05	3.678161e-05	3.031324e-05	2.761586e-05	2.691096e-05	4.310315e-07	2.733353e-07	1.984565e-07	3.032323e-08	7.755531e-09	7.193241e-09	7.080158e-09	1.983309e-09	1.884121e-09	9.756067e-10	9.700441e-10
159	0.6106263	0.6068702	0.06605583	0.02374433	0.02089527	0.02068089	0.02057278	0.02047965	0.02045842	0.01991482	0.01671968	0.01671853	0.0004425159	4.773709e-05	4.031487e-05	3.5027e-05	2.40851e-05	1.79859e-05	1.645227e-05	1.601163e-05	2.673243e-07	1.742765e-07	1.10776e-07	4.246442e-09	3.005703e-09	2.695525e-09	2.601994e-09	8.779853e-10	8.385683e-10	3.113413e-10
160	0.5835048	0.5676984	0.5661418	0.03538445	0.01986895	0.01808405	0.01796102	0.01793243	0.01792705	0.01790965	0.0175244	0.01752203	0.01752123	0.0004060875	2.117318e-05	1.695809e-05	1.481098e-05	6.981715e-06	2.416357e-06	2.259704e-06	2.142885e-06	8.442219e-08	7.346817e-08	2.728787e-08	9.689559e-10	6.553449e-10	5.71501e-10	5.078073e-10	1.397716e-10	1.276581e-10
161	0.03086633	0.01306324	0.01163729	0.01130738	0.005065941	0.000767424	0.000606799	0.0005266912	0.0005230196	0.0005223536	0.00051559	0.0003668797	0.0003665307	0.0003662212	0.0003407788	6.993255e-06	5.115927e-06	4.402936e-06	2.463295e-06	7.009733e-07	6.604607e-07	6.261101e-07	2.989396e-08	2.681708e-08	9.327503e-09	3.135751e-10	2.055949e-10	1.738318e-10	1.496483e-10	4.198088e-11
162	0.01086108	0.0029406	0.001069649	0.001034011	0.001001188	0.0005844601	7.88915e-05	5.288481e-05	2.696908e-05	2.672369e-05	2.665376e-05	2.580699e-05	7.114445e-06	7.071875e-06	7.033451e-06	3.904037e-06	1.271106e-06	5.930533e-07	5.030869e-07	2.677333e-07	5.089322e-08	4.60647e-08	4.178675e-08	3.404567e-09	3.171066e-09	9.593725e-10	3.549509e-11	2.419223e-11	2.029781e-11	1.731697e-11
163	0.02002444	0.00109066	0.0001462301	4.336095e-05	4.24399e-05	4.194232e-05	2.903155e-05	1.058327e-06	8.014595e-07	7.307917e-07	7.25106e-07	7.243099e-07	7.055798e-07	7.586239e-08	7.458161e-08	7.407507e-08	5.515147e-08	1.430245e-08	1.10894e-08	4.989476e-09	2.209349e-09	8.374955e-10	7.87764e-10	4.26431e-10	1.155957e-10	1.136958e-10	1.54656e-11	7.55769e-13	6.071429e-13	5.713339e-13
164	0.2721948	0.02095171	0.001091917	0.0001167776	1.943737e-05	1.860987e-05	1.819548e-05	7.32166e-06	8.515734e-07	6.613755e-07	5.92171e-07	5.900033e-07	5.894248e-07	5.767741e-07	5.840585e-08	5.737851e-08	5.704071e-08	4.477285e-08	9.503027e-09	6.817483e-09	3.671859e-09	1.588211e-09	7.066645e-10	6.704446e-10	3.072707e-10	9.832708e-11	9.706043e-11	1.057015e-11	5.803622e-13	4.799851e-13
165	0.146358	0.1462597	0.001498521	0.00013852	4.143238e-05	9.658426e-06	9.343041e-06	9.303287e-06	2.889232e-06	4.113558e-07	3.188171e-07	3.098655e-07	3.091832e-07	3.089259e-07	3.082915e-07	2.973682e-08	2.922266e-08	2.920447e-08	2.805035e-08	4.657042e-09	2.996513e-09	6.842463e-10	1.641554e-10	1.095559e-10	1.005897e-10	9.141246e-11	5.781066e-11	5.763939e-11	1.296657e-12	3.378415e-13
166	0.09199918	0.06575591	0.06575283	0.0004547765	7.298673e-05	2.185637e-05	3.992341e-06	3.827291e-06	3.81177e-06	1.393461e-06	8.90016e-08	3.922841e-08	3.424337e-08	3.405155e-08	3.392337e-08	3.36343e-08	2.395496e-08	2.342979e-08	2.342163e-08	2.268737e-08	2.517034e-09	1.577681e-09	2.74127e-10	6.214649e-11	3.691165e-11	3.287416e-11	2.852784e-11	2.041715e-11	2.038396e-11	5.607891e-13
167	0.0175023	0.01237168	0.009023738	0.009022468	6.378708e-05	1.031474e-05	2.987325e-06	5.376593e-07	5.136699e-07	5.118442e-07	2.008982e-07	2.617696e-08	1.958185e-08	1.858942e-08	1.856467e-08	1.854885e-08	1.852302e-08	1.745035e-08	1.744755e-08	1.744685e-08	1.741607e-08	3.335885e-10	2.045081e-10	3.259683e-11	6.941137e-12	4.662848e-12	4.135313e-12	3.363956e-12	2.534452e-12	2.531347e-12
168	0.9999997	0.01518401	0.00976782	0.007128067	0.007126753	5.085646e-05	8.233994e-06	2.344222e-06	4.129562e-07	3.935521e-07	3.922091e-07	1.545305e-07	2.566137e-08	2.054433e-08	1.96513e-08	1.963257e-08	1.962047e-08	1.960427e-08	1.885078e-08	1.884877e-08	1.884834e-08	1.882935e-08	2.578525e-10	1.559851e-10	2.409471e-11	4.98347e-12	3.564011e-12	3.153898e-12	2.482342e-12	1.902314e-12
169	0.1307202	0.1307202	0.006713081	0.006409059	0.004711133	0.004711036	3.167242e-05	4.918117e-06	1.4409e-06	2.347097e-07	2.236088e-07	2.228915e-07	8.386057e-08	4.300483e-09	1.157314e-09	8.539561e-10	8.441422e-10	8.366278e-10	8.324578e-10	4.775423e-10	4.76524e-10	4.764113e-10	4.698789e-10	1.642928e-10	9.644856e-11	1.338924e-11	2.429145e-12	1.929674e-12	1.662667e-12	1.411211e-12
170	0.060473	0.04660597	0.04660597	0.002777262	0.002667575	0.001993899	0.001993867	1.278607e-05	1.812206e-06	5.288694e-07	7.891e-08	7.474464e-08	7.450626e-08	2.727818e-08	1.352971e-09	3.811953e-10	2.820049e-10	2.787615e-10	2.763973e-10	2.750941e-10	1.470177e-10	1.466349e-10	1.465993e-10	1.442762e-10	4.934707e-11	3.124004e-11	4.448652e-12	8.652428e-13	6.760242e-13	5.598483e-13
171	0.9828026	0.05008915	0.0381949	0.0381949	0.002448268	0.002357388	0.001775632	0.001775607	1.114471e-05	1.512398e-06	4.380509e-07	6.180145e-08	5.829772e-08	5.811179e-08	2.074468e-08	1.036553e-09	2.992798e-10	2.207272e-10	2.1821e-10	2.164065e-10	2.154327e-10	1.103164e-10	1.09995e-10	1.099682e-10	1.08078e-10	3.739638e-11	2.388566e-11	3.469317e-12	7.050115e-13	5.453539e-13
172	0.1679854	0.1679748	0.02888746	0.02455998	0.02455998	0.002005166	0.001944729	0.001485468	0.001485453	8.953666e-06	1.105976e-06	3.167034e-07	3.919093e-08	3.661667e-08	3.650194e-08	1.231015e-08	6.133401e-10	1.884805e-10	1.389006e-10	1.37351e-10	1.362944e-10	1.357598e-10	6.129447e-11	6.105494e-11	6.103981e-11	5.972642e-11	2.151614e-11	1.413786e-11	2.151585e-12	4.864619e-13
173	0.01140527	0.008913945	0.008912958	0.00409954	0.003939591	0.003939591	0.0005107105	0.0005009283	0.0003936967	0.0003936952	2.21842e-06	2.305967e-07	6.312074e-08	4.220145e-09	3.689967e-09	3.678908e-09	9.260971e-10	4.539108e-11	2.200332e-11	1.620123e-11	1.607092e-11	1.600617e-11	1.599686e-11	1.773301e-12	1.724269e-12	1.723987e-12	1.540906e-12	1.167319e-12	1.041488e-12	2.109817e-13
174	0.002738495	0.0001789176	0.000144719	0.0001447011	8.956963e-05	8.298365e-05	8.298365e-05	9.621745e-06	9.41825e-06	7.085564e-06	7.085537e-06	4.113367e-08	5.0001e-09	1.353546e-09	7.110729e-11	5.965348e-11	5.945407e-11	1.836512e-11	9.250298e-13	4.7578e-13	3.54422e-13	3.519341e-13	3.508204e-13	3.507748e-13	2.908862e-14	2.81072e-14	2.810544e-14	2.483621e-14	2.239876e-14	2.072132e-14
175	1	0.002755524	0.0001913624	0.0001561186	0.0001560989	0.0001011212	9.291876e-05	9.291876e-05	1.066271e-05	1.043463e-05	7.823684e-06	7.823654e-06	4.554219e-08	5.620225e-09	1.518533e-09	7.603351e-11	6.316794e-11	6.294731e-11	2.055125e-11	1.037115e-12	5.343605e-13	3.982963e-13	3.964597e-13	3.952179e-13	3.951875e-13	3.225265e-14	3.116302e-14	3.11616e-14	2.75648e-14	2.506054e-14
176	0.9998595	0.9998595	0.002740148	0.000184292	0.000149416	0.0001493963	9.495538e-05	9.315945e-05	9.315945e-05	1.045799e-05	1.024193e-05	7.705475e-06	7.705445e-06	4.490753e-08	5.630228e-09	1.521212e-09	7.613659e-11	6.325653e-11	6.30359e-11	2.057081e-11	1.037735e-12	5.364378e-13	4.00328e-13	3.984895e-13	3.973557e-13	3.973255e-13	3.222434e-14	3.114224e-14	3.114083e-14	2.75905e-14
177	1	0.9998597	0.9998597	0.002739377	0.0001843079	0.0001497929	0.0001497732	9.553294e-05	9.373151e-05	9.373151e-05	1.01027e-05	9.886969e-06	7.317518e-06	7.317488e-06	4.292285e-08	5.628611e-09	1.520888e-09	7.627674e-11	6.339996e-11	6.31797e-11	2.054673e-11	1.041887e-12	5.410303e-13	4.049505e-13	4.031083e-13	4.019712e-13	4.019407e-13	3.210476e-14	3.102771e-14	3.102629e-14
