#unpaired probabilities
 #i$	l=1	2	3	4	5	6	7	8	9	10	11	12	13	14	15	16	17	18	19	20	21	22	23	24	25	26	27	28	29	
1	0.7148076	NA	NA	NA	NA	NA	NA	NA	NA	NA	NA	NA	NA	NA	NA	NA	NA	NA	NA	NA	NA	NA	NA	NA	NA	NA	NA	NA	NA
2	0.3300876	0.3297846	NA	NA	NA	NA	NA	NA	NA	NA	NA	NA	NA	NA	NA	NA	NA	NA	NA	NA	NA	NA	NA	NA	NA	NA	NA	NA	NA
3	0.3388233	0.3129056	0.3128525	NA	NA	NA	NA	NA	NA	NA	NA	NA	NA	NA	NA	NA	NA	NA	NA	NA	NA	NA	NA	NA	NA	NA	NA	NA	NA
4	0.7917634	0.3200556	0.30939	0.3093439	NA	NA	NA	NA	NA	NA	NA	NA	NA	NA	NA	NA	NA	NA	NA	NA	NA	NA	NA	NA	NA	NA	NA	NA	NA
5	0.9976079	0.7915929	0.3199516	0.3093227	0.3092767	NA	NA	NA	NA	NA	NA	NA	NA	NA	NA	NA	NA	NA	NA	NA	NA	NA	NA	NA	NA	NA	NA	NA	NA
6	0.8111081	0.8087658	0.7817823	0.3129491	0.3035676	0.3035223	NA	NA	NA	NA	NA	NA	NA	NA	NA	NA	NA	NA	NA	NA	NA	NA	NA	NA	NA	NA	NA	NA	NA
7	0.9111726	0.8081301	0.8057974	0.7796229	0.3123785	0.3031197	0.3031086	NA	NA	NA	NA	NA	NA	NA	NA	NA	NA	NA	NA	NA	NA	NA	NA	NA	NA	NA	NA	NA	NA
8	0.9080162	0.8224515	0.7211209	0.7187925	0.6930821	0.3099472	0.3024839	0.3024729	NA	NA	NA	NA	NA	NA	NA	NA	NA	NA	NA	NA	NA	NA	NA	NA	NA	NA	NA	NA	NA
9	0.558493	0.5500321	0.4644879	0.3631575	0.3608298	0.3351473	0.3070369	0.3023296	0.3023186	NA	NA	NA	NA	NA	NA	NA	NA	NA	NA	NA	NA	NA	NA	NA	NA	NA	NA	NA	NA
10	0.5852593	0.5062735	0.4987554	0.4137425	0.3124346	0.3102114	0.2845309	0.2742199	0.2738541	0.2738442	NA	NA	NA	NA	NA	NA	NA	NA	NA	NA	NA	NA	NA	NA	NA	NA	NA	NA	NA
11	0.3804658	0.347423	0.3182405	0.3126173	0.2281417	0.126976	0.1269737	0.1015683	0.1008534	0.100668	0.1006678	NA	NA	NA	NA	NA	NA	NA	NA	NA	NA	NA	NA	NA	NA	NA	NA	NA	NA
12	0.2603398	0.1266594	0.1104913	0.09589731	0.09480396	0.09444234	0.07497325	0.07497101	0.04992456	0.04942337	0.04924388	0.04924362	NA	NA	NA	NA	NA	NA	NA	NA	NA	NA	NA	NA	NA	NA	NA	NA	NA
13	0.4528077	0.2246192	0.09529161	0.07962781	0.0660601	0.06553155	0.06532841	0.06528095	0.06527887	0.04842258	0.04796113	0.04778424	0.04778398	NA	NA	NA	NA	NA	NA	NA	NA	NA	NA	NA	NA	NA	NA	NA	NA
14	0.09502307	0.07325235	0.01432281	0.006022149	0.00502143	0.004154282	0.004119571	0.004075896	0.004071215	0.004070622	0.003244894	0.003176724	0.0030474	0.003047208	NA	NA	NA	NA	NA	NA	NA	NA	NA	NA	NA	NA	NA	NA	NA
15	0.07759097	0.07483656	0.07004062	0.01372192	0.005720497	0.004756149	0.003920381	0.003886899	0.003843578	0.003838984	0.003838396	0.003012668	0.002973537	0.002936993	0.002936802	NA	NA	NA	NA	NA	NA	NA	NA	NA	NA	NA	NA	NA	NA
16	0.1818318	0.07738433	0.07476526	0.07001126	0.01370843	0.005714544	0.004751285	0.003916387	0.003882938	0.003839626	0.003835036	0.00383485	0.003009302	0.002970395	0.002934092	0.002934027	NA	NA	NA	NA	NA	NA	NA	NA	NA	NA	NA	NA	NA
17	0.9999322	0.1817907	0.07734472	0.07475065	0.07000573	0.01370302	0.005713448	0.004750281	0.003915462	0.003882016	0.003839342	0.003834752	0.003834567	0.003009018	0.002970114	0.002933812	0.002933747	NA	NA	NA	NA	NA	NA	NA	NA	NA	NA	NA	NA
18	0.9998736	0.9998058	0.1817345	0.0772937	0.07470828	0.06997004	0.01366753	0.00571021	0.004747379	0.003912853	0.003879418	0.003838307	0.003833718	0.003833533	0.003007984	0.002969085	0.002932784	0.002932718	NA	NA	NA	NA	NA	NA	NA	NA	NA	NA	NA
19	0.9999235	0.9997979	0.9997306	0.1816891	0.07725069	0.07468385	0.06994677	0.01364433	0.005697139	0.004734459	0.003900061	0.003866632	0.003837848	0.003833259	0.003833074	0.003007525	0.002968628	0.002932327	0.002932262	NA	NA	NA	NA	NA	NA	NA	NA	NA	NA
20	0.9424445	0.942368	0.9422424	0.9421752	0.1241406	0.01978846	0.01748888	0.0143424	0.01362313	0.005675941	0.004713268	0.003878874	0.003845447	0.003816663	0.003812074	0.003811889	0.00298634	0.00294945	0.002932327	0.002932262	NA	NA	NA	NA	NA	NA	NA	NA	NA
21	0.3176698	0.3154699	0.3153951	0.3152723	0.3152072	0.1240794	0.01972841	0.01744123	0.01429499	0.01357578	0.005656078	0.004693483	0.003859156	0.003825732	0.003816423	0.003811834	0.003811649	0.0029861	0.002949212	0.002932088	0.002932023	NA	NA	NA	NA	NA	NA	NA	NA
22	0.2271009	0.2258128	0.2237194	0.2236775	0.2235646	0.2235054	0.03345447	0.01863288	0.01652627	0.01338789	0.01267302	0.004796539	0.003841011	0.003013788	0.002982082	0.002972944	0.00297063	0.002970445	0.002970445	0.002933562	0.002916439	0.002916374	NA	NA	NA	NA	NA	NA	NA
23	0.2831223	0.2261184	0.2248442	0.2228262	0.2227843	0.2226717	0.2226126	0.03256184	0.01775723	0.01601423	0.01301956	0.01266155	0.00478507	0.003829545	0.003002325	0.00297062	0.002961482	0.002959168	0.002958983	0.002958983	0.002923566	0.002916439	0.002916374	NA	NA	NA	NA	NA	NA
24	0.9991741	0.2826515	0.2260738	0.2248024	0.2227858	0.222744	0.2226314	0.2225723	0.03256125	0.01775665	0.01601375	0.01301909	0.01266107	0.004784837	0.003829313	0.003002093	0.002970388	0.002961482	0.002959168	0.002958983	0.002958983	0.002923566	0.002916439	0.002916374	NA	NA	NA	NA	NA
25	0.5940983	0.5932958	0.2803732	0.2253447	0.2241012	0.2220886	0.222083	0.2220622	0.2220553	0.03204821	0.01724436	0.01555575	0.01301386	0.01265742	0.00478119	0.003825674	0.00299846	0.002966755	0.002957849	0.002955535	0.002955535	0.002955535	0.002923354	0.002916374	0.002916374	NA	NA	NA	NA
26	0.503139	0.4980695	0.4972943	0.2795177	0.2251566	0.2239149	0.2219079	0.2219024	0.2218818	0.2218749	0.03186789	0.01707445	0.01545671	0.01294661	0.01265454	0.004778307	0.003822794	0.002995581	0.002963877	0.002954972	0.002952658	0.002952658	0.002952658	0.00292104	0.002916374	0.002916374	NA	NA	NA
27	0.7102342	0.502912	0.4978942	0.4971194	0.2794701	0.2251442	0.2239026	0.2218961	0.2218906	0.22187	0.2218631	0.03186766	0.01707421	0.0154565	0.0129464	0.01265433	0.004778245	0.003822732	0.002995519	0.002963815	0.002954972	0.002952658	0.002952658	0.002952658	0.00292104	0.002916374	0.002916374	NA	NA
28	0.9562855	0.6761379	0.4695479	0.4646794	0.4642107	0.2603427	0.2223865	0.221265	0.2193042	0.2192995	0.2192796	0.2192728	0.02927744	0.01448734	0.01315219	0.01287238	0.01261832	0.004742246	0.003786734	0.002959522	0.002927818	0.002918975	0.002916661	0.002916661	0.002916661	0.002916612	0.002916374	0.002916374	NA
29	0.9586147	0.9558781	0.6757474	0.4691618	0.464297	0.4638295	0.2600161	0.2223791	0.221259	0.2192987	0.219294	0.2192741	0.2192673	0.02927194	0.01448262	0.01314808	0.01287036	0.01261804	0.004741959	0.003786447	0.002959234	0.002927531	0.002918688	0.002916374	0.002916374	0.002916374	0.002916374	0.002916374	0.002916374
