#unpaired probabilities
 #i$	l=1	2	3	4	5	6	7	8	9	10	11	12	13	14	15	16	17	18	19	20	21	22	23	
1	0.9999988	NA	NA	NA	NA	NA	NA	NA	NA	NA	NA	NA	NA	NA	NA	NA	NA	NA	NA	NA	NA	NA	NA
2	0.9960089	0.9960078	NA	NA	NA	NA	NA	NA	NA	NA	NA	NA	NA	NA	NA	NA	NA	NA	NA	NA	NA	NA	NA
3	0.9999999	0.9960088	0.9960078	NA	NA	NA	NA	NA	NA	NA	NA	NA	NA	NA	NA	NA	NA	NA	NA	NA	NA	NA	NA
4	0.02334774	0.02334773	0.02320923	0.02320815	NA	NA	NA	NA	NA	NA	NA	NA	NA	NA	NA	NA	NA	NA	NA	NA	NA	NA	NA
5	0.0228917	0.02125383	0.02125383	0.02116465	0.02116357	NA	NA	NA	NA	NA	NA	NA	NA	NA	NA	NA	NA	NA	NA	NA	NA	NA	NA
6	0.004577245	0.003090303	0.003056679	0.003056675	0.003054224	0.003054223	NA	NA	NA	NA	NA	NA	NA	NA	NA	NA	NA	NA	NA	NA	NA	NA	NA
7	7.643263e-05	1.340782e-05	9.920432e-06	9.724547e-06	9.720203e-06	9.602066e-06	9.601285e-06	NA	NA	NA	NA	NA	NA	NA	NA	NA	NA	NA	NA	NA	NA	NA	NA
8	0.0001249112	8.252433e-06	4.003798e-06	3.208387e-06	3.206026e-06	3.201682e-06	3.199947e-06	3.199165e-06	NA	NA	NA	NA	NA	NA	NA	NA	NA	NA	NA	NA	NA	NA	NA
9	0.01836504	9.565951e-05	7.064511e-06	2.924386e-06	2.385556e-06	2.384566e-06	2.383088e-06	2.382315e-06	2.381973e-06	NA	NA	NA	NA	NA	NA	NA	NA	NA	NA	NA	NA	NA	NA
10	0.1066957	0.01700694	9.251715e-05	4.997579e-06	1.651157e-06	1.439746e-06	1.438947e-06	1.43747e-06	1.436733e-06	1.436391e-06	NA	NA	NA	NA	NA	NA	NA	NA	NA	NA	NA	NA	NA
11	0.9777098	0.1066865	0.01699967	9.188572e-05	4.892597e-06	1.549194e-06	1.34488e-06	1.344375e-06	1.344375e-06	1.343943e-06	1.343943e-06	NA	NA	NA	NA	NA	NA	NA	NA	NA	NA	NA	NA
12	0.9999899	0.9777006	0.1066773	0.01699159	9.04917e-05	3.498763e-06	1.466106e-06	1.326765e-06	1.326262e-06	1.326262e-06	1.325832e-06	1.325832e-06	NA	NA	NA	NA	NA	NA	NA	NA	NA	NA	NA
13	0.9888322	0.9888239	0.9665362	0.09551309	0.005834578	8.918068e-05	2.188604e-06	1.587696e-07	1.011467e-07	1.007289e-07	1.007289e-07	1.003606e-07	1.003606e-07	NA	NA	NA	NA	NA	NA	NA	NA	NA	NA
14	0.1182712	0.1182631	0.1182612	0.09597359	0.09544014	0.005761624	1.622713e-05	2.18504e-06	1.552072e-07	9.760427e-08	9.73903e-08	9.73903e-08	9.719742e-08	9.719742e-08	NA	NA	NA	NA	NA	NA	NA	NA	NA
15	0.02988439	0.02853928	0.02853201	0.02853017	0.006253693	0.00572024	0.005698821	1.447796e-05	4.358697e-07	1.500009e-07	9.291233e-08	9.26984e-08	9.26984e-08	9.250556e-08	9.250556e-08	NA	NA	NA	NA	NA	NA	NA	NA
16	0.0006589833	0.0005723031	0.0005639409	0.0005629393	0.0005611014	0.0005609188	2.746502e-05	1.470443e-05	1.444192e-05	3.998337e-07	1.142684e-07	9.268613e-08	9.24722e-08	9.24722e-08	9.227937e-08	9.227937e-08	NA	NA	NA	NA	NA	NA	NA
17	0.0001084236	2.276528e-05	2.070041e-05	1.363818e-05	1.36286e-05	1.360949e-05	1.342694e-05	1.34236e-05	6.630171e-07	4.005063e-07	3.996113e-07	1.14046e-07	9.246376e-08	9.237092e-08	9.237092e-08	9.227937e-08	9.227937e-08	NA	NA	NA	NA	NA	NA
18	0.01265765	3.261949e-05	6.098834e-06	4.756074e-06	5.864602e-07	5.802894e-07	5.615328e-07	3.819851e-07	3.786666e-07	3.739341e-07	1.137673e-07	1.128723e-07	1.127782e-07	9.149236e-08	9.139951e-08	9.139951e-08	9.130796e-08	9.130796e-08	NA	NA	NA	NA	NA
19	0.01129617	0.01114971	2.597162e-05	2.120699e-06	1.707323e-06	1.463308e-07	1.40703e-07	1.220659e-07	1.007234e-07	9.740913e-08	9.287694e-08	9.243753e-08	9.154252e-08	9.147766e-08	9.147766e-08	9.138481e-08	9.138481e-08	9.129327e-08	9.129327e-08	NA	NA	NA	NA
20	0.01147991	0.009441824	0.009316123	2.494724e-05	1.994501e-06	1.683224e-06	1.280233e-07	1.24117e-07	1.19563e-07	9.823101e-08	9.63504e-08	9.181902e-08	9.137963e-08	9.137195e-08	9.130709e-08	9.130709e-08	9.129962e-08	9.129962e-08	9.129327e-08	9.129327e-08	NA	NA	NA
21	0.9802694	0.01147952	0.009441816	0.009316115	2.494719e-05	1.994468e-06	1.683191e-06	1.280018e-07	1.240955e-07	1.195414e-07	9.821798e-08	9.633737e-08	9.1814e-08	9.137461e-08	9.136693e-08	9.130709e-08	9.130709e-08	9.129962e-08	9.129962e-08	9.129327e-08	9.129327e-08	NA	NA
22	0.9999741	0.9802435	0.01147944	0.009441812	0.009316112	2.494605e-05	1.993325e-06	1.682048e-06	1.268638e-07	1.229575e-07	1.184034e-07	9.816761e-08	9.6287e-08	9.17927e-08	9.135331e-08	9.134563e-08	9.130709e-08	9.130709e-08	9.129962e-08	9.129962e-08	9.129327e-08	9.129327e-08	NA
23	0.9961621	0.9961387	0.9780775	0.01136808	0.009341533	0.009315028	2.492761e-05	1.983657e-06	1.681767e-06	1.266211e-07	1.227385e-07	1.183697e-07	9.813469e-08	9.626542e-08	9.177119e-08	9.13318e-08	9.13318e-08	9.129327e-08	9.129327e-08	9.129327e-08	9.129327e-08	9.129327e-08	9.129327e-08
