#unpaired probabilities
 #i$	l=1	2	3	4	5	6	7	8	9	10	11	12	13	14	15	16	17	18	19	20	21	22	23	24	25	26	27	28	29	30	
1	0.3479546	NA	NA	NA	NA	NA	NA	NA	NA	NA	NA	NA	NA	NA	NA	NA	NA	NA	NA	NA	NA	NA	NA	NA	NA	NA	NA	NA	NA	NA
2	0.339175	0.3364416	NA	NA	NA	NA	NA	NA	NA	NA	NA	NA	NA	NA	NA	NA	NA	NA	NA	NA	NA	NA	NA	NA	NA	NA	NA	NA	NA	NA
3	0.3183737	0.3171264	0.3161254	NA	NA	NA	NA	NA	NA	NA	NA	NA	NA	NA	NA	NA	NA	NA	NA	NA	NA	NA	NA	NA	NA	NA	NA	NA	NA	NA
4	0.9790816	0.3148331	0.3136361	0.3126391	NA	NA	NA	NA	NA	NA	NA	NA	NA	NA	NA	NA	NA	NA	NA	NA	NA	NA	NA	NA	NA	NA	NA	NA	NA	NA
5	0.2329544	0.2155066	0.1944593	0.1934426	0.1926328	NA	NA	NA	NA	NA	NA	NA	NA	NA	NA	NA	NA	NA	NA	NA	NA	NA	NA	NA	NA	NA	NA	NA	NA	NA
6	0.2021012	0.1983391	0.1833333	0.1704256	0.1694168	0.1686073	NA	NA	NA	NA	NA	NA	NA	NA	NA	NA	NA	NA	NA	NA	NA	NA	NA	NA	NA	NA	NA	NA	NA	NA
7	0.1961065	0.1934109	0.1924721	0.1775642	0.1648007	0.1637924	0.1629829	NA	NA	NA	NA	NA	NA	NA	NA	NA	NA	NA	NA	NA	NA	NA	NA	NA	NA	NA	NA	NA	NA	NA
8	0.1824912	0.1821863	0.1820928	0.1812453	0.1663447	0.1630461	0.1626466	0.1621777	NA	NA	NA	NA	NA	NA	NA	NA	NA	NA	NA	NA	NA	NA	NA	NA	NA	NA	NA	NA	NA	NA
9	0.2066382	0.1702	0.1699166	0.1698411	0.1690163	0.1663343	0.1630358	0.1626362	0.1621673	NA	NA	NA	NA	NA	NA	NA	NA	NA	NA	NA	NA	NA	NA	NA	NA	NA	NA	NA	NA	NA
10	0.9767522	0.1955475	0.1649374	0.1646604	0.1645909	0.1637684	0.1610866	0.1610684	0.1610667	0.1610658	NA	NA	NA	NA	NA	NA	NA	NA	NA	NA	NA	NA	NA	NA	NA	NA	NA	NA	NA	NA
11	0.9981334	0.9760683	0.1955269	0.1649199	0.1646429	0.1645737	0.1637511	0.1610693	0.1610511	0.1610494	0.1610486	NA	NA	NA	NA	NA	NA	NA	NA	NA	NA	NA	NA	NA	NA	NA	NA	NA	NA	NA
12	0.8851075	0.884882	0.875663	0.09529538	0.06751351	0.06723648	0.06717085	0.06705384	0.06701066	0.06699245	0.06699077	0.0669899	NA	NA	NA	NA	NA	NA	NA	NA	NA	NA	NA	NA	NA	NA	NA	NA	NA	NA
13	0.888369	0.8838042	0.8836742	0.8745837	0.0944156	0.06665885	0.06638182	0.06631623	0.06620024	0.06615707	0.06613886	0.06613718	0.06613631	NA	NA	NA	NA	NA	NA	NA	NA	NA	NA	NA	NA	NA	NA	NA	NA	NA
14	0.03503158	0.03337578	0.03197084	0.03188345	0.0311811	0.03117414	0.005169121	0.004892093	0.004826747	0.004768088	0.004724911	0.004722843	0.004722832	0.004722828	NA	NA	NA	NA	NA	NA	NA	NA	NA	NA	NA	NA	NA	NA	NA	NA
15	0.1181408	0.008636591	0.00714317	0.005787973	0.005712677	0.00508399	0.00507829	0.004921175	0.004644147	0.004578801	0.004567827	0.00456597	0.004563904	0.004563892	0.004563889	NA	NA	NA	NA	NA	NA	NA	NA	NA	NA	NA	NA	NA	NA	NA
16	0.1949305	0.1177049	0.008271406	0.006791453	0.005437732	0.005369919	0.004742763	0.004737068	0.004590777	0.004587687	0.004574884	0.004565028	0.004563443	0.004561376	0.004561364	0.004561361	NA	NA	NA	NA	NA	NA	NA	NA	NA	NA	NA	NA	NA	NA
17	0.2002602	0.1931659	0.1169249	0.008210201	0.006740174	0.005387452	0.005325189	0.004700603	0.004694917	0.004564405	0.004564033	0.004563657	0.004558362	0.004557011	0.004554944	0.004554932	0.004554929	NA	NA	NA	NA	NA	NA	NA	NA	NA	NA	NA	NA	NA
18	0.05088158	0.02951965	0.02628323	0.01968342	0.003996578	0.00389402	0.002737496	0.002734423	0.002414787	0.002411789	0.002345012	0.002345012	0.002345011	0.002342825	0.002342825	0.002340758	0.002340747	0.002340744	NA	NA	NA	NA	NA	NA	NA	NA	NA	NA	NA	NA
19	0.6509382	0.009241295	0.001100739	0.000875303	9.765529e-05	2.084884e-05	2.020671e-05	1.472872e-05	1.400645e-05	1.244656e-05	1.233138e-05	1.20238e-05	1.202365e-05	1.202334e-05	1.201243e-05	1.201236e-05	1.04837e-05	1.048227e-05	1.048223e-05	NA	NA	NA	NA	NA	NA	NA	NA	NA	NA	NA
20	0.001938371	0.00185352	0.000791661	0.0007110827	0.0006423332	4.423857e-06	3.805544e-06	3.745559e-06	1.330386e-06	6.247915e-07	4.979362e-07	3.974622e-07	3.898327e-07	3.896807e-07	3.894417e-07	3.88365e-07	3.883318e-07	7.040906e-08	6.977223e-08	6.976583e-08	NA	NA	NA	NA	NA	NA	NA	NA	NA	NA
21	0.001297473	0.0007030828	0.0006869862	0.0006738961	0.000671546	0.0006354642	3.645436e-06	3.264375e-06	3.207003e-06	9.415793e-07	2.367761e-07	1.184002e-07	1.869413e-08	1.285204e-08	1.270252e-08	1.247929e-08	1.152504e-08	1.149581e-08	8.647768e-09	8.513215e-09	8.510006e-09	NA	NA	NA	NA	NA	NA	NA	NA	NA
22	0.01006798	0.0007432028	0.0006580003	0.000642521	0.0006338971	0.0006328046	0.0006321456	3.558188e-06	3.181743e-06	3.124511e-06	9.346209e-07	2.299251e-07	1.119645e-07	1.268747e-08	6.960399e-09	6.811775e-09	6.631722e-09	5.705564e-09	5.67743e-09	5.66157e-09	5.659374e-09	5.658518e-09	NA	NA	NA	NA	NA	NA	NA	NA
23	0.6137207	0.008695746	0.0007036401	0.0006438627	0.000628536	0.0006276784	0.0006275237	0.0006273658	1.368445e-06	9.923314e-07	9.351355e-07	9.338995e-07	2.29365e-07	1.114495e-07	1.233355e-08	6.616251e-09	6.467786e-09	6.294824e-09	5.371272e-09	5.344072e-09	5.339602e-09	5.338606e-09	5.338274e-09	NA	NA	NA	NA	NA	NA	NA
24	0.6203174	0.6133249	0.008679544	0.0006940757	0.0006359211	0.0006284779	0.0006276206	0.0006274659	0.0006273083	1.31094e-06	9.400653e-07	9.306693e-07	9.294337e-07	2.287989e-07	1.112494e-07	1.213396e-08	6.533287e-09	6.422153e-09	6.290559e-09	5.367927e-09	5.341067e-09	5.336597e-09	5.335602e-09	5.335269e-09	NA	NA	NA	NA	NA	NA
25	0.6687677	0.6193967	0.6129433	0.008661552	0.000686626	0.0006332661	0.0006277662	0.0006269098	0.0006267554	0.0006265978	6.005009e-07	2.39634e-07	2.314563e-07	2.30221e-07	2.282963e-07	1.110988e-07	1.198373e-08	6.460677e-09	6.409898e-09	6.280915e-09	5.364592e-09	5.337893e-09	5.333424e-09	5.332429e-09	5.332096e-09	NA	NA	NA	NA	NA
26	0.9608506	0.6300438	0.580925	0.574613	0.008155968	0.0006810942	0.0006313804	0.0006276236	0.000626785	0.0006266324	0.0006264753	4.780391e-07	1.173064e-07	1.134686e-07	1.1225e-07	1.116706e-07	1.106963e-07	1.158182e-08	6.106379e-09	6.061706e-09	5.944332e-09	5.02857e-09	5.004007e-09	4.999538e-09	4.998543e-09	4.99821e-09	NA	NA	NA	NA
27	0.5009776	0.5007543	0.4905734	0.4673892	0.4637045	0.006098458	5.817235e-05	1.701752e-05	1.330354e-05	1.309473e-05	1.306479e-05	1.297631e-05	3.776662e-07	1.719506e-08	1.336207e-08	1.269079e-08	1.211748e-08	1.127473e-08	1.053194e-08	5.084567e-09	5.040054e-09	4.980517e-09	4.066771e-09	4.042272e-09	4.038696e-09	4.037989e-09	4.037806e-09	NA	NA	NA
28	0.492225	0.48847	0.4882607	0.4805495	0.4575005	0.455631	0.005962505	4.788293e-05	1.308887e-05	1.294076e-05	1.273572e-05	1.270714e-05	1.26188e-05	2.023422e-08	1.1585e-08	7.752688e-09	7.085085e-09	6.511813e-09	5.793165e-09	5.053652e-09	4.909785e-09	4.865273e-09	4.80615e-09	3.989185e-09	3.973632e-09	3.970057e-09	3.96935e-09	3.969167e-09	NA	NA
29	0.5947943	0.3988931	0.3953928	0.3951837	0.3876246	0.3646863	0.3631798	0.004755141	4.074008e-05	1.300991e-05	1.288883e-05	1.272514e-05	1.270083e-05	1.261359e-05	1.516833e-08	6.600686e-09	6.509602e-09	5.882156e-09	5.311284e-09	4.8674e-09	4.128887e-09	4.020097e-09	4.019957e-09	3.999067e-09	3.182984e-09	3.168163e-09	3.164588e-09	3.16388e-09	3.163697e-09	NA
30	0.5847949	0.2737101	0.1631312	0.1612371	0.1610944	0.1549792	0.154244	0.1533843	0.002002991	1.204519e-05	2.568421e-07	1.83226e-07	1.135982e-07	9.934314e-08	1.539704e-08	1.230083e-08	3.759211e-09	3.668363e-09	3.584941e-09	3.014077e-09	2.81948e-09	2.246816e-09	2.190157e-09	2.190017e-09	2.169179e-09	1.354802e-09	1.339982e-09	1.336697e-09	1.33607e-09	1.335929e-09
31	0.6086619	0.581132	0.2702354	0.1614634	0.1600189	0.1598766	0.1537626	0.153078	0.1525308	0.001992181	1.179611e-05	2.007232e-07	1.658728e-07	9.679063e-08	8.950226e-08	5.944709e-09	2.959117e-09	2.914444e-09	2.823886e-09	2.741223e-09	2.170362e-09	1.985006e-09	1.412354e-09	1.364677e-09	1.364538e-09	1.3437e-09	1.340463e-09	1.332989e-09	1.329704e-09	1.329078e-09
32	0.9726533	0.5849926	0.5716334	0.2607396	0.1604117	0.1590752	0.1589332	0.1528197	0.1521662	0.1516763	0.001981022	1.172867e-05	1.983262e-07	1.639013e-07	9.60393e-08	8.880903e-08	5.263691e-09	2.279778e-09	2.235542e-09	2.235059e-09	2.152798e-09	2.151518e-09	1.969639e-09	1.396996e-09	1.34969e-09	1.34964e-09	1.328856e-09	1.325696e-09	1.325546e-09	1.322261e-09
33	0.2673872	0.2642284	0.2364384	0.2316001	0.231185	0.1554079	0.1541405	0.1541061	0.1496455	0.14929	0.1488135	0.001943345	1.142166e-05	1.138093e-07	8.005572e-08	1.368684e-08	6.803181e-09	5.162609e-09	2.228544e-09	2.186214e-09	2.185749e-09	2.117707e-09	2.11643e-09	1.93799e-09	1.367305e-09	1.32073e-09	1.32068e-09	1.299896e-09	1.296759e-09	1.29661e-09
34	0.03989465	0.02790391	0.02774686	0.02180021	0.01752844	0.0175199	0.01465982	0.01339395	0.01338064	0.008925985	0.00869295	0.008622765	0.0001126462	6.621424e-07	6.547955e-09	4.568467e-09	7.189768e-10	3.105171e-10	1.761957e-10	1.57269e-10	1.307685e-10	1.304466e-10	1.247992e-10	1.235226e-10	1.116667e-10	1.098416e-10	9.810214e-11	9.805155e-11	7.726806e-11	7.527112e-11
35	0.3003205	0.03531964	0.02491946	0.0247731	0.0189296	0.01679872	0.01679056	0.01394142	0.01288468	0.01287137	0.008416717	0.008184487	0.008122206	0.0001061075	6.236367e-07	6.136783e-09	4.287488e-09	6.625389e-10	2.77968e-10	1.490963e-10	1.309175e-10	1.153817e-10	1.150612e-10	1.096316e-10	1.08355e-10	9.86152e-11	9.679566e-11	9.352889e-11	9.34783e-11	7.269482e-11
36	0.9943724	0.2961155	0.03506724	0.02469445	0.02455022	0.01872366	0.0166195	0.01661143	0.01376283	0.01280108	0.01278777	0.00833312	0.008100914	0.008039496	0.0001050273	6.172141e-07	6.009588e-09	4.180415e-09	5.925897e-10	2.128451e-10	1.259697e-10	1.086806e-10	9.316566e-11	9.295733e-11	8.756646e-11	8.662362e-11	7.699006e-11	7.51714e-11	7.192789e-11	7.192204e-11
37	0.9164142	0.9115251	0.2167139	0.0327775	0.02286721	0.02272909	0.01734285	0.01531016	0.01530236	0.01246874	0.01243519	0.01242189	0.007967239	0.007735217	0.007684785	0.0001003958	5.899425e-07	5.724239e-09	3.978976e-09	5.506817e-10	1.954669e-10	1.128477e-10	9.611983e-11	8.639366e-11	8.618595e-11	8.09492e-11	8.000644e-11	7.084147e-11	6.902654e-11	6.708838e-11
38	0.9638147	0.8809768	0.876169	0.1817744	0.03257513	0.02272561	0.02258804	0.01728952	0.01526382	0.01525604	0.01242543	0.01240319	0.01238989	0.007935239	0.00770332	0.007653274	9.998439e-05	5.875224e-07	5.698478e-09	3.960623e-09	5.473545e-10	1.936235e-10	1.113506e-10	9.467476e-11	8.495808e-11	8.49114e-11	7.968837e-11	7.965803e-11	7.053866e-11	6.872407e-11
39	0.3400272	0.3395809	0.2886657	0.286125	0.1257926	0.005483731	0.003938791	0.003908763	0.00250444	0.002407283	0.002404772	0.001536577	0.001531947	0.001528392	0.001527897	0.001364586	0.0013356	1.748453e-05	1.027703e-07	1.001452e-09	6.948029e-10	9.924351e-11	3.745202e-11	2.306181e-11	1.908667e-11	1.790014e-11	1.788678e-11	1.543559e-11	1.540566e-11	1.37997e-11
40	0.3981135	0.3022802	0.3019225	0.2514741	0.2492676	0.1144106	0.00517592	0.003695534	0.003671464	0.002287316	0.00219647	0.002195227	0.001336168	0.001331696	0.00133165	0.001331555	0.001316091	0.001287303	1.685383e-05	9.906114e-08	9.637013e-10	6.680882e-10	9.4129e-11	3.457299e-11	2.070732e-11	1.682008e-11	1.565559e-11	1.564243e-11	1.32122e-11	1.318227e-11
41	0.3961686	0.3944699	0.2993404	0.2989888	0.2485468	0.2463415	0.112944	0.004802476	0.003662662	0.003638787	0.00225701	0.002169291	0.002168057	0.001309704	0.001306521	0.001306476	0.001306381	0.00129094	0.00127512	1.669866e-05	9.813792e-08	9.521898e-10	6.615997e-10	9.302877e-11	3.408779e-11	2.035658e-11	1.648835e-11	1.547877e-11	1.546563e-11	1.304053e-11
42	0.655274	0.3960126	0.3943579	0.2992308	0.2988793	0.2484377	0.2462324	0.1128531	0.004792093	0.003661736	0.003637867	0.002256173	0.002168606	0.002167372	0.001309032	0.001305886	0.001305841	0.001305746	0.001290306	0.001274655	1.669415e-05	9.811179e-08	9.517856e-10	6.612858e-10	9.286947e-11	3.399114e-11	2.029901e-11	1.643211e-11	1.54256e-11	1.541402e-11
43	0.5898248	0.5876157	0.3294258	0.3279492	0.2363548	0.2360039	0.1855639	0.1833591	0.050102	0.004752807	0.003650998	0.003627229	0.00224577	0.002158733	0.002157502	0.001299169	0.001296212	0.001296167	0.001296072	0.001280632	0.001272762	1.662085e-05	9.790625e-08	9.501593e-10	6.602669e-10	9.271496e-11	3.392713e-11	2.025479e-11	1.63905e-11	1.53973e-11
44	0.517845	0.5137771	0.5116414	0.2537146	0.2524152	0.2062208	0.2058704	0.1554314	0.1532267	0.01999961	0.004445536	0.003639013	0.003615319	0.002234433	0.002152071	0.002150843	0.001292527	0.001289844	0.001289798	0.001289703	0.001274264	0.001268175	1.656081e-05	9.735432e-08	9.461724e-10	6.575875e-10	9.207007e-11	3.349948e-11	1.98765e-11	1.601882e-11
45	0.5751699	0.4661997	0.4624658	0.4609228	0.2057848	0.204513	0.2036829	0.2033418	0.1529351	0.1507393	0.0190932	0.003669563	0.003247714	0.003229432	0.001889989	0.00181627	0.001815278	0.0009581719	0.0009564437	0.0009563986	0.0009563036	0.0009408638	0.0009361994	1.222578e-05	7.188282e-08	6.992588e-10	4.865479e-10	6.906686e-11	2.582645e-11	1.576891e-11
46	0.2063055	0.04778014	0.03707033	0.03513338	0.03417894	0.02668086	0.02543827	0.02463537	0.02461025	0.0245158	0.02449184	0.0187365	0.00331434	0.002894176	0.002879613	0.001824707	0.001751047	0.001750375	0.0009113178	0.0009095897	0.0009095706	0.0009095073	0.0008940992	0.0008895699	1.161687e-05	6.830322e-08	6.627491e-10	4.605833e-10	6.390307e-11	2.28237e-11
47	0.6007163	0.2048612	0.04637254	0.03571648	0.0337832	0.03282979	0.02533337	0.02525753	0.02451908	0.02449396	0.02439953	0.02437557	0.018621	0.003305175	0.002893535	0.002878975	0.001824086	0.001750861	0.001750188	0.0009111316	0.0009094309	0.0009094118	0.0009093485	0.0008939403	0.0008894318	1.161482e-05	6.829198e-08	6.626052e-10	4.605088e-10	6.388852e-11
48	0.4554159	0.3824273	0.1774045	0.02223228	0.01865201	0.01829081	0.0173492	0.009865171	0.00979143	0.009272111	0.009247071	0.009152781	0.009128843	0.003383314	0.003230709	0.002883063	0.002868514	0.001813714	0.001748162	0.001747489	0.0009084357	0.0009072422	0.0009072232	0.0009071599	0.0008917517	0.0008887181	1.160519e-05	6.819044e-08	6.619616e-10	4.601438e-10
49	0.6397081	0.3337677	0.2628054	0.1595957	0.02074549	0.018068	0.01772647	0.01679661	0.009320024	0.009246511	0.008776334	0.008751363	0.008657169	0.008633237	0.002889308	0.002859837	0.002819256	0.002804711	0.00174994	0.001747205	0.001746533	0.0009074803	0.0009068779	0.0009068589	0.0009067956	0.0008913874	0.0008884879	1.16022e-05	6.817093e-08	6.611373e-10
50	0.8706101	0.6375504	0.3320392	0.261162	0.1594752	0.02073287	0.01806097	0.01771953	0.01678975	0.00931324	0.009241312	0.008772629	0.008747659	0.008653466	0.008629534	0.002885646	0.002856608	0.002818244	0.002803699	0.001748928	0.001747155	0.001746483	0.0009074299	0.0009068654	0.0009068463	0.000906783	0.0008913749	0.0008884877	1.16022e-05	6.81709e-08
51	0.214853	0.2133394	0.210871	0.1691308	0.1668494	0.1468258	0.01530502	0.01449063	0.0142008	0.01335081	0.005982593	0.005912678	0.005451961	0.005427488	0.005340452	0.005316665	0.001089893	0.001061129	0.001023158	0.001008668	0.000897665	0.0008958984	0.0008952637	0.0008919516	0.0008913871	0.0008913811	0.0008913777	0.0008913749	0.0008884877	1.16022e-05
52	0.3250426	0.2108332	0.209349	0.2079694	0.1672647	0.1650676	0.146788	0.0152764	0.01446565	0.01417595	0.01332682	0.005959061	0.005889228	0.005442685	0.005418214	0.00533118	0.005307394	0.001081546	0.001053627	0.001021621	0.001007131	0.0008961284	0.0008949977	0.000894363	0.0008910509	0.0008910494	0.0008910434	0.00089104	0.0008910372	0.0008884632
53	0.8590921	0.3243416	0.21048	0.2089995	0.2076848	0.1672028	0.1650214	0.1467444	0.01525003	0.01445814	0.01417152	0.0133226	0.005957757	0.005887925	0.005441383	0.005416975	0.005330776	0.005307028	0.001081364	0.001053445	0.001021439	0.001006956	0.00089604	0.0008949093	0.0008942793	0.0008910401	0.0008910386	0.0008910372	0.0008910372	0.0008910372
