#unpaired probabilities
 #i$	l=1	2	3	4	5	6	7	8	9	10	11	12	13	14	15	16	17	18	19	20	21	22	23	24	25	26	27	28	29	30	
1	0.739084	NA	NA	NA	NA	NA	NA	NA	NA	NA	NA	NA	NA	NA	NA	NA	NA	NA	NA	NA	NA	NA	NA	NA	NA	NA	NA	NA	NA	NA
2	0.7471375	0.6426497	NA	NA	NA	NA	NA	NA	NA	NA	NA	NA	NA	NA	NA	NA	NA	NA	NA	NA	NA	NA	NA	NA	NA	NA	NA	NA	NA	NA
3	0.8468896	0.7099301	0.6078959	NA	NA	NA	NA	NA	NA	NA	NA	NA	NA	NA	NA	NA	NA	NA	NA	NA	NA	NA	NA	NA	NA	NA	NA	NA	NA	NA
4	0.9381628	0.7970115	0.6909641	0.5903306	NA	NA	NA	NA	NA	NA	NA	NA	NA	NA	NA	NA	NA	NA	NA	NA	NA	NA	NA	NA	NA	NA	NA	NA	NA	NA
5	0.9531201	0.9255984	0.7849114	0.6813274	0.5822722	NA	NA	NA	NA	NA	NA	NA	NA	NA	NA	NA	NA	NA	NA	NA	NA	NA	NA	NA	NA	NA	NA	NA	NA	NA
6	0.979411	0.9484046	0.9211431	0.780751	0.6777774	0.5796449	NA	NA	NA	NA	NA	NA	NA	NA	NA	NA	NA	NA	NA	NA	NA	NA	NA	NA	NA	NA	NA	NA	NA	NA
7	0.1957005	0.1946926	0.1932944	0.1919598	0.1478616	0.128492	0.1049965	NA	NA	NA	NA	NA	NA	NA	NA	NA	NA	NA	NA	NA	NA	NA	NA	NA	NA	NA	NA	NA	NA	NA
8	0.1025216	0.07243296	0.0742304	0.07639043	0.07996009	0.0437099	0.03591857	0.02461935	NA	NA	NA	NA	NA	NA	NA	NA	NA	NA	NA	NA	NA	NA	NA	NA	NA	NA	NA	NA	NA	NA
9	0.1813862	0.08321807	0.05193827	0.05066224	0.04851832	0.04561739	0.04180293	0.03399937	0.02242994	NA	NA	NA	NA	NA	NA	NA	NA	NA	NA	NA	NA	NA	NA	NA	NA	NA	NA	NA	NA	NA
10	0.01649599	0.01106879	0.005058609	0.003178837	0.003108646	0.002968066	0.002831825	0.002607277	0.002285601	0.001818659	NA	NA	NA	NA	NA	NA	NA	NA	NA	NA	NA	NA	NA	NA	NA	NA	NA	NA	NA	NA
11	0.0881294	0.01336167	0.008962017	0.004086451	0.002559752	0.002498796	0.002371832	0.002251123	0.002077263	0.001797454	0.001366039	NA	NA	NA	NA	NA	NA	NA	NA	NA	NA	NA	NA	NA	NA	NA	NA	NA	NA	NA
12	0.230655	0.009991325	0.001538538	0.001031902	0.0004650244	0.0002909648	0.0002818052	0.000270361	0.0002561173	0.0002352199	0.000198965	0.0001423182	NA	NA	NA	NA	NA	NA	NA	NA	NA	NA	NA	NA	NA	NA	NA	NA	NA	NA
13	0.1341732	0.07659211	0.007327094	0.001114656	0.0007564459	0.0003446509	0.0002151982	0.0002081199	0.0001993244	0.0001881623	0.0001715483	0.0001437525	9.703939e-05	NA	NA	NA	NA	NA	NA	NA	NA	NA	NA	NA	NA	NA	NA	NA	NA	NA
14	0.146325	0.05779731	0.04921394	0.001366055	0.0002058285	0.0001396309	6.406201e-05	4.044511e-05	3.965308e-05	3.775273e-05	3.60444e-05	3.370795e-05	2.914949e-05	2.363636e-05	NA	NA	NA	NA	NA	NA	NA	NA	NA	NA	NA	NA	NA	NA	NA	NA
15	0.5692034	0.1364531	0.04912561	0.04693393	0.0005968318	8.920006e-05	5.9903e-05	2.777963e-05	1.780198e-05	1.758612e-05	1.652336e-05	1.588189e-05	1.511263e-05	1.304616e-05	1.14126e-05	NA	NA	NA	NA	NA	NA	NA	NA	NA	NA	NA	NA	NA	NA	NA
16	0.5747746	0.5530484	0.1281121	0.04415396	0.04564157	0.0001272542	1.714636e-05	1.146509e-05	5.620012e-06	3.836251e-06	3.899061e-06	3.202338e-06	3.070241e-06	3.006545e-06	2.597114e-06	2.562742e-06	NA	NA	NA	NA	NA	NA	NA	NA	NA	NA	NA	NA	NA	NA
17	0.5552096	0.5528008	0.5471979	0.122927	0.0435863	0.04558047	9.773619e-05	1.273369e-05	8.439678e-06	4.239521e-06	2.968658e-06	3.048493e-06	2.374374e-06	2.272557e-06	2.252625e-06	1.908527e-06	1.936439e-06	NA	NA	NA	NA	NA	NA	NA	NA	NA	NA	NA	NA	NA
18	0.3223629	0.2312701	0.2308958	0.2260121	0.0538155	0.04316212	0.04552104	6.951699e-05	8.490447e-06	5.524978e-06	2.907852e-06	2.128624e-06	2.222325e-06	1.566505e-06	1.488528e-06	1.500634e-06	1.202521e-06	1.240569e-06	NA	NA	NA	NA	NA	NA	NA	NA	NA	NA	NA	NA
19	0.1570229	0.1257953	0.05597123	0.05565949	0.05079792	0.04499324	0.04267103	0.04551153	6.532435e-05	7.871829e-06	5.099597e-06	2.712755e-06	2.002688e-06	2.095932e-06	1.439271e-06	1.359307e-06	1.367432e-06	1.059674e-06	1.051898e-06	NA	NA	NA	NA	NA	NA	NA	NA	NA	NA	NA
20	0.5892502	0.1429517	0.1119144	0.04464924	0.04443996	0.04426064	0.04350631	0.04263689	0.04551029	6.474981e-05	7.77085e-06	5.022976e-06	2.665107e-06	1.985773e-06	2.079151e-06	1.42266e-06	1.342878e-06	1.351198e-06	1.043575e-06	1.033726e-06	NA	NA	NA	NA	NA	NA	NA	NA	NA	NA
21	0.8966196	0.5772871	0.1399608	0.1092449	0.04266522	0.04246459	0.04236145	0.04233398	0.04231874	0.04550077	6.050868e-05	7.124375e-06	4.57329e-06	2.450052e-06	1.855511e-06	1.948915e-06	1.29223e-06	1.211734e-06	1.217702e-06	9.038651e-07	8.571828e-07	NA	NA	NA	NA	NA	NA	NA	NA	NA
22	0.8643178	0.7700401	0.4566056	0.08208384	0.05154781	0.04239412	0.0423712	0.04227527	0.0422543	0.04223972	0.04548356	5.246387e-05	5.589729e-06	3.358332e-06	1.614393e-06	1.085306e-06	1.092225e-06	1.103108e-06	1.023172e-06	1.02493e-06	7.021558e-07	6.023525e-07	NA	NA	NA	NA	NA	NA	NA	NA
23	0.3500485	0.2980932	0.2969504	0.2866749	0.02724808	0.003325495	0.0004637896	0.0004469653	0.0003513247	0.0003305817	0.0003160325	8.00996e-05	5.079483e-05	5.234464e-06	3.07322e-06	1.401405e-06	8.790091e-07	8.596079e-07	8.337289e-07	7.985856e-07	7.387293e-07	6.516454e-07	5.351605e-07	NA	NA	NA	NA	NA	NA	NA
24	0.3809758	0.3481735	0.2962197	0.2952272	0.2864247	0.02715547	0.003242879	0.0004115842	0.0004081581	0.0003125257	0.0002928821	0.0002849248	6.003963e-05	2.96864e-05	5.145404e-06	3.010765e-06	1.370698e-06	8.577389e-07	8.378904e-07	8.113602e-07	7.751641e-07	7.219728e-07	6.350716e-07	5.168959e-07	NA	NA	NA	NA	NA	NA
25	0.4102693	0.3466277	0.3178975	0.2659761	0.2651335	0.2564586	0.0008667514	0.0006912232	0.0003464834	0.0003432829	0.0002476943	0.0002281329	0.0002201965	4.620951e-05	2.238966e-05	3.396095e-06	2.323064e-06	1.058972e-06	6.642797e-07	6.50081e-07	6.311772e-07	6.055642e-07	5.684191e-07	5.077669e-07	4.362846e-07	NA	NA	NA	NA	NA
26	0.4170116	0.4092125	0.345629	0.3169014	0.2649825	0.2649073	0.2563426	0.0007673449	0.0005977535	0.0003353454	0.0003321824	0.0002366028	0.0002170553	0.0002091213	4.372947e-05	2.126397e-05	3.219201e-06	2.204895e-06	1.005359e-06	6.305131e-07	6.170979e-07	5.992381e-07	5.750495e-07	5.4e-07	4.856681e-07	4.218726e-07	NA	NA	NA	NA
27	0.4844825	0.3575772	0.3545719	0.2945253	0.266055	0.2648681	0.2647931	0.2562286	0.0006538235	0.0004842658	0.0002220572	0.0002189238	0.0002188584	0.0002158984	0.0002084785	4.358604e-05	2.120389e-05	3.210193e-06	2.198672e-06	1.002454e-06	6.285988e-07	6.151558e-07	5.972535e-07	5.72993e-07	5.378008e-07	4.832062e-07	4.18375e-07	NA	NA	NA
28	0.9087665	0.4447633	0.3284572	0.325635	0.2661619	0.2660203	0.2648342	0.2647598	0.2561983	0.0006308102	0.0004617522	0.0002004428	0.0001990411	0.0001989795	0.0001987499	0.0001987035	4.148443e-05	2.021431e-05	3.059375e-06	2.094394e-06	9.537646e-07	5.971314e-07	5.840527e-07	5.666225e-07	5.429564e-07	5.089561e-07	4.555777e-07	3.89713e-07	NA	NA
29	0.8951885	0.8803055	0.4398456	0.3270171	0.3242917	0.264834	0.2648231	0.2648229	0.2647487	0.2561884	0.0006236827	0.0004548199	0.0001964859	0.0001951022	0.0001950632	0.0001948479	0.0001948158	4.064386e-05	1.981961e-05	3.001502e-06	2.054398e-06	9.351075e-07	5.851199e-07	5.720868e-07	5.547057e-07	5.310737e-07	4.972096e-07	4.440224e-07	3.769376e-07	NA
30	0.5451474	0.5182394	0.5065896	0.1651732	0.06288001	0.06044726	0.001043779	0.001033213	0.00103302	0.001007317	0.0009542217	0.0005919496	0.0004367268	0.0001799909	0.0001786478	0.0001786094	0.0001784104	0.0001783806	3.690795e-05	1.827728e-05	2.761599e-06	1.895835e-06	8.61383e-07	5.36474e-07	5.225605e-07	5.039302e-07	4.782067e-07	4.400428e-07	3.791372e-07	2.823152e-07
31	0.1571976	0.1096559	0.1075193	0.1066564	0.07045883	0.05966465	0.05940847	0.0002909688	0.000283018	0.0002828932	0.0002816344	0.0002755331	0.0002626327	0.0002612222	1.918316e-05	1.827211e-05	1.824057e-05	1.821473e-05	1.820792e-05	3.890887e-06	1.808546e-06	2.722063e-07	1.871655e-07	8.560467e-08	5.424354e-08	5.366088e-08	5.290325e-08	5.198695e-08	5.107851e-08	4.991136e-08
32	0.5066178	0.1258846	0.08372373	0.08265745	0.08234829	0.06463788	0.05949067	0.0593693	0.0002682705	0.0002604759	0.0002603824	0.0002600313	0.0002574753	0.0002513653	0.0002504136	9.274976e-06	8.391096e-06	8.36104e-06	8.346405e-06	8.341664e-06	1.864214e-06	7.907636e-07	1.183482e-07	8.155035e-08	3.769219e-08	2.452508e-08	2.480748e-08	2.523127e-08	2.593898e-08	2.749394e-08
33	0.0264616	0.01026026	0.003029947	0.00152103	0.001426799	0.001408558	0.0003534165	2.720756e-05	1.723659e-05	1.147879e-05	4.688325e-06	4.597909e-06	4.57203e-06	4.39875e-06	3.996694e-06	3.964202e-06	1.474093e-06	6.096572e-07	5.802641e-07	5.734908e-07	5.698465e-07	1.230368e-07	5.658544e-08	8.522187e-09	5.858647e-09	2.679142e-09	1.698355e-09	1.677916e-09	1.648799e-09	1.614664e-09
34	0.02479272	0.02432851	0.008425579	0.002812758	0.00135364	0.001272857	0.001257353	0.0003081026	1.665485e-05	9.496814e-06	3.839772e-06	3.742161e-06	3.651765e-06	3.628325e-06	3.472839e-06	3.113309e-06	3.083722e-06	5.985164e-07	5.475376e-07	5.18147e-07	5.135188e-07	5.116686e-07	1.100507e-07	5.113243e-08	7.709832e-09	5.299855e-09	2.422536e-09	1.53131e-09	1.508447e-09	1.475705e-09
35	0.1249275	0.02165677	0.02129865	0.007975556	0.002548453	0.001116721	0.001067821	0.001055613	0.0002610068	1.496701e-05	8.988057e-06	3.483009e-06	3.451515e-06	3.419924e-06	3.400141e-06	3.271366e-06	2.975541e-06	2.950314e-06	4.726177e-07	4.525373e-07	4.317604e-07	4.272763e-07	4.25452e-07	9.055373e-08	4.312148e-08	6.517007e-09	4.478241e-09	2.043076e-09	1.281815e-09	1.254248e-09
36	0.5553018	0.1089143	0.008533539	0.008186876	0.007864864	0.002494498	0.001068675	0.001023147	0.001011767	0.0002509654	1.456974e-05	8.838242e-06	3.377421e-06	3.358587e-06	3.353377e-06	3.334395e-06	3.211278e-06	2.92896e-06	2.90466e-06	4.284989e-07	4.173648e-07	4.125651e-07	4.089794e-07	4.07174e-07	8.64201e-08	4.142387e-08	6.264018e-09	4.303886e-09	1.96238e-09	1.228687e-09
37	0.566789	0.5473436	0.1033664	0.003360226	0.003016845	0.002951902	0.002476593	0.001053004	0.001008709	0.0009975901	0.0002466029	1.445972e-05	8.800762e-06	3.35332e-06	3.335673e-06	3.334986e-06	3.316234e-06	3.194754e-06	2.916337e-06	2.892305e-06	4.165879e-07	4.054801e-07	4.053177e-07	4.033782e-07	4.018978e-07	8.52271e-08	4.093357e-08	6.190801e-09	4.253353e-09	1.938866e-09
38	0.5655064	0.5498771	0.5443285	0.1012744	0.001722717	0.001388706	0.001325521	0.001123948	0.001037356	0.0009939387	0.0009830246	0.000242383	1.41772e-05	8.778057e-06	3.338954e-06	3.323758e-06	3.323073e-06	3.304542e-06	3.184574e-06	2.909749e-06	2.885965e-06	4.106642e-07	3.997694e-07	3.996073e-07	3.98077e-07	3.972004e-07	8.411283e-08	4.049106e-08	6.122439e-09	4.205371e-09
39	0.5148124	0.1801675	0.1647869	0.1592627	0.1012422	0.001711921	0.001378281	0.001315223	0.001114962	0.00102862	0.0009885543	0.0009776578	0.0002418136	1.415789e-05	8.767566e-06	3.329456e-06	3.314269e-06	3.313585e-06	3.297876e-06	3.183491e-06	2.909079e-06	2.885324e-06	4.100785e-07	3.991853e-07	3.990232e-07	3.974936e-07	3.966172e-07	8.398731e-08	4.04311e-08	6.112084e-09
40	0.1548909	0.1524939	0.01969735	0.01240359	0.009138841	0.008506755	0.00157438	0.001256898	0.001200376	0.001024422	0.0009469204	0.000910138	0.000900467	0.0002165477	6.429949e-06	1.426697e-06	8.136579e-07	8.054318e-07	8.047562e-07	7.902987e-07	6.850157e-07	4.314399e-07	4.143281e-07	3.808081e-07	3.699819e-07	3.698209e-07	3.683186e-07	3.674459e-07	7.559268e-08	3.788477e-08
41	0.1740074	0.1515014	0.1495445	0.01894289	0.01173727	0.008533611	0.008091635	0.001291198	0.001234051	0.001178002	0.001012158	0.0009415282	0.0009049905	0.0008953965	0.0002153904	6.37338e-06	1.404688e-06	7.956704e-07	7.894832e-07	7.888083e-07	7.744342e-07	6.697449e-07	4.175806e-07	4.005662e-07	3.672092e-07	3.661921e-07	3.660311e-07	3.655937e-07	3.655159e-07	7.515483e-08
42	0.4526903	0.1721952	0.1501048	0.1481644	0.01866452	0.0115108	0.008331622	0.007897954	0.001275114	0.001220661	0.001166832	0.001003762	0.000934063	0.000897787	0.0008882974	0.00021382	6.325632e-06	1.393554e-06	7.889789e-07	7.833484e-07	7.826921e-07	7.684327e-07	6.645943e-07	4.144529e-07	3.975781e-07	3.644545e-07	3.634671e-07	3.634096e-07	3.630064e-07	3.629366e-07
43	0.4855391	0.4482495	0.1708699	0.1491157	0.1472359	0.01848099	0.01136526	0.008205012	0.007773928	0.001266929	0.001213122	0.001159834	0.0009978611	0.0009291027	0.0008930079	0.0008835874	0.0002127613	6.293803e-06	1.386108e-06	7.845524e-07	7.789705e-07	7.785762e-07	7.643944e-07	6.61131e-07	4.1236e-07	3.955793e-07	3.626116e-07	3.616348e-07	3.615891e-07	3.611978e-07
44	0.8953558	0.4337148	0.3993927	0.1545238	0.1345792	0.1327486	0.01719957	0.01084817	0.00802857	0.007649914	0.00117416	0.001121584	0.001070472	0.0009221576	0.0008561417	0.0008237623	0.0008147435	0.0001935952	5.67945e-06	1.241489e-06	7.022308e-07	6.972285e-07	6.968403e-07	6.841394e-07	5.915822e-07	3.685496e-07	3.534959e-07	3.238817e-07	3.230081e-07	3.229631e-07
45	0.942802	0.8588223	0.4104772	0.3779635	0.1507956	0.1313845	0.1300761	0.0167226	0.01048002	0.007708781	0.007337188	0.001152419	0.0011012	0.001052178	0.0009065916	0.0008421866	0.000810352	0.0008015157	0.0001905186	5.577828e-06	1.219632e-06	6.894974e-07	6.845846e-07	6.844854e-07	6.720173e-07	5.811835e-07	3.622607e-07	3.474888e-07	3.183527e-07	3.174947e-07
46	0.2339965	0.2034778	0.1925318	0.108146	0.1019048	0.03026408	0.02677529	0.02610661	0.005323633	0.004385498	0.003965566	0.003907466	0.0002268199	0.0002103976	0.0001992158	0.0001715413	0.0001533637	0.0001479453	0.0001458249	3.157316e-05	9.086579e-07	1.941e-07	1.123588e-07	1.116229e-07	1.115951e-07	1.093943e-07	9.334649e-08	5.481146e-08	5.214575e-08	4.767502e-08
47	0.1182984	0.1117832	0.08342517	0.08293835	0.05786191	0.05595767	0.007928965	0.00697969	0.006948351	0.001390222	0.0011367	0.001024164	0.001008213	5.920701e-05	5.496736e-05	5.208028e-05	4.48286e-05	4.015633e-05	3.827226e-05	3.770488e-05	8.196568e-06	2.395551e-07	5.2004e-08	3.024735e-08	3.005307e-08	3.004842e-08	2.943273e-08	2.517487e-08	1.46207e-08	1.389273e-08
48	0.09385093	0.07803382	0.07570369	0.04772482	0.04762097	0.04216386	0.04184986	0.0008205148	0.0006814234	0.0006745504	0.0001147393	8.742177e-05	7.605394e-05	7.449932e-05	5.121827e-06	4.803643e-06	4.579247e-06	3.969785e-06	3.616147e-06	2.935717e-06	2.882398e-06	6.64607e-07	2.266762e-08	4.927996e-09	2.791379e-09	2.773575e-09	2.773221e-09	2.67673e-09	2.295454e-09	1.390147e-09
49	0.08347723	0.07770817	0.0696393	0.06890325	0.04121795	0.04113412	0.03664794	0.03637575	0.0006795434	0.0005535112	0.0005484814	0.00010316	7.847767e-05	6.843745e-05	6.70388e-05	4.654404e-06	4.369558e-06	4.166417e-06	3.620826e-06	3.304842e-06	2.63716e-06	2.591809e-06	5.976346e-07	2.048622e-08	4.336623e-09	2.475373e-09	2.459338e-09	2.459019e-09	2.410976e-09	2.067481e-09
50	0.1233337	0.08039258	0.07524587	0.06754849	0.06686973	0.0406037	0.04052354	0.03644899	0.03621976	0.0006002888	0.0004829807	0.0004782219	8.923244e-05	6.753989e-05	5.876664e-05	5.756182e-05	3.694686e-06	3.448181e-06	3.271001e-06	2.797212e-06	2.524047e-06	2.280223e-06	2.240041e-06	5.185955e-07	1.807065e-08	3.779493e-09	2.153099e-09	2.139126e-09	2.138849e-09	2.096965e-09
51	0.9605007	0.118665	0.07811765	0.07352911	0.0665956	0.06594063	0.03994987	0.03987049	0.03622985	0.03603678	0.0005715061	0.0004558381	0.0004511922	8.434892e-05	6.569855e-05	5.71748e-05	5.600175e-05	3.59336e-06	3.353483e-06	3.1808e-06	2.719515e-06	2.453781e-06	2.212604e-06	2.178427e-06	5.046914e-07	1.764485e-08	3.678936e-09	2.097089e-09	2.083474e-09	2.083205e-09
52	0.9461416	0.9177597	0.1067822	0.06892401	0.06443634	0.06221951	0.06160063	0.03822397	0.03814555	0.03616041	0.03598704	0.0005443963	0.0004315912	0.0004270282	7.949266e-05	6.183369e-05	5.400725e-05	5.289677e-05	3.403965e-06	3.177196e-06	3.013423e-06	2.576346e-06	2.325247e-06	2.09045e-06	2.058049e-06	4.778268e-07	1.682413e-08	3.486218e-09	1.985351e-09	1.972439e-09
53	0.7779444	0.7319517	0.7131987	0.0908699	0.05508514	0.05069687	0.05029276	0.04970009	0.03765212	0.03757479	0.0360479	0.03592576	0.0005113222	0.0004019792	0.0003975171	7.376351e-05	5.731436e-05	5.002796e-05	4.903416e-05	3.030424e-06	2.819368e-06	2.666229e-06	2.258903e-06	2.025401e-06	1.943262e-06	1.913006e-06	4.4505e-07	1.581449e-08	3.249812e-09	1.848934e-09
54	0.1982828	0.1793167	0.1694441	0.1644753	0.05652963	0.03941661	0.03606078	0.03600486	0.03560392	0.03559885	0.03553282	0.0352958	0.03527551	0.0001640678	9.154319e-05	8.811978e-05	1.603264e-05	1.2143e-05	1.047862e-05	1.024872e-05	6.559326e-07	6.122968e-07	5.700615e-07	4.782592e-07	4.290531e-07	4.106692e-07	4.046482e-07	9.904105e-08	5.060823e-09	7.532603e-10
55	0.2662803	0.1660046	0.1472199	0.1401523	0.1357277	0.04260509	0.03923723	0.03594315	0.03589068	0.0355207	0.03551586	0.03551286	0.0352854	0.03526605	0.0001591847	8.708872e-05	8.368259e-05	1.542314e-05	1.17415e-05	1.016974e-05	9.954497e-06	6.186621e-07	5.762697e-07	5.483229e-07	4.619414e-07	4.143001e-07	3.969438e-07	3.9114e-07	9.379435e-08	4.914995e-09
56	0.9702819	0.2613934	0.1613627	0.1425845	0.1355318	0.1320181	0.03891053	0.03612941	0.03561401	0.03556172	0.03551867	0.03551386	0.03551087	0.0352844	0.03526513	0.000158742	8.672284e-05	8.331784e-05	1.538567e-05	1.172277e-05	1.015976e-05	9.945651e-06	6.147355e-07	5.725295e-07	5.445971e-07	4.59023e-07	4.117616e-07	3.944959e-07	3.887036e-07	9.152274e-08
57	0.0693523	0.06265695	0.05016607	0.04714857	0.04641537	0.04611221	0.04567608	0.001880049	0.0002228129	0.0001484166	0.0001435401	0.0001351018	0.0001321403	0.0001316069	9.966309e-05	9.693845e-05	7.976784e-05	1.59627e-05	1.279023e-05	2.151998e-06	1.351478e-06	1.069483e-06	1.029328e-06	7.83678e-08	7.349746e-08	7.059242e-08	5.673327e-08	5.136248e-08	4.861051e-08	4.789612e-08
58	0.08575699	0.06565614	0.05966389	0.04824151	0.04621173	0.04552303	0.04523967	0.04515352	0.001500828	0.0001159257	7.623464e-05	7.190741e-05	6.577683e-05	6.283405e-05	6.231942e-05	3.260735e-05	3.015544e-05	1.524546e-05	1.408053e-05	1.090988e-05	1.967258e-06	1.262935e-06	1.023688e-06	9.892193e-07	7.211385e-08	6.779675e-08	6.499239e-08	5.313038e-08	4.817117e-08	4.588758e-08
59	0.1061512	0.07894405	0.06237364	0.0571167	0.04621072	0.04425163	0.04359631	0.04334318	0.04325988	0.001472153	0.0001093547	7.089861e-05	6.707534e-05	6.336558e-05	6.042814e-05	5.994845e-05	3.114679e-05	2.876377e-05	1.417796e-05	1.308148e-05	1.057669e-05	1.905132e-06	1.213854e-06	9.804475e-07	9.467747e-07	6.955155e-08	6.54147e-08	6.273491e-08	5.121725e-08	4.646013e-08
60	0.8408805	0.03304898	0.01021908	0.007266731	0.002750854	0.002488198	0.002202788	0.001957042	0.001877887	0.001859912	0.0009026769	2.583072e-05	1.629533e-05	1.504858e-05	1.435191e-05	1.423366e-05	1.40221e-05	6.564297e-06	5.788648e-06	4.41617e-06	4.25719e-06	1.777712e-06	5.465278e-07	2.403158e-07	1.787361e-07	1.682241e-07	1.192965e-08	1.121633e-08	1.073809e-08	7.726812e-09
61	0.921347	0.8362468	0.0285661	0.0064425	0.006254057	0.001764444	0.001620588	0.001571384	0.001560475	0.001546197	0.001529598	0.0008948332	2.185282e-05	1.261566e-05	1.188089e-05	1.130173e-05	1.118523e-05	1.114042e-05	3.898747e-06	3.139214e-06	1.849425e-06	1.701194e-06	1.69696e-06	5.326066e-07	2.29783e-07	1.697177e-07	1.594107e-07	1.133123e-08	1.065618e-08	1.020708e-08
62	0.8512755	0.8480821	0.8317021	0.02429144	0.002271659	0.002116126	0.00168545	0.001577958	0.001530483	0.001520094	0.001506466	0.00149045	0.0008928608	2.055261e-05	1.155727e-05	1.110062e-05	1.059889e-05	1.055085e-05	1.050751e-05	3.412912e-06	2.662641e-06	1.418631e-06	1.275281e-06	1.271188e-06	2.727902e-07	2.225896e-07	1.644719e-07	1.543648e-07	1.099726e-08	1.034297e-08
63	0.9058872	0.8342271	0.8325343	0.8259469	0.01876437	0.0020157	0.001867254	0.001672846	0.001572622	0.001525198	0.001514868	0.001501467	0.001485491	0.0008889303	1.669471e-05	7.710616e-06	7.287317e-06	6.788255e-06	6.753873e-06	6.71063e-06	3.369642e-06	2.62105e-06	1.379274e-06	1.236168e-06	1.232081e-06	2.363879e-07	1.865974e-07	1.642865e-07	1.542138e-07	1.098158e-08
64	0.105236	0.09606874	0.02667837	0.02504368	0.01909935	0.01852734	0.001988914	0.001841009	0.00165913	0.001565335	0.001518065	0.001507969	0.001494911	0.001479308	0.0008880909	1.593534e-05	7.047628e-06	6.640175e-06	6.152685e-06	6.120978e-06	6.078872e-06	2.83095e-06	2.543288e-06	1.334443e-06	1.195189e-06	1.191211e-06	2.231891e-07	1.748122e-07	1.531569e-07	1.502103e-07
65	0.08599336	0.08551141	0.07875116	0.00943376	0.008342718	0.002486516	0.00193078	0.001831735	0.001683959	0.001632279	0.001564243	0.001517058	0.001506983	0.001494123	0.001478564	0.0008879283	1.578565e-05	6.911107e-06	6.566748e-06	6.081023e-06	6.049696e-06	6.007754e-06	2.772752e-06	2.4861e-06	1.328523e-06	1.189811e-06	1.185849e-06	2.215998e-07	1.734135e-07	1.518444e-07
66	0.08106643	0.07701305	0.07658616	0.07575569	0.007050451	0.006558837	0.00110849	0.001006776	0.0009180981	0.0008361885	0.0007863714	0.0007210712	0.0006754928	0.000665431	0.0006527362	0.0006386862	4.806403e-05	1.564034e-05	6.856268e-06	6.514105e-06	6.030025e-06	5.998708e-06	5.956771e-06	2.722324e-06	2.482329e-06	1.326308e-06	1.187813e-06	1.183851e-06	2.199273e-07	1.717602e-07
67	0.8924324	0.004915249	0.003105679	0.002681079	0.001999454	0.001726709	0.001235911	0.001086127	0.0009851076	0.0008972598	0.0008244521	0.0007753448	0.0007101083	0.0006651838	0.0006551227	0.0006424309	0.0006338384	4.322036e-05	1.089877e-05	6.809909e-06	6.47015e-06	5.999539e-06	5.968286e-06	5.926398e-06	2.701573e-06	2.4624e-06	1.317066e-06	1.179157e-06	1.175199e-06	2.192026e-07
68	0.2488536	0.227535	0.003523794	0.002583875	0.002175718	0.001494782	0.001222894	0.001179204	0.001029507	0.0009744346	0.0008866445	0.0008138377	0.0007647576	0.0007100301	0.0006651069	0.0006550461	0.0006423592	0.0006337686	4.319264e-05	1.087497e-05	6.787673e-06	6.46678e-06	5.996351e-06	5.965193e-06	5.923323e-06	2.700108e-06	2.461129e-06	1.316333e-06	1.178489e-06	1.174534e-06
69	0.2630926	0.1939242	0.1755977	0.003101987	0.002236114	0.001829259	0.001389621	0.00115196	0.001108448	0.000997731	0.0009437243	0.0008560302	0.000803321	0.0007542833	0.0006995722	0.0006556355	0.0006455749	0.0006328883	0.0006269016	3.63261e-05	1.029127e-05	6.782261e-06	6.461635e-06	5.992909e-06	5.961758e-06	5.919894e-06	2.697654e-06	2.458778e-06	1.315168e-06	1.177526e-06
70	0.8235374	0.122323	0.112682	0.09590441	0.002466846	0.002029892	0.001626337	0.001262195	0.001037935	0.0009954066	0.0008956588	0.0008437306	0.0007584906	0.0007550841	0.0007067449	0.000652421	0.0006452596	0.0006352021	0.0006225334	0.0006177931	2.72459e-05	9.83206e-06	6.555215e-06	6.251375e-06	5.793802e-06	5.763097e-06	5.721572e-06	2.553961e-06	2.320113e-06	1.251259e-06
71	0.7792152	0.7488368	0.1200295	0.1107491	0.0940457	0.002293371	0.001864227	0.001464635	0.001103806	0.001032149	0.0009897748	0.0008915377	0.0008398266	0.0007549351	0.0007534523	0.0007052884	0.0006510154	0.0006444678	0.0006347798	0.000622167	0.0006175285	2.707184e-05	9.662566e-06	6.453798e-06	6.151789e-06	5.767616e-06	5.736975e-06	5.695922e-06	2.538091e-06	2.305037e-06
72	0.9526539	0.7498846	0.7291658	0.11064	0.1018332	0.08523538	0.002217099	0.001816697	0.001417412	0.001057223	0.0009868594	0.0009488403	0.0008508631	0.0007993628	0.0007148434	0.0007133632	0.0006652887	0.0006509601	0.0006444152	0.0006347277	0.0006221198	0.0006174847	2.70301e-05	9.62402e-06	6.422764e-06	6.127169e-06	5.743689e-06	5.725165e-06	5.684182e-06	2.532228e-06
73	0.8883286	0.8850544	0.698384	0.6800643	0.1052086	0.09693859	0.08064133	0.002170468	0.001785804	0.001389724	0.001035533	0.0009665958	0.0009292936	0.0008334025	0.0007827766	0.0006999723	0.0006987061	0.0006514338	0.0006373345	0.0006346834	0.0006337241	0.0006217125	0.0006171964	2.678388e-05	9.391967e-06	6.283687e-06	5.9954e-06	5.619134e-06	5.600939e-06	5.561851e-06
74	0.9774473	0.8854471	0.8822402	0.6956093	0.6773646	0.1047294	0.0964953	0.08029149	0.002161349	0.001778398	0.001382373	0.001029073	0.0009604758	0.0009237015	0.0008298644	0.0007798128	0.0006977356	0.0006964783	0.0006494911	0.0006372083	0.0006345685	0.0006336105	0.0006216064	0.0006171032	2.669897e-05	9.314921e-06	6.226098e-06	5.940421e-06	5.566168e-06	5.548211e-06
75	0.9917969	0.9764799	0.8845707	0.8814014	0.694853	0.6766262	0.1043167	0.09609858	0.07997759	0.002154278	0.001772849	0.001376869	0.00102477	0.0009565182	0.000920275	0.0008279596	0.000778522	0.0006971521	0.0006959025	0.0006491791	0.0006370791	0.0006344515	0.0006334946	0.000621497	0.0006170091	2.661153e-05	9.23447e-06	6.165917e-06	5.885032e-06	5.51292e-06
76	0.9949541	0.990482	0.9756788	0.8839035	0.8807478	0.6944224	0.6762024	0.1041203	0.09590943	0.07982311	0.002150228	0.001769538	0.001373578	0.001021977	0.0009538732	0.0009184969	0.0008266611	0.0007777025	0.0006966102	0.0006953635	0.0006487502	0.0006370227	0.0006344001	0.0006334435	0.0006214491	0.0006169671	2.657206e-05	9.197555e-06	6.137806e-06	5.861881e-06
77	0.1464572	0.1423895	0.1381299	0.1256401	0.1194356	0.1179857	0.1110106	0.1101361	0.05549749	0.05240874	0.03713052	0.001237232	0.001010106	0.0006178145	0.0004141332	0.0003492287	0.0003155793	0.0002258003	0.0001867898	0.0001078789	0.0001066403	6.107179e-05	4.950681e-05	4.691313e-05	4.604572e-05	3.43105e-05	2.987716e-05	2.640957e-05	9.060378e-06	6.060564e-06
78	0.1332486	0.1321878	0.1281926	0.1239745	0.1115606	0.1087735	0.1073456	0.1052958	0.1045859	0.05483445	0.05179766	0.03653721	0.001212243	0.0009884818	0.0005962262	0.0003943576	0.0003307734	0.0002972282	0.0002077961	0.0001697375	9.097963e-05	8.977958e-05	4.426436e-05	3.272901e-05	3.030007e-05	2.943283e-05	1.769858e-05	1.329615e-05	9.83014e-06	9.014197e-06
79	0.1318529	0.1301774	0.1297499	0.1260243	0.121954	0.1099384	0.1072637	0.1058901	0.1039353	0.1032354	0.05404716	0.05103021	0.03587703	0.001173459	0.0009673416	0.0005751825	0.000377153	0.0003232825	0.0002902941	0.0002040354	0.000166858	8.957165e-05	8.842044e-05	4.332939e-05	3.202571e-05	2.965249e-05	2.878718e-05	1.706357e-05	1.293303e-05	9.48424e-06
80	0.1703828	0.1312358	0.12961	0.1291904	0.1254691	0.1214149	0.1094516	0.1069499	0.1055835	0.1036719	0.1029732	0.05385244	0.05083663	0.035699	0.001170093	0.0009648185	0.0005726778	0.000375225	0.0003214752	0.0002886612	0.0002032416	0.0001663315	8.932123e-05	8.817219e-05	4.313909e-05	3.197356e-05	2.960741e-05	2.874258e-05	1.70213e-05	1.290027e-05
81	0.231482	0.1271087	0.09586332	0.09439213	0.09410064	0.09295191	0.08921478	0.07953532	0.07753919	0.07637529	0.07517413	0.07463904	0.03897783	0.03662764	0.02522231	0.0005229728	0.0003904424	0.0003829691	0.0002646955	0.0002270709	0.000200417	0.0001466171	0.0001174382	5.588862e-05	5.504828e-05	2.074887e-05	1.260403e-05	1.165759e-05	1.150633e-05	9.728932e-06
82	0.9838652	0.2240949	0.1212683	0.09020165	0.08865276	0.08835965	0.08772786	0.08554749	0.07590543	0.07392821	0.072735	0.07156357	0.07104551	0.03702227	0.03479006	0.02420937	0.0004858835	0.0003610855	0.000355406	0.0002606877	0.0002237933	0.0001975617	0.0001419997	0.0001130859	5.266202e-05	5.185876e-05	1.975146e-05	1.178694e-05	1.092744e-05	1.081451e-05
83	0.8947909	0.8871219	0.2064765	0.1157895	0.08503673	0.08336919	0.0830715	0.08260576	0.08030781	0.07105206	0.06908782	0.06799063	0.0668436	0.06634413	0.03501846	0.03298733	0.02334763	0.0004686117	0.0003499617	0.0003465369	0.0002518514	0.0002194246	0.0001940982	0.0001367108	0.0001078316	4.897259e-05	4.822145e-05	1.858031e-05	1.072355e-05	9.953343e-06
84	0.9885503	0.8907152	0.8828999	0.2023089	0.1115997	0.0812842	0.07944777	0.07915692	0.07865962	0.07617073	0.06685284	0.06488745	0.06371843	0.0625542	0.06206937	0.03321912	0.03139713	0.02274594	0.0004704068	0.0003554788	0.0003520798	0.000250934	0.0002195636	0.0001954416	0.0001332643	0.0001041277	4.645051e-05	4.57407e-05	1.86454e-05	1.091395e-05
85	0.9963177	0.9873722	0.8888684	0.8808243	0.1978279	0.1074417	0.07690974	0.07486044	0.07455961	0.07402268	0.07129515	0.06189187	0.0599157	0.05865653	0.05746701	0.05699973	0.03133998	0.02978807	0.0223581	0.0004736028	0.0003630543	0.0003596491	0.0002503796	0.0002204595	0.0001974457	0.0001292925	9.975846e-05	4.355924e-05	4.291843e-05	1.895661e-05
86	0.9955112	0.9918857	0.9830432	0.8836454	0.8753259	0.1889246	0.1020548	0.07121982	0.06889654	0.0685827	0.06800442	0.06498103	0.05547575	0.05348448	0.05212294	0.05089893	0.05045381	0.02896268	0.02785199	0.02198262	0.0004803273	0.0003728887	0.0003694847	0.0002498011	0.000221726	0.0002001793	0.0001243076	9.421349e-05	3.992561e-05	3.941246e-05
87	0.9832337	0.9830919	0.9795704	0.9744892	0.8762159	0.8694339	0.1784703	0.09178999	0.0611824	0.0608629	0.06053312	0.05988856	0.05645891	0.04680269	0.04479217	0.04327821	0.0420105	0.04176286	0.02587901	0.02525738	0.02149241	0.0004892742	0.0003859138	0.000382488	0.0002489152	0.0002233267	0.0002037666	0.0001176218	8.678247e-05	3.510273e-05
88	0.9913837	0.980779	0.9806496	0.9771286	0.9723358	0.8747105	0.8683522	0.1720438	0.08536326	0.05432876	0.05398763	0.05363745	0.05293651	0.04916725	0.03936552	0.03734692	0.03570425	0.034475	0.03428152	0.02386049	0.02370589	0.02185892	0.000496907	0.0003935371	0.0003902847	0.0002540429	0.0002309063	0.0002126177	0.0001121024	7.930169e-05
89	0.9936302	0.9878234	0.9779046	0.9777879	0.974271	0.9692919	0.8725927	0.8665143	0.1752046	0.08875674	0.05749095	0.05716774	0.05685336	0.05619586	0.05271654	0.04304548	0.04109836	0.03956094	0.03863299	0.03844777	0.0282048	0.0280536	0.02589432	0.0005341093	0.0004118441	0.0004084784	0.0002827556	0.0002600293	0.0002388979	0.0001168085
90	0.9945907	0.9916574	0.985741	0.9741797	0.9740464	0.9705005	0.9651862	0.8699531	0.863943	0.183649	0.09782543	0.06625116	0.06586359	0.06551711	0.06494806	0.0620047	0.05259761	0.05067075	0.04932762	0.04834476	0.04813778	0.03629874	0.03611536	0.03329766	0.000609956	0.0004524793	0.000449076	0.0003411914	0.0003189539	0.0002927577
91	0.9958995	0.9931584	0.9902823	0.98469	0.9743018	0.9741786	0.9706047	0.9656422	0.8695141	0.8634614	0.175822	0.09090325	0.06008505	0.05973068	0.05940094	0.0589149	0.0563748	0.04697777	0.04503532	0.04386203	0.04289695	0.04268771	0.02880926	0.02858308	0.02559169	0.0005945587	0.0004759493	0.0004727981	0.0003790504	0.0003588203
92	0.9967663	0.9943311	0.991868	0.9890361	0.9838161	0.9745909	0.9744769	0.9708147	0.966038	0.8689224	0.8628202	0.1672593	0.08154938	0.05301987	0.05284149	0.05260145	0.05241311	0.05164569	0.04253898	0.04058646	0.04006162	0.03914192	0.03887966	0.01901691	0.01866537	0.01353995	0.0005857821	0.0005231978	0.0005194283	0.0004850892
