#unpaired probabilities
 #i$	l=1	2	3	4	5	6	7	8	9	10	11	12	13	14	15	16	17	18	19	20	21	22	23	24	25	26	27	28	29	30	
1	0.8073827	NA	NA	NA	NA	NA	NA	NA	NA	NA	NA	NA	NA	NA	NA	NA	NA	NA	NA	NA	NA	NA	NA	NA	NA	NA	NA	NA	NA	NA
2	0.8109909	0.8057172	NA	NA	NA	NA	NA	NA	NA	NA	NA	NA	NA	NA	NA	NA	NA	NA	NA	NA	NA	NA	NA	NA	NA	NA	NA	NA	NA	NA
3	0.9972633	0.8106913	0.8055049	NA	NA	NA	NA	NA	NA	NA	NA	NA	NA	NA	NA	NA	NA	NA	NA	NA	NA	NA	NA	NA	NA	NA	NA	NA	NA	NA
4	0.9941365	0.9919667	0.8061576	0.8022565	NA	NA	NA	NA	NA	NA	NA	NA	NA	NA	NA	NA	NA	NA	NA	NA	NA	NA	NA	NA	NA	NA	NA	NA	NA	NA
5	0.9865362	0.9851653	0.984578	0.7990144	0.7960212	NA	NA	NA	NA	NA	NA	NA	NA	NA	NA	NA	NA	NA	NA	NA	NA	NA	NA	NA	NA	NA	NA	NA	NA	NA
6	0.7455052	0.7323799	0.7310301	0.7304459	0.5449049	0.541957	NA	NA	NA	NA	NA	NA	NA	NA	NA	NA	NA	NA	NA	NA	NA	NA	NA	NA	NA	NA	NA	NA	NA	NA
7	0.7098221	0.7090923	0.7001347	0.6988115	0.6983139	0.5162407	0.5137169	NA	NA	NA	NA	NA	NA	NA	NA	NA	NA	NA	NA	NA	NA	NA	NA	NA	NA	NA	NA	NA	NA	NA
8	0.976218	0.6898907	0.6892727	0.6803848	0.6790887	0.6785955	0.5065957	0.5058164	NA	NA	NA	NA	NA	NA	NA	NA	NA	NA	NA	NA	NA	NA	NA	NA	NA	NA	NA	NA	NA	NA
9	0.9980982	0.9743396	0.6880541	0.6874373	0.6785584	0.6772657	0.6767739	0.5056736	0.5049173	NA	NA	NA	NA	NA	NA	NA	NA	NA	NA	NA	NA	NA	NA	NA	NA	NA	NA	NA	NA	NA
10	0.6811175	0.6793413	0.6595415	0.6520641	0.6517941	0.6447074	0.6434901	0.6430073	0.4747774	0.4740712	NA	NA	NA	NA	NA	NA	NA	NA	NA	NA	NA	NA	NA	NA	NA	NA	NA	NA	NA	NA
11	0.5101944	0.5054013	0.5037362	0.4848009	0.478761	0.4785672	0.4743273	0.4734506	0.4731208	0.3153105	0.3149733	NA	NA	NA	NA	NA	NA	NA	NA	NA	NA	NA	NA	NA	NA	NA	NA	NA	NA	NA
12	0.1512382	0.1502663	0.1498694	0.1494619	0.1431359	0.1426058	0.1425716	0.1418001	0.1415539	0.1413633	0.1329222	0.1326823	NA	NA	NA	NA	NA	NA	NA	NA	NA	NA	NA	NA	NA	NA	NA	NA	NA	NA
13	0.280221	0.1217893	0.1208677	0.1204745	0.1200723	0.1139162	0.1134722	0.1134431	0.1127313	0.1124908	0.1123014	0.1039732	0.1039524	NA	NA	NA	NA	NA	NA	NA	NA	NA	NA	NA	NA	NA	NA	NA	NA	NA
14	0.318048	0.001447843	0.0009596351	0.0009508154	0.0009476737	0.0009454956	0.0008703456	0.0008627131	0.0008622477	0.0008555129	0.0008543536	0.0008535258	0.0008009504	0.000800711	NA	NA	NA	NA	NA	NA	NA	NA	NA	NA	NA	NA	NA	NA	NA	NA
15	0.001291761	0.0005890126	0.000146651	0.0001404062	0.0001392446	0.0001391914	0.0001389691	7.720802e-05	7.692106e-05	7.682823e-05	7.308652e-05	7.296573e-05	7.237063e-05	7.155082e-05	7.148677e-05	NA	NA	NA	NA	NA	NA	NA	NA	NA	NA	NA	NA	NA	NA	NA
16	0.1176092	0.0006203759	0.0002168469	0.0001123749	0.0001107662	0.0001098982	0.0001098705	0.0001096652	4.807142e-05	4.782085e-05	4.77309e-05	4.402668e-05	4.39092e-05	4.331472e-05	4.270337e-05	4.269596e-05	NA	NA	NA	NA	NA	NA	NA	NA	NA	NA	NA	NA	NA	NA
17	0.08614626	0.04782671	0.0003336288	4.737242e-05	1.39137e-05	1.336953e-05	1.298376e-05	1.297952e-05	1.29721e-05	1.289238e-05	1.284793e-05	1.284523e-05	1.28164e-05	1.280891e-05	1.280772e-05	1.235018e-05	1.234505e-05	NA	NA	NA	NA	NA	NA	NA	NA	NA	NA	NA	NA	NA
18	0.5277405	0.06589765	0.04737724	0.0003208611	3.82205e-05	1.302599e-05	1.251969e-05	1.249096e-05	1.248825e-05	1.248505e-05	1.242111e-05	1.240719e-05	1.240552e-05	1.238562e-05	1.238458e-05	1.238388e-05	1.199947e-05	1.199437e-05	NA	NA	NA	NA	NA	NA	NA	NA	NA	NA	NA	NA
19	0.9201657	0.5257781	0.06423099	0.04729341	0.0003199453	3.792766e-05	1.299869e-05	1.249831e-05	1.24699e-05	1.246722e-05	1.246402e-05	1.240016e-05	1.238626e-05	1.238459e-05	1.236472e-05	1.236368e-05	1.236299e-05	1.19786e-05	1.197369e-05	NA	NA	NA	NA	NA	NA	NA	NA	NA	NA	NA
20	0.8748845	0.799016	0.523398	0.06285333	0.04657467	0.0003131329	3.619168e-05	1.291584e-05	1.242983e-05	1.240231e-05	1.24002e-05	1.2399e-05	1.233539e-05	1.232163e-05	1.232047e-05	1.230069e-05	1.229965e-05	1.229944e-05	1.191628e-05	1.191138e-05	NA	NA	NA	NA	NA	NA	NA	NA	NA	NA
21	0.8507694	0.8148938	0.7487217	0.4768047	0.01645345	0.0007301266	0.0002993059	3.348374e-05	1.153168e-05	1.132465e-05	1.130014e-05	1.129817e-05	1.129703e-05	1.123717e-05	1.122439e-05	1.122332e-05	1.120475e-05	1.120376e-05	1.120355e-05	1.082043e-05	1.081756e-05	NA	NA	NA	NA	NA	NA	NA	NA	NA
22	0.3425818	0.2504451	0.2418274	0.1832337	0.01438038	0.01369243	0.0003913502	2.481561e-05	1.478547e-05	3.914909e-06	3.856841e-06	3.846747e-06	3.846169e-06	3.845435e-06	3.811178e-06	3.805198e-06	3.804767e-06	3.794534e-06	3.793544e-06	3.793353e-06	3.410576e-06	3.409123e-06	NA	NA	NA	NA	NA	NA	NA	NA
23	0.2747565	0.2074071	0.1385486	0.1342492	0.1339175	0.001244797	0.0006822256	0.0003641029	2.09179e-05	1.110075e-05	3.376678e-06	3.322838e-06	3.316995e-06	3.316574e-06	3.315953e-06	3.284668e-06	3.279788e-06	3.27945e-06	3.270711e-06	3.270281e-06	3.270194e-06	3.121183e-06	3.119737e-06	NA	NA	NA	NA	NA	NA	NA
24	0.349317	0.2650399	0.197712	0.1288582	0.1247642	0.1244381	0.001180189	0.0006546898	0.0003401825	2.073443e-05	1.103211e-05	3.34341e-06	3.294188e-06	3.288378e-06	3.28796e-06	3.287341e-06	3.256152e-06	3.251294e-06	3.250959e-06	3.24225e-06	3.24182e-06	3.241734e-06	3.092761e-06	3.091799e-06	NA	NA	NA	NA	NA	NA
25	0.437669	0.3483529	0.2644737	0.1971501	0.1284008	0.1243223	0.1240916	0.001089438	0.000612781	0.0003397009	2.063283e-05	1.097485e-05	3.315163e-06	3.269919e-06	3.264141e-06	3.263725e-06	3.263107e-06	3.232e-06	3.227162e-06	3.226829e-06	3.218146e-06	3.217717e-06	3.21763e-06	3.06867e-06	3.068117e-06	NA	NA	NA	NA	NA
26	0.9973483	0.437059	0.3477895	0.2639115	0.196588	0.1278393	0.1242899	0.1240601	0.001088012	0.0006124726	0.00033964	2.062822e-05	1.097175e-05	3.313633e-06	3.268577e-06	3.2628e-06	3.262385e-06	3.261766e-06	3.230664e-06	3.225827e-06	3.225494e-06	3.216813e-06	3.216384e-06	3.216297e-06	3.067337e-06	3.066798e-06	NA	NA	NA	NA
27	0.6812887	0.6794315	0.3437399	0.2562147	0.1960467	0.1287302	0.06004538	0.05649724	0.05632206	0.001041939	0.0005780414	0.0003357692	2.022374e-05	1.060469e-05	3.141767e-06	3.102193e-06	3.096619e-06	3.09622e-06	3.095608e-06	3.06507e-06	3.060367e-06	3.060047e-06	3.051548e-06	3.05112e-06	3.051034e-06	2.902073e-06	2.901773e-06	NA	NA	NA
28	0.7457191	0.5760939	0.574315	0.2814846	0.196104	0.1951651	0.1278553	0.05919514	0.05636957	0.05620175	0.000957818	0.0005694486	0.0003348677	1.964961e-05	1.011986e-05	2.92017e-06	2.885613e-06	2.880275e-06	2.879896e-06	2.879294e-06	2.849492e-06	2.844959e-06	2.844657e-06	2.836394e-06	2.835966e-06	2.835879e-06	2.686922e-06	2.686648e-06	NA	NA
29	0.4966783	0.4931657	0.3703106	0.3688064	0.09852232	0.06034469	0.05942995	0.05934669	0.05905662	0.05623192	0.05615025	0.0009240132	0.0005366957	0.0003343041	1.928246e-05	9.766618e-06	2.750401e-06	2.717115e-06	2.71366e-06	2.713382e-06	2.71317e-06	2.702688e-06	2.700366e-06	2.700134e-06	2.695702e-06	2.695499e-06	2.695449e-06	2.561038e-06	2.560765e-06	NA
30	0.7267934	0.4955383	0.4920598	0.3693569	0.3678553	0.0977503	0.05959445	0.05896958	0.0588864	0.05859658	0.05608416	0.05600256	0.0009112189	0.0005365912	0.000334276	1.927178e-05	9.761707e-06	2.74811e-06	2.71489e-06	2.711437e-06	2.711159e-06	2.710948e-06	2.700473e-06	2.698153e-06	2.697921e-06	2.693492e-06	2.693289e-06	2.693239e-06	2.558828e-06	2.558562e-06
31	0.9628546	0.702954	0.4934206	0.4900439	0.3674506	0.3659498	0.09599686	0.05786352	0.05726089	0.05717784	0.05688824	0.0559248	0.05584327	0.000838894	0.0005364722	0.0003342273	1.926382e-05	9.757299e-06	2.74604e-06	2.712889e-06	2.709439e-06	2.709161e-06	2.70895e-06	2.698481e-06	2.696163e-06	2.695931e-06	2.691505e-06	2.691302e-06	2.691251e-06	2.556841e-06
32	0.9933869	0.9573384	0.7005035	0.492085	0.4887255	0.3661909	0.3646907	0.09484105	0.0567215	0.05619129	0.05610829	0.05581884	0.05580118	0.0557197	0.0008274124	0.0005354635	0.0003332652	1.925554e-05	9.754377e-06	2.744664e-06	2.711566e-06	2.708116e-06	2.707839e-06	2.707628e-06	2.697164e-06	2.694847e-06	2.694615e-06	2.69019e-06	2.689986e-06	2.689936e-06
33	0.6239294	0.6234072	0.6132935	0.4857732	0.4264667	0.4246138	0.3046024	0.3031486	0.03907148	0.001450479	0.001302323	0.001223741	0.0009395184	0.0009221321	0.000842058	0.0004978294	0.0002232958	2.262205e-05	1.859496e-05	9.656339e-06	2.698928e-06	2.666767e-06	2.663367e-06	2.663094e-06	2.662885e-06	2.652572e-06	2.65029e-06	2.650062e-06	2.645686e-06	2.645482e-06
34	0.6094735	0.6034665	0.6030384	0.5933633	0.4821488	0.4237648	0.4219288	0.3023217	0.3008734	0.03734939	0.001176816	0.001031252	0.0009531432	0.0006697481	0.0006539724	0.0005741238	0.0002313284	0.0002142965	1.38649e-05	9.862002e-06	9.640238e-06	2.69113e-06	2.659661e-06	2.656268e-06	2.655996e-06	2.655786e-06	2.645498e-06	2.643222e-06	2.642994e-06	2.638625e-06
35	0.3977901	0.385369	0.3838832	0.3835509	0.3821385	0.3234951	0.2967252	0.2957639	0.2115517	0.2108822	0.02417743	0.001011583	0.0009046018	0.0008297481	0.0005469772	0.0005316947	0.0004522314	0.0001127529	9.577075e-05	9.800155e-06	5.845102e-06	5.62396e-06	2.550129e-06	2.518926e-06	2.515953e-06	2.515708e-06	2.515596e-06	2.506867e-06	2.504783e-06	2.504574e-06
36	0.08094705	0.05505149	0.05485939	0.05413685	0.05388752	0.05376263	0.04614941	0.04245379	0.04230266	0.03082891	0.03073661	0.003240204	0.0001345469	0.0001214039	0.0001111726	7.326528e-05	7.121952e-05	6.056594e-05	1.51257e-05	1.290237e-05	1.383831e-06	8.817269e-07	8.607979e-07	3.410411e-07	3.37745e-07	3.371508e-07	3.37114e-07	3.370944e-07	3.357705e-07	3.354054e-07
37	0.747059	0.05135522	0.04985648	0.049793	0.04944079	0.04934006	0.04924176	0.04229996	0.03903003	0.03890638	0.02784362	0.02775615	0.003185788	0.000132144	0.0001192144	0.0001093736	7.211977e-05	7.010605e-05	5.961568e-05	1.489479e-05	1.270534e-05	1.363269e-06	8.690954e-07	8.484866e-07	3.350081e-07	3.317625e-07	3.313982e-07	3.313665e-07	3.313524e-07	3.30226e-07
38	0.005672419	0.001230914	0.0004888028	0.0004473732	0.0004224192	0.0002194631	0.0001206132	0.0001069724	8.971295e-05	8.229706e-05	8.203037e-05	5.846381e-05	5.827756e-05	6.802036e-06	3.578536e-07	3.08112e-07	2.851055e-07	1.984529e-07	1.93878e-07	1.473265e-07	5.15468e-08	4.366083e-08	2.689201e-09	1.638112e-09	1.581046e-09	7.609141e-10	7.018271e-10	6.989441e-10	6.988663e-10	6.988344e-10
39	0.001822271	0.0005890132	0.0004663405	0.000369745	0.0003536787	0.0003288008	0.0001260467	2.720947e-05	1.389944e-05	9.770248e-06	8.818198e-06	8.782887e-06	6.123161e-06	6.102096e-06	7.703926e-07	8.905064e-08	8.292728e-08	7.850885e-08	6.22355e-08	6.146506e-08	3.472594e-08	2.346443e-08	1.978033e-08	2.841231e-10	1.671011e-10	1.621953e-10	7.615691e-11	7.492387e-11	7.272448e-11	7.270663e-11
40	0.04457496	0.0009407508	0.0003991502	0.0003310754	0.0002959745	0.0002800919	0.0002570536	0.0001198906	2.113149e-05	8.675276e-06	5.393559e-06	4.780024e-06	4.7583e-06	3.327201e-06	3.315924e-06	4.376611e-07	7.516729e-08	7.035466e-08	6.742167e-08	5.498647e-08	5.441868e-08	2.873632e-08	2.197514e-08	1.851108e-08	1.575333e-10	9.027595e-11	8.744348e-11	4.056403e-11	3.965272e-11	3.920542e-11
41	0.07997445	0.04444625	0.0008758779	0.0003694805	0.0003079096	0.0002729488	0.0002570681	0.0002568434	0.0001196805	2.104042e-05	8.588235e-06	5.338835e-06	4.729545e-06	4.710356e-06	3.292987e-06	3.281978e-06	4.336655e-07	7.495929e-08	7.016268e-08	6.724184e-08	5.485265e-08	5.428735e-08	2.866274e-08	2.195691e-08	1.849555e-08	1.559977e-10	8.935219e-11	8.654518e-11	4.014571e-11	3.923835e-11
42	0.3931696	0.07548261	0.04356717	0.0007309966	0.0003303525	0.0002914498	0.0002605098	0.0002565851	0.0002563608	0.0001191991	2.055915e-05	8.107719e-06	4.927607e-06	4.351507e-06	4.333507e-06	3.024088e-06	3.013932e-06	4.019294e-07	7.299572e-08	6.896943e-08	6.614464e-08	5.411897e-08	5.360011e-08	2.807798e-08	2.181076e-08	1.837215e-08	1.438496e-10	8.207202e-11	7.948343e-11	3.687537e-11
43	0.4227775	0.385289	0.07308705	0.04338418	0.0006805498	0.0003199893	0.0002879738	0.0002584302	0.0002557683	0.0002555448	0.000118385	1.974502e-05	7.295054e-06	4.228532e-06	3.710261e-06	3.694276e-06	2.565857e-06	2.557134e-06	3.469692e-07	6.794852e-08	6.671304e-08	6.404943e-08	5.263326e-08	5.245068e-08	2.71002e-08	2.156687e-08	1.816532e-08	1.230305e-10	6.934657e-11	6.71177e-11
44	0.6886119	0.1216961	0.08450866	0.06025208	0.04283808	0.0003404834	7.665385e-05	4.872916e-05	2.144041e-05	1.879754e-05	1.865062e-05	1.86171e-05	1.853664e-05	6.446712e-06	3.499753e-06	3.029681e-06	3.015728e-06	2.161119e-06	2.153837e-06	2.89814e-07	5.623778e-08	5.518834e-08	5.441644e-08	5.156419e-08	5.141015e-08	2.625655e-08	2.135714e-08	1.798659e-08	1.049864e-10	5.83098e-11
45	0.7393081	0.6877883	0.1208808	0.08371155	0.05983809	0.04280457	0.0003268652	6.441311e-05	3.659932e-05	9.33025e-06	6.687606e-06	6.633789e-06	6.600285e-06	6.582196e-06	6.434101e-06	3.493277e-06	3.023649e-06	3.010751e-06	2.157523e-06	2.150332e-06	2.893052e-07	5.611289e-08	5.506506e-08	5.429438e-08	5.144671e-08	5.129292e-08	2.624921e-08	2.135532e-08	1.798503e-08	1.048321e-10
46	0.9784818	0.719715	0.6779742	0.1112619	0.07658536	0.05283005	0.04263038	0.000244036	6.112609e-05	3.401272e-05	6.90747e-06	4.267022e-06	4.224775e-06	4.191385e-06	4.176033e-06	4.03324e-06	3.451464e-06	2.983363e-06	2.971251e-06	2.122755e-06	2.115647e-06	2.649615e-07	3.30756e-08	3.203329e-08	3.126681e-08	2.843505e-08	2.828212e-08	2.622381e-08	2.134902e-08	1.797967e-08
47	0.7076736	0.706143	0.4773998	0.4398682	0.07399024	0.06628358	0.04776483	0.0425282	0.0002009843	5.005673e-05	3.068186e-05	4.257822e-06	3.63948e-06	3.603417e-06	3.571943e-06	3.556666e-06	3.414532e-06	2.890674e-06	2.656299e-06	2.645202e-06	1.888955e-06	1.882576e-06	2.337543e-07	2.729877e-08	2.640585e-08	2.572149e-08	2.320032e-08	2.306418e-08	2.109314e-08	1.802294e-08
48	0.9930538	0.7016708	0.700374	0.4761306	0.4392582	0.07342846	0.06574641	0.04768023	0.04250769	0.0001972418	4.921196e-05	3.033158e-05	4.037478e-06	3.420818e-06	3.397871e-06	3.366537e-06	3.352534e-06	3.345407e-06	2.832238e-06	2.602283e-06	2.592923e-06	1.85159e-06	1.845641e-06	2.294482e-07	2.711542e-08	2.623993e-08	2.556882e-08	2.309786e-08	2.296444e-08	2.101298e-08
49	0.3204941	0.3191738	0.3145566	0.3142146	0.1232854	0.09376246	0.02001401	0.01789882	0.002913903	0.0003964118	0.0001187693	2.416529e-05	7.822103e-06	2.897547e-06	2.81972e-06	2.815011e-06	2.787839e-06	2.773984e-06	2.767904e-06	2.37502e-06	2.186858e-06	2.17924e-06	1.547954e-06	1.543006e-06	1.793134e-07	7.510234e-09	6.763238e-09	6.208146e-09	4.109522e-09	3.996093e-09
50	0.0715934	0.07121991	0.07106695	0.07016841	0.07016032	0.01398953	0.005261669	0.00512962	0.005121017	0.0008666634	0.0001216153	2.118418e-05	5.805611e-06	2.664525e-06	9.014698e-07	8.787641e-07	8.747671e-07	8.539834e-07	8.403508e-07	8.373227e-07	7.180743e-07	6.616823e-07	6.588622e-07	4.639681e-07	4.624658e-07	5.376006e-08	2.24715e-09	2.01192e-09	1.844654e-09	1.215568e-09
51	0.07626607	0.06646688	0.06619171	0.06606481	0.06522272	0.06521551	0.01163686	0.004928946	0.004885486	0.004882786	0.0008225653	0.0001170894	2.009232e-05	5.450557e-06	2.560504e-06	8.581507e-07	8.390496e-07	8.352205e-07	8.145395e-07	8.009095e-07	7.979398e-07	6.840936e-07	6.315631e-07	6.288375e-07	4.425547e-07	4.411204e-07	5.126341e-08	2.126656e-09	1.918755e-09	1.759141e-09
52	0.11065	0.07531269	0.06572861	0.06545988	0.06533446	0.06502966	0.06502249	0.01158217	0.004891611	0.004872497	0.004870242	0.0008203629	0.000116727	1.998513e-05	5.391262e-06	2.511909e-06	8.150481e-07	7.960038e-07	7.922218e-07	7.90574e-07	7.90507e-07	7.876605e-07	6.74115e-07	6.217199e-07	6.190143e-07	4.413396e-07	4.399159e-07	5.112924e-08	2.119854e-09	1.91249e-09
53	0.9550141	0.1098993	0.07497997	0.06540136	0.06513432	0.06500895	0.06470436	0.06469722	0.01151785	0.004859932	0.004848784	0.004846889	0.0008164989	0.0001162909	1.988366e-05	5.361849e-06	2.495884e-06	8.051538e-07	7.862e-07	7.859135e-07	7.842735e-07	7.842473e-07	7.830465e-07	6.700573e-07	6.179177e-07	6.159725e-07	4.391653e-07	4.377679e-07	5.087971e-08	2.109464e-09
54	0.6323333	0.6007102	0.03113951	0.02144593	0.02031462	0.02013815	0.02002641	0.01999299	0.01998941	0.003592004	0.001534816	0.001532844	0.001532204	0.0002488527	3.135229e-05	6.320048e-06	1.676034e-06	6.941106e-07	2.493815e-07	2.433991e-07	2.433169e-07	2.428165e-07	2.428093e-07	2.424375e-07	2.066415e-07	1.905203e-07	1.899217e-07	1.354073e-07	1.349768e-07	1.568904e-08
55	0.6463496	0.6197961	0.5887784	0.02587622	0.0165822	0.01548135	0.01543391	0.01534867	0.01531711	0.01531435	0.002760824	0.00119038	0.001188513	0.001187969	0.0001916919	2.505062e-05	4.928058e-06	1.328043e-06	5.461505e-07	1.911778e-07	1.8671e-07	1.866458e-07	1.862601e-07	1.862545e-07	1.859687e-07	1.581853e-07	1.458603e-07	1.454019e-07	1.036665e-07	1.033369e-07
56	0.672549	0.6174898	0.5952184	0.5647858	0.01244992	0.004137912	0.003282534	0.003260927	0.003246061	0.003239484	0.00323887	0.0006274113	0.0003005079	0.0002989928	0.0002987308	4.497145e-05	8.795013e-06	1.366469e-06	4.36717e-07	1.640544e-07	4.121626e-08	4.018125e-08	4.016326e-08	4.007409e-08	4.007268e-08	4.000954e-08	3.294875e-08	3.035726e-08	3.026112e-08	2.1576e-08
57	0.869875	0.666243	0.6126997	0.5911882	0.5614904	0.01075363	0.00254862	0.001712529	0.001707907	0.001699955	0.001695658	0.001695422	0.0003062024	0.0001322034	0.0001307688	0.0001305408	2.670626e-05	6.57146e-06	7.033048e-07	3.268675e-07	1.170855e-07	2.278209e-08	2.216899e-08	2.215669e-08	2.210398e-08	2.210307e-08	2.20673e-08	1.755379e-08	1.61593e-08	1.61077e-08
58	0.8245383	0.8184154	0.6188136	0.5657082	0.5601134	0.560039	0.009971309	0.001813788	0.000985248	0.000982266	0.000980776	0.0009774779	0.0009773942	0.0001777897	7.754934e-05	7.615161e-05	7.594069e-05	1.621837e-05	5.469786e-06	3.544742e-07	1.365583e-07	9.442257e-08	1.38874e-08	1.347846e-08	1.346891e-08	1.343379e-08	1.343313e-08	1.341056e-08	1.012602e-08	9.30931e-09
59	0.8971551	0.7937218	0.7915636	0.5932499	0.5531195	0.5526121	0.5525951	0.008388975	0.000360641	0.0003466137	0.0003448557	0.0003439709	0.000341609	0.0003415773	6.467806e-05	2.981537e-05	2.843567e-05	2.839196e-05	7.707359e-06	3.819706e-06	1.04212e-07	2.698507e-08	1.162427e-08	4.359539e-09	4.131134e-09	4.124255e-09	4.1099e-09	4.109532e-09	4.102821e-09	3.525438e-09
60	0.2525477	0.2522446	0.2477547	0.2472375	0.04909347	0.009000551	0.008727765	0.008713446	0.008355821	0.0003295728	0.0003156178	0.0003149627	0.000314154	0.000311827	0.0003117986	5.904203e-05	2.738345e-05	2.601745e-05	2.597712e-05	7.09592e-06	3.777861e-06	9.319585e-08	2.377224e-08	1.055418e-08	3.853283e-09	3.742272e-09	3.735509e-09	3.721876e-09	3.721517e-09	3.715348e-09
61	0.06398663	0.04491719	0.04473156	0.04092994	0.04066141	0.04007843	0.0009790075	0.0007137688	0.0006995228	0.0003508481	0.0003274526	0.0003142978	0.0003136435	0.0003128349	0.0003117248	0.0003116964	5.901781e-05	2.736898e-05	2.60052e-05	2.596571e-05	7.090332e-06	3.773297e-06	9.313832e-08	2.374828e-08	1.053489e-08	3.840389e-09	3.729409e-09	3.725207e-09	3.716979e-09	3.716832e-09
62	0.08181618	0.0103434	0.005477152	0.005310928	0.001846843	0.00161614	0.00105676	0.0009546008	0.0006909863	0.0006783094	0.0003312357	0.0003101295	0.0003091313	0.0003084809	0.0003076758	0.0003069163	0.0003068881	5.540239e-05	2.390278e-05	2.254102e-05	2.250189e-05	3.715605e-06	4.142251e-07	9.191729e-08	2.284865e-08	9.696434e-09	3.821576e-09	3.711007e-09	3.706972e-09	3.698999e-09
63	0.1179568	0.06810242	0.002855046	0.0005083677	0.0004224246	0.0002592087	0.0001924149	0.000144387	0.0001391509	0.0001349023	0.000131088	1.205073e-05	6.625341e-06	6.49945e-06	6.46011e-06	6.457187e-06	6.3953e-06	6.394863e-06	2.301071e-06	1.752275e-06	4.056305e-07	3.732859e-07	6.302155e-08	8.182485e-09	1.778021e-09	5.250886e-10	1.877334e-10	8.959169e-11	6.460686e-11	6.172346e-11
64	0.7051858	0.09610865	0.05164677	0.001538902	0.0002866742	0.0002806402	0.0001377233	7.19719e-05	2.757652e-05	2.308543e-05	1.981821e-05	1.60734e-05	9.485878e-06	4.199736e-06	4.076732e-06	4.071089e-06	4.069463e-06	4.008795e-06	4.00855e-06	1.848987e-06	1.578783e-06	2.321935e-07	1.998951e-07	3.408651e-08	4.984505e-09	1.049803e-09	3.165078e-10	8.892888e-11	3.595432e-11	3.52041e-11
65	0.475252	0.4694379	0.09458263	0.05031427	0.00086695	0.0001975514	0.0001915468	5.411681e-05	4.724659e-05	2.537226e-05	2.130199e-05	1.805759e-05	1.431483e-05	7.802035e-06	4.101252e-06	3.981958e-06	3.976417e-06	3.974814e-06	3.955478e-06	3.955237e-06	1.839384e-06	1.574647e-06	2.282576e-07	1.959779e-07	3.343377e-08	4.905414e-09	1.032504e-09	3.109551e-10	8.562202e-11	3.385658e-11
66	0.7263539	0.4284459	0.424929	0.09423665	0.05000296	0.0005645017	8.026149e-05	7.428475e-05	3.252199e-05	2.698775e-05	2.120871e-05	1.777653e-05	1.454463e-05	1.080305e-05	4.326681e-06	4.049884e-06	3.933518e-06	3.928035e-06	3.926475e-06	3.920079e-06	3.91984e-06	1.829015e-06	1.567408e-06	2.25934e-07	1.936744e-07	3.299945e-08	4.799532e-09	1.021467e-09	3.066388e-10	8.258902e-11
67	0.4129812	0.2486528	0.1298565	0.1287167	0.09301075	0.04967077	0.0002595043	3.081347e-05	2.99717e-05	2.270429e-05	2.232255e-05	1.825043e-05	1.636168e-05	1.314142e-05	9.400531e-06	2.936449e-06	2.694097e-06	2.581187e-06	2.575719e-06	2.57417e-06	2.570352e-06	2.570115e-06	4.857355e-07	2.249351e-07	2.24129e-07	1.920014e-07	3.180783e-08	3.692509e-09	1.019057e-09	3.0596e-10
68	0.3980889	0.3780575	0.216769	0.1244512	0.12348	0.09298762	0.04966371	0.0002534241	2.890706e-05	2.818077e-05	2.200561e-05	2.180515e-05	1.820183e-05	1.631728e-05	1.30986e-05	9.357897e-06	2.899301e-06	2.65728e-06	2.54443e-06	2.539018e-06	2.537487e-06	2.53367e-06	2.533433e-06	4.522641e-07	1.918653e-07	1.917647e-07	1.917142e-07	3.176044e-08	3.687257e-09	1.017905e-09
69	0.3391802	0.33763	0.3243364	0.1707068	0.08170568	0.08075088	0.05107488	0.04965602	0.0002486721	2.51448e-05	2.44446e-05	1.827672e-05	1.808132e-05	1.449704e-05	1.261566e-05	9.408731e-06	9.335143e-06	2.88446e-06	2.642902e-06	2.53007e-06	2.524731e-06	2.523403e-06	2.519593e-06	2.519388e-06	4.46008e-07	1.865009e-07	1.864004e-07	1.863501e-07	3.150191e-08	3.522086e-09
70	0.1540578	0.1527196	0.1521349	0.1469821	0.08914246	0.03818748	0.03729798	0.01944481	0.01936812	0.0002342123	1.561434e-05	1.526652e-05	9.421763e-06	9.263846e-06	7.994144e-06	6.592575e-06	6.292407e-06	6.266838e-06	1.149298e-06	9.919161e-07	8.802858e-07	8.782589e-07	8.771681e-07	8.734422e-07	8.733669e-07	1.544452e-07	6.442861e-08	6.433973e-08	6.432015e-08	1.062828e-08
71	0.1293866	0.1221466	0.1212998	0.1208586	0.116867	0.07310238	0.0242798	0.02391909	0.01930345	0.01924288	0.0001095811	1.334973e-05	1.304891e-05	7.25245e-06	7.101684e-06	6.164041e-06	5.971402e-06	5.751073e-06	5.73232e-06	7.917976e-07	6.479224e-07	6.457984e-07	6.442133e-07	6.431554e-07	6.397239e-07	6.396669e-07	1.131495e-07	4.719782e-08	4.711122e-08	4.709643e-08
72	0.0621559	0.05462468	0.05046928	0.04968891	0.04959089	0.04651729	0.01038175	0.00496012	0.004600728	0.0001487886	0.000106109	0.0001045414	8.615849e-06	8.505672e-06	2.714842e-06	2.564902e-06	1.65578e-06	1.469036e-06	1.257457e-06	1.239292e-06	7.700805e-07	6.272371e-07	6.251265e-07	6.239521e-07	6.229033e-07	6.19473e-07	6.194178e-07	1.094896e-07	4.571026e-08	4.56238e-08
73	0.8341903	0.06074696	0.05395054	0.04989932	0.04913824	0.04904154	0.0460011	0.01004095	0.004624773	0.004504027	5.820639e-05	1.557197e-05	1.400645e-05	8.492426e-06	8.382383e-06	2.594756e-06	2.445147e-06	1.544652e-06	1.360229e-06	1.148847e-06	1.1307e-06	6.619256e-07	6.258071e-07	6.240329e-07	6.228596e-07	6.218109e-07	6.188942e-07	6.188391e-07	1.093861e-07	4.566615e-08
74	0.6135102	0.5250524	0.05937992	0.05285544	0.04955193	0.04880214	0.04870558	0.04570596	0.009952828	0.004539016	0.004498247	5.457144e-05	1.195662e-05	1.03917e-05	8.426706e-06	8.316713e-06	2.588148e-06	2.439265e-06	1.539363e-06	1.355856e-06	1.144538e-06	1.126395e-06	6.577619e-07	6.252282e-07	6.236435e-07	6.224705e-07	6.214218e-07	6.186924e-07	6.186373e-07	1.093369e-07
75	0.8967208	0.5560529	0.5151349	0.05922466	0.05278713	0.04949006	0.0487525	0.04865596	0.04566263	0.009944778	0.004532379	0.004491618	4.896535e-05	6.359968e-06	4.795394e-06	2.830837e-06	2.720869e-06	2.586641e-06	2.438663e-06	1.539014e-06	1.355546e-06	1.144273e-06	1.126135e-06	6.576032e-07	6.250764e-07	6.234918e-07	6.22319e-07	6.212704e-07	6.18541e-07	6.184859e-07
76	0.918376	0.8820455	0.541992	0.5115226	0.05918263	0.05275263	0.04945916	0.04873984	0.04864335	0.04565187	0.009944383	0.004532181	0.004491421	4.881992e-05	6.214748e-06	4.650181e-06	2.685649e-06	2.575682e-06	2.452891e-06	2.438531e-06	1.538996e-06	1.35553e-06	1.144257e-06	1.126118e-06	6.575866e-07	6.250598e-07	6.234752e-07	6.223024e-07	6.212538e-07	6.185244e-07
77	0.9110596	0.9100448	0.874211	0.539195	0.5113023	0.05916172	0.0527343	0.04944358	0.04873157	0.04863511	0.04564495	0.009943937	0.004532051	0.004491293	4.87913e-05	6.18644e-06	4.621888e-06	2.657405e-06	2.54744e-06	2.42631e-06	2.412152e-06	1.538963e-06	1.355499e-06	1.144226e-06	1.126087e-06	6.575556e-07	6.250289e-07	6.234443e-07	6.222715e-07	6.212229e-07
78	0.7521452	0.7519411	0.7514414	0.7192451	0.3870839	0.3596744	0.05826228	0.05186094	0.04898148	0.04855421	0.04845781	0.04547892	0.009921774	0.004510342	0.004484983	4.863349e-05	6.04643e-06	4.482236e-06	2.646558e-06	2.536663e-06	2.415648e-06	2.401536e-06	1.531532e-06	1.350855e-06	1.139582e-06	1.121444e-06	6.529122e-07	6.212176e-07	6.207977e-07	6.196249e-07
79	0.7615383	0.7490013	0.7488031	0.7483805	0.7179656	0.3861221	0.3595753	0.05818315	0.05182914	0.04895027	0.04852333	0.04843161	0.0454563	0.00990968	0.004506016	0.00448067	4.862406e-05	6.041626e-06	4.480063e-06	2.645223e-06	2.535402e-06	2.414389e-06	2.400277e-06	1.530285e-06	1.349671e-06	1.138407e-06	1.120379e-06	6.519386e-07	6.202439e-07	6.19824e-07
80	0.8669862	0.761121	0.7487674	0.7485707	0.7481491	0.7178423	0.386028	0.359493	0.05815688	0.05180354	0.04894504	0.04851911	0.04842738	0.04545226	0.00990842	0.004504769	0.004480565	4.862272e-05	6.040629e-06	4.479072e-06	2.644613e-06	2.534793e-06	2.413798e-06	2.399732e-06	1.529822e-06	1.349553e-06	1.138289e-06	1.12026e-06	6.518203e-07	6.201764e-07
