#unpaired probabilities
 #i$	l=1	2	3	4	5	6	7	8	9	10	11	12	13	14	15	16	17	18	19	20	21	22	23	24	25	26	27	28	29	30	
1	0.9851687	NA	NA	NA	NA	NA	NA	NA	NA	NA	NA	NA	NA	NA	NA	NA	NA	NA	NA	NA	NA	NA	NA	NA	NA	NA	NA	NA	NA	NA
2	0.4512957	0.447529	NA	NA	NA	NA	NA	NA	NA	NA	NA	NA	NA	NA	NA	NA	NA	NA	NA	NA	NA	NA	NA	NA	NA	NA	NA	NA	NA	NA
3	0.06767747	0.04911797	0.04904185	NA	NA	NA	NA	NA	NA	NA	NA	NA	NA	NA	NA	NA	NA	NA	NA	NA	NA	NA	NA	NA	NA	NA	NA	NA	NA	NA
4	0.2995351	0.06296284	0.04644448	0.04639977	NA	NA	NA	NA	NA	NA	NA	NA	NA	NA	NA	NA	NA	NA	NA	NA	NA	NA	NA	NA	NA	NA	NA	NA	NA	NA
5	0.9909652	0.2983625	0.06294278	0.04643123	0.0463867	NA	NA	NA	NA	NA	NA	NA	NA	NA	NA	NA	NA	NA	NA	NA	NA	NA	NA	NA	NA	NA	NA	NA	NA	NA
6	0.4957	0.394584	0.2454162	0.05493097	0.04069003	0.0407843	NA	NA	NA	NA	NA	NA	NA	NA	NA	NA	NA	NA	NA	NA	NA	NA	NA	NA	NA	NA	NA	NA	NA	NA
7	0.169915	0.1778815	0.1845844	0.1165203	0.0122316	0.007069255	0.007006872	NA	NA	NA	NA	NA	NA	NA	NA	NA	NA	NA	NA	NA	NA	NA	NA	NA	NA	NA	NA	NA	NA	NA
8	0.2593994	0.1574948	0.1666342	0.1731469	0.1093038	0.01052783	0.005779516	0.005726022	NA	NA	NA	NA	NA	NA	NA	NA	NA	NA	NA	NA	NA	NA	NA	NA	NA	NA	NA	NA	NA	NA
9	0.3235903	0.1645719	0.09993163	0.1054802	0.1061193	0.06632429	0.006099522	0.003141861	0.00311094	NA	NA	NA	NA	NA	NA	NA	NA	NA	NA	NA	NA	NA	NA	NA	NA	NA	NA	NA	NA	NA
10	0.1357599	0.0814968	0.0511983	0.031559	0.03348715	0.03644727	0.02234168	0.003347931	0.002242007	0.002221795	NA	NA	NA	NA	NA	NA	NA	NA	NA	NA	NA	NA	NA	NA	NA	NA	NA	NA	NA	NA
11	0.1728193	0.07235869	0.04901863	0.02975605	0.01800437	0.01906588	0.02070467	0.01382864	0.002898912	0.002071138	0.002054334	NA	NA	NA	NA	NA	NA	NA	NA	NA	NA	NA	NA	NA	NA	NA	NA	NA	NA	NA
12	0.5293171	0.08857276	0.03509118	0.02434725	0.01381598	0.008286443	0.008774323	0.009531241	0.006366757	0.001312035	0.000933845	0.0009264759	NA	NA	NA	NA	NA	NA	NA	NA	NA	NA	NA	NA	NA	NA	NA	NA	NA	NA
13	0.6117778	0.498676	0.07054484	0.02757481	0.01965009	0.01032313	0.00610345	0.006451839	0.006999661	0.004671815	0.0009510573	0.0006759435	0.0006706553	NA	NA	NA	NA	NA	NA	NA	NA	NA	NA	NA	NA	NA	NA	NA	NA	NA
14	0.789194	0.6108393	0.4981695	0.07005286	0.02729533	0.01935747	0.01001111	0.006087291	0.006442225	0.006989171	0.004664824	0.0009496488	0.000674936	0.0006696552	NA	NA	NA	NA	NA	NA	NA	NA	NA	NA	NA	NA	NA	NA	NA	NA
15	0.9974282	0.7864735	0.6079409	0.4950587	0.06667048	0.02359261	0.0152463	0.0100081	0.006085364	0.006440164	0.006986909	0.004663243	0.0009491532	0.0006746811	0.0006694023	NA	NA	NA	NA	NA	NA	NA	NA	NA	NA	NA	NA	NA	NA	NA
16	0.04115573	0.04108526	0.03016946	0.02419982	0.02179097	0.02115674	0.003538355	0.002453668	0.0004665023	0.0001726376	0.0001591298	0.0001428058	0.0001018067	3.922687e-05	3.123091e-05	3.108491e-05	NA	NA	NA	NA	NA	NA	NA	NA	NA	NA	NA	NA	NA	NA
17	0.02691522	0.01663055	0.01725948	0.009267291	0.005904405	0.005924018	0.006200551	0.003202099	0.002281736	0.000345074	9.088868e-05	7.082946e-05	4.481953e-05	3.049636e-05	1.015052e-05	8.04217e-06	8.071372e-06	NA	NA	NA	NA	NA	NA	NA	NA	NA	NA	NA	NA	NA
18	0.2705242	0.01842946	0.009243342	0.009432979	0.008506576	0.005111286	0.005084133	0.005293183	0.002216414	0.00226035	0.0003434534	8.990554e-05	6.976818e-05	4.363861e-05	2.964033e-05	9.911e-06	7.861678e-06	7.908481e-06	NA	NA	NA	NA	NA	NA	NA	NA	NA	NA	NA	NA
19	0.6873655	0.22549	0.01616568	0.006898361	0.006931958	0.00582703	0.002492356	0.002247062	0.00219824	0.002214599	0.002258407	0.0003434402	8.989903e-05	6.976158e-05	4.363132e-05	2.963527e-05	9.909429e-06	7.860609e-06	7.907478e-06	NA	NA	NA	NA	NA	NA	NA	NA	NA	NA	NA
20	0.677443	0.5931446	0.1645082	0.01520703	0.006433312	0.006447625	0.005681681	0.002366364	0.002138062	0.002183917	0.002210303	0.002254969	0.0003422161	8.92027e-05	6.905648e-05	4.28623e-05	2.910667e-05	9.763294e-06	7.74848e-06	7.795952e-06	NA	NA	NA	NA	NA	NA	NA	NA	NA	NA
21	0.9498693	0.6262846	0.5814616	0.1597396	0.01244589	0.003544948	0.00336716	0.002381578	0.001211692	0.0008875156	0.000819834	0.000710066	0.0005880998	0.0003421758	8.91778e-05	6.903001e-05	4.283328e-05	2.908673e-05	9.757821e-06	7.74506e-06	7.792577e-06	NA	NA	NA	NA	NA	NA	NA	NA	NA
22	0.6130386	0.6182445	0.5199745	0.5094259	0.1107129	0.00543883	0.001281365	0.001183528	0.0005018348	0.0003240908	0.0001837363	0.0001228209	5.716627e-05	3.67047e-05	2.447742e-05	1.556567e-05	1.648565e-05	1.79971e-05	1.185216e-05	2.480531e-06	1.789909e-06	1.774654e-06	NA	NA	NA	NA	NA	NA	NA	NA
23	0.2174982	0.115878	0.1046703	0.06625483	0.04063266	0.02034278	0.003065034	0.0005255098	0.0004426071	0.0003345337	0.0002189766	0.0001236889	8.125452e-05	3.82402e-05	2.44903e-05	1.766869e-05	1.126668e-05	1.200531e-05	1.311366e-05	8.541837e-06	1.668087e-06	1.176642e-06	1.166523e-06	NA	NA	NA	NA	NA	NA	NA
24	0.1868063	0.141867	0.1049633	0.0939484	0.0622163	0.03740626	0.01795167	0.00293084	0.0005134232	0.0004324344	0.000327505	0.0002137223	0.0001199969	7.813955e-05	3.58961e-05	2.278952e-05	1.670021e-05	1.058932e-05	1.12694e-05	1.229207e-05	8.189752e-06	1.635578e-06	1.157541e-06	1.147984e-06	NA	NA	NA	NA	NA	NA
25	0.4872031	0.1699646	0.1331194	0.1020808	0.09122342	0.06100787	0.0365035	0.01739439	0.002868284	0.0004965341	0.0004160627	0.0003228456	0.0002105509	0.0001181761	7.68558e-05	3.522987e-05	2.250646e-05	1.652159e-05	1.047448e-05	1.114634e-05	1.215681e-05	8.10326e-06	1.6147e-06	1.141514e-06	1.132401e-06	NA	NA	NA	NA	NA
26	0.7463948	0.3684192	0.1685861	0.1320545	0.1012972	0.09044383	0.06076167	0.0362989	0.01733099	0.00285599	0.000492408	0.0004120587	0.0003190723	0.000207276	0.0001163611	7.565554e-05	3.420731e-05	2.17413e-05	1.595465e-05	1.013002e-05	1.078455e-05	1.176532e-05	7.856856e-06	1.600852e-06	1.136427e-06	1.127341e-06	NA	NA	NA	NA
27	0.947485	0.692342	0.3678229	0.1684406	0.1320087	0.1012663	0.09041754	0.06074114	0.03628287	0.01732003	0.002849763	0.0004863307	0.0004055998	0.0003121753	0.0002069792	0.0001160591	7.533515e-05	3.386545e-05	2.136336e-05	1.595375e-05	1.012938e-05	1.078385e-05	1.176454e-05	7.856241e-06	1.600498e-06	1.136208e-06	1.127124e-06	NA	NA	NA
28	0.8970998	0.8918623	0.638673	0.3540349	0.1666075	0.1304539	0.100146	0.08928714	0.06051407	0.03610365	0.01724196	0.002835621	0.0004820167	0.0004014749	0.0003083794	0.0002037195	0.0001131615	7.339541e-05	3.2153e-05	2.009098e-05	1.499954e-05	9.519941e-06	1.013635e-05	1.105797e-05	7.41267e-06	1.578949e-06	1.130028e-06	1.120988e-06	NA	NA
29	0.9854116	0.8958451	0.8908148	0.6375916	0.354027	0.1666023	0.1304504	0.1001442	0.08928558	0.06051303	0.03610293	0.0172416	0.002835509	0.0004819532	0.0004014098	0.0003083121	0.0002037096	0.0001131532	7.338732e-05	3.214997e-05	2.008785e-05	1.499932e-05	9.519731e-06	1.013611e-05	1.105769e-05	7.412357e-06	1.578582e-06	1.130005e-06	1.120965e-06	NA
30	0.8554018	0.8506139	0.7736378	0.7672044	0.5567577	0.290523	0.1459829	0.1124771	0.08463017	0.07440771	0.04861903	0.03325024	0.01570475	0.002720229	0.0004581185	0.0003802791	0.000290485	0.0001901325	0.0001035633	6.517603e-05	2.6139e-05	1.652283e-05	1.237871e-05	7.919983e-06	8.447823e-06	9.236156e-06	6.235514e-06	1.436396e-06	1.086701e-06	1.078283e-06
31	0.781663	0.6969735	0.6918668	0.6252927	0.6184502	0.4150287	0.2050279	0.125076	0.09630027	0.07237581	0.06360329	0.0415306	0.02835205	0.01360883	0.002262728	0.0003808093	0.0003162115	0.0002415746	0.0001585344	8.658819e-05	5.475153e-05	2.23273e-05	1.428688e-05	1.066766e-05	6.761382e-06	7.197995e-06	7.852839e-06	5.291807e-06	1.194248e-06	9.020691e-07
32	0.1379561	0.1146783	0.1122953	0.1113542	0.1003512	0.09906807	0.08960271	0.04959755	0.02017057	0.01544338	0.01146329	0.009955029	0.006927694	0.00471882	0.002194157	0.0004501845	7.436226e-05	6.120499e-05	4.595525e-05	2.928734e-05	1.52152e-05	8.835222e-06	2.488787e-06	1.279427e-06	9.277718e-07	6.320188e-07	6.833602e-07	7.581906e-07	5.516859e-07	2.236207e-07
33	0.2115146	0.03795057	0.034777	0.03352127	0.03296941	0.02849563	0.02778663	0.0234481	0.01015835	0.007515497	0.005810717	0.004162597	0.003636175	0.002488201	0.00171763	0.0008394262	0.0001520468	2.498143e-05	2.056734e-05	1.525936e-05	9.834097e-06	5.214222e-06	3.150209e-06	1.042669e-06	5.928262e-07	4.070793e-07	2.700613e-07	2.904395e-07	3.203848e-07	2.262103e-07
34	0.187889	0.0244013	0.008923395	0.007764395	0.007442759	0.007349124	0.006323639	0.006198318	0.0054173	0.002666259	0.001561318	0.001181666	0.0009101408	0.000804885	0.000566235	0.0004171886	0.0002359361	3.4478e-05	5.441813e-06	4.430872e-06	3.021542e-06	1.921971e-06	1.058697e-06	6.791572e-07	2.561897e-07	1.498026e-07	7.250057e-08	4.983885e-08	5.401096e-08	6.006192e-08
35	0.2233829	0.1050272	0.01601261	0.004074817	0.003075436	0.00285599	0.002818388	0.002277923	0.002225191	0.001820734	0.000851657	0.0006745763	0.0005025673	0.0003940339	0.0003551513	0.0002532078	0.0002017936	0.000143094	1.419433e-05	2.068542e-06	1.650843e-06	9.174357e-07	5.804403e-07	3.602114e-07	2.735287e-07	1.410645e-07	9.069145e-08	2.743875e-08	1.877287e-08	2.035317e-08
36	0.698986	0.1838712	0.1010917	0.01321324	0.002666228	0.002546045	0.002341388	0.002309951	0.001803708	0.001757565	0.001431931	0.0006864261	0.0005341403	0.0003863619	0.0003011834	0.0002684263	0.0002091913	0.0001691483	0.0001230126	1.065173e-05	1.684665e-06	1.394085e-06	8.161353e-07	5.497499e-07	3.477833e-07	2.632427e-07	1.329182e-07	8.366495e-08	2.190627e-08	1.475579e-08
37	0.9905301	0.6988598	0.1838171	0.1010676	0.01319439	0.002650764	0.002530477	0.002336032	0.002304697	0.001798739	0.001752708	0.001427805	0.0006849124	0.000532934	0.0003854351	0.0003004792	0.0002678125	0.0002087488	0.0001688241	0.0001228195	1.061299e-05	1.680295e-06	1.391097e-06	8.14597e-07	5.491627e-07	3.474877e-07	2.630152e-07	1.327973e-07	8.358573e-08	2.184477e-08
38	0.9943176	0.9902595	0.6986796	0.1836748	0.1009474	0.01307437	0.002531111	0.002407244	0.002331326	0.002300022	0.001794227	0.001748227	0.001423688	0.000683924	0.0005321502	0.0003848414	0.0003000346	0.0002674309	0.0002084697	0.0001686193	0.0001226965	1.058659e-05	1.672402e-06	1.383592e-06	8.074534e-07	5.487888e-07	3.472737e-07	2.628355e-07	1.327216e-07	8.353303e-08
39	0.8475226	0.8488741	0.854702	0.646587	0.1514354	0.09518957	0.00821862	0.001763229	0.001697885	0.001671443	0.001662544	0.001263046	0.001241893	0.0009845949	0.0003864228	0.0002800572	0.0002155512	0.0001631463	0.0001434651	9.583257e-05	6.624589e-05	3.151607e-05	7.691816e-06	1.406743e-06	1.222238e-06	6.631117e-07	4.269149e-07	2.4388e-07	1.637964e-07	4.848576e-08
40	0.3584215	0.3224072	0.3105002	0.3024151	0.08001613	0.06735157	0.008951448	0.007882711	0.001455235	0.001411302	0.001377484	0.001359855	0.001205985	0.001184123	0.0009620819	0.0003774918	0.0002728938	0.0002098411	0.0001587901	0.0001394982	9.300503e-05	6.397036e-05	2.985331e-05	6.902589e-06	1.381445e-06	1.2051e-06	6.562189e-07	4.241487e-07	2.421515e-07	1.621289e-07
41	0.1899232	0.0994346	0.07678207	0.06032953	0.0468676	0.0224037	0.009155726	0.003147091	0.002013732	0.001277044	0.001238968	0.001210995	0.001192939	0.001060555	0.001038036	0.0008258724	0.000305314	0.0002437542	0.00018585	0.0001407888	0.0001220547	8.581016e-05	5.827827e-05	2.729077e-05	6.259795e-06	1.268028e-06	1.109993e-06	5.823458e-07	3.639798e-07	1.874063e-07
42	0.1404729	0.1129235	0.09225982	0.07174107	0.05607395	0.04362737	0.02049592	0.008389347	0.002784709	0.001790742	0.00112278	0.001085976	0.001056445	0.001035926	0.0009028961	0.0008768633	0.0007692042	0.0002910581	0.0002322541	0.0001766478	0.0001337762	0.000115681	8.122517e-05	5.473743e-05	2.491531e-05	5.485206e-06	9.110737e-07	7.504467e-07	5.677979e-07	3.586648e-07
43	0.08867114	0.02129256	0.01770689	0.01442416	0.01071096	0.008278483	0.006322093	0.003170808	0.001372523	0.0004406718	0.0002928377	0.0001690441	0.0001634036	0.0001585068	0.0001552839	0.0001356441	0.00013163	0.0001162124	4.522613e-05	3.613375e-05	2.763572e-05	2.089426e-05	1.818024e-05	1.23618e-05	8.360952e-06	3.871377e-06	7.59918e-07	1.266013e-07	1.045798e-07	7.952349e-08
44	0.2700128	0.02025999	0.004182481	0.003567815	0.00290444	0.002367933	0.001894855	0.001441648	0.0007105604	0.0003683475	0.000106338	7.800542e-05	3.201015e-05	3.070721e-05	2.92173e-05	2.83866e-05	2.465093e-05	2.369034e-05	2.105218e-05	1.035222e-05	8.319879e-06	6.529573e-06	4.925137e-06	4.406614e-06	2.647377e-06	1.834664e-06	9.372913e-07	1.03927e-07	1.789268e-08	1.51259e-08
45	0.1387999	0.1089431	0.009282173	0.001937315	0.001687426	0.001439458	0.001210037	0.0009536836	0.0006870702	0.0003311714	0.0001764956	6.299742e-05	5.019745e-05	1.434083e-05	1.360375e-05	1.255583e-05	1.204514e-05	1.034804e-05	9.790885e-06	8.824572e-06	5.801345e-06	4.692123e-06	3.777423e-06	2.842412e-06	2.610249e-06	1.379808e-06	9.829828e-07	5.545125e-07	1.780368e-08	3.957374e-09
46	0.5189693	0.1321127	0.1059596	0.009043423	0.001883839	0.001641029	0.001398825	0.001174446	0.0009214838	0.000658199	0.0003182236	0.0001699141	6.039165e-05	4.828184e-05	1.322063e-05	1.254588e-05	1.165064e-05	1.115887e-05	9.652991e-06	9.108389e-06	8.185316e-06	5.391969e-06	4.324592e-06	3.445923e-06	2.606124e-06	2.368583e-06	1.353362e-06	9.647223e-07	5.44767e-07	1.626608e-08
47	0.5515466	0.4836242	0.1118531	0.0864892	0.005174586	0.001732428	0.001494454	0.001280054	0.001057172	0.0008029862	0.0005383707	0.0002533263	0.0001085118	3.431025e-05	2.201108e-05	1.23421e-05	1.171196e-05	1.095145e-05	1.048075e-05	9.151094e-06	8.622102e-06	7.722499e-06	5.190035e-06	4.231413e-06	3.366907e-06	2.545199e-06	2.305791e-06	1.346521e-06	9.605075e-07	5.428685e-07
48	0.1853905	0.136226	0.1027454	0.03441526	0.0213957	0.001649953	0.0001578938	0.0001398357	0.0001231124	0.0001097672	0.0001000142	8.971469e-05	4.265671e-05	2.419865e-05	8.54512e-06	6.548649e-06	3.847615e-06	3.684395e-06	3.292737e-06	3.248353e-06	2.566028e-06	2.545365e-06	2.430856e-06	1.267358e-06	1.040201e-06	9.294784e-07	6.542702e-07	6.71872e-07	6.715875e-08	4.945338e-08
49	0.1913134	0.1035821	0.09316807	0.08247416	0.0287161	0.01623645	0.001212314	7.643555e-05	6.527347e-05	5.541872e-05	4.642896e-05	4.020998e-05	3.363135e-05	1.84344e-05	1.096614e-05	3.094146e-06	2.428679e-06	1.475118e-06	1.454221e-06	1.411879e-06	1.405956e-06	1.143124e-06	1.142179e-06	1.105303e-06	3.504115e-07	2.053023e-07	1.631408e-07	1.120325e-07	1.08776e-07	3.468902e-08
50	0.1030213	0.08165528	0.06656826	0.05717939	0.05003328	0.01472992	0.00259551	0.0009121535	5.905974e-05	4.984777e-05	4.16949e-05	3.372305e-05	2.797824e-05	2.191248e-05	1.308422e-05	6.919494e-06	1.626261e-06	1.113582e-06	7.909609e-07	7.738018e-07	7.55637e-07	7.38997e-07	5.081972e-07	4.92295e-07	4.467014e-07	1.400852e-07	1.059627e-07	7.192344e-08	4.699362e-08	4.14247e-08
51	0.04855331	0.0254893	0.01608444	0.009109551	0.008741077	0.007778006	0.001538354	0.001282639	0.0007992121	2.724836e-05	2.234408e-05	1.774337e-05	1.334837e-05	1.117764e-05	8.879757e-06	5.876028e-06	4.011411e-06	5.373894e-07	3.671607e-07	2.264461e-07	2.185321e-07	2.039381e-07	2.013025e-07	1.8251e-07	1.802796e-07	1.516162e-07	4.538694e-08	3.564486e-08	2.821336e-08	2.174564e-08
52	0.09869948	0.01057859	0.007289764	0.004526714	0.002275825	0.00216992	0.001523859	0.0009578334	0.0009324571	0.000754158	8.34011e-06	7.204584e-06	6.174774e-06	5.483158e-06	5.069732e-06	4.631856e-06	3.680016e-06	3.100834e-06	2.209389e-07	1.587308e-07	9.405576e-08	9.052108e-08	8.07367e-08	7.906433e-08	6.54223e-08	6.397884e-08	5.389644e-08	1.571021e-08	1.190595e-08	9.341088e-09
53	0.8367744	0.02638614	0.009625026	0.006686389	0.004100358	0.002111709	0.002029482	0.00140899	0.0009218008	0.0008991772	0.0007517042	7.937998e-06	6.870254e-06	5.903603e-06	5.272799e-06	4.887772e-06	4.480357e-06	3.60068e-06	3.05762e-06	1.98553e-07	1.394736e-07	7.77583e-08	7.40614e-08	6.426292e-08	6.220931e-08	4.872085e-08	4.686227e-08	4.173763e-08	1.429611e-08	1.068771e-08
54	0.8358732	0.8006828	0.01401443	0.008210669	0.00588264	0.003653099	0.001932497	0.001886669	0.001290781	0.0008824829	0.0008663353	0.0007484523	6.986928e-06	6.098673e-06	5.303623e-06	4.846083e-06	4.539099e-06	4.214371e-06	3.457497e-06	2.993345e-06	1.72144e-07	1.19883e-07	6.292967e-08	5.93019e-08	4.963628e-08	4.739392e-08	3.403218e-08	3.193825e-08	2.774793e-08	1.246561e-08
55	0.7423074	0.7379893	0.7106319	0.01009066	0.005023838	0.003085591	0.001102964	0.0004284019	0.0003747273	0.0002487412	8.446533e-05	6.229403e-05	7.471293e-06	3.403227e-06	2.600732e-06	1.874467e-06	1.445501e-06	1.145165e-06	8.257666e-07	4.300791e-07	1.78645e-07	6.130491e-08	3.847783e-08	2.280497e-08	2.188106e-08	1.998975e-08	1.923603e-08	1.605859e-08	1.51969e-08	1.263191e-08
56	0.8102478	0.7372572	0.7329047	0.7056544	0.00887791	0.00404503	0.002094429	0.001020851	0.0003713815	0.0003178502	0.0002102216	7.339452e-05	5.174319e-05	6.961482e-06	3.106471e-06	2.570924e-06	1.847013e-06	1.420119e-06	1.121477e-06	8.060404e-07	4.181407e-07	1.718851e-07	5.708282e-08	3.592084e-08	2.078763e-08	1.991328e-08	1.823875e-08	1.748454e-08	1.46008e-08	1.376661e-08
57	0.25741	0.1488188	0.1073884	0.09260361	0.05406935	0.008405197	0.003797369	0.001910005	0.0009312792	0.0003439319	0.0002936716	0.000193377	6.779603e-05	4.714222e-05	6.292665e-06	2.735826e-06	2.220602e-06	1.750375e-06	1.348951e-06	1.062366e-06	7.596468e-07	3.933853e-07	1.604442e-07	5.203561e-08	3.201598e-08	1.866214e-08	1.782567e-08	1.624241e-08	1.54879e-08	1.274935e-08
58	0.1892224	0.181614	0.1394993	0.1029807	0.08828129	0.0497869	0.006429713	0.003766451	0.001888261	0.0009193451	0.0003405927	0.0002907921	0.0001910954	6.69586e-05	4.646904e-05	6.124983e-06	2.700127e-06	2.189184e-06	1.7342e-06	1.337624e-06	1.053033e-06	7.524161e-07	3.896228e-07	1.58614e-07	5.128466e-08	3.142497e-08	1.839277e-08	1.756094e-08	1.601059e-08	1.525667e-08
59	0.9027467	0.1875683	0.1806922	0.1393725	0.1029608	0.08826496	0.04977318	0.00642824	0.003765711	0.001887749	0.0009190571	0.000340485	0.0002906949	0.0001910184	6.69289e-05	4.644345e-05	6.122364e-06	2.699458e-06	2.18863e-06	1.733752e-06	1.337286e-06	1.052748e-06	7.521867e-07	3.894767e-07	1.585152e-07	5.120782e-08	3.13505e-08	1.831954e-08	1.748573e-08	1.600521e-08
60	0.2862061	0.1897085	0.1306492	0.1254083	0.0958638	0.08278119	0.07203992	0.03672609	0.003897961	0.001889379	0.001116751	0.0004598444	0.0001547005	0.0001232324	0.0001026177	3.673652e-05	2.75169e-05	3.632561e-06	1.682232e-06	1.3925e-06	1.141613e-06	9.566966e-07	7.505286e-07	5.32903e-07	2.701046e-07	1.08829e-07	3.325869e-08	1.933642e-08	1.095623e-08	1.0333e-08
61	0.2678867	0.2580564	0.1616541	0.1047982	0.09961521	0.06972904	0.05625528	0.04527906	0.03646856	0.003856538	0.001858858	0.001090477	0.0004517689	0.000150862	0.0001196475	9.993629e-05	3.582504e-05	2.67254e-05	3.489975e-06	1.568575e-06	1.378983e-06	1.130843e-06	9.487453e-07	7.437311e-07	5.280114e-07	2.67309e-07	1.075345e-07	3.266162e-08	1.88828e-08	1.058666e-08
62	0.2222449	0.1785648	0.1739516	0.1155497	0.08442868	0.07978841	0.06270235	0.04998991	0.03927549	0.03065712	0.003596649	0.001684792	0.0009382851	0.0003557726	0.0001122652	8.40859e-05	6.79712e-05	2.443715e-05	1.731788e-05	2.498423e-06	1.228661e-06	1.061449e-06	9.035084e-07	7.391144e-07	5.507684e-07	3.51892e-07	1.65197e-07	6.611745e-08	2.014455e-08	1.20709e-08
63	0.7542547	0.1714645	0.1592802	0.1580934	0.1103679	0.08284212	0.07822966	0.06177589	0.04922464	0.03865469	0.0301517	0.003524331	0.001642654	0.0009058122	0.0003323707	0.0001091259	8.123298e-05	6.546921e-05	2.355283e-05	1.659046e-05	2.417975e-06	1.203114e-06	1.038182e-06	8.856755e-07	7.23363e-07	5.364665e-07	3.390686e-07	1.579189e-07	6.31461e-08	1.922538e-08
64	0.9072159	0.7339733	0.163753	0.1517589	0.150601	0.1030143	0.07584376	0.07123636	0.06005642	0.04786502	0.03764524	0.02942533	0.003417814	0.001597463	0.0008848239	0.0003274748	0.0001073105	7.960489e-05	6.407463e-05	2.306064e-05	1.618345e-05	2.376825e-06	1.190982e-06	1.026896e-06	8.750196e-07	7.133569e-07	5.270994e-07	3.303382e-07	1.531186e-07	6.130335e-08
65	0.2525935	0.17755	0.1179195	0.07140468	0.06949567	0.06923958	0.0216553	0.01298793	0.01260297	0.01013068	0.006948542	0.005434811	0.00422116	0.000520692	0.0002566293	0.000151539	6.206496e-05	2.140381e-05	1.765789e-05	1.400322e-05	4.773642e-06	3.631377e-06	4.478124e-07	1.716246e-07	1.443081e-07	1.189358e-07	9.243049e-08	7.595315e-08	5.863493e-08	2.928725e-08
66	0.1836206	0.1703804	0.1026771	0.06880058	0.03897015	0.0381987	0.03804104	0.01801513	0.01021198	0.009877757	0.00782759	0.005080268	0.003985438	0.003109278	0.0003848643	0.0001933765	0.0001163878	4.925971e-05	1.77151e-05	1.461146e-05	1.159343e-05	3.909912e-06	2.97795e-06	3.587233e-07	1.3727e-07	1.145239e-07	9.333142e-08	7.127966e-08	5.8577e-08	4.522413e-08
67	0.1842366	0.1531661	0.1449183	0.07754467	0.05709977	0.03413894	0.03345957	0.03331256	0.01328672	0.00958769	0.009294809	0.007300884	0.004791096	0.003752247	0.002921032	0.0003599997	0.0001784209	0.0001085882	4.610748e-05	1.669042e-05	1.380829e-05	1.092973e-05	3.672538e-06	2.810105e-06	3.354935e-07	1.269389e-07	1.058687e-07	8.62176e-08	6.577021e-08	5.42378e-08
68	0.41137	0.1607842	0.1321143	0.1239918	0.06340607	0.04412062	0.02173275	0.02106226	0.02091651	0.01317907	0.009542451	0.009255087	0.007266667	0.004763916	0.003730803	0.002903735	0.0003578288	0.000177143	0.0001077021	4.578372e-05	1.656731e-05	1.372176e-05	1.085902e-05	3.647493e-06	2.791179e-06	3.331707e-07	1.260515e-07	1.051251e-07	8.56057e-08	6.529412e-08
69	0.8505195	0.3908907	0.1504527	0.1233966	0.1155526	0.05809594	0.04169692	0.02046791	0.0198212	0.01968104	0.01222374	0.009149923	0.00887756	0.006945218	0.004503296	0.003526668	0.002744694	0.0003385616	0.0001678667	0.0001022979	4.439293e-05	1.602481e-05	1.327269e-05	1.048146e-05	3.514143e-06	2.683128e-06	3.21599e-07	1.222661e-07	1.016841e-07	8.24523e-08
70	0.7058496	0.6112707	0.339815	0.1161456	0.09496346	0.08752158	0.05211514	0.03714179	0.0198904	0.01926833	0.01913188	0.01187068	0.008900686	0.008756813	0.006841546	0.004417653	0.003457774	0.002689061	0.0003300113	0.0001623578	9.787993e-05	4.161592e-05	1.423617e-05	1.236726e-05	9.662551e-06	3.244876e-06	2.448962e-06	3.025664e-07	1.184333e-07	9.841016e-08
71	0.5254249	0.4945234	0.4199306	0.2364478	0.05957978	0.04534559	0.03950708	0.03917761	0.02770102	0.0148407	0.0143699	0.01426715	0.00838729	0.005990375	0.005864378	0.004409238	0.002457906	0.001958091	0.001560467	0.000185316	9.894627e-05	6.633846e-05	3.229607e-05	1.015127e-05	8.575154e-06	6.677872e-06	2.328388e-06	1.678024e-06	2.273323e-07	9.629526e-08
72	0.4330108	0.4256405	0.4089708	0.3509954	0.2113593	0.04818741	0.03553617	0.02999707	0.029674	0.02342281	0.01261109	0.01217436	0.01207831	0.00619849	0.004119048	0.00401325	0.002598	0.002143512	0.001708502	0.001363006	0.0001623441	8.766729e-05	5.960888e-05	2.943583e-05	8.83896e-06	7.357969e-06	5.935726e-06	2.111802e-06	1.512581e-06	2.076164e-07
73	0.4268545	0.4024724	0.3988568	0.3906762	0.3369397	0.2018099	0.04160179	0.02913672	0.02363463	0.02353239	0.01731933	0.006614521	0.006181876	0.006086786	0.006080561	0.004034635	0.003930088	0.002526566	0.002084379	0.001668096	0.001332195	0.0001583427	8.576186e-05	5.874434e-05	2.919381e-05	8.748761e-06	7.276898e-06	5.871962e-06	2.089574e-06	1.49464e-06
74	0.49514	0.406797	0.3889585	0.385753	0.3784846	0.3269924	0.1969598	0.03989178	0.02775514	0.02231446	0.02222206	0.01604024	0.005553027	0.005124865	0.005030901	0.005027857	0.003992094	0.003891931	0.002493737	0.002057103	0.001646179	0.001315907	0.0001559478	8.432743e-05	5.767e-05	2.872897e-05	8.553595e-06	7.098108e-06	5.718139e-06	2.032716e-06
75	0.5918234	0.4244613	0.3435998	0.3267769	0.3241643	0.3194482	0.2762056	0.1497964	0.03646597	0.02455885	0.02214822	0.02205661	0.01589172	0.005493594	0.005067817	0.005002944	0.004999905	0.003976793	0.003876796	0.002481105	0.002046394	0.001637332	0.001308554	0.0001550763	8.385001e-05	5.732267e-05	2.853179e-05	8.472756e-06	7.022384e-06	5.652506e-06
76	0.856058	0.5029968	0.4017118	0.3350595	0.3221938	0.3198976	0.3158321	0.2730861	0.1479333	0.03525854	0.02346362	0.02107296	0.02098137	0.01482614	0.004470343	0.004049504	0.003985026	0.003981988	0.00297112	0.002871269	0.00245314	0.002024257	0.001620878	0.001296693	0.0001533004	8.307052e-05	5.693602e-05	2.842007e-05	8.435085e-06	6.989054e-06
77	0.790088	0.748638	0.429748	0.3328235	0.2752608	0.2645731	0.2627574	0.2593348	0.2235118	0.1187514	0.02825221	0.01869541	0.01679579	0.01670509	0.01158662	0.003006602	0.002655836	0.002605421	0.002602426	0.001906212	0.001841905	0.001574909	0.001313908	0.001061394	0.0008586154	0.0001021005	5.857044e-05	4.281365e-05	2.288027e-05	6.898096e-06
78	0.6032238	0.5802371	0.5688046	0.2758693	0.181453	0.1544729	0.1468401	0.1459253	0.1436716	0.1226121	0.05628739	0.01435855	0.008755191	0.007764267	0.007713877	0.005994309	0.001141307	0.0009234226	0.0008971441	0.0008968348	0.0006416544	0.0006207258	0.0005365408	0.0004604153	0.0003870622	0.0003283297	3.370803e-05	2.008924e-05	1.554904e-05	8.94386e-06
79	0.4489445	0.4071689	0.4032852	0.3986405	0.1164077	0.1121675	0.08747672	0.08611769	0.08571022	0.08412325	0.07098704	0.02694617	0.008042982	0.004546021	0.003995789	0.00394687	0.002414775	0.0004186274	0.0002538094	0.0002373838	0.0002372225	0.0001571236	0.0001532525	0.0001392168	0.0001338479	0.0001290069	0.0001254412	7.102554e-06	4.863348e-06	4.501478e-06
80	0.4608819	0.3833574	0.3596662	0.3566989	0.3540703	0.07292337	0.07061002	0.06906124	0.06799321	0.06777378	0.06682688	0.0548682	0.0215418	0.006416188	0.003931833	0.003463833	0.003414984	0.001902789	0.0002140178	0.0001895428	0.0001742356	0.0001740926	0.0001129504	0.0001109058	0.0001031049	0.0001039185	0.0001050554	0.0001063076	4.414576e-06	3.241668e-06
81	0.3575894	0.3570847	0.3471154	0.3400583	0.3394942	0.3373849	0.05270103	0.05145509	0.05045153	0.05003627	0.04986785	0.04917762	0.03839532	0.01512161	0.004929591	0.003250936	0.002985537	0.002935914	0.00141062	0.0001687003	0.00015021	0.0001474668	0.0001473621	9.423423e-05	9.262702e-05	9.383774e-05	9.522498e-05	9.690901e-05	9.861918e-05	2.767509e-06
82	0.3594355	0.3348991	0.3345014	0.3256436	0.3205794	0.3202159	0.318395	0.03731361	0.03611224	0.03525572	0.0349645	0.03483054	0.03434929	0.02445232	0.009943824	0.003714036	0.002724891	0.002566706	0.002516263	0.0009780137	0.0001286172	0.0001140867	0.0001119582	0.0001118875	8.856277e-05	8.732699e-05	8.858395e-05	9.013977e-05	9.180824e-05	9.352385e-05
83	0.3964134	0.3494112	0.3260107	0.3256585	0.3173417	0.3124373	0.3121205	0.3116301	0.02604778	0.0248454	0.02403808	0.0238344	0.02372696	0.02339863	0.01412906	0.006055436	0.002787801	0.002310992	0.002232811	0.002232722	0.0006736981	0.0001126556	0.000101477	9.986626e-05	9.985389e-05	8.002152e-05	7.917353e-05	8.036337e-05	8.180122e-05	8.334242e-05
84	0.9390215	0.3882818	0.3422704	0.3216497	0.3213313	0.3164642	0.3151122	0.3148731	0.3144147	0.02356345	0.02240793	0.02180148	0.02163341	0.02158147	0.02143569	0.01223292	0.005176109	0.002550716	0.00219246	0.002132776	0.002132719	0.0005482048	7.288825e-05	6.490469e-05	6.376788e-05	6.375853e-05	4.795697e-05	4.737094e-05	4.806882e-05	4.891429e-05
85	0.9050558	0.8951906	0.3785758	0.3338705	0.3195995	0.3193363	0.3166879	0.3158886	0.3157282	0.315502	0.02003477	0.01889726	0.01832038	0.01818793	0.01814894	0.01802991	0.008860352	0.002734302	0.0007170452	0.0004712393	0.0004294329	0.0004294075	0.0004197494	3.020118e-05	2.553411e-05	2.488852e-05	2.488184e-05	1.41991e-05	1.391509e-05	1.403709e-05
86	0.677494	0.6070019	0.6023055	0.08198028	0.03709416	0.02353004	0.02326771	0.02098745	0.02027447	0.02013308	0.01991681	0.01960156	0.01844971	0.01787089	0.01774799	0.01771229	0.01760042	0.008327418	0.002439884	0.0006384416	0.00042276	0.0003862493	0.0003862303	0.0003779507	2.156827e-05	1.760087e-05	1.706689e-05	1.706098e-05	8.157285e-06	7.943756e-06
87	0.6334016	0.6309352	0.5777851	0.575558	0.05141098	0.01362008	0.01059396	0.01052084	0.008797339	0.008557994	0.008465348	0.008306334	0.008106421	0.00798622	0.007697426	0.007590936	0.007578346	0.007527209	0.00724109	0.001907745	0.000527285	0.0003656783	0.0003383803	0.0003383692	0.0003314685	9.614381e-06	6.599469e-06	6.215488e-06	6.2109e-06	1.77182e-06
88	0.596144	0.5939238	0.5924939	0.5612463	0.5610903	0.04020312	0.005313124	0.004890557	0.004875536	0.00322468	0.003065005	0.003002162	0.002948511	0.002829584	0.002713359	0.002674017	0.002619603	0.002612613	0.002582886	0.00241945	0.00129106	0.000328378	0.0002327701	0.0002165839	0.0002165764	0.0002120612	5.497517e-06	3.625522e-06	3.392513e-06	3.389382e-06
89	0.5820981	0.5590537	0.5584846	0.5578112	0.5537427	0.5536682	0.03565768	0.001750386	0.00157883	0.001571424	0.001531227	0.001420405	0.001367292	0.00134291	0.001269727	0.00125665	0.001222228	0.001206358	0.001202455	0.001185869	0.00109507	0.0004939944	0.0001597514	0.0001090057	0.0001003401	0.0001003353	9.800971e-05	3.493823e-06	2.683577e-06	2.574819e-06
90	0.06398282	0.04832105	0.03914491	0.03879923	0.03842448	0.03694584	0.03689334	0.03444552	0.0007287424	0.0006636209	0.0006611309	0.0006401007	0.0006268351	0.0006131364	0.0006053717	0.0005711854	0.0005607442	0.0005319566	0.0005257154	0.0005240226	0.0005154973	0.000474983	0.0001965311	4.723732e-05	2.521868e-05	2.136541e-05	2.136286e-05	2.030151e-05	1.408714e-06	1.191867e-06
91	0.07249055	0.01394185	0.00505528	0.00368439	0.00354993	0.0032713	0.00229796	0.002248503	0.001044777	0.0004641396	0.0004124654	0.0004108144	0.0003959125	0.0003877843	0.000382724	0.0003783966	0.0003525675	0.0003423687	0.0003142595	0.0003104262	0.0003094384	0.0003037075	0.000278827	0.0001154899	2.462578e-05	1.203169e-05	9.878756e-06	9.87719e-06	9.057477e-06	9.227298e-07
92	0.3102061	0.06175389	0.01084014	0.003825701	0.002951345	0.002827644	0.002558948	0.001704016	0.001654959	0.0008437016	0.0003121802	0.0002984829	0.0002971872	0.0002837601	0.0002771179	0.0002723514	0.0002693432	0.0002571721	0.0002468637	0.0002186366	0.0002155323	0.0002147626	0.0002102563	0.0001920287	8.101923e-05	1.614823e-05	7.689825e-06	6.265702e-06	6.264566e-06	6.020419e-06
93	0.3237322	0.2899349	0.05122513	0.008495572	0.003011123	0.002289263	0.002230213	0.001966958	0.001212277	0.00120403	0.0006901188	0.0001910723	0.0001834611	0.0001828361	0.0001706432	0.000165103	0.0001608545	0.0001594234	0.0001517299	0.000141342	0.0001130604	0.0001108906	0.0001104449	0.0001072497	9.759674e-05	4.199229e-05	8.402191e-06	4.275745e-06	3.543745e-06	3.54312e-06
94	0.115896	0.05675989	0.02773912	0.01343128	0.00477302	0.00255199	0.001953458	0.001907209	0.001646333	0.0009464776	0.0009392091	0.0005784418	9.071667e-05	8.67195e-05	8.632035e-05	7.487899e-05	7.061003e-05	6.649223e-05	6.577707e-05	5.926717e-05	4.874319e-05	4.788549e-05	4.613434e-05	4.584823e-05	4.536219e-05	3.988987e-05	2.215565e-05	4.156485e-06	2.477587e-06	2.125933e-06
95	0.1809147	0.06451096	0.04296017	0.01533213	0.0103614	0.004202859	0.002228891	0.001663381	0.001617615	0.0015861	0.0008986031	0.0008914093	0.0005601862	6.64086e-05	6.302077e-05	6.265715e-05	5.232364e-05	4.814652e-05	4.400197e-05	4.341577e-05	3.70358e-05	3.67741e-05	3.596001e-05	3.520336e-05	3.496272e-05	3.462782e-05	3.00842e-05	1.834319e-05	3.359528e-06	2.145545e-06
96	0.3327942	0.1089774	0.05228628	0.03733474	0.01103392	0.008198862	0.003488666	0.002032133	0.001484065	0.001448591	0.00141876	0.0007373692	0.0007302061	0.0005328156	4.768985e-05	4.521145e-05	4.48978e-05	3.462579e-05	3.095194e-05	2.706174e-05	2.669342e-05	2.16449e-05	2.142793e-05	2.102903e-05	2.050967e-05	2.03619e-05	2.015736e-05	1.754845e-05	1.055178e-05	2.211432e-06
97	0.3654889	0.2738591	0.09724464	0.04972852	0.03622201	0.009917666	0.007573119	0.003083741	0.00185342	0.001322468	0.001288912	0.001277362	0.0006564265	0.0006495922	0.0005261761	4.212561e-05	3.993371e-05	3.963005e-05	3.005483e-05	2.684913e-05	2.299901e-05	2.268497e-05	1.799765e-05	1.780537e-05	1.7442e-05	1.701833e-05	1.689044e-05	1.670836e-05	1.468913e-05	8.425715e-06
98	0.5540844	0.2325011	0.2243753	0.08310347	0.04585821	0.03536039	0.008623025	0.006903581	0.002767132	0.00170824	0.00121535	0.001183151	0.00117265	0.0005973886	0.0005908217	0.0005224796	3.449118e-05	3.264504e-05	3.23551e-05	2.406596e-05	2.12998e-05	1.758607e-05	1.734699e-05	1.320337e-05	1.304438e-05	1.273179e-05	1.242611e-05	1.234437e-05	1.21936e-05	1.094945e-05
99	0.7181674	0.5034083	0.2194772	0.2128868	0.07717381	0.04237679	0.03268579	0.005342815	0.003713647	0.002724795	0.001663218	0.001175446	0.001153299	0.001143183	0.0006005932	0.0005958643	0.0005321952	3.230968e-05	3.054087e-05	3.046121e-05	2.317532e-05	2.061922e-05	1.687143e-05	1.664294e-05	1.249658e-05	1.235598e-05	1.205817e-05	1.177149e-05	1.169832e-05	1.155341e-05
100	0.5047777	0.4695306	0.2843124	0.1169285	0.1119352	0.03048785	0.007686649	0.003887228	0.00335696	0.001906942	0.001015831	0.0005081921	0.0002120242	0.0002081349	0.0002058294	0.0001021401	0.000101349	5.285254e-05	2.003953e-05	1.889199e-05	1.884006e-05	1.632176e-05	1.562384e-05	1.223875e-05	1.207791e-05	1.086915e-05	1.081143e-05	1.071652e-05	1.057594e-05	1.052757e-05
101	0.4641992	0.4406388	0.4239453	0.2447088	0.1028491	0.09827958	0.02613023	0.005708809	0.003042855	0.002607604	0.001223059	0.0003630852	0.0001665846	0.000131917	0.0001297157	0.0001281524	7.817803e-05	7.77532e-05	3.260232e-05	1.69076e-05	1.623192e-05	1.618331e-05	1.501986e-05	1.462516e-05	1.128725e-05	1.113994e-05	1.042857e-05	1.039333e-05	1.031975e-05	1.019405e-05
102	0.7235562	0.4456332	0.4222719	0.408527	0.2317351	0.09780246	0.09340002	0.02418216	0.004726434	0.002855415	0.002483253	0.001129776	0.0002878764	0.0001065505	8.206169e-05	8.146906e-05	8.041686e-05	7.08387e-05	7.071732e-05	3.049826e-05	1.532657e-05	1.46843e-05	1.464111e-05	1.453152e-05	1.437695e-05	1.098383e-05	1.084244e-05	1.016384e-05	1.014594e-05	1.008638e-05
103	0.5897531	0.5347657	0.4109864	0.3884447	0.3768012	0.2077695	0.08121252	0.07701828	0.02167278	0.004095237	0.002509173	0.002331255	0.001052399	0.0002558288	8.716734e-05	6.426449e-05	6.370472e-05	6.275232e-05	5.39682e-05	5.385543e-05	1.665936e-05	1.136095e-05	1.075251e-05	1.071119e-05	1.061379e-05	1.0473e-05	1.037018e-05	1.023536e-05	9.596381e-06	9.579695e-06
104	0.7530376	0.519522	0.4941036	0.3904871	0.3683512	0.358928	0.1963827	0.07713443	0.07319766	0.02056334	0.003880865	0.00237576	0.002206231	0.0009974645	0.0002436965	8.373616e-05	6.086691e-05	6.03236e-05	5.943571e-05	5.125883e-05	5.11518e-05	1.582049e-05	1.077856e-05	1.020368e-05	1.016535e-05	1.007396e-05	9.93969e-06	9.836306e-06	9.711822e-06	9.072531e-06
105	0.9077582	0.7113717	0.4765217	0.4565725	0.354882	0.3440251	0.3352603	0.1831558	0.07205859	0.06830754	0.01914665	0.003609876	0.002208562	0.002049874	0.0009282353	0.0002275534	7.878973e-05	5.663344e-05	5.612349e-05	5.530492e-05	4.779319e-05	4.769854e-05	1.474348e-05	1.00401e-05	9.501711e-06	9.469092e-06	9.384924e-06	9.259305e-06	9.159518e-06	9.043101e-06
106	0.9330043	0.897615	0.6958925	0.4551707	0.4364292	0.3328582	0.3226425	0.3175853	0.1723277	0.06786426	0.06420267	0.01792971	0.003376904	0.002064479	0.001914905	0.0008700795	0.0002162242	7.579662e-05	5.352854e-05	5.302961e-05	5.227133e-05	4.532776e-05	4.523857e-05	1.389066e-05	9.409709e-06	8.901437e-06	8.870798e-06	8.792533e-06	8.674756e-06	8.574884e-06
107	0.6887362	0.6677644	0.6501059	0.4447871	0.4159426	0.4028643	0.2978902	0.2888266	0.2847271	0.1483666	0.06227855	0.05890801	0.0162997	0.00302867	0.001838255	0.001701914	0.0007562187	0.0001735967	6.205143e-05	3.99021e-05	3.943171e-05	3.885057e-05	3.370569e-05	3.362682e-05	1.166734e-05	8.569374e-06	8.10479e-06	8.076964e-06	8.01801e-06	7.93568e-06
108	0.6425756	0.6034863	0.586106	0.5741372	0.3630902	0.3476837	0.3369106	0.2294091	0.2211979	0.2176311	0.1298977	0.05527325	0.05373307	0.01474841	0.002720971	0.001645055	0.001520662	0.00067029	0.0001487081	5.485974e-05	3.249937e-05	3.204684e-05	3.157834e-05	2.752443e-05	2.745362e-05	1.0175e-05	7.760844e-06	7.335866e-06	7.310597e-06	7.262677e-06
109	0.6146584	0.6078586	0.5769681	0.5619973	0.5522291	0.3343099	0.3225753	0.3142265	0.2037948	0.1968167	0.1936723	0.1153794	0.05017859	0.04881157	0.0133248	0.002445301	0.0014723	0.001358551	0.0005994952	0.0001336245	5.080327e-05	2.843819e-05	2.799901e-05	2.760909e-05	2.425356e-05	2.418904e-05	9.074814e-06	6.979494e-06	6.632176e-06	6.609253e-06
110	0.6423959	0.5904294	0.5862683	0.5553925	0.5440599	0.5354605	0.3098633	0.3010897	0.2934567	0.1796778	0.1739765	0.1711921	0.1023456	0.04531664	0.04412246	0.01192352	0.002174542	0.001302484	0.001199155	0.00053072	0.0001205805	4.765663e-05	2.482463e-05	2.439514e-05	2.40821e-05	2.13971e-05	2.133972e-05	8.077175e-06	6.250386e-06	5.93943e-06
111	0.5570551	0.3926677	0.3479262	0.3442154	0.3126342	0.3021596	0.2949353	0.2928185	0.2842828	0.2773234	0.1597527	0.1547477	0.1523118	0.09189472	0.04108514	0.04002787	0.01069483	0.001938393	0.001154201	0.001059793	0.0004723737	0.0001121773	4.580817e-05	2.235565e-05	2.193025e-05	2.167197e-05	1.9438e-05	1.938564e-05	7.336368e-06	5.612826e-06
112	0.566585	0.5163542	0.3688344	0.3245427	0.3212342	0.2885539	0.2789628	0.2725746	0.2706742	0.2673529	0.2608344	0.1391728	0.134886	0.1327533	0.08076341	0.03688381	0.03598531	0.009478903	0.001703605	0.001006309	0.0009207544	0.0004136884	0.0001031449	4.353301e-05	1.965846e-05	1.925585e-05	1.906426e-05	1.738622e-05	1.733939e-05	6.58291e-06
113	0.980365	0.5318945	0.4823954	0.3472181	0.3027248	0.2998406	0.2659313	0.2602296	0.2544152	0.2526448	0.2502367	0.2440881	0.1179103	0.1144378	0.1124636	0.0709533	0.03148656	0.03071499	0.007916158	0.001408136	0.0008222599	0.0007478377	0.0003432972	9.5911e-05	4.294878e-05	1.855273e-05	1.819499e-05	1.801664e-05	1.645116e-05	1.641108e-05
114	0.5741339	0.5589962	0.3260358	0.3141384	0.184791	0.1517235	0.1493891	0.1255085	0.1210012	0.116025	0.1144734	0.1123676	0.1066663	0.09491798	0.09231115	0.09059271	0.05962735	0.02589298	0.02526902	0.00632055	0.001098489	0.0006261793	0.0005756796	0.0002723001	8.761313e-05	4.144103e-05	1.694136e-05	1.65946e-05	1.645002e-05	1.515035e-05
115	0.5710425	0.5534636	0.5382099	0.295166	0.285693	0.1584814	0.1249971	0.1231625	0.09834577	0.09523289	0.09084297	0.08941585	0.08759276	0.08238177	0.07194179	0.07011815	0.06865644	0.04722232	0.01941166	0.01892224	0.004603376	0.0007991129	0.0004515545	0.0004140273	0.0002048387	7.78517e-05	3.764909e-05	1.588698e-05	1.556684e-05	1.543132e-05
116	0.5577838	0.5414467	0.528107	0.5123996	0.2643349	0.2555916	0.1302161	0.09611688	0.09487448	0.07266911	0.07018835	0.066278	0.06514329	0.06349925	0.05888771	0.05161148	0.05023501	0.04918284	0.03292326	0.0128204	0.01245542	0.003110754	0.0005809938	0.0003462821	0.000320498	0.0001619531	6.565323e-05	2.87331e-05	1.495792e-05	1.468418e-05
117	0.5796393	0.542545	0.5324715	0.5205105	0.5043065	0.2440755	0.2377886	0.1114903	0.07640505	0.07551562	0.05231243	0.05045835	0.04691473	0.04587225	0.04437406	0.04030909	0.03611103	0.03515253	0.03437806	0.02306851	0.008218774	0.007950988	0.002144401	0.0004123941	0.0002487648	0.0002303178	0.0001203067	5.359481e-05	2.00156e-05	1.416949e-05
118	0.6671908	0.2763417	0.2450124	0.2361126	0.2311746	0.2277622	0.2179298	0.2116589	0.08062835	0.04735625	0.04657826	0.04632293	0.04459636	0.04106967	0.04003647	0.03853634	0.03451259	0.03230472	0.03144722	0.0307457	0.02064938	0.007005243	0.006759257	0.001903867	0.0003705824	0.0002245438	0.0002088516	0.0001107787	5.134563e-05	1.779034e-05
119	0.4963437	0.4498927	0.2616083	0.236352	0.2290012	0.2260677	0.222563	0.2122735	0.2106643	0.07434948	0.03949561	0.03882838	0.03860234	0.03754587	0.03456305	0.03370318	0.03234683	0.02878274	0.02769365	0.02695353	0.02633474	0.01760584	0.005531647	0.005314089	0.001587118	0.0003098221	0.0001885325	0.0001753525	9.072033e-05	3.944851e-05
120	0.760865	0.4314301	0.3912096	0.2205226	0.1983209	0.1920088	0.189216	0.1880208	0.1876223	0.1862322	0.04338767	0.03516678	0.03463258	0.03444158	0.03352164	0.0310646	0.03035282	0.02909384	0.02576297	0.02485951	0.02419954	0.02361568	0.01593764	0.00472187	0.004521133	0.00135006	0.0002653057	0.0001624568	0.0001513669	7.71331e-05
121	0.4982118	0.3735932	0.2377598	0.2291781	0.07140646	0.054117	0.04862254	0.04735783	0.04652918	0.04624765	0.0450227	0.04069336	0.03210257	0.03163664	0.0314613	0.0306817	0.02828783	0.02757361	0.02628694	0.02374742	0.02284657	0.02226398	0.02167674	0.01512695	0.003987542	0.003794084	0.001142057	0.0002306869	0.0001430193	0.0001334519
122	0.4129854	0.3301917	0.3177562	0.2116288	0.2049332	0.05685249	0.04141083	0.03652527	0.03537671	0.03488861	0.03463549	0.03360563	0.03009792	0.02950123	0.02915774	0.02899455	0.02837792	0.02599451	0.02527156	0.02395023	0.02134284	0.02045719	0.01996966	0.01937733	0.01419417	0.003180488	0.00299603	0.0009141641	0.0001912742	0.0001197364
123	0.4168855	0.3524425	0.2869558	0.2748305	0.1957476	0.1890896	0.05033631	0.03674745	0.03248229	0.03141894	0.03103107	0.03080542	0.02999308	0.027323	0.02683539	0.02658687	0.02643805	0.02600917	0.02357607	0.02282807	0.02146121	0.0187638	0.01787812	0.01750007	0.01690078	0.01329958	0.002349665	0.002174743	0.0006783547	0.0001484801
124	0.389671	0.320366	0.2816601	0.2315747	0.2209987	0.1720313	0.1682295	0.0415145	0.03017039	0.02658195	0.02573098	0.02559811	0.02540806	0.02481227	0.02303665	0.02266098	0.02250596	0.02237338	0.0221292	0.0197111	0.01893893	0.01752509	0.01595401	0.01507541	0.01482621	0.01422712	0.01224237	0.001528107	0.001367113	0.0004465487
125	0.8954524	0.3162676	0.2645119	0.2333421	0.1870109	0.176909	0.1457336	0.1428342	0.0342303	0.02513813	0.02222611	0.02155648	0.02144726	0.02129675	0.02085039	0.01962103	0.01933768	0.01922739	0.01911981	0.01899487	0.0166342	0.01588196	0.01444191	0.01286715	0.0120575	0.01190305	0.01141314	0.01050543	0.0009718291	0.0008443362
126	0.893893	0.8432548	0.2255003	0.1761902	0.1468273	0.1384129	0.1289693	0.1038877	0.1012239	0.02595799	0.01958104	0.01742414	0.01688501	0.01679285	0.01668158	0.01629685	0.01523913	0.01501675	0.01492479	0.01484757	0.01475346	0.01262314	0.01194338	0.01051981	0.008997031	0.008338144	0.008232522	0.007899574	0.007290817	0.0007961103
127	0.1637099	0.1407241	0.1376118	0.1056362	0.09570028	0.08858278	0.08614715	0.08207452	0.06136986	0.06059068	0.01736332	0.01356192	0.01211199	0.01178969	0.01171241	0.01163869	0.01130221	0.01037201	0.01020406	0.0101267	0.01007835	0.0100096	0.008005344	0.007364728	0.006807774	0.005296014	0.004773896	0.004713682	0.004533951	0.004184473
128	0.1397949	0.09004859	0.07928111	0.0778119	0.06202706	0.05602973	0.05085287	0.04928563	0.04570308	0.02788829	0.02734592	0.01125263	0.009594766	0.008717326	0.008488664	0.008421395	0.008378229	0.008070393	0.007213435	0.007097708	0.007030833	0.007006635	0.00695755	0.004924338	0.004273671	0.003729732	0.002173876	0.001756662	0.001733991	0.001685107
129	0.05330513	0.04593883	0.02861795	0.02469781	0.02417779	0.0204335	0.01886411	0.01732041	0.01689853	0.0163838	0.009426348	0.009302041	0.003083303	0.002488515	0.00220457	0.002149672	0.002128153	0.002113456	0.002006208	0.00175071	0.001715175	0.001696226	0.001689677	0.001670546	0.00146045	0.001394295	0.001333995	0.0007821128	0.0006642334	0.0006572146
130	0.01361919	0.00491362	0.004171061	0.002420861	0.002166433	0.002096178	0.00167236	0.001542093	0.00143092	0.001397819	0.001338156	0.0007185846	0.0007075104	0.0002292662	0.0001868838	0.0001716411	0.0001670145	0.0001658952	0.0001649441	0.0001604048	0.0001352133	0.0001321762	0.0001306221	0.0001301228	0.0001295245	0.0001051849	9.72832e-05	8.689097e-05	7.194043e-05	5.197316e-05
131	0.9909257	0.01191967	0.004984651	0.004226409	0.002405549	0.00216371	0.002093529	0.001648396	0.001515546	0.001446469	0.00141306	0.001350413	0.0007151923	0.0007039435	0.0002300104	0.0001879396	0.0001739849	0.0001693329	0.0001683159	0.0001674044	0.0001636029	0.0001371939	0.0001340894	0.0001324967	0.0001319941	0.0001313617	0.0001039263	9.499484e-05	8.31644e-05	7.369118e-05
132	0.9728029	0.9654008	0.01087631	0.004485848	0.00389158	0.002119176	0.001883758	0.001851372	0.001556191	0.001423645	0.001357406	0.001325575	0.001269227	0.0007089616	0.0006984662	0.0002332033	0.00019103	0.0001770353	0.0001729848	0.0001719567	0.0001710196	0.0001670079	0.000141991	0.0001389752	0.0001375458	0.0001370447	0.0001363633	0.0001056494	9.564233e-05	8.744562e-05
133	0.9965448	0.9717617	0.9646396	0.01081432	0.004458866	0.00388264	0.002056611	0.001824148	0.001792384	0.00151118	0.001382021	0.001318497	0.001287611	0.00123658	0.0006999456	0.0006899339	0.0002222308	0.0001803308	0.0001666821	0.0001628313	0.0001618711	0.0001609672	0.0001573842	0.0001363966	0.000133507	0.0001321462	0.0001316544	0.0001310379	0.000103896	9.502569e-05
134	0.9979565	0.9951441	0.9722728	0.9654522	0.01012331	0.003760873	0.003208218	0.00196031	0.001731535	0.001700494	0.001441868	0.0013196	0.001260739	0.001231727	0.001190556	0.0006857327	0.0006766223	0.0002062451	0.0001647493	0.0001516419	0.0001481583	0.0001473407	0.0001464838	0.0001434701	0.0001251398	0.0001227617	0.0001214949	0.0001210178	0.0001204465	9.995822e-05
135	0.9983084	0.9970458	0.994299	0.9720699	0.9652352	0.009794271	0.00343377	0.002913545	0.001742432	0.001525842	0.001497166	0.001310149	0.001211653	0.001166708	0.001143966	0.001131168	0.0006394118	0.0006331048	0.000162549	0.0001225428	0.0001110543	0.0001086827	0.0001080796	0.0001072974	0.000105716	9.05815e-05	8.852778e-05	8.732333e-05	8.688983e-05	8.632926e-05
136	0.9984784	0.996902	0.9956477	0.9929045	0.9708357	0.9644598	0.009771926	0.003416095	0.00289715	0.001735585	0.001519759	0.001491188	0.001306008	0.001208136	0.001163848	0.001141275	0.00112883	0.0006377116	0.0006314664	0.0001613016	0.0001213819	0.0001099773	0.0001076311	0.0001070376	0.0001062594	0.0001047226	8.969306e-05	8.765961e-05	8.645776e-05	8.602555e-05
