#unpaired probabilities
 #i$	l=1	2	3	4	5	6	7	8	9	10	11	12	13	14	15	16	17	18	19	20	21	22	23	24	25	26	27	28	29	30	
1	0.999443	NA	NA	NA	NA	NA	NA	NA	NA	NA	NA	NA	NA	NA	NA	NA	NA	NA	NA	NA	NA	NA	NA	NA	NA	NA	NA	NA	NA	NA
2	0.9275155	0.9182761	NA	NA	NA	NA	NA	NA	NA	NA	NA	NA	NA	NA	NA	NA	NA	NA	NA	NA	NA	NA	NA	NA	NA	NA	NA	NA	NA	NA
3	0.9412927	0.9096698	0.9000655	NA	NA	NA	NA	NA	NA	NA	NA	NA	NA	NA	NA	NA	NA	NA	NA	NA	NA	NA	NA	NA	NA	NA	NA	NA	NA	NA
4	0.9844938	0.9339287	0.9041051	0.8938054	NA	NA	NA	NA	NA	NA	NA	NA	NA	NA	NA	NA	NA	NA	NA	NA	NA	NA	NA	NA	NA	NA	NA	NA	NA	NA
5	0.9897171	0.9804199	0.9318896	0.9027926	0.8922978	NA	NA	NA	NA	NA	NA	NA	NA	NA	NA	NA	NA	NA	NA	NA	NA	NA	NA	NA	NA	NA	NA	NA	NA	NA
6	0.06131606	0.06010442	0.05948305	0.05744588	0.0559	0.05519478	NA	NA	NA	NA	NA	NA	NA	NA	NA	NA	NA	NA	NA	NA	NA	NA	NA	NA	NA	NA	NA	NA	NA	NA
7	0.008353527	0.002994121	0.002346638	0.002324256	0.002264145	0.002193172	0.00210319	NA	NA	NA	NA	NA	NA	NA	NA	NA	NA	NA	NA	NA	NA	NA	NA	NA	NA	NA	NA	NA	NA	NA
8	0.0004246047	0.0001790483	2.499522e-05	1.345556e-05	1.145652e-05	1.085901e-05	1.036654e-05	1.060924e-05	NA	NA	NA	NA	NA	NA	NA	NA	NA	NA	NA	NA	NA	NA	NA	NA	NA	NA	NA	NA	NA	NA
9	0.000353488	0.0001786324	1.355499e-05	7.85336e-06	4.235726e-06	4.843294e-06	4.898495e-06	5.043366e-06	5.442948e-06	NA	NA	NA	NA	NA	NA	NA	NA	NA	NA	NA	NA	NA	NA	NA	NA	NA	NA	NA	NA	NA
10	0.0003029192	0.0002165466	5.045808e-05	9.243748e-06	5.45945e-06	1.511154e-06	1.556876e-06	1.455164e-06	1.419391e-06	1.439944e-06	NA	NA	NA	NA	NA	NA	NA	NA	NA	NA	NA	NA	NA	NA	NA	NA	NA	NA	NA	NA
11	0.001931066	0.000212146	0.0002062666	4.046513e-05	8.54227e-06	5.286148e-06	1.371568e-06	1.439686e-06	1.345045e-06	1.314532e-06	1.333238e-06	NA	NA	NA	NA	NA	NA	NA	NA	NA	NA	NA	NA	NA	NA	NA	NA	NA	NA	NA
12	0.0004034956	0.0003687063	0.0001665231	0.000164338	1.012731e-05	1.81827e-06	8.141073e-07	4.459772e-07	5.230481e-07	5.026955e-07	4.944735e-07	5.315811e-07	NA	NA	NA	NA	NA	NA	NA	NA	NA	NA	NA	NA	NA	NA	NA	NA	NA	NA
13	0.002211874	0.0003802227	0.000365715	0.0001647653	0.0001625947	9.932605e-06	1.627658e-06	7.827005e-07	4.214678e-07	5.106309e-07	4.922036e-07	4.860035e-07	5.222535e-07	NA	NA	NA	NA	NA	NA	NA	NA	NA	NA	NA	NA	NA	NA	NA	NA	NA
14	0.9990784	0.001362733	0.0002264844	0.0002124041	1.154002e-05	9.376593e-06	9.373919e-06	1.072604e-06	7.152315e-07	3.420514e-07	4.137675e-07	3.903433e-07	3.786705e-07	4.032942e-07	NA	NA	NA	NA	NA	NA	NA	NA	NA	NA	NA	NA	NA	NA	NA	NA
15	0.007816885	0.007760573	0.0002233773	0.000189884	0.0001884973	1.61562e-06	1.511922e-06	1.510755e-06	5.042507e-07	4.563603e-07	8.755156e-08	1.017176e-07	7.719769e-08	6.834012e-08	4.920969e-08	NA	NA	NA	NA	NA	NA	NA	NA	NA	NA	NA	NA	NA	NA	NA
16	0.0008104454	0.000412675	0.0004091029	4.025035e-06	1.732621e-06	6.507946e-07	5.967738e-07	5.408371e-07	5.406163e-07	3.979139e-07	4.079188e-07	3.688564e-08	4.078791e-08	3.646407e-08	2.894587e-08	5.019287e-09	NA	NA	NA	NA	NA	NA	NA	NA	NA	NA	NA	NA	NA	NA
17	0.04652252	0.0004730511	0.0003086448	0.0003060619	2.09163e-06	9.873161e-08	7.263041e-08	6.549976e-08	6.485142e-08	6.46643e-08	6.436e-08	3.140532e-08	3.444434e-08	3.885801e-08	3.574532e-08	2.838913e-08	4.48341e-09	NA	NA	NA	NA	NA	NA	NA	NA	NA	NA	NA	NA	NA
18	0.9995535	0.04650366	0.0004726425	0.0003083426	0.000305763	1.798165e-06	9.33724e-08	7.22082e-08	6.518673e-08	6.453994e-08	6.448855e-08	6.418855e-08	3.126421e-08	3.42751e-08	3.884401e-08	3.572695e-08	2.838854e-08	4.483187e-09	NA	NA	NA	NA	NA	NA	NA	NA	NA	NA	NA	NA
19	0.9997371	0.9995413	0.04650143	0.0004707952	0.0003066419	0.0003040761	1.767571e-06	6.691547e-08	4.601566e-08	3.900967e-08	3.837082e-08	3.834077e-08	3.804152e-08	2.732056e-08	3.151729e-08	3.782257e-08	3.504362e-08	2.801107e-08	4.047053e-09	NA	NA	NA	NA	NA	NA	NA	NA	NA	NA	NA
20	0.999874	0.9996986	0.9995395	0.04650064	0.0004704742	0.0003063423	0.0003037967	1.758781e-06	5.9342e-08	3.85782e-08	3.163505e-08	3.09989e-08	3.097112e-08	3.067218e-08	2.600777e-08	3.048354e-08	3.719573e-08	3.484704e-08	2.789832e-08	3.918265e-09	NA	NA	NA	NA	NA	NA	NA	NA	NA	NA
21	0.1262954	0.1262947	0.1261322	0.125977	0.03114856	0.0004477907	0.0003063262	0.000303782	1.745176e-06	5.79863e-08	3.764314e-08	3.07105e-08	3.007476e-08	3.006741e-08	2.976867e-08	2.586462e-08	3.037853e-08	3.715601e-08	3.481732e-08	2.788456e-08	3.902684e-09	NA	NA	NA	NA	NA	NA	NA	NA	NA
22	0.003769056	0.003228701	0.003228205	0.003167735	0.003155264	0.002699164	0.0004277289	0.0003057328	0.0003034073	1.704649e-06	2.566637e-08	7.322604e-09	5.770247e-10	4.57607e-10	4.540106e-10	2.071786e-10	1.696925e-10	1.969199e-10	2.396301e-10	2.245119e-10	1.800314e-10	2.668853e-11	NA	NA	NA	NA	NA	NA	NA	NA
23	0.01656823	0.0005338755	0.0004456018	0.0004451063	0.000385201	0.0003735586	0.0003576081	0.0003452194	0.0003057281	0.0003034039	1.703073e-06	2.545025e-08	7.152719e-09	4.092522e-10	2.93033e-10	2.895434e-10	4.363293e-11	2.774876e-11	3.021123e-11	3.575443e-11	3.34652e-11	2.702342e-11	5.235748e-12	NA	NA	NA	NA	NA	NA	NA
24	0.9083706	0.0164458	0.0004998862	0.000412911	0.0004126471	0.0003538975	0.0003422694	0.0003402616	0.0003334186	0.000305728	0.0003034038	1.703041e-06	2.544191e-08	7.148926e-09	4.060094e-10	2.89848e-10	2.864792e-10	4.06024e-11	2.570321e-11	2.786717e-11	3.296573e-11	3.083399e-11	2.485437e-11	4.64795e-12	NA	NA	NA	NA	NA	NA
25	0.9996616	0.9083349	0.01644571	0.0004998838	0.0004129089	0.000412645	0.0003538957	0.0003422694	0.0003402615	0.0003334186	0.000305728	0.0003034038	1.703039e-06	2.544069e-08	7.147973e-09	4.055224e-10	2.893657e-10	2.860008e-10	4.012525e-11	2.555865e-11	2.772434e-11	3.282476e-11	3.070451e-11	2.47474e-11	4.604299e-12	NA	NA	NA	NA	NA
26	0.9994409	0.9994211	0.9081068	0.01633292	0.0004055281	0.0003203512	0.0003203496	0.0003203035	0.0003087475	0.0003087425	0.0003057347	0.0003057277	0.0003034035	1.702916e-06	2.536736e-08	7.129631e-09	3.87532e-10	2.716247e-10	2.706097e-10	2.476269e-11	1.33198e-11	1.337351e-11	1.531239e-11	1.427619e-11	1.15388e-11	2.533733e-12	NA	NA	NA	NA
27	0.001223633	0.001175007	0.001156334	0.0009194621	5.89608e-05	5.121817e-06	4.891972e-06	4.890344e-06	4.854217e-06	4.724729e-06	4.719854e-06	1.712053e-06	1.705033e-06	1.702922e-06	1.702805e-06	2.525676e-08	7.019375e-09	2.845062e-10	2.610951e-10	2.600828e-10	1.621694e-11	9.176138e-12	1.00155e-11	1.164736e-11	1.090714e-11	8.8635e-12	2.049517e-12	NA	NA	NA
28	0.0003328736	8.054362e-05	3.321383e-05	1.532266e-05	1.220644e-05	6.845399e-07	1.924413e-07	1.758999e-07	1.742805e-07	1.419357e-07	2.972616e-08	2.948672e-08	2.927889e-08	2.441331e-08	2.230998e-08	2.220923e-08	2.217432e-08	7.013649e-09	2.787898e-10	2.554015e-10	2.54899e-10	1.103557e-11	7.676829e-12	8.553988e-12	1.02379e-11	9.628743e-12	7.865559e-12	1.838992e-12	NA	NA
29	0.001716874	0.0001020082	5.417071e-05	7.988547e-06	6.762048e-06	6.151642e-06	2.564595e-07	1.186189e-07	1.085717e-07	1.085463e-07	9.573423e-08	9.769913e-09	9.593421e-09	9.420657e-09	9.146587e-09	7.076662e-09	7.02689e-09	7.015771e-09	7.008492e-09	2.736719e-10	2.503631e-10	2.502908e-10	6.435329e-12	3.753248e-12	3.952295e-12	4.612885e-12	4.345138e-12	3.598729e-12	1.090415e-12	NA
30	0.0002082614	0.0001203229	4.693556e-05	1.212577e-05	3.601857e-06	3.437614e-06	3.405981e-06	9.968794e-08	6.835946e-08	6.760924e-08	6.760601e-08	6.674135e-08	8.459319e-10	7.155296e-10	5.567658e-10	3.08317e-10	2.877519e-10	2.787989e-10	2.679519e-10	2.609109e-10	2.579513e-10	2.459112e-10	2.458396e-10	2.160633e-12	6.564703e-13	3.767397e-13	3.117958e-13	2.925759e-13	2.744362e-13	2.690134e-13
31	0.0001222443	0.0001122175	0.0001117413	4.244405e-05	1.165462e-05	3.214533e-06	3.054575e-06	3.041247e-06	1.61287e-08	6.609901e-09	5.998753e-09	5.995746e-09	5.199458e-09	4.954885e-10	4.28222e-10	2.879633e-10	4.017703e-11	2.711141e-11	2.211079e-11	1.128268e-11	4.246623e-12	1.605487e-12	1.586083e-12	1.514511e-12	1.507817e-12	3.501029e-13	3.182856e-13	2.802599e-13	2.694102e-13	2.580946e-13
32	0.0001546362	8.159066e-05	8.130442e-05	8.112112e-05	1.186306e-05	1.164757e-05	3.207722e-06	3.047782e-06	3.034529e-06	1.05928e-08	4.586244e-09	3.999139e-09	3.996421e-09	3.25681e-09	2.240584e-10	1.758048e-10	5.515838e-11	3.797124e-11	2.542115e-11	2.113057e-11	1.033773e-11	3.471503e-12	9.132615e-13	8.943188e-13	8.711001e-13	8.644946e-13	2.654434e-13	2.574439e-13	2.544031e-13	2.502925e-13
33	0.00766398	3.362344e-05	1.098796e-05	1.077674e-05	1.066065e-05	1.065486e-05	1.044209e-05	3.189419e-06	3.029482e-06	3.019579e-06	1.006977e-08	4.1088e-09	3.824828e-09	3.822118e-09	3.086274e-09	2.211521e-10	1.730229e-10	5.24286e-11	3.525538e-11	2.398443e-11	2.110203e-11	1.031014e-11	3.444429e-12	8.879108e-13	8.730074e-13	8.497949e-13	8.447861e-13	2.579564e-13	2.551194e-13	2.528968e-13
34	0.1976866	0.007608032	3.321499e-05	1.067906e-05	1.050347e-05	1.038811e-05	1.038236e-05	1.036713e-05	3.114458e-06	3.029471e-06	3.019568e-06	1.005953e-08	4.101336e-09	3.817511e-09	3.815942e-09	3.081993e-09	2.195631e-10	1.716095e-10	5.178052e-11	3.524706e-11	2.39772e-11	2.10966e-11	1.030816e-11	3.443471e-12	8.870295e-13	8.721287e-13	8.489265e-13	8.43918e-13	2.577678e-13	2.549541e-13
35	0.9965602	0.1970485	0.007586201	3.312065e-05	1.063062e-05	1.045545e-05	1.035342e-05	1.034767e-05	1.033245e-05	3.112056e-06	3.027069e-06	3.019559e-06	1.005166e-08	4.093544e-09	3.809798e-09	3.80823e-09	3.074552e-09	2.195293e-10	1.715943e-10	5.177249e-11	3.524044e-11	2.397126e-11	2.109397e-11	1.030563e-11	3.440962e-12	8.84521e-13	8.696215e-13	8.464198e-13	8.414114e-13	2.573743e-13
36	0.9769664	0.9751006	0.1959852	0.007554439	2.577072e-05	3.335486e-06	3.16068e-06	3.127657e-06	3.121911e-06	3.106684e-06	3.106632e-06	3.021645e-06	3.019554e-06	1.004624e-08	4.088179e-09	3.804483e-09	3.802915e-09	3.069411e-09	2.19506e-10	1.715838e-10	5.176692e-11	3.523583e-11	2.396711e-11	2.109213e-11	1.030386e-11	3.439208e-12	8.827679e-13	8.678692e-13	8.446676e-13	8.396593e-13
37	0.7155014	0.7122486	0.7111682	0.174759	0.006555021	2.261198e-05	3.20109e-06	3.047828e-06	3.032302e-06	3.028385e-06	3.02014e-06	3.020107e-06	3.020104e-06	3.018056e-06	8.908664e-09	3.013173e-09	2.850229e-09	2.849378e-09	2.465157e-09	7.729041e-11	7.113089e-11	3.959871e-11	2.383138e-11	1.332187e-11	1.150857e-11	1.019979e-11	3.344934e-12	7.890457e-13	7.762385e-13	7.530627e-13
38	0.4890665	0.484422	0.4829802	0.4825521	0.1548539	0.005859738	1.54093e-05	3.144067e-06	3.027052e-06	3.020477e-06	3.019524e-06	3.018997e-06	3.018971e-06	3.01897e-06	3.016956e-06	8.023007e-09	2.167641e-09	2.117222e-09	2.116921e-09	2.03262e-09	2.141178e-11	1.643269e-11	1.448138e-11	1.407256e-11	4.220378e-12	3.279939e-12	3.253975e-12	3.247822e-12	6.924091e-13	6.815402e-13
39	0.4683396	0.4614815	0.4578158	0.4564963	0.4561802	0.1509917	0.005683861	1.205568e-05	1.235505e-07	1.470737e-08	9.054224e-09	8.252134e-09	7.864738e-09	7.84957e-09	7.84841e-09	7.818022e-09	7.477062e-09	2.074034e-09	2.032931e-09	2.032668e-09	1.968932e-09	2.062619e-11	1.579586e-11	1.389501e-11	1.353456e-11	3.984556e-12	3.133289e-12	3.108166e-12	3.102508e-12	6.643736e-13
40	0.467509	0.4555292	0.4505016	0.4474318	0.4461826	0.4458961	0.1501135	0.005646847	1.195797e-05	1.121817e-07	4.369662e-09	2.559054e-09	2.193263e-09	2.175893e-09	2.17182e-09	2.171574e-09	2.162049e-09	2.044078e-09	2.024823e-09	1.989989e-09	1.989749e-09	1.938583e-09	8.653327e-12	3.864293e-12	1.975815e-12	1.641249e-12	1.50359e-12	6.902854e-13	6.654054e-13	6.599665e-13
41	0.7067541	0.4633329	0.4525172	0.4475292	0.4462325	0.444985	0.4446992	0.1500793	0.005641331	1.19499e-05	1.117662e-07	4.315518e-09	2.516212e-09	2.164957e-09	2.148034e-09	2.145899e-09	2.145653e-09	2.136292e-09	2.01929e-09	2.000692e-09	1.987569e-09	1.98733e-09	1.936485e-09	8.636541e-12	3.849e-12	1.961105e-12	1.62721e-12	1.494533e-12	6.868774e-13	6.620038e-13
42	0.9884723	0.7062301	0.4629204	0.4521057	0.4471185	0.4458221	0.4448631	0.4446919	0.1500771	0.005641313	1.194945e-05	1.117646e-07	4.315214e-09	2.515956e-09	2.164715e-09	2.147829e-09	2.145694e-09	2.145478e-09	2.136117e-09	2.019119e-09	2.000521e-09	1.987401e-09	1.987279e-09	1.936473e-09	8.633694e-12	3.848551e-12	1.960939e-12	1.627137e-12	1.494475e-12	6.868389e-13
43	0.9887081	0.9865062	0.7051289	0.4619141	0.4511535	0.4461904	0.4449035	0.4446211	0.4445101	0.1500604	0.005640747	1.19479e-05	1.117513e-07	4.313497e-09	2.514729e-09	2.163627e-09	2.146791e-09	2.144658e-09	2.144592e-09	2.135248e-09	2.018351e-09	1.999772e-09	1.98673e-09	1.986636e-09	1.936097e-09	8.57654e-12	3.844702e-12	1.958886e-12	1.625594e-12	1.493434e-12
44	0.9696099	0.9671113	0.9657967	0.6844704	0.4560459	0.4488582	0.4440235	0.442757	0.4424857	0.4423791	0.1498531	0.005633602	1.192961e-05	1.115941e-07	4.300148e-09	2.505974e-09	2.15637e-09	2.139785e-09	2.137659e-09	2.137596e-09	2.128328e-09	2.012423e-09	1.99401e-09	1.981137e-09	1.981047e-09	1.932514e-09	8.480574e-12	3.784993e-12	1.939797e-12	1.611714e-12
45	0.5534056	0.5432969	0.5429568	0.5424848	0.2735652	0.04753249	0.04480292	0.04122437	0.03999915	0.03984073	0.03977813	0.00583041	0.0002193514	4.650385e-07	4.501231e-09	2.85716e-10	1.858936e-10	1.600211e-10	1.590964e-10	1.58775e-10	1.587374e-10	1.56274e-10	1.375291e-10	1.342125e-10	1.242532e-10	1.242004e-10	9.599202e-11	6.464753e-13	4.101925e-13	3.242542e-13
46	0.320141	0.2721585	0.2622567	0.2619915	0.2616852	0.2583167	0.03246991	0.03002764	0.02705229	0.02584594	0.02569077	0.02563025	0.004168958	0.0001568955	3.326451e-07	3.235956e-09	2.139334e-10	1.422938e-10	1.246145e-10	1.239195e-10	1.236244e-10	1.235889e-10	1.214682e-10	1.087563e-10	1.06425e-10	9.666404e-11	9.661274e-11	6.866798e-11	4.5281e-13	2.950703e-13
47	0.02265472	0.02153174	0.0177642	0.01006396	0.009934435	0.009823724	0.009680822	0.009639689	0.008235336	0.007189426	0.006748816	0.006696745	0.006676435	0.0005132022	1.937582e-05	4.113755e-08	4.295929e-10	4.833494e-11	3.436798e-11	3.03365e-11	3.018799e-11	3.009264e-11	3.008067e-11	2.936277e-11	2.558077e-11	2.486268e-11	2.130913e-11	2.129191e-11	1.191429e-11	1.030317e-13
48	0.01088094	0.008756479	0.008646739	0.008209403	0.00074475	0.0006489922	0.0006211884	0.0006115522	0.0006054545	0.0005711506	0.0004962305	0.0004662778	0.0004626933	0.0004612952	3.504599e-05	1.352837e-06	2.822247e-09	2.972699e-11	3.486558e-12	2.422729e-12	2.094627e-12	2.072195e-12	2.065109e-12	2.06425e-12	2.0164e-12	1.754637e-12	1.704644e-12	1.462852e-12	1.461667e-12	8.161145e-13
49	0.467551	0.003108804	0.001208896	0.001114756	0.0007011245	0.0006884294	0.000637139	0.0006096556	0.0006001413	0.0005940727	0.0005602129	0.0004898193	0.0004602625	0.0004567242	0.0004553441	3.459641e-05	1.335888e-06	2.786215e-09	2.934672e-11	3.44016e-12	2.388851e-12	2.065759e-12	2.043523e-12	2.036548e-12	2.035699e-12	1.988514e-12	1.731147e-12	1.682397e-12	1.443994e-12	1.442824e-12
50	0.07987753	0.01333578	0.0004276021	0.0002140655	0.0002027035	0.0001291463	0.0001272742	0.0001267826	0.0001082286	0.000106419	0.0001020946	9.63851e-05	8.513063e-05	8.06112e-05	8.002301e-05	7.979359e-05	6.372265e-06	2.719497e-07	5.240107e-10	5.550726e-12	6.228176e-13	4.585543e-13	3.587339e-13	3.439916e-13	3.424234e-13	3.422489e-13	3.359654e-13	2.921762e-13	2.839921e-13	2.474585e-13
51	0.1384136	0.03699332	0.002393291	0.000160025	0.0001031796	9.660878e-05	4.764092e-05	4.680066e-05	4.660413e-05	4.427505e-05	4.34051e-05	3.930751e-05	3.707762e-05	3.244325e-05	3.048885e-05	3.025688e-05	3.01664e-05	2.430635e-06	9.161755e-08	2.111448e-10	2.331321e-12	2.847318e-13	2.199817e-13	1.507724e-13	1.36999e-13	1.359781e-13	1.35885e-13	1.326817e-13	1.157338e-13	1.125234e-13
52	0.003261078	0.00253808	0.0004295061	1.718926e-05	2.393258e-06	1.548307e-06	1.369491e-06	1.03513e-06	1.006475e-06	9.825508e-07	9.323123e-07	9.052287e-07	7.973349e-07	7.482925e-07	6.56841e-07	6.188616e-07	6.142191e-07	6.124082e-07	4.94223e-08	1.862495e-09	4.151604e-12	2.337897e-13	7.070063e-14	6.806196e-14	1.654331e-14	3.374486e-15	2.767346e-15	2.726384e-15	2.65786e-15	2.315886e-15
53	0.009403422	0.001662507	0.001583954	0.0003017645	1.075296e-05	1.673881e-06	1.052288e-06	8.932782e-07	6.870843e-07	6.626534e-07	6.60064e-07	6.158445e-07	6.049032e-07	4.999097e-07	4.714497e-07	4.122317e-07	3.872999e-07	3.843415e-07	3.831875e-07	3.066835e-08	1.157614e-09	2.528439e-12	9.42261e-14	6.908346e-14	6.691993e-14	1.553759e-14	2.379585e-15	1.775305e-15	1.73477e-15	1.688232e-15
54	0.03390737	0.007556366	0.0007276436	0.0006618568	0.0001709674	5.840815e-06	1.008568e-06	5.544556e-07	4.142661e-07	3.194683e-07	3.086839e-07	3.076087e-07	2.992832e-07	2.942508e-07	1.904053e-07	1.796421e-07	1.576328e-07	1.484231e-07	1.473182e-07	1.468871e-07	1.285271e-08	4.842596e-10	1.048258e-12	2.678677e-14	1.48825e-14	1.456582e-14	1.44638e-14	1.310513e-15	7.097067e-16	6.695951e-16
55	0.008769456	0.007839116	0.0001903119	0.000115709	0.0001154463	9.442155e-05	2.248479e-06	3.340786e-07	1.667862e-07	3.806912e-08	1.873561e-08	9.747634e-09	9.449521e-09	9.33153e-09	9.187497e-09	8.044449e-09	7.484817e-09	6.658154e-09	6.370967e-09	6.327786e-09	6.310821e-09	5.4016e-10	2.03519e-11	5.697141e-14	1.420737e-14	1.378685e-14	1.377383e-14	1.375696e-14	6.709684e-16	7.21031e-17
56	0.002196298	0.0011385	0.0008770181	2.535232e-05	2.187415e-05	2.184749e-05	4.775041e-06	2.2248e-06	3.309127e-07	1.643656e-07	3.573255e-08	1.692286e-08	7.953096e-09	7.729372e-09	7.637191e-09	7.532972e-09	6.412526e-09	6.065058e-09	5.396384e-09	5.172972e-09	5.138065e-09	5.124326e-09	4.199992e-10	1.581498e-11	3.425491e-14	1.001604e-15	6.923557e-16	6.819786e-16	6.658398e-16	6.657233e-16
57	0.1737459	0.001134899	0.0007415736	0.0005365503	2.069769e-05	2.010611e-05	2.00818e-05	3.068183e-06	5.287708e-07	1.663694e-07	1.638088e-07	3.525001e-08	1.683028e-08	7.924464e-09	7.702012e-09	7.610535e-09	7.506719e-09	6.386378e-09	6.040215e-09	5.376331e-09	5.155213e-09	5.12044e-09	5.106753e-09	4.185662e-10	1.576037e-11	3.352805e-14	3.88366e-16	8.017803e-17	6.993446e-17	6.692977e-17
58	0.8614164	0.173447	0.001108439	0.0007320575	0.0005285468	2.057768e-05	1.99944e-05	1.998167e-05	3.053821e-06	5.284532e-07	1.663281e-07	1.637756e-07	3.521796e-08	1.680524e-08	7.899697e-09	7.677352e-09	7.586017e-09	7.48277e-09	6.364586e-09	6.019733e-09	5.356861e-09	5.136085e-09	5.101462e-09	5.087957e-09	4.12857e-10	1.554567e-11	3.303232e-14	3.431284e-16	4.010899e-17	2.993987e-17
59	0.6522634	0.5153909	0.171803	0.001104721	0.0007316315	0.000528233	2.044446e-05	1.986134e-05	1.98489e-05	2.924991e-06	4.002791e-07	3.817404e-08	3.562207e-08	3.520776e-08	1.679566e-08	7.890142e-09	7.674116e-09	7.584415e-09	7.481196e-09	6.363024e-09	6.018255e-09	5.355557e-09	5.134913e-09	5.100298e-09	5.086797e-09	4.127687e-10	1.554233e-11	3.301918e-14	3.369912e-16	3.403747e-17
60	0.1785054	0.1318402	0.1308663	0.004035604	0.0004590414	0.0004106347	0.0002123094	1.998714e-05	1.952223e-05	1.951018e-05	2.613931e-06	9.416336e-08	1.362534e-08	1.114854e-08	1.082135e-08	7.944997e-09	7.808673e-09	7.629952e-09	7.542252e-09	7.439212e-09	6.321124e-09	5.977118e-09	5.346603e-09	5.126539e-09	5.091988e-09	5.078511e-09	4.121296e-10	1.551818e-11	3.296728e-14	3.357663e-16
61	0.4863265	0.1332655	0.08670659	0.08591822	0.003273673	0.0004321161	0.0004093339	0.000211141	1.983793e-05	1.948406e-05	1.947204e-05	2.608193e-06	9.33602e-08	1.32289e-08	1.087446e-08	1.054892e-08	7.683565e-09	7.609977e-09	7.582393e-09	7.500207e-09	7.397343e-09	6.279302e-09	5.935952e-09	5.336376e-09	5.116776e-09	5.082291e-09	5.06884e-09	4.1135e-10	1.548877e-11	3.290491e-14
62	0.5629131	0.4853644	0.1326361	0.08611334	0.08545793	0.003111666	0.0003082095	0.0003014723	0.0001085057	1.732775e-06	1.560053e-06	1.557565e-06	2.183993e-07	9.6919e-09	2.913323e-09	2.724183e-09	2.69509e-09	1.678588e-09	1.65235e-09	1.649607e-09	1.644209e-09	1.624122e-09	5.269351e-10	4.955253e-10	4.326109e-10	4.062378e-10	4.031234e-10	4.019085e-10	3.200883e-11	1.20637e-12
63	0.998037	0.5618305	0.4852223	0.132509	0.08598771	0.08534511	0.003044137	0.0002656662	0.0002604153	9.963955e-05	2.597025e-07	1.080044e-07	1.067672e-07	1.983417e-08	1.483125e-09	9.476461e-10	9.343378e-10	9.304924e-10	7.15883e-11	4.950136e-11	4.874608e-11	4.835204e-11	3.724383e-11	3.534763e-11	3.22648e-11	2.788429e-11	2.628766e-11	2.609311e-11	2.601708e-11	2.313899e-12
64	0.9962542	0.9953419	0.5591375	0.4832862	0.1307794	0.08574486	0.08510477	0.00288313	0.0001050125	0.0001000131	9.950897e-05	2.408602e-07	8.947741e-08	8.825317e-08	1.72881e-08	1.389823e-09	9.353449e-10	9.242851e-10	9.207721e-10	6.388013e-11	4.18466e-11	4.111715e-11	4.078743e-11	2.977622e-11	2.791354e-11	2.637905e-11	2.273226e-11	2.144436e-11	2.128675e-11	2.122541e-11
65	0.9948432	0.9945132	0.9944791	0.5582756	0.4827681	0.1302622	0.08522768	0.08486898	0.002723538	6.319898e-06	1.367291e-06	8.700456e-07	2.183076e-07	6.787288e-08	6.666007e-08	1.35791e-08	4.021739e-10	5.249134e-11	4.419732e-11	4.214583e-11	3.498419e-11	3.397362e-11	3.330556e-11	3.309022e-11	2.218905e-11	2.035129e-11	1.921899e-11	1.694851e-11	1.601799e-11	1.590253e-11
66	0.9963385	0.9944268	0.9941748	0.9941428	0.5579393	0.4824333	0.1299276	0.08489304	0.08486634	0.00272155	6.116195e-06	1.188954e-06	6.979554e-07	6.644133e-08	6.559441e-08	6.438291e-08	1.326552e-08	3.893612e-10	4.975879e-11	4.176474e-11	3.975789e-11	3.299867e-11	3.257501e-11	3.248757e-11	3.228477e-11	2.139564e-11	1.956065e-11	1.847232e-11	1.630944e-11	1.54223e-11
67	0.5212282	0.5207612	0.5188569	0.5186088	0.5185768	0.2090834	0.1366911	0.1213716	0.08489142	0.08486472	0.002721512	6.082198e-06	1.159884e-06	6.703907e-07	6.069444e-08	5.989674e-08	5.919817e-08	1.260154e-08	3.675875e-10	4.711588e-11	3.965241e-11	3.77234e-11	3.144878e-11	3.103738e-11	3.095707e-11	3.077082e-11	1.990136e-11	1.807385e-11	1.704518e-11	1.494374e-11
68	0.180979	0.133983	0.1335535	0.1316496	0.131411	0.131379	0.1313638	0.09931944	0.08488044	0.08488042	0.08485373	0.002721499	6.07174e-06	1.150828e-06	6.619398e-07	5.871172e-08	5.794259e-08	5.737332e-08	1.238989e-08	3.506047e-10	3.585103e-11	2.85469e-11	2.664116e-11	2.051276e-11	2.010507e-11	2.002698e-11	1.984347e-11	1.946019e-11	1.76345e-11	1.661625e-11
69	0.4836892	0.1329678	0.08706248	0.08665702	0.08483854	0.08460494	0.08457335	0.08455825	0.0844169	0.08434555	0.08434555	0.0843189	0.002721098	5.706809e-06	8.333136e-07	3.612195e-07	7.346064e-09	7.144587e-09	7.141579e-09	5.536956e-09	1.023509e-10	3.86705e-12	2.637414e-12	1.605453e-12	9.345559e-13	6.649754e-13	6.556199e-13	6.45036e-13	6.353424e-13	6.290668e-13
70	0.01637096	0.00490272	0.003187932	0.002823116	0.002815255	0.002786837	0.002780528	0.002748969	0.002748906	0.002748681	0.002748201	0.002748201	0.002721546	0.002720632	5.241e-06	3.687572e-07	3.488794e-07	9.104069e-10	7.248141e-10	7.237665e-10	1.84554e-10	9.653487e-11	3.151595e-12	2.063266e-12	1.05192e-12	5.096733e-13	2.433447e-13	2.356804e-13	2.293643e-13	2.260889e-13
71	0.1622818	0.001514256	0.0001682209	0.0001379902	7.300545e-05	6.770885e-05	4.609971e-05	4.591093e-05	4.561006e-05	4.560812e-05	4.538657e-05	4.490614e-05	4.490601e-05	1.831817e-05	1.740421e-05	5.200457e-06	3.441047e-07	3.242448e-07	7.848093e-10	6.01471e-10	6.004413e-10	8.851494e-11	4.623995e-12	1.172382e-12	9.331245e-13	8.933772e-13	4.943981e-13	2.290335e-13	2.232968e-13	2.184524e-13
72	0.02592325	0.02583825	0.0007692093	7.868671e-05	5.90593e-05	3.919605e-05	3.416806e-05	1.294348e-05	1.280201e-05	1.268988e-05	1.26886e-05	1.263203e-05	1.215547e-05	1.215536e-05	1.208051e-05	1.116689e-05	3.717875e-07	3.429636e-07	3.231576e-07	5.590373e-10	4.209653e-10	4.200314e-10	6.393625e-11	3.197485e-12	7.775211e-13	7.199907e-13	6.957376e-13	4.33044e-13	1.684843e-13	1.630042e-13
73	0.01621414	0.01189255	0.01186756	0.0007356487	5.10836e-05	3.164173e-05	1.191358e-05	1.157307e-05	1.155468e-05	1.141553e-05	1.130388e-05	1.130289e-05	1.128382e-05	1.125887e-05	1.125877e-05	1.118393e-05	1.114724e-05	3.52142e-07	3.233512e-07	3.229228e-07	5.143564e-10	3.766895e-10	3.759504e-10	5.218062e-11	3.003926e-12	7.390555e-13	6.858048e-13	6.621865e-13	4.033464e-13	1.388849e-13
74	0.28415	0.01305037	0.01104199	0.01102713	6.554254e-05	5.069735e-05	3.132944e-05	1.169824e-05	1.136605e-05	1.13487e-05	1.126169e-05	1.122685e-05	1.122589e-05	1.120744e-05	1.11825e-05	1.11824e-05	1.114024e-05	1.110355e-05	3.277559e-07	3.228899e-07	3.224616e-07	5.131063e-10	3.756135e-10	3.748769e-10	5.146715e-11	2.344356e-12	2.429172e-13	1.970759e-13	1.903844e-13	1.395342e-13
75	0.2717989	0.0006414181	0.0001501593	2.173713e-05	1.863787e-05	8.319643e-06	8.157966e-06	7.75264e-06	3.766227e-07	1.761151e-07	1.636035e-07	1.548109e-07	1.505513e-07	1.496535e-07	1.351242e-07	1.102662e-07	1.101619e-07	6.837422e-08	3.168806e-08	7.852322e-09	3.009766e-09	2.581549e-09	5.119118e-10	3.749123e-10	3.741758e-10	5.096559e-11	1.872604e-12	2.349473e-13	1.894803e-13	1.828978e-13
76	0.4283979	0.001140768	0.0003045292	0.0001242151	6.536968e-06	3.744853e-06	1.161821e-06	1.045726e-06	6.48075e-07	3.254412e-07	1.255245e-07	1.132132e-07	1.045074e-07	1.018143e-07	1.009899e-07	8.660515e-08	6.175474e-08	6.165048e-08	6.145191e-08	2.476591e-08	3.257768e-09	2.873117e-09	2.444918e-09	3.792163e-10	3.748427e-10	3.741063e-10	5.094261e-11	1.856655e-12	2.329686e-13	1.877e-13
77	0.1598171	0.1560444	0.0009480832	0.0001882992	1.418285e-05	5.885064e-06	3.453089e-06	9.973884e-07	8.862881e-07	5.010582e-07	1.872216e-07	9.378199e-08	8.321679e-08	7.472628e-08	7.210423e-08	7.13039e-08	6.036437e-08	6.026861e-08	6.016712e-08	5.997465e-08	2.467656e-08	3.169502e-09	2.793996e-09	2.386215e-09	3.670346e-10	3.627998e-10	3.626055e-10	4.946198e-11	1.808836e-12	2.265079e-13
78	0.297189	0.1123381	0.1116931	0.0007338671	0.0001674765	5.121474e-06	2.728053e-06	2.24546e-06	9.522365e-07	8.445255e-07	4.598252e-07	1.462749e-07	5.726532e-08	4.784645e-08	3.937555e-08	3.675753e-08	3.596823e-08	2.51324e-08	2.505299e-08	2.498216e-08	2.478986e-08	2.437482e-08	2.867794e-09	2.492536e-09	2.384597e-09	3.666879e-10	3.624562e-10	3.622648e-10	4.939615e-11	1.807548e-12
79	0.8116197	0.1857226	0.09797252	0.09741319	0.0006917222	0.0001419422	2.649585e-06	1.557721e-06	1.090019e-06	8.994911e-07	7.955965e-07	4.110476e-07	1.232923e-07	3.45733e-08	2.516556e-08	1.748369e-08	1.50942e-08	1.430541e-08	3.476797e-09	3.397495e-09	3.326673e-09	3.134687e-09	2.719639e-09	2.650429e-09	2.275779e-09	2.16784e-09	3.665813e-10	3.624362e-10	3.622448e-10	4.937613e-11
80	0.3864625	0.3850398	0.1824611	0.09759143	0.09703978	0.0006839258	0.0001389483	2.62564e-06	1.538662e-06	1.071068e-06	8.98847e-07	7.954097e-07	4.108765e-07	1.231679e-07	3.445091e-08	2.504438e-08	1.736513e-08	1.504421e-08	1.425544e-08	3.427875e-09	3.34861e-09	3.277789e-09	3.086291e-09	2.671244e-09	2.611056e-09	2.274685e-09	2.166746e-09	3.661208e-10	3.624303e-10	3.622388e-10
81	0.8592816	0.304968	0.3038753	0.1450929	0.07739414	0.07697645	0.0005399295	0.0001081141	2.065669e-06	1.217191e-06	8.604175e-07	7.046507e-07	6.261789e-07	3.194484e-07	9.525992e-08	2.623013e-08	1.891221e-08	1.303945e-08	1.122886e-08	1.063666e-08	2.605006e-09	2.546058e-09	2.511999e-09	2.358827e-09	2.036526e-09	1.982476e-09	1.728556e-09	1.6446e-09	2.90779e-10	2.879464e-10
82	0.3791425	0.2649459	0.2344536	0.2338217	0.1130734	0.06097793	0.06065983	0.0004224989	8.248488e-05	1.613598e-06	9.613779e-07	6.891777e-07	5.432704e-07	4.8753e-07	2.435585e-07	7.201056e-08	1.928866e-08	1.369878e-08	9.349087e-09	7.974918e-09	7.550622e-09	1.935387e-09	1.892999e-09	1.864934e-09	1.744347e-09	1.497927e-09	1.448452e-09	1.265553e-09	1.201349e-09	2.296671e-10
83	0.281241	0.2506836	0.170547	0.1513953	0.1509899	0.07363193	0.03970361	0.03949963	0.0002746287	5.316935e-05	1.095109e-06	6.748108e-07	4.975698e-07	3.530544e-07	3.170745e-07	1.570361e-07	4.631417e-08	1.20855e-08	8.444315e-09	5.687239e-09	4.800233e-09	4.536234e-09	1.258677e-09	1.232916e-09	1.21234e-09	1.133617e-09	9.730818e-10	9.241057e-10	8.050706e-10	7.632062e-10
84	0.07145218	0.06349388	0.0566776	0.04035597	0.03596765	0.03587312	0.01755094	0.009470985	0.009423256	6.548191e-05	1.245373e-05	2.369242e-07	1.368872e-07	9.454307e-08	8.407047e-08	7.559417e-08	3.737294e-08	1.140631e-08	3.281207e-09	2.412928e-09	1.774191e-09	1.562334e-09	1.502827e-09	2.917247e-10	2.83372e-10	2.726866e-10	2.538454e-10	2.154544e-10	2.11845e-10	1.839383e-10
85	0.9750302	0.07124065	0.06334271	0.05658398	0.04026147	0.03589496	0.03580066	0.01751929	0.00946386	0.009416275	6.552961e-05	1.241893e-05	2.376809e-07	1.37153e-07	9.477133e-08	8.430105e-08	7.577385e-08	3.758582e-08	1.169253e-08	3.578753e-09	2.711113e-09	2.075248e-09	1.862063e-09	1.802886e-09	2.959366e-10	2.86039e-10	2.718119e-10	2.529606e-10	2.145325e-10	2.112001e-10
86	0.9999557	0.9749942	0.07123341	0.0633372	0.05657879	0.04022613	0.03585764	0.03576322	0.01750647	0.009459751	0.009412112	6.59085e-05	1.242255e-05	2.426469e-07	1.400407e-07	9.747171e-08	8.557719e-08	7.662903e-08	3.848801e-08	1.259866e-08	4.491631e-09	3.624597e-09	2.989462e-09	2.76972e-09	2.709942e-09	3.131285e-10	2.985646e-10	2.73707e-10	2.547916e-10	2.16203e-10
