#unpaired probabilities
 #i$	l=1	2	3	4	5	6	7	8	9	10	11	12	13	14	15	16	17	18	19	20	21	22	23	24	25	26	27	28	29	30	
1	0.4553971	NA	NA	NA	NA	NA	NA	NA	NA	NA	NA	NA	NA	NA	NA	NA	NA	NA	NA	NA	NA	NA	NA	NA	NA	NA	NA	NA	NA	NA
2	0.9765242	0.4516246	NA	NA	NA	NA	NA	NA	NA	NA	NA	NA	NA	NA	NA	NA	NA	NA	NA	NA	NA	NA	NA	NA	NA	NA	NA	NA	NA	NA
3	0.005463728	0.004223692	0.002594011	NA	NA	NA	NA	NA	NA	NA	NA	NA	NA	NA	NA	NA	NA	NA	NA	NA	NA	NA	NA	NA	NA	NA	NA	NA	NA	NA
4	0.07996413	0.001970475	0.001118882	0.0006960725	NA	NA	NA	NA	NA	NA	NA	NA	NA	NA	NA	NA	NA	NA	NA	NA	NA	NA	NA	NA	NA	NA	NA	NA	NA	NA
5	0.2274758	0.07600124	0.001911709	0.00106978	0.0006670936	NA	NA	NA	NA	NA	NA	NA	NA	NA	NA	NA	NA	NA	NA	NA	NA	NA	NA	NA	NA	NA	NA	NA	NA	NA
6	0.9689303	0.2176678	0.06955287	0.00181471	0.0009944873	0.0006200244	NA	NA	NA	NA	NA	NA	NA	NA	NA	NA	NA	NA	NA	NA	NA	NA	NA	NA	NA	NA	NA	NA	NA	NA
7	0.9806242	0.9516714	0.202908	0.05516281	0.00166676	0.0009023217	0.0005622464	NA	NA	NA	NA	NA	NA	NA	NA	NA	NA	NA	NA	NA	NA	NA	NA	NA	NA	NA	NA	NA	NA	NA
8	0.8397276	0.8496682	0.8464646	0.1526142	0.03865543	0.001337931	0.0006277099	0.000390706	NA	NA	NA	NA	NA	NA	NA	NA	NA	NA	NA	NA	NA	NA	NA	NA	NA	NA	NA	NA	NA	NA
9	0.7879417	0.7730253	0.7930052	0.8043963	0.1296617	0.03632254	0.001280513	0.0005997223	0.0003738085	NA	NA	NA	NA	NA	NA	NA	NA	NA	NA	NA	NA	NA	NA	NA	NA	NA	NA	NA	NA	NA
10	0.9874851	0.7862452	0.7715897	0.7914407	0.8036362	0.1292091	0.03615125	0.001277867	0.0005975427	0.0003724412	NA	NA	NA	NA	NA	NA	NA	NA	NA	NA	NA	NA	NA	NA	NA	NA	NA	NA	NA	NA
11	0.4433084	0.4183885	0.2680421	0.2242493	0.1952793	0.1510457	0.09555292	0.03282498	0.0006395182	0.0005661102	0.0003537253	NA	NA	NA	NA	NA	NA	NA	NA	NA	NA	NA	NA	NA	NA	NA	NA	NA	NA	NA
12	0.5126323	0.396498	0.3760654	0.2323427	0.1941881	0.1693975	0.1329514	0.08564413	0.03200394	0.0006296509	0.0005574234	0.0003486308	NA	NA	NA	NA	NA	NA	NA	NA	NA	NA	NA	NA	NA	NA	NA	NA	NA	NA
13	0.4744994	0.326597	0.2662646	0.2391296	0.2043373	0.1728931	0.1509795	0.1201305	0.07838399	0.03143164	0.0006226495	0.0005512632	0.0003449982	NA	NA	NA	NA	NA	NA	NA	NA	NA	NA	NA	NA	NA	NA	NA	NA	NA
14	0.7648975	0.4344761	0.3206065	0.2599859	0.2324367	0.199962	0.1712479	0.1492957	0.1193553	0.07782384	0.03110708	0.0006196823	0.0005495145	0.000344011	NA	NA	NA	NA	NA	NA	NA	NA	NA	NA	NA	NA	NA	NA	NA	NA
15	0.668046	0.5926727	0.3783222	0.3065286	0.2517766	0.2238859	0.1916958	0.1627638	0.140036	0.1092425	0.06651114	0.0194999	0.0003732581	0.0003298623	0.0002058464	NA	NA	NA	NA	NA	NA	NA	NA	NA	NA	NA	NA	NA	NA	NA
16	0.3317065	0.3327962	0.2961542	0.2502553	0.2389701	0.2308554	0.2048091	0.1736159	0.145521	0.1227177	0.09203	0.04994777	0.004470009	5.760024e-05	5.032734e-05	3.008068e-05	NA	NA	NA	NA	NA	NA	NA	NA	NA	NA	NA	NA	NA	NA
17	0.4465371	0.2608188	0.2610376	0.2330084	0.2252016	0.2245773	0.2215843	0.1966195	0.166574	0.1395146	0.1175129	0.08788344	0.04776093	0.003993452	4.881136e-05	4.274386e-05	2.537068e-05	NA	NA	NA	NA	NA	NA	NA	NA	NA	NA	NA	NA	NA
18	0.5053816	0.170653	0.1444674	0.1448172	0.1290272	0.1254646	0.1251073	0.1243902	0.1114608	0.09442461	0.07911547	0.06668653	0.04965011	0.02703066	0.002235078	2.717868e-05	2.393575e-05	1.41979e-05	NA	NA	NA	NA	NA	NA	NA	NA	NA	NA	NA	NA
19	0.9797386	0.5050993	0.1706224	0.1444629	0.1448126	0.1290224	0.1254632	0.1251064	0.1243895	0.1114602	0.09442412	0.07911539	0.06668644	0.04965003	0.02703059	0.002235046	2.717809e-05	2.393522e-05	1.419756e-05	NA	NA	NA	NA	NA	NA	NA	NA	NA	NA	NA
20	0.04018559	0.04016354	0.006563724	0.003775642	0.002921598	0.00272097	0.002636606	0.002635593	0.001026212	0.001015164	0.000924668	0.0007449187	0.00061218	0.0005201767	0.0003981372	0.0002090943	1.932033e-05	2.432142e-07	2.137055e-07	1.279141e-07	NA	NA	NA	NA	NA	NA	NA	NA	NA	NA
21	0.09209623	0.03208243	0.03184602	0.003456435	0.002749402	0.002018656	0.002116278	0.002092866	0.00210444	0.000487509	0.0004763791	0.0004354396	0.0003626467	0.0002935267	0.000252261	0.0001976125	9.955891e-05	1.022145e-05	1.316858e-07	1.154422e-07	6.956318e-08	NA	NA	NA	NA	NA	NA	NA	NA	NA
22	0.169555	0.06633312	0.02847946	0.02823614	0.00221261	0.001779611	0.00142186	0.001511638	0.001611571	0.001640702	4.65963e-05	3.677701e-05	3.866494e-05	2.474143e-05	6.431184e-06	6.076424e-06	5.260067e-06	4.058373e-06	1.34444e-06	2.589084e-08	2.217395e-08	1.390182e-08	NA	NA	NA	NA	NA	NA	NA	NA
23	0.1569147	0.1544275	0.06586197	0.02838016	0.02813372	0.002139346	0.001709065	0.001348412	0.001434595	0.001531812	0.001636692	4.352309e-05	3.364093e-05	3.56314e-05	2.193101e-05	3.720092e-06	3.400712e-06	2.770916e-06	1.898426e-06	7.12571e-07	1.402882e-08	1.158999e-08	7.26005e-09	NA	NA	NA	NA	NA	NA	NA
24	0.1636617	0.148625	0.1510554	0.06435166	0.02728058	0.02697755	0.0009728475	0.0004772763	4.0986e-05	4.129763e-05	4.176526e-05	3.99492e-05	4.050846e-05	3.063394e-05	3.285165e-05	1.946369e-05	1.530877e-06	1.479591e-06	1.14992e-06	9.523447e-07	5.347494e-07	9.966656e-09	8.796975e-09	5.521351e-09	NA	NA	NA	NA	NA	NA
25	0.1846567	0.149997	0.1350933	0.1370617	0.0497497	0.0267807	0.02645174	0.0004711224	0.0001626353	3.335691e-05	3.324482e-05	3.333639e-05	3.099273e-05	3.088899e-05	2.67009e-05	2.870623e-05	1.711865e-05	9.625337e-07	1.001133e-06	7.90845e-07	7.561255e-07	5.179813e-07	9.757214e-09	8.612134e-09	5.411694e-09	NA	NA	NA	NA	NA
26	0.9809006	0.1807021	0.1459369	0.1308683	0.1326474	0.04512621	0.02656027	0.02644957	0.0004696931	0.0001615125	3.24254e-05	3.239794e-05	3.24419e-05	3.00461e-05	2.98762e-05	2.660824e-05	2.867545e-05	1.709336e-05	9.518299e-07	9.946181e-07	7.859181e-07	7.529669e-07	5.168595e-07	9.735403e-09	8.592927e-09	5.399693e-09	NA	NA	NA	NA
27	0.9863571	0.9737571	0.1738092	0.1388081	0.1241222	0.1255971	0.0377411	0.02512481	0.02644687	0.0004688898	0.0001607369	3.164604e-05	3.165266e-05	3.168592e-05	2.933387e-05	2.915288e-05	2.609791e-05	2.865626e-05	1.707651e-05	9.366139e-07	9.832921e-07	7.742606e-07	7.403729e-07	5.043604e-07	9.473398e-09	8.361708e-09	5.254277e-09	NA	NA	NA
28	0.9303012	0.9146378	0.8992874	0.09636473	0.05814093	0.03994989	0.03759925	0.03774109	0.02512481	0.02644687	0.0004688893	0.0001607365	3.164557e-05	3.165217e-05	3.168543e-05	2.93338e-05	2.915282e-05	2.609785e-05	2.86562e-05	1.707645e-05	9.365537e-07	9.832425e-07	7.742131e-07	7.403284e-07	5.043516e-07	9.473243e-09	8.36157e-09	5.254191e-09	NA	NA
29	0.8608575	0.8689305	0.8706944	0.8693985	0.07063437	0.03275892	0.01380393	0.01031029	0.009167658	0.008905674	0.009374162	0.0002832822	0.000146718	1.786055e-05	1.812232e-05	1.85954e-05	1.81907e-05	1.870224e-05	1.633977e-05	1.794607e-05	1.610251e-05	6.425898e-07	6.68027e-07	4.797319e-07	4.214687e-07	1.87074e-07	2.821216e-09	2.491211e-09	1.561859e-09	NA
30	0.8826794	0.8532175	0.861306	0.8635982	0.8634175	0.06456255	0.02655776	0.00737171	0.003594412	0.002134883	0.002181108	0.002295684	0.0001633912	0.0001433036	1.439377e-05	1.445839e-05	1.470802e-05	1.404785e-05	1.423413e-05	1.527351e-05	1.677591e-05	1.597908e-05	6.007896e-07	6.229076e-07	4.311984e-07	3.671295e-07	1.81444e-07	2.707089e-09	2.390501e-09	1.498781e-09
31	0.8297269	0.846045	0.8464089	0.8562411	0.8596933	0.8605877	0.0621633	0.02459399	0.00551757	0.001691999	0.000155824	0.0001228015	0.0001290976	0.0001347019	0.0001395417	1.134527e-05	1.173544e-05	1.228397e-05	1.179272e-05	1.189189e-05	1.295381e-05	1.422595e-05	1.575083e-05	3.505691e-07	3.400973e-07	3.482424e-07	2.764399e-07	1.218198e-07	1.516335e-09	1.338843e-09
32	0.2202437	0.1007593	0.09807488	0.08555444	0.07770422	0.06551204	0.05008495	0.03348596	0.01295977	0.002950484	0.000947299	0.0001461049	0.0001221758	0.0001284692	0.0001340485	0.0001388598	1.063872e-05	1.099935e-05	1.157347e-05	1.107406e-05	1.186389e-05	1.292683e-05	1.41966e-05	1.571859e-05	3.146026e-07	2.994647e-07	3.023448e-07	2.280271e-07	7.165342e-08	1.387223e-09
33	0.1717649	0.1385846	0.09755807	0.09551986	0.08330862	0.07544879	0.0635253	0.04818885	0.03159545	0.01281013	0.002832975	0.0008343734	3.106587e-05	1.998967e-06	1.96862e-06	1.899431e-06	1.881941e-06	1.911148e-06	1.69648e-06	1.623319e-06	3.738833e-07	2.762515e-07	2.883374e-07	2.943905e-07	2.970879e-07	3.090052e-07	2.932869e-07	2.961803e-07	2.215346e-07	6.919214e-08
34	0.2647248	0.1296104	0.1200397	0.08865522	0.08757387	0.07691788	0.06983863	0.05889924	0.04464388	0.02929462	0.01187891	0.002623054	0.0007667468	2.034492e-05	1.453261e-06	1.416831e-06	1.334087e-06	1.305837e-06	1.318201e-06	1.336131e-06	1.313436e-06	2.45115e-07	1.967989e-07	2.03054e-07	2.00987e-07	1.938185e-07	1.933465e-07	1.983197e-07	1.969338e-07	1.160782e-07
35	0.03020206	0.008266687	0.003691673	0.00218834	0.001065843	0.0009743291	0.0008245344	0.0007375953	0.0006136163	0.0004782586	0.0002992654	0.0001230108	3.079854e-05	1.278429e-05	5.867418e-06	3.571432e-07	3.295584e-07	2.52667e-07	1.791739e-07	1.581424e-07	1.605773e-07	1.48899e-07	1.477132e-07	1.457095e-07	1.485161e-07	1.413387e-07	1.279664e-07	1.195914e-07	1.158795e-07	1.106157e-07
36	0.08433302	0.02101407	0.006504246	0.003292456	0.001823629	0.0008348515	0.0007511862	0.0006305891	0.0005604235	0.0004633497	0.0003572265	0.0002296453	9.474976e-05	2.44973e-05	1.090349e-05	5.755935e-06	3.255944e-07	2.96927e-07	2.212597e-07	1.466672e-07	1.257595e-07	1.262955e-07	1.135121e-07	1.105339e-07	1.118308e-07	1.11573e-07	1.007195e-07	8.286119e-08	6.887267e-08	5.805651e-08
37	0.2465684	0.07495939	0.01888345	0.005700041	0.002828367	0.001594177	0.0008091574	0.0007369493	0.0006200463	0.0005515251	0.0004562368	0.0003519299	0.0002262717	9.336088e-05	2.410099e-05	1.069623e-05	5.618707e-06	2.559515e-07	2.242126e-07	1.679676e-07	1.420365e-07	1.214927e-07	1.219052e-07	1.09175e-07	1.061843e-07	1.07294e-07	1.067464e-07	9.563716e-08	8.106082e-08	6.792688e-08
38	0.6748849	0.1878829	0.05622292	0.01330917	0.004796241	0.002334703	0.001256247	0.0005570581	0.0004957333	0.0004151059	0.0003684259	0.0003041953	0.0002339989	0.0001496421	6.165719e-05	1.592429e-05	7.077518e-06	3.728056e-06	1.728239e-07	1.519537e-07	1.145814e-07	9.767232e-08	8.418359e-08	8.402635e-08	7.532924e-08	7.288384e-08	7.316203e-08	7.159343e-08	6.271106e-08	5.310952e-08
39	0.9240999	0.6270152	0.1860926	0.05496979	0.01243515	0.004180845	0.002328998	0.001251336	0.0005538162	0.0004937404	0.0004137728	0.0003672042	0.0003031449	0.0002331289	0.0001492373	6.149142e-05	1.588413e-05	7.064293e-06	3.724929e-06	1.726028e-07	1.517452e-07	1.143913e-07	9.748921e-08	8.406126e-08	8.390404e-08	7.522708e-08	7.281223e-08	7.313659e-08	7.156627e-08	6.268214e-08
40	0.09915322	0.07886323	0.05771617	0.03858624	0.02466172	0.008565322	0.00186239	0.001063277	0.0004482703	4.831341e-05	2.137847e-05	1.373112e-05	1.05131e-05	7.646542e-06	4.724815e-06	1.922529e-06	6.32112e-07	1.465248e-07	6.107776e-08	2.905549e-08	5.60683e-09	5.716678e-09	5.352877e-09	5.447156e-09	5.33669e-09	4.670988e-09	4.049941e-09	3.100071e-09	2.312317e-09	4.343679e-10
41	0.07218863	0.05170034	0.03925994	0.03046672	0.02244066	0.01560372	0.006455776	0.0008046846	0.0004400849	0.0001831161	1.608229e-05	4.629206e-06	2.100474e-06	1.236433e-06	7.509056e-07	3.167105e-07	1.038658e-07	2.616875e-08	4.216041e-09	1.679838e-09	7.6302e-10	3.887098e-10	4.040297e-10	3.805592e-10	3.811084e-10	3.837407e-10	3.567303e-10	3.014156e-10	1.168983e-10	3.351073e-11
42	0.04633883	0.03286408	0.0261616	0.01867933	0.01530887	0.0125104	0.009961496	0.005221616	0.0001270296	4.244082e-05	1.789605e-05	2.052311e-06	5.101926e-07	2.470425e-07	1.552105e-07	9.774198e-08	4.707461e-08	1.716912e-08	4.800816e-09	8.738351e-10	3.151949e-10	1.047025e-10	5.802745e-11	6.069029e-11	6.271359e-11	5.134631e-11	5.137038e-11	4.678328e-11	3.895833e-11	1.51478e-11
43	0.03066208	0.02766149	0.02723403	0.02190922	0.01498352	0.01217736	0.009910138	0.009368606	0.005093292	5.623469e-05	6.631602e-07	1.963102e-07	2.938049e-08	1.863293e-08	1.484339e-08	1.288517e-08	1.050844e-08	8.024873e-09	5.188778e-09	2.050356e-09	4.500927e-10	1.308637e-10	2.541643e-12	4.700911e-13	4.859514e-13	4.999344e-13	5.177839e-13	4.479007e-13	4.097545e-13	3.477327e-13
44	0.03356892	0.0272779	0.02606171	0.025761	0.0204117	0.0148367	0.01203147	0.009763615	0.009332647	0.005092495	5.575431e-05	3.410677e-07	6.070456e-08	1.824144e-08	1.564651e-08	1.337901e-08	1.198925e-08	9.916462e-09	7.700501e-09	5.017658e-09	2.030187e-09	4.466403e-10	1.295111e-10	1.953569e-12	1.582279e-13	1.599599e-13	1.632858e-13	1.670189e-13	1.648989e-13	1.537233e-13
45	0.05343583	0.02766889	0.02168379	0.02035202	0.01991885	0.01449646	0.01482857	0.01202324	0.009755264	0.009330905	0.005092136	5.555357e-05	3.350667e-07	5.835062e-08	1.798568e-08	1.553289e-08	1.330169e-08	1.193585e-08	9.874646e-09	7.670321e-09	4.998194e-09	2.021272e-09	4.451158e-10	1.290509e-10	1.919843e-12	1.503007e-13	1.517623e-13	1.548268e-13	1.582407e-13	1.573625e-13
46	0.08516256	0.04513392	0.02177156	0.01575587	0.01429882	0.01438238	0.009074166	0.009267252	0.009506928	0.009755183	0.009330835	0.005092078	5.5547e-05	3.338083e-07	5.771487e-08	1.780543e-08	1.540888e-08	1.320062e-08	1.184401e-08	9.797324e-09	7.607721e-09	4.965683e-09	2.007964e-09	4.41959e-10	1.282196e-10	1.907804e-12	1.490352e-13	1.504693e-13	1.534973e-13	1.568613e-13
47	0.997501	0.08338995	0.04465023	0.02163064	0.01570369	0.01429764	0.01438173	0.009073559	0.009266647	0.009506353	0.009754611	0.009330262	0.005091503	5.55449e-05	3.325672e-07	5.719029e-08	1.774722e-08	1.538288e-08	1.318326e-08	1.183009e-08	9.786627e-09	7.600098e-09	4.960793e-09	2.005925e-09	4.413986e-10	1.27945e-10	1.743713e-12	1.455711e-13	1.481829e-13	1.511302e-13
48	0.9781932	0.9789527	0.0750612	0.0386542	0.01704709	0.01142503	0.009928387	0.00990868	0.004489199	0.004583423	0.004699964	0.004818389	0.004951312	0.005091488	5.553644e-05	3.275713e-07	5.512844e-08	1.756057e-08	1.532429e-08	1.315381e-08	1.181084e-08	9.773587e-09	7.592732e-09	4.956828e-09	2.004805e-09	4.411409e-10	1.278358e-10	1.691161e-12	1.377748e-13	1.401325e-13
49	0.9941231	0.9772267	0.9779673	0.07407157	0.0376528	0.01603014	0.01038505	0.009926582	0.009907339	0.004487877	0.004582067	0.004698573	0.004816961	0.004949844	0.005089978	5.553635e-05	3.274817e-07	5.504021e-08	1.747213e-08	1.523309e-08	1.305952e-08	1.17132e-08	9.773351e-09	7.592687e-09	4.956799e-09	2.004793e-09	4.411376e-10	1.278342e-10	1.690213e-12	1.377541e-13
50	0.9813233	0.9750692	0.9651953	0.9656827	0.06543785	0.03165948	0.01132996	0.005615167	0.005510811	0.005587906	8.14779e-05	6.26833e-05	6.025857e-05	5.328682e-05	5.384594e-05	5.409395e-05	5.553632e-05	3.274583e-07	5.502169e-08	1.74566e-08	1.52173e-08	1.304325e-08	1.169638e-08	9.756379e-09	7.592628e-09	4.956761e-09	2.004777e-09	4.411333e-10	1.27832e-10	1.688953e-12
51	0.9464444	0.9460985	0.9457339	0.9414214	0.9422914	0.05665416	0.0250551	0.005548976	0.0001996376	5.320245e-05	2.906813e-05	2.679281e-05	6.704795e-06	3.102193e-06	2.167935e-06	1.358752e-06	4.5356e-07	3.554267e-07	3.104725e-07	3.950096e-08	3.022566e-09	1.079062e-09	6.105327e-10	4.382645e-10	3.160309e-10	1.976157e-10	1.063795e-10	3.966186e-11	8.473619e-12	2.60716e-12
52	0.1652741	0.1463597	0.1300621	0.1131128	0.09152214	0.07434181	0.05639112	0.02495386	0.005484617	0.0001707765	3.304737e-05	9.871441e-06	7.217688e-06	6.378347e-06	2.774618e-06	1.837549e-06	1.051877e-06	2.375395e-07	1.332662e-07	8.169916e-08	3.921344e-08	2.870635e-09	9.830115e-10	5.37243e-10	3.74988e-10	2.646991e-10	1.589417e-10	8.165447e-11	2.981434e-11	6.30501e-12
53	0.1685095	0.1495827	0.1323428	0.1160473	0.0990904	0.07911075	0.06193663	0.04399695	0.02388376	0.005390652	0.0001579807	2.931704e-05	8.953122e-06	6.601723e-06	5.761117e-06	2.726322e-06	1.803722e-06	1.028955e-06	2.265343e-07	1.23878e-07	7.302559e-08	3.090531e-08	2.755273e-09	9.400886e-10	5.044065e-10	3.46789e-10	2.417716e-10	1.41634e-10	7.055323e-11	2.535046e-11
54	0.1808608	0.1627185	0.145632	0.1286098	0.1122631	0.09531026	0.07691097	0.05970001	0.0418084	0.02322752	0.005358189	0.000148825	2.557159e-05	6.883044e-06	4.60892e-06	3.7182e-06	2.712185e-06	1.796291e-06	1.022256e-06	2.236275e-07	1.229755e-07	7.219569e-08	3.007337e-08	2.567608e-09	7.724102e-10	3.634371e-10	2.206741e-10	1.368516e-10	6.034925e-11	1.754933e-11
55	0.2296172	0.1794597	0.1620108	0.1449181	0.1278895	0.1115318	0.09456753	0.07687789	0.05966959	0.0417812	0.02321322	0.005355009	0.0001487301	2.553409e-05	6.861423e-06	4.590379e-06	3.699365e-06	2.710864e-06	1.795893e-06	1.021997e-06	2.235175e-07	1.22897e-07	7.217278e-08	3.005765e-08	2.566259e-09	7.716554e-10	3.628846e-10	2.201886e-10	1.365244e-10	6.01073e-11
56	0.3245382	0.2287109	0.1791787	0.1619209	0.1448271	0.1277993	0.11144	0.094474	0.07678257	0.05957238	0.04171711	0.02319336	0.005335069	0.000128453	2.187073e-05	6.696049e-06	4.568711e-06	3.677167e-06	2.700485e-06	1.795135e-06	1.021804e-06	2.234242e-07	1.228525e-07	7.212803e-08	3.001191e-08	2.521062e-09	7.269169e-10	3.259669e-10	1.889321e-10	1.135381e-10
57	0.0281881	0.01837062	0.007475349	0.00191544	0.001726984	0.001502451	0.001331843	0.001169535	0.001001241	0.0008255926	0.0006549536	0.0004473371	0.0002431268	6.317822e-05	8.269254e-06	1.328626e-06	1.194783e-07	5.377008e-08	4.503996e-08	3.119337e-08	1.852998e-08	1.039188e-08	2.247076e-09	1.240551e-09	7.332421e-10	3.129798e-10	3.790947e-11	1.976757e-11	1.374764e-11	1.097292e-11
58	0.02483632	0.01516837	0.01188109	0.00517678	4.959648e-05	3.692367e-05	3.365115e-05	3.250166e-05	3.182455e-05	3.113865e-05	3.028572e-05	2.961861e-05	2.693074e-05	6.796764e-06	4.206862e-06	8.033002e-07	1.147701e-07	7.434874e-09	2.060098e-09	2.022418e-09	1.263566e-09	3.489301e-10	1.876253e-10	2.06654e-11	1.214074e-11	8.022475e-12	5.181525e-12	3.283928e-12	3.098195e-12	2.626431e-12
59	0.4188856	0.02292693	0.01505731	0.01181818	0.005164508	4.160217e-05	2.949727e-05	2.870238e-05	2.808908e-05	2.791346e-05	2.774743e-05	2.748944e-05	2.735014e-05	2.552565e-05	5.993501e-06	3.964135e-06	7.27497e-07	1.033736e-07	6.696836e-09	1.824e-09	1.811933e-09	1.126122e-09	2.848582e-10	1.532415e-10	1.35508e-11	8.185306e-12	5.662152e-12	4.130693e-12	3.097477e-12	2.969145e-12
60	0.9996761	0.418867	0.02292366	0.01505445	0.01181532	0.005164479	4.159958e-05	2.949489e-05	2.870007e-05	2.808684e-05	2.791128e-05	2.77453e-05	2.748738e-05	2.734813e-05	2.552384e-05	5.993302e-06	3.964032e-06	7.274213e-07	1.033604e-07	6.696204e-09	1.823894e-09	1.81183e-09	1.126068e-09	2.848444e-10	1.532341e-10	1.354839e-11	8.184454e-12	5.661572e-12	4.130335e-12	3.097267e-12
61	0.3700216	0.3726667	0.3031162	0.01171972	0.005861556	0.005798922	0.005133268	2.23424e-05	1.091563e-05	1.061546e-05	1.046547e-05	1.052164e-05	1.058619e-05	1.06246e-05	1.070484e-05	1.021403e-05	2.724356e-06	1.904933e-06	2.708617e-07	3.982374e-08	3.261495e-09	1.015165e-09	1.014378e-09	6.678857e-10	1.724157e-10	1.032766e-10	5.662499e-12	3.786747e-12	2.89692e-12	2.629711e-12
62	0.1515068	0.1497149	0.1513967	0.1279345	0.002886773	0.001781206	0.001766772	0.001309857	1.306547e-05	1.943865e-06	1.660903e-06	1.626796e-06	1.625638e-06	1.62459e-06	1.617992e-06	1.619849e-06	1.466838e-06	3.782162e-07	2.898293e-07	6.647931e-08	1.111605e-08	1.356016e-09	2.664238e-10	2.641934e-10	1.575309e-10	2.82191e-11	2.154143e-11	1.764435e-12	1.323354e-12	1.00972e-12
63	0.1720298	0.1263661	0.1245935	0.125949	0.1059421	0.002044643	0.001353601	0.001340013	0.001299611	3.110424e-06	1.579487e-06	1.295784e-06	1.264154e-06	1.258832e-06	1.253271e-06	1.242506e-06	1.239273e-06	1.110209e-06	3.061136e-07	2.379171e-07	5.466293e-08	9.083872e-09	1.028737e-09	1.239132e-10	1.224502e-10	8.917349e-11	2.391449e-11	1.935216e-11	1.633377e-12	1.227346e-12
64	0.5097854	0.04058196	0.02117689	0.01814284	0.01774064	0.01106427	0.001930776	0.001343465	0.001335933	0.001299401	2.958005e-06	1.426009e-06	1.286038e-06	1.254745e-06	1.249466e-06	1.243942e-06	1.234563e-06	1.231384e-06	1.10331e-06	3.028924e-07	2.351976e-07	5.285696e-08	7.678308e-09	9.206431e-10	7.301625e-11	7.027086e-11	4.133585e-11	1.882562e-11	1.619835e-11	1.478541e-12
65	0.5321786	0.337127	0.0242848	0.009525501	0.006379324	0.005807968	0.003896558	0.0004231788	3.701338e-05	3.482544e-05	2.49536e-06	1.801842e-06	3.172923e-07	2.675024e-07	2.406653e-07	2.161804e-07	1.900135e-07	1.605226e-07	1.348902e-07	9.45159e-08	4.425558e-08	1.541109e-08	2.096706e-09	7.494866e-10	5.48435e-10	2.569818e-11	2.31371e-11	1.988837e-11	1.698306e-11	1.56306e-11
66	0.5837903	0.5250554	0.3351177	0.02389139	0.009165716	0.006020334	0.005444777	0.003716243	0.0004129076	3.405106e-05	3.253379e-05	1.017898e-06	3.241556e-07	2.877838e-07	2.378282e-07	2.116924e-07	1.867049e-07	1.599958e-07	1.299741e-07	1.037489e-07	6.613202e-08	3.673621e-08	8.988785e-09	8.053951e-10	5.744696e-10	5.372849e-10	2.437345e-11	2.184623e-11	1.927035e-11	1.687799e-11
67	0.6270852	0.532546	0.5132688	0.327493	0.02076578	0.006401896	0.003290715	0.002682496	0.001768945	1.911977e-05	8.806535e-06	8.678429e-06	6.884221e-07	2.935997e-07	2.587534e-07	2.308752e-07	2.051247e-07	1.804554e-07	1.540756e-07	1.270284e-07	1.011878e-07	6.410352e-08	3.554018e-08	8.229146e-09	2.573225e-10	5.563511e-11	1.417596e-11	1.031678e-11	7.499703e-12	4.60242e-12
68	0.486733	0.3935309	0.3521183	0.3348726	0.3247174	0.01902949	0.00547658	0.002540137	0.001959323	0.001106487	1.753008e-05	8.584104e-06	8.506271e-06	6.551965e-07	2.696833e-07	2.432951e-07	2.168577e-07	1.926438e-07	1.695436e-07	1.455877e-07	1.201209e-07	9.582562e-08	6.035417e-08	3.346089e-08	7.748484e-09	2.459594e-10	5.233433e-11	1.185357e-11	8.134129e-12	6.903108e-12
69	0.3079295	0.1395141	0.1058309	0.07066617	0.04972088	0.03535148	0.01854947	0.005337029	0.002445215	0.001872202	0.00103902	1.711267e-05	8.522285e-06	8.453969e-06	6.483651e-07	2.643024e-07	2.382613e-07	2.133371e-07	1.894804e-07	1.667224e-07	1.431214e-07	1.182084e-07	9.427633e-08	5.91861e-08	3.271724e-08	7.626749e-09	2.378418e-10	4.724315e-11	1.028931e-11	6.601143e-12
70	0.3981492	0.3024537	0.1356521	0.1028013	0.06799361	0.04766418	0.03328889	0.01813964	0.005324841	0.002439878	0.001867708	0.001036099	1.70688e-05	8.515398e-06	8.450148e-06	6.454785e-07	2.614561e-07	2.354056e-07	2.127113e-07	1.88885e-07	1.661553e-07	1.425836e-07	1.180319e-07	9.413616e-08	5.908488e-08	3.266286e-08	7.612865e-09	2.363709e-10	4.646293e-11	1.021009e-11
71	0.6032179	0.3981298	0.3024443	0.1356453	0.1027945	0.06798864	0.04766312	0.03328783	0.01813861	0.005323785	0.002439877	0.001867707	0.001036098	1.706879e-05	8.515392e-06	8.450141e-06	6.454761e-07	2.614538e-07	2.354033e-07	2.12709e-07	1.888826e-07	1.661529e-07	1.425811e-07	1.180294e-07	9.413357e-08	5.908224e-08	3.266286e-08	7.612864e-09	2.363705e-10	4.646292e-11
72	0.4520095	0.3504898	0.2562816	0.1652327	0.1331414	0.1018591	0.06738643	0.04754561	0.0332417	0.01809424	0.005278963	0.002394382	0.001821469	0.001020607	9.130808e-06	7.511248e-07	5.58647e-07	3.664347e-07	2.595216e-07	2.350969e-07	2.12408e-07	1.886465e-07	1.659126e-07	1.423364e-07	1.177802e-07	9.387947e-08	5.887096e-08	3.260396e-08	7.562719e-09	2.178774e-10
73	0.4359028	0.3445081	0.2898661	0.2533126	0.1626038	0.1311181	0.1017292	0.06727175	0.04744091	0.0332194	0.018072	0.005256429	0.00237149	0.001798248	0.001004457	8.343194e-06	5.194059e-07	4.068121e-07	3.056662e-07	2.588675e-07	2.346816e-07	2.119879e-07	1.882634e-07	1.655223e-07	1.41938e-07	1.17374e-07	9.346463e-08	5.849269e-08	3.246234e-08	7.432997e-09
74	0.4530215	0.3640668	0.2719155	0.2175104	0.1815204	0.1520976	0.1298696	0.101489	0.06709159	0.04740017	0.03321527	0.01806997	0.005254375	0.002369402	0.001796127	0.001003917	8.313129e-06	5.065231e-07	3.961039e-07	2.965135e-07	2.498058e-07	2.257049e-07	2.028387e-07	1.789818e-07	1.56055e-07	1.322776e-07	1.075123e-07	8.339314e-08	5.847801e-08	3.245671e-08
75	0.8299128	0.451542	0.3627498	0.2705892	0.2161715	0.1802122	0.1515491	0.1297879	0.1014558	0.06707638	0.04739823	0.03321431	0.01806984	0.005254257	0.002369356	0.00179608	0.001003884	8.307246e-06	5.009472e-07	3.905058e-07	2.963933e-07	2.497698e-07	2.25669e-07	2.028023e-07	1.789447e-07	1.560172e-07	1.32239e-07	1.074729e-07	8.335289e-08	5.843692e-08
76	0.2943653	0.2501621	0.1601315	0.1050388	0.03049244	0.03042391	0.02957414	0.01845514	0.01120663	0.007185725	0.004009305	0.0006967438	0.0004349005	9.907862e-05	3.65055e-05	2.288855e-05	2.028343e-05	1.368153e-05	4.364545e-07	7.520808e-08	3.950055e-08	2.861522e-09	1.90953e-09	1.753969e-09	1.473432e-09	1.357222e-09	1.259301e-09	1.158151e-09	1.04972e-09	9.478423e-10
77	0.09990111	0.08651622	0.08624757	0.01798302	0.01709849	0.01648719	0.0165877	0.01623205	0.007140655	0.001977981	0.001326667	0.0009997121	3.613576e-05	1.934156e-05	7.365561e-06	6.834886e-06	6.832993e-06	6.902884e-06	5.663279e-06	3.442726e-07	6.756016e-08	3.331357e-08	1.257084e-09	7.137044e-10	6.718335e-10	5.005856e-10	4.957358e-10	5.043598e-10	5.136854e-10	5.224189e-10
78	0.3024154	0.08519821	0.07217811	0.0719722	0.007251793	0.00658711	0.006629508	0.006598967	0.006590969	0.005916703	0.0009825011	0.0008511472	0.0008241054	1.240037e-05	8.029021e-06	6.470649e-06	6.373853e-06	6.436266e-06	6.513989e-06	5.40567e-06	3.398449e-07	6.649159e-08	3.228497e-08	1.220755e-09	7.007512e-10	6.644959e-10	4.950197e-10	4.907089e-10	4.998263e-10	5.096631e-10
79	0.3907314	0.3002824	0.08483297	0.07182428	0.07161538	0.00691498	0.006247894	0.006285764	0.006250823	0.006253398	0.005857009	0.0009541074	0.0008404785	0.0008185873	1.152065e-05	7.573662e-06	6.378056e-06	6.340727e-06	6.415991e-06	6.496037e-06	5.394508e-06	3.396795e-07	6.645042e-08	3.224482e-08	1.191233e-09	6.994602e-10	6.634755e-10	4.941038e-10	4.898996e-10	4.991192e-10
80	0.3958718	0.3857157	0.2985079	0.08362744	0.07063421	0.07041095	0.006621938	0.00595421	0.005988121	0.005949314	0.005960595	0.00579699	0.0009304948	0.0008317841	0.0008141623	1.090289e-05	7.273199e-06	6.34325e-06	6.321779e-06	6.400173e-06	6.480599e-06	5.383996e-06	3.379107e-07	6.476189e-08	3.054462e-08	1.164289e-09	6.987572e-10	6.629312e-10	4.935808e-10	4.893958e-10
81	0.2282732	0.2243198	0.2213752	0.1896545	0.06527697	0.054628	0.05534534	0.001109025	0.0005116021	0.0004833232	0.000396662	0.0003400669	0.000149803	0.0001412349	3.506968e-05	2.17574e-05	9.040268e-06	5.556392e-06	4.805813e-06	4.81804e-06	4.885533e-06	4.950052e-06	4.107077e-06	2.344001e-07	4.83375e-08	2.28749e-08	8.847709e-10	4.966393e-10	4.603999e-10	4.659637e-10
82	0.7565533	0.1197228	0.1144245	0.1101199	0.0997525	0.04517856	0.04566121	0.04628244	0.0008771067	0.0003774143	0.0003552434	0.0002977229	0.0002504983	5.805171e-05	4.893806e-05	2.940904e-05	1.653065e-05	4.688362e-06	3.986243e-06	3.241622e-06	3.234759e-06	3.277608e-06	3.321604e-06	2.746192e-06	1.604118e-07	3.185712e-08	1.551241e-08	7.257484e-10	4.170363e-10	4.099814e-10
83	0.164224	0.08477024	0.08493878	0.08598913	0.0870132	0.08562742	0.03363936	0.03399462	0.03446494	0.0005231627	0.0001295683	0.0001110269	7.790497e-05	4.434742e-05	2.408741e-05	1.917722e-05	1.32613e-05	8.931033e-06	2.38053e-06	2.082119e-06	1.786864e-06	1.808859e-06	1.83896e-06	1.866431e-06	1.541633e-06	8.782691e-08	1.428651e-08	6.775361e-09	5.775151e-10	3.642264e-10
84	0.1512467	0.1512352	0.07406382	0.07486279	0.07584533	0.07684947	0.07736642	0.02616382	0.02646145	0.02683364	0.0003274711	4.294774e-05	3.149488e-05	2.902185e-05	5.711889e-06	2.790834e-06	1.875439e-06	1.530803e-06	1.297393e-06	1.962425e-07	1.895987e-07	1.524876e-07	1.545587e-07	1.571814e-07	1.597216e-07	1.339002e-07	4.172214e-09	8.643311e-10	4.471499e-10	9.139712e-11
85	0.8989354	0.1522885	0.1525533	0.07451432	0.07535018	0.07635279	0.07738171	0.07800722	0.02617467	0.02648276	0.02686068	0.0003213682	3.736104e-05	2.629759e-05	2.594629e-05	3.224886e-06	1.124078e-06	8.247603e-07	5.329418e-07	3.553028e-07	7.28534e-08	7.077458e-08	3.889716e-08	3.938891e-08	4.006593e-08	4.071729e-08	3.395262e-08	1.168302e-09	2.482047e-10	1.278248e-10
86	0.1248453	0.1114169	0.09448453	0.09564119	0.05055089	0.05121284	0.05190481	0.0526149	0.05312275	0.0002239074	0.0001668006	0.0001688423	7.734735e-05	3.537508e-05	2.498096e-05	2.493553e-05	2.046407e-06	7.253708e-07	5.42416e-07	3.016944e-07	1.508523e-07	2.422967e-08	2.344109e-08	2.235112e-08	2.265117e-08	2.30493e-08	2.343231e-08	1.949337e-08	6.561685e-10	1.341687e-10
87	0.08905424	0.05856252	0.05534777	0.05313288	0.05380304	0.05107036	0.0517548	0.05246374	0.05319217	0.05374326	0.0001100129	5.051032e-05	5.088353e-05	3.417617e-05	3.415129e-05	2.454756e-05	2.482319e-05	1.669499e-06	4.803513e-07	3.886482e-07	1.537956e-07	1.018519e-08	5.886823e-09	5.772041e-09	5.618245e-09	5.696282e-09	5.797969e-09	5.896517e-09	4.807956e-09	1.604403e-10
88	0.7999091	0.08726202	0.05670468	0.05568816	0.05381369	0.05450419	0.05174535	0.05244863	0.05317705	0.05392592	0.05449814	0.0001008175	4.031745e-05	4.054499e-05	3.442653e-05	3.456086e-05	2.483132e-05	2.518408e-05	1.680507e-06	4.75801e-07	3.873114e-07	1.489167e-07	4.339614e-09	2.374195e-09	2.272169e-09	2.158572e-09	2.185297e-09	2.224695e-09	2.263553e-09	1.754615e-09
89	0.2522649	0.1668872	0.05811054	0.05201088	0.05157708	0.05119075	0.05187165	0.05243197	0.05315881	0.05390751	0.05467757	0.05527562	9.018516e-05	2.862623e-05	2.868048e-05	2.443515e-05	2.471158e-05	2.509741e-05	2.54778e-05	1.600668e-06	4.193103e-07	3.87079e-07	1.477155e-07	2.281855e-09	1.312801e-09	1.284233e-09	1.262211e-09	1.281962e-09	1.305936e-09	1.328595e-09
90	0.149212	0.03671683	0.01088413	0.002319716	0.0007050658	0.0002266424	7.882424e-05	7.541463e-05	6.443092e-05	6.521738e-05	6.614242e-05	6.7066e-05	6.665321e-05	6.628008e-05	3.949565e-06	3.625172e-06	7.504407e-07	6.80036e-07	6.870817e-07	6.843623e-07	5.652015e-07	4.239348e-07	3.914307e-07	1.491612e-07	1.490764e-09	7.522164e-10	7.281192e-10	7.167933e-10	7.282164e-10	7.421017e-10
91	0.160277	0.1399422	0.02602978	0.009288239	0.00190047	0.0003327114	0.0001092702	1.798377e-05	1.399754e-05	3.087852e-06	3.071163e-06	3.109427e-06	3.135672e-06	2.686147e-06	2.426973e-06	2.453541e-06	2.101383e-06	5.335383e-07	4.770905e-07	4.828753e-07	4.848241e-07	4.273116e-07	4.226198e-07	3.896578e-07	1.511629e-07	9.274649e-10	3.393204e-10	3.182464e-10	3.040126e-10	3.087758e-10
92	0.8015397	0.1350257	0.1202041	0.01879176	0.006016279	0.001403468	0.0002277544	7.910321e-05	1.51058e-05	1.163144e-05	1.745991e-06	1.729099e-06	1.751375e-06	1.764719e-06	1.453137e-06	1.295342e-06	1.308953e-06	1.328143e-06	2.513859e-07	1.956569e-07	1.973738e-07	1.969207e-07	1.983296e-07	1.900731e-07	1.524242e-07	1.536991e-07	7.624861e-10	2.287947e-10	2.121675e-10	1.975962e-10
93	0.6822748	0.6691582	0.01258664	0.006738133	0.004586846	0.001242248	0.0003163721	0.0001486452	5.108094e-05	1.319128e-05	1.074361e-05	1.126729e-06	1.125771e-06	1.142062e-06	1.151365e-06	9.294987e-07	8.184974e-07	8.251735e-07	8.383932e-07	9.874642e-08	4.495529e-08	4.462673e-08	4.243544e-08	4.200425e-08	4.212894e-08	1.320362e-09	5.615595e-10	4.893686e-10	1.565689e-10	1.545321e-10
94	0.6672533	0.6701759	0.6660785	0.006847824	0.003432162	0.002881052	0.0006326785	0.0001565708	0.0001107294	4.028214e-05	8.979377e-06	6.623249e-06	7.45178e-07	7.41828e-07	7.5286e-07	7.587869e-07	5.711347e-07	5.095971e-07	5.117498e-07	5.200818e-07	5.772891e-08	5.290472e-09	4.487656e-09	2.351195e-09	1.414645e-09	9.629955e-10	9.619618e-10	1.955018e-10	1.371209e-10	1.176412e-10
95	0.9226804	0.6629603	0.6659648	0.669082	0.005649103	0.002516243	0.001963446	0.0004560452	9.539322e-05	6.284417e-05	1.622219e-05	6.389705e-06	6.369674e-06	4.234377e-07	4.18918e-07	4.252017e-07	4.283486e-07	2.731392e-07	2.637374e-07	2.679612e-07	2.724173e-07	5.398491e-08	3.44551e-09	2.79917e-09	1.394421e-09	6.35386e-10	1.763031e-10	1.689142e-10	1.365791e-10	8.824146e-11
96	0.03617935	0.031894	0.005209425	0.003948594	0.003789919	0.0033226	0.0007830258	0.0005996115	0.000181443	3.309478e-05	2.300184e-05	1.01627e-05	6.093817e-06	6.123328e-06	1.146707e-07	1.091148e-07	1.107748e-07	1.120903e-07	7.156054e-09	5.00349e-09	5.071852e-09	5.155432e-09	1.761467e-09	1.373164e-09	1.128439e-09	7.537879e-10	2.124118e-10	4.349154e-11	4.163608e-11	3.029026e-11
97	0.164079	0.02993743	0.02623383	0.001915175	0.0006657572	0.0005341235	0.0004427459	0.0003584936	0.0001725754	0.0001102857	1.349982e-05	3.809404e-06	2.480303e-06	1.493091e-07	9.995381e-08	1.012005e-07	9.643679e-08	9.794051e-08	9.945806e-08	3.465464e-09	1.697654e-09	1.717619e-09	1.745959e-09	7.047948e-10	6.89917e-10	6.944418e-10	6.718358e-10	1.945547e-10	2.452779e-11	2.252788e-11
98	0.2745735	0.07402764	0.01808707	0.01447579	0.001775297	0.0006324593	0.0005025466	0.000415602	0.0003339559	0.0001547446	0.0001011771	1.156663e-05	1.769636e-06	7.128457e-07	1.211412e-07	9.708425e-08	9.837995e-08	9.616483e-08	9.768888e-08	9.92373e-08	2.164761e-09	1.260295e-09	1.275057e-09	1.29616e-09	2.507709e-10	2.352336e-10	2.339675e-10	2.121716e-10	1.9772e-10	2.449049e-11
99	0.8773355	0.2572546	0.07122961	0.01802946	0.01438375	0.001579529	0.0006191228	0.0004876111	0.0004031427	0.0003228931	0.0001476797	0.0001009827	1.13839e-05	1.488198e-06	6.641161e-07	1.107343e-07	9.638244e-08	9.770618e-08	9.739594e-08	9.896555e-08	1.00569e-07	2.16017e-09	1.249742e-09	1.265919e-09	1.28726e-09	2.369193e-10	2.258677e-10	2.26037e-10	2.11477e-10	1.984491e-10
100	0.9000709	0.8736667	0.2485618	0.07185955	0.01823143	0.01455042	0.001584856	0.0006118011	0.0004792028	0.0003972918	0.0003185048	0.0001407413	0.000101048	1.125656e-05	1.219916e-06	6.33834e-07	1.119557e-07	9.761757e-08	9.900127e-08	9.873042e-08	1.003488e-07	1.020109e-07	2.160543e-09	1.242651e-09	1.25913e-09	1.28076e-09	2.253037e-10	2.189109e-10	2.206045e-10	2.135532e-10
101	0.452249	0.4369298	0.4153458	0.1418592	0.02922713	0.01228558	0.008498127	0.001292553	0.0005678653	0.0004336664	0.0003537867	0.000275878	0.0001068065	7.376346e-05	1.096728e-05	8.895772e-07	5.430034e-07	9.673438e-08	8.664092e-08	8.788887e-08	8.885157e-08	9.033034e-08	9.18563e-08	1.684878e-09	1.215839e-09	1.234626e-09	1.256281e-09	2.100774e-10	2.084004e-10	2.116398e-10
102	0.2866648	0.1680582	0.1493789	0.1339511	0.09993477	0.02568619	0.01050519	0.006648638	0.001227764	0.0005393303	0.0004033011	0.0003232383	0.0002447053	7.36111e-05	4.235227e-05	1.078883e-05	7.735301e-07	5.109449e-07	8.198632e-08	7.193341e-08	7.296592e-08	7.400737e-08	7.525584e-08	7.654698e-08	1.599302e-09	1.214745e-09	1.234314e-09	1.256424e-09	2.053001e-10	2.053946e-10
103	0.6141908	0.2542844	0.1619283	0.1436928	0.128247	0.09434723	0.02391701	0.009413196	0.005491403	0.001224963	0.0005447195	0.0004077026	0.0003267233	0.0002472178	7.417335e-05	4.254687e-05	1.074478e-05	7.057094e-07	4.41132e-07	1.394572e-08	2.644153e-09	2.5244e-09	2.373665e-09	2.387311e-09	2.400398e-09	1.531344e-09	1.209987e-09	1.230227e-09	1.252772e-09	2.036975e-10
104	0.2986909	0.2407285	0.2219665	0.1491617	0.1308057	0.1160714	0.08359538	0.02406451	0.009430112	0.005455279	0.001228966	0.0005434246	0.0004087659	0.0003274272	0.0002468558	7.137214e-05	3.955061e-05	1.068173e-05	4.830881e-07	2.216883e-07	1.325874e-08	1.82136e-09	1.699156e-09	1.53537e-09	1.534316e-09	1.532487e-09	1.112067e-09	1.100295e-09	1.119216e-09	1.140192e-09
105	0.2851496	0.246926	0.220919	0.2076868	0.1461632	0.1311279	0.1165391	0.08378493	0.02409028	0.009452341	0.005425713	0.001148647	0.0004538607	0.0003247487	0.0002423952	0.0001594316	7.216139e-05	4.008117e-05	1.082007e-05	4.797683e-07	2.210503e-07	1.203551e-08	1.373518e-09	1.265536e-09	1.094608e-09	1.085556e-09	1.075616e-09	8.683854e-10	8.585043e-10	8.744904e-10
106	0.9083414	0.2731326	0.2366087	0.2104844	0.1970577	0.1460978	0.1314645	0.1167643	0.0845679	0.02439726	0.00956822	0.005486891	0.001154278	0.0004494691	0.0003268637	0.0002444263	0.0001602359	7.161465e-05	4.070515e-05	1.099246e-05	4.84839e-07	2.233875e-07	1.189759e-08	1.089397e-09	9.974869e-10	8.19094e-10	8.048181e-10	7.969988e-10	6.308763e-10	6.216995e-10
107	0.3153308	0.30159	0.2430097	0.2186243	0.2022309	0.1887136	0.1472642	0.1326252	0.1178191	0.08527157	0.02466547	0.009684901	0.005549161	0.001160948	0.0004468863	0.0003300494	0.0002473852	0.0001619937	7.252936e-05	4.11873e-05	1.116323e-05	4.901415e-07	2.257156e-07	1.166494e-08	7.012291e-10	6.212647e-10	5.770091e-10	5.579192e-10	5.452566e-10	4.153013e-10
108	0.3109941	0.2944688	0.2822586	0.2311222	0.210654	0.1943062	0.1805661	0.1484622	0.1342296	0.1193084	0.08638096	0.02498692	0.009811184	0.005617452	0.001168852	0.0004442336	0.0003328361	0.000249798	0.0001631109	7.364267e-05	4.185374e-05	1.134617e-05	4.961318e-07	2.284415e-07	1.158411e-08	4.548268e-10	3.884437e-10	3.394093e-10	3.203423e-10	3.029048e-10
109	0.3120411	0.2972264	0.2822479	0.2710675	0.2234014	0.2036926	0.1871754	0.1731914	0.1481078	0.1346249	0.1195523	0.08651008	0.02532347	0.009944054	0.005690834	0.001179672	0.0004442254	0.0003365997	0.00025297	0.0001649571	7.406161e-05	4.254286e-05	1.15361e-05	5.026544e-07	2.3156e-07	1.157686e-08	2.693881e-10	2.13147e-10	1.601269e-10	1.371936e-10
110	0.2952167	0.2803194	0.2673913	0.2520239	0.2409671	0.1929972	0.1727357	0.1556187	0.1410416	0.1257474	0.1119233	0.09637145	0.06255744	0.02510735	0.0100708	0.005755582	0.001197322	0.0004509642	0.0003418064	0.0002569377	0.0001675496	7.520525e-05	4.319239e-05	1.173345e-05	5.097643e-07	2.347332e-07	1.167678e-08	1.942933e-10	1.404913e-10	8.540959e-11
111	0.3274095	0.291775	0.2797835	0.2670535	0.2515758	0.240445	0.1922136	0.1717062	0.1543638	0.139585	0.1262903	0.1123127	0.09655749	0.06226727	0.02501426	0.01019744	0.005818408	0.001215535	0.0004580047	0.0003472116	0.0002610523	0.0001702505	7.642134e-05	4.388697e-05	1.193693e-05	5.182942e-07	2.387787e-07	1.186943e-08	1.815595e-10	1.274673e-10
112	0.4162217	0.3231958	0.2925358	0.2807802	0.2681276	0.2525132	0.241284	0.1927475	0.1720524	0.1545564	0.1396128	0.1263204	0.1121474	0.09616452	0.06137352	0.02518278	0.01015577	0.00570861	0.001234148	0.0004651994	0.0003527311	0.0002652454	0.000172991	7.762787e-05	4.455487e-05	1.214607e-05	5.27156e-07	2.430057e-07	1.208988e-08	1.842721e-10
113	0.9324559	0.3988225	0.3210875	0.2907349	0.2791252	0.2666492	0.2511936	0.2401026	0.1919712	0.1714681	0.154131	0.139308	0.1261191	0.1120316	0.09614935	0.06147414	0.02505046	0.01010101	0.005674882	0.00122494	0.0004632878	0.0003515322	0.0002645772	0.0001727866	7.764493e-05	4.457464e-05	1.215512e-05	5.258762e-07	2.422309e-07	1.208964e-08
114	0.9679588	0.9312498	0.4035651	0.324982	0.2942986	0.2826418	0.2700977	0.254486	0.2433375	0.1945979	0.1738503	0.1563055	0.1413043	0.1279563	0.1136898	0.09759634	0.06241764	0.02543757	0.01025964	0.005765527	0.001244826	0.0004709329	0.0003574439	0.0002691069	0.0001757998	7.90245e-05	4.53816e-05	1.237938e-05	5.357594e-07	2.468742e-07
115	0.9653294	0.9348989	0.9042149	0.3937612	0.3208348	0.2905178	0.279029	0.2667169	0.2512957	0.2403079	0.1921357	0.1716357	0.1542921	0.1394439	0.1262283	0.1120672	0.09610114	0.06110533	0.02510635	0.01017608	0.005715114	0.001232916	0.0004671776	0.000354727	0.0002671703	0.0001745792	7.88225e-05	4.525986e-05	1.235467e-05	5.326782e-07
116	0.9804665	0.9593502	0.9327024	0.9021054	0.3983216	0.3246715	0.2940234	0.2824369	0.2700321	0.2544551	0.2433667	0.1946225	0.1738793	0.1563249	0.1412943	0.1279141	0.1137264	0.09754434	0.06202979	0.02548884	0.01033844	0.005807563	0.001252774	0.0004745023	0.0003602573	0.0002712736	0.0001771094	8.025815e-05	4.610405e-05	1.258942e-05
117	0.9842206	0.9766307	0.9554818	0.9296008	0.8988947	0.4024427	0.3280324	0.297051	0.2853632	0.2728431	0.2570966	0.2458949	0.1965145	0.1755051	0.1577233	0.1424964	0.128938	0.1151724	0.09876165	0.06279682	0.02588952	0.01050803	0.005904181	0.001273846	0.0004824433	0.0003663241	0.0002758505	0.0001800423	8.144039e-05	4.698434e-05
118	0.9770076	0.9688285	0.9620268	0.940581	0.9145507	0.8840605	0.4056404	0.330762	0.2996783	0.2880197	0.2754179	0.2595368	0.248252	0.1982998	0.1770708	0.1591328	0.1437911	0.1301304	0.1161924	0.09956531	0.06309942	0.02610265	0.01062631	0.00594981	0.001294771	0.000490461	0.0003724631	0.000280494	0.0001830302	8.278433e-05
119	0.971892	0.9674521	0.9593885	0.9528417	0.9311264	0.9055248	0.8749635	0.408546	0.3329511	0.3015834	0.2898539	0.2771299	0.261067	0.2496607	0.1990418	0.1775396	0.1593843	0.1438467	0.1300049	0.1158461	0.09894756	0.06189045	0.02646152	0.01073844	0.005982153	0.001316621	0.0004991255	0.0003790955	0.0002855093	0.0001862572
120	0.9737434	0.9542745	0.9497056	0.9418229	0.935147	0.9129388	0.8868511	0.8558635	0.3978688	0.3212027	0.2892596	0.2772066	0.2641214	0.2476354	0.2358626	0.184278	0.16222	0.1435455	0.1275157	0.1131924	0.09852363	0.08105262	0.04306654	0.02688363	0.01092583	0.006087652	0.001339573	0.0005083254	0.0003861851	0.0002909192
121	0.9564572	0.9478419	0.928321	0.9238519	0.9158464	0.9090149	0.8864101	0.8740076	0.8431836	0.397232	0.3206656	0.2887871	0.2767891	0.263749	0.2472894	0.2355675	0.1839836	0.1619498	0.1432958	0.1272663	0.1129377	0.09849175	0.08098204	0.04278236	0.02655299	0.01095815	0.006104912	0.001344459	0.0005108561	0.0003884631
122	0.7636762	0.759185	0.7545333	0.746259	0.7422799	0.7344049	0.7289414	0.7252008	0.7128588	0.6899955	0.3305651	0.2711379	0.2450738	0.2352202	0.2239971	0.210269	0.1997087	0.1539692	0.1341136	0.1174547	0.1039645	0.09202766	0.07987868	0.06546479	0.0367808	0.02307761	0.009864003	0.005696686	0.001233995	0.0004503132
123	0.8178426	0.7604074	0.7558982	0.7513336	0.7429373	0.7388666	0.730848	0.7252703	0.7214306	0.7088712	0.6858413	0.3350038	0.2749032	0.248532	0.2385922	0.227258	0.2133789	0.2027073	0.1563046	0.1361728	0.1192807	0.1056044	0.09350088	0.08117491	0.06653995	0.03738662	0.0234603	0.01004285	0.005800962	0.001254604
124	0.9934921	0.81434	0.7575123	0.7529163	0.7482757	0.7397361	0.7355714	0.7275898	0.721967	0.7180315	0.7052497	0.682037	0.3397464	0.2789285	0.2522295	0.2422037	0.2307575	0.2167176	0.2059343	0.1588331	0.1384125	0.1212767	0.1074031	0.09512242	0.08260814	0.06773647	0.03807181	0.02389865	0.01023441	0.005913867
125	0.9944074	0.9878156	0.8096779	0.7536142	0.7489187	0.7442438	0.7356376	0.7313673	0.7232311	0.7174777	0.713427	0.7004079	0.6770255	0.3442753	0.2827893	0.2557863	0.2456775	0.2341209	0.2199296	0.2090335	0.1612409	0.1405328	0.1231545	0.1090897	0.09663794	0.08394062	0.06883977	0.03868952	0.02430015	0.01042746
126	0.9979079	0.9925514	0.9859113	0.8063432	0.7503528	0.7455656	0.7408022	0.7320528	0.7276784	0.7193798	0.7135006	0.7093383	0.6960982	0.6725642	0.3490141	0.2869667	0.2596529	0.2494551	0.2377836	0.2234318	0.2124194	0.1638914	0.142881	0.1252488	0.1109813	0.09834782	0.08545634	0.07010527	0.03941402	0.02477023
127	0.9916773	0.9902185	0.9849986	0.9784045	0.7969238	0.7428609	0.7379498	0.7331114	0.7245263	0.7200724	0.7115917	0.7055399	0.7012119	0.6878164	0.664147	0.3506772	0.2886588	0.2611611	0.2508783	0.2392579	0.2249273	0.2138457	0.1650298	0.1438527	0.126065	0.1116936	0.09895099	0.08595726	0.07051568	0.03991852
128	0.9751258	0.9716289	0.970334	0.9653964	0.9593264	0.7769862	0.7239299	0.7188599	0.7137961	0.70491	0.7002601	0.6915006	0.6851752	0.6805369	0.6677051	0.6440693	0.3406538	0.2779824	0.250178	0.2398123	0.2287232	0.215383	0.204528	0.1581034	0.1375727	0.1199533	0.1057728	0.0931631	0.08062615	0.0659395
129	0.9582347	0.9561019	0.9525242	0.9510852	0.945973	0.9396934	0.7550155	0.7171838	0.7119732	0.7067621	0.697904	0.693144	0.6841942	0.6776854	0.6728719	0.6598326	0.6360278	0.3435649	0.2806324	0.252566	0.2421012	0.2310092	0.2176356	0.2066903	0.1598229	0.1390706	0.1212461	0.106914	0.09415605	0.08147686
130	0.9867826	0.9561839	0.9540501	0.9504443	0.9499867	0.9448018	0.9384274	0.7512171	0.7135379	0.7084676	0.703134	0.6940964	0.6892108	0.6801	0.6734543	0.6685027	0.6551919	0.6311543	0.3489291	0.2851573	0.256715	0.2461613	0.2349545	0.2214182	0.2103503	0.1627009	0.1416205	0.1235127	0.108956	0.09599555
131	0.834152	0.821037	0.8119076	0.8096416	0.8070827	0.8073561	0.8038345	0.8040661	0.6239128	0.5917032	0.5867663	0.5806817	0.5731093	0.5673503	0.5568243	0.5488781	0.5425542	0.5318642	0.5089316	0.2394449	0.1796335	0.1502401	0.139302	0.1319283	0.1224279	0.1157968	0.09300109	0.08220296	0.06976531	0.06004531
132	0.7981857	0.7896182	0.7766707	0.7673022	0.7646766	0.7620102	0.762124	0.7587076	0.7588059	0.578363	0.5486437	0.5434149	0.5368896	0.5292034	0.5229131	0.5117649	0.5031876	0.4962008	0.4866305	0.4640556	0.2108413	0.151033	0.1268387	0.1156502	0.1090779	0.1010505	0.09534918	0.07950178	0.07111329	0.05975169
133	0.4197725	0.2900119	0.2922616	0.2904786	0.2904041	0.2929048	0.2938087	0.2953649	0.2950948	0.2965732	0.2915654	0.2785922	0.281258	0.2830824	0.2842765	0.2871396	0.2875827	0.2893277	0.2926441	0.2932807	0.2851646	0.1311707	0.09767714	0.08657547	0.08273396	0.07919364	0.07412582	0.07191634	0.05995077	0.05543817
134	0.4834767	0.4009765	0.2698713	0.272311	0.2706757	0.2705532	0.2729646	0.2739538	0.2755674	0.2753757	0.2769252	0.2723095	0.2604118	0.2629483	0.2646242	0.2662142	0.2690355	0.2693076	0.2708752	0.2740196	0.2747206	0.2666471	0.1268226	0.09418266	0.08325386	0.07939506	0.07612099	0.07132431	0.06921426	0.0580192
135	0.508893	0.274489	0.2165258	0.214222	0.2162689	0.2149171	0.2144669	0.2165832	0.2180441	0.2200567	0.220673	0.2227608	0.2220802	0.2129589	0.2153128	0.2166268	0.2177933	0.2203678	0.2202962	0.2214264	0.2240225	0.226812	0.219147	0.08745517	0.05445037	0.04349177	0.03960201	0.03799765	0.03629691	0.03505595
136	0.691509	0.4096467	0.2530341	0.1965471	0.1963808	0.1983162	0.1971041	0.1965718	0.1986421	0.2002643	0.2024188	0.2032053	0.2054561	0.205323	0.1971423	0.1994127	0.2006235	0.2023396	0.2049473	0.2047644	0.2057705	0.2082456	0.2111952	0.2035913	0.08200327	0.05007646	0.03928984	0.03537774	0.03409388	0.03274444
137	0.6787383	0.5884225	0.3254379	0.1867302	0.1619819	0.1621332	0.1637085	0.1627436	0.1623129	0.1639859	0.1653181	0.1671196	0.1675224	0.1694804	0.1689493	0.1621329	0.1639973	0.1647155	0.166073	0.1681755	0.1673987	0.1683267	0.1703536	0.1727338	0.1677776	0.05672793	0.03584005	0.02651234	0.02239677	0.02130019
138	0.6481904	0.6408102	0.5495127	0.2834823	0.1558822	0.1410506	0.140984	0.1423127	0.1414384	0.1408213	0.142232	0.1433331	0.1448652	0.1449776	0.1466595	0.1458596	0.1404837	0.1420663	0.1424765	0.143542	0.1453216	0.145161	0.1460623	0.1478017	0.1498414	0.1458259	0.0460924	0.0275204	0.01823512	0.01394455
139	0.06299573	0.06122313	0.06128256	0.06094927	0.05992363	0.03302932	0.03232927	0.03258245	0.03299377	0.03291228	0.03321231	0.03365585	0.03404628	0.0345083	0.03496463	0.03544768	0.03355382	0.03229798	0.03277775	0.03323102	0.03368492	0.03421633	0.03467896	0.03522971	0.03581967	0.03642377	0.03647034	0.002581372	0.001846899	0.001376136
140	0.1571052	0.02864421	0.02777525	0.02787403	0.02774178	0.02759187	0.0177732	0.01747316	0.01768032	0.0179156	0.01786334	0.01803859	0.01828661	0.01849628	0.01874451	0.01898976	0.01924857	0.01947766	0.01874306	0.01903343	0.01928677	0.01953514	0.01985343	0.02009948	0.02042349	0.02078076	0.02113886	0.02116128	0.002308649	0.001709407
141	0.3040565	0.1472311	0.02219219	0.02131555	0.02133601	0.02113248	0.02089783	0.01348384	0.01320882	0.01336327	0.01354207	0.01350493	0.01363691	0.01382416	0.01397763	0.01416088	0.01433848	0.01452962	0.01468658	0.01413183	0.01435207	0.01453047	0.01470137	0.01494058	0.01510541	0.01534524	0.01561543	0.01588303	0.01588782	0.002315208
142	0.8859457	0.2739444	0.1352622	0.01808473	0.0176025	0.01769282	0.01746348	0.01719264	0.01105023	0.01082584	0.01095195	0.01110035	0.01107062	0.01117924	0.01133982	0.011484	0.011654	0.01182081	0.01199919	0.01216958	0.01172133	0.0119085	0.01205143	0.01223254	0.01244354	0.01257087	0.01277074	0.01299872	0.01324286	0.013246
143	0.8893973	0.8037242	0.2035258	0.06947286	0.01508859	0.01473487	0.01479183	0.01452432	0.01421139	0.009143603	0.00891724	0.009019596	0.009142654	0.009120147	0.009209295	0.009342997	0.009463196	0.009605364	0.00974314	0.009895015	0.01003411	0.00966524	0.009821783	0.009930767	0.01007886	0.01025488	0.01035027	0.0105138	0.01070316	0.01090742
144	0.8819868	0.8782448	0.7916739	0.1915336	0.05876546	0.01207687	0.01169208	0.01171098	0.01140044	0.01104167	0.007054552	0.006973109	0.007050407	0.007146766	0.00712987	0.007198092	0.007303063	0.007396671	0.007508243	0.007614135	0.007734127	0.007839472	0.007572971	0.007696515	0.007769678	0.007881485	0.008020183	0.008082431	0.008207307	0.00835552
145	0.6208493	0.6130443	0.6178298	0.5564111	0.01048167	0.005750878	0.004558954	0.004572481	0.004604503	0.004635985	0.004674351	0.002969486	0.002955933	0.002993702	0.003036709	0.003030656	0.003064633	0.003111405	0.003155325	0.003205848	0.003258087	0.003311228	0.003348299	0.003231979	0.003287245	0.003345608	0.003406079	0.003468913	0.003533896	0.003601632
146	0.1191561	0.08633544	0.07493007	0.07570029	0.00886155	0.00408102	0.002337545	0.001952624	0.001973811	0.001999528	0.002025116	0.0020517	0.001313828	0.001315318	0.001333916	0.001353869	0.00135177	0.001367849	0.001389518	0.001409842	0.001433098	0.001457299	0.001481785	0.00150765	0.001455915	0.001481793	0.001509127	0.001537468	0.001566956	0.001597492
147	0.1320083	0.1121561	0.08066712	0.06910928	0.06983646	0.002060765	0.0009594839	0.0005566134	0.0003983028	0.0004015707	0.0004058334	0.0004099618	0.0004137745	0.0002649752	0.0002646223	0.0002683769	0.0002724132	0.0002720227	0.0002752781	0.0002796653	0.0002837812	0.0002884923	0.0002933802	0.000298347	0.0003035463	0.0002932016	0.0002984596	0.0003039883	0.0003097048	0.0003157043
148	0.4873617	0.1176929	0.09931	0.06767506	0.06821429	0.06897738	0.0003171874	0.0002257876	0.0001241335	2.042715e-05	1.923381e-05	1.815248e-05	1.692705e-05	1.505643e-05	9.563688e-06	8.637234e-06	8.70156e-06	8.781694e-06	8.72681e-06	8.771819e-06	8.86064e-06	8.945306e-06	9.049629e-06	9.139045e-06	9.249258e-06	9.323144e-06	8.98246e-06	9.083373e-06	9.15604e-06	9.239253e-06
149	0.9050916	0.457707	0.08763206	0.07080471	0.0682302	0.06895135	0.06973871	0.0001551466	7.570686e-05	4.215076e-05	1.623589e-05	1.52223e-05	1.407333e-05	1.278211e-05	1.082521e-05	6.834179e-06	5.902667e-06	5.927791e-06	5.966204e-06	5.91499e-06	5.929555e-06	5.975625e-06	6.027204e-06	6.092712e-06	6.141532e-06	6.212798e-06	6.2367e-06	5.993819e-06	6.048001e-06	6.066406e-06
150	0.8882468	0.8867056	0.4593192	0.08568079	0.06892815	0.06911054	0.06986107	0.07067244	0.0001365926	6.334374e-05	3.232373e-05	1.386817e-05	1.282646e-05	1.162655e-05	1.028177e-05	8.258307e-06	5.153994e-06	4.283518e-06	4.284628e-06	4.297483e-06	4.247678e-06	4.241404e-06	4.260133e-06	4.287288e-06	4.324816e-06	4.344231e-06	4.386031e-06	4.377187e-06	4.207951e-06	4.23015e-06
151	0.5226704	0.5155606	0.5093598	0.397178	0.01906661	0.001237109	0.0005291316	0.0003765428	0.0002399361	0.0001282692	5.928791e-05	2.947167e-05	1.112194e-05	1.008353e-05	8.833379e-06	7.568862e-06	6.467344e-06	3.983324e-06	3.095352e-06	3.085202e-06	3.078788e-06	3.028675e-06	3.011561e-06	3.010538e-06	3.02248e-06	3.040461e-06	3.059251e-06	3.078161e-06	3.045909e-06	2.917677e-06
152	0.1745928	0.1425008	0.130483	0.119206	0.03215091	0.01925676	0.001199067	0.0004834359	0.0003368054	0.0001978439	8.439117e-05	5.717314e-05	2.809608e-05	9.69649e-06	8.642214e-06	7.351359e-06	6.046001e-06	4.903426e-06	3.032043e-06	2.126732e-06	2.103187e-06	2.080438e-06	2.02965e-06	1.999012e-06	1.980164e-06	1.975531e-06	1.974612e-06	1.973962e-06	1.972803e-06	1.959894e-06
153	0.2910297	0.1671571	0.136164	0.1239367	0.1124467	0.03241929	0.01940213	0.001201541	0.0004849237	0.0003365136	0.0001957931	8.086325e-05	5.576068e-05	2.724973e-05	8.787166e-06	7.706898e-06	6.383803e-06	5.04532e-06	3.870414e-06	2.368418e-06	1.448027e-06	1.413356e-06	1.378688e-06	1.327442e-06	1.286712e-06	1.254836e-06	1.238054e-06	1.223359e-06	1.208308e-06	1.19249e-06
154	0.1930152	0.1272281	0.02480664	0.01037207	0.0103147	0.01035121	0.00679517	0.006761058	0.0001408488	1.33097e-05	1.037318e-05	9.283829e-06	7.992406e-06	6.640247e-06	3.446263e-06	4.634564e-07	4.338403e-07	4.279217e-07	4.219581e-07	4.18327e-07	2.685304e-07	2.580795e-07	2.615702e-07	2.653995e-07	2.651979e-07	2.68286e-07	2.727481e-07	2.769666e-07	2.818563e-07	2.869631e-07
155	0.4945784	0.1785913	0.1265158	0.02321712	0.008841356	0.008867602	0.008974755	0.006698861	0.006760703	0.0001344137	9.234588e-06	7.275241e-06	7.156609e-06	6.713425e-06	5.790729e-06	3.043156e-06	3.083814e-07	3.010817e-07	3.045342e-07	3.074318e-07	3.114001e-07	2.010292e-07	1.97841e-07	2.008701e-07	2.043075e-07	2.044725e-07	2.071491e-07	2.109344e-07	2.144344e-07	2.184776e-07
156	0.2609059	0.2548557	0.05900944	0.01817095	0.01613882	0.001807868	0.001753654	0.001774924	0.0001441123	0.0001334731	0.0001316814	5.686364e-06	3.77789e-06	3.760944e-06	3.502765e-06	2.927493e-06	2.63753e-06	2.142828e-07	2.08193e-07	2.11433e-07	2.140454e-07	2.17533e-07	1.40926e-07	1.382925e-07	1.40423e-07	1.429117e-07	1.430976e-07	1.449651e-07	1.47684e-07	1.501606e-07
157	0.2202139	0.2050804	0.2066125	0.02901839	0.01331508	0.01200253	0.0008118368	0.000746232	0.0007549571	2.298016e-05	1.50942e-05	1.332282e-05	5.15143e-06	3.237575e-06	3.241767e-06	3.002399e-06	2.691352e-06	2.506777e-06	1.023058e-07	9.461538e-08	9.610204e-08	9.693248e-08	9.853687e-08	6.339092e-08	6.343451e-08	6.43193e-08	6.54783e-08	6.558426e-08	6.631351e-08	6.756734e-08
158	0.1060936	0.0908864	0.08210315	0.082251	0.01933048	0.01284544	0.01169307	0.0004109452	0.0003803445	0.0003845271	1.888499e-05	1.263559e-05	1.115773e-05	2.886702e-06	2.74978e-06	2.756435e-06	2.737663e-06	2.636975e-06	2.490817e-06	5.473144e-08	4.686294e-08	4.758755e-08	4.813404e-08	4.893077e-08	3.156019e-08	3.145518e-08	3.199458e-08	3.257865e-08	3.264332e-08	3.295966e-08
159	0.2057253	0.09889985	0.0857749	0.07694454	0.07706671	0.01646884	0.01276869	0.01167084	0.0002594465	0.0002264083	0.0002285391	1.842941e-05	1.262197e-05	1.121243e-05	2.839108e-06	2.700162e-06	2.710505e-06	2.691365e-06	2.639128e-06	2.50752e-06	3.441918e-08	2.612151e-08	2.650915e-08	2.671149e-08	2.71475e-08	1.772066e-08	1.753991e-08	1.784132e-08	1.817052e-08	1.821923e-08
160	0.9111074	0.1353011	0.08216321	0.06892691	0.06006413	0.05998716	0.01464431	0.01164977	0.01173531	0.0002238259	0.0001898501	0.0001915009	1.783665e-05	1.207766e-05	1.122093e-05	2.734083e-06	2.591794e-06	2.600872e-06	2.58006e-06	2.537736e-06	2.542436e-06	2.97679e-08	2.125952e-08	2.157103e-08	2.169333e-08	2.204831e-08	1.446865e-08	1.427835e-08	1.452638e-08	1.479846e-08
161	0.4135114	0.3242277	0.1045332	0.06922976	0.06398606	0.05854712	0.05892044	0.01399756	0.01174023	0.01184841	0.0001821139	0.0001476085	0.0001492612	1.676652e-05	1.163086e-05	1.131749e-05	2.733128e-06	2.595881e-06	2.612201e-06	2.596593e-06	2.568255e-06	2.578783e-06	2.454793e-08	1.581431e-08	1.60392e-08	1.606823e-08	1.633269e-08	1.081085e-08	1.059829e-08	1.078291e-08
162	0.1055779	0.09540515	0.0900699	0.02821353	0.01563457	0.01104547	0.005461278	0.005220899	0.001483451	0.0001661013	0.0001368295	0.0001262455	9.053676e-05	9.146636e-05	1.526827e-06	7.409975e-07	3.859881e-07	3.662269e-07	1.901602e-07	1.686293e-07	1.131352e-07	5.658071e-08	2.983792e-08	1.88459e-08	9.869108e-09	9.992708e-09	9.91539e-09	1.007129e-08	6.695146e-09	6.718871e-09
163	0.6122634	0.04661025	0.03645996	0.03154059	0.0159217	0.009700474	0.005428079	0.002827037	0.002555227	0.0006719098	5.49764e-05	4.150267e-05	3.619764e-05	3.449683e-05	3.461312e-05	1.28143e-06	6.515049e-07	3.257373e-07	3.105739e-07	1.622521e-07	1.401643e-07	8.357857e-08	3.813302e-08	1.507141e-08	4.445801e-09	4.37598e-09	4.402054e-09	4.448548e-09	4.504079e-09	3.045914e-09
164	0.5792357	0.5683962	0.03955848	0.02965932	0.02479408	0.0141257	0.008839878	0.004633455	0.002047925	0.001782945	0.0002862043	2.414099e-05	1.89729e-05	1.679016e-05	1.479259e-05	1.468583e-05	1.181586e-06	6.175708e-07	3.129882e-07	3.007289e-07	1.500515e-07	1.282013e-07	7.280037e-08	3.317525e-08	1.215576e-08	1.791881e-09	1.678875e-09	1.676216e-09	1.673642e-09	1.677709e-09
165	0.07111133	0.05084784	0.03927493	0.02709075	0.01902898	0.01528688	0.01056911	0.006637058	0.003190451	0.0009789777	0.0007374003	0.0001004666	9.404378e-06	7.591346e-06	6.798336e-06	5.050852e-06	4.843209e-06	7.94978e-07	4.749303e-07	2.179302e-07	2.075689e-07	5.613024e-08	4.080036e-08	1.153422e-08	4.850236e-09	1.908371e-09	5.107946e-10	4.980396e-10	4.96371e-10	4.963549e-10
166	0.20426	0.05944412	0.04394053	0.03407152	0.02332633	0.01629662	0.01302584	0.009158483	0.005774277	0.00269725	0.0006639027	0.0004440039	7.054057e-05	6.947214e-06	5.724032e-06	5.188963e-06	3.424175e-06	3.224038e-06	6.841755e-07	4.148249e-07	1.874908e-07	1.783841e-07	2.532855e-08	1.497481e-08	5.549372e-09	2.092318e-09	8.720505e-10	3.134268e-10	3.065995e-10	3.034058e-10
167	0.417401	0.183033	0.04820793	0.03619789	0.0280883	0.01900614	0.01333382	0.01068644	0.007564763	0.004840669	0.002275068	0.0004960593	0.0003100186	6.192421e-05	6.063716e-06	5.028114e-06	4.58977e-06	2.833031e-06	2.668361e-06	5.784775e-07	3.594811e-07	1.726839e-07	1.655307e-07	1.126261e-08	7.040945e-09	3.203686e-09	9.989449e-10	4.75052e-10	2.593994e-10	2.554905e-10
168	0.3998403	0.380448	0.1677717	0.03977706	0.02994083	0.02328016	0.01564699	0.01101226	0.008837786	0.006297131	0.004077881	0.001961048	0.0004032863	0.0002535083	5.547765e-05	5.349201e-06	4.469746e-06	4.114143e-06	2.36073e-06	2.23133e-06	4.977652e-07	3.186605e-07	1.675919e-07	1.622966e-07	6.866195e-09	4.572861e-09	2.602683e-09	7.112483e-10	3.560125e-10	2.155127e-10
169	0.7147322	0.2085708	0.1903941	0.1339716	0.02763094	0.02049625	0.01566551	0.01111765	0.007681678	0.006135613	0.004258004	0.002614225	0.001064483	0.0002416472	0.0001289008	4.664683e-05	2.789895e-06	2.071375e-06	1.774601e-06	1.687804e-06	1.597275e-06	2.514652e-07	1.196737e-07	1.181391e-08	6.215048e-09	4.859903e-09	3.47119e-09	2.253635e-09	5.393981e-10	2.743256e-10
170	0.7537368	0.7046916	0.1963946	0.1806263	0.1318291	0.02614165	0.0195465	0.01496231	0.01060106	0.007313414	0.005835015	0.004066495	0.002498713	0.001014963	0.000226715	0.000120277	4.372123e-05	2.509455e-06	1.859409e-06	1.591317e-06	1.507594e-06	1.421478e-06	2.388609e-07	1.133071e-07	1.107327e-08	5.77152e-09	4.513589e-09	3.312135e-09	2.169026e-09	4.922406e-10
171	0.893959	0.7523658	0.7053661	0.1921246	0.1774507	0.1325118	0.0260263	0.01960428	0.01501872	0.01061388	0.007366955	0.005873988	0.004101976	0.002524518	0.001024422	0.0002272143	0.000119526	4.313291e-05	2.44715e-06	1.813636e-06	1.55391e-06	1.46865e-06	1.380896e-06	2.417019e-07	1.146849e-07	1.114724e-08	5.825614e-09	4.551362e-09	3.333484e-09	2.173062e-09
172	0.8609518	0.803769	0.71622	0.67804	0.1607904	0.1477335	0.1118973	0.01967369	0.01476058	0.01130966	0.007933408	0.005500533	0.004394625	0.003060704	0.001875412	0.0007529326	0.000154079	7.228203e-05	1.348698e-05	1.938068e-06	1.404583e-06	1.195811e-06	1.136715e-06	1.077372e-06	1.593705e-07	7.929371e-08	7.04769e-09	3.309996e-09	2.422795e-09	1.566763e-09
173	0.8503877	0.7965722	0.7411862	0.6636196	0.6378044	0.1133947	0.09976476	0.06643129	0.01909906	0.01440436	0.01107356	0.007754812	0.005371693	0.004288413	0.002995227	0.001837837	0.0007368079	0.0001491644	6.877248e-05	1.182859e-05	1.665771e-06	1.310443e-06	1.117501e-06	1.05933e-06	1.001094e-06	1.546979e-07	7.695104e-08	6.792392e-09	3.194913e-09	2.333023e-09
174	0.8790324	0.8387986	0.784606	0.7287886	0.6597599	0.6421873	0.1112706	0.0977039	0.06633743	0.01892425	0.01453331	0.01119681	0.007834431	0.005422942	0.004325266	0.003027424	0.001862583	0.00074551	0.0001490571	6.74183e-05	1.060848e-05	1.607911e-06	1.268725e-06	1.083361e-06	1.023673e-06	9.63829e-07	1.571333e-07	7.824407e-08	6.873782e-09	3.220563e-09
175	0.6900376	0.6070408	0.6126163	0.6189753	0.6136615	0.5723225	0.5700103	0.03785182	0.02846453	0.006579224	0.002057592	0.001045976	0.0008252901	0.0003752448	0.0002972565	0.0002589679	0.0001263793	7.343092e-05	3.745707e-05	1.832207e-05	1.592328e-05	7.556291e-06	6.999036e-07	4.903641e-07	3.985069e-07	4.021503e-07	4.069735e-07	7.016549e-09	3.215797e-09	5.032522e-10
176	0.6129805	0.605146	0.5862672	0.5929033	0.6003644	0.6078725	0.5735929	0.5730752	0.033764	0.02436035	0.004814534	0.001216993	0.0003925376	0.0002660769	0.0001560267	0.000140244	0.0001334244	4.506748e-05	2.404238e-05	1.691735e-05	1.316447e-05	1.285736e-05	6.438495e-06	5.922378e-07	4.07287e-07	3.258269e-07	3.305477e-07	3.362002e-07	2.733282e-09	1.126549e-09
177	0.1347153	0.08930829	0.07822886	0.06701616	0.06731574	0.06804125	0.06865556	0.03292429	0.02645657	0.02667518	0.01716803	0.004211142	0.001052905	0.0003269055	0.000222536	0.0001197442	0.0001110581	0.0001072832	3.306658e-05	1.714819e-05	1.321231e-05	1.113343e-05	1.103636e-05	5.558192e-06	5.216235e-07	3.547475e-07	2.7999e-07	2.842007e-07	2.893125e-07	2.072574e-09
178	0.1598052	0.1073828	0.06833336	0.05870226	0.04877258	0.0488948	0.04941648	0.04983396	0.01944819	0.01398935	0.01410775	0.01416926	0.003081744	0.0009215869	0.0002885172	0.0002000926	9.852386e-05	9.200989e-05	8.909311e-05	2.691725e-05	1.386237e-05	1.089279e-05	9.296126e-06	9.243732e-06	4.661605e-06	4.505697e-07	3.022892e-07	2.342075e-07	2.37727e-07	2.421086e-07
179	0.1092915	0.09729939	0.0880647	0.0534427	0.04504286	0.03518856	0.03515354	0.03551564	0.03575514	0.01417923	0.009803366	0.009878789	0.009912415	0.002383363	0.0006298209	0.0002560945	0.0001817976	7.951104e-05	7.361058e-05	7.082944e-05	2.24981e-05	1.16326e-05	8.937964e-06	7.451502e-06	7.390508e-06	3.698898e-06	3.274144e-07	2.492955e-07	1.879281e-07	1.906681e-07
180	0.07679895	0.06569806	0.0567598	0.05001081	0.04039924	0.03631998	0.02630479	0.0261603	0.02647844	0.02660157	0.01049935	0.007248952	0.007304186	0.007329049	0.00170397	0.0004867255	0.0002073491	0.0001630789	6.07409e-05	5.60352e-05	5.366895e-05	1.704799e-05	8.991212e-06	6.830273e-06	5.592104e-06	5.539496e-06	2.749218e-06	2.220314e-07	1.63092e-07	1.412605e-07
181	0.9213391	0.0649779	0.05459185	0.04598181	0.03953301	0.03173398	0.02868329	0.01850313	0.01862937	0.01885282	0.01887196	0.007480364	0.005177844	0.005214494	0.005231056	0.00124773	0.0003820392	0.0001831184	0.0001507373	4.728511e-05	4.274339e-05	4.038077e-05	1.346918e-05	7.119242e-06	5.016548e-06	4.047201e-06	3.972748e-06	1.953029e-06	1.577427e-07	1.15853e-07
182	0.8554291	0.8085075	0.04950569	0.03915619	0.03041131	0.02379596	0.01682758	0.01421924	0.01419489	0.01426489	0.01443279	0.01439861	0.005734941	0.003981039	0.004006643	0.004018179	0.0009854703	0.0003231217	0.0001707013	0.0001450969	4.00182e-05	3.546826e-05	3.303307e-05	1.16848e-05	6.27275e-06	4.153286e-06	3.158681e-06	3.069077e-06	1.492026e-06	1.20869e-07
183	0.4189149	0.3202223	0.2880307	0.04267758	0.03289303	0.02422586	0.01759805	0.01159373	0.009560786	0.009515521	0.009605169	0.009711588	0.009817248	0.003889669	0.002684893	0.002697439	0.002701903	0.0006245738	0.0001652209	5.798527e-05	3.754041e-05	3.203559e-05	2.746693e-05	2.558697e-05	9.870848e-06	5.410478e-06	3.279438e-06	2.260292e-06	2.153832e-06	1.024657e-06
184	0.4604774	0.4157484	0.3160634	0.2869717	0.03950005	0.02970808	0.02095767	0.01424019	0.008761248	0.007062867	0.006997708	0.007053626	0.007126329	0.007195549	0.002864551	0.001980878	0.001988586	0.00199013	0.000470667	0.0001299405	4.998921e-05	3.343365e-05	2.785842e-05	2.33042e-05	2.136479e-05	8.885979e-06	4.952301e-06	2.787988e-06	1.741756e-06	1.623713e-06
185	0.9501538	0.421476	0.381085	0.2863957	0.2680617	0.02363095	0.01828819	0.01357482	0.01003412	0.006717465	0.005573465	0.00550836	0.005556739	0.005622014	0.005678936	0.002252882	0.001557458	0.001567624	0.001571663	0.0003668811	9.598373e-05	3.385855e-05	2.213278e-05	1.905041e-05	1.65265e-05	1.548368e-05	5.785076e-06	3.120395e-06	1.912413e-06	1.349327e-06
186	0.4133563	0.4045665	0.3743258	0.3616396	0.2727833	0.2608485	0.01794705	0.01382417	0.01018868	0.007464677	0.005002606	0.004145899	0.004071851	0.004103648	0.004152633	0.004190497	0.001665294	0.001152622	0.001160431	0.001163563	0.0002738067	7.076289e-05	2.475602e-05	1.592826e-05	1.352968e-05	1.158028e-05	1.076737e-05	4.518189e-06	2.45556e-06	1.462704e-06
187	0.3044754	0.2997296	0.2915901	0.2782518	0.2695477	0.267804	0.2604303	0.01520739	0.01137807	0.007971915	0.005411418	0.003380343	0.002745969	0.002659933	0.00267242	0.002702162	0.00271882	0.001088655	0.0007561505	0.0007601204	0.0007612648	0.0001853925	4.960832e-05	1.914988e-05	1.270635e-05	1.044757e-05	8.633548e-06	7.850867e-06	3.529852e-06	2.070899e-06
188	0.3617852	0.2656021	0.2627602	0.2614574	0.2560899	0.2508388	0.2521245	0.2509679	0.00643994	0.004931867	0.003611937	0.002611837	0.001734577	0.001444118	0.001360055	0.001374474	0.001391343	0.001392111	0.0005574034	0.000387789	0.0003905375	0.0003917003	9.66777e-05	2.376803e-05	8.419417e-06	5.420706e-06	4.558698e-06	3.868009e-06	3.577143e-06	1.466181e-06
189	0.07607118	0.02300943	0.01824035	0.0158873	0.0149157	0.01400473	0.01115977	0.009458281	0.006632864	0.004421319	0.003077981	0.001873785	0.0009524219	0.0003898291	0.0002666052	0.0001724445	0.000170336	0.0001696409	0.0001512789	7.12823e-05	5.341976e-05	5.24571e-05	5.15048e-05	2.229138e-05	6.302419e-06	4.082096e-06	3.057556e-06	2.270692e-06	1.63921e-06	1.354964e-06
190	0.06229086	0.02146724	0.0199629	0.01585763	0.01412575	0.01327858	0.01279801	0.01015588	0.00850821	0.005974174	0.00386883	0.002633242	0.001499585	0.0006500324	0.0001617435	6.342443e-05	6.085066e-05	5.736914e-05	5.50979e-05	3.493785e-05	2.369706e-05	1.967247e-05	1.835333e-05	1.717562e-05	1.21639e-05	4.580963e-06	3.598986e-06	2.773486e-06	2.008181e-06	1.394219e-06
191	0.1095793	0.05338542	0.01551951	0.01431197	0.01372282	0.01287768	0.01246243	0.01205964	0.009408716	0.007765844	0.005310751	0.003732948	0.002537029	0.001441168	0.0006159687	0.0001447072	5.072181e-05	4.815163e-05	4.558881e-05	4.321377e-05	2.263859e-05	1.858253e-05	1.604421e-05	1.471366e-05	1.353323e-05	1.12116e-05	4.325641e-06	3.484296e-06	2.693693e-06	1.945556e-06
192	0.5817876	0.1074581	0.05248329	0.01432042	0.0131053	0.01276385	0.01273601	0.01246666	0.01216661	0.009479758	0.007822548	0.005345051	0.003752192	0.002544685	0.001438095	0.0006048597	0.0001283478	3.30987e-05	3.023438e-05	2.735087e-05	2.464701e-05	2.277731e-05	1.877899e-05	1.623378e-05	1.489053e-05	1.369844e-05	1.138231e-05	4.385707e-06	3.535152e-06	2.73413e-06
193	0.668592	0.526768	0.1061417	0.05241329	0.01401538	0.01284723	0.01260575	0.01258057	0.01230819	0.01203757	0.009315654	0.007924595	0.005415874	0.003802129	0.00257841	0.001456423	0.0006115034	0.0001286875	3.23534e-05	2.944568e-05	2.650537e-05	2.374581e-05	2.183051e-05	1.834497e-05	1.58286e-05	1.449215e-05	1.340754e-05	1.149279e-05	4.429981e-06	3.597411e-06
194	0.5445478	0.5229507	0.4729797	0.08462241	0.03177791	0.01401527	0.01295961	0.0127178	0.01269251	0.01241649	0.01214417	0.009426582	0.008017559	0.00548212	0.003845983	0.002604901	0.001466511	0.0006089849	0.0001301057	3.245828e-05	2.950989e-05	2.652335e-05	2.372251e-05	2.177454e-05	1.844721e-05	1.598635e-05	1.462939e-05	1.352821e-05	1.166186e-05	4.508083e-06
195	0.7507896	0.4850404	0.464906	0.4386723	0.07913563	0.02842129	0.01114761	0.01022545	0.01014051	0.01011966	0.009840906	0.00961473	0.009536934	0.0081092	0.005550795	0.003893269	0.002635228	0.001480593	0.0006109327	0.0001262022	2.751861e-05	2.447734e-05	2.1358e-05	1.842746e-05	1.635232e-05	1.29843e-05	1.057835e-05	9.094893e-06	7.867347e-06	5.894714e-06
196	0.8946138	0.7419366	0.4748429	0.4546931	0.4285002	0.0790695	0.02831213	0.01115148	0.01023292	0.01014962	0.01012886	0.009851777	0.009627267	0.009551972	0.008134272	0.005571259	0.003909391	0.002647907	0.001489939	0.0006149026	0.0001268891	2.752395e-05	2.446584e-05	2.132294e-05	1.837119e-05	1.62778e-05	1.297945e-05	1.057324e-05	9.077014e-06	7.841844e-06
197	0.6537463	0.6477464	0.5450099	0.3828848	0.3664198	0.3569609	0.0679482	0.023929	0.009710583	0.008948381	0.0088804	0.008863095	0.008632512	0.00844509	0.008381266	0.00695669	0.004726071	0.003326167	0.002261178	0.001281868	0.0005311634	0.000109058	2.339121e-05	2.075478e-05	1.799081e-05	1.544311e-05	1.360879e-05	1.069093e-05	8.584092e-06	7.275816e-06
198	0.5143372	0.5013591	0.4977344	0.4225852	0.3401268	0.3276078	0.3199236	0.06450099	0.02244165	0.009145552	0.008432502	0.00837021	0.008355095	0.008141452	0.007969121	0.007909107	0.00651829	0.004434982	0.003126095	0.002128575	0.001210508	0.0005022982	0.0001026847	2.165411e-05	1.91585e-05	1.675158e-05	1.433388e-05	1.262198e-05	9.890054e-06	7.907144e-06
199	0.6125785	0.4934677	0.4856589	0.482142	0.4080009	0.3297146	0.3171428	0.3096887	0.06506812	0.02272398	0.009263186	0.008542116	0.008479328	0.008464067	0.008247662	0.008073791	0.008014441	0.00660878	0.004497845	0.00317124	0.002159894	0.00122867	0.0005098461	0.0001041035	2.182078e-05	1.928899e-05	1.684475e-05	1.43882e-05	1.264778e-05	9.985621e-06
200	0.6855551	0.5985734	0.4790343	0.4715609	0.4680425	0.3953154	0.3184559	0.3058237	0.2987959	0.06562032	0.02291605	0.009341241	0.008614444	0.008551357	0.008536012	0.008317797	0.00814304	0.00808513	0.006668765	0.004540038	0.003201874	0.002181362	0.001241232	0.0005150931	0.0001050612	2.189436e-05	1.933801e-05	1.686772e-05	1.438352e-05	1.26226e-05
201	0.3518434	0.3363946	0.308393	0.2601573	0.256549	0.2540589	0.2076793	0.1801121	0.1756992	0.1736054	0.04222474	0.009201736	0.003011501	0.002774296	0.002753061	0.002747881	0.002678988	0.002620387	0.002598123	0.00217345	0.001490247	0.00105667	0.0007240113	0.0004167154	0.000175394	3.642081e-05	7.888014e-06	7.02752e-06	6.201995e-06	5.375475e-06
202	0.2630673	0.2221352	0.2145144	0.2045147	0.1644209	0.1621966	0.1599967	0.1228933	0.1138914	0.1126703	0.1121091	0.02584376	0.003706943	0.0007760811	0.0007104462	0.0007039169	0.0007023548	0.0006848158	0.0006672573	0.0006584447	0.0005604294	0.0003822974	0.0002710651	0.0001853897	0.0001060041	4.541518e-05	1.017635e-05	2.582528e-06	2.37042e-06	2.175359e-06
203	0.372758	0.2029482	0.1678609	0.1629437	0.1581341	0.1200492	0.1182727	0.1161335	0.08118525	0.07743162	0.07706662	0.0769184	0.01367119	0.001568349	0.0001843655	0.0001661715	0.0001637272	0.000163161	0.0001586642	0.0001528572	0.00014892	0.0001282738	8.369418e-05	5.958995e-05	4.125199e-05	2.42626e-05	1.11223e-05	2.985791e-06	1.077886e-06	1.036981e-06
204	0.3189215	0.2968892	0.1316169	0.09833519	0.09427571	0.09094035	0.09065542	0.08903973	0.08690005	0.05216979	0.05003303	0.04990695	0.04987687	0.003523689	0.0003703096	3.072406e-05	2.718354e-05	2.590198e-05	2.562722e-05	2.492104e-05	2.246598e-05	2.089979e-05	1.872373e-05	1.200138e-05	8.723641e-06	6.375914e-06	4.208641e-06	2.331046e-06	9.676435e-07	6.127038e-07
205	0.3185018	0.2924536	0.2792295	0.1141278	0.08106067	0.07725772	0.07588923	0.07568515	0.07547873	0.07523367	0.04012549	0.03854999	0.03847481	0.03845554	0.001794755	0.0001840872	1.450381e-05	1.266663e-05	1.176667e-05	1.156953e-05	1.129182e-05	9.603468e-06	8.532604e-06	8.0202e-06	5.38213e-06	3.99885e-06	3.083613e-06	2.23812e-06	1.356564e-06	6.410808e-07
206	0.3460271	0.3015201	0.2813318	0.2706695	0.104088	0.07079545	0.06705942	0.06598197	0.06584239	0.06568571	0.0654417	0.02986407	0.02869808	0.02863994	0.0286255	0.001405831	0.0001440663	1.135637e-05	1.014395e-05	9.42264e-06	9.261041e-06	9.046473e-06	7.805893e-06	6.996714e-06	6.658432e-06	4.727274e-06	3.50518e-06	2.698847e-06	1.950365e-06	1.139877e-06
207	0.07366059	0.06845404	0.06789539	0.06048363	0.05677128	0.0544896	0.02152109	0.01798928	0.01730038	0.01721748	0.01713231	0.01712377	0.01691498	0.01628031	0.01625398	0.01624762	0.0003936277	4.038115e-05	3.487763e-06	3.076576e-06	2.824568e-06	2.723638e-06	2.659604e-06	1.992823e-06	1.593416e-06	1.545832e-06	1.07535e-06	8.538421e-07	6.975567e-07	5.561664e-07
208	0.01607497	0.01462612	0.01455557	0.01450862	0.01188592	0.0109835	0.01008787	0.009855196	0.00638196	0.005980232	0.005936497	0.005905812	0.005901939	0.005834126	0.005627991	0.005618284	0.005614627	0.0001373981	1.404858e-05	1.185898e-06	9.727801e-07	8.740398e-07	8.541762e-07	8.274798e-07	5.974189e-07	4.585689e-07	4.438509e-07	2.86686e-07	2.355224e-07	2.003011e-07
209	0.01624523	0.006154313	0.005410881	0.005383435	0.00536363	0.004043936	0.003471989	0.003013406	0.002862183	0.002816761	0.002497277	0.002464526	0.00245071	0.002448064	0.002420274	0.00233715	0.002332011	0.00232878	9.819311e-05	1.003215e-05	8.196765e-07	6.298821e-07	5.655026e-07	5.530689e-07	5.369734e-07	4.363268e-07	3.720903e-07	3.578662e-07	2.362532e-07	1.912052e-07
210	0.06588894	0.01196215	0.004925115	0.004236054	0.004215333	0.004201268	0.003119854	0.002607258	0.002186305	0.002083001	0.002043504	0.001895875	0.001864693	0.00185363	0.001851208	0.001830422	0.001768702	0.001764388	0.001761212	8.916563e-05	9.090646e-06	7.353462e-07	5.502322e-07	4.911133e-07	4.799488e-07	4.654347e-07	3.885053e-07	3.37456e-07	3.265028e-07	2.176267e-07
211	0.06501411	0.04463479	0.008712613	0.003923643	0.003264464	0.003248229	0.003238476	0.00238119	0.001917251	0.001531495	0.001437444	0.001401504	0.001267177	0.001251982	0.001243094	0.001240835	0.001227148	0.001187252	0.001183716	0.001180574	8.284632e-05	8.388264e-06	6.193097e-07	4.913912e-07	4.371788e-07	4.27185e-07	4.135087e-07	3.593391e-07	3.214753e-07	3.108191e-07
212	0.8023686	0.04988967	0.03281849	0.006695254	0.00331905	0.002667691	0.002654781	0.002647972	0.001850305	0.001414691	0.001048516	0.0009597944	0.0009261753	0.0008951268	0.0008802838	0.0008727053	0.0008705346	0.0008581365	0.0008220166	0.0008186589	0.0008154976	7.698833e-05	7.784927e-06	5.767491e-07	4.519239e-07	4.005561e-07	3.912634e-07	3.786515e-07	3.295809e-07	2.991343e-07
213	0.993871	0.8088318	0.04474069	0.02755111	0.0053326	0.002528176	0.002488646	0.002476725	0.002470946	0.001679305	0.001249444	0.0008871141	0.0007994993	0.0007663212	0.0007357727	0.0007315298	0.0007243718	0.0007221975	0.0007099163	0.0006741254	0.0006707655	0.0006675533	7.584029e-05	7.615968e-06	5.104335e-07	4.472885e-07	3.964466e-07	3.872355e-07	3.747323e-07	3.259717e-07
214	0.9391387	0.9382087	0.8148402	0.04025704	0.02280363	0.00406552	0.001750534	0.001716228	0.001705984	0.001701338	0.001155911	0.0008732264	0.0006687671	0.0006188772	0.0005997451	0.0005808869	0.0005779553	0.0005735058	0.0005729742	0.0005655159	0.0005443041	0.0005417555	0.0005386104	6.604828e-05	6.622825e-06	4.290249e-07	3.73525e-07	3.444444e-07	3.389694e-07	3.286057e-07
215	0.1030762	0.09920105	0.09838811	0.04706998	0.0356317	0.01826817	0.002829968	0.001007276	0.0009776503	0.0009735126	0.0009700542	0.0006685448	0.0004920036	0.0004476173	0.0004357891	0.0004309058	0.0004238364	0.0004223124	0.0004205645	0.0004203719	0.000418075	0.0004125921	0.000411125	0.0004081205	5.526299e-05	5.500416e-06	3.09187e-07	2.642708e-07	2.572617e-07	2.555514e-07
216	0.1911913	0.0759763	0.07237258	0.07160121	0.02635025	0.01684156	0.01541431	0.002264797	0.0007669768	0.0007409358	0.0007374598	0.0007346547	0.0005057306	0.0003824031	0.0003510731	0.0003426104	0.0003390006	0.0003338103	0.0003325688	0.000331235	0.0003310837	0.0003292705	0.0003251518	0.0003239973	0.0003210117	4.738162e-05	4.735579e-06	2.799025e-07	2.407532e-07	2.356286e-07
217	0.06308116	0.06156459	0.03725751	0.03404397	0.03331573	0.01515315	0.00922492	0.008026292	0.001729513	0.0005846565	0.0005613116	0.0005584888	0.0005564437	0.0003974381	0.0002821808	0.0002530365	0.00024525	0.0002420093	0.0002382781	0.0002373116	0.0002362496	0.0002361225	0.0002345235	0.0002308943	0.000230085	0.0002297949	3.784859e-05	3.808865e-06	2.426427e-07	2.112449e-07
218	0.03940554	0.03770029	0.03711123	0.02464046	0.02167071	0.02098022	0.009887426	0.006089282	0.004879469	0.0009925282	0.0004413935	0.000421793	0.0004196311	0.0004182442	0.0002941017	0.0001838672	0.0001561223	0.0001488407	0.0001459135	0.0001430208	0.0001423262	0.000141528	0.0001414234	0.0001399622	0.00013664	0.0001361815	0.0001359255	2.786531e-05	2.847377e-06	2.162158e-07
219	0.03589161	0.01827802	0.01704324	0.0166334	0.01116031	0.01085968	0.01020221	0.005722497	0.003691252	0.002475778	0.000586474	0.0003264969	0.0003101763	0.0003085639	0.0003078744	0.0002085592	0.0001018094	7.531068e-05	6.852258e-05	6.590689e-05	6.372855e-05	6.329587e-05	6.273129e-05	6.264979e-05	6.150888e-05	5.873853e-05	5.837426e-05	5.82333e-05	1.940497e-05	1.974117e-06
220	0.1358772	0.01675924	0.008596343	0.007559175	0.007231339	0.005230928	0.0050643	0.005012378	0.003343463	0.002475294	0.001252888	0.0003362815	0.0002187831	0.0002033873	0.0002030559	0.000202715	0.0001235337	5.007554e-05	3.179418e-05	2.713289e-05	2.532733e-05	2.378724e-05	2.353378e-05	2.319562e-05	2.314186e-05	2.24108e-05	2.054766e-05	2.038868e-05	2.033978e-05	1.412678e-05
221	0.02577831	0.02189492	0.009060325	0.005515492	0.004607739	0.004298925	0.003374413	0.003301705	0.003274719	0.002496502	0.002078872	0.0008295749	0.0001857645	0.000108661	9.336086e-05	9.314885e-05	9.297368e-05	4.291334e-05	1.985604e-05	1.390028e-05	1.235505e-05	1.171993e-05	1.1012e-05	1.085217e-05	1.072573e-05	1.070352e-05	1.034444e-05	9.545961e-06	9.446353e-06	9.407995e-06
222	0.04161757	0.01549526	0.01340457	0.006303109	0.004286386	0.003476192	0.003284974	0.002742612	0.002692444	0.002674598	0.002215824	0.001961488	0.0006834435	0.0001316443	6.846309e-05	5.296455e-05	5.279623e-05	5.265705e-05	1.294849e-05	8.70792e-06	7.392291e-06	7.011195e-06	6.81229e-06	6.408648e-06	6.281102e-06	6.233365e-06	6.223137e-06	5.999383e-06	5.591245e-06	5.512548e-06
223	0.07854709	0.03265304	0.01081541	0.008961444	0.004264716	0.003403558	0.00266544	0.002504396	0.002274347	0.002234689	0.002222559	0.002014375	0.00189501	0.0005855685	0.0001139778	6.294222e-05	4.717794e-05	4.70428e-05	4.693056e-05	9.049203e-06	4.98235e-06	3.744382e-06	3.403035e-06	3.247892e-06	2.863732e-06	2.739288e-06	2.70508e-06	2.69793e-06	2.481203e-06	2.075121e-06
224	0.1478867	0.06216971	0.02718784	0.008242922	0.006636948	0.002982663	0.002482674	0.002464277	0.0023079	0.002166548	0.002131396	0.002121417	0.001985304	0.001904553	0.0005617106	0.000104064	5.600551e-05	3.987733e-05	3.975479e-05	3.965553e-05	7.178739e-06	3.656514e-06	2.580748e-06	2.285471e-06	2.15698e-06	1.822892e-06	1.71391e-06	1.686875e-06	1.681093e-06	1.48259e-06
225	0.3822033	0.1349125	0.05877907	0.02615368	0.007720744	0.006147841	0.002729241	0.002316259	0.002302465	0.002288677	0.002171735	0.002137423	0.002127991	0.002012434	0.001942023	0.0005639382	0.000103336	5.506152e-05	3.852117e-05	3.84295e-05	3.833605e-05	6.727865e-06	3.28879e-06	2.239938e-06	1.952764e-06	1.832168e-06	1.51848e-06	1.417189e-06	1.392137e-06	1.386811e-06
226	0.9345944	0.3771351	0.1343998	0.05902306	0.02640271	0.007768126	0.006187561	0.002728202	0.002310093	0.002296547	0.00228271	0.002173938	0.00215465	0.002145108	0.002049582	0.00197971	0.0005755888	0.0001051772	5.593629e-05	3.895479e-05	3.88615e-05	3.876829e-05	6.730543e-06	3.242959e-06	2.179116e-06	1.888414e-06	1.766498e-06	1.451564e-06	1.350376e-06	1.325288e-06
227	0.9163296	0.9047742	0.3654881	0.1289316	0.05489122	0.02254234	0.006078107	0.004868066	0.001371922	0.0009486719	0.0009353515	0.0009214607	0.0008219013	0.0008031585	0.0007935183	0.0007043981	0.0006352953	0.0005863952	0.0001071054	5.685841e-05	3.941001e-05	3.931508e-05	3.922419e-05	6.700666e-06	3.17593e-06	2.101223e-06	1.809621e-06	1.687963e-06	1.373978e-06	1.273531e-06
228	0.9170822	0.8860069	0.8756238	0.3577767	0.1265421	0.05346908	0.0211679	0.005668902	0.004472884	0.0009116809	0.0004803882	0.000467366	0.0004601827	0.0003672199	0.000348427	0.0003386294	0.0002547939	0.00018619	0.0001406772	0.0001093759	5.812731e-05	4.01852e-05	4.008845e-05	3.999946e-05	6.710861e-06	3.123768e-06	2.0322e-06	1.738343e-06	1.61647e-06	1.300697e-06
229	0.8864721	0.8464191	0.8267662	0.8180472	0.3346865	0.118697	0.0502722	0.01982775	0.005378012	0.004251175	0.0008138849	0.0003948486	0.0003862892	0.0003795206	0.0002955382	0.0002777016	0.0002680528	0.0001921071	0.0001251443	8.833421e-05	6.014882e-05	5.652944e-05	3.806718e-05	3.796902e-05	3.788482e-05	6.293709e-06	2.897198e-06	1.866913e-06	1.590453e-06	1.476054e-06
230	0.7449511	0.7074224	0.6745757	0.6577759	0.6497375	0.294651	0.108857	0.04767488	0.01915606	0.005056691	0.004019264	0.000676698	0.0003479079	0.0003398829	0.000333212	0.0002618311	0.0002449577	0.0002354814	0.0001683825	0.0001049922	6.719344e-05	4.076531e-05	3.751472e-05	3.745828e-05	3.735889e-05	3.728872e-05	6.034725e-06	2.713745e-06	1.715996e-06	1.450332e-06
231	0.821994	0.722679	0.6841872	0.6509902	0.6338943	0.6264385	0.2871228	0.1083347	0.04822303	0.01952599	0.005124196	0.00406091	0.0006695398	0.0003339216	0.0003262318	0.00032315	0.0002574941	0.0002405723	0.0002309019	0.0001682678	0.0001054691	6.650398e-05	4.147285e-05	3.84453e-05	3.839058e-05	3.836729e-05	3.830043e-05	6.117523e-06	2.699656e-06	1.673266e-06
232	0.7210041	0.6140361	0.5459248	0.5160857	0.4951739	0.4891688	0.4859676	0.2241636	0.0856993	0.0388578	0.01657249	0.004461833	0.003568765	0.0005711583	0.0002803683	0.0002736842	0.0002712892	0.0002229372	0.0002106283	0.0002017093	0.000155998	9.870645e-05	5.856409e-05	3.525187e-05	3.257184e-05	3.253465e-05	3.251368e-05	3.246702e-05	4.884333e-06	2.09275e-06
233	0.6102447	0.6081773	0.5121028	0.4534633	0.4492779	0.4330579	0.4289593	0.4267205	0.1980668	0.07678882	0.03545913	0.01538947	0.004200227	0.003374452	0.0005284547	0.0002556045	0.0002498646	0.0002482083	0.0002088161	0.0001976532	0.0001889817	0.0001514192	9.601622e-05	5.45648e-05	3.257191e-05	3.013203e-05	3.009881e-05	3.007904e-05	3.003804e-05	4.412925e-06
234	0.5558005	0.5501198	0.5488256	0.4716873	0.4149351	0.4134883	0.4089865	0.405315	0.403388	0.190486	0.07482475	0.03478842	0.0150335	0.003866107	0.003042065	0.0005180011	0.0002440898	0.0002384991	0.0002370774	0.0002037391	0.0001927818	0.0001839701	0.0001513448	9.601878e-05	5.315251e-05	3.231858e-05	3.007951e-05	3.004809e-05	3.003131e-05	2.999099e-05
235	0.4961218	0.4839188	0.4793777	0.4781364	0.4073497	0.3956622	0.395042	0.3922119	0.3913279	0.3896562	0.188186	0.07504277	0.03524324	0.01525435	0.003821026	0.002976688	0.0004355479	0.00018853	0.0001852304	0.0001839322	0.0001557381	0.0001446761	0.0001410612	0.0001124325	9.710284e-05	5.271629e-05	3.291412e-05	3.085506e-05	3.082482e-05	3.080844e-05
236	0.9016952	0.4750039	0.4635919	0.4592486	0.458272	0.3912004	0.3812365	0.3808117	0.3784047	0.3777337	0.3764116	0.1849214	0.0747735	0.03532332	0.01511758	0.003399654	0.002534249	0.000405961	0.0001783926	0.0001760678	0.0001750001	0.0001513162	0.0001401592	0.0001365811	0.0001114808	9.85676e-05	5.254697e-05	3.355087e-05	3.164115e-05	3.161195e-05
237	0.9537582	0.898637	0.459103	0.4478723	0.4436131	0.4426773	0.3750531	0.3652539	0.3648397	0.3624839	0.3618361	0.3605424	0.1746962	0.07191079	0.03441045	0.0147641	0.003253503	0.002406085	0.0003520474	0.0001299717	0.0001277549	0.000126699	0.0001034904	9.275739e-05	8.92826e-05	6.468037e-05	5.276467e-05	5.262547e-05	3.31874e-05	3.123332e-05
238	0.9669319	0.948273	0.895951	0.4424923	0.4314093	0.4274056	0.4265023	0.3578635	0.3479897	0.3475777	0.3452146	0.3445646	0.3432673	0.168031	0.06873597	0.03280997	0.01399924	0.003081968	0.002277216	0.0003220244	0.0001099698	0.000107814	0.0001069775	8.361118e-05	7.334347e-05	6.997195e-05	4.527366e-05	3.324985e-05	3.313918e-05	3.167561e-05
239	0.995437	0.9653755	0.9471905	0.8973998	0.4270469	0.4159809	0.4119996	0.4111267	0.3405559	0.3305114	0.330098	0.3277033	0.3270427	0.3257282	0.1615263	0.0657656	0.03116619	0.01319645	0.002917141	0.002160753	0.0003081835	0.0001068549	0.0001047815	0.0001039726	8.027598e-05	7.045854e-05	6.717716e-05	4.212981e-05	2.987538e-05	2.976451e-05
240	0.5679111	0.5641092	0.5354447	0.5178239	0.4708902	0.4093893	0.398346	0.3943906	0.3935515	0.3208969	0.3106737	0.310259	0.3078314	0.3071594	0.3058269	0.1538628	0.06238244	0.02933275	0.01230811	0.002734667	0.002031428	0.0002941784	0.0001049478	0.0001029263	0.0001021458	7.822089e-05	6.891484e-05	6.57519e-05	4.033693e-05	2.792045e-05
241	0.541086	0.5321208	0.5284697	0.5013879	0.4846371	0.4419796	0.3845213	0.3775415	0.374031	0.37323	0.2985688	0.2882006	0.2877861	0.2853361	0.2846549	0.2833106	0.1454689	0.05868416	0.02732923	0.01133411	0.002535671	0.001889959	0.0002783581	0.0001023611	0.0001003962	9.964726e-05	7.580358e-05	6.70588e-05	6.40211e-05	3.836456e-05
242	0.4253001	0.4024744	0.3967891	0.3936279	0.3729211	0.3599739	0.3225386	0.3093517	0.303204	0.300704	0.3000123	0.2673803	0.2575802	0.2571973	0.2549191	0.2542751	0.2530283	0.1292109	0.04953921	0.02180843	0.008563891	0.001954227	0.001470988	0.0002256229	8.89807e-05	8.726666e-05	8.663224e-05	6.455312e-05	5.774821e-05	5.517465e-05
243	0.416447	0.3352995	0.3199687	0.3172702	0.3157638	0.3007827	0.2912077	0.2608642	0.2502156	0.2450016	0.2429671	0.2424562	0.2134015	0.2062141	0.2058998	0.2039388	0.2034087	0.202313	0.09486806	0.03525284	0.01457431	0.005185007	0.001190915	0.0008983253	0.0001517481	6.940007e-05	6.840895e-05	6.793336e-05	4.823825e-05	4.39379e-05
244	0.7822206	0.3735866	0.3046227	0.2912251	0.2894206	0.2891961	0.276976	0.2686729	0.2410571	0.2312204	0.2263204	0.2244221	0.2240051	0.1956642	0.188836	0.188546	0.1866473	0.186133	0.1850701	0.0821695	0.02830191	0.01038414	0.003056538	0.0007374204	0.0005672454	0.0001115348	6.068547e-05	5.993663e-05	5.970678e-05	4.05096e-05
245	0.8915116	0.7732595	0.3622973	0.2947118	0.2815936	0.27998	0.2797603	0.2694752	0.2616621	0.2348326	0.2255897	0.2207408	0.2188884	0.2185305	0.1896324	0.1826894	0.182402	0.1804723	0.1799477	0.1788671	0.07613359	0.02296459	0.006616903	0.0009601309	0.0003077531	0.0002615263	7.729135e-05	5.535887e-05	5.476595e-05	5.461935e-05
246	0.8972974	0.7883893	0.7231908	0.3478264	0.283697	0.2712278	0.2696925	0.2694781	0.2618042	0.254503	0.2285618	0.219277	0.2145023	0.2127119	0.2123792	0.183007	0.1759697	0.1757039	0.1737662	0.1732825	0.1721904	0.07065448	0.01869037	0.004227882	0.0006593895	0.0002501689	0.0002221942	7.377345e-05	5.553599e-05	5.495712e-05
247	0.8926918	0.8728389	0.7587617	0.6992613	0.3345299	0.2734062	0.2614003	0.2599194	0.2597087	0.2532884	0.2465465	0.221596	0.2122661	0.2075949	0.205831	0.2055694	0.1758357	0.1687361	0.1684748	0.1665245	0.1660383	0.1649482	0.06568452	0.01552805	0.00345258	0.0005455702	0.0002310974	0.0002103293	7.335107e-05	5.614957e-05
248	0.9413712	0.874331	0.8550628	0.7358246	0.6783512	0.3251318	0.2655212	0.2538312	0.2523876	0.252179	0.2461058	0.2396232	0.215576	0.2061646	0.2016026	0.1999156	0.1996599	0.1696807	0.1625111	0.1622475	0.1602782	0.1597857	0.1586858	0.06243049	0.0145826	0.003200858	0.0005286159	0.0002328712	0.0002137373	7.459772e-05
249	0.9544543	0.9122155	0.8503932	0.8323146	0.7048167	0.6495944	0.3139913	0.2577335	0.2466287	0.2452276	0.2450211	0.2391303	0.2327797	0.2096598	0.2000817	0.195587	0.1939212	0.1936722	0.1636645	0.1564742	0.1562201	0.1542877	0.1538231	0.1527292	0.06143951	0.01423271	0.003136876	0.0005326933	0.0002393565	0.0002206839
250	0.9408178	0.92173	0.8827911	0.8252833	0.8084004	0.6712555	0.6195104	0.2909494	0.2397378	0.2295688	0.2282569	0.2280584	0.2226549	0.2168069	0.1954714	0.1858413	0.1815952	0.1800193	0.1797899	0.1511005	0.1442216	0.1439812	0.1421374	0.1416946	0.14065	0.05597755	0.01297891	0.002863357	0.0004886424	0.0002234267
251	0.8174786	0.7882758	0.7698429	0.7321706	0.6783162	0.6622416	0.5137993	0.4699165	0.2750305	0.2267382	0.2171385	0.2158903	0.2156963	0.2104809	0.2048485	0.1848502	0.1752183	0.1711801	0.1696796	0.1694577	0.1420195	0.1354181	0.1351872	0.1334224	0.1329976	0.1319977	0.0536624	0.01246546	0.002761082	0.0004804658
252	0.8234016	0.7988159	0.7701254	0.7521135	0.7172314	0.6656632	0.6501834	0.4883654	0.4467823	0.26146	0.2157812	0.2067157	0.2055207	0.2053292	0.2002089	0.1947411	0.1759226	0.1659914	0.1621415	0.1607093	0.1605094	0.1342497	0.1278964	0.1276755	0.1259851	0.1255778	0.1246243	0.05278397	0.01229743	0.002740171
253	0.9854254	0.8015244	0.7769873	0.7481367	0.7336966	0.6991256	0.6504899	0.636605	0.4587335	0.4194476	0.247	0.2041569	0.1956501	0.1945143	0.1943253	0.1892069	0.1838114	0.1660786	0.1557333	0.1522079	0.1509107	0.150718	0.1269728	0.1211615	0.1209585	0.1194227	0.1190506	0.1181858	0.05248017	0.01225997
254	0.9799264	0.9732537	0.7815909	0.7577019	0.7292076	0.7154969	0.6821034	0.6357601	0.622573	0.4250825	0.3882954	0.2288009	0.1894168	0.1816446	0.1805812	0.1803953	0.1755818	0.1703467	0.1539119	0.1430555	0.1399168	0.1387665	0.1385855	0.1181175	0.1130164	0.1128378	0.1115075	0.1111851	0.110439	0.05208514
255	0.9860494	0.9700853	0.9633426	0.7548309	0.7308678	0.7020216	0.6890599	0.6559929	0.6123699	0.6000278	0.3780113	0.3450355	0.2069169	0.171754	0.1648159	0.1638409	0.1636588	0.1588748	0.1537546	0.1389103	0.1274833	0.1248235	0.1238551	0.1236859	0.1072898	0.1030704	0.1029209	0.101842	0.1015772	0.1009753
256	0.7147581	0.7047989	0.6924068	0.6899045	0.4697913	0.4522185	0.422956	0.4109387	0.3790504	0.338841	0.327579	0.3266859	0.2976437	0.1795488	0.1495857	0.143678	0.1429312	0.1428413	0.1381679	0.133474	0.1206131	0.108354	0.1062611	0.1055077	0.105355	0.09370064	0.09053743	0.09042332	0.08963898	0.08944281
257	0.4732902	0.4624031	0.453236	0.450421	0.4484059	0.354452	0.3432846	0.3327019	0.324923	0.2972424	0.2620684	0.2522854	0.2514762	0.2281992	0.1351069	0.1114308	0.1067641	0.106165	0.1060932	0.1018898	0.097747	0.08742123	0.085442	0.08391193	0.08337054	0.08324132	0.07585369	0.07372803	0.07364886	0.07313553
258	0.4612872	0.3901784	0.3846137	0.3762544	0.3735639	0.3717513	0.2680539	0.2580702	0.2506026	0.2445821	0.2215934	0.2011002	0.192681	0.1919494	0.1739315	0.103113	0.08513058	0.08158564	0.08111823	0.08106289	0.07756193	0.07414325	0.06623802	0.06473004	0.06370929	0.06332069	0.06321613	0.05847679	0.05712036	0.05706702
259	0.5338388	0.3092014	0.2505543	0.2461262	0.2378979	0.2373084	0.2355352	0.2233446	0.2133477	0.2072081	0.2023684	0.1823891	0.165352	0.1603711	0.1596396	0.1446119	0.0858088	0.07086935	0.06792545	0.0675222	0.06747512	0.06443186	0.06146237	0.05492367	0.05367563	0.05284365	0.05254306	0.05245196	0.04871632	0.04765449
260	0.3562638	0.3453624	0.2051393	0.1655367	0.1625054	0.1595052	0.1590949	0.1583885	0.1499846	0.1465959	0.142418	0.1391275	0.1245743	0.1130093	0.1096205	0.1093671	0.09915847	0.05891411	0.04867814	0.04666176	0.0464161	0.04638606	0.04416572	0.04200036	0.03762153	0.03678404	0.03620219	0.03599048	0.03592639	0.03314353
261	0.1829214	0.1426687	0.1384911	0.08214811	0.06626091	0.06508636	0.06387341	0.06371619	0.06343081	0.06010627	0.05874894	0.05707695	0.05576018	0.04985458	0.04522295	0.04387402	0.0437726	0.03968486	0.02358161	0.01948566	0.01867878	0.01858	0.01856794	0.01767739	0.01679974	0.01505089	0.01471679	0.01448559	0.01440132	0.0143755
262	0.1423687	0.04537	0.03543748	0.03439886	0.02044279	0.01649664	0.01620385	0.01592029	0.01588115	0.01581031	0.0149817	0.01464485	0.01422812	0.01389992	0.01242561	0.01127122	0.01093499	0.01091052	0.009891682	0.005877853	0.004856907	0.004655792	0.004631388	0.004628403	0.004406404	0.00418731	0.003751565	0.003668401	0.003610693	0.003589675
