#unpaired probabilities
 #i$	l=1	2	3	4	5	6	7	8	9	10	11	12	13	14	15	16	17	18	19	20	21	22	23	24	25	26	27	28	29	30	
1	0.006644695	NA	NA	NA	NA	NA	NA	NA	NA	NA	NA	NA	NA	NA	NA	NA	NA	NA	NA	NA	NA	NA	NA	NA	NA	NA	NA	NA	NA	NA
2	0.006605686	3.545911e-05	NA	NA	NA	NA	NA	NA	NA	NA	NA	NA	NA	NA	NA	NA	NA	NA	NA	NA	NA	NA	NA	NA	NA	NA	NA	NA	NA	NA
3	0.003969289	7.504229e-05	9.222098e-07	NA	NA	NA	NA	NA	NA	NA	NA	NA	NA	NA	NA	NA	NA	NA	NA	NA	NA	NA	NA	NA	NA	NA	NA	NA	NA	NA
4	0.1043094	0.001551865	2.84661e-05	5.9091e-07	NA	NA	NA	NA	NA	NA	NA	NA	NA	NA	NA	NA	NA	NA	NA	NA	NA	NA	NA	NA	NA	NA	NA	NA	NA	NA
5	0.1376052	0.04858421	0.000668043	1.13786e-05	2.46838e-07	NA	NA	NA	NA	NA	NA	NA	NA	NA	NA	NA	NA	NA	NA	NA	NA	NA	NA	NA	NA	NA	NA	NA	NA	NA
6	0.2177903	0.1023477	0.03618742	0.0004923344	8.307853e-06	1.886702e-07	NA	NA	NA	NA	NA	NA	NA	NA	NA	NA	NA	NA	NA	NA	NA	NA	NA	NA	NA	NA	NA	NA	NA	NA
7	0.8825057	0.1603531	0.07368768	0.02589532	0.0003496457	5.923213e-06	1.695496e-07	NA	NA	NA	NA	NA	NA	NA	NA	NA	NA	NA	NA	NA	NA	NA	NA	NA	NA	NA	NA	NA	NA	NA
8	0.3076555	0.2212246	0.1414328	0.06546948	0.02294273	0.0003045623	5.088084e-06	1.559924e-07	NA	NA	NA	NA	NA	NA	NA	NA	NA	NA	NA	NA	NA	NA	NA	NA	NA	NA	NA	NA	NA	NA
9	0.1973986	0.09160427	0.06646419	0.04553306	0.02484773	0.009237013	0.0001436858	2.723055e-06	1.178353e-07	NA	NA	NA	NA	NA	NA	NA	NA	NA	NA	NA	NA	NA	NA	NA	NA	NA	NA	NA	NA	NA
10	0.03608096	0.01814207	0.01465422	0.01060172	0.007220568	0.003873246	0.001441327	2.344219e-05	4.513476e-07	2.067884e-08	NA	NA	NA	NA	NA	NA	NA	NA	NA	NA	NA	NA	NA	NA	NA	NA	NA	NA	NA	NA
11	0.01771215	0.007028718	0.001862035	0.001380297	0.0009587989	0.0006346261	0.000312161	0.0001125626	1.664171e-06	3.011457e-08	1.177268e-09	NA	NA	NA	NA	NA	NA	NA	NA	NA	NA	NA	NA	NA	NA	NA	NA	NA	NA	NA
12	0.09844673	0.01684042	0.006953265	0.001819068	0.001348431	0.0009359333	0.0006191919	0.0003039041	0.0001094914	1.614478e-06	2.915895e-08	1.137201e-09	NA	NA	NA	NA	NA	NA	NA	NA	NA	NA	NA	NA	NA	NA	NA	NA	NA	NA
13	0.1617812	0.08923791	0.01257356	0.003003066	0.001699069	0.001245612	0.0008882879	0.0005878665	0.000288839	0.0001041081	1.537436e-06	2.779541e-08	1.086508e-09	NA	NA	NA	NA	NA	NA	NA	NA	NA	NA	NA	NA	NA	NA	NA	NA	NA
14	0.8126532	0.1616286	0.08911569	0.01245715	0.002877901	0.001560334	0.001245247	0.0008879807	0.0005876848	0.0002887737	0.000104086	1.537118e-06	2.778963e-08	1.086313e-09	NA	NA	NA	NA	NA	NA	NA	NA	NA	NA	NA	NA	NA	NA	NA	NA
15	0.4954929	0.2827552	0.1399308	0.07985236	0.01140869	0.002582778	0.001404758	0.001116194	0.0008012726	0.0005285642	0.0002569221	9.22953e-05	1.355709e-06	2.437598e-08	9.42529e-10	NA	NA	NA	NA	NA	NA	NA	NA	NA	NA	NA	NA	NA	NA	NA
16	0.5340634	0.4883956	0.2761087	0.1378866	0.07882281	0.01126829	0.002555117	0.00138909	0.001103592	0.0007920642	0.0005223451	0.0002535804	9.104962e-05	1.335538e-06	2.398812e-08	9.246849e-10	NA	NA	NA	NA	NA	NA	NA	NA	NA	NA	NA	NA	NA	NA
17	0.9897564	0.5256097	0.4823062	0.2709524	0.1350048	0.07726071	0.01094326	0.002515935	0.001366405	0.001086025	0.0007792119	0.0005137127	0.0002489203	8.931201e-05	1.307039e-06	2.343689e-08	8.992282e-10	NA	NA	NA	NA	NA	NA	NA	NA	NA	NA	NA	NA	NA
18	0.9968584	0.9873495	0.5238984	0.4806958	0.2694114	0.1341534	0.07656228	0.01041701	0.002507717	0.001361694	0.001082372	0.0007765333	0.0005119476	0.0002479992	8.897277e-05	1.301612e-06	2.333444e-08	8.958377e-10	NA	NA	NA	NA	NA	NA	NA	NA	NA	NA	NA	NA
19	0.8567528	0.8482014	0.83103	0.3586241	0.305152	0.2666684	0.1320519	0.07517527	0.01021506	0.002450881	0.001332075	0.001058956	0.0007599386	0.0005013924	0.00024351	8.745239e-05	1.283925e-06	2.307405e-08	8.910396e-10	NA	NA	NA	NA	NA	NA	NA	NA	NA	NA	NA
20	0.7003678	0.6898137	0.6822241	0.6702137	0.2058333	0.1651934	0.1344392	0.09689486	0.05653033	0.008221816	0.001917382	0.001034933	0.0008167456	0.0005846928	0.0003825565	0.0001806086	6.410649e-05	9.019497e-07	1.573243e-08	5.764421e-10	NA	NA	NA	NA	NA	NA	NA	NA	NA	NA
21	0.5118745	0.5179301	0.5385093	0.5551954	0.559885	0.1078714	0.08707936	0.06932414	0.04707054	0.0244784	0.002515606	0.0006654508	0.000372631	0.0003044822	0.0002210089	0.000150889	8.149232e-05	3.039681e-05	4.977567e-07	9.623676e-09	4.458186e-10	NA	NA	NA	NA	NA	NA	NA	NA	NA
22	0.3020538	0.1503675	0.1391987	0.1400359	0.1350208	0.1233893	0.1074854	0.08674224	0.06904082	0.04685036	0.02432853	0.002494833	0.0006591254	0.0003694869	0.000301936	0.0002193484	0.0001498331	8.104278e-05	3.024449e-05	4.959823e-07	9.597493e-09	4.453389e-10	NA	NA	NA	NA	NA	NA	NA	NA
23	0.06596671	0.03383273	0.01980804	0.01847966	0.01806409	0.01734961	0.01583214	0.01396135	0.01179486	0.009815009	0.00573158	0.003079353	0.0003531882	9.114929e-05	5.087868e-05	4.140094e-05	3.019213e-05	2.07199e-05	1.135878e-05	4.224007e-06	6.527196e-08	1.235014e-09	5.297526e-11	NA	NA	NA	NA	NA	NA	NA
24	0.03861595	0.001503591	0.0007523737	0.0006320031	0.0005389116	0.0001312839	0.0001188727	0.0001077437	9.68728e-05	8.692902e-05	7.816437e-05	6.687945e-05	3.824201e-05	2.05235e-05	7.613691e-07	4.165849e-07	3.343317e-07	2.436681e-07	1.656244e-07	8.846896e-08	3.257942e-08	4.865737e-10	8.885673e-12	2.97971e-13	NA	NA	NA	NA	NA	NA
25	0.02581739	0.001212624	0.0002973159	0.0001779464	0.0001184452	3.238858e-05	2.477341e-05	1.616107e-05	1.197929e-05	9.132579e-06	8.324985e-06	7.62636e-06	6.821314e-06	5.974269e-06	8.802846e-07	2.543207e-07	1.321633e-07	1.054551e-07	7.659995e-08	5.118176e-08	2.607243e-08	9.410544e-09	1.299725e-10	2.163644e-12	2.305407e-14	NA	NA	NA	NA	NA
26	0.05883232	0.02128663	0.0007209755	0.0001904347	8.311357e-05	3.103817e-05	2.148158e-05	1.494873e-05	1.132652e-05	8.959382e-06	7.535935e-06	6.787464e-06	6.117314e-06	5.342143e-06	4.514219e-06	7.798697e-07	2.18506e-07	1.173045e-07	9.368752e-08	6.801095e-08	4.529803e-08	2.27198e-08	8.171588e-09	1.134938e-10	1.897346e-12	1.35164e-14	NA	NA	NA	NA
27	0.07500005	0.03844808	0.01515251	0.0004323031	0.0001022709	5.928682e-05	2.080414e-05	1.302695e-05	8.27198e-06	5.768412e-06	4.150262e-06	3.250442e-06	2.980375e-06	2.814934e-06	2.631785e-06	2.466378e-06	3.973163e-07	1.129475e-07	5.866635e-08	4.599475e-08	3.308939e-08	2.178759e-08	1.054501e-08	3.697482e-09	4.360086e-11	6.160183e-13	9.181195e-15	NA	NA	NA
28	0.07203454	0.04029343	0.0200112	0.007878968	0.0002274094	5.094137e-05	2.755341e-05	9.433934e-06	6.885947e-06	4.698327e-06	3.221423e-06	2.491555e-06	2.195822e-06	2.036474e-06	1.944753e-06	1.841359e-06	1.747273e-06	2.571729e-07	7.19222e-08	3.744219e-08	2.957285e-08	2.097815e-08	1.331716e-08	5.630454e-09	1.898114e-09	2.21791e-11	3.24385e-13	5.024316e-15	NA	NA
29	0.02322996	0.003808411	0.002319058	0.0008958137	0.000359294	1.661102e-05	3.386638e-06	1.798787e-06	1.022923e-06	7.018471e-07	5.730413e-07	5.060613e-07	4.472603e-07	3.921442e-07	3.281095e-07	2.757896e-07	2.144487e-07	1.492032e-07	2.327522e-08	6.789643e-09	3.762331e-09	3.063564e-09	2.227061e-09	1.486415e-09	7.921621e-10	2.903108e-10	4.449465e-12	8.258421e-14	1.308858e-15	NA
30	0.1873762	0.01056691	0.001383588	0.0008049196	0.0002190972	9.263694e-05	8.135355e-06	1.463468e-06	7.345587e-07	5.630944e-07	3.894492e-07	3.297059e-07	3.129874e-07	2.852801e-07	2.504596e-07	2.080126e-07	1.722291e-07	1.302512e-07	8.572332e-08	1.27021e-08	3.756233e-09	2.122906e-09	1.739615e-09	1.257473e-09	8.286287e-10	4.434658e-10	1.653341e-10	2.624647e-12	5.053391e-14	9.906294e-16
31	0.594492	0.03107356	0.008657943	0.001070647	0.0006338909	0.0001426463	5.883914e-05	6.067616e-06	1.041232e-06	5.244946e-07	4.112119e-07	3.535747e-07	3.015027e-07	2.899432e-07	2.655253e-07	2.328686e-07	1.931322e-07	1.591719e-07	1.199988e-07	7.781495e-08	1.150718e-08	3.417041e-09	1.941232e-09	1.594261e-09	1.153526e-09	7.629719e-10	4.134524e-10	1.548031e-10	2.484359e-12	4.816807e-14
32	0.3547312	0.0886147	0.02230986	0.007433703	0.001027215	0.0006180575	0.0001399742	5.721417e-05	5.457187e-06	1.0043e-06	5.076768e-07	3.947208e-07	3.51053e-07	2.992869e-07	2.877964e-07	2.635182e-07	2.31026e-07	1.914747e-07	1.576683e-07	1.186683e-07	7.667005e-08	1.128529e-08	3.34675e-09	1.900644e-09	1.5608e-09	1.129117e-09	7.473697e-10	4.049233e-10	1.516456e-10	2.441922e-12
33	0.1480041	0.09487684	0.03368503	0.01160959	0.004667436	0.0004473853	0.0002617074	2.086453e-05	9.815205e-06	2.856206e-06	4.351855e-07	1.507393e-07	1.390105e-07	1.054248e-07	5.550375e-08	5.430286e-08	5.137526e-08	4.801246e-08	4.265472e-08	3.974088e-08	3.61008e-08	3.273575e-08	6.573579e-09	2.08052e-09	1.195462e-09	9.860269e-10	7.129623e-10	4.6505e-10	2.548272e-10	9.597901e-11
34	0.5392899	0.07715556	0.03734592	0.02581754	0.009758351	0.003862802	0.0003727681	0.0002209197	6.765637e-06	4.187846e-06	2.499168e-06	3.544212e-07	1.155402e-07	1.159169e-07	8.425012e-08	3.504331e-08	3.495343e-08	3.380124e-08	3.266764e-08	3.035164e-08	2.977257e-08	2.893641e-08	2.849973e-08	6.023936e-09	1.925863e-09	1.108422e-09	9.146734e-10	6.607022e-10	4.292803e-10	2.352378e-10
35	0.543373	0.4966857	0.05329186	0.02241038	0.01986984	0.005925761	0.002411581	0.0001869983	0.0001132913	4.410068e-06	2.908882e-06	1.66587e-06	2.415088e-07	9.92616e-08	1.008654e-07	7.031421e-08	2.102408e-08	2.078901e-08	1.987935e-08	1.910704e-08	1.776402e-08	1.727446e-08	1.653092e-08	1.611016e-08	3.345373e-09	1.042609e-09	5.868522e-10	4.759901e-10	3.309247e-10	1.970108e-10
36	0.6139838	0.4951539	0.4744291	0.05011261	0.02106814	0.01874183	0.005741804	0.002354039	0.0001819113	0.0001103122	4.161845e-06	2.793511e-06	1.626722e-06	2.231236e-07	9.783042e-08	9.958983e-08	6.910459e-08	1.981472e-08	1.956819e-08	1.867693e-08	1.793819e-08	1.715854e-08	1.673032e-08	1.608762e-08	1.574394e-08	3.269321e-09	1.020759e-09	5.740398e-10	4.652996e-10	3.229511e-10
37	0.5980284	0.5197932	0.4744221	0.4542444	0.04825002	0.01997031	0.01791896	0.005468128	0.002231189	0.0001761078	0.0001069162	4.069922e-06	2.739698e-06	1.584913e-06	2.167264e-07	9.631563e-08	9.806903e-08	6.83451e-08	1.906404e-08	1.880549e-08	1.792469e-08	1.720657e-08	1.649882e-08	1.608733e-08	1.561749e-08	1.530398e-08	3.17686e-09	9.915543e-10	5.571671e-10	4.513492e-10
38	0.9038227	0.5863499	0.5171476	0.473207	0.4535744	0.04782096	0.0198133	0.01782228	0.005424291	0.002221156	0.0001751276	0.000106327	4.017908e-06	2.69266e-06	1.537253e-06	1.729989e-07	5.10247e-08	5.06299e-08	1.863067e-08	1.895809e-08	1.869843e-08	1.782068e-08	1.710803e-08	1.640661e-08	1.600001e-08	1.553557e-08	1.522778e-08	3.161072e-09	9.863985e-10	5.541427e-10
39	0.9202689	0.8835238	0.5756735	0.508863	0.4680684	0.4510162	0.04713587	0.01952336	0.0176684	0.005389522	0.002215558	0.0001729982	0.0001049469	3.291875e-06	2.407003e-06	1.529163e-06	1.706712e-07	4.943783e-08	4.983444e-08	1.793337e-08	1.833796e-08	1.858364e-08	1.775059e-08	1.70639e-08	1.636718e-08	1.59639e-08	1.550287e-08	1.519813e-08	3.155235e-09	9.846143e-10
40	0.9688148	0.9012276	0.8668516	0.5678564	0.5038844	0.4661902	0.4503844	0.04689423	0.01937547	0.01760155	0.005374601	0.002212096	0.0001721562	0.000104411	3.052467e-06	2.311892e-06	1.525209e-06	1.696026e-07	4.866656e-08	4.931701e-08	1.745948e-08	1.787646e-08	1.818365e-08	1.771382e-08	1.703473e-08	1.634006e-08	1.593848e-08	1.547889e-08	1.517543e-08	3.150614e-09
41	0.7726237	0.7547582	0.6848691	0.6634458	0.5307581	0.4963024	0.46287	0.4493227	0.04640262	0.01915151	0.01747976	0.005288133	0.002170982	0.0001664106	0.0001011844	2.980823e-06	2.273146e-06	1.50144e-06	1.672138e-07	4.803352e-08	4.875219e-08	1.691315e-08	1.731005e-08	1.760615e-08	1.714205e-08	1.660651e-08	1.591247e-08	1.558315e-08	1.511907e-08	1.480397e-08
42	0.7172082	0.6675644	0.6521696	0.5871934	0.5735537	0.4890127	0.4710803	0.4495203	0.444333	0.04513799	0.01859924	0.01717268	0.005040451	0.002050469	0.0001501095	9.179373e-05	2.808247e-06	2.174201e-06	1.431812e-06	1.594522e-07	4.654688e-08	4.736246e-08	1.556614e-08	1.592465e-08	1.619539e-08	1.573685e-08	1.521405e-08	1.459907e-08	1.425742e-08	1.378644e-08
43	0.9084811	0.7027708	0.6535547	0.6384298	0.573829	0.5604628	0.4849111	0.4684595	0.4481114	0.4438057	0.04500279	0.01853302	0.01713363	0.005010527	0.00203538	0.0001475129	8.986787e-05	2.791923e-06	2.164488e-06	1.424647e-06	1.58364e-07	4.619385e-08	4.701738e-08	1.522421e-08	1.558402e-08	1.584296e-08	1.537613e-08	1.484572e-08	1.424576e-08	1.389363e-08
44	0.8185597	0.7930163	0.6951873	0.6459842	0.6308757	0.570873	0.5575886	0.4846508	0.468274	0.4480192	0.4437603	0.04498204	0.01852361	0.01712808	0.005005796	0.002032853	0.0001472476	8.971506e-05	2.789084e-06	2.162799e-06	1.423361e-06	1.581262e-07	4.60484e-08	4.686764e-08	1.507102e-08	1.55487e-08	1.580744e-08	1.534205e-08	1.481396e-08	1.421673e-08
45	0.617127	0.4724911	0.4401639	0.3340305	0.311403	0.289033	0.2206946	0.1991253	0.1166894	0.0947923	0.06475465	0.05119689	0.04411224	0.018462	0.01708605	0.005002271	0.00203184	0.0001466968	8.921128e-05	2.325088e-06	1.699663e-06	1.422197e-06	1.578416e-07	4.580163e-08	4.66447e-08	1.484736e-08	1.531766e-08	1.556657e-08	1.5335e-08	1.480821e-08
46	0.6371079	0.5844097	0.4415795	0.4103732	0.3056678	0.2857582	0.2641546	0.1963371	0.1758975	0.09433842	0.07284938	0.04300292	0.02938149	0.02201851	0.01795266	0.01680522	0.004754797	0.001907828	0.0001314597	8.098849e-05	2.137537e-06	1.544607e-06	1.267308e-06	1.506236e-07	4.465611e-08	4.554285e-08	1.376831e-08	1.419152e-08	1.440041e-08	1.413405e-08
47	0.926022	0.5752646	0.5261125	0.3841659	0.3523912	0.2467118	0.2280376	0.210302	0.1939503	0.17377	0.09249296	0.07157133	0.04225239	0.02897492	0.02176929	0.01783452	0.01673525	0.004693744	0.001875811	0.0001259916	7.698472e-05	2.061276e-06	1.486361e-06	1.21578e-06	1.126625e-07	4.429698e-08	4.520826e-08	1.343859e-08	1.384939e-08	1.405027e-08
48	0.55059	0.5187228	0.5024134	0.4580638	0.3243046	0.2993467	0.2157365	0.2016776	0.1860832	0.1718617	0.1547139	0.07593095	0.05705323	0.02902486	0.01666638	0.009699923	0.005701269	0.004350349	0.004205925	0.00163561	0.0001116576	6.488229e-05	1.641422e-06	1.115507e-06	1.035793e-06	9.508838e-08	4.149561e-08	4.255438e-08	1.084131e-08	1.113395e-08
49	0.4596043	0.418057	0.3880276	0.3753152	0.3296701	0.3030631	0.2810783	0.201979	0.1890344	0.1742885	0.1609438	0.1492525	0.07169014	0.05376677	0.02633458	0.01443384	0.007627786	0.003614526	0.002383637	0.002213969	0.00150461	9.766902e-05	5.593719e-05	1.308236e-06	1.005368e-06	9.256282e-07	8.729182e-08	4.022683e-08	4.136303e-08	9.710139e-09
50	0.4965034	0.3323837	0.2996011	0.284329	0.2753292	0.2663319	0.2575115	0.2381577	0.1613957	0.1526128	0.144153	0.1341396	0.1243992	0.04885233	0.03709167	0.01659554	0.00848284	0.004534945	0.001860156	0.001058232	0.0009566336	0.0004701057	6.527971e-05	3.718969e-05	8.980391e-07	7.73615e-07	7.684581e-07	5.556464e-08	3.428331e-08	3.55509e-08
51	0.3814795	0.2863133	0.2584114	0.2266621	0.2129941	0.2027102	0.1924836	0.1820122	0.1621152	0.1514593	0.1424438	0.1337353	0.1234602	0.1134438	0.04776322	0.03683405	0.01648804	0.008439122	0.004498599	0.00182445	0.001023805	0.0009255843	0.0004680921	6.334898e-05	3.672696e-05	4.308571e-07	2.885097e-07	2.651381e-07	2.662438e-08	4.038012e-09
52	0.1496233	0.09452875	0.0893504	0.07744702	0.05923729	0.05756219	0.05848111	0.05950434	0.06019512	0.05157821	0.05248992	0.05369658	0.05497428	0.05631695	0.05738101	0.003339995	0.001540158	0.0004128235	0.0001789129	7.935953e-05	5.616756e-05	2.128821e-05	5.518147e-06	2.077429e-06	3.563862e-07	2.108022e-07	3.985175e-08	1.621417e-08	1.557027e-09	2.82719e-10
53	0.07063456	0.03462824	0.005244007	0.004838718	0.00447005	0.003251203	0.002837747	0.002808616	0.002760387	0.002212828	0.001965612	0.001914662	0.001920027	0.001934058	0.001947953	0.001613583	0.001192567	0.0006569494	0.0003478278	0.0001424671	5.524105e-05	3.891267e-05	1.625563e-05	3.193217e-06	9.045096e-07	1.973482e-07	1.187276e-07	3.851729e-08	1.531592e-08	8.779335e-10
54	0.1548503	0.06511075	0.03266222	0.004045734	0.003715767	0.00345372	0.00244813	0.002084747	0.00204794	0.001994027	0.001431553	0.001334317	0.001316863	0.0013094	0.001309693	0.001309099	0.0009593929	0.0008831047	0.0006173603	0.0003245444	0.0001319346	4.974476e-05	3.44028e-05	1.531706e-05	3.064211e-06	8.595683e-07	1.893952e-07	1.140188e-07	3.748423e-08	1.491542e-08
55	0.5123341	0.06347299	0.03801865	0.0230085	0.002572439	0.002296985	0.002241693	0.001641003	0.001280269	0.001242023	0.001197172	0.0008707755	0.0008005424	0.0007792192	0.000768872	0.0007628393	0.0007553001	0.0006964754	0.0006261519	0.0004002727	0.0001999134	7.846644e-05	2.678094e-05	1.764383e-05	9.873348e-06	2.380775e-06	6.859786e-07	1.468254e-07	8.733408e-08	2.69591e-08
56	0.4812598	0.3481804	0.04567679	0.02855723	0.01508569	0.001895568	0.001794954	0.001759717	0.00117622	0.001128683	0.00109195	0.001048006	0.0007259575	0.0006812796	0.0006704222	0.0006601984	0.0006539627	0.0006461609	0.0005868215	0.0005531387	0.0003461528	0.0001715235	6.66759e-05	2.189235e-05	1.38054e-05	6.959647e-06	2.167842e-06	6.16828e-07	1.347013e-07	8.0452e-08
57	0.6789014	0.4560347	0.3269407	0.03989081	0.02309877	0.01492858	0.001814072	0.001718242	0.001684807	0.001101237	0.001081919	0.001044428	0.0009999126	0.000677996	0.0006324647	0.0006207192	0.0006094372	0.0006020718	0.0005930798	0.0005824669	0.0005493736	0.0003434674	0.0001701291	6.612135e-05	2.169928e-05	1.367637e-05	6.887204e-06	2.136072e-06	6.094489e-07	1.306523e-07
58	0.4087375	0.1689888	0.09929842	0.05210584	0.01570473	0.005649064	0.001200448	0.0008197762	0.0007652469	0.0007464941	0.000729808	0.0007206447	0.0007167256	0.0007197675	0.0004090497	0.0003714427	0.0003672783	0.0003622473	0.0003614019	0.000360842	0.0003554299	0.0003279032	0.0001796244	8.998534e-05	3.577507e-05	1.308442e-05	8.739102e-06	4.437462e-06	1.210384e-06	2.215309e-07
59	0.2960757	0.2753861	0.1344351	0.08980995	0.04434662	0.01450534	0.005137936	0.001001745	0.0007007352	0.0006594474	0.0006439224	0.0006266303	0.0006254523	0.0006201401	0.0006214677	0.000308698	0.0002704199	0.000265212	0.000257861	0.000254551	0.0002513936	0.0002432414	0.0002382079	0.0001728006	8.613222e-05	3.429521e-05	1.252679e-05	8.361563e-06	4.279827e-06	1.197986e-06
60	0.8257881	0.2703778	0.2496239	0.1317416	0.08838071	0.04338765	0.01398159	0.004763526	0.0007150365	0.0004162239	0.0003710004	0.0003500563	0.0003271592	0.0003198153	0.0003080843	0.0003026024	0.0002986143	0.0002610065	0.0002556805	0.0002482287	0.0002447657	0.0002414433	0.00023793	0.0002336453	0.0001686994	8.373371e-05	3.32854e-05	1.211879e-05	8.115949e-06	4.174928e-06
61	0.4027089	0.3474753	0.251683	0.2362546	0.1253904	0.08348185	0.04126553	0.01335494	0.004445087	0.00064163	0.0003700886	0.0003273166	0.0003065282	0.000284028	0.0002770456	0.000264933	0.000258968	0.000254225	0.0002491607	0.0002440896	0.0002365875	0.0002330345	0.00022961	0.0002259858	0.0002221664	0.0001580661	7.740164e-05	3.074823e-05	1.118496e-05	7.495145e-06
62	0.4741348	0.3830026	0.3334146	0.2455333	0.2307006	0.1207741	0.07924479	0.03871604	0.01316259	0.004357443	0.0006295715	0.0003618971	0.0003201126	0.000299841	0.0002777977	0.0002713129	0.0002595623	0.0002539093	0.0002495079	0.0002449847	0.0002404452	0.0002332553	0.0002299991	0.0002268827	0.000223589	0.0002201136	0.0001563463	7.633261e-05	3.02482e-05	1.092642e-05
63	0.8223239	0.3850106	0.3126312	0.2733094	0.1998361	0.1880921	0.08333828	0.06749967	0.03225376	0.01150351	0.003944485	0.0005762021	0.0003340984	0.0002963039	0.0002774204	0.0002560711	0.0002497855	0.0002387333	0.0002331293	0.0002286893	0.0002241214	0.000219523	0.000212435	0.0002091307	0.0002058543	0.0002023836	0.0001987277	0.0001367162	6.792446e-05	2.694699e-05
64	0.9574326	0.8179141	0.3807189	0.3085797	0.2693432	0.1981496	0.1865413	0.08286792	0.06711938	0.03211412	0.01146171	0.003931021	0.0005718281	0.0003302608	0.000292507	0.0002752927	0.0002539467	0.0002476373	0.0002379327	0.0002323459	0.000227904	0.0002233341	0.000218733	0.0002118823	0.0002085938	0.0002053203	0.0002018498	0.0001981942	0.0001362557	6.772163e-05
65	0.8439513	0.8185985	0.7350776	0.2972427	0.2282111	0.1962802	0.1262116	0.1135471	0.08105269	0.06547755	0.03122402	0.01136903	0.003890311	0.0005652269	0.0003259794	0.0002886106	0.0002718318	0.0002506781	0.0002444631	0.0002349996	0.0002295648	0.0002252082	0.0002207266	0.0002162151	0.0002096418	0.000206432	0.0002032372	0.0001998381	0.0001962585	0.000134966
66	0.4986244	0.5035103	0.5049939	0.5064727	0.08652942	0.06449498	0.04894804	0.02975821	0.02951004	0.01735088	0.01298613	0.007907222	0.003632732	0.001573813	0.0002286592	9.852921e-05	8.298549e-05	7.857112e-05	6.539908e-05	6.444042e-05	6.212472e-05	6.129255e-05	6.143268e-05	6.161555e-05	6.183611e-05	5.927778e-05	5.959692e-05	6.002594e-05	6.051773e-05	6.104085e-05
67	0.5717341	0.4884487	0.4933627	0.4949776	0.4966693	0.08113611	0.05929727	0.04380328	0.02818147	0.0281547	0.01651734	0.01229835	0.007724892	0.003587906	0.001560005	0.0002263649	9.685284e-05	8.14292e-05	7.724033e-05	6.411863e-05	6.318626e-05	6.096645e-05	6.015947e-05	6.032228e-05	6.052864e-05	6.077292e-05	5.84012e-05	5.874495e-05	5.919585e-05	5.971037e-05
68	0.632452	0.5602734	0.4820551	0.4872646	0.4892824	0.4910178	0.07689784	0.05514812	0.03963295	0.02727557	0.0273768	0.01605547	0.01191409	0.007651449	0.003573999	0.001554026	0.0002235162	9.414742e-05	7.871301e-05	7.468356e-05	6.153381e-05	6.056397e-05	5.835643e-05	5.750902e-05	5.762793e-05	5.778827e-05	5.798405e-05	5.817183e-05	5.852859e-05	5.898911e-05
69	0.210466	0.1931402	0.1228405	0.07177952	0.07093682	0.06679686	0.06232971	0.05950989	0.03935644	0.03668287	0.0258286	0.02598468	0.01513322	0.01107445	0.007231609	0.003547794	0.001542034	0.0002209439	9.221165e-05	7.687071e-05	7.30542e-05	5.994954e-05	5.900521e-05	5.744597e-05	5.663518e-05	5.679008e-05	5.698794e-05	5.722196e-05	5.746483e-05	5.791665e-05
70	0.1406258	0.124653	0.109799	0.08568361	0.05320103	0.05223039	0.04885393	0.04632657	0.04380846	0.03517779	0.03273956	0.02346111	0.02362973	0.01316616	0.009222146	0.005915497	0.00308611	0.001483654	0.0001802554	8.956147e-05	7.44402e-05	7.090354e-05	5.79575e-05	5.713552e-05	5.571072e-05	5.50442e-05	5.532383e-05	5.565234e-05	5.601994e-05	5.63836e-05
71	0.9262265	0.1367717	0.1221011	0.1085186	0.08486562	0.05247627	0.05162554	0.04830891	0.04580253	0.04334755	0.03491164	0.03252108	0.0232917	0.02346026	0.01307417	0.009155795	0.00587361	0.003066123	0.001473472	0.0001792216	8.908325e-05	7.406656e-05	7.055172e-05	5.761751e-05	5.679979e-05	5.538249e-05	5.471427e-05	5.499262e-05	5.531857e-05	5.568504e-05
72	0.09261364	0.0860076	0.03091571	0.0286709	0.02326959	0.01813541	0.005533481	0.00541162	0.004720927	0.004527517	0.004487479	0.00369015	0.003592064	0.001261926	0.001166929	0.0008457267	0.0007167238	0.0003665236	6.18912e-05	3.042731e-05	5.444373e-06	3.424442e-06	3.149959e-06	3.036672e-06	2.97108e-06	2.710391e-06	2.654078e-06	1.866398e-06	1.811222e-06	1.764314e-06
73	0.08534667	0.06616991	0.06059546	0.01911867	0.01676553	0.01139307	0.006159846	0.00530891	0.005189579	0.004507867	0.004340924	0.004322064	0.003567466	0.003485337	0.001192041	0.001099699	0.0008083696	0.0006890598	0.0003498868	5.468547e-05	2.684911e-05	4.805735e-06	2.988146e-06	2.745542e-06	2.638447e-06	2.574403e-06	2.540404e-06	2.488572e-06	1.701727e-06	1.646929e-06
74	0.503462	0.08437886	0.06540536	0.05988305	0.01845609	0.01629104	0.01096629	0.005888778	0.005163275	0.00513315	0.004458795	0.004296228	0.004279256	0.003547109	0.003466331	0.001178471	0.001086322	0.0007986599	0.0006809702	0.0003447517	5.341804e-05	2.62287e-05	4.734948e-06	2.951831e-06	2.715757e-06	2.610456e-06	2.547595e-06	2.515117e-06	2.464173e-06	1.677631e-06
75	0.4310317	0.3560169	0.07425013	0.06162997	0.05705344	0.01670799	0.01492156	0.009999894	0.00523973	0.004619749	0.004584027	0.003916242	0.003754897	0.003736228	0.003069686	0.002985058	0.001067019	0.000985847	0.0007304252	0.0006273612	0.0003252405	4.966065e-05	2.416738e-05	3.884462e-06	2.174476e-06	1.939409e-06	1.826152e-06	1.753426e-06	1.70871e-06	1.64621e-06
76	0.8602812	0.4161249	0.3467591	0.07073556	0.0581272	0.05352629	0.01313808	0.01132079	0.00635465	0.004649967	0.004022958	0.003985774	0.003911758	0.003753713	0.003735081	0.003068958	0.002984352	0.001066659	0.0009855713	0.0007302271	0.0006271903	0.0003251345	4.962479e-05	2.414129e-05	3.866432e-06	2.156744e-06	1.921481e-06	1.807971e-06	1.734923e-06	1.689865e-06
77	0.7055125	0.6990236	0.2933738	0.2331297	0.01009657	0.007693386	0.003797387	0.00307449	0.002735727	0.00255687	0.002039277	0.001877742	0.001877801	0.001808618	0.001703932	0.001661163	0.0009831468	0.0008700461	0.0005232073	0.0005165958	0.0004378516	0.0003820492	0.0002629214	4.51899e-05	2.223742e-05	3.444113e-06	1.81875e-06	1.597835e-06	1.499278e-06	1.433081e-06
78	0.66509	0.6359846	0.6353039	0.2806522	0.2213037	0.008735971	0.006775787	0.002974509	0.002363856	0.002216287	0.002093002	0.001653539	0.001514656	0.00151121	0.001446463	0.001354116	0.001318093	0.0007011289	0.0005917807	0.0004294541	0.000430434	0.0003814812	0.0003352819	0.0002437109	4.209852e-05	2.080615e-05	3.274365e-06	1.733392e-06	1.529147e-06	1.435109e-06
79	0.1605767	0.1136078	0.1087898	0.1067019	0.04414533	0.0431196	0.005815695	0.005138643	0.001589921	0.001442888	0.00139421	0.001354026	0.001129	0.001041315	0.001042263	0.00100623	0.000916706	0.0008863006	0.000335029	0.0003144647	0.0002007289	0.0002004274	0.0001611722	0.0001441756	9.340547e-05	1.521261e-05	7.794794e-06	1.908644e-06	1.103878e-06	1.039488e-06
80	0.2532075	0.1248343	0.08063522	0.07680567	0.07635239	0.02569082	0.0249886	0.00233069	0.001762517	0.001457508	0.001341969	0.00130788	0.001279793	0.001076185	0.0009946963	0.0009956056	0.0009619328	0.0008735045	0.0008446217	0.000298212	0.0002787838	0.0001829031	0.0001825455	0.0001485955	0.0001347354	8.702511e-05	1.120653e-05	5.623926e-06	1.204652e-06	9.630727e-07
81	0.6236119	0.215898	0.09096979	0.07832965	0.07527922	0.07485688	0.02379108	0.02306071	0.002255955	0.001719791	0.001415813	0.001310549	0.001276154	0.001247934	0.001042289	0.0009943302	0.001003606	0.0009727308	0.0008840082	0.0008552582	0.0003003622	0.0002806572	0.0001852342	0.0001850172	0.000150614	0.0001366579	8.813685e-05	1.10422e-05	5.358283e-06	8.953907e-07
82	0.8381712	0.5976444	0.1991541	0.07974068	0.07217782	0.07082133	0.07060289	0.01939622	0.01879549	0.001898194	0.001567685	0.001294486	0.001215143	0.001200014	0.001187435	0.001016328	0.0009772303	0.0009892929	0.0009672645	0.0008782069	0.0008492323	0.0002853184	0.0002650743	0.0001701348	0.0001697904	0.0001357867	0.0001253987	7.994823e-05	4.752585e-06	2.215983e-06
83	0.7954201	0.7602381	0.6003603	0.1980018	0.07853919	0.07196401	0.07084933	0.07066044	0.01890022	0.01834015	0.001874893	0.001564317	0.001291806	0.001218196	0.001205155	0.001194322	0.001024147	0.000986477	0.001000009	0.0009787614	0.0008890515	0.000859937	0.0002873449	0.0002668381	0.0001708278	0.0001705203	0.0001361761	0.0001261016	8.031593e-05	4.08118e-06
84	0.7324789	0.668938	0.6526022	0.5462146	0.141188	0.07711088	0.07081536	0.06971459	0.06951123	0.01800577	0.01745413	0.001802296	0.001506845	0.0012366	0.001166047	0.001152286	0.001140682	0.0009717156	0.0009350835	0.0009483277	0.0009268338	0.0008506271	0.0008244795	0.0002732268	0.0002547228	0.0001629187	0.0001627377	0.0001342282	0.0001258909	8.001018e-05
85	0.7456815	0.7099079	0.6497423	0.6340062	0.5338384	0.1398572	0.0751416	0.06938553	0.06838853	0.06835524	0.01621838	0.0156716	0.001661668	0.001373799	0.001111416	0.001045461	0.001030908	0.001018271	0.0008548649	0.0008181932	0.0008298808	0.0008078818	0.0007520592	0.000730799	0.0002416346	0.000228181	0.0001453194	0.0001449887	0.0001303575	0.000122916
86	0.9486939	0.7348727	0.7006577	0.6418627	0.6283005	0.533479	0.137042	0.07147542	0.0682979	0.06732992	0.06786959	0.01511931	0.01457703	0.001333924	0.001044593	0.0009491239	0.0008849679	0.000868447	0.0008535996	0.000698126	0.0006605387	0.0006698111	0.0006473488	0.0006235541	0.0006072979	0.0002181367	0.0002082091	0.0001370791	0.0001367336	0.0001254079
87	0.7118118	0.6843742	0.476845	0.4484529	0.4145	0.4001009	0.3280866	0.07914503	0.07067246	0.06770274	0.06680614	0.06735814	0.01411996	0.0135817	0.001133629	0.0008528615	0.0007611927	0.0007019314	0.0006840384	0.0006673845	0.0005236881	0.0004964793	0.0005031593	0.0004808881	0.0004759046	0.0004653297	0.0001912505	0.0001850568	0.0001286063	0.0001282047
88	0.6682448	0.5793315	0.5715434	0.3911542	0.3711976	0.3544247	0.3457843	0.3149843	0.06965919	0.06535054	0.06426004	0.06404756	0.06469718	0.01110958	0.01061761	0.0008042105	0.0006137933	0.0005410793	0.0004940032	0.0004820177	0.0004694629	0.0003547677	0.0003315546	0.0003362115	0.0003179188	0.0003114649	0.0003077486	0.0001665426	0.0001650608	0.000109729
89	0.5956265	0.405279	0.3184545	0.3115095	0.144641	0.1243003	0.1080831	0.09744971	0.07186664	0.06618574	0.06363424	0.06299281	0.06288608	0.06354247	0.009754008	0.009258538	0.0006188404	0.0004412813	0.0003745885	0.0003297238	0.0003163982	0.0003020673	0.0002046351	0.0001820665	0.0001844632	0.0001679833	0.0001597651	0.0001593305	0.0001530436	0.0001538969
90	0.2405904	0.2034321	0.1891609	0.1617856	0.1571244	0.0704542	0.05916419	0.04561463	0.03560329	0.016699	0.01074142	0.008983245	0.007861726	0.007114158	0.006994484	0.006104457	0.005574704	0.0003912476	0.0002661901	0.0002234729	0.0001891868	0.000177349	0.0001641267	0.0001362995	0.0001234654	0.0001249877	0.0001233474	0.0001206616	0.0001202168	0.0001146105
91	0.2839054	0.2140628	0.1902901	0.1767088	0.1509624	0.1461614	0.05998016	0.04880827	0.03581444	0.0285873	0.01269078	0.006655656	0.004834213	0.003685288	0.00287469	0.002690276	0.002396185	0.002305393	0.0002832814	0.0001786489	0.0001568434	0.0001312407	0.0001184998	0.0001042749	8.642684e-05	8.133758e-05	8.217822e-05	8.190254e-05	8.034711e-05	7.925621e-05
92	0.05755247	0.04176846	0.03379662	0.03074101	0.02962317	0.02783206	0.02513266	0.02120359	0.01841456	0.01302951	0.01046111	0.008207532	0.003114041	0.002034025	0.001366019	0.0007979107	0.0006256059	0.0005170229	0.0004612322	0.000127442	6.673236e-05	5.857035e-05	4.574035e-05	3.597221e-05	2.389913e-05	1.621919e-05	1.382223e-05	1.375775e-05	1.378818e-05	1.390113e-05
93	0.3559629	0.05329285	0.03994885	0.03214576	0.02914478	0.02865385	0.02696345	0.02444688	0.02091362	0.01816429	0.01281027	0.01027861	0.008216882	0.003063298	0.00198009	0.001310155	0.0007376793	0.0005627267	0.0004640592	0.0004074316	0.0001211138	6.044149e-05	5.248448e-05	3.984316e-05	2.997886e-05	2.109249e-05	1.363211e-05	1.127635e-05	1.146142e-05	1.149678e-05
94	0.6666768	0.3043812	0.04830432	0.03673152	0.02973196	0.02681239	0.02640883	0.02488609	0.02260812	0.019554	0.01708018	0.01199569	0.009704317	0.007873929	0.002769725	0.001770498	0.001141702	0.0006042047	0.0004822294	0.0003947833	0.0003424029	0.0001086538	5.316374e-05	4.604209e-05	3.423792e-05	2.514972e-05	1.695185e-05	1.113898e-05	9.003349e-06	9.151631e-06
95	0.2792045	0.2492846	0.2317267	0.04700161	0.03616897	0.02931665	0.02640885	0.02604375	0.02454873	0.02228519	0.01935362	0.01691481	0.01185117	0.009587614	0.007858827	0.002701886	0.00170747	0.001080084	0.0005412411	0.0004180684	0.0003395113	0.0002866414	0.0001010607	4.5881e-05	3.899724e-05	3.161423e-05	2.250123e-05	1.426331e-05	8.727029e-06	6.736082e-06
96	0.5670379	0.2682071	0.2385906	0.222252	0.04671864	0.03610259	0.02922849	0.02629712	0.02594687	0.02444393	0.0222866	0.01943954	0.01698931	0.01188519	0.009608171	0.007919101	0.002687883	0.001681352	0.001047126	0.0005008045	0.0003764699	0.0003007536	0.0002467072	9.941416e-05	4.369059e-05	3.696242e-05	2.980675e-05	2.055177e-05	1.21557e-05	6.686258e-06
97	0.5764002	0.5549468	0.2560572	0.2269313	0.2116393	0.04644489	0.03601414	0.02912078	0.02619554	0.02588453	0.02437712	0.02227277	0.01949204	0.01703206	0.01189406	0.009603936	0.007980899	0.00267439	0.001656392	0.001015838	0.0004618344	0.0003352071	0.000262539	0.0002072776	9.790029e-05	4.160539e-05	3.502409e-05	2.808581e-05	1.86603e-05	1.009845e-05
98	0.615815	0.5629966	0.5471752	0.246508	0.2174177	0.202472	0.04605942	0.03588205	0.02902465	0.02609239	0.02580729	0.02430749	0.02221363	0.01949029	0.01703971	0.01188133	0.009596173	0.008024319	0.002650903	0.001628733	0.0009849851	0.0004267236	0.0003022555	0.0002319097	0.0001759822	9.619516e-05	3.974015e-05	3.330587e-05	2.657614e-05	1.706482e-05
99	0.6264028	0.6077815	0.5566041	0.5416545	0.237889	0.213001	0.1987532	0.04628633	0.03608312	0.02915939	0.02619466	0.02591568	0.02440089	0.02228165	0.01954354	0.01706489	0.01183927	0.009524884	0.007951935	0.002673214	0.001637014	0.0009840099	0.0004168297	0.0002901475	0.0002200886	0.0001630827	9.671377e-05	3.938039e-05	3.293105e-05	2.621864e-05
100	0.9829909	0.6260573	0.6081713	0.5564427	0.5422322	0.2345608	0.2136505	0.1999833	0.04634238	0.03601023	0.02899346	0.02598824	0.02570594	0.02416727	0.0220168	0.0192374	0.01671785	0.01140771	0.0090511	0.007451771	0.002711394	0.001662986	0.000999789	0.0004232541	0.0002944868	0.0002233681	0.000165409	9.84364e-05	4.008355e-05	3.352952e-05
101	0.9689196	0.9579696	0.6173507	0.5994296	0.5471166	0.532899	0.2210395	0.2070438	0.1943743	0.04404179	0.03354579	0.0264029	0.02333638	0.02302681	0.02142846	0.01921929	0.01636828	0.01376881	0.008337213	0.005895096	0.004246577	0.002741995	0.001687737	0.001015099	0.0004290653	0.0002981328	0.000225985	0.0001670356	0.0001001978	4.080042e-05
102	0.9148045	0.8999875	0.8888666	0.5887371	0.5705734	0.5172701	0.5029192	0.186494	0.1721371	0.1589024	0.04431656	0.03368537	0.02644496	0.02333628	0.02302435	0.02140288	0.01916157	0.01626782	0.01362671	0.008106418	0.005621277	0.00394594	0.00273585	0.001714691	0.001030938	0.0004347768	0.0003015626	0.0002285204	0.0001685194	0.0001020455
103	0.7791674	0.7399299	0.7311147	0.7259857	0.4797349	0.4730452	0.4299335	0.4243582	0.1142498	0.1079962	0.1025448	0.02233999	0.01774165	0.01460481	0.01190361	0.01176637	0.0110734	0.01011035	0.008963576	0.00779572	0.00382975	0.002714459	0.001920619	0.001418512	0.0009811709	0.0005825608	0.0002349967	0.000137823	0.000103524	7.62293e-05
104	0.2811861	0.2739854	0.2497628	0.2461481	0.2422313	0.1108133	0.10403	0.09924159	0.09224644	0.08755464	0.08411968	0.08105659	0.01088265	0.008093619	0.006162868	0.005931421	0.005811754	0.00537766	0.004752089	0.004003965	0.003256105	0.002425943	0.001718273	0.001197887	0.0008766308	0.0006074654	0.0002923358	0.0001742386	8.703086e-05	6.457061e-05
105	0.3748498	0.2645481	0.2573813	0.2349059	0.2316376	0.228376	0.1081905	0.1024184	0.0976836	0.09198171	0.08732457	0.08407885	0.08103725	0.0107605	0.007952899	0.006019881	0.005786463	0.005683906	0.00524489	0.004611901	0.003855387	0.003098424	0.002257715	0.001558642	0.001031418	0.0007035628	0.0004281764	0.000293619	0.0001741465	8.546816e-05
106	0.2993063	0.1024934	0.09776916	0.09630751	0.08367897	0.08340337	0.08343238	0.01185304	0.01079495	0.0102048	0.00751466	0.006643641	0.006236346	0.005820289	0.001055622	0.0008075557	0.0006492158	0.0006041459	0.0005743614	0.0005401536	0.0004860877	0.0004147462	0.0003536697	0.0002597548	0.0002032096	8.76982e-05	6.229968e-05	3.52474e-05	2.421788e-05	1.521892e-05
107	0.2368829	0.07835675	0.0697436	0.06770805	0.06650241	0.05732339	0.05723009	0.05734512	0.007189998	0.006659923	0.006423426	0.003963561	0.003470539	0.003323749	0.003155594	0.00031662	0.0002602543	0.0002362191	0.0002047709	0.0001801498	0.000174789	0.0001656969	0.0001477819	0.0001377369	0.0001000327	9.084891e-05	1.136037e-05	8.091539e-06	5.497583e-06	3.929942e-06
108	0.350416	0.1135999	0.05566828	0.05257402	0.05085495	0.0512091	0.04310104	0.04292446	0.04292396	0.004600779	0.004198781	0.004118589	0.003877173	0.003393365	0.003284267	0.003123189	0.0002988785	0.0002464581	0.0002251903	0.0001937438	0.0001696244	0.0001647437	0.0001565837	0.0001398224	0.0001308942	9.398446e-05	8.978296e-05	9.968398e-06	7.142544e-06	4.923995e-06
109	0.2551736	0.2425649	0.07389625	0.04155877	0.0391374	0.03767556	0.03797374	0.03222951	0.03216463	0.03223374	0.00408755	0.003805582	0.003766194	0.003572619	0.003327386	0.00323308	0.003086638	0.000256021	0.0002062867	0.0001878988	0.0001566472	0.0001321749	0.0001274129	0.0001194006	0.000103097	9.81141e-05	9.154591e-05	8.878841e-05	8.870836e-06	6.420949e-06
110	0.8724906	0.2444679	0.2319364	0.06241527	0.02978168	0.02719893	0.02613743	0.02634846	0.02259321	0.02256277	0.02259465	0.003953112	0.00377908	0.003762441	0.003571833	0.003333212	0.003239101	0.003092418	0.0002557834	0.000206505	0.0001882633	0.0001566368	0.0001319015	0.0001271395	0.0001191708	0.000102973	9.807704e-05	9.168472e-05	8.902342e-05	8.699268e-06
111	0.5374169	0.4278572	0.2008944	0.1902859	0.04439427	0.0234454	0.02189927	0.02098416	0.02116119	0.01829099	0.01828946	0.01833573	0.0033858	0.003249757	0.003238035	0.003047877	0.002995199	0.003012266	0.003030804	0.0002044385	0.0001563019	0.0001386021	0.0001067447	8.15307e-05	7.673539e-05	6.832295e-05	5.168667e-05	4.633337e-05	3.952436e-05	3.631449e-05
112	0.9190531	0.5303862	0.4274423	0.1984294	0.1877276	0.04083744	0.0199337	0.01834847	0.01748295	0.01763363	0.01535954	0.01536826	0.0154029	0.003323756	0.003220597	0.003215824	0.003024253	0.002984182	0.003002878	0.003023587	0.0002044496	0.0001566972	0.0001389306	0.000106551	8.092706e-05	7.607772e-05	6.764799e-05	5.095178e-05	4.553994e-05	3.872714e-05
113	0.8665248	0.8304775	0.472105	0.3747688	0.1740487	0.1654448	0.01722934	0.01254451	0.01208928	0.01195541	0.01204875	0.01031425	0.01029905	0.01028771	0.0009324528	0.0008250768	0.0007900332	0.0005587601	0.0004915425	0.0004711914	0.0004520286	0.0002046993	0.0001573059	0.0001394818	0.0001065632	8.051487e-05	7.561141e-05	6.715711e-05	5.038726e-05	4.491808e-05
114	0.659821	0.6152148	0.6070809	0.3035826	0.2300246	0.07344415	0.06455098	0.01297151	0.009451259	0.009117748	0.008988169	0.009057735	0.007758625	0.007744943	0.007719058	0.0007939595	0.0007135309	0.0006849718	0.0004515807	0.000393314	0.000374542	0.0003572142	0.0001482035	0.0001351115	0.0001182535	8.793112e-05	6.389952e-05	5.924531e-05	5.153567e-05	4.426124e-05
115	0.02130252	0.02092703	0.01431763	0.01375691	0.01188199	0.007251406	0.00597088	0.005733237	0.001165197	0.001011616	0.001002184	0.0009913469	0.001002063	0.0009396419	0.0009472689	0.0009564361	6.541716e-05	5.828617e-05	5.664514e-05	5.650614e-05	4.421109e-05	4.272569e-05	4.147255e-05	1.567903e-05	1.480417e-05	1.428022e-05	1.343111e-05	1.280287e-05	1.281454e-05	1.032884e-05
116	0.01996035	0.008102326	0.007801666	0.005934906	0.005596121	0.005089915	0.002844113	0.002396025	0.002185274	0.000378562	0.0003001103	0.0002947242	0.0002886905	0.0002911091	0.000263073	0.0002643531	0.0002665049	2.207058e-05	1.945825e-05	1.857836e-05	1.829103e-05	1.639867e-05	1.569912e-05	1.51046e-05	5.966788e-06	5.53497e-06	5.193057e-06	4.380316e-06	3.746245e-06	3.644201e-06
117	0.1288873	0.0188317	0.007130023	0.006821351	0.005417745	0.00509042	0.004598426	0.002508865	0.002084244	0.001867904	0.000310723	0.0002382592	0.0002331414	0.0002276128	0.0002293708	0.0002028488	0.0002034472	0.0002049247	1.893807e-05	1.668407e-05	1.585715e-05	1.555388e-05	1.389045e-05	1.32929e-05	1.275048e-05	5.073518e-06	4.673154e-06	4.337895e-06	3.495055e-06	2.833969e-06
118	0.4158393	0.1267404	0.01884914	0.007078786	0.006767646	0.00540972	0.005081202	0.004586654	0.00249473	0.00206882	0.001849698	0.0003058241	0.0002332563	0.0002281565	0.0002226635	0.0002244386	0.0001977764	0.0001983333	0.0001997851	1.879979e-05	1.656445e-05	1.573688e-05	1.543169e-05	1.377603e-05	1.318196e-05	1.264928e-05	5.038532e-06	4.637429e-06	4.299153e-06	3.439442e-06
119	0.9928732	0.4027293	0.1265141	0.01888376	0.007008171	0.006693082	0.005383083	0.00505267	0.004578475	0.002478932	0.002052842	0.00183055	0.0003006067	0.0002281617	0.0002230669	0.0002176751	0.0002194165	0.0001925972	0.0001931084	0.000194531	1.867267e-05	1.645499e-05	1.562563e-05	1.53176e-05	1.366884e-05	1.307768e-05	1.254687e-05	5.0008e-06	4.598434e-06	4.256775e-06
120	0.9986595	0.992144	0.3945147	0.1259104	0.01883732	0.006947096	0.006628205	0.005364826	0.005032144	0.004573059	0.002460632	0.002040483	0.001815237	0.0002985773	0.0002270135	0.0002219845	0.0002169225	0.0002186969	0.0001917833	0.0001923185	0.0001937749	1.857429e-05	1.634875e-05	1.551177e-05	1.519976e-05	1.355789e-05	1.296968e-05	1.244076e-05	4.966163e-06	4.562838e-06
121	0.9988766	0.9980985	0.9918605	0.3866338	0.126087	0.01891133	0.006918696	0.006595803	0.005379978	0.005044804	0.004582542	0.002453085	0.00203078	0.001802372	0.0002990168	0.0002273761	0.0002224534	0.0002175787	0.000219406	0.0001924182	0.0001930016	0.0001945146	1.849506e-05	1.625236e-05	1.540503e-05	1.508768e-05	1.345229e-05	1.28667e-05	1.233924e-05	4.930848e-06
122	0.9988451	0.9982301	0.9974581	0.9914119	0.3784018	0.1261488	0.0189967	0.006881197	0.006556336	0.005393632	0.005056308	0.004590764	0.002443547	0.00201925	0.00178758	0.0002993847	0.0002277517	0.0002229304	0.0002181843	0.0002200737	0.00019304	0.0001936758	0.0001952484	1.836768e-05	1.610822e-05	1.525293e-05	1.493034e-05	1.330381e-05	1.273929e-05	1.221311e-05
123	0.9987656	0.9978849	0.9974241	0.9966725	0.9906932	0.3698866	0.1262889	0.01908775	0.0068624	0.006555377	0.005403798	0.005064105	0.004595772	0.002430596	0.002004883	0.001770162	0.0002998412	0.0002282953	0.0002236057	0.0002190126	0.0002209911	0.0001938677	0.0001945576	0.0001961922	1.820835e-05	1.592885e-05	1.506172e-05	1.473294e-05	1.312085e-05	1.255857e-05
124	0.9952838	0.9949271	0.9940216	0.9935501	0.9927715	0.9868027	0.3576247	0.1233793	0.01892563	0.006863404	0.006552821	0.005408221	0.005065279	0.004602805	0.002415776	0.00198941	0.001751023	0.0003002375	0.0002289381	0.0002243811	0.0002199969	0.0002220382	0.0001948089	0.0001955548	0.000197254	1.805173e-05	1.574899e-05	1.48678e-05	1.453117e-05	1.29329e-05
125	0.9737814	0.9720106	0.9713776	0.9702916	0.9695497	0.9684674	0.9622433	0.3241725	0.09919074	0.01905065	0.00686951	0.006555375	0.005418687	0.005072533	0.00461074	0.002401424	0.001973686	0.001731539	0.0003007044	0.0002295735	0.0002251527	0.00022102	0.0002231267	0.0001957877	0.0001965923	0.0001983592	1.789077e-05	1.556382e-05	1.466792e-05	1.432305e-05
126	0.975905	0.9721607	0.9704559	0.969838	0.9687753	0.9680643	0.9669955	0.9608149	0.3139583	0.09861236	0.01913384	0.006867807	0.006550772	0.005420626	0.005071774	0.004609426	0.002380156	0.001955348	0.001709871	0.0002995568	0.0002303406	0.0002260691	0.0002222466	0.0002244264	0.000196986	0.0001978567	0.0001996986	1.771264e-05	1.536068e-05	1.445033e-05
127	0.4176568	0.3865141	0.3752112	0.3657507	0.3573197	0.3483539	0.3392745	0.3295869	0.3145797	0.302733	0.09842357	0.01928641	0.006884058	0.006563359	0.005438783	0.005086567	0.004621034	0.002367168	0.001940357	0.001690959	0.0002991796	0.0002312307	0.0002271456	0.0002235077	0.000225762	0.0001982292	0.0001991695	0.0002010897	1.753585e-05	1.515678e-05
128	0.3740128	0.3639614	0.3320601	0.3199849	0.3097341	0.3005478	0.2908076	0.2808727	0.2704152	0.2545144	0.2429584	0.09809343	0.01941167	0.00689359	0.006569937	0.00545197	0.005097166	0.004629401	0.002353118	0.001924805	0.001672003	0.0002995101	0.0002317094	0.0002284211	0.0002249747	0.0002273094	0.0001996537	0.0002006673	0.0002026712	1.734536e-05
129	0.3721834	0.3477397	0.3384068	0.3075872	0.2957812	0.2852415	0.2757462	0.2657656	0.2556111	0.2448875	0.2293444	0.2175665	0.09291095	0.01942259	0.006802014	0.006473367	0.005425305	0.005067669	0.004600533	0.002308385	0.001880626	0.001623223	0.0002990876	0.0002321611	0.0002291108	0.0002260492	0.0002284622	0.000200731	0.0002018198	0.0002039094
130	0.3370547	0.3059816	0.2968116	0.2873027	0.258001	0.2456881	0.234475	0.2242837	0.2136479	0.2028426	0.1914133	0.1756553	0.1631792	0.05540875	0.01945876	0.006731078	0.006398034	0.005410677	0.005050665	0.004582438	0.002274135	0.001850854	0.001589358	0.000298926	0.0002325529	0.0002297336	0.0002269755	0.000229469	0.000201695	0.0002028629
131	0.912965	0.3087429	0.2923599	0.2830918	0.2735067	0.2460918	0.2337324	0.2223579	0.2120083	0.201208	0.1902396	0.1786434	0.162741	0.1500717	0.05418634	0.01937272	0.006741045	0.006407696	0.00541781	0.00505663	0.004592237	0.00227099	0.001847992	0.001584997	0.0003012235	0.0002346333	0.0002318919	0.0002299932	0.0002326087	0.0002045224
132	0.9309432	0.897507	0.2995111	0.2828889	0.2734724	0.2637466	0.2359892	0.2233989	0.2117827	0.2011937	0.1901427	0.178941	0.1670695	0.1508524	0.1378919	0.05346737	0.01956694	0.00679752	0.006462146	0.005461242	0.005096643	0.004628065	0.002280093	0.001853823	0.001587428	0.0003049015	0.0002378146	0.0002351425	0.0002334014	0.0002361466
133	0.6642762	0.6223744	0.5984516	0.2813607	0.2667141	0.2572749	0.247597	0.22439	0.2122598	0.2007574	0.1901346	0.1790738	0.1678566	0.1559295	0.140256	0.127319	0.04701247	0.01839755	0.005846205	0.00550574	0.004531684	0.004164368	0.003805107	0.001625775	0.001225545	0.0009495266	0.0002313045	0.0001997037	0.0001974795	0.0001979393
134	0.9431199	0.6416807	0.6008026	0.5770773	0.2721371	0.2576278	0.248143	0.2384088	0.215972	0.2039602	0.192378	0.1816821	0.1705627	0.1592446	0.1471979	0.1315515	0.1185215	0.04480788	0.01801724	0.005536516	0.005194798	0.004261633	0.003899274	0.003539744	0.00154026	0.001141436	0.0008642302	0.0001881957	0.0001566043	0.0001543349
135	0.5062127	0.4956869	0.4741568	0.4472107	0.4256692	0.2654433	0.2516704	0.24211	0.2323207	0.2113697	0.199373	0.1876934	0.1768987	0.1656985	0.1542858	0.1421267	0.1265189	0.1133843	0.04299657	0.01771874	0.005245362	0.004899864	0.004009686	0.003650248	0.003287549	0.001449794	0.00108147	0.0008014978	0.0001425603	0.0001117406
136	0.505746	0.4853253	0.4748853	0.453654	0.4315986	0.4101626	0.2599394	0.2461408	0.2364667	0.2265594	0.2058964	0.1938163	0.1819845	0.1710486	0.1597406	0.1481665	0.1358169	0.1201637	0.1068653	0.041268	0.01753166	0.005044359	0.004695661	0.003855551	0.003499768	0.003139141	0.001392999	0.001023371	0.0007408204	0.000100901
137	0.3089306	0.3016391	0.2918782	0.2853747	0.2777217	0.2637669	0.2547046	0.163538	0.154925	0.1488791	0.1427061	0.1299044	0.122353	0.1155142	0.1085959	0.1013463	0.09394576	0.0861546	0.07619093	0.06758407	0.02557671	0.01102033	0.003287471	0.003076407	0.002546767	0.00233706	0.002118649	0.0008536387	0.0006252894	0.0004496956
138	0.3824769	0.2873559	0.2818332	0.2730343	0.2671595	0.2604767	0.2474426	0.2393295	0.1548297	0.1467273	0.1410536	0.1352612	0.1232647	0.1161635	0.1097333	0.1032183	0.09636553	0.08936215	0.08197544	0.07250925	0.06434068	0.02396459	0.01035969	0.003085482	0.002887776	0.002394359	0.002199527	0.001994541	0.0008000203	0.0005845446
139	0.4887083	0.3414108	0.2834745	0.2789832	0.27032	0.2646504	0.2580397	0.2450895	0.237038	0.1530074	0.144916	0.1392521	0.1334672	0.1214941	0.1143929	0.1079607	0.1014365	0.09456703	0.08754678	0.08013192	0.07062599	0.06241907	0.02371565	0.01035387	0.003082604	0.002885458	0.002390316	0.002195828	0.001991607	0.0007937239
140	0.803027	0.4863492	0.3445219	0.2868451	0.2823675	0.2736348	0.2679838	0.2613356	0.2482647	0.2401531	0.1550589	0.1468856	0.1411774	0.1353448	0.1232291	0.1160504	0.1095477	0.1029493	0.09599771	0.08891251	0.08140123	0.07176082	0.06343641	0.02410011	0.01053094	0.003135425	0.00293582	0.002432624	0.002235455	0.002028157
141	0.9437289	0.754302	0.4666222	0.3318256	0.2817656	0.2777363	0.2690161	0.2634683	0.2568385	0.2438658	0.2357531	0.1512406	0.1429891	0.1372215	0.1313246	0.1191764	0.1119251	0.105345	0.09867539	0.09168469	0.08456352	0.07700026	0.0675671	0.05919456	0.02358403	0.01060514	0.003123421	0.002921421	0.00244244	0.002243544
142	0.934544	0.9270424	0.7446768	0.4577031	0.3286826	0.2819311	0.2780132	0.2692553	0.2637459	0.2571368	0.2441701	0.2360682	0.1513593	0.1430879	0.1373156	0.1314115	0.1192275	0.1119548	0.1053552	0.09866182	0.09164249	0.08448909	0.07688396	0.06740456	0.05897571	0.02366446	0.01068358	0.003144933	0.002942241	0.002461219
143	0.9904911	0.9294231	0.922358	0.7460196	0.4576942	0.3309259	0.2845687	0.2806669	0.2718203	0.2662961	0.2596499	0.2465822	0.2384192	0.1527077	0.1443475	0.1385185	0.1325539	0.1202229	0.1128639	0.1061846	0.0994197	0.09231237	0.0850617	0.0773475	0.06772962	0.05971491	0.02401961	0.01086433	0.003197006	0.002991809
144	0.9897433	0.9835343	0.9226209	0.9156798	0.7459963	0.4564185	0.3321526	0.2864925	0.2826452	0.2737217	0.2681882	0.2614984	0.2483294	0.2400965	0.1534736	0.1450071	0.1391053	0.1330634	0.1205749	0.1131115	0.1063339	0.09946986	0.09225538	0.08488823	0.07704418	0.06728032	0.05912541	0.0242786	0.01105374	0.003245704
145	0.9221285	0.9187574	0.9128038	0.8650736	0.8587385	0.7119248	0.4291781	0.3237372	0.2834094	0.2796834	0.2707366	0.2654078	0.2589095	0.2459087	0.2377813	0.1507682	0.1423648	0.1365497	0.1305937	0.118158	0.1107851	0.1040972	0.09738033	0.09039563	0.08323057	0.07558131	0.06603772	0.05811392	0.02403198	0.01106244
146	0.9314911	0.9070338	0.903897	0.8982876	0.8505446	0.8443396	0.7068399	0.4231941	0.3212795	0.2824521	0.2788144	0.2698002	0.264499	0.2579871	0.2449873	0.2368082	0.1494123	0.1408996	0.1350096	0.1289735	0.1164175	0.1089439	0.1021568	0.09534987	0.0883015	0.08106386	0.07332537	0.0638505	0.0558421	0.02407513
147	0.9080998	0.8514504	0.8301564	0.828488	0.8265245	0.8055046	0.8000952	0.6748998	0.3926426	0.298397	0.2695893	0.266453	0.2576247	0.2525075	0.2461438	0.2336803	0.22571	0.1425085	0.1341062	0.1282857	0.1223189	0.1101335	0.1027766	0.09606261	0.08932467	0.08236608	0.07521947	0.06756838	0.05849537	0.05059338
148	0.5277678	0.5225976	0.5205189	0.5039423	0.5033792	0.5023827	0.4878748	0.4857205	0.3907243	0.3475507	0.2743495	0.248146	0.2452182	0.2408651	0.2361077	0.2304798	0.2189115	0.2116782	0.1325571	0.1252515	0.1197479	0.1140886	0.1025476	0.09557599	0.08919277	0.08286694	0.07650376	0.06995851	0.0629916	0.05488516
149	0.6411584	0.5189194	0.5138481	0.5122642	0.4955089	0.4951369	0.4942596	0.4796378	0.4774938	0.3842317	0.3414465	0.2690874	0.2428444	0.2400025	0.2360821	0.2312434	0.2257271	0.2146482	0.2075418	0.1331731	0.1258419	0.1202837	0.1145654	0.1033048	0.0963068	0.0898535	0.08344874	0.0770146	0.07038507	0.06331997
150	0.6879158	0.6332984	0.5121381	0.507058	0.5055116	0.4885715	0.4882125	0.4873414	0.4725854	0.4704383	0.3776211	0.3347888	0.2625846	0.2364534	0.233611	0.2301955	0.2252336	0.2198289	0.209309	0.2023331	0.1335387	0.1261627	0.120523	0.1147191	0.1037763	0.09673392	0.09018414	0.08367337	0.077142	0.07039608
151	0.9652969	0.659313	0.6166688	0.5033721	0.4984885	0.4974194	0.4803178	0.4799871	0.4793247	0.4644373	0.4622973	0.3699221	0.3270873	0.2555676	0.2298742	0.2270792	0.2240543	0.2190163	0.213695	0.2036309	0.196741	0.1324124	0.1249668	0.1192345	0.1133324	0.1026135	0.09550142	0.08883962	0.08221315	0.07558989
152	0.94979	0.9373225	0.6360851	0.5979394	0.4853801	0.4806841	0.479794	0.4625093	0.4621942	0.4615518	0.4465811	0.4444781	0.3558455	0.3141812	0.2457978	0.221844	0.2190899	0.2164822	0.2114459	0.2063088	0.1968252	0.1901277	0.1307339	0.1233495	0.1176354	0.1117493	0.1013999	0.09434411	0.08769581	0.08108412
153	0.8966246	0.8528226	0.8407648	0.5405254	0.505109	0.4633628	0.4592656	0.4584755	0.4409537	0.4406423	0.4400081	0.4249908	0.4229724	0.3435964	0.3047976	0.2423846	0.2204697	0.2177561	0.2151809	0.2102051	0.2051288	0.1957582	0.1891064	0.1301535	0.1227874	0.1170899	0.1112173	0.1008982	0.09384645	0.08719802
154	0.3476177	0.3210886	0.300548	0.2956313	0.2214519	0.2097558	0.1791483	0.1783122	0.1780549	0.1772543	0.1771585	0.1768248	0.1649581	0.1643448	0.1259295	0.1023312	0.07418503	0.06578464	0.06437199	0.06343785	0.06209266	0.0609399	0.05822692	0.05635625	0.03681148	0.03516867	0.0339568	0.03269946	0.02978556	0.02805235
155	0.7020822	0.3356297	0.3088897	0.2880603	0.2830975	0.2088675	0.1972423	0.1680807	0.1672392	0.1669818	0.1661763	0.1660815	0.1657498	0.1537909	0.1532346	0.1205838	0.09861756	0.07366913	0.06567406	0.06426953	0.06334421	0.06199785	0.06084275	0.05815812	0.05628359	0.03695358	0.03530362	0.03408379	0.03281734	0.02990275
156	0.5336382	0.2440838	0.1563794	0.146342	0.1263832	0.1231329	0.08837437	0.08336696	0.08071737	0.08016837	0.08002184	0.07949926	0.07945335	0.07918804	0.06753966	0.06722167	0.05273931	0.03671865	0.02521898	0.02269924	0.02195987	0.02159926	0.02134145	0.02125048	0.02048949	0.01993999	0.01259348	0.01250487	0.0125026	0.01249302
157	0.08069371	0.08018206	0.05831612	0.04416827	0.0419813	0.04167354	0.04106415	0.02992656	0.0279162	0.0264479	0.02618647	0.026137	0.02603353	0.02601389	0.02597925	0.02580234	0.02569597	0.02186166	0.02048	0.01633441	0.0149081	0.01459408	0.01445055	0.01441112	0.01444151	0.01397387	0.01395657	0.009373612	0.009430316	0.009522656
158	0.07161158	0.06154999	0.06130444	0.04041911	0.02870952	0.02817884	0.02804518	0.02766217	0.02028511	0.01889911	0.01777644	0.01763052	0.01759631	0.01753142	0.01751882	0.01749251	0.01739127	0.01732868	0.01497207	0.01409806	0.01119826	0.01003356	0.009824977	0.009734643	0.009683152	0.009682138	0.009474336	0.009488688	0.007569955	0.007644874
159	0.1979666	0.061913	0.05339995	0.05318171	0.03197224	0.02353186	0.02305179	0.02294895	0.02260772	0.01670789	0.01557079	0.01494208	0.01480576	0.01477753	0.0147252	0.01471464	0.01468934	0.01460451	0.01454653	0.01251397	0.01174634	0.009091464	0.008003835	0.007813294	0.007733169	0.007653392	0.007620888	0.007527599	0.007543326	0.006865423
160	0.8819425	0.08706149	0.02878	0.02305144	0.0228932	0.02276387	0.01583382	0.0155768	0.015542	0.01543155	0.01187233	0.01112872	0.01069673	0.01058158	0.01055568	0.01052504	0.01051809	0.01049476	0.01044582	0.01042254	0.008692115	0.008046333	0.005774307	0.00481285	0.004648973	0.004587364	0.004604533	0.004659363	0.004680447	0.004738708
161	0.8540491	0.7904534	0.0690275	0.02509284	0.02019817	0.02005238	0.01994001	0.01335167	0.01311898	0.01308832	0.01299938	0.01015667	0.009538342	0.009191079	0.009079145	0.009053639	0.009028512	0.009022683	0.008999964	0.008957667	0.008936816	0.007367866	0.006781463	0.004719894	0.003827926	0.003676614	0.003620244	0.003627201	0.003668152	0.00367822
162	0.9722832	0.8507098	0.7936035	0.06006997	0.02258278	0.01826089	0.01812353	0.01802305	0.01157343	0.01135755	0.01132978	0.01125629	0.008929075	0.008430756	0.008132466	0.008022312	0.007996955	0.00797578	0.007970747	0.007948352	0.007910705	0.007891509	0.006431692	0.005885119	0.003966501	0.003119022	0.002976193	0.002923385	0.002922258	0.002952602
163	0.9769529	0.9705111	0.8523729	0.7987334	0.05198259	0.01963678	0.0160133	0.01588673	0.01580015	0.009523347	0.00932895	0.009305161	0.009244888	0.00735888	0.006977933	0.006737652	0.006628814	0.006603825	0.006586122	0.006581859	0.006560338	0.006529469	0.00651363	0.005312917	0.00486214	0.003274411	0.002512017	0.002389857	0.002345696	0.002343911
164	0.9310864	0.9250304	0.9189072	0.8046288	0.789172	0.02862698	0.01067435	0.008274278	0.00816212	0.008104083	0.006924613	0.006823484	0.006807224	0.006759952	0.005307922	0.005049785	0.004869644	0.00476203	0.004737492	0.004723229	0.004719742	0.004699251	0.004675859	0.004663886	0.003765865	0.003427211	0.002225716	0.001914991	0.001817079	0.001783063
165	0.9327139	0.9154122	0.9137418	0.9083324	0.8011972	0.7927508	0.0180634	0.006875711	0.005313831	0.005214212	0.00517332	0.004573006	0.00450204	0.004490704	0.004458505	0.003529369	0.003357114	0.003236813	0.003130531	0.003128627	0.003118031	0.003115532	0.00311259	0.003097001	0.003089044	0.002504169	0.002281505	0.001479219	0.001275373	0.001222143
166	0.8133475	0.8132599	0.812448	0.8122398	0.8073791	0.8010799	0.7975773	0.008518109	0.003207827	0.002455358	0.002440822	0.00241884	0.00214115	0.002116193	0.00211165	0.002098193	0.001651675	0.0015694	0.001511366	0.001508137	0.001507202	0.001503616	0.001502801	0.001501334	0.00149403	0.001490269	0.001205589	0.001097751	0.0007048759	0.0006128132
167	0.9122298	0.8108163	0.810792	0.8106232	0.8105686	0.810529	0.8082119	0.8072382	0.002343422	0.0008694492	0.000663922	0.0006588443	0.000647751	0.0005731843	0.0005663638	0.0005651188	0.0005615835	0.0004445461	0.0004238169	0.0004083382	0.0004074551	0.0004072146	0.0004062677	0.0004060536	0.0004056588	0.0004036054	0.0004024984	0.0003198165	0.0002885585	0.0001756391
168	0.004965283	0.001681	0.0008565063	0.0008524154	0.0007692779	0.0007432115	0.0007312441	0.000507818	0.0003554244	0.0003329507	0.0001087945	7.889764e-05	7.843604e-05	7.713514e-05	6.792877e-05	6.704744e-05	6.686951e-05	6.662341e-05	5.84992e-05	5.699689e-05	5.516038e-05	5.509412e-05	5.505804e-05	5.498556e-05	5.496631e-05	5.489956e-05	5.459228e-05	5.440283e-05	3.893423e-05	3.315822e-05
169	0.05243164	0.003547437	0.0008175009	0.0005551633	0.000552606	0.0004746654	0.0004509225	0.0004399635	0.0002802397	0.0001609191	0.0001445829	6.435987e-05	4.823398e-05	4.794997e-05	4.682352e-05	4.120675e-05	4.066857e-05	4.055776e-05	4.040918e-05	3.551855e-05	3.461719e-05	3.349671e-05	3.345603e-05	3.343362e-05	3.338915e-05	3.337772e-05	3.333736e-05	3.314777e-05	3.303063e-05	2.346014e-05
170	0.03365553	0.03044491	0.00259214	0.0004055852	0.0002516295	0.0002499095	0.0001715325	0.0001488169	0.0001382986	5.660753e-05	4.33855e-05	3.355828e-05	1.290557e-05	1.006093e-05	1.000116e-05	9.095428e-06	8.054329e-06	7.950161e-06	7.924357e-06	7.877729e-06	6.365745e-06	6.102173e-06	5.896142e-06	5.883293e-06	5.878329e-06	5.864037e-06	5.861512e-06	5.856175e-06	5.819307e-06	5.798545e-06
171	0.03717527	0.02172881	0.02136579	0.001415441	0.0002071054	0.0001129141	0.000111871	5.878558e-05	4.180612e-05	3.180245e-05	2.237845e-05	1.706548e-05	1.220842e-05	4.676046e-06	3.620607e-06	3.597785e-06	3.569531e-06	3.171593e-06	3.134594e-06	3.123315e-06	3.097431e-06	2.250675e-06	2.103559e-06	2.0187e-06	2.011905e-06	2.009701e-06	2.002069e-06	2.000823e-06	1.999376e-06	1.98835e-06
172	0.2594271	0.03546449	0.02173654	0.02152041	0.00142976	0.0002033645	0.0001117627	0.000110732	5.671908e-05	3.944857e-05	2.923517e-05	2.066279e-05	1.581721e-05	1.093629e-05	4.155509e-06	3.258494e-06	3.237665e-06	3.211488e-06	2.85776e-06	2.824798e-06	2.814329e-06	2.789224e-06	1.968508e-06	1.827327e-06	1.751164e-06	1.744586e-06	1.742553e-06	1.735147e-06	1.733964e-06	1.732813e-06
173	0.9825004	0.2555767	0.03536649	0.02201455	0.02180761	0.001396308	0.0001961221	0.0001039075	0.0001029629	4.876214e-05	3.139317e-05	2.8926e-05	2.048309e-05	1.568038e-05	1.071266e-05	4.048567e-06	3.182089e-06	3.16169e-06	3.135855e-06	2.792398e-06	2.760369e-06	2.749928e-06	2.724646e-06	1.898329e-06	1.756481e-06	1.681549e-06	1.674916e-06	1.67321e-06	1.665752e-06	1.664602e-06
174	0.1926471	0.1914486	0.05022418	0.004851569	0.001760852	0.001722064	0.0001233435	2.130946e-05	1.294159e-05	1.27919e-05	8.102787e-06	6.587246e-06	6.103368e-06	4.349963e-06	3.419244e-06	2.66727e-06	1.068723e-06	8.068559e-07	8.004924e-07	7.938564e-07	7.00014e-07	6.907408e-07	6.880998e-07	6.850333e-07	5.850222e-07	5.616938e-07	5.440289e-07	5.432513e-07	5.430043e-07	5.421098e-07
175	0.15475	0.1094128	0.1092144	0.02896607	0.002120786	0.0003265656	0.0003040168	1.752638e-05	6.161948e-06	4.428063e-06	4.413313e-06	4.11923e-06	4.01755e-06	3.682138e-06	2.703157e-06	2.231037e-06	1.585971e-06	6.291098e-07	4.672163e-07	4.626198e-07	4.580159e-07	4.019391e-07	3.960613e-07	3.941856e-07	3.930831e-07	3.578513e-07	3.501102e-07	3.403253e-07	3.400368e-07	3.399349e-07
176	0.1203023	0.09605966	0.06628608	0.06617684	0.01836836	0.001239568	0.0001695686	0.000156666	8.353195e-06	3.601388e-06	2.756286e-06	2.748762e-06	2.705512e-06	2.678111e-06	2.346307e-06	1.761563e-06	1.49161e-06	8.597959e-07	3.705505e-07	2.749582e-07	2.714683e-07	2.680273e-07	2.350396e-07	2.313333e-07	2.296827e-07	2.289776e-07	2.069029e-07	2.026899e-07	1.973565e-07	1.971667e-07
177	0.27085	0.1083681	0.08454734	0.05816094	0.05805398	0.01641143	0.001104675	0.0001676121	0.0001560168	7.708087e-06	3.309403e-06	2.560974e-06	2.554072e-06	2.516619e-06	2.492059e-06	2.152216e-06	1.634953e-06	1.39639e-06	7.499727e-07	3.192894e-07	2.396265e-07	2.363163e-07	2.330558e-07	2.046061e-07	2.013142e-07	1.996545e-07	1.989427e-07	1.766719e-07	1.725212e-07	1.679233e-07
178	0.2874922	0.1453355	0.08616737	0.06755155	0.04547327	0.04537801	0.01335374	0.0008407559	0.0001158724	0.0001065189	5.7052e-06	2.426572e-06	1.863271e-06	1.85785e-06	1.821885e-06	1.800167e-06	1.791455e-06	1.394289e-06	1.21758e-06	5.676485e-07	2.441689e-07	1.830763e-07	1.800387e-07	1.770855e-07	1.552994e-07	1.525994e-07	1.509563e-07	1.504483e-07	1.349939e-07	1.320501e-07
179	0.8507194	0.2259978	0.08066504	0.04167121	0.03861247	0.02694607	0.02685991	0.006851658	0.0005218441	6.01581e-05	5.535611e-05	3.334912e-06	1.179132e-06	8.055292e-07	8.016255e-07	7.679032e-07	7.483883e-07	7.406196e-07	5.016088e-07	3.883285e-07	3.730912e-07	1.624736e-07	1.202936e-07	1.189772e-07	1.182354e-07	1.031992e-07	1.01326e-07	9.97524e-08	9.953389e-08	9.267154e-08
180	0.9582028	0.8577657	0.2156991	0.06640438	0.03387423	0.03202597	0.0222157	0.02216127	0.005588798	0.0004347437	4.931087e-05	4.542293e-05	2.615857e-06	1.002407e-06	6.814737e-07	6.78081e-07	6.442266e-07	6.251112e-07	6.174373e-07	4.189332e-07	3.234831e-07	3.110201e-07	1.361329e-07	1.007909e-07	9.957553e-08	9.895718e-08	8.62654e-08	8.459983e-08	8.300139e-08	8.28208e-08
181	0.9341603	0.9248981	0.8638726	0.2034581	0.04996001	0.02444147	0.02314735	0.0173868	0.0173343	0.004397689	0.000340262	3.582468e-05	3.279927e-05	2.060758e-06	7.942287e-07	5.416045e-07	5.386861e-07	5.046102e-07	4.859083e-07	4.787936e-07	3.249409e-07	2.504425e-07	2.413668e-07	1.069284e-07	7.920284e-08	7.809896e-08	7.761744e-08	6.755003e-08	6.611275e-08	6.448963e-08
182	0.9538087	0.9282736	0.9242304	0.8768961	0.1972338	0.0392298	0.01923433	0.01823002	0.01373526	0.01369462	0.003492299	0.0002726025	2.916294e-05	2.678805e-05	1.694732e-06	6.482189e-07	4.375365e-07	4.349689e-07	4.004557e-07	3.819839e-07	3.776419e-07	2.566329e-07	1.95778e-07	1.884351e-07	8.474569e-08	6.279075e-08	6.176822e-08	6.139019e-08	5.342004e-08	5.215581e-08
183	0.2615432	0.2472528	0.2295753	0.2262733	0.1923798	0.1915543	0.02875532	0.01430382	0.01351614	0.01010879	0.01010277	0.002543818	0.0002086513	2.510185e-05	2.335403e-05	1.368061e-06	5.0731e-07	3.328726e-07	3.30887e-07	2.959168e-07	2.864329e-07	2.823496e-07	1.926727e-07	1.438947e-07	1.376672e-07	6.115686e-08	4.620972e-08	4.526691e-08	4.499007e-08	3.979472e-08
184	0.06972704	0.04849697	0.04057039	0.0331093	0.03283631	0.01511616	0.01468424	0.01448785	0.006795987	0.006488066	0.004946852	0.004944013	0.001210918	9.586656e-05	1.146144e-05	1.057851e-05	8.154443e-07	3.011096e-07	1.864074e-07	1.849022e-07	1.516648e-07	1.4306e-07	1.414518e-07	9.650636e-08	7.098122e-08	6.828499e-08	3.002584e-08	2.224866e-08	2.209565e-08	2.195505e-08
185	0.015989	0.01235068	0.01137346	0.01107977	0.009148261	0.009104402	0.004276923	0.004158069	0.004109839	0.002092006	0.001999834	0.001513347	0.001512072	0.0003720221	3.349063e-05	8.110501e-06	7.840324e-06	5.060267e-07	1.635345e-07	8.300211e-08	8.17642e-08	5.454598e-08	4.692718e-08	4.576215e-08	3.133944e-08	2.27164e-08	2.107411e-08	8.929829e-09	6.745887e-09	6.706029e-09
186	0.05466289	0.007615049	0.005108841	0.004680895	0.004451978	0.003714425	0.00368237	0.001859202	0.001813545	0.001793287	0.001033749	0.0009888466	0.0007377175	0.0007367369	0.0001829009	2.018527e-05	7.979436e-06	7.838666e-06	4.533432e-07	1.378254e-07	6.274519e-08	6.153396e-08	3.351666e-08	2.579889e-08	2.463672e-08	1.69781e-08	1.203307e-08	1.047265e-08	4.124602e-09	3.239814e-09
187	0.2060555	0.03773487	0.00595254	0.003744806	0.00330323	0.003090616	0.002591857	0.00257512	0.001351703	0.001322293	0.001307578	0.0007991271	0.0007652893	0.0005665696	0.0005657612	0.0001415237	1.725126e-05	7.922656e-06	7.80971e-06	4.31776e-07	1.350114e-07	5.938572e-08	5.821452e-08	2.922378e-08	2.126726e-08	2.007578e-08	1.390829e-08	9.765561e-09	8.242984e-09	3.097473e-09
188	0.9525411	0.1831308	0.03546239	0.005970528	0.003713996	0.00325625	0.003038322	0.002546069	0.002529297	0.001335558	0.001306573	0.001291909	0.000790839	0.0007572989	0.0005608049	0.0005599964	0.000140207	1.725391e-05	8.02004e-06	7.907604e-06	4.429158e-07	1.38206e-07	6.070634e-08	5.949547e-08	2.943412e-08	2.118668e-08	1.995698e-08	1.384248e-08	9.704453e-09	8.182311e-09
189	0.9441932	0.9009097	0.1682704	0.03249926	0.005759652	0.003624446	0.003150853	0.002931526	0.002454149	0.002439988	0.001294872	0.001266808	0.001252383	0.0007672384	0.0007345205	0.0005444156	0.0005436223	0.0001350175	1.538782e-05	6.399045e-06	6.288502e-06	4.085225e-07	9.717912e-08	6.186287e-08	6.061113e-08	2.939793e-08	2.083838e-08	1.956919e-08	1.360103e-08	9.543161e-09
190	0.9228364	0.9128561	0.8711592	0.152797	0.03238211	0.005809348	0.003625808	0.003133462	0.002907623	0.002433527	0.002419205	0.001283835	0.00125611	0.001241645	0.0007605568	0.0007280247	0.0005394063	0.000538635	0.000133496	1.487982e-05	5.965025e-06	5.854294e-06	3.836966e-07	9.625194e-08	6.327772e-08	6.221702e-08	2.975834e-08	2.085992e-08	1.954337e-08	1.361741e-08
191	0.9024122	0.8719855	0.8630945	0.8212186	0.1108738	0.02636443	0.005784153	0.003631753	0.003119018	0.002885865	0.002414658	0.00240009	0.001273811	0.001246393	0.001231868	0.0007544856	0.0007221258	0.0005348878	0.0005341365	0.0001322357	1.456861e-05	5.722856e-06	5.611816e-06	1.788078e-07	9.462554e-08	6.406589e-08	6.397362e-08	3.016558e-08	2.089997e-08	1.95319e-08
192	0.9165436	0.8912988	0.861123	0.8520545	0.8095172	0.1061979	0.02289334	0.004096317	0.003632165	0.003097233	0.002856098	0.002388008	0.002373128	0.001262046	0.001234863	0.001220272	0.0007469063	0.0007147275	0.0005299543	0.0005292092	0.0001309641	1.440092e-05	5.63455e-06	5.523231e-06	1.61244e-07	7.792453e-08	6.596302e-08	6.58714e-08	3.059673e-08	2.093201e-08
193	0.9198988	0.8761356	0.871575	0.8433885	0.8342925	0.791359	0.1037758	0.0223066	0.003865808	0.003409536	0.002854139	0.002796252	0.002336991	0.002322087	0.00123485	0.001208252	0.001193721	0.0007304271	0.0006989252	0.0005181637	0.0005174346	0.0001279861	1.402255e-05	5.448268e-06	5.337898e-06	1.237669e-07	4.244041e-08	3.073105e-08	3.064124e-08	3.048892e-08
194	0.7581463	0.7533897	0.7403227	0.738669	0.7171193	0.7133569	0.695105	0.09090643	0.01927514	0.002905738	0.002497291	0.002491617	0.002438383	0.002051226	0.002038078	0.001080705	0.001057289	0.001047627	0.0006426058	0.0006149349	0.0004557618	0.0004551196	0.0001124123	1.220981e-05	4.703925e-06	4.606043e-06	9.980987e-08	2.875521e-08	1.845789e-08	1.837873e-08
195	0.8459983	0.7109192	0.7079082	0.7045715	0.7032722	0.6903002	0.6865559	0.6689598	0.08761704	0.01865831	0.002784295	0.002386805	0.002384874	0.002349011	0.001976105	0.001962815	0.001040563	0.00101801	0.00100867	0.0006186724	0.0005918839	0.0004385925	0.0004379739	0.0001081199	1.171106e-05	4.488166e-06	4.391805e-06	9.501172e-08	2.685648e-08	1.692966e-08
196	0.6408511	0.6025557	0.5780506	0.5765146	0.5742444	0.573498	0.5649412	0.5630875	0.5489863	0.0721947	0.01556791	0.002291305	0.001954991	0.001953577	0.001923883	0.001618946	0.001611628	0.0008526714	0.0008341438	0.0008267138	0.0005068189	0.000485705	0.0003595553	0.0003590454	8.870626e-05	9.530439e-06	3.609546e-06	3.536495e-06	7.724789e-08	2.171011e-08
197	0.6665994	0.6017392	0.5780043	0.5563706	0.5548918	0.5526884	0.5519666	0.5436662	0.5418782	0.5282894	0.06889119	0.01432905	0.002207123	0.001884376	0.001882993	0.001854152	0.001560328	0.00155296	0.0008216958	0.0008038427	0.0007966722	0.000488453	0.0004680295	0.0003464488	0.0003459566	8.540847e-05	9.137244e-06	3.433394e-06	3.36361e-06	7.406443e-08
198	0.9103974	0.5862879	0.5611522	0.5385473	0.5209812	0.5196203	0.5176272	0.5169438	0.5090816	0.5073944	0.49466	0.06437859	0.01341922	0.002067026	0.001762931	0.001761605	0.001734269	0.001459256	0.001451895	0.0007691571	0.0007524459	0.0007457182	0.0004572598	0.0004380295	0.0003245058	0.0003240441	8.00602e-05	8.617612e-06	3.274729e-06	3.209468e-06
199	0.9372739	0.8884755	0.553249	0.5289881	0.5199095	0.5024911	0.5013185	0.4993799	0.4987144	0.4910545	0.4894236	0.4771358	0.0620474	0.01291079	0.00199941	0.001701709	0.001700405	0.001673759	0.001408425	0.001400944	0.0007421984	0.0007260983	0.0007195939	0.0004413078	0.000422661	0.0003130717	0.00031263	7.717817e-05	8.269957e-06	3.116538e-06
200	0.7940112	0.7540649	0.7316247	0.3937746	0.3767717	0.3704271	0.3606224	0.3597789	0.3583139	0.3578116	0.3520348	0.3508163	0.3419866	0.04459145	0.009435992	0.001407264	0.001219977	0.001218946	0.001198811	0.001008961	0.001002094	0.0005314009	0.0005198854	0.0005151799	0.0003161497	0.0003024739	0.0002243532	0.0002240381	5.570591e-05	6.265895e-06
201	0.7438159	0.7244452	0.6896139	0.6732639	0.333756	0.3183227	0.3129183	0.3040758	0.3033655	0.302083	0.3017011	0.2973783	0.2963325	0.2888668	0.03780149	0.008116634	0.001190322	0.001029896	0.001029101	0.001013586	0.0008532393	0.0008464749	0.0004489725	0.0004392496	0.0004352405	0.0002671958	0.0002554194	0.0001894551	0.000189189	4.704026e-05
202	0.3783654	0.3773033	0.361762	0.3416998	0.3328709	0.2826426	0.269207	0.2648258	0.2567802	0.2561834	0.2552687	0.2549552	0.2512835	0.2504619	0.2441953	0.03210877	0.007018788	0.00100749	0.0008694101	0.0008688517	0.0008555013	0.0007202205	0.0007150647	0.0003790573	0.0003708411	0.0003675922	0.000225643	0.0002156967	0.0001599122	0.0001596871
203	0.346073	0.322652	0.3216787	0.3083821	0.2905353	0.2830464	0.2368287	0.2267964	0.2230929	0.2168799	0.2163725	0.2155943	0.2153277	0.2121776	0.2114805	0.2061735	0.02659552	0.005346618	0.0008549077	0.0007373819	0.0007369014	0.0007252999	0.0006107804	0.0006056	0.0003211706	0.0003142153	0.0003114634	0.0001913104	0.0001826648	0.0001354057
204	0.8377145	0.3140204	0.2945828	0.2936142	0.2814995	0.2646323	0.2578134	0.2129344	0.2041073	0.2007628	0.1956645	0.195205	0.1945005	0.1942583	0.1913814	0.1907514	0.1859639	0.02399032	0.004825609	0.0007695437	0.0006662501	0.0006658101	0.0006550884	0.0005517853	0.0005464076	0.000289888	0.0002836138	0.0002811301	0.0001727547	0.0001647628
205	0.9876017	0.8361003	0.2931088	0.2754846	0.2745966	0.2635456	0.2484658	0.2426916	0.1979229	0.1896508	0.1865694	0.1816555	0.181229	0.1805759	0.1803545	0.1776526	0.1770666	0.1726215	0.02225856	0.004462051	0.0007124782	0.0006154462	0.0006150481	0.0006048522	0.0005089437	0.0005063806	0.0002681764	0.0002623513	0.000260044	0.0001594359
206	0.9414918	0.9397655	0.8005187	0.2574578	0.2521189	0.2512156	0.2411254	0.2266616	0.2214486	0.1766599	0.1709533	0.1681684	0.1645564	0.1641681	0.1635733	0.1633717	0.1608785	0.1603462	0.1563186	0.02011233	0.004018808	0.0006391887	0.000557704	0.0005573381	0.0005477692	0.0004608796	0.0004582807	0.0002428353	0.0002375579	0.0002354659
207	0.9383615	0.9336619	0.9319519	0.8065111	0.2316879	0.2267826	0.2264837	0.217537	0.2037259	0.1991439	0.1542688	0.1492643	0.1468487	0.1436427	0.1433108	0.142787	0.1426094	0.1403717	0.1399052	0.1363897	0.01754997	0.003507783	0.0005585862	0.0004876275	0.0004873011	0.0004784968	0.000402643	0.0003999966	0.0002119384	0.0002073356
208	0.9626811	0.9110482	0.90719	0.9057063	0.8107844	0.1985302	0.1939854	0.1937324	0.1860372	0.1788699	0.1749806	0.1294686	0.1252151	0.1231841	0.120403	0.1201243	0.1196785	0.1195339	0.117885	0.1174904	0.1145364	0.01473846	0.00294538	0.0004681923	0.0004085351	0.0004082795	0.000402584	0.0003388293	0.0003361005	0.0001780654
209	0.2988224	0.2973455	0.2724638	0.2698572	0.2692422	0.201739	0.1236879	0.1198237	0.1196339	0.1144353	0.1090969	0.1063167	0.09684001	0.09368764	0.09217271	0.08996713	0.0897584	0.0894432	0.08933628	0.08810602	0.08781843	0.08561562	0.01101633	0.002199301	0.0003484747	0.0003038088	0.0003036242	0.0002993707	0.0002517791	0.0002511756
210	0.2016772	0.1781456	0.1772681	0.1624035	0.1608078	0.1604107	0.1199208	0.07249611	0.07121032	0.07109042	0.06797424	0.06477316	0.06310629	0.05778419	0.05597113	0.05506307	0.05396524	0.05383875	0.05364977	0.05358563	0.0528477	0.0526749	0.05135366	0.006607364	0.001318917	0.0002087204	0.0001820584	0.0001819477	0.0001793964	0.0001508685
211	0.08411362	0.0633906	0.05548074	0.05521104	0.05065262	0.05008731	0.04999667	0.03772369	0.02205664	0.02166662	0.02163417	0.02068929	0.01972037	0.01921154	0.01749949	0.01695031	0.01667599	0.01634352	0.01630612	0.01624889	0.01622946	0.01600596	0.01595305	0.01555301	0.002001898	0.0003994113	6.309204e-05	5.503085e-05	5.499731e-05	5.422453e-05
212	0.04496635	0.01203591	0.00912125	0.008058844	0.008018851	0.00734161	0.007271007	0.007257285	0.005408585	0.003308587	0.003247096	0.003242182	0.003099843	0.002953037	0.002876616	0.002639631	0.002555786	0.002514176	0.002463455	0.002457772	0.002449623	0.002446717	0.002413099	0.002405988	0.002345959	0.0003025559	6.025773e-05	9.593019e-06	8.3616e-06	8.356544e-06
213	0.921443	0.03847973	0.01065794	0.008115999	0.007191873	0.007156253	0.006551769	0.006487737	0.006475422	0.004824463	0.002951134	0.002898759	0.002894355	0.002767165	0.002635473	0.002566699	0.002355126	0.002281026	0.002243673	0.002199706	0.002194593	0.002187599	0.002185018	0.00215504	0.002149155	0.002095733	0.000270631	5.382893e-05	8.617934e-06	7.521843e-06
214	0.628956	0.5683802	0.02920488	0.008209906	0.006260493	0.005547765	0.005520276	0.005054143	0.005007221	0.004997671	0.003724252	0.002278483	0.002237982	0.002234573	0.002136569	0.002034625	0.001981426	0.001817872	0.001760539	0.00173159	0.001697581	0.001693611	0.001688264	0.001686275	0.001663143	0.00165867	0.001617468	0.0002089587	4.159442e-05	6.692868e-06
