#unpaired probabilities
 #i$	l=1	2	3	4	5	6	7	8	9	10	11	12	13	14	15	16	17	18	19	20	21	22	23	24	25	26	27	28	29	30	
1	0.9969734	NA	NA	NA	NA	NA	NA	NA	NA	NA	NA	NA	NA	NA	NA	NA	NA	NA	NA	NA	NA	NA	NA	NA	NA	NA	NA	NA	NA	NA
2	0.5024426	0.5016516	NA	NA	NA	NA	NA	NA	NA	NA	NA	NA	NA	NA	NA	NA	NA	NA	NA	NA	NA	NA	NA	NA	NA	NA	NA	NA	NA	NA
3	0.1796622	0.1342094	0.1340044	NA	NA	NA	NA	NA	NA	NA	NA	NA	NA	NA	NA	NA	NA	NA	NA	NA	NA	NA	NA	NA	NA	NA	NA	NA	NA	NA
4	0.1793519	0.08167084	0.06127234	0.06117871	NA	NA	NA	NA	NA	NA	NA	NA	NA	NA	NA	NA	NA	NA	NA	NA	NA	NA	NA	NA	NA	NA	NA	NA	NA	NA
5	0.1466106	0.07377478	0.03428277	0.02577035	0.02573103	NA	NA	NA	NA	NA	NA	NA	NA	NA	NA	NA	NA	NA	NA	NA	NA	NA	NA	NA	NA	NA	NA	NA	NA	NA
6	0.3949904	0.1427824	0.0722679	0.0335948	0.02525466	0.02521613	NA	NA	NA	NA	NA	NA	NA	NA	NA	NA	NA	NA	NA	NA	NA	NA	NA	NA	NA	NA	NA	NA	NA	NA
7	0.9897411	0.3936501	0.1422286	0.0719855	0.03346365	0.02515609	0.02511772	NA	NA	NA	NA	NA	NA	NA	NA	NA	NA	NA	NA	NA	NA	NA	NA	NA	NA	NA	NA	NA	NA	NA
8	0.9357541	0.9172352	0.3895994	0.1419948	0.07187225	0.03341281	0.02511956	0.02508124	NA	NA	NA	NA	NA	NA	NA	NA	NA	NA	NA	NA	NA	NA	NA	NA	NA	NA	NA	NA	NA	NA
9	0.9822752	0.9168065	0.8994088	0.3696667	0.1403589	0.07173856	0.03335084	0.02507297	0.02503473	NA	NA	NA	NA	NA	NA	NA	NA	NA	NA	NA	NA	NA	NA	NA	NA	NA	NA	NA	NA	NA
10	0.9825263	0.9793555	0.9136419	0.8959397	0.3666164	0.1394158	0.0716225	0.03329687	0.0250324	0.02499422	NA	NA	NA	NA	NA	NA	NA	NA	NA	NA	NA	NA	NA	NA	NA	NA	NA	NA	NA	NA
11	0.003153043	0.003124799	0.003144867	0.002826358	0.002799164	0.001102988	0.0004433873	0.0002274959	0.000105768	7.951553e-05	7.939413e-05	NA	NA	NA	NA	NA	NA	NA	NA	NA	NA	NA	NA	NA	NA	NA	NA	NA	NA	NA
12	0.0009858763	3.967049e-05	3.151941e-05	2.974675e-05	2.882193e-05	1.853554e-05	1.096868e-05	4.764076e-06	2.441427e-06	1.135095e-06	8.533586e-07	8.520555e-07	NA	NA	NA	NA	NA	NA	NA	NA	NA	NA	NA	NA	NA	NA	NA	NA	NA	NA
13	0.007489463	0.0001011211	8.074109e-06	2.1409e-06	1.823391e-06	1.609017e-06	1.299884e-06	9.067751e-07	4.206556e-07	2.123186e-07	9.865869e-08	7.417299e-08	7.405841e-08	NA	NA	NA	NA	NA	NA	NA	NA	NA	NA	NA	NA	NA	NA	NA	NA	NA
14	0.06780375	0.006140806	6.382721e-05	5.60736e-06	1.264269e-06	1.054109e-06	9.314184e-07	7.492572e-07	5.299983e-07	2.411108e-07	1.225745e-07	5.685915e-08	4.274532e-08	4.267734e-08	NA	NA	NA	NA	NA	NA	NA	NA	NA	NA	NA	NA	NA	NA	NA	NA
15	0.1330847	0.06661364	0.005699115	4.86627e-05	5.153336e-06	9.354032e-07	7.631491e-07	6.869876e-07	5.647037e-07	4.245398e-07	2.029464e-07	1.036919e-07	4.812331e-08	3.617816e-08	3.612074e-08	NA	NA	NA	NA	NA	NA	NA	NA	NA	NA	NA	NA	NA	NA	NA
16	0.1969499	0.1277226	0.06411427	0.00538269	4.017456e-05	4.947634e-06	7.566634e-07	6.052476e-07	5.544681e-07	4.670868e-07	3.736907e-07	1.860453e-07	9.558789e-08	4.440255e-08	3.338141e-08	3.332911e-08	NA	NA	NA	NA	NA	NA	NA	NA	NA	NA	NA	NA	NA	NA
17	0.9924772	0.1966078	0.1274831	0.06398523	0.005359333	3.9474e-05	4.930714e-06	7.414206e-07	5.917053e-07	5.43272e-07	4.586574e-07	3.695126e-07	1.849086e-07	9.503256e-08	4.415413e-08	3.319467e-08	3.314302e-08	NA	NA	NA	NA	NA	NA	NA	NA	NA	NA	NA	NA	NA
18	0.9949316	0.9912318	0.1956707	0.126829	0.06365034	0.005337501	3.89637e-05	4.918927e-06	7.306646e-07	5.820745e-07	5.350851e-07	4.52326e-07	3.660713e-07	1.838132e-07	9.448669e-08	4.39052e-08	3.300722e-08	3.295664e-08	NA	NA	NA	NA	NA	NA	NA	NA	NA	NA	NA	NA
19	0.9040429	0.9135927	0.9231667	0.1428423	0.09012542	0.04497657	0.00439526	2.962093e-05	4.728044e-06	5.543981e-07	4.186513e-07	3.872482e-07	3.246583e-07	2.649924e-07	1.330513e-07	6.844259e-08	3.180271e-08	2.390858e-08	2.387191e-08	NA	NA	NA	NA	NA	NA	NA	NA	NA	NA	NA
20	0.3624846	0.233722	0.2065801	0.1747629	0.1407388	0.08797348	0.04301176	0.002390373	2.896881e-05	4.610609e-06	4.404634e-07	4.060201e-07	3.760526e-07	3.171123e-07	2.600882e-07	1.319282e-07	6.792129e-08	3.158135e-08	2.374278e-08	2.370666e-08	NA	NA	NA	NA	NA	NA	NA	NA	NA	NA
21	0.09002879	0.08008647	0.06327332	0.0558232	0.04527949	0.03578525	0.0261478	0.01151851	0.000642986	1.017773e-05	4.300445e-06	1.531665e-07	1.365184e-07	1.280586e-07	9.669489e-08	7.542999e-08	3.667891e-08	1.885256e-08	8.764534e-09	6.589112e-09	6.579063e-09	NA	NA	NA	NA	NA	NA	NA	NA	NA
22	0.04675707	0.02964542	0.02569736	0.02116509	0.01833514	0.01517462	0.01184681	0.008309752	0.004155816	0.0002411062	4.159482e-06	1.20354e-06	8.693941e-08	7.786976e-08	7.347636e-08	4.74739e-08	3.311483e-08	1.47075e-08	7.526951e-09	3.497755e-09	2.62959e-09	2.625544e-09	NA	NA	NA	NA	NA	NA	NA	NA
23	0.07310729	0.0339587	0.02206579	0.01895603	0.01562821	0.0135314	0.01129592	0.00883661	0.006154808	0.003134318	0.0001734039	2.061605e-06	6.281619e-08	5.91733e-08	5.72939e-08	5.549869e-08	3.362925e-08	2.380405e-08	1.042234e-08	5.345099e-09	2.485388e-09	1.86851e-09	1.865647e-09	NA	NA	NA	NA	NA	NA	NA
24	0.4709289	0.06753265	0.03122995	0.020233	0.01734384	0.01442564	0.01248834	0.01042307	0.008164025	0.00568737	0.002899047	0.0001636001	1.836724e-06	4.298278e-08	3.992305e-08	3.735634e-08	3.415732e-08	3.012412e-08	2.115466e-08	9.558585e-09	4.906473e-09	2.281592e-09	1.715306e-09	1.712678e-09	NA	NA	NA	NA	NA	NA
25	0.5115129	0.4449406	0.05567199	0.02600787	0.0170155	0.01470423	0.01231733	0.01075704	0.00897541	0.007029648	0.004899877	0.002500446	0.0001450015	1.59317e-06	3.656456e-08	3.39292e-08	3.167994e-08	2.886132e-08	2.531604e-08	1.703452e-08	7.479428e-09	3.845145e-09	1.787973e-09	1.344204e-09	1.342146e-09	NA	NA	NA	NA	NA
26	0.8457525	0.4963711	0.4404255	0.05475793	0.02559539	0.01676148	0.01449087	0.01214486	0.0106131	0.008853059	0.006930925	0.00482782	0.002458205	0.000131526	1.137942e-06	2.680444e-08	2.522927e-08	2.426228e-08	2.311093e-08	2.162411e-08	1.608078e-08	7.222192e-09	3.71668e-09	1.728279e-09	1.299325e-09	1.297341e-09	NA	NA	NA	NA
27	0.7614988	0.7387184	0.4934202	0.4393845	0.05454225	0.02548516	0.01667997	0.01444727	0.01210899	0.01058303	0.008827556	0.006910486	0.004813182	0.002449955	0.000129481	1.068076e-06	2.347067e-08	2.186654e-08	2.086172e-08	1.967638e-08	1.812893e-08	1.592561e-08	7.179652e-09	3.695496e-09	1.718529e-09	1.29199e-09	1.290031e-09	NA	NA	NA
28	0.4189814	0.3956959	0.3661085	0.163837	0.1127444	0.05386143	0.02521145	0.01646932	0.01434027	0.01201901	0.01050472	0.008761679	0.006858531	0.004776499	0.002431209	0.0001283761	1.036989e-06	2.156053e-08	1.98989e-08	1.881891e-08	1.753886e-08	1.586948e-08	1.369632e-08	7.126075e-09	3.668494e-09	1.705985e-09	1.282559e-09	1.280615e-09	NA	NA
29	0.4226167	0.3994093	0.3775377	0.3491376	0.1545491	0.1056532	0.04910761	0.02391749	0.01557995	0.01366508	0.0114472	0.01000361	0.00833999	0.006526176	0.004541771	0.002313454	0.0001260204	1.009459e-06	2.086251e-08	1.924709e-08	1.820091e-08	1.69613e-08	1.534379e-08	1.324184e-08	6.88664e-09	3.550285e-09	1.65101e-09	1.241228e-09	1.239347e-09	NA
30	0.6119653	0.4192104	0.3963862	0.3744311	0.349067	0.1544964	0.1056041	0.04905742	0.02386507	0.0155326	0.01361537	0.01139488	0.009950989	0.008339981	0.006526168	0.004541766	0.00231345	0.000126018	1.009372e-06	2.086033e-08	1.924509e-08	1.819911e-08	1.695976e-08	1.534256e-08	1.324102e-08	6.886476e-09	3.550184e-09	1.650979e-09	1.241212e-09	1.239331e-09
31	0.8949515	0.5871387	0.4093061	0.3867962	0.3649746	0.3424147	0.1532604	0.1048552	0.04871183	0.02363546	0.01534073	0.01342678	0.01133163	0.009894761	0.008291386	0.006491485	0.004516415	0.002302036	0.000124874	9.925728e-07	2.020136e-08	1.882864e-08	1.781761e-08	1.660753e-08	1.503907e-08	1.298868e-08	6.760068e-09	3.48521e-09	1.620838e-09	1.218556e-09
32	0.1160069	0.1144405	0.01717486	0.005673911	0.004984161	0.004018185	0.003739991	0.001309129	0.0008081625	0.0004076704	0.0001974759	0.0001284187	0.0001122416	9.460257e-05	8.256111e-05	6.933929e-05	5.449766e-05	3.830378e-05	1.933863e-05	6.150386e-07	1.24863e-08	2.773864e-10	2.510122e-10	2.218268e-10	1.858014e-10	1.381762e-10	7.704413e-11	3.155533e-11	1.599381e-11	7.390181e-12
33	0.01478453	0.008295022	0.007779741	0.004237179	0.002637188	0.002168329	0.001538869	0.001501876	0.0002768844	0.0001157694	2.685102e-05	1.275319e-05	8.256049e-06	7.037557e-06	5.712025e-06	4.855057e-06	4.090787e-06	3.246351e-06	2.295406e-06	1.230787e-06	2.070612e-07	6.73476e-09	1.547212e-10	1.393346e-10	1.216454e-10	9.97886e-11	7.035112e-11	3.325396e-11	1.114967e-11	5.529747e-12
34	0.04800279	0.01074925	0.007065577	0.00693801	0.003849946	0.002442055	0.002039538	0.001422745	0.001387012	0.000245633	9.646893e-05	2.118761e-05	9.944262e-06	6.366317e-06	5.537844e-06	4.465284e-06	3.775643e-06	3.184497e-06	2.533043e-06	1.798893e-06	9.775013e-07	1.921336e-07	6.320255e-09	1.444488e-10	1.298902e-10	1.131137e-10	9.249078e-11	6.451529e-11	2.928232e-11	1.005665e-11
35	0.1836555	0.04407501	0.008247713	0.005864494	0.005770805	0.002734771	0.001368557	0.001371879	0.00138794	0.001355226	0.0002400952	9.391109e-05	2.016408e-05	9.37078e-06	5.937188e-06	5.135684e-06	4.214534e-06	3.595915e-06	3.032956e-06	2.416944e-06	1.717296e-06	9.356507e-07	1.881968e-07	6.205761e-09	1.41285e-10	1.271232e-10	1.107025e-10	9.039463e-11	6.285572e-11	2.814365e-11
36	0.9117234	0.1003644	0.03830551	0.004962442	0.002679801	0.002521324	0.002245718	0.001257556	0.00125891	0.00127379	0.001296699	0.0002328606	9.214873e-05	2.004035e-05	9.306008e-06	5.892546e-06	5.094232e-06	4.178642e-06	3.565717e-06	3.012263e-06	2.398975e-06	1.702827e-06	9.25219e-07	1.811872e-07	5.957435e-09	1.347451e-10	1.210452e-10	1.051724e-10	8.554446e-11	5.887819e-11
37	0.7738124	0.7708343	0.06136395	0.01780363	0.003660109	0.002418764	0.00227883	0.002104738	0.001161939	0.001172205	0.001191562	0.001219253	0.0002043304	7.31602e-05	9.723905e-06	4.315952e-06	2.677343e-06	2.291166e-06	1.828604e-06	1.526217e-06	1.30784e-06	1.068337e-06	7.818796e-07	4.627612e-07	1.692787e-07	5.786292e-09	1.290763e-10	1.157055e-10	1.000096e-10	8.052087e-11
38	0.235753	0.2176781	0.2128547	0.0261751	0.006717304	0.002004412	0.001577263	0.001453804	0.001347697	0.0005214617	0.0005152424	0.0005256737	0.0005403852	9.47701e-05	4.110301e-05	3.811861e-06	1.580627e-06	1.001315e-06	8.672827e-07	6.784269e-07	5.683326e-07	4.914192e-07	4.077159e-07	2.959498e-07	1.735408e-07	6.946265e-08	2.389367e-09	5.680256e-11	5.140309e-11	4.536155e-11
39	0.3173271	0.219663	0.2041021	0.2004332	0.02193627	0.005187447	0.001699939	0.001406658	0.0013387	0.001239229	0.0004283935	0.0004197862	0.0004278541	0.0004398626	7.839675e-05	3.625405e-05	2.850659e-06	1.146207e-06	7.351959e-07	6.42233e-07	4.969952e-07	4.174299e-07	3.629629e-07	3.039297e-07	2.199586e-07	1.287865e-07	5.470589e-08	1.889676e-09	4.611277e-11	4.188306e-11
40	0.99924	0.3172904	0.2196356	0.2040752	0.200407	0.02190974	0.005186358	0.001699462	0.001406213	0.001338248	0.00123884	0.0004281063	0.0004194892	0.0004276959	0.0004397782	7.838641e-05	3.625147e-05	2.850403e-06	1.146031e-06	7.351379e-07	6.421799e-07	4.969478e-07	4.17392e-07	3.629332e-07	3.039038e-07	2.199379e-07	1.287717e-07	5.469593e-08	1.889324e-09	4.610332e-11
41	0.2797107	0.2728137	0.1154057	0.04209168	0.02523677	0.02357192	0.0140364	0.003236951	0.001358225	0.001203084	0.00113688	0.001062254	0.0002789124	0.000284797	0.0002934534	0.0003030634	5.515886e-05	2.833983e-05	1.734513e-06	6.289123e-07	4.173017e-07	3.716411e-07	2.788578e-07	2.367216e-07	2.087652e-07	1.789356e-07	1.277689e-07	7.354543e-08	3.49292e-08	1.214914e-09
42	0.1148267	0.1049644	0.1060717	0.0871287	0.02357769	0.01016659	0.01008834	0.009209271	0.0005387805	0.000240523	0.000219733	0.0001507509	8.558765e-05	5.854826e-05	5.948791e-05	6.12854e-05	6.341992e-05	2.356162e-05	1.97061e-05	3.100682e-07	9.559259e-08	7.695276e-08	7.574389e-08	3.094744e-08	2.115009e-08	1.807318e-08	1.555561e-08	1.24915e-08	8.885588e-09	5.823042e-09
43	0.1264686	0.05445732	0.04380233	0.04365079	0.02383004	0.02328215	0.009940447	0.009897879	0.009117225	0.000488045	0.0002249716	0.0002076314	0.0001384869	7.318882e-05	4.975806e-05	5.04276e-05	5.192092e-05	5.372706e-05	2.238892e-05	1.942116e-05	2.909057e-07	8.608389e-08	7.152824e-08	7.093745e-08	2.678618e-08	1.739466e-08	1.471279e-08	1.26344e-08	1.014264e-08	7.188827e-09
44	0.05977488	0.03929993	0.0164676	0.01465242	0.01394497	0.01066474	0.01002	0.009432028	0.009400808	0.008969648	0.0003666614	0.0001341142	0.0001188853	0.0001196699	5.526445e-05	3.226372e-05	3.234848e-05	3.319595e-05	3.430045e-05	4.5297e-06	1.14001e-06	1.328973e-07	7.931737e-08	6.727916e-08	6.739274e-08	2.388251e-08	1.493106e-08	1.259078e-08	1.088571e-08	8.836979e-09
45	0.1578319	0.05824656	0.03788252	0.01528901	0.01345732	0.01278599	0.009512863	0.008839312	0.008791187	0.008875554	0.008966283	0.0003660908	0.0001338328	0.000118645	0.0001194501	5.51287e-05	3.220792e-05	3.229116e-05	3.31367e-05	3.423911e-05	4.504911e-06	1.118503e-06	1.120661e-07	7.918598e-08	6.71672e-08	6.735638e-08	2.385161e-08	1.490376e-08	1.256664e-08	1.086496e-08
46	0.9269295	0.1572409	0.05789496	0.03753368	0.0150835	0.01328254	0.01260736	0.009334429	0.008788274	0.008738921	0.00882194	0.008911267	0.0003659466	0.00013376	0.0001185816	0.0001193852	5.506291e-05	3.214951e-05	3.223077e-05	3.307695e-05	3.421843e-05	4.500369e-06	1.115556e-06	1.095209e-07	7.654506e-08	6.712089e-08	6.730944e-08	2.380392e-08	1.485658e-08	1.256024e-08
47	0.9846031	0.9177715	0.1498382	0.05109807	0.03103655	0.01291798	0.011146	0.01043257	0.009273223	0.008762663	0.008716907	0.008802077	0.008893327	0.0003578329	0.000131774	0.0001168035	0.0001175594	5.320132e-05	3.09268e-05	3.156453e-05	3.246515e-05	3.358562e-05	4.400429e-06	1.068713e-06	7.732939e-08	4.341925e-08	3.376297e-08	3.232631e-08	2.351082e-08	1.465506e-08
48	0.9118347	0.905411	0.8416801	0.1297168	0.03735195	0.02142033	0.007623318	0.006193288	0.0055787	0.004522547	0.004057731	0.003947773	0.003934474	0.003921346	0.0003210463	0.0001231484	0.000110889	0.0001115233	4.702059e-05	2.457051e-05	2.499873e-05	2.567847e-05	2.65658e-05	3.321404e-06	8.126849e-07	6.387689e-08	3.713197e-08	2.979425e-08	2.878259e-08	2.039867e-08
49	0.9056297	0.902086	0.8981747	0.8351307	0.1256186	0.03419665	0.01946747	0.00706618	0.005687287	0.005092147	0.004403011	0.003959611	0.003857433	0.003850098	0.003839673	0.0002470896	0.0001162334	0.000109058	0.0001096779	4.527313e-05	2.292949e-05	2.361368e-05	2.440659e-05	2.524943e-05	3.16292e-06	7.661331e-07	4.973362e-08	2.345991e-08	1.581168e-08	1.419123e-08
50	0.3425125	0.2418709	0.228108	0.2116061	0.1353594	0.1178028	0.02818526	0.01479348	0.003759496	0.002453568	0.00185168	0.001155487	0.0006831684	0.0005134247	0.0004249426	0.0003282015	0.0002346805	0.0001131898	0.0001070629	0.0001076423	4.320333e-05	2.080098e-05	2.141498e-05	2.213439e-05	2.291358e-05	2.803371e-06	6.803981e-07	4.468385e-08	2.076786e-08	1.376069e-08
51	0.2554482	0.2381675	0.1662656	0.1526769	0.1358449	0.05912822	0.04134684	0.02563563	0.01349229	0.003349114	0.002234155	0.00168021	0.001036025	0.0006016905	0.0004450988	0.0003630592	0.0002733616	0.0001872862	0.0001108979	0.0001054773	0.0001060249	4.155371e-05	1.940361e-05	1.997765e-05	2.064986e-05	2.137877e-05	2.623893e-06	6.351609e-07	4.027355e-08	1.861445e-08
52	0.1533706	0.1205274	0.1053618	0.08714739	0.07354585	0.06241943	0.05177141	0.03741649	0.02288333	0.01226268	0.002996019	0.001977734	0.001477027	0.0008966384	0.0004994506	0.000355364	0.0002797364	0.0001962293	0.0001164287	4.495323e-05	3.833996e-05	3.911332e-05	3.986019e-05	1.792921e-05	1.845694e-05	1.907846e-05	1.975294e-05	2.387825e-06	5.784497e-07	3.668766e-08
53	0.08303003	0.03433848	0.02921191	0.02598567	0.01921349	0.01629907	0.01344108	0.01109894	0.007843419	0.005075868	0.002669529	0.0006704679	0.0004779557	0.0003725716	0.0002099182	0.000122034	9.065809e-05	7.404374e-05	5.409839e-05	3.582493e-05	2.107788e-05	2.014194e-05	2.051885e-05	2.080626e-05	2.139941e-06	2.154426e-06	2.214813e-06	2.283915e-06	2.954863e-07	7.957663e-08
54	0.1784198	0.02849219	0.02118093	0.01825196	0.01578561	0.01356517	0.01137677	0.009611323	0.007811307	0.005806488	0.003808284	0.002002022	0.0004960204	0.0003569599	0.000277568	0.0001465261	7.987266e-05	5.597211e-05	4.332464e-05	2.731566e-05	1.352078e-05	2.084737e-06	1.032683e-06	1.033175e-06	1.018233e-06	9.885617e-07	9.742938e-07	9.9522e-07	1.022477e-06	1.651048e-07
55	0.3574003	0.1039228	0.02624436	0.02064854	0.01794589	0.01549635	0.01329103	0.011115	0.00935654	0.007562829	0.005566385	0.00358072	0.001780483	0.0004855633	0.0003471743	0.0002680544	0.0001456044	7.935891e-05	5.560034e-05	4.302855e-05	2.711069e-05	1.340023e-05	2.032942e-06	9.863852e-07	9.863131e-07	9.71215e-07	9.438463e-07	9.691615e-07	9.901054e-07	1.017235e-06
56	0.5176811	0.3540784	0.1029222	0.02620153	0.02062659	0.01792696	0.01547993	0.01327681	0.01110294	0.009346152	0.007554133	0.00556053	0.003576731	0.001778176	0.0004846584	0.0003468542	0.0002678137	0.0001454474	7.928174e-05	5.554613e-05	4.29864e-05	2.708112e-05	1.338588e-05	2.029777e-06	9.8428e-07	9.841683e-07	9.690283e-07	9.416056e-07	9.668478e-07	9.879108e-07
57	0.8740869	0.4532745	0.3027111	0.07848729	0.01888708	0.01445122	0.01256197	0.01084773	0.009318012	0.007807309	0.006560475	0.0052868	0.003898857	0.002478486	0.001186664	0.0003405525	0.0002551383	0.000200553	0.0001036813	5.662547e-05	3.984051e-05	3.09284e-05	1.884518e-05	8.968747e-06	9.956627e-07	2.746317e-07	2.599276e-07	2.273893e-07	1.788305e-07	1.78933e-07
58	0.7765686	0.7614185	0.3535254	0.258681	0.07381743	0.01788216	0.01364599	0.01186184	0.01023999	0.008793273	0.007364147	0.006180492	0.004971032	0.003681631	0.002335697	0.00110843	0.0003191059	0.0002400204	0.0001883651	9.820299e-05	5.365789e-05	3.774949e-05	2.930316e-05	1.771258e-05	8.35821e-06	8.1612e-07	1.381939e-07	1.251641e-07	9.643645e-08	7.032576e-08
59	0.6000701	0.5778293	0.5713764	0.2061025	0.1812706	0.04210862	0.01313945	0.00970499	0.008436002	0.00726874	0.006235374	0.005218465	0.004373297	0.003512481	0.002601594	0.001643979	0.0007702909	0.0002064235	0.0001495576	0.0001122733	7.105602e-05	3.899154e-05	2.761457e-05	2.159651e-05	1.253056e-05	5.990148e-06	6.21194e-07	1.105623e-07	9.911033e-08	7.480304e-08
60	0.6285167	0.5761269	0.55723	0.5518316	0.1936817	0.1728509	0.03820401	0.01080325	0.009043781	0.007854901	0.006806927	0.005839202	0.004888803	0.004096477	0.003289652	0.00243591	0.001539002	0.0007200792	0.0001928425	0.0001397471	0.0001048296	6.641271e-05	3.666425e-05	2.600225e-05	2.036904e-05	1.170348e-05	5.583297e-06	5.636321e-07	8.180615e-08	7.286126e-08
61	0.3485052	0.1605899	0.1293729	0.1126333	0.1040879	0.06336779	0.04988697	0.02866532	0.009416622	0.00790372	0.006874836	0.005959097	0.005118897	0.00428528	0.00359573	0.002887309	0.002137409	0.001349853	0.0006308227	0.0001678793	0.0001212233	9.052693e-05	5.674044e-05	3.056253e-05	2.117749e-05	1.618597e-05	1.027804e-05	4.902266e-06	4.94151e-07	7.173803e-08
62	0.566852	0.3308515	0.1567307	0.1264166	0.1100326	0.101697	0.06190331	0.04865111	0.02806049	0.009218905	0.007734505	0.006727107	0.005830502	0.005007806	0.00419161	0.003516397	0.002822747	0.002092616	0.001321564	0.0006176043	0.000164371	0.0001186996	8.864892e-05	5.55701e-05	2.992904e-05	2.073826e-05	1.585101e-05	1.005022e-05	4.800324e-06	4.850356e-07
63	0.3902166	0.3631885	0.2418775	0.1271646	0.1002576	0.08507302	0.07704376	0.05530165	0.04513781	0.0261883	0.008482098	0.007263727	0.0063178	0.005475932	0.004703636	0.003937226	0.003302657	0.002650774	0.001964734	0.001240575	0.0005791148	0.0001540387	0.0001112704	8.304797e-05	5.209421e-05	2.8149e-05	1.950835e-05	1.491804e-05	9.421379e-06	4.492893e-06
64	0.1740456	0.1534518	0.1425809	0.1033958	0.04533655	0.03762024	0.03203187	0.02903458	0.02074063	0.01678537	0.009843916	0.003209294	0.002746153	0.002389361	0.002070726	0.001779334	0.001489343	0.001250014	0.001003496	0.000743342	0.0004694183	0.0002193354	5.834165e-05	4.212991e-05	3.144838e-05	1.972885e-05	1.06731e-05	7.409665e-06	5.673175e-06	3.574031e-06
65	0.7373322	0.1687647	0.1493235	0.1388414	0.1009245	0.04359121	0.03607353	0.03086445	0.0279815	0.01996821	0.01615163	0.009468307	0.003086405	0.002641002	0.002297758	0.001991195	0.001710863	0.00143186	0.001201596	0.0009644147	0.0007151488	0.0004516095	0.000210963	5.611559e-05	4.052532e-05	3.02533e-05	1.898324e-05	1.027281e-05	7.133947e-06	5.464029e-06
66	0.7142656	0.7038892	0.1550335	0.1366621	0.1262502	0.09742634	0.04205468	0.03472117	0.02978035	0.02700506	0.01924544	0.01555915	0.009115875	0.002969322	0.002542301	0.002211893	0.001916777	0.001646923	0.001378349	0.001156684	0.000928364	0.0006884275	0.0004348004	0.0002031126	5.403293e-05	3.902504e-05	2.913752e-05	1.829503e-05	9.902714e-06	6.879795e-06
67	0.3634646	0.3557452	0.3548891	0.05335617	0.05246986	0.05169471	0.0421801	0.004283656	0.001528014	0.001106544	0.001056318	0.0006279669	0.0003163109	0.0001597876	5.131337e-05	4.263639e-05	3.706711e-05	3.198245e-05	2.739422e-05	2.285818e-05	1.922621e-05	1.552525e-05	1.158574e-05	7.443008e-06	3.706934e-06	9.636304e-07	6.709824e-07	5.022287e-07	3.167953e-07	1.73902e-07
68	0.6264704	0.3520343	0.3455261	0.3448487	0.05213117	0.05136777	0.05062283	0.04135495	0.003901804	0.001180293	0.0008977799	0.000867046	0.0004943225	0.0002070156	9.486596e-05	3.064348e-05	2.502002e-05	2.174117e-05	1.870065e-05	1.59875e-05	1.33072e-05	1.121159e-05	9.092451e-06	6.824519e-06	4.431125e-06	2.264427e-06	5.747338e-07	3.894789e-07	2.911231e-07	1.832485e-07
69	0.4316537	0.4299164	0.1576988	0.1514028	0.1507447	0.04412961	0.04327406	0.04240696	0.0411567	0.003804846	0.001088346	0.0008630248	0.0008353424	0.0004737577	0.0001905257	8.493326e-05	2.710267e-05	2.244773e-05	1.950826e-05	1.677202e-05	1.43351e-05	1.192746e-05	1.005922e-05	8.174299e-06	6.152059e-06	4.006315e-06	2.056365e-06	5.181705e-07	3.486174e-07	2.604565e-07
70	0.4371804	0.4270623	0.4253689	0.1545955	0.1491073	0.1484754	0.04246077	0.04216141	0.041288	0.04005035	0.003716413	0.001030076	0.0008172047	0.0007935301	0.0004446694	0.0001666608	7.103507e-05	2.276673e-05	1.87296e-05	1.627987e-05	1.397219e-05	1.193616e-05	9.91818e-06	8.380691e-06	6.827042e-06	5.152998e-06	3.375198e-06	1.761402e-06	4.393046e-07	2.914895e-07
71	0.7754242	0.3005295	0.2907363	0.2890443	0.1515498	0.1464655	0.1458368	0.04238401	0.04209632	0.04122361	0.04000108	0.003695145	0.00101164	0.0008063543	0.0007835742	0.0004394876	0.0001627095	6.871862e-05	2.203713e-05	1.810856e-05	1.574026e-05	1.350612e-05	1.153773e-05	9.586367e-06	8.100283e-06	6.598914e-06	4.985893e-06	3.265007e-06	1.702399e-06	4.249452e-07
72	0.636556	0.6350717	0.2646988	0.2570514	0.2553865	0.1414176	0.1374174	0.1367967	0.04158231	0.04132758	0.04044775	0.03963757	0.003646645	0.0009695865	0.0007758393	0.0007555961	0.000422497	0.0001504703	6.161003e-05	1.974213e-05	1.615082e-05	1.403778e-05	1.203254e-05	1.027458e-05	8.531286e-06	7.212474e-06	5.882369e-06	4.45071e-06	2.921556e-06	1.533201e-06
73	0.8379382	0.4846357	0.483152	0.2472009	0.2403027	0.2386432	0.1404604	0.1365453	0.1359256	0.04155183	0.04130172	0.04042258	0.03962232	0.003634348	0.0009580757	0.0007690601	0.0007493841	0.0004191685	0.0001478863	6.007775e-05	1.924543e-05	1.574287e-05	1.368293e-05	1.17256e-05	1.001169e-05	8.311807e-06	7.026763e-06	5.731056e-06	4.341484e-06	2.849876e-06
74	0.6012421	0.590484	0.4175635	0.4164816	0.2171078	0.2116329	0.2099833	0.1292919	0.1255086	0.1248901	0.040856	0.04060653	0.03971898	0.03953793	0.003611153	0.0009373625	0.000753526	0.0007350773	0.000410309	0.0001410976	5.611919e-05	1.806235e-05	1.473455e-05	1.280262e-05	1.095969e-05	9.35042e-06	7.754236e-06	6.552554e-06	5.342218e-06	4.044474e-06
75	0.9985136	0.6000311	0.589276	0.4163701	0.4152882	0.2170832	0.2116113	0.2099617	0.1292861	0.1255031	0.1248846	0.04085565	0.04060623	0.0397187	0.03953775	0.003610985	0.0009372086	0.0007534098	0.0007349691	0.0004102325	0.0001410312	5.607202e-05	1.803612e-05	1.472633e-05	1.279544e-05	1.095347e-05	9.345095e-06	7.749794e-06	6.548852e-06	5.33928e-06
76	0.999342	0.9980748	0.5996005	0.5891013	0.4162085	0.4151267	0.2170257	0.2115543	0.2099047	0.1292562	0.1254741	0.1248557	0.04084907	0.04060057	0.03971349	0.03953418	0.003607784	0.000934367	0.000750977	0.0007327764	0.0004085979	0.0001396849	5.525943e-05	1.77507e-05	1.45054e-05	1.260326e-05	1.078692e-05	9.202009e-06	7.630071e-06	6.448386e-06
77	0.8778196	0.8777121	0.8764676	0.4957835	0.4950429	0.3746339	0.3743615	0.2093216	0.2040037	0.203933	0.1239262	0.1203114	0.1202768	0.03630089	0.03600194	0.03654032	0.0363094	0.003403938	0.0007475826	0.0005613949	0.0005418158	0.0003914964	0.0001392774	5.498776e-05	1.75426e-05	1.429844e-05	1.239649e-05	1.071749e-05	9.134538e-06	7.61538e-06
78	0.8184133	0.8076901	0.8075834	0.8063395	0.4472264	0.4464873	0.3537643	0.3534919	0.2010472	0.196096	0.1960253	0.1181479	0.114875	0.1148404	0.0308682	0.03059954	0.0310508	0.03072999	0.001146237	0.0007052025	0.0005217364	0.0005014695	0.0003504514	0.0001193198	5.494369e-05	1.752371e-05	1.428029e-05	1.238637e-05	1.070794e-05	9.129425e-06
79	0.8112045	0.7940186	0.7843824	0.7842764	0.7830613	0.4349648	0.4342379	0.3526519	0.3523795	0.2000814	0.1952951	0.1952244	0.1174332	0.1143493	0.1143148	0.03036147	0.03051145	0.0309616	0.03064036	0.001064796	0.0006932407	0.0005191348	0.0004989795	0.0003482646	0.0001184128	5.441754e-05	1.737117e-05	1.41478e-05	1.227319e-05	1.060864e-05
80	0.9949815	0.8111266	0.7939794	0.7843473	0.7842414	0.7830265	0.4349313	0.4342044	0.3526208	0.3523485	0.2000627	0.1952765	0.1952058	0.1174225	0.1143392	0.1143046	0.03036084	0.03051092	0.03096109	0.03064005	0.001064513	0.0006929841	0.0005189496	0.000498805	0.0003481541	0.0001183199	5.436034e-05	1.73554e-05	1.413453e-05	1.226147e-05
81	0.9985494	0.9934703	0.8077879	0.790766	0.7819829	0.7818753	0.7806421	0.4271724	0.4264344	0.3436568	0.3433802	0.1892949	0.1844342	0.1843623	0.1103555	0.1072549	0.1072201	0.03074753	0.03092934	0.03139413	0.03114698	0.0010792	0.0007017645	0.0005251579	0.0005048987	0.0003532618	0.0001197907	5.505243e-05	1.765432e-05	1.438598e-05
82	0.9677681	0.9663146	0.9611618	0.7983346	0.7815097	0.7794938	0.7793883	0.7781356	0.4191199	0.4183702	0.3343736	0.3340925	0.1781564	0.1732189	0.1731459	0.1030449	0.09992589	0.09989088	0.031146	0.03136082	0.03184097	0.03167061	0.001093924	0.000710391	0.0005310523	0.0005106839	0.0003580131	0.000120673	5.502393e-05	1.715094e-05
83	0.6093284	0.6023701	0.6012294	0.5970429	0.5597124	0.554666	0.5541561	0.5540492	0.5527773	0.3445756	0.3438142	0.2784826	0.278197	0.1361883	0.1314646	0.1313905	0.0656191	0.06266445	0.0626294	0.001799854	0.001557245	0.001540896	0.0009235887	0.0008054485	0.0005386894	0.0003581057	0.0003344379	0.0001783771	9.829772e-05	5.561914e-05
84	0.7167242	0.5420159	0.5351611	0.5345735	0.5305548	0.5009457	0.4965938	0.4961423	0.4960338	0.494741	0.3321638	0.33139	0.2669851	0.2666947	0.1233701	0.1186724	0.118597	0.05711589	0.05428033	0.05424616	0.001368681	0.001141017	0.001118338	0.000560843	0.0005159208	0.0004909577	0.0003070339	0.0002828133	0.0001308872	9.765163e-05
85	0.3158362	0.3028651	0.2910059	0.2905693	0.2902674	0.2870069	0.2610677	0.2577262	0.2573208	0.2572113	0.255897	0.2541731	0.2533866	0.2512766	0.2509815	0.1060163	0.105685	0.1056084	0.04828833	0.04610504	0.04607254	0.00125864	0.00105686	0.001034081	0.0005449509	0.0005032215	0.0004797184	0.0002942859	0.0002708344	0.0001286466
86	0.4319212	0.2982501	0.2870118	0.2757506	0.275363	0.2751501	0.2719261	0.2465762	0.2435749	0.2431972	0.2431826	0.2431636	0.2425002	0.2424567	0.2409108	0.2409003	0.09424176	0.09397495	0.09397135	0.04039853	0.03867978	0.03866064	0.001145558	0.0009677117	0.0009447753	0.0005151009	0.0004779975	0.0004548241	0.0002664889	0.0002448714
87	0.9919685	0.4277693	0.2941585	0.2828181	0.2714318	0.2710393	0.2708243	0.2675584	0.2423637	0.2395248	0.2391755	0.2391607	0.2391413	0.238551	0.2385069	0.2370021	0.2369913	0.08822358	0.08795322	0.08794956	0.03614047	0.0346727	0.03465586	0.001087949	0.0009228624	0.0008997047	0.0005012918	0.000466727	0.0004436744	0.0002520937
88	0.9966653	0.9894636	0.4239572	0.2897195	0.2782956	0.2668016	0.2664041	0.2661876	0.2628927	0.2379739	0.2353041	0.2349848	0.2349697	0.2349501	0.2344357	0.2343908	0.2329294	0.2329185	0.08197469	0.08170069	0.08169697	0.03172102	0.03051459	0.03050016	0.001026297	0.0008747202	0.0008514721	0.0004858578	0.0004540576	0.0004312693
89	0.9791345	0.9784968	0.971688	0.4091106	0.28232	0.2711415	0.2598119	0.2594112	0.2592016	0.2560881	0.2333387	0.2308541	0.2305728	0.2305575	0.2305377	0.2301027	0.230057	0.2286443	0.2286335	0.07547548	0.07519781	0.07519409	0.02713535	0.02619958	0.02618769	0.0009554864	0.0008178155	0.0007944915	0.0004636763	0.0004347144
90	0.1765639	0.1750643	0.1745868	0.1706537	0.1020106	0.04263612	0.03986606	0.03738382	0.03735198	0.03727322	0.03550295	0.02343198	0.02231167	0.0222551	0.02224347	0.02222474	0.02196591	0.02192042	0.02065911	0.02064973	0.0177532	0.01747397	0.01747053	0.01095485	0.01031501	0.01030718	0.0006222239	0.0005178343	0.0005062186	0.0003448455
91	0.1607232	0.1511721	0.1498134	0.1493562	0.1455184	0.08871178	0.03145515	0.02883209	0.02647761	0.02644987	0.02637399	0.02463941	0.01330702	0.01240332	0.01236724	0.01235553	0.01233653	0.01221382	0.01216753	0.01190962	0.01190015	0.009473439	0.009466421	0.009462937	0.005734425	0.005455635	0.005450524	0.0005224369	0.0004545291	0.0004431779
92	0.1259692	0.1170362	0.1150011	0.1142416	0.1140296	0.1111484	0.06748259	0.02003326	0.01788197	0.01594723	0.01593156	0.01587568	0.01455131	0.005451608	0.004744474	0.00472587	0.004715507	0.004697009	0.004650108	0.004603505	0.004490373	0.004488486	0.003246181	0.003242112	0.003241611	0.001937818	0.001859756	0.001857525	0.000282884	0.0002478842
93	0.2407676	0.1104182	0.1047163	0.1038086	0.1031765	0.1030092	0.1002657	0.0605518	0.01590558	0.01396375	0.01213594	0.01212159	0.01206852	0.01080333	0.002489747	0.002376776	0.002363859	0.002353439	0.002334722	0.002310284	0.002262872	0.002191289	0.002189482	0.001403167	0.001400192	0.001399712	0.0007993638	0.0007774877	0.0007759763	0.0001821473
94	0.9899537	0.2434997	0.1110622	0.1054374	0.1045823	0.1041432	0.1039834	0.1012073	0.06114875	0.01597724	0.01401583	0.01216637	0.01215186	0.01209814	0.01081772	0.002459327	0.00234661	0.002337228	0.00232665	0.002307576	0.002283373	0.002235025	0.0021632	0.002161369	0.001371092	0.001368109	0.001367622	0.0007778593	0.0007562346	0.0007547109
95	0.9161126	0.9121963	0.2422001	0.1098325	0.1046263	0.1038931	0.1036758	0.1035784	0.1008998	0.0609806	0.01588797	0.01393102	0.0120854	0.01207154	0.01201866	0.01074079	0.002406492	0.002295245	0.002285968	0.00227567	0.00225711	0.002233431	0.002184451	0.002113189	0.002111515	0.001325719	0.001322784	0.001322378	0.0007489454	0.0007276884
96	0.9627398	0.9114253	0.9082381	0.2459793	0.1114555	0.1062574	0.1055202	0.1053039	0.1052054	0.1024818	0.06193752	0.01608913	0.01409995	0.01222366	0.01220957	0.01215581	0.01085644	0.002388485	0.002276838	0.002268143	0.002257643	0.002238706	0.002215187	0.002165193	0.002093236	0.002091533	0.001296205	0.001293251	0.001292837	0.0007282225
97	0.9091636	0.9047393	0.8611334	0.8580743	0.2499182	0.1131549	0.1079284	0.1072175	0.1070638	0.1069969	0.1042248	0.06295408	0.01625368	0.0142276	0.01231473	0.01230066	0.01224622	0.01092136	0.002305547	0.002193375	0.002184654	0.002174002	0.002171957	0.002148605	0.002147409	0.002074668	0.002073079	0.001266453	0.001263487	0.001263138
98	0.9056361	0.8656664	0.8625189	0.8222629	0.8191985	0.2537749	0.1146475	0.1094186	0.1088798	0.1087281	0.1086606	0.1058407	0.06393156	0.01644124	0.01438252	0.01243777	0.01242347	0.0123681	0.01102033	0.002279974	0.002167552	0.002158825	0.002147971	0.00214589	0.002124865	0.002123649	0.002051642	0.002050026	0.001233373	0.00123053
99	0.9802528	0.8966598	0.8562546	0.8530609	0.8140303	0.8110763	0.2572713	0.1158064	0.1106816	0.1101443	0.1099901	0.1099217	0.1070651	0.06467256	0.01657223	0.01448868	0.01251911	0.01250463	0.01244854	0.01108327	0.002249273	0.002136979	0.002128291	0.002117215	0.002115102	0.002094384	0.002093151	0.002020717	0.00201908	0.001195361
100	0.9701013	0.9609058	0.8767071	0.8354824	0.8322259	0.7936974	0.7906923	0.2613108	0.1171177	0.1119448	0.1116366	0.1114791	0.1114096	0.1085102	0.06542509	0.01674916	0.01463685	0.01263211	0.01261741	0.01256049	0.01117483	0.002224342	0.002111769	0.002103064	0.002091738	0.00208958	0.002069971	0.002068712	0.001996213	0.00199455
101	0.9766299	0.9577056	0.9487712	0.8640007	0.8220471	0.8187325	0.7821578	0.7791627	0.2636387	0.1175543	0.1128235	0.1125187	0.1123582	0.1122879	0.1093593	0.06596504	0.01680602	0.01467637	0.01265237	0.01263751	0.01258001	0.01118045	0.002183416	0.002071465	0.002062822	0.002051236	0.002049055	0.002029843	0.002028577	0.001955909
102	0.9788127	0.9660301	0.9468992	0.938	0.8526982	0.8102304	0.8068476	0.7717927	0.768803	0.2666236	0.11832	0.1139187	0.1136146	0.1134507	0.1133795	0.1104178	0.06660166	0.01689778	0.01474669	0.01270025	0.01268521	0.01262705	0.01121179	0.00214418	0.00203265	0.002024061	0.002012201	0.002009997	0.001991161	0.001989882
103	0.8172568	0.8142161	0.8026838	0.7873475	0.7789341	0.6971745	0.6542065	0.6508162	0.6170333	0.6140106	0.1306674	0.1152581	0.1109972	0.1106994	0.1105332	0.1104631	0.1075728	0.06466374	0.01633367	0.01423183	0.01222098	0.01220621	0.01214941	0.01076863	0.002068049	0.001959946	0.001951579	0.001939443	0.001937264	0.001919047
104	0.7593783	0.7440041	0.741684	0.7321059	0.7250013	0.717285	0.6401228	0.6350518	0.6315865	0.6039008	0.6008695	0.1301848	0.1150036	0.1122525	0.1119519	0.111782	0.1117109	0.108783	0.0653099	0.01639282	0.01426693	0.01227808	0.0122631	0.01220556	0.01080694	0.002021641	0.001914049	0.00190617	0.001893738	0.001891523
105	0.7810444	0.7480945	0.7326365	0.7303742	0.7209797	0.7137991	0.7061887	0.6287019	0.6235939	0.6229935	0.5959184	0.5928673	0.1327262	0.1176074	0.1148358	0.1145328	0.1143797	0.1143117	0.1113255	0.06683782	0.01671191	0.01453399	0.01249549	0.01248042	0.01242174	0.0109881	0.001992743	0.001884446	0.001876543	0.001863827
106	0.956143	0.7743919	0.7414604	0.7256259	0.7233297	0.71373	0.7064118	0.6986254	0.6194371	0.6143624	0.613747	0.5874159	0.5842866	0.1354221	0.1204039	0.1176167	0.117307	0.1171499	0.1170802	0.1140171	0.06846218	0.01705372	0.01482086	0.01273037	0.01271493	0.01265474	0.01118416	0.001968958	0.001859786	0.001851864
107	0.8588044	0.8178689	0.6633828	0.6322408	0.6161314	0.6139277	0.6053092	0.59895	0.591964	0.5284752	0.5241752	0.5235563	0.5013058	0.4981001	0.1194655	0.1054354	0.1027769	0.1025119	0.1023545	0.1022894	0.09952831	0.0623971	0.01575279	0.01375837	0.01191261	0.01189849	0.01184421	0.01051896	0.001645474	0.001553209
108	0.8207985	0.8156002	0.8021553	0.647185	0.6173215	0.600817	0.5985862	0.5898303	0.5833992	0.576298	0.511909	0.5075657	0.506931	0.4855925	0.4822986	0.120847	0.1069666	0.104294	0.1040677	0.1039061	0.1038397	0.1010297	0.06323852	0.01594026	0.01391498	0.0120319	0.01201751	0.01196227	0.01061355	0.001600952
109	0.8938567	0.8026444	0.7980128	0.7849433	0.6345608	0.6041778	0.5872164	0.5849531	0.5760035	0.569453	0.5621868	0.4963691	0.4926416	0.4919897	0.4719615	0.468574	0.123219	0.1094845	0.1067928	0.1065618	0.1063957	0.1063275	0.1034441	0.06473385	0.01622197	0.01414754	0.01221604	0.01220129	0.01214461	0.01076066
110	0.8834094	0.8089577	0.7725388	0.7685928	0.7560754	0.6036988	0.5738236	0.572787	0.5708951	0.5619554	0.5552826	0.547879	0.4809268	0.477165	0.4765662	0.4576118	0.4541648	0.1255937	0.1120277	0.1093182	0.1090991	0.1090547	0.1089917	0.1060283	0.06635622	0.01655018	0.01442043	0.01243434	0.01242085	0.0123631
111	0.8519809	0.8394424	0.7786482	0.7465054	0.7425881	0.7309585	0.5762065	0.5477232	0.5471587	0.5462492	0.5371755	0.5304146	0.5229001	0.4566261	0.4529233	0.452452	0.4350296	0.4316525	0.1276708	0.1143702	0.1116501	0.111432	0.1113961	0.1113391	0.1082998	0.06788108	0.01682484	0.01464129	0.01260319	0.01258981
112	0.6833487	0.6567969	0.6497756	0.5963987	0.579039	0.5771682	0.5682287	0.457864	0.4321264	0.4318248	0.431065	0.4241864	0.4191507	0.4134645	0.360255	0.3571865	0.3570412	0.3431434	0.3423571	0.09310481	0.08082497	0.07829925	0.07815514	0.07813303	0.07809769	0.07626219	0.04365631	0.01252532	0.01101096	0.009708995
113	0.429938	0.3832314	0.3691809	0.3656874	0.3264867	0.3210325	0.3202445	0.3154256	0.2609957	0.2569848	0.2568077	0.2562523	0.2534945	0.2507951	0.2485499	0.2096228	0.207487	0.2073836	0.1983161	0.1975885	0.05102611	0.03984857	0.03934292	0.03927423	0.03926574	0.0392535	0.0387844	0.0168956	0.007514247	0.006834516
114	0.3961409	0.3785939	0.3338519	0.320303	0.3169901	0.277427	0.272654	0.2719104	0.2681261	0.2191235	0.215526	0.2153866	0.2148714	0.2123845	0.2099574	0.2079303	0.1716581	0.1697713	0.1697256	0.162311	0.1622911	0.04703966	0.03619786	0.03573963	0.03567446	0.03566753	0.03565738	0.03528439	0.01507032	0.007133346
115	0.3666342	0.3411713	0.3321358	0.2883529	0.2751164	0.2719157	0.2319891	0.227825	0.2271323	0.2241019	0.182009	0.1792163	0.179094	0.1785992	0.1764454	0.17433	0.1725779	0.1393375	0.1377042	0.1376617	0.1317179	0.1316987	0.04213304	0.03127516	0.03084885	0.03078975	0.030784	0.03077591	0.03053178	0.01265529
116	0.3695004	0.3392237	0.3153592	0.3076041	0.2637126	0.2504398	0.2472698	0.2063012	0.2021522	0.2014566	0.1988427	0.1588035	0.1563973	0.1562825	0.155791	0.1537245	0.1517114	0.1500304	0.1193454	0.1179056	0.1178628	0.1129222	0.1129028	0.0410067	0.02996167	0.02954574	0.02949291	0.02948707	0.02947888	0.02923664
117	0.6114722	0.3262032	0.2949654	0.2725334	0.2648661	0.2398748	0.2270683	0.2240236	0.1818842	0.177723	0.1770217	0.174824	0.1366413	0.1343953	0.1342879	0.1337988	0.1318057	0.1298879	0.1282661	0.1003006	0.09907478	0.09903134	0.09517196	0.09515229	0.0401121	0.02886652	0.02846053	0.02840834	0.02840232	0.0283939
118	0.9029051	0.5195614	0.2276417	0.2204635	0.2092423	0.2031161	0.1957586	0.19081	0.1880092	0.144912	0.1409399	0.1403016	0.1385807	0.1048176	0.1028793	0.1027857	0.1022989	0.1005076	0.09876372	0.09731009	0.07501178	0.07403317	0.07398976	0.07086144	0.07084156	0.02666949	0.02575514	0.0253635	0.02531349	0.02530732
119	0.8914103	0.8857686	0.4885399	0.1855845	0.1789589	0.1704221	0.1664227	0.161323	0.159746	0.159272	0.1153449	0.1116468	0.1114417	0.1100775	0.08160552	0.07998791	0.07990248	0.07941631	0.07788801	0.07675837	0.07552842	0.05889557	0.05816718	0.05812492	0.05586586	0.0558459	0.02241235	0.0216795	0.02148054	0.02143749
120	0.8858251	0.8431474	0.8375317	0.4240173	0.1515174	0.1449228	0.1387965	0.1351766	0.1314359	0.1302668	0.1299029	0.08503089	0.0814435	0.08127732	0.08028516	0.0579495	0.05670219	0.05666843	0.05661447	0.05538511	0.05450189	0.05352189	0.04246034	0.04197173	0.04193205	0.04039949	0.04038642	0.01761925	0.01707619	0.0169258
121	0.3974607	0.3618304	0.3550916	0.3547243	0.3545548	0.07396427	0.06726671	0.06327383	0.05999938	0.05761853	0.05685487	0.05659836	0.0546521	0.05116649	0.05103938	0.05042452	0.03427286	0.0333948	0.03337402	0.03334031	0.03253214	0.03189744	0.03122068	0.02580549	0.02555986	0.02554823	0.0247518	0.02474969	0.01279168	0.01244051
122	0.1419058	0.1126377	0.09307499	0.08779427	0.08762239	0.08752893	0.03183807	0.03127824	0.02920251	0.02867016	0.02751913	0.02715577	0.02706283	0.02589332	0.02429335	0.02422426	0.02394024	0.01430066	0.01380364	0.0137928	0.01377567	0.01329144	0.01292986	0.01252351	0.01141082	0.01135269	0.01134521	0.01112437	0.01112308	0.007641708
123	0.07085491	0.04694566	0.02656881	0.009808226	0.008249181	0.008227371	0.008217421	0.004756435	0.004569138	0.003828547	0.003725818	0.003568907	0.003519251	0.003506046	0.003411238	0.003268797	0.003260484	0.003210805	0.002410843	0.002364561	0.002363123	0.002360794	0.002321367	0.002288138	0.002255274	0.002148398	0.00213832	0.002137765	0.002070024	0.002069792
124	0.2036958	0.06934478	0.04535262	0.0245135	0.007119895	0.00601244	0.005997173	0.005991159	0.003330665	0.00325849	0.002553608	0.002473304	0.002364409	0.002329907	0.00232065	0.002279866	0.00225181	0.002248959	0.002209964	0.001854675	0.001830889	0.0018299	0.001828278	0.00181124	0.001795723	0.001781668	0.001727658	0.001719876	0.001719637	0.001657936
125	0.1041047	0.0962833	0.04505303	0.02097907	0.02060504	0.002602281	0.001685563	0.001679701	0.001677875	0.0002441252	0.0001772508	0.0001339558	0.0001285107	0.0001225738	0.0001206117	0.000120104	0.0001156871	0.0001135462	0.0001133053	0.0001117294	8.012947e-05	7.836934e-05	7.831969e-05	7.824008e-05	7.662796e-05	7.543923e-05	7.404833e-05	6.746591e-05	6.700598e-05	6.698171e-05
126	0.2960155	0.07466638	0.070689	0.02819929	0.00284763	0.002678216	0.002657037	0.001696932	0.001691133	0.001689419	0.0001814642	0.0001117473	7.963975e-05	7.556319e-05	7.180502e-05	7.052946e-05	7.020856e-05	6.747133e-05	6.558375e-05	6.542598e-05	6.46259e-05	4.201373e-05	4.073256e-05	4.070406e-05	4.065882e-05	3.952557e-05	3.866304e-05	3.771371e-05	3.236996e-05	3.211799e-05
127	0.6035034	0.2514412	0.07195239	0.06923208	0.02657421	0.002064819	0.001889769	0.001868938	0.001773443	0.00176737	0.001765599	0.0001703181	9.663786e-05	6.388852e-05	5.985324e-05	5.6693e-05	5.558969e-05	5.531733e-05	5.291988e-05	5.107524e-05	5.093604e-05	5.0334e-05	3.064371e-05	2.959923e-05	2.957612e-05	2.954009e-05	2.854935e-05	2.780552e-05	2.697464e-05	2.360164e-05
128	0.5444947	0.5331375	0.1974846	0.03321531	0.03081733	0.02818328	0.002162403	0.001980372	0.001959343	0.001865416	0.001865245	0.001865089	0.0001704588	9.221247e-05	5.789435e-05	5.377872e-05	5.082683e-05	4.978268e-05	4.952511e-05	4.74311e-05	4.559045e-05	4.546693e-05	4.493385e-05	2.773356e-05	2.681411e-05	2.679424e-05	2.676266e-05	2.58981e-05	2.524429e-05	2.451903e-05
129	0.5911674	0.490706	0.4810462	0.1577809	0.006627257	0.00444856	0.002209973	0.002193103	0.002002463	0.001981012	0.001979894	0.001979741	0.001979604	0.0001722492	8.88182e-05	5.265134e-05	4.841878e-05	4.564093e-05	4.464452e-05	4.439899e-05	4.257871e-05	4.072442e-05	4.061485e-05	4.013582e-05	2.517222e-05	2.438888e-05	2.43713e-05	2.434328e-05	2.359161e-05	2.301863e-05
130	0.8173851	0.4599145	0.3637692	0.3545654	0.1238407	0.005201364	0.00371445	0.002185145	0.002170685	0.002088633	0.002076032	0.002075122	0.002074989	0.002074873	0.0001385432	4.918312e-05	4.612201e-05	4.175289e-05	3.974327e-05	3.897929e-05	3.875501e-05	3.724228e-05	3.537062e-05	3.527671e-05	3.485726e-05	2.240749e-05	2.175096e-05	2.173592e-05	2.171187e-05	2.108707e-05
131	0.7068968	0.688618	0.3042801	0.264234	0.2566593	0.09689774	0.004405161	0.003371999	0.002155412	0.002144774	0.002123859	0.0021189	0.002118169	0.002118062	0.002117971	6.070745e-05	3.752225e-05	3.472885e-05	3.411324e-05	3.274939e-05	3.229067e-05	3.215112e-05	3.09831e-05	2.912244e-05	2.905153e-05	2.870392e-05	1.906396e-05	1.85504e-05	1.853833e-05	1.851889e-05
132	0.8569693	0.6796681	0.6608502	0.244777	0.2132434	0.2061784	0.07632968	0.004053905	0.003244589	0.002301788	0.002293331	0.002286039	0.002283659	0.002283099	0.002283017	0.002282953	5.43849e-05	2.930094e-05	2.709348e-05	2.660893e-05	2.557818e-05	2.525853e-05	2.516521e-05	2.438294e-05	2.249404e-05	2.244312e-05	2.216945e-05	1.566665e-05	1.531053e-05	1.530166e-05
133	0.6919548	0.6434777	0.5851273	0.5803265	0.1404782	0.1261194	0.1241574	0.04689766	0.001224691	0.0007112786	9.779545e-05	9.242934e-05	8.944549e-05	8.824135e-05	8.788741e-05	8.783468e-05	8.780308e-05	2.295944e-05	1.856011e-05	1.701639e-05	1.671982e-05	1.606231e-05	1.586612e-05	1.581078e-05	1.547678e-05	1.474427e-05	1.472178e-05	1.453501e-05	1.167262e-05	1.149842e-05
134	0.5649816	0.5487068	0.5403607	0.4921374	0.4889114	0.05546626	0.04892782	0.04814224	0.01970452	0.000556825	0.0003420811	7.810181e-05	7.576642e-05	7.48605e-05	7.442369e-05	7.42871e-05	7.426429e-05	7.425285e-05	8.041474e-06	7.876744e-06	7.327385e-06	7.182946e-06	6.89767e-06	6.813975e-06	6.790317e-06	6.68862e-06	6.504323e-06	6.496494e-06	6.411548e-06	5.498922e-06
135	0.6317708	0.5235218	0.5172246	0.5157492	0.5134134	0.5132487	0.03368825	0.02975146	0.02929986	0.01224068	0.0003052635	0.0001730423	7.299859e-06	5.819462e-06	5.336225e-06	5.079476e-06	4.997196e-06	4.982916e-06	4.97614e-06	4.953032e-06	4.789116e-06	4.496777e-06	4.436232e-06	4.256865e-06	4.204474e-06	4.189532e-06	4.135343e-06	4.11266e-06	4.108733e-06	4.05337e-06
136	0.188692	0.10138	0.02989363	0.02581444	0.02444645	0.0228868	0.02279076	0.0226922	0.01963851	0.01940186	0.008112038	0.0002023581	0.0001149318	4.62966e-06	3.635778e-06	3.408982e-06	3.255035e-06	3.201407e-06	3.191906e-06	3.187848e-06	3.177339e-06	3.171352e-06	2.971955e-06	2.94091e-06	2.82328e-06	2.789099e-06	2.779126e-06	2.753774e-06	2.742356e-06	2.740312e-06
137	0.2082259	0.1239251	0.06668306	0.01922612	0.01649806	0.01510758	0.01403377	0.01398275	0.0139043	0.01288874	0.01273216	0.005320862	0.0001331226	7.575303e-05	2.921267e-06	2.252933e-06	2.214373e-06	2.132854e-06	2.098622e-06	2.092354e-06	2.090214e-06	2.086406e-06	2.082852e-06	1.946509e-06	1.928531e-06	1.852173e-06	1.830407e-06	1.823804e-06	1.819774e-06	1.815032e-06
138	0.1450328	0.1075371	0.06724212	0.03651653	0.01093799	0.009456429	0.007991387	0.007394628	0.007366623	0.007341376	0.00681441	0.006752027	0.002824247	7.074105e-05	4.027882e-05	1.542803e-06	1.183775e-06	1.173648e-06	1.132144e-06	1.113716e-06	1.110344e-06	1.10925e-06	1.10775e-06	1.105967e-06	1.033162e-06	1.023939e-06	9.835553e-07	9.720662e-07	9.685237e-07	9.676028e-07
139	0.2468263	0.09048747	0.06726057	0.04162551	0.02212835	0.006171066	0.005188319	0.005081815	0.004679239	0.004663841	0.004647934	0.004316038	0.004276756	0.001788702	4.4816e-05	2.551009e-05	9.802058e-07	7.49827e-07	7.436211e-07	7.172882e-07	7.052008e-07	7.030668e-07	7.02363e-07	7.014257e-07	7.003043e-07	6.543998e-07	6.486106e-07	6.231449e-07	6.158857e-07	6.135825e-07
140	0.4553931	0.1888874	0.0715018	0.05276976	0.03248386	0.01743281	0.004841348	0.004114389	0.004024254	0.003743387	0.003731073	0.00371837	0.003453604	0.003422278	0.001431463	3.583803e-05	2.040917e-05	7.810088e-07	5.9862e-07	5.943687e-07	5.734039e-07	5.642047e-07	5.624891e-07	5.619281e-07	5.612007e-07	5.603107e-07	5.235504e-07	5.189978e-07	4.986354e-07	4.928335e-07
141	0.9873496	0.444514	0.1794652	0.07117459	0.05250544	0.03234261	0.01736096	0.004824911	0.004100932	0.004006342	0.003726554	0.003714195	0.003701548	0.003438217	0.003407049	0.001425126	3.567963e-05	2.031889e-05	7.773762e-07	5.957521e-07	5.916538e-07	5.708456e-07	5.616834e-07	5.599695e-07	5.594103e-07	5.586898e-07	5.578042e-07	5.212086e-07	5.166819e-07	4.964168e-07
142	0.9793459	0.9763696	0.4401557	0.1772488	0.0701157	0.0520512	0.03204516	0.01720541	0.004768363	0.004051722	0.003976329	0.003698335	0.003686548	0.003674001	0.003412986	0.003382094	0.001414679	3.541646e-05	2.016962e-05	7.714136e-07	5.91034e-07	5.872173e-07	5.666023e-07	5.57504e-07	5.558233e-07	5.552731e-07	5.545659e-07	5.536886e-07	5.173637e-07	5.128912e-07
143	0.9938486	0.9753234	0.9723649	0.4385202	0.1764799	0.06985121	0.05185238	0.03194198	0.01715188	0.004752781	0.004038374	0.003962552	0.003685685	0.003674034	0.00366153	0.003402378	0.003371712	0.001410307	3.530323e-05	2.010641e-05	7.682559e-07	5.881722e-07	5.851572e-07	5.647391e-07	5.5571e-07	5.540321e-07	5.534866e-07	5.52806e-07	5.51935e-07	5.157086e-07
