#unpaired probabilities
 #i$	l=1	2	3	4	5	6	7	8	9	10	11	12	13	14	15	16	17	18	19	20	21	22	23	24	25	26	27	28	29	30	
1	0.817032	NA	NA	NA	NA	NA	NA	NA	NA	NA	NA	NA	NA	NA	NA	NA	NA	NA	NA	NA	NA	NA	NA	NA	NA	NA	NA	NA	NA	NA
2	0.8886004	0.7930014	NA	NA	NA	NA	NA	NA	NA	NA	NA	NA	NA	NA	NA	NA	NA	NA	NA	NA	NA	NA	NA	NA	NA	NA	NA	NA	NA	NA
3	0.906342	0.8185131	0.7340108	NA	NA	NA	NA	NA	NA	NA	NA	NA	NA	NA	NA	NA	NA	NA	NA	NA	NA	NA	NA	NA	NA	NA	NA	NA	NA	NA
4	0.9218574	0.8814703	0.7964516	0.7150444	NA	NA	NA	NA	NA	NA	NA	NA	NA	NA	NA	NA	NA	NA	NA	NA	NA	NA	NA	NA	NA	NA	NA	NA	NA	NA
5	0.9556193	0.9141339	0.873708	0.7903493	0.7096196	NA	NA	NA	NA	NA	NA	NA	NA	NA	NA	NA	NA	NA	NA	NA	NA	NA	NA	NA	NA	NA	NA	NA	NA	NA
6	0.9456692	0.9260089	0.8879596	0.850067	0.7737839	0.6948666	NA	NA	NA	NA	NA	NA	NA	NA	NA	NA	NA	NA	NA	NA	NA	NA	NA	NA	NA	NA	NA	NA	NA	NA
7	0.9010785	0.877073	0.8551654	0.8216488	0.7813968	0.7319378	0.6573656	NA	NA	NA	NA	NA	NA	NA	NA	NA	NA	NA	NA	NA	NA	NA	NA	NA	NA	NA	NA	NA	NA	NA
8	0.9144137	0.8815144	0.8583693	0.8359692	0.8037508	0.7635196	0.717811	0.644702	NA	NA	NA	NA	NA	NA	NA	NA	NA	NA	NA	NA	NA	NA	NA	NA	NA	NA	NA	NA	NA	NA
9	0.9523626	0.8992937	0.8709744	0.8487575	0.8260576	0.7968849	0.7567383	0.7113999	0.639559	NA	NA	NA	NA	NA	NA	NA	NA	NA	NA	NA	NA	NA	NA	NA	NA	NA	NA	NA	NA	NA
10	0.2177182	0.2061921	0.19987	0.1933328	0.1853601	0.1754378	0.1691613	0.1622084	0.152321	0.1368874	NA	NA	NA	NA	NA	NA	NA	NA	NA	NA	NA	NA	NA	NA	NA	NA	NA	NA	NA	NA
11	0.2887042	0.2039411	0.1923695	0.1862058	0.1791496	0.1710019	0.1608421	0.1550899	0.1483357	0.1403673	0.1261387	NA	NA	NA	NA	NA	NA	NA	NA	NA	NA	NA	NA	NA	NA	NA	NA	NA	NA	NA
12	0.7837876	0.2869901	0.203423	0.191857	0.1856858	0.1786572	0.1704952	0.1603263	0.1545883	0.1478494	0.139915	0.125733	NA	NA	NA	NA	NA	NA	NA	NA	NA	NA	NA	NA	NA	NA	NA	NA	NA	NA
13	0.8062554	0.7587415	0.2827545	0.2005421	0.1890101	0.1829672	0.1760819	0.168035	0.1579676	0.1522919	0.1456495	0.1378487	0.1238756	NA	NA	NA	NA	NA	NA	NA	NA	NA	NA	NA	NA	NA	NA	NA	NA	NA
14	0.9755307	0.7998901	0.7542725	0.2806786	0.1997868	0.1884759	0.1824359	0.1755589	0.1675102	0.1574529	0.1517901	0.1451607	0.1373967	0.1234779	NA	NA	NA	NA	NA	NA	NA	NA	NA	NA	NA	NA	NA	NA	NA	NA
15	0.9452145	0.917365	0.7384212	0.6887009	0.2776358	0.1989612	0.1877814	0.1817643	0.1749138	0.1668975	0.1568921	0.1512462	0.1446361	0.1369003	0.1230418	NA	NA	NA	NA	NA	NA	NA	NA	NA	NA	NA	NA	NA	NA	NA
16	0.7755341	0.7568923	0.732667	0.7031129	0.6604392	0.2609844	0.1875758	0.1763853	0.1702821	0.163287	0.1554851	0.145553	0.1402056	0.1339927	0.1267775	0.1139731	NA	NA	NA	NA	NA	NA	NA	NA	NA	NA	NA	NA	NA	NA
17	0.826005	0.7544778	0.7357582	0.7108343	0.6852156	0.6570492	0.2583054	0.1852329	0.1739342	0.1679994	0.1609869	0.1531952	0.1432322	0.1379426	0.1318172	0.1246965	0.1121018	NA	NA	NA	NA	NA	NA	NA	NA	NA	NA	NA	NA	NA
18	0.9105088	0.7598128	0.6967472	0.6832869	0.6643778	0.6456021	0.6253763	0.2353612	0.1719207	0.1630098	0.1580855	0.1522411	0.1458797	0.1379322	0.1329267	0.1270755	0.1202967	0.1081453	NA	NA	NA	NA	NA	NA	NA	NA	NA	NA	NA	NA
19	0.795497	0.7766191	0.6400885	0.5726853	0.5527786	0.5269391	0.5004053	0.4703691	0.2290393	0.168917	0.1604513	0.155773	0.1502154	0.1442388	0.1367097	0.1317669	0.125976	0.1192711	0.107227	NA	NA	NA	NA	NA	NA	NA	NA	NA	NA	NA
20	0.790392	0.6712744	0.6462495	0.5033437	0.4283943	0.3994913	0.3633898	0.3249803	0.2811054	0.2265868	0.1674282	0.1590683	0.1544677	0.1490011	0.1431358	0.1357623	0.1308565	0.1251064	0.1184461	0.1064907	NA	NA	NA	NA	NA	NA	NA	NA	NA	NA
21	0.5862194	0.5137407	0.4797817	0.4663111	0.3318444	0.2826443	0.2661487	0.2446377	0.2206253	0.1940939	0.159668	0.1229806	0.1189452	0.1174721	0.1156445	0.1142114	0.1130657	0.1093854	0.1048664	0.09976337	0.08971642	NA	NA	NA	NA	NA	NA	NA	NA	NA
22	0.687499	0.5673889	0.5005182	0.4672517	0.4559854	0.32156	0.2741143	0.2576993	0.2363485	0.2136519	0.1873963	0.1538369	0.1176332	0.1133315	0.1119728	0.1103037	0.1090525	0.1086497	0.1051613	0.1010736	0.09625737	0.08656517	NA	NA	NA	NA	NA	NA	NA	NA
23	0.3711525	0.3626357	0.3075311	0.2755684	0.268314	0.270974	0.1451191	0.1232107	0.1197831	0.1141298	0.1065219	0.09815493	0.08039696	0.06770616	0.06819931	0.06912331	0.07013238	0.07203807	0.07287018	0.07051887	0.06791885	0.06471841	0.05819815	NA	NA	NA	NA	NA	NA	NA
24	0.5017561	0.3580369	0.3494237	0.2982449	0.2687636	0.2619098	0.26449	0.1387759	0.1179008	0.11435	0.1086554	0.1013904	0.09298447	0.07556887	0.06276588	0.06281868	0.0632206	0.06356073	0.06456537	0.06506543	0.06290711	0.06058778	0.05764521	0.05184147	NA	NA	NA	NA	NA	NA
25	0.4670358	0.3101077	0.2491954	0.2365753	0.1848701	0.1527776	0.1406514	0.1370392	0.1316502	0.1119366	0.1085048	0.1029338	0.0958129	0.08762873	0.07056739	0.0582502	0.05803485	0.05812875	0.05811134	0.05857182	0.05924157	0.05725373	0.05516176	0.05244168	0.04716335	NA	NA	NA	NA	NA
26	0.3628797	0.2437072	0.191074	0.1561539	0.1477737	0.1126517	0.09025456	0.08498102	0.08452846	0.08115325	0.07085541	0.07062028	0.06856581	0.06523243	0.06386511	0.05090203	0.04460941	0.04558771	0.04654149	0.04757789	0.04932324	0.05047644	0.04879999	0.04705713	0.04485315	0.04033853	NA	NA	NA	NA
27	0.4177777	0.2291016	0.2041702	0.1775491	0.1517189	0.1436137	0.1089586	0.08681714	0.08146907	0.08088463	0.07738612	0.06709063	0.06666622	0.06440084	0.06085707	0.05921373	0.05014212	0.04388445	0.04480974	0.04569594	0.04664621	0.04827388	0.04938895	0.04773958	0.04603617	0.04386867	0.03945381	NA	NA	NA
28	0.550478	0.3786725	0.206537	0.1884708	0.1636967	0.1394027	0.1372921	0.1030155	0.08102066	0.07547179	0.07461272	0.0747288	0.06449318	0.06394549	0.06153454	0.05782268	0.05598889	0.04674774	0.04308496	0.04395319	0.04484293	0.04595355	0.04760789	0.04878106	0.04715734	0.04548128	0.04334403	0.03898248	NA	NA
29	0.5218489	0.3973538	0.2539644	0.1722907	0.1566959	0.140471	0.1191488	0.1171525	0.08715475	0.06787394	0.06499327	0.06389495	0.0636662	0.05422815	0.0533755	0.05259149	0.05185202	0.04997894	0.04092406	0.03770668	0.03970217	0.04030325	0.04103597	0.04218066	0.04304909	0.04202504	0.04052796	0.03859378	0.03470947	NA
30	0.8711953	0.4957975	0.3705215	0.2482954	0.1695013	0.155981	0.1400521	0.1187711	0.1167642	0.08679361	0.06752552	0.06463173	0.06353142	0.06328317	0.0538361	0.0529595	0.0521479	0.05138895	0.04991472	0.04087009	0.03765246	0.03964333	0.04024638	0.04097813	0.04212235	0.04298906	0.04196636	0.04047188	0.03853981	0.03466093
31	0.7219806	0.6998462	0.432537	0.3117134	0.2185492	0.1464142	0.1341177	0.1217394	0.1025433	0.1009699	0.07507599	0.05842076	0.05600762	0.05514935	0.05503589	0.04694372	0.04630848	0.04574682	0.0452721	0.04422129	0.03553786	0.03273774	0.03447979	0.03466237	0.03484493	0.03524393	0.03593691	0.03508784	0.03385083	0.03215775
32	0.6500291	0.6203409	0.6048523	0.3420962	0.2936998	0.2047815	0.1348531	0.1225961	0.1105242	0.09911559	0.09759054	0.07252738	0.05640172	0.05407494	0.0532525	0.05315155	0.0453229	0.04471855	0.04418686	0.04374578	0.04275327	0.03441984	0.03172401	0.03341251	0.03350897	0.03357909	0.03382605	0.03448244	0.03366922	0.03248546
33	0.8090078	0.6177688	0.5882941	0.572976	0.3175563	0.271482	0.1854892	0.118229	0.1076654	0.0978163	0.08886301	0.08795419	0.06451477	0.0493539	0.04751838	0.04714638	0.04742563	0.04031032	0.04018556	0.04019155	0.04037265	0.04010021	0.03239506	0.03055992	0.03246544	0.03265299	0.03282868	0.03320442	0.0340444	0.03325593
34	0.8440089	0.7944499	0.6067623	0.5772871	0.5624518	0.3116946	0.2660713	0.1808318	0.1145144	0.1043188	0.0949637	0.08656625	0.08579634	0.06271873	0.04777394	0.04604472	0.04576927	0.04613583	0.03917689	0.03915474	0.03927566	0.03958941	0.03947063	0.03192817	0.03028053	0.03223064	0.03243496	0.03265232	0.03305457	0.03393522
35	0.9835222	0.8325824	0.7864203	0.6003125	0.5760941	0.5613049	0.310711	0.2653912	0.1805987	0.1142945	0.1041035	0.09482917	0.08643027	0.08565532	0.0625788	0.04763325	0.04589771	0.04573847	0.04610366	0.0391452	0.03912143	0.03924046	0.03955277	0.03945724	0.03191496	0.03026695	0.03221585	0.03242505	0.03264201	0.03304424
36	0.6842331	0.687769	0.5850982	0.5485388	0.4048572	0.3775529	0.3606287	0.2199128	0.1786859	0.09836889	0.07722166	0.07102196	0.06641563	0.0630861	0.0636247	0.04447153	0.0318929	0.03116256	0.03186317	0.03295005	0.02758741	0.02846926	0.02960057	0.03105999	0.03229903	0.02682227	0.02699722	0.02931556	0.02976802	0.03026675
37	0.3018753	0.3017446	0.3088238	0.206248	0.1775587	0.1632549	0.1606562	0.1604637	0.04614576	0.01709423	0.01412544	0.01177084	0.0107513	0.01006882	0.009840578	0.01004074	0.006775816	0.004610289	0.004515304	0.00467013	0.004888872	0.003986587	0.004176708	0.004408301	0.004662486	0.00491325	0.004552176	0.004766761	0.005220534	0.005559973
38	0.2562118	0.1859216	0.1882808	0.1927562	0.08716213	0.05623222	0.04410746	0.04026277	0.03810148	0.03692076	0.009013425	0.007292148	0.006710065	0.006059003	0.005570296	0.005486029	0.00561569	0.003739526	0.002491568	0.002430353	0.002511717	0.002631118	0.002106961	0.002208836	0.002323923	0.002428173	0.002535182	0.002598327	0.002771887	0.003037573
39	0.2460278	0.1517752	0.08111328	0.0813921	0.08297531	0.08389048	0.05332428	0.04241391	0.039375	0.03738041	0.03636462	0.008608268	0.00691011	0.006361503	0.005709662	0.005258519	0.005180423	0.005303079	0.003522363	0.002342988	0.002284176	0.00236215	0.002473936	0.001974554	0.002068666	0.002174178	0.002267358	0.002364117	0.002421512	0.002581898
40	0.5443183	0.2055061	0.1209835	0.05151756	0.05129274	0.05213642	0.05235159	0.05179189	0.04135468	0.03862424	0.03673469	0.03576198	0.008340669	0.00667593	0.006142657	0.005501182	0.005055049	0.004978551	0.005096827	0.003384983	0.002252557	0.002196093	0.002271415	0.002378988	0.001898433	0.001988296	0.002088504	0.002175902	0.002267663	0.002320951
41	0.5286663	0.4389915	0.1157604	0.03547056	0.02310841	0.02264605	0.02278414	0.02305335	0.02189784	0.01450131	0.01122957	0.008664268	0.006949135	0.006888222	0.005325657	0.004903273	0.004942988	0.00451513	0.004450679	0.004558542	0.002999617	0.001966439	0.001915878	0.001980202	0.002073502	0.001632049	0.001709711	0.001808288	0.001925276	0.002001997
42	0.7305718	0.4663487	0.4331933	0.1134713	0.03356605	0.02208787	0.02175447	0.02187813	0.02219297	0.02107585	0.01368355	0.01040505	0.007826406	0.00608687	0.006030192	0.005261828	0.004839064	0.00490104	0.004492342	0.004427831	0.004535033	0.002983062	0.001954453	0.001903931	0.001967771	0.002060402	0.001620694	0.00169767	0.001795415	0.00191149
43	0.6222085	0.5009284	0.4557325	0.4257455	0.108502	0.0311181	0.02131614	0.02106264	0.02120622	0.02153644	0.0204549	0.0132251	0.01000427	0.007463405	0.005808617	0.005756589	0.004993222	0.004669127	0.004734297	0.004334006	0.004278678	0.004384535	0.002878372	0.001879821	0.001831931	0.001895233	0.001986312	0.001560039	0.001635953	0.001732168
44	0.4569227	0.4561594	0.4091528	0.3790534	0.3731915	0.06679434	0.01079888	0.004182671	0.003795281	0.003713078	0.003640076	0.003584627	0.003143075	0.003127561	0.002899034	0.00175181	0.001633834	0.0008222955	0.000594369	0.0005342872	0.0004771724	0.0003996357	0.0003902872	0.0002874081	0.0002213654	0.000210368	0.0002059558	0.0002039348	0.0001706478	0.0001662431
45	0.6926446	0.4295749	0.4292057	0.3901427	0.3769469	0.372709	0.06646028	0.01057719	0.004037786	0.003651334	0.003567048	0.003491326	0.003436214	0.003007221	0.002995418	0.002768342	0.001717931	0.001599349	0.0007871487	0.0005606143	0.0004996047	0.0004419424	0.0003881766	0.0003786103	0.0002795089	0.0002159567	0.0002051082	0.0002005726	0.0001983522	0.0001661446
46	0.4704587	0.4013479	0.143142	0.136397	0.1065076	0.08786247	0.07691431	0.06610391	0.01027563	0.003764099	0.00337266	0.003286381	0.00320327	0.003143071	0.002723217	0.002709165	0.002726204	0.001702731	0.00158441	0.0007724788	0.0005467784	0.0004856148	0.0004281951	0.0003744574	0.0003648128	0.0002703473	0.0002098654	0.0001991529	0.0001944098	0.000191999
47	0.1906244	0.1625459	0.1360364	0.07933996	0.07688621	0.05474888	0.0414761	0.03109967	0.02045441	0.008999707	0.002714325	0.00231542	0.002210275	0.002103079	0.002045861	0.002011496	0.002049348	0.002093259	0.0011605	0.0011364	0.000456744	0.0003214644	0.0002862897	0.0002445772	0.000199739	0.0001888048	0.0001548465	0.0001343924	0.0001253908	0.0001176544
48	0.4158482	0.1814577	0.1544997	0.1309911	0.07513792	0.07263104	0.05312263	0.04086722	0.03050044	0.01984659	0.008381487	0.002109293	0.001694296	0.001571535	0.001445665	0.00136877	0.001315053	0.001330838	0.001351047	0.001157135	0.001133174	0.000453663	0.0003197373	0.0002845971	0.0002429202	0.0001981802	0.0001872111	0.0001538052	0.0001337177	0.0001247322
49	0.6781689	0.3553773	0.1236536	0.1084109	0.08982416	0.06418357	0.06288811	0.0520777	0.04023704	0.02987857	0.01937184	0.007896917	0.001617222	0.00118985	0.001056709	0.0009161767	0.0008234587	0.000752736	0.0007529444	0.0007539086	0.0005394179	0.0004955986	0.0004531637	0.0003192285	0.0002840768	0.0002428682	0.0001981279	0.000187157	0.0001537575	0.0001336736
50	0.4896205	0.341359	0.2436922	0.103365	0.09115087	0.07458863	0.06172416	0.06059322	0.05079116	0.03947167	0.02931914	0.01895028	0.007606612	0.001372115	0.0009418917	0.0008032892	0.0006565782	0.0005588281	0.0004940005	0.000489971	0.000486061	0.0004262263	0.0003861606	0.000347644	0.0003015597	0.0002687013	0.0002284585	0.0001845898	0.0001735439	0.0001441065
51	0.4185059	0.3963628	0.2987707	0.2039667	0.1009793	0.08909074	0.07377061	0.06105914	0.06027128	0.05055463	0.03929026	0.0291933	0.0188677	0.007582321	0.001351055	0.0009205581	0.0007814843	0.0006343751	0.0005364757	0.0004786312	0.0004750692	0.000471517	0.0004128465	0.0003774819	0.0003400458	0.0002951905	0.0002648911	0.0002251853	0.0001818701	0.0001709562
52	0.6748975	0.4145375	0.3926377	0.2983715	0.2036998	0.1007576	0.08907396	0.07376029	0.06105485	0.06026748	0.05055338	0.0392891	0.02919231	0.01886701	0.00758164	0.001350369	0.0009200248	0.0007809392	0.0006338346	0.0005359317	0.0004780771	0.0004745118	0.0004709445	0.0004122559	0.0003769247	0.0003398146	0.0002949515	0.000264673	0.0002251799	0.0001818646
53	0.7363038	0.6639261	0.4063108	0.3848433	0.2924797	0.1988153	0.09870324	0.08729858	0.07230715	0.06006794	0.05929966	0.0497301	0.03865928	0.02871837	0.01855112	0.007438213	0.001323978	0.0009017391	0.0007653443	0.0006209891	0.0005250635	0.0004704739	0.000467273	0.0004637701	0.0004059355	0.0003707664	0.0003338196	0.0002893237	0.0002591272	0.0002198522
54	0.7159451	0.5283724	0.4867011	0.2479883	0.2365296	0.1847177	0.1139274	0.05309808	0.04643364	0.03721359	0.03036029	0.0297494	0.02456455	0.01882633	0.01375248	0.008616064	0.003032909	0.0006874595	0.00053097	0.0004838341	0.0004344762	0.0003997326	0.0003575442	0.0003539533	0.000349493	0.0003048807	0.0002729645	0.0002392708	0.0002001713	0.000174002
55	0.5542487	0.5464156	0.4014811	0.3767896	0.1498986	0.1444382	0.1176032	0.06072124	0.0256109	0.02181652	0.01607292	0.01245946	0.01195323	0.009414101	0.006880143	0.004739875	0.002632789	0.000378625	0.0003013929	0.0003047174	0.0003111947	0.0003188977	0.0003210315	0.0002861773	0.0002825743	0.0002779477	0.0002419134	0.0002119027	0.0001801105	0.0001443964
56	0.6093878	0.3311721	0.3217956	0.1808813	0.1550131	0.1460008	0.1405385	0.1151076	0.05852239	0.02524196	0.02150288	0.01581438	0.0122981	0.01180281	0.009288709	0.006790953	0.004675105	0.002590866	0.0003609386	0.0002958867	0.0002999417	0.0003066035	0.000314489	0.0003168418	0.0002824595	0.0002789833	0.0002745798	0.0002392374	0.0002092501	0.0001774798
57	0.08176508	0.07580326	0.07231999	0.07146675	0.05221091	0.04315327	0.03936467	0.03939479	0.02918037	0.01963204	0.004963222	0.003673124	0.002641615	0.001784342	0.00160035	0.001064311	0.0007588254	0.0004993899	0.0003008256	0.0001263655	0.0001180901	0.0001203196	0.0001231883	0.0001265221	0.0001272718	0.0001071391	0.0001052237	0.0001027403	8.452326e-05	6.804295e-05
58	0.3482919	0.07789099	0.07219979	0.06907037	0.0682237	0.04962727	0.04079138	0.03875944	0.03878999	0.02879166	0.0193278	0.004868165	0.003592433	0.002574752	0.001732954	0.001551507	0.001024815	0.0007299507	0.0004792188	0.0002892903	0.0001239736	0.0001166621	0.0001189182	0.0001217721	0.0001250875	0.0001258491	0.0001060544	0.0001041347	0.0001016455	8.35668e-05
59	0.09479551	0.0103988	0.004778475	0.004216888	0.004021966	0.003937179	0.001904361	0.001575997	0.001432971	0.001426483	0.001093449	0.0008633591	0.0002546131	0.0001765679	9.038127e-05	4.633537e-05	3.658391e-05	2.832705e-05	2.210568e-05	1.608082e-05	1.127853e-05	6.458928e-06	4.079329e-06	3.978861e-06	3.966793e-06	4.011552e-06	3.888239e-06	2.309876e-06	1.989215e-06	1.833829e-06
60	0.1113936	0.08824417	0.008395786	0.003303698	0.002802253	0.002631926	0.002541805	0.00106354	0.0008821839	0.0008010617	0.0007978728	0.000610645	0.0004602431	0.000159136	0.0001176694	6.958444e-05	2.966565e-05	2.34887e-05	1.835993e-05	1.403421e-05	1.030921e-05	7.166285e-06	3.857609e-06	2.310392e-06	2.241739e-06	2.234796e-06	2.255146e-06	2.163835e-06	1.33417e-06	1.097386e-06
61	0.2784198	0.09351676	0.08164178	0.007228112	0.002586563	0.002142905	0.002015332	0.001928076	0.0006883723	0.0005719694	0.0005134632	0.0005133336	0.0003932784	0.0002794589	0.0001113432	8.558816e-05	5.402926e-05	1.751906e-05	1.288003e-05	9.821097e-06	7.216588e-06	5.295717e-06	3.725079e-06	2.018545e-06	1.469595e-06	1.459893e-06	1.470236e-06	1.496791e-06	1.430082e-06	9.100767e-07
62	0.2091065	0.123472	0.08168105	0.07610021	0.002889197	0.002361071	0.001922424	0.001793585	0.001704351	0.0005369172	0.000438808	0.0004131366	0.0004127867	0.0003104164	0.0002052328	7.659273e-05	5.840371e-05	3.532371e-05	1.54524e-05	1.194013e-05	9.190815e-06	6.686027e-06	4.923882e-06	3.430827e-06	1.77403e-06	1.253516e-06	1.242233e-06	1.251568e-06	1.272783e-06	1.209022e-06
63	0.1764976	0.07657155	0.02153981	0.006527633	0.002517012	0.001864462	0.001465609	0.001455221	0.00146156	0.001479177	0.0003659314	0.000288382	0.0002675821	0.0002664786	0.00018766	0.0001532476	5.771909e-05	4.313233e-05	2.653284e-05	9.995133e-06	7.528221e-06	5.962927e-06	4.292296e-06	3.249837e-06	2.377899e-06	1.443271e-06	9.622582e-07	9.46796e-07	9.50243e-07	9.636983e-07
64	0.6948672	0.147587	0.06023678	0.01495174	0.005005066	0.001994566	0.001581144	0.001409741	0.001400473	0.001406612	0.001423807	0.0003322077	0.0002601689	0.0002418605	0.0002407843	0.0001672633	0.0001355037	5.173269e-05	3.876239e-05	2.39015e-05	8.856344e-06	6.622515e-06	5.14057e-06	4.117764e-06	3.127052e-06	2.282778e-06	1.367759e-06	8.979452e-07	8.822281e-07	8.854607e-07
65	0.8163781	0.684148	0.1470505	0.05985217	0.01484135	0.004965093	0.001971848	0.001560583	0.00139924	0.00139	0.001396035	0.001413073	0.0003221252	0.0002589281	0.0002407063	0.0002396305	0.0001663965	0.0001347728	5.143704e-05	3.854077e-05	2.3763e-05	8.803221e-06	6.580304e-06	5.106674e-06	4.090524e-06	3.110956e-06	2.272324e-06	1.363132e-06	8.945338e-07	8.78833e-07
66	0.1846932	0.1711827	0.06106348	0.02322292	0.01371451	0.005648836	0.002275981	0.001219262	0.001082364	0.0010436	0.001052153	0.001064798	0.001080065	9.836125e-05	7.522335e-05	6.871746e-05	6.792112e-05	4.783969e-05	3.826461e-05	1.416075e-05	1.064957e-05	6.678222e-06	2.789223e-06	1.992157e-06	1.526068e-06	1.203081e-06	8.98671e-07	6.381886e-07	3.608613e-07	2.461937e-07
67	0.03872485	0.03335346	0.02779671	0.005953029	0.003528537	0.002501106	0.001140222	0.0004780755	8.181685e-05	5.242091e-05	3.586809e-05	3.405165e-05	3.280471e-05	3.276028e-05	2.610487e-05	1.593479e-05	1.275079e-05	1.265639e-05	9.327831e-06	7.02086e-06	2.108684e-06	1.582894e-06	1.05174e-06	5.555058e-07	4.791953e-07	3.529601e-07	2.689472e-07	1.930483e-07	1.29323e-07	6.576456e-08
68	0.08133773	0.03656635	0.03186055	0.02642997	0.005325018	0.003185228	0.002280207	0.001032474	0.0004332151	7.106728e-05	4.319961e-05	2.780406e-05	2.611375e-05	2.496554e-05	2.48188e-05	1.823602e-05	1.549835e-05	1.234908e-05	1.226796e-05	9.04628e-06	6.793963e-06	1.99616e-06	1.49012e-06	9.820445e-07	5.087616e-07	4.345675e-07	3.161365e-07	2.399498e-07	1.712728e-07	1.148285e-07
69	0.2123094	0.06599738	0.03598429	0.0313623	0.02595237	0.00489973	0.002980139	0.002100639	0.0008795154	0.0002932342	6.801256e-05	4.054628e-05	2.64187e-05	2.476513e-05	2.364471e-05	2.348381e-05	1.697987e-05	1.425593e-05	1.218878e-05	1.211016e-05	8.931937e-06	6.702248e-06	1.958208e-06	1.459661e-06	9.601228e-07	4.958695e-07	4.226855e-07	3.062993e-07	2.323521e-07	1.656104e-07
70	0.1650033	0.03537997	0.0152482	0.003464662	0.00268071	0.002343803	0.001969341	0.001219441	0.0009249034	0.0003153813	0.0001281487	2.21302e-05	1.520655e-05	7.244163e-06	6.393452e-06	5.704381e-06	5.56277e-06	4.375083e-06	3.928051e-06	2.387517e-06	2.313057e-06	1.866606e-06	1.574548e-06	3.793523e-07	2.976379e-07	2.176959e-07	1.465654e-07	1.365036e-07	1.136941e-07	8.995922e-08
71	0.7673523	0.1426045	0.02361554	0.009207537	0.002306547	0.00181542	0.001546099	0.001307993	0.0007814306	0.0006360078	0.0001702843	7.118343e-05	1.657285e-05	1.18447e-05	5.749399e-06	5.273566e-06	4.935604e-06	4.840403e-06	3.850873e-06	3.469327e-06	1.985258e-06	1.932463e-06	1.590303e-06	1.355329e-06	2.728767e-07	2.060548e-07	1.436154e-07	8.438288e-08	7.508222e-08	6.148816e-08
72	0.8770361	0.74706	0.1249104	0.01969054	0.006645986	0.001928057	0.001526586	0.001276714	0.001078851	0.0006446794	0.0005436174	0.0001206625	4.788696e-05	1.489921e-05	1.08273e-05	5.29026e-06	4.925213e-06	4.691232e-06	4.609425e-06	3.672373e-06	3.308446e-06	1.869709e-06	1.823238e-06	1.509645e-06	1.290451e-06	2.393323e-07	1.768915e-07	1.196794e-07	6.548699e-08	5.648316e-08
73	0.9921397	0.8754695	0.7459272	0.1237694	0.01870251	0.006624284	0.001907036	0.001515108	0.001276596	0.001078774	0.0006446318	0.0005435835	0.0001206414	4.788168e-05	1.489788e-05	1.082644e-05	5.289625e-06	4.924609e-06	4.690644e-06	4.608835e-06	3.671975e-06	3.308117e-06	1.869397e-06	1.822926e-06	1.509417e-06	1.290265e-06	2.392531e-07	1.768423e-07	1.196496e-07	6.547646e-08
74	0.2535911	0.2450614	0.216484	0.1047246	0.0994196	0.01072433	0.002763427	0.0009943311	0.0007614125	0.0005512665	0.000450717	0.0004119045	0.0003875869	3.84178e-05	1.164943e-05	5.276703e-06	2.403387e-06	1.983048e-06	1.782831e-06	1.679278e-06	1.579702e-06	1.09706e-06	9.173216e-07	8.720762e-07	8.283394e-07	6.109302e-07	4.410779e-07	1.693185e-07	1.194772e-07	7.250813e-08
75	0.1699321	0.1479782	0.140132	0.1174872	0.02222572	0.01774149	0.00983241	0.002121603	0.0004886832	0.0002592908	0.0002093822	0.000110311	7.052256e-05	5.063146e-05	3.262263e-05	1.024524e-05	4.682445e-06	1.88972e-06	1.50077e-06	1.437444e-06	1.425107e-06	1.434371e-06	9.839923e-07	8.175747e-07	7.762017e-07	7.767459e-07	5.657571e-07	4.005396e-07	1.545642e-07	1.152549e-07
76	0.1110455	0.06663511	0.0491056	0.04209011	0.02081554	0.01773806	0.01463455	0.008086738	0.001393735	0.0003858923	0.0001878491	0.000145339	7.899036e-05	4.900684e-05	3.524043e-05	2.291226e-05	6.013426e-06	2.445557e-06	1.678861e-06	1.363578e-06	1.315598e-06	1.313682e-06	1.323504e-06	8.788757e-07	7.145299e-07	6.739421e-07	6.739725e-07	4.670091e-07	3.816238e-07	1.40657e-07
77	0.1481845	0.1093679	0.0659626	0.04855278	0.04156731	0.02051598	0.01747194	0.01453813	0.008002125	0.001359909	0.0003822406	0.0001858082	0.0001437884	7.818312e-05	4.854551e-05	3.488286e-05	2.266038e-05	5.947088e-06	2.418252e-06	1.660136e-06	1.348724e-06	1.301018e-06	1.299059e-06	1.308755e-06	8.696728e-07	7.067898e-07	6.669002e-07	6.669363e-07	4.615082e-07	3.768635e-07
78	0.4429852	0.1476119	0.1092603	0.0659274	0.04852278	0.04153892	0.02048922	0.01744628	0.01451337	0.007977695	0.001359293	0.0003818801	0.000185627	0.0001436647	7.809441e-05	4.849571e-05	3.485315e-05	2.265024e-05	5.943145e-06	2.417664e-06	1.659701e-06	1.34844e-06	1.300756e-06	1.298811e-06	1.308512e-06	8.694606e-07	7.066175e-07	6.667347e-07	6.6677e-07	4.613937e-07
79	0.9278714	0.3948182	0.1421869	0.1052745	0.06398853	0.04721288	0.04047759	0.01968861	0.01684978	0.01417194	0.007681145	0.001248616	0.0003676059	0.0001761464	0.0001351798	7.185424e-05	4.430365e-05	3.205478e-05	2.118508e-05	5.385699e-06	2.352721e-06	1.618386e-06	1.326821e-06	1.282526e-06	1.283613e-06	1.293585e-06	8.563805e-07	6.95314e-07	6.566091e-07	6.568631e-07
80	0.9141438	0.8712666	0.3432753	0.1127109	0.1014681	0.06110006	0.04481697	0.03880076	0.01820924	0.01553849	0.01308067	0.006702673	0.001048164	0.0003388048	0.0001549507	0.0001163839	5.764913e-05	3.466759e-05	2.56911e-05	1.797484e-05	4.129438e-06	2.194548e-06	1.508704e-06	1.2649e-06	1.228224e-06	1.2365e-06	1.246847e-06	8.094284e-07	6.576372e-07	6.212049e-07
81	0.4546858	0.4274881	0.3897564	0.2574149	0.07132687	0.06061285	0.05469301	0.03846897	0.03665325	0.0158962	0.01330607	0.01131647	0.005030565	0.0008396864	0.000320594	0.0001395682	0.0001018657	4.720697e-05	3.036054e-05	2.261487e-05	1.610433e-05	3.282338e-06	1.885783e-06	1.249645e-06	1.061831e-06	1.029113e-06	1.037978e-06	1.046771e-06	6.712473e-07	5.49277e-07
82	0.3364505	0.3247346	0.3032059	0.2794021	0.2110552	0.05501607	0.04479169	0.0391667	0.03416661	0.03241133	0.01203952	0.01062616	0.009086325	0.002967017	0.0006021112	0.0003049482	0.0001260139	8.878932e-05	3.995541e-05	2.427073e-05	2.038452e-05	1.453784e-05	2.549845e-06	1.520097e-06	9.419102e-07	8.027145e-07	7.783828e-07	7.864795e-07	7.927594e-07	4.918282e-07
83	0.9060619	0.3232813	0.3113503	0.2894003	0.2674704	0.1992035	0.05456194	0.0443144	0.03869182	0.03362003	0.03183783	0.01116475	0.009735925	0.008376952	0.002237303	0.0004703602	0.0002398236	0.0001244159	8.684088e-05	3.967062e-05	2.39056e-05	1.997101e-05	1.404296e-05	2.244049e-06	1.291656e-06	7.474675e-07	6.32028e-07	6.090674e-07	6.149324e-07	6.196351e-07
84	0.107436	0.1071507	0.1033046	0.1040341	0.1038598	0.09994959	0.09587804	0.004035935	0.003070497	0.002544502	0.002167961	0.002031886	0.001914981	0.001778365	0.001378118	0.001221208	0.0001538894	2.608025e-05	1.857048e-05	1.444615e-05	6.366659e-06	3.910885e-06	3.051454e-06	2.212864e-06	7.850736e-07	4.78042e-07	3.672459e-07	3.179371e-07	3.146043e-07	3.185855e-07
85	0.1904856	0.08835409	0.08879246	0.08597556	0.08667122	0.08721684	0.08684443	0.08368081	0.002708962	0.001888817	0.001458731	0.001111758	0.0009760615	0.0008554589	0.0007580119	0.0005687661	0.0004908619	7.593871e-05	2.046656e-05	1.433311e-05	1.045158e-05	5.23911e-06	3.010909e-06	2.18214e-06	1.371875e-06	4.045453e-07	1.993058e-07	1.460671e-07	1.239324e-07	1.223274e-07
86	0.208818	0.1728305	0.07498162	0.07554448	0.075994	0.07670679	0.07726174	0.0777473	0.07657959	0.001082181	0.0006729993	0.0004938314	0.0003373923	0.0002761718	0.0002103584	0.0001619834	0.0001195431	9.608238e-05	2.357241e-05	7.790154e-06	5.812778e-06	4.438462e-06	3.00045e-06	1.741015e-06	1.085904e-06	4.483663e-07	1.638978e-07	2.926991e-08	1.941799e-08	1.369199e-08
87	0.7965467	0.1268322	0.09743501	0.07159835	0.0723709	0.0730345	0.07392426	0.07485482	0.07563402	0.07601693	0.0005607644	0.000312754	0.0002307149	0.0001608328	0.0001339121	0.0001033489	8.03839e-05	6.056227e-05	4.892952e-05	1.50952e-05	3.595456e-06	2.55108e-06	2.183633e-06	1.399916e-06	8.523417e-07	5.574143e-07	2.719103e-07	9.469978e-08	1.789239e-08	1.075111e-08
88	0.1509878	0.1390881	0.008921978	0.005907017	0.001869917	0.001829858	0.001709682	0.001689358	0.001675564	0.001586501	0.001274249	0.0003223671	0.000145949	0.0001076459	7.717097e-05	6.524273e-05	4.990542e-05	4.017582e-05	3.101932e-05	2.474863e-05	9.334814e-06	1.851972e-06	1.320696e-06	1.166636e-06	7.975898e-07	5.112535e-07	3.391283e-07	1.733928e-07	6.315433e-08	8.800657e-09
89	0.3155975	0.1181484	0.1065041	0.007360143	0.004831324	0.001588737	0.001549712	0.001444978	0.001423315	0.001407882	0.00132948	0.001037761	0.0001859568	0.0001291555	9.415219e-05	6.54621e-05	5.42028e-05	3.94678e-05	3.030569e-05	2.339705e-05	1.794647e-05	8.622941e-06	1.737195e-06	1.231295e-06	1.090843e-06	7.542406e-07	4.851299e-07	3.212264e-07	1.635103e-07	5.858035e-08
90	0.2824123	0.01009147	0.007682588	0.007234771	0.0006515535	0.0004192754	0.0001480251	0.0001430312	0.0001346921	0.0001229341	0.0001206492	0.0001102736	8.825046e-05	2.911669e-05	2.070243e-05	1.576759e-05	1.133481e-05	9.618749e-06	4.576036e-06	3.110265e-06	1.952359e-06	1.604896e-06	7.326283e-07	1.100439e-07	7.677086e-08	6.930892e-08	4.956639e-08	3.392124e-08	2.221546e-08	1.158711e-08
91	0.02434581	0.0112681	0.003056275	0.002531224	0.002368342	0.0003117139	0.0002088146	6.140319e-05	5.96604e-05	5.571998e-05	4.690653e-05	4.620374e-05	4.230906e-05	3.220915e-05	9.804973e-06	6.642047e-06	4.783698e-06	3.110241e-06	2.453253e-06	1.758567e-06	1.195818e-06	7.830458e-07	6.33077e-07	2.912126e-07	5.281891e-08	3.838084e-08	3.567051e-08	2.87931e-08	2.006134e-08	1.328928e-08
92	0.1116274	0.01288621	0.005582922	0.002242801	0.001789028	0.001627534	0.0002851993	0.0001905579	4.740862e-05	4.560042e-05	4.190232e-05	4.110743e-05	4.038954e-05	3.701298e-05	2.75088e-05	9.084022e-06	6.082083e-06	4.312497e-06	2.708665e-06	2.074055e-06	1.404259e-06	8.686762e-07	5.549359e-07	4.405788e-07	2.601005e-07	4.796654e-08	3.580477e-08	3.328888e-08	2.765459e-08	1.926885e-08
93	0.6778032	0.1092118	0.01282837	0.005506714	0.002248202	0.001792368	0.001630009	0.0002871633	0.0001918241	4.740872e-05	4.55861e-05	4.187297e-05	4.118359e-05	4.063454e-05	3.724053e-05	2.773415e-05	9.185868e-06	6.149757e-06	4.359693e-06	2.736106e-06	2.093737e-06	1.415298e-06	8.726965e-07	5.564287e-07	4.41346e-07	2.635496e-07	4.824824e-08	3.597214e-08	3.351442e-08	2.785452e-08
94	0.4443628	0.4239507	0.05678222	0.01248612	0.005314903	0.002191522	0.001756481	0.001599603	0.0002843997	0.0001905969	4.614621e-05	4.438892e-05	4.071593e-05	4.01053e-05	3.9588e-05	3.631004e-05	2.691276e-05	8.870717e-06	5.929457e-06	4.195776e-06	2.628378e-06	2.006032e-06	1.349594e-06	8.226967e-07	5.156421e-07	4.330303e-07	2.571436e-07	4.809299e-08	3.598286e-08	3.356294e-08
95	0.9667639	0.4370911	0.4163507	0.05734592	0.01259466	0.005331894	0.002214372	0.001774195	0.001615403	0.000288273	0.0001932543	4.675502e-05	4.498103e-05	4.126513e-05	4.06663e-05	4.015102e-05	3.683557e-05	2.730267e-05	9.01004e-06	6.023503e-06	4.262791e-06	2.670048e-06	2.037734e-06	1.370371e-06	8.345304e-07	5.231371e-07	4.393664e-07	2.617928e-07	4.898719e-08	3.666404e-08
96	0.9358688	0.9268451	0.3960883	0.3781554	0.05234726	0.01030975	0.00439661	0.001939525	0.00151215	0.001359739	0.0002750376	0.0001908948	4.369972e-05	4.190665e-05	3.894847e-05	3.833206e-05	3.778573e-05	3.458529e-05	2.669655e-05	9.090335e-06	6.086261e-06	4.304728e-06	2.690041e-06	2.048917e-06	1.371548e-06	8.34851e-07	5.195345e-07	4.347212e-07	2.555435e-07	3.991079e-08
97	0.9055246	0.9000418	0.8925108	0.3661411	0.3492702	0.05012025	0.009284093	0.00395079	0.001825158	0.001401447	0.001247706	0.0002709541	0.0001912256	4.258537e-05	4.076822e-05	3.814165e-05	3.751867e-05	3.696095e-05	3.379837e-05	2.661697e-05	9.198926e-06	6.16378e-06	4.358628e-06	2.72073e-06	2.070388e-06	1.382712e-06	8.409775e-07	5.216791e-07	4.358416e-07	2.552584e-07
98	0.121359	0.1173738	0.1154668	0.1065475	0.1004664	0.0863614	0.004159024	0.001351871	0.0007299313	0.000224855	0.0002039376	0.0002002197	1.190003e-05	5.188144e-06	3.102724e-06	2.954827e-06	2.533373e-06	2.489073e-06	2.490068e-06	2.33138e-06	1.409958e-06	2.861339e-07	2.01665e-07	1.545397e-07	1.153745e-07	1.00186e-07	8.454149e-08	6.954787e-08	5.393048e-08	4.79623e-08
99	0.06637904	0.06181025	0.06077334	0.0604812	0.0608834	0.05727698	0.05778982	0.001623693	0.0004781787	0.000316857	7.245623e-05	6.199773e-05	5.983235e-05	4.339253e-06	2.369415e-06	1.247117e-06	1.23497e-06	1.067605e-06	1.023228e-06	1.020241e-06	9.476706e-07	6.109945e-07	1.243023e-07	8.932419e-08	6.94341e-08	5.301715e-08	4.666629e-08	4.021835e-08	3.454534e-08	2.644591e-08
100	0.05793571	0.04341111	0.04041795	0.03976227	0.03952097	0.03981797	0.03944246	0.03986418	0.001100452	0.0003060174	0.0002069485	4.568015e-05	3.877512e-05	3.676953e-05	3.001065e-06	1.670387e-06	9.442085e-07	9.330212e-07	8.094136e-07	7.634945e-07	7.589878e-07	7.018576e-07	4.47635e-07	9.608634e-08	6.871559e-08	5.268042e-08	3.8983e-08	3.364278e-08	2.822236e-08	2.369196e-08
101	0.06376317	0.0461243	0.03150154	0.02835713	0.02756422	0.02716587	0.02731793	0.02686282	0.02712916	0.000949565	0.0002522824	0.0001534454	3.892177e-05	3.234154e-05	3.02655e-05	2.87637e-06	1.594077e-06	8.612883e-07	8.499945e-07	7.714757e-07	7.242793e-07	7.191224e-07	6.655088e-07	4.118931e-07	9.333886e-08	6.614097e-08	5.012498e-08	3.622032e-08	3.090026e-08	2.536025e-08
102	0.17302	0.05292647	0.03757817	0.02280483	0.01963929	0.01893918	0.01848183	0.01852491	0.01801726	0.01816488	0.0008316021	0.0002075395	0.0001111787	3.229722e-05	2.609733e-05	2.399494e-05	2.622323e-06	1.379595e-06	6.691876e-07	6.555225e-07	5.968336e-07	5.925742e-07	5.853779e-07	5.380449e-07	3.482862e-07	9.078928e-08	6.374518e-08	4.781329e-08	3.37433e-08	2.833379e-08
103	0.3794347	0.06493294	0.04046732	0.02557298	0.02034992	0.01711872	0.01638025	0.01590115	0.0159101	0.01537619	0.01548872	0.0008081502	0.0001974733	0.0001000163	3.10718e-05	2.487775e-05	2.273154e-05	2.629006e-06	1.380364e-06	6.606469e-07	6.467231e-07	5.876061e-07	5.83575e-07	5.803876e-07	5.333539e-07	3.41515e-07	9.142085e-08	6.408389e-08	4.796592e-08	3.366953e-08
104	0.3508662	0.1387643	0.05041064	0.02879237	0.01712533	0.01395374	0.01341435	0.01288769	0.01286507	0.01288364	0.01239078	0.01249007	0.0006486125	0.0001428048	8.319335e-05	2.690943e-05	2.101762e-05	1.889788e-05	2.080841e-06	1.213439e-06	5.252733e-07	5.098269e-07	4.769485e-07	4.71604e-07	4.667112e-07	4.231166e-07	2.904812e-07	8.855094e-08	6.186788e-08	4.584913e-08
105	0.7445826	0.3270214	0.1187946	0.04568767	0.0252309	0.01420604	0.01130569	0.01079596	0.01026712	0.01022328	0.0102246	0.009743809	0.009815903	0.0005982172	0.0001261401	7.014514e-05	2.428357e-05	1.842698e-05	1.625222e-05	2.024497e-06	1.193409e-06	4.983929e-07	4.836095e-07	4.529247e-07	4.471356e-07	4.417522e-07	3.985033e-07	2.697975e-07	8.798062e-08	6.103508e-08
106	0.8246751	0.738736	0.32072	0.1099962	0.04265285	0.02298256	0.01200636	0.009133626	0.008607087	0.008339036	0.008272002	0.008316271	0.007837363	0.007885327	0.0005700346	0.0001170464	6.136084e-05	2.279762e-05	1.692156e-05	1.469152e-05	2.019303e-06	1.192849e-06	4.874499e-07	4.722817e-07	4.419909e-07	4.359235e-07	4.302481e-07	3.869183e-07	2.578472e-07	8.809019e-08
107	0.9952158	0.8283659	0.7438742	0.320681	0.1071864	0.04195457	0.02239602	0.01132053	0.008414717	0.007874309	0.007594564	0.007525523	0.007560823	0.00709426	0.007131945	0.0005565909	0.0001141422	5.788489e-05	2.208825e-05	1.615241e-05	1.387353e-05	2.032411e-06	1.199415e-06	4.822226e-07	4.667099e-07	4.361189e-07	4.298441e-07	4.239663e-07	3.80079e-07	2.491011e-07
108	0.3125167	0.3148665	0.278926	0.2624371	0.2168063	0.02979653	0.006848847	0.004426474	0.003073533	0.002570023	0.002491354	0.002473625	0.002481711	0.002498692	0.002429598	0.002453959	0.0001322689	2.33571e-05	1.489789e-05	4.836153e-06	4.311447e-06	4.187633e-06	2.429705e-07	1.323859e-07	8.416234e-08	8.31008e-08	7.875355e-08	7.895285e-08	7.92486e-08	7.594673e-08
109	0.03883714	0.03601245	0.03628276	0.02474049	0.02088925	0.01878119	0.01887153	0.002355016	0.001568547	0.001292552	0.001218368	0.001214834	0.001221148	0.001232915	0.001247676	0.001216635	0.001233882	6.858488e-05	8.342675e-06	6.375124e-06	1.852885e-06	1.741574e-06	1.738084e-06	5.83553e-08	3.479839e-08	2.689516e-08	2.697316e-08	2.626378e-08	2.652831e-08	2.682862e-08
110	0.01206002	0.007271075	0.006368176	0.006397115	0.002880076	0.00190223	0.001759042	0.001741242	0.0006472754	0.0003789062	0.0003083087	0.0002914578	0.000290576	0.0002929739	0.0002961746	0.0002998295	0.0002914111	0.0002956293	1.038113e-05	2.490166e-06	1.625347e-06	4.884353e-07	4.625135e-07	4.627929e-07	1.319522e-08	7.88706e-09	6.011876e-09	6.015393e-09	5.87245e-09	5.910746e-09
111	0.05496849	0.007547822	0.004219793	0.003521245	0.003527782	0.001338432	0.0008282783	0.0007515565	0.0007316683	0.000264692	0.0001850961	0.0001322078	0.0001160105	0.000113967	0.0001142487	0.0001151045	0.0001163034	0.0001120474	0.0001134894	4.75341e-06	9.515074e-07	7.013981e-07	2.547494e-07	2.394654e-07	2.382693e-07	7.615139e-09	4.268185e-09	2.941536e-09	2.922545e-09	2.811766e-09
112	0.06571292	0.03605438	0.004131424	0.002764686	0.002239738	0.002243748	0.0006827888	0.0004006832	0.0003524719	0.0003400529	0.000132231	9.616092e-05	6.040431e-05	4.44966e-05	4.172446e-05	4.104639e-05	4.091226e-05	4.10991e-05	3.911589e-05	3.941406e-05	2.197293e-06	5.164961e-07	3.315575e-07	1.445214e-07	1.360794e-07	1.351185e-07	4.667401e-09	2.383875e-09	1.543709e-09	1.5292e-09
113	0.4554248	0.05668152	0.03384678	0.003689887	0.002356282	0.00182653	0.001825446	0.0004991348	0.0002847424	0.0002403881	0.0002264163	9.791876e-05	7.20437e-05	3.710222e-05	2.093254e-05	1.78574e-05	1.691962e-05	1.649238e-05	1.633756e-05	1.510345e-05	1.501011e-05	1.470882e-06	3.913561e-07	2.129153e-07	1.103495e-07	1.027955e-07	1.013255e-07	4.11821e-09	1.993549e-09	1.150681e-09
114	0.1574978	0.1428482	0.02241279	0.00776713	0.001581561	0.0004816613	0.0002918177	0.0002798422	0.0001740559	0.0001247049	9.84848e-05	8.497349e-05	3.996879e-05	2.292501e-05	9.471228e-06	5.146051e-06	4.314521e-06	4.054391e-06	3.924761e-06	3.858597e-06	3.297768e-06	3.257276e-06	6.714308e-07	1.184737e-07	4.687732e-08	2.326124e-08	1.709872e-08	1.474664e-08	2.400316e-09	1.294653e-09
115	0.4536873	0.1547679	0.1417683	0.02080655	0.007470521	0.001554251	0.0004488444	0.0002601164	0.000247796	0.0001586558	0.000114244	8.822348e-05	7.465572e-05	3.534929e-05	1.8673e-05	6.956123e-06	3.866242e-06	3.272806e-06	3.084945e-06	2.991028e-06	2.9381e-06	2.612265e-06	2.58641e-06	6.287337e-07	9.954607e-08	3.816657e-08	2.08008e-08	1.468673e-08	1.228564e-08	2.198949e-09
116	0.5489077	0.2764431	0.05645246	0.04268686	0.02087139	0.007513061	0.001564604	0.0004466391	0.0002556686	0.0002431517	0.0001567509	0.0001131073	8.691632e-05	7.315556e-05	3.462338e-05	1.790122e-05	6.209429e-06	3.197835e-06	2.616657e-06	2.426396e-06	2.331819e-06	2.270807e-06	1.946759e-06	1.911459e-06	6.261983e-07	9.791021e-08	3.687237e-08	2.048868e-08	1.429546e-08	1.184808e-08
117	0.5341516	0.5053483	0.2320446	0.05227455	0.0388484	0.01747344	0.007504565	0.00156336	0.0004336743	0.0002404527	0.0002275999	0.0001504436	0.0001097466	8.353659e-05	6.957469e-05	3.33357e-05	1.658346e-05	5.410112e-06	2.818389e-06	2.319796e-06	2.158661e-06	2.078316e-06	2.023823e-06	1.747087e-06	1.716873e-06	6.008654e-07	9.029733e-08	3.336253e-08	1.898725e-08	1.274282e-08
118	0.5076283	0.3889171	0.3836323	0.1299799	0.01720271	0.01368996	0.005544738	0.002350177	0.0004418309	0.0001525447	0.000103149	0.0001013212	5.918203e-05	4.120987e-05	2.919512e-05	2.684366e-05	1.177561e-05	7.980368e-06	3.566764e-06	1.86893e-06	1.530302e-06	1.390608e-06	1.323674e-06	1.290159e-06	1.167481e-06	1.150154e-06	1.853449e-07	4.332654e-08	1.949169e-08	9.466347e-09
119	0.7633503	0.5016982	0.3825569	0.3781993	0.121399	0.01626964	0.01286767	0.005231227	0.00223904	0.0004373	0.0001491745	9.988128e-05	9.804529e-05	5.773532e-05	4.064892e-05	2.857943e-05	2.624406e-05	1.162531e-05	7.886826e-06	3.467e-06	1.762143e-06	1.425437e-06	1.29421e-06	1.231786e-06	1.19699e-06	1.078157e-06	1.059355e-06	1.820073e-07	4.282061e-08	1.891172e-08
120	0.7601701	0.524476	0.4180397	0.3379924	0.3364258	0.07668328	0.013406	0.01073027	0.004198919	0.001950188	0.0003892123	0.0001174109	7.045024e-05	6.835339e-05	4.226837e-05	3.004804e-05	1.824241e-05	1.591364e-05	6.802768e-06	3.662503e-06	1.265114e-06	9.301468e-07	8.639589e-07	8.290938e-07	8.1475e-07	8.034097e-07	7.19831e-07	7.234272e-07	1.332275e-07	2.292014e-08
121	0.2240966	0.2042419	0.1516416	0.1260835	0.04615062	0.0446328	0.04383805	0.006905778	0.005885227	0.001997839	0.00101612	0.0001969093	5.285412e-05	2.809949e-05	2.75243e-05	1.989212e-05	1.634819e-05	7.166273e-06	6.533868e-06	2.916893e-06	1.872613e-06	6.585367e-07	5.502855e-07	5.254139e-07	5.021212e-07	4.916466e-07	4.974758e-07	4.92384e-07	4.987292e-07	3.328551e-08
122	0.2630742	0.2064973	0.1905595	0.1386926	0.1159135	0.03519421	0.03376999	0.03290973	0.005468369	0.004540967	0.001671056	0.0009057665	0.0001950532	5.06058e-05	2.570396e-05	2.509471e-05	1.887854e-05	1.582244e-05	6.569299e-06	5.926174e-06	2.759358e-06	1.756473e-06	5.368801e-07	4.303703e-07	4.102501e-07	3.939505e-07	3.896386e-07	3.944669e-07	3.89961e-07	3.945475e-07
123	0.1984648	0.1599221	0.145744	0.1300421	0.1230868	0.1074468	0.02602001	0.02470854	0.02377973	0.003431485	0.002563725	0.001406065	0.0008088378	0.0001841247	3.926555e-05	1.417297e-05	1.345616e-05	8.820611e-06	6.459632e-06	5.60766e-06	4.945404e-06	2.558344e-06	1.604946e-06	4.090189e-07	3.254219e-07	3.103134e-07	3.004788e-07	2.974854e-07	3.012995e-07	2.979908e-07
124	0.6517163	0.1868311	0.157447	0.1437617	0.1279475	0.121943	0.1079045	0.02541971	0.02411434	0.02318755	0.003340355	0.002479567	0.001374769	0.0008033889	0.0001852064	3.916426e-05	1.385125e-05	1.313571e-05	8.6263e-06	6.312538e-06	5.466084e-06	4.911567e-06	2.56243e-06	1.610929e-06	4.021822e-07	3.184235e-07	3.048378e-07	2.9547e-07	2.945498e-07	2.986056e-07
125	0.5420586	0.4576139	0.1282412	0.1108541	0.106286	0.1049482	0.1031723	0.09755628	0.01515449	0.01426898	0.01382086	0.001229385	0.0008388793	0.0003877844	0.0001747186	3.363247e-05	1.072845e-05	6.885537e-06	6.654589e-06	4.102556e-06	2.909875e-06	2.504713e-06	2.213222e-06	9.894569e-07	4.286234e-07	2.294693e-07	2.007145e-07	1.948553e-07	1.855048e-07	1.838014e-07
126	0.4394522	0.3197725	0.3129844	0.1143203	0.1007496	0.09733719	0.09636099	0.09533218	0.09186059	0.00855165	0.008066715	0.00763036	0.000920053	0.0006336026	0.0003026861	0.0001390056	2.736818e-05	7.979973e-06	4.709223e-06	4.48776e-06	2.900943e-06	2.07949e-06	1.735413e-06	1.473531e-06	6.439868e-07	3.027477e-07	1.326714e-07	1.068927e-07	1.02789e-07	1.002509e-07
127	0.1962827	0.1132544	0.1068273	0.1043628	0.01057969	0.003570219	0.003050047	0.00254493	0.00228702	0.001617544	0.001277641	0.0011906	0.001147171	0.0001321954	9.393299e-05	4.347528e-05	1.84186e-05	4.000737e-06	1.149302e-06	6.697154e-07	6.398768e-07	4.348727e-07	3.232769e-07	2.770941e-07	2.381509e-07	1.064198e-07	5.566015e-08	2.483421e-08	1.722734e-08	1.578754e-08
128	0.358031	0.01810943	0.01464987	0.01293395	0.01008686	0.006680676	0.001055038	0.001010826	0.0007032986	0.0006881987	0.0005027094	0.0004886733	0.0004835596	0.0004868153	1.635945e-05	9.45498e-06	3.762324e-06	1.370652e-06	2.007709e-07	1.551081e-07	1.449626e-07	1.466049e-07	8.350682e-08	6.131562e-08	5.973568e-08	5.950576e-08	2.477759e-08	2.064213e-08	1.284995e-08	8.453615e-09
129	0.09135659	0.05820412	0.01076531	0.007745747	0.007524364	0.004696097	0.004011913	0.0002910273	0.0002542041	0.0002434263	0.0002359292	0.0001430868	0.0001368604	0.0001352888	0.0001360494	5.762945e-06	3.401801e-06	1.582438e-06	5.355147e-07	1.082509e-07	8.639197e-08	8.35593e-08	8.453084e-08	4.664091e-08	3.364535e-08	3.278758e-08	3.233202e-08	1.548663e-08	1.380799e-08	6.907455e-09
130	0.1469705	0.05118935	0.03887007	0.01039039	0.007730425	0.007530367	0.004670969	0.003991717	0.0002520079	0.0002175684	0.0002067001	0.0001990912	0.0001127004	0.0001068533	0.000105477	0.0001059654	4.832481e-06	2.826523e-06	1.040169e-06	5.330602e-07	1.052665e-07	8.329008e-08	8.04049e-08	8.136973e-08	4.420316e-08	3.146247e-08	3.0602e-08	3.073156e-08	1.503556e-08	1.354692e-08
131	0.6541413	0.106956	0.04886978	0.03756346	0.01039602	0.007711406	0.007514733	0.004620345	0.004009481	0.0002321483	0.0001981358	0.0001876575	0.0001802467	9.661382e-05	9.130286e-05	9.011702e-05	9.054614e-05	4.477232e-06	2.671254e-06	9.237325e-07	4.285603e-07	1.013871e-07	8.107839e-08	7.86189e-08	7.960561e-08	4.238631e-08	2.965532e-08	2.880315e-08	2.892992e-08	1.373139e-08
132	0.6063567	0.3058204	0.0894413	0.04392416	0.03407055	0.009359832	0.006631356	0.00641908	0.004669117	0.004056576	0.0002264174	0.0001921672	0.0001815934	0.0001741387	9.09275e-05	8.566926e-05	8.455804e-05	8.494972e-05	4.410078e-06	2.667873e-06	9.229627e-07	4.288164e-07	1.013424e-07	8.135457e-08	7.8935e-08	7.995256e-08	4.228503e-08	2.94179e-08	2.856317e-08	2.86943e-08
133	0.5585394	0.5500772	0.2726394	0.08580891	0.0436932	0.03413652	0.009436328	0.006674394	0.00646302	0.004694733	0.004089083	0.0002187684	0.0001842553	0.000174765	0.0001672565	8.444492e-05	7.97577e-05	7.874687e-05	7.912468e-05	4.323923e-06	2.649176e-06	9.069785e-07	4.142497e-07	9.984281e-08	8.151795e-08	7.943607e-08	8.049131e-08	4.243625e-08	2.943913e-08	2.85843e-08
134	0.9620752	0.5530071	0.544478	0.2706481	0.08424361	0.04394659	0.03432442	0.009541043	0.006743434	0.006530687	0.004753323	0.004140338	0.0002141026	0.0001792116	0.0001695929	0.0001619585	7.926837e-05	7.460769e-05	7.363336e-05	7.396517e-05	4.301464e-06	2.681409e-06	9.206854e-07	4.202839e-07	1.009142e-07	8.233445e-08	8.023786e-08	8.132947e-08	4.274583e-08	2.957402e-08
135	0.7428761	0.7102479	0.516846	0.5088954	0.2493997	0.07022029	0.03565767	0.02853285	0.006846678	0.006788045	0.006596088	0.004798563	0.004181484	0.0001983556	0.0001640498	0.0001542639	0.0001467798	6.621257e-05	6.148603e-05	6.041424e-05	6.056237e-05	3.828122e-06	2.547043e-06	9.122543e-07	4.136831e-07	9.723842e-08	7.926229e-08	7.721951e-08	7.832772e-08	3.942482e-08
136	0.6108524	0.5930481	0.5728446	0.4497102	0.4491156	0.2103283	0.05577093	0.0297237	0.02495878	0.00660185	0.006571854	0.006393739	0.004592486	0.004198116	0.0001591357	0.0001270054	0.0001181299	0.0001113941	5.246804e-05	4.817162e-05	4.710638e-05	4.710395e-05	3.209428e-06	2.301118e-06	8.526127e-07	3.729982e-07	8.066573e-08	6.730662e-08	6.613747e-08	6.721407e-08
137	0.8386521	0.5901582	0.5776252	0.5643267	0.4422113	0.4417449	0.208646	0.05389305	0.02775802	0.02294094	0.006536511	0.006518109	0.006339667	0.00462604	0.004232487	0.0001343465	0.0001038727	9.528868e-05	8.888613e-05	5.210585e-05	4.824998e-05	4.730096e-05	4.73199e-05	3.215298e-06	2.300353e-06	8.490998e-07	3.677178e-07	7.415524e-08	6.048377e-08	5.916782e-08
138	0.8491151	0.6977272	0.4544959	0.4428079	0.4296512	0.3083677	0.3069108	0.07606871	0.04386692	0.02048589	0.01601156	0.004810322	0.004800229	0.004603632	0.004655408	0.004269135	0.0001182329	8.879525e-05	8.286532e-05	7.82294e-05	5.076667e-05	4.726158e-05	4.640099e-05	4.647497e-05	3.092817e-06	2.202133e-06	7.912804e-07	3.237905e-07	5.01953e-08	4.085533e-08
139	0.6000392	0.5846967	0.496192	0.2531479	0.2393821	0.2256628	0.1131146	0.1097846	0.06439734	0.03452951	0.01380125	0.01007078	0.004689753	0.004712522	0.004606777	0.004666239	0.004287736	8.230511e-05	6.592874e-05	6.275166e-05	5.978568e-05	4.674071e-05	4.381815e-05	4.30839e-05	4.317698e-05	2.929964e-06	2.115737e-06	7.542935e-07	2.957221e-07	2.942836e-08
140	0.5153751	0.3860836	0.3869066	0.3691224	0.1433431	0.1356724	0.1297355	0.06625834	0.06383953	0.03250527	0.01800578	0.005550344	0.004096883	0.0005548372	0.0005386257	0.0004594783	0.0004614104	7.632746e-05	6.499232e-05	4.920187e-05	4.686043e-05	4.466244e-05	3.398846e-05	3.126122e-05	3.053903e-05	3.071553e-05	2.209891e-06	1.761614e-06	6.557495e-07	2.481791e-07
141	0.1474396	0.1173912	0.1074399	0.106807	0.1008106	0.09525869	0.08844656	0.08640953	0.02712335	0.02660823	0.0161402	0.008830803	0.003197795	0.002653292	0.0004032713	0.0003952204	0.0003582773	0.0003610571	3.679954e-05	2.701226e-05	2.615331e-05	2.482836e-05	2.293097e-05	1.431409e-05	1.3868e-05	1.366188e-05	1.36209e-05	1.638667e-06	1.482403e-06	5.632838e-07
142	0.582752	0.1152601	0.1005968	0.09244707	0.09175369	0.08598719	0.08102787	0.08029489	0.07885141	0.01958043	0.01910376	0.0118212	0.006356336	0.002098948	0.001604929	0.000270654	0.0002662578	0.0002399102	0.0002419635	2.192587e-05	1.781852e-05	1.72965e-05	1.683601e-05	1.552246e-05	1.030422e-05	1.00048e-05	9.837244e-06	9.948387e-06	1.211649e-06	1.09825e-06
143	0.3799136	0.2985174	0.05330106	0.03932638	0.03314092	0.03174979	0.0255086	0.02184156	0.02041014	0.0188271	0.01215727	0.01172716	0.007546429	0.003887747	0.0009568439	0.0004952552	0.0001637961	0.0001636845	0.0001538115	0.0001556406	1.050958e-05	8.851071e-06	8.698384e-06	8.629313e-06	7.950052e-06	6.519975e-06	6.329711e-06	6.171613e-06	6.249653e-06	7.543871e-07
144	0.5001447	0.3255848	0.283947	0.03867827	0.02640454	0.02048758	0.01915047	0.01776941	0.01474285	0.01328658	0.01223496	0.006110009	0.005978286	0.003953426	0.002102196	0.0006549931	0.0002268035	7.183609e-05	7.152531e-05	6.885197e-05	6.967037e-05	4.114113e-06	3.450683e-06	3.313907e-06	3.251021e-06	2.99139e-06	2.405235e-06	2.22734e-06	2.047587e-06	2.063093e-06
145	0.5255469	0.2178037	0.2076208	0.1994382	0.01830389	0.01693645	0.01454272	0.01381807	0.0130057	0.01122231	0.01019511	0.009594528	0.003951266	0.003883431	0.002513931	0.001448802	0.0004725454	0.0001157284	2.512116e-05	2.474661e-05	2.292625e-05	2.313226e-05	2.132324e-06	1.748921e-06	1.681934e-06	1.648937e-06	1.495146e-06	1.196961e-06	1.184669e-06	1.187543e-06
146	0.07533928	0.05381177	0.0367801	0.02693931	0.02023161	0.01465519	0.01326267	0.01263197	0.01187986	0.01104906	0.009304365	0.008895012	0.00838121	0.00276906	0.002689656	0.001664622	0.001126441	0.0004237759	6.726601e-05	8.846348e-06	8.416003e-06	7.554785e-06	7.569824e-06	9.506638e-07	7.531475e-07	6.859199e-07	6.534615e-07	5.816762e-07	3.837028e-07	3.739036e-07
147	0.2105789	0.05904089	0.04172051	0.03177927	0.02452531	0.01839748	0.01333324	0.01203381	0.01145799	0.01067944	0.009830404	0.008211396	0.007782368	0.007303382	0.001934351	0.001843235	0.001043908	0.0006952657	8.667925e-05	2.389057e-05	1.791782e-06	1.458886e-06	1.016842e-06	9.685548e-07	3.30892e-07	2.38825e-07	1.806247e-07	1.57753e-07	1.261443e-07	6.592334e-08
148	0.5799606	0.1633611	0.05020883	0.03534277	0.02665668	0.02008112	0.01398176	0.008833449	0.007474121	0.0068314	0.005976815	0.00504966	0.003431676	0.002926299	0.002369937	0.001323903	0.001223598	0.001041608	0.0006946469	8.216574e-05	1.856265e-05	1.631505e-06	1.320833e-06	8.851339e-07	8.392938e-07	3.004393e-07	2.168827e-07	1.586085e-07	1.377288e-07	1.07653e-07
149	0.524474	0.3009219	0.1326824	0.04927433	0.03478095	0.02619974	0.01971278	0.01367269	0.008494497	0.007118774	0.006468983	0.005600479	0.005006246	0.003378342	0.002866724	0.002349342	0.00129122	0.001217034	0.001045944	0.000698023	7.948091e-05	1.524586e-05	1.484638e-06	1.190785e-06	8.323714e-07	7.881033e-07	2.730336e-07	1.975581e-07	1.400715e-07	1.207779e-07
150	0.5890766	0.482663	0.2808221	0.1212465	0.04750393	0.03304361	0.02558161	0.01941873	0.01338944	0.008158902	0.006765359	0.00610563	0.005219771	0.004612569	0.002981729	0.002456581	0.001925694	0.0008508199	0.0007688875	0.000594316	0.0002350306	7.887029e-05	1.384368e-05	1.440128e-06	1.150054e-06	8.02816e-07	7.588913e-07	2.659417e-07	1.927928e-07	1.347531e-07
151	0.8027711	0.5239829	0.4357899	0.2424576	0.0902158	0.04762121	0.03318603	0.02569123	0.01946943	0.01351107	0.008222338	0.006818179	0.006152283	0.005254819	0.004640212	0.002997664	0.002465359	0.001927603	0.0008482918	0.0007659583	0.0005952131	0.0002326571	7.756152e-05	1.331718e-05	1.407325e-06	1.116854e-06	7.910312e-07	7.467054e-07	2.603382e-07	1.880501e-07
152	0.8104263	0.6957161	0.4782107	0.3951235	0.2167496	0.07830661	0.04670752	0.03307206	0.02550756	0.01920989	0.01319681	0.007837348	0.006420789	0.005740539	0.004824067	0.004194388	0.002526739	0.00197916	0.001425906	0.000850955	0.0007680732	0.0006001363	0.0002338745	7.844433e-05	1.329676e-05	1.409022e-06	1.115702e-06	7.891376e-07	7.441979e-07	2.608713e-07
153	0.8958289	0.8035909	0.6889939	0.4793663	0.3973281	0.2174882	0.07906372	0.04714551	0.03349653	0.02584483	0.01946422	0.01337061	0.007936454	0.006503678	0.005814703	0.004886867	0.004249466	0.002557485	0.002001616	0.001440152	0.0008570424	0.0007755625	0.0006083783	0.0002369607	7.972912e-05	1.34588e-05	1.416993e-06	1.118807e-06	7.876701e-07	7.419226e-07
154	0.9826536	0.8882456	0.7962692	0.6849436	0.4823559	0.4004952	0.2189018	0.0800815	0.04776943	0.03393841	0.0262067	0.01974013	0.01356129	0.008049817	0.006597107	0.005899235	0.004958243	0.004311911	0.002593911	0.002029646	0.001459611	0.0008673692	0.0007846882	0.0006171044	0.0002402863	8.105799e-05	1.362653e-05	1.425955e-06	1.122745e-06	7.866517e-07
155	0.9041508	0.8861112	0.845728	0.7629402	0.6528119	0.4775727	0.3974394	0.2148024	0.08051543	0.04802183	0.03408389	0.02642075	0.01986557	0.01359744	0.008004991	0.006529308	0.005820277	0.004863111	0.004204857	0.002457072	0.001881596	0.00129944	0.0006944767	0.0006073263	0.0004344867	0.0002443399	8.242752e-05	1.376891e-05	1.415761e-06	1.106971e-06
156	0.6546209	0.6556659	0.6502082	0.6304979	0.5654332	0.4641479	0.3532712	0.2939687	0.1275675	0.04814929	0.03073508	0.02143379	0.01618926	0.01176	0.007613668	0.003818832	0.002824957	0.002332685	0.002160865	0.001923131	0.0007811283	0.0007023921	0.0006479768	0.000589136	0.0005401037	0.0004069546	0.0002317807	7.589033e-05	1.147343e-05	1.080675e-06
157	0.6071743	0.5524867	0.5541998	0.5505856	0.534731	0.4862012	0.3890208	0.3035653	0.2544526	0.09703067	0.03726429	0.02213557	0.01519061	0.01126348	0.007968894	0.005027229	0.002214443	0.001572099	0.001208854	0.001055894	0.0008556456	0.000670137	0.0006072101	0.0005663133	0.0005222573	0.0004864352	0.0003853622	0.0002251495	7.410538e-05	1.013504e-05
158	0.4634999	0.3302104	0.3284033	0.3302138	0.3275152	0.3187775	0.2977988	0.2122648	0.1672883	0.1386625	0.04019797	0.01817914	0.007663361	0.00530012	0.003863507	0.002807605	0.001875234	0.0009730593	0.0007832013	0.0006712193	0.0006116048	0.0005453715	0.0004785536	0.0004545058	0.0004309379	0.0004058463	0.000384191	0.000298839	0.0001644848	2.480025e-05
159	0.6207819	0.3792764	0.3131774	0.3115346	0.3136973	0.315359	0.3077959	0.2871085	0.2016045	0.1630453	0.1376512	0.03909334	0.0179615	0.007446484	0.005136499	0.003764441	0.002736693	0.001827462	0.0009472975	0.0007620171	0.0006524411	0.000593821	0.0005297622	0.000464225	0.000440433	0.0004177873	0.0003929382	0.0003734463	0.0002904923	0.0001603832
160	0.7232264	0.4418309	0.3222506	0.2747183	0.2734303	0.2754206	0.2769697	0.2709513	0.2522902	0.1667274	0.1344106	0.113133	0.0286817	0.009809493	0.007037607	0.004809211	0.003567516	0.002569275	0.00167861	0.0008278216	0.0006451904	0.0005455224	0.0005043766	0.0004513635	0.0004038456	0.0003941404	0.0003868297	0.0003783545	0.0003638553	0.000283964
161	0.3170606	0.2657914	0.2600481	0.2323088	0.1940319	0.1959959	0.1985084	0.2009801	0.1991763	0.184021	0.09997814	0.09061262	0.08329735	0.006284395	0.0008950959	0.0004266811	0.0003083713	0.0001542998	0.0001114935	7.736384e-05	4.254622e-05	3.733338e-05	3.275426e-05	3.110915e-05	2.852456e-05	2.538033e-05	2.374674e-05	2.171752e-05	1.939555e-05	1.685591e-05
162	0.05880009	0.05479625	0.03288159	0.03146397	0.02974125	0.02504345	0.02512291	0.02541906	0.02566163	0.02419926	0.02325868	0.02257293	0.0153825	0.01084977	0.004192743	0.0005145232	0.0001885563	0.0001537174	7.151584e-05	5.205923e-05	3.622387e-05	1.990265e-05	1.831198e-05	1.583094e-05	1.521663e-05	1.416781e-05	1.287178e-05	1.215401e-05	1.106755e-05	9.78047e-06
163	0.05853656	0.04236979	0.03875447	0.02691232	0.02556928	0.0245113	0.02106209	0.02120914	0.02146683	0.02169331	0.02060941	0.0197942	0.01950754	0.01377638	0.01031876	0.003992302	0.0004771351	0.0001659131	0.0001349967	6.687982e-05	4.931751e-05	3.423775e-05	1.89776e-05	1.756117e-05	1.52151e-05	1.464557e-05	1.365745e-05	1.241701e-05	1.171256e-05	1.064477e-05
164	0.8034931	0.04906889	0.03306151	0.02984901	0.02417728	0.02372213	0.02266143	0.01922709	0.01935613	0.01959727	0.01982127	0.01897518	0.01821117	0.01816531	0.01311286	0.01031186	0.004019705	0.0004658136	0.0001589339	0.0001274891	6.657549e-05	4.926705e-05	3.393319e-05	1.855851e-05	1.711002e-05	1.472619e-05	1.413729e-05	1.31232e-05	1.185038e-05	1.112538e-05
165	0.8433017	0.6811662	0.04368425	0.0291865	0.02599753	0.02106866	0.02065372	0.01974567	0.01672087	0.01681977	0.01702946	0.01722297	0.01671965	0.01604658	0.01600857	0.01104424	0.00919663	0.003657404	0.0001952085	0.0001406905	0.0001140106	6.534507e-05	4.878183e-05	3.334423e-05	1.826001e-05	1.680351e-05	1.44807e-05	1.391215e-05	1.29261e-05	1.167031e-05
166	0.3208447	0.2921489	0.1361347	0.0346217	0.02280142	0.0197883	0.01538446	0.01527017	0.01478088	0.01276671	0.01285114	0.01302251	0.01317975	0.01308844	0.01264332	0.01259818	0.007773163	0.007077537	0.003325645	0.000108504	7.389821e-05	6.547806e-05	4.26216e-05	3.173779e-05	2.028399e-05	9.57534e-06	8.841694e-06	6.973387e-06	6.892123e-06	6.54593e-06
167	0.3207912	0.1984449	0.1868355	0.08301918	0.02745132	0.01965292	0.01665873	0.01271786	0.0125907	0.01223926	0.01094878	0.01101172	0.01116201	0.0113035	0.01123391	0.01094255	0.01089878	0.006119765	0.00552519	0.003092792	9.221284e-05	5.948804e-05	5.117964e-05	3.338239e-05	2.296536e-05	1.914911e-05	8.928106e-06	8.236671e-06	6.498317e-06	6.416517e-06
168	0.09078295	0.08578897	0.07662034	0.07300827	0.05433407	0.01897532	0.01299079	0.01243451	0.009733526	0.009639446	0.009335853	0.008576864	0.008673324	0.008793704	0.008908176	0.008883567	0.008743891	0.00873353	0.004257377	0.00384723	0.002368482	6.728391e-05	4.09035e-05	3.293521e-05	1.996981e-05	1.539647e-05	1.155229e-05	7.532031e-06	6.829965e-06	5.335613e-06
169	0.1663142	0.06566546	0.06283558	0.05466197	0.0514279	0.03573992	0.01236768	0.009956421	0.009427447	0.007471219	0.007385826	0.007171127	0.00674116	0.006816233	0.00691191	0.007004501	0.007002058	0.006930358	0.006932315	0.002699144	0.002415309	0.001549598	5.627504e-05	3.564465e-05	2.780531e-05	1.803997e-05	1.384076e-05	1.001999e-05	6.293859e-06	5.583317e-06
170	0.6203947	0.121339	0.04680422	0.04527052	0.03997826	0.03734439	0.02455619	0.007380727	0.006161936	0.006066147	0.005252003	0.005181716	0.005044239	0.004915732	0.004972175	0.005042656	0.005111766	0.005133836	0.005139207	0.005158263	0.001184352	0.001035604	0.0007134253	4.407789e-05	2.961678e-05	2.228513e-05	1.569343e-05	1.208541e-05	8.312861e-06	4.944265e-06
171	0.5190702	0.312099	0.1150617	0.04079078	0.03927761	0.03413074	0.03154631	0.01917507	0.005332607	0.004406386	0.004322324	0.003855993	0.003781187	0.003654108	0.003536936	0.003574384	0.003624568	0.003673783	0.003692157	0.003689441	0.003708103	0.0008834963	0.0007808893	0.0005095227	4.088087e-05	2.813326e-05	2.067598e-05	1.541053e-05	1.180135e-05	7.959508e-06
172	0.8597004	0.3759268	0.3005266	0.1058091	0.03448437	0.0331863	0.02838004	0.02587618	0.01386819	0.003976848	0.003275546	0.003208153	0.002853425	0.002785658	0.00267055	0.002556522	0.00258108	0.00261693	0.002651784	0.002661507	0.002650677	0.002662553	0.0006988867	0.0006137836	0.0003684925	3.745904e-05	2.652187e-05	1.933587e-05	1.44755e-05	1.096283e-05
173	0.7214122	0.7152374	0.2546055	0.2156451	0.03352279	0.02758763	0.02634343	0.02278344	0.02047693	0.008753323	0.002456978	0.00207205	0.002027201	0.001786921	0.001736572	0.001696816	0.001586924	0.001601348	0.001623833	0.001646213	0.001647956	0.001634959	0.001644439	0.0004985972	0.0004338884	0.000207556	1.195611e-05	7.399933e-06	5.584508e-06	3.809895e-06
174	0.7000266	0.6498824	0.6476476	0.1827775	0.1584774	0.02479028	0.01931613	0.01926068	0.01829223	0.01814945	0.00648401	0.001764815	0.001499217	0.001471963	0.001294995	0.001273805	0.001246691	0.001156966	0.001168361	0.001185364	0.001202386	0.001202238	0.001190939	0.00119828	0.0003863927	0.0003317654	0.0001446626	7.995995e-06	4.676788e-06	3.445226e-06
175	0.8391635	0.68664	0.6453681	0.6435319	0.1716742	0.1534174	0.0208016	0.01854285	0.01849649	0.01755601	0.01743458	0.005668651	0.001472533	0.001264688	0.001242144	0.001087257	0.001068658	0.00104502	0.0009543817	0.0009630829	0.0009770917	0.0009911085	0.0009889029	0.0009754554	0.0009812464	0.0003527407	0.0003008656	0.0001159076	7.408708e-06	4.413793e-06
176	0.8774875	0.7914902	0.6856081	0.648963	0.6473676	0.1702187	0.1542562	0.01982055	0.01761315	0.01757147	0.01664745	0.0165416	0.004815514	0.001270823	0.001096786	0.001077243	0.000938406	0.0009213868	0.0009000362	0.0008073405	0.0008141458	0.0008261074	0.0008380114	0.000834291	0.0008190293	0.0008238098	0.0003305089	0.0002807479	9.449347e-05	6.568432e-06
177	0.6091625	0.5655924	0.5226681	0.4891859	0.464543	0.4632777	0.157855	0.1440319	0.007670168	0.005512143	0.005474876	0.00456084	0.00447049	0.003969936	0.0009863341	0.0008572181	0.0008403543	0.0007230752	0.0007058942	0.0006867533	0.0005912153	0.0005947841	0.0006033167	0.0006117297	0.0006054142	0.0005871779	0.0005900223	0.0002971656	0.0002504657	6.378596e-05
178	0.5947348	0.5867503	0.5434528	0.5064772	0.4837622	0.4630005	0.4620776	0.1518667	0.1432049	0.004837034	0.003014054	0.00298081	0.002072274	0.001998103	0.001576652	0.0006262164	0.0005589545	0.0005444643	0.0004537537	0.0004356907	0.0004200056	0.0003207993	0.0003202489	0.0003242682	0.0003281059	0.0003182363	0.0002959624	0.0002960799	0.0002556393	0.0002126478
179	0.5341947	0.2597364	0.2534875	0.2100061	0.1787014	0.1679891	0.1517108	0.1508834	0.1507109	0.1449828	0.004576375	0.002750579	0.002719732	0.001829274	0.001766589	0.001375323	0.0005509337	0.0005056353	0.0004939705	0.0004083503	0.000392678	0.0003803672	0.0002856668	0.000284716	0.0002882615	0.0002917754	0.0002818046	0.000260693	0.0002607645	0.000240778
180	0.6903565	0.3650663	0.1759671	0.1713564	0.170775	0.153437	0.1507807	0.1477784	0.1475312	0.1474569	0.1449997	0.002693022	0.0008849576	0.0008666875	0.0007780988	0.0007466518	0.0005501609	0.0001873111	0.0001669587	0.0001642424	0.0001552823	0.0001546517	0.0001546465	0.0001064295	0.0001078721	0.0001096753	0.0001114815	0.0001111389	0.0001012356	0.0001025277
181	0.04330615	0.02874907	0.0255664	0.008330669	0.00777233	0.007435794	0.005639413	0.004523784	0.003227184	0.003188661	0.003179147	0.002446483	0.002026765	0.0002106119	0.000194677	0.0001721612	0.0001566393	0.0001329167	3.335443e-05	2.38783e-05	2.307733e-05	2.041387e-05	1.961248e-05	1.921961e-05	1.350077e-05	1.358343e-05	1.37703e-05	1.395173e-05	1.385872e-05	1.26492e-05
182	0.1243752	0.02106966	0.009478722	0.007441139	0.005399476	0.00488833	0.004559788	0.003201866	0.002272796	0.001116481	0.001089769	0.00108406	0.0005918777	0.0001766175	0.0001655494	0.0001494879	0.0001309032	0.0001162257	0.0001025265	1.821717e-05	1.552787e-05	1.486611e-05	1.24782e-05	1.17454e-05	1.136812e-05	8.136453e-06	8.150953e-06	8.249925e-06	8.343147e-06	8.260074e-06
183	0.2314592	0.1165969	0.01865242	0.007087969	0.007018072	0.005049446	0.004541272	0.004462698	0.003157363	0.00223698	0.001078866	0.001056308	0.001051598	0.0005747156	0.0001541123	0.0001431565	0.0001411839	0.0001232884	0.0001085471	9.755722e-05	1.603022e-05	1.346033e-05	1.281408e-05	1.043768e-05	9.675889e-06	9.277331e-06	6.718761e-06	6.708879e-06	6.782419e-06	6.849659e-06
184	0.1754536	0.1626349	0.09611633	0.01582782	0.005402209	0.005360616	0.004003593	0.003973325	0.003896671	0.002693399	0.001787734	0.001035235	0.001015771	0.001012099	0.0005558611	0.0001305409	0.0001197691	0.0001181614	0.0001020937	9.879024e-05	9.060906e-05	1.207367e-05	9.676439e-06	9.151568e-06	8.283337e-06	7.501768e-06	7.087774e-06	5.228235e-06	5.194829e-06	5.241528e-06
185	0.9117253	0.1376914	0.1282847	0.08806414	0.01361319	0.003993799	0.003978694	0.002640018	0.002618594	0.002595781	0.001718396	0.001039345	0.0005120498	0.0004976406	0.0004947677	0.0001507104	0.0001211572	0.0001110527	0.0001099027	9.50383e-05	9.220502e-05	8.586803e-05	9.597464e-06	7.624946e-06	7.229798e-06	6.498555e-06	5.927341e-06	5.591266e-06	4.19343e-06	4.168499e-06
186	0.1392323	0.1040112	0.04634077	0.04398165	0.01583878	0.004091014	0.002960462	0.00295044	0.001906829	0.001891532	0.001872997	0.00124008	0.0007307199	0.0003625413	0.0003522223	0.0003501542	9.386127e-05	7.12709e-05	6.591912e-05	6.48632e-05	5.107112e-05	4.862169e-05	4.4211e-05	7.120612e-06	5.601514e-06	5.309664e-06	4.73727e-06	4.300568e-06	4.019129e-06	3.089509e-06
187	0.10759	0.07139229	0.06797256	0.03055174	0.02886342	0.01054879	0.002607569	0.002335941	0.00232732	0.001271209	0.001260059	0.001244688	0.0008154209	0.0005209323	0.0002630864	0.0002561784	0.000254849	7.562473e-05	5.93001e-05	5.757184e-05	5.654331e-05	4.377787e-05	4.166816e-05	3.904861e-05	4.724687e-06	3.761964e-06	3.541042e-06	3.059353e-06	2.756881e-06	2.554621e-06
188	0.08875066	0.0560065	0.04693344	0.04444924	0.01857891	0.01758118	0.006754211	0.001438052	0.00124081	0.001234188	0.001219291	0.001209767	0.001195113	0.0007750081	0.0004891559	0.0002430772	0.00023768	0.00023699	5.991605e-05	4.390637e-05	4.232639e-05	4.136071e-05	3.780133e-05	3.662333e-05	3.57544e-05	3.354721e-06	2.450543e-06	2.25239e-06	1.787545e-06	1.467749e-06
189	0.9144108	0.08637982	0.05377678	0.04555576	0.04319044	0.01775024	0.01676713	0.00656691	0.001437796	0.001246154	0.0012409	0.001226102	0.001218806	0.001204065	0.000780278	0.0004925375	0.0002445059	0.0002392052	0.000238547	5.961933e-05	4.347551e-05	4.189252e-05	4.145224e-05	3.785412e-05	3.666449e-05	3.58773e-05	3.196521e-06	2.327006e-06	2.127444e-06	1.684665e-06
190	0.5474428	0.5188721	0.08244175	0.05238866	0.04418824	0.04198658	0.0169633	0.01598419	0.006330567	0.001437224	0.001250915	0.001248457	0.001233756	0.001226573	0.001212002	0.0007844208	0.0004950353	0.0002453995	0.0002401958	0.0002395675	5.873231e-05	4.341407e-05	4.18273e-05	4.155993e-05	3.794158e-05	3.674002e-05	3.602708e-05	3.031876e-06	2.196286e-06	1.995636e-06
191	0.4832134	0.3496764	0.3304313	0.03106101	0.0175282	0.01645443	0.01584089	0.007942992	0.007747327	0.002747432	0.000456215	0.0003758788	0.0003747078	0.0003685623	0.0003663401	0.0003566347	0.0001821642	0.0001427469	0.0001169795	0.0001149757	0.0001145661	1.892169e-05	1.144311e-05	1.043622e-05	1.036518e-05	7.662658e-06	6.879137e-06	6.347265e-06	1.701503e-06	1.27507e-06
192	0.4824495	0.1710062	0.1676942	0.1620791	0.02409638	0.0140959	0.01323117	0.0127389	0.006232039	0.00609062	0.002066095	0.0003282262	0.0002733381	0.0002724167	0.000267399	0.0002660868	0.0002570787	0.0001342537	0.0001121224	9.398672e-05	9.255876e-05	9.22175e-05	1.488624e-05	9.246354e-06	8.569179e-06	8.514023e-06	6.208658e-06	5.54797e-06	5.089638e-06	1.124124e-06
193	0.198827	0.1859479	0.09785433	0.09580139	0.09192117	0.01352589	0.009638452	0.009175113	0.008726243	0.003754102	0.003663539	0.001134464	0.0002577133	0.0002265903	0.0002261205	0.0002225076	0.0002215743	0.0002197545	0.0001098974	9.712157e-05	8.768245e-05	8.667297e-05	8.640938e-05	1.305369e-05	7.823694e-06	7.205126e-06	7.163728e-06	4.982984e-06	4.357217e-06	4.036033e-06
194	0.07117235	0.04275697	0.04212198	0.03767982	0.0374528	0.03644871	0.003021336	0.002178479	0.002084594	0.002001212	0.0002799144	0.0002684347	9.473897e-05	3.495447e-05	3.216274e-05	3.21253e-05	3.193851e-05	3.172352e-05	3.154917e-05	1.792864e-05	1.191123e-05	5.670861e-06	5.54097e-06	5.532429e-06	6.061631e-07	2.42942e-07	2.114959e-07	2.097008e-07	1.626974e-07	1.440738e-07
195	0.3418322	0.01367668	0.007051538	0.007000313	0.005062392	0.005036771	0.004150682	0.002619052	0.001878516	0.00179551	0.001736827	6.963256e-05	6.082312e-05	1.875693e-05	3.223827e-06	2.506497e-06	2.496086e-06	2.468305e-06	2.449229e-06	2.435208e-06	1.460083e-06	9.08904e-07	4.236762e-07	4.085206e-07	4.0626e-07	8.102909e-08	5.379004e-08	5.087198e-08	5.056558e-08	4.440783e-08
196	0.1538578	0.105895	0.006466413	0.004634016	0.004617441	0.003665565	0.00365386	0.002762494	0.001807807	0.00178917	0.001784926	0.001726342	4.14123e-05	3.294731e-05	9.676955e-06	1.42039e-06	1.022477e-06	1.016719e-06	1.003076e-06	9.95163e-07	9.89364e-07	6.781654e-07	4.034708e-07	1.556295e-07	1.48322e-07	1.468139e-07	3.996768e-08	3.036338e-08	2.911835e-08	2.892782e-08
197	0.2800788	0.142304	0.09429644	0.005839741	0.004284316	0.004270014	0.003461984	0.003452052	0.002542906	0.001835365	0.001818437	0.001814819	0.001755062	3.669657e-05	2.814611e-05	8.265631e-06	1.200819e-06	8.415865e-07	8.363282e-07	8.241513e-07	8.176199e-07	8.128151e-07	5.581882e-07	3.332415e-07	1.302521e-07	1.241555e-07	1.227689e-07	3.544497e-08	2.75742e-08	2.654816e-08
198	0.583121	0.2116339	0.1201564	0.07200757	0.004432943	0.003148519	0.003136825	0.002465858	0.002458687	0.002448956	0.00180486	0.001789607	0.001786591	0.001786022	3.204873e-05	2.340862e-05	6.862534e-06	9.529681e-07	6.278739e-07	6.23092e-07	6.127604e-07	6.077733e-07	6.04101e-07	4.151021e-07	2.49062e-07	9.974775e-08	9.493408e-08	9.372057e-08	2.888816e-08	2.302428e-08
199	0.557528	0.5347367	0.19211	0.1089659	0.06056675	0.003917324	0.002905914	0.002896879	0.002367412	0.00236271	0.002355574	0.00182881	0.001816358	0.001813974	0.001813632	2.67509e-05	1.802109e-05	5.180146e-06	5.91586e-07	3.231928e-07	3.192141e-07	3.113713e-07	3.083901e-07	3.062575e-07	2.059826e-07	1.293988e-07	5.960173e-08	5.639067e-08	5.554877e-08	2.094806e-08
200	0.6622047	0.449886	0.4460414	0.1379983	0.07581211	0.0306126	0.001580069	0.000884697	0.0008781386	0.0004899361	0.0004864367	0.000481215	4.68163e-05	3.654469e-05	3.477787e-05	3.451433e-05	2.247544e-05	1.364214e-05	3.837124e-06	4.736314e-07	2.526691e-07	2.493859e-07	2.431505e-07	2.408349e-07	2.391578e-07	1.576278e-07	1.004755e-07	4.696512e-08	4.455854e-08	4.407081e-08
201	0.7719981	0.5625718	0.36808	0.3653508	0.08518266	0.06664874	0.02126567	0.001157922	0.0006716438	0.0006666742	0.0003959814	0.0003935149	0.0003898834	2.856672e-05	2.004301e-05	1.878961e-05	1.861166e-05	1.022039e-05	1.003522e-05	2.767365e-06	3.690148e-07	1.857416e-07	1.830126e-07	1.781222e-07	1.764998e-07	1.752805e-07	1.174373e-07	7.34628e-08	3.329686e-08	3.159685e-08
202	0.2106355	0.1884508	0.0487943	0.0312381	0.03108205	0.02668413	0.01454321	0.01356512	0.0007189296	0.0004142801	0.000411497	0.0002399613	0.0002387446	0.0002366346	1.643666e-05	1.138937e-05	1.062403e-05	1.055962e-05	5.446656e-06	5.331901e-06	1.701647e-06	1.63715e-07	5.291874e-08	5.125998e-08	4.854512e-08	4.795834e-08	4.75371e-08	3.479701e-08	2.179903e-08	1.160597e-08
203	0.243311	0.1519559	0.1437686	0.01411316	0.01378287	0.01371466	0.01270787	0.006520718	0.006016408	0.0003013665	0.0001694847	0.000168043	9.122355e-05	9.06834e-05	8.972372e-05	6.643908e-06	4.78462e-06	4.447758e-06	4.423834e-06	2.514682e-06	2.463971e-06	8.527084e-07	6.269872e-08	1.999551e-08	1.935264e-08	1.825533e-08	1.802534e-08	1.785569e-08	1.279339e-08	7.848397e-09
204	0.4449613	0.2330981	0.1455563	0.1372086	0.007814135	0.007565582	0.007505522	0.006988513	0.003508699	0.003180175	0.0001438441	7.674863e-05	7.577212e-05	3.484347e-05	3.450994e-05	3.395492e-05	3.29204e-06	2.571867e-06	2.393571e-06	2.376956e-06	1.452805e-06	1.424525e-06	5.491066e-07	3.355996e-08	1.659984e-08	1.633926e-08	1.564788e-08	1.55005e-08	1.538512e-08	1.059948e-08
205	0.5755966	0.413637	0.2358624	0.1461803	0.1376065	0.00541857	0.0051765	0.005116811	0.004692367	0.002928103	0.002631472	0.0001126001	5.81033e-05	5.720675e-05	2.318872e-05	2.289276e-05	2.241398e-05	2.615787e-06	2.130088e-06	1.982374e-06	1.966942e-06	1.238509e-06	1.21451e-06	4.797878e-07	2.793908e-08	1.628625e-08	1.610404e-08	1.548541e-08	1.535245e-08	1.524607e-08
206	0.7895094	0.3936971	0.2511352	0.2231131	0.1479842	0.1391692	0.003529776	0.003291215	0.003231887	0.002913479	0.001693496	0.001442099	8.315402e-05	4.367281e-05	4.286626e-05	1.817881e-05	1.793573e-05	1.756482e-05	1.897115e-06	1.500016e-06	1.392371e-06	1.378006e-06	8.563123e-07	8.381357e-07	2.924997e-07	2.560092e-08	1.615769e-08	1.600487e-08	1.54268e-08	1.531113e-08
207	0.7305481	0.6871779	0.2943583	0.1704171	0.1510317	0.1506012	0.1415298	0.002278693	0.002040083	0.0019858	0.001768643	0.001046413	0.0008407928	4.817455e-05	2.841617e-05	2.769514e-05	1.186581e-05	1.168017e-05	1.142468e-05	1.279876e-06	9.905138e-07	9.210189e-07	9.079726e-07	5.754824e-07	5.634522e-07	1.973278e-07	2.11945e-08	1.581355e-08	1.569637e-08	1.515966e-08
208	0.4611444	0.4512698	0.4418834	0.04627213	0.008115933	0.00595456	0.005913931	0.001782495	0.0008294841	0.0006250774	0.0006006966	0.000511366	0.0002648879	0.0002332443	1.954333e-05	1.297108e-05	1.246665e-05	7.09792e-06	6.971834e-06	6.833927e-06	6.236517e-07	4.287396e-07	4.043999e-07	3.935969e-07	2.700401e-07	2.644875e-07	1.142804e-07	1.819095e-08	1.47734e-08	1.47044e-08
209	0.03137757	0.01252526	0.01233812	0.01165482	0.01089751	0.001505263	0.001329563	0.001326766	0.0001027607	3.570184e-05	2.742394e-05	2.168366e-05	1.448171e-05	8.334352e-06	7.278965e-06	7.922526e-07	5.587686e-07	3.055361e-07	2.013996e-07	1.905569e-07	1.837992e-07	4.51283e-08	1.73629e-08	1.679958e-08	1.560004e-08	1.152788e-08	1.140494e-08	3.94709e-09	1.994937e-09	1.87819e-09
210	0.09922826	0.007872615	0.001888182	0.001830097	0.001743607	0.00163009	0.0001442931	4.327149e-05	4.225168e-05	3.892092e-05	2.177344e-05	1.404299e-05	1.249495e-05	6.604424e-06	3.757016e-06	3.320527e-06	2.671187e-07	1.433175e-07	1.384433e-07	9.567464e-08	8.86723e-08	8.459358e-08	1.404633e-08	9.964321e-09	9.704107e-09	8.904055e-09	6.719951e-09	6.659522e-09	2.236064e-09	1.313623e-09
211	0.06865182	0.05596642	0.006795697	0.001042171	0.000991667	0.0009453994	0.0008720569	8.846136e-05	2.423097e-05	2.356055e-05	2.344971e-05	1.655472e-05	9.030411e-06	8.200718e-06	3.338713e-06	1.835088e-06	1.603008e-06	1.361323e-07	7.24789e-08	7.001712e-08	4.758043e-08	4.390903e-08	4.175179e-08	7.253223e-09	5.204405e-09	5.072502e-09	4.641325e-09	3.532365e-09	3.498884e-09	1.179127e-09
212	0.161343	0.03521186	0.02520171	0.006295172	0.0005415296	0.0004925306	0.0004626386	0.0004067795	7.560332e-05	2.034464e-05	1.98651e-05	1.97669e-05	1.433465e-05	6.74395e-06	6.366283e-06	1.871549e-06	9.77144e-07	8.44923e-07	7.050596e-08	3.861663e-08	3.759397e-08	2.406064e-08	2.261162e-08	2.166944e-08	3.237618e-09	2.342443e-09	2.269801e-09	2.086881e-09	1.553461e-09	1.536661e-09
213	0.2111683	0.06015398	0.02608608	0.01991438	0.006282926	0.0003756024	0.0003540209	0.0003365804	0.0002852981	6.205162e-05	7.803169e-06	7.355821e-06	7.265598e-06	6.003808e-06	5.870623e-06	5.605089e-06	1.55302e-06	7.862176e-07	6.805252e-07	5.56939e-08	3.085418e-08	3.020248e-08	1.855715e-08	1.763353e-08	1.697607e-08	2.299246e-09	1.677155e-09	1.617791e-09	1.492775e-09	1.090913e-09
214	0.6800857	0.1994224	0.05864114	0.02496434	0.01893882	0.006445348	0.0003355836	0.0003134981	0.0002969598	0.0002455453	6.271905e-05	7.535557e-06	7.088522e-06	7.076375e-06	5.917091e-06	5.798136e-06	5.623856e-06	1.471958e-06	7.34176e-07	6.345885e-07	5.144103e-08	2.884423e-08	2.832237e-08	1.704639e-08	1.632876e-08	1.577662e-08	1.967621e-09	1.440245e-09	1.384348e-09	1.281623e-09
215	0.8437856	0.5322293	0.1650202	0.03803481	0.01380692	0.01100472	0.0004130371	0.0002890491	0.0002665053	0.0002516073	0.0002007169	6.295046e-05	6.955248e-06	6.680657e-06	6.669875e-06	5.664659e-06	5.561537e-06	5.432027e-06	1.179905e-06	6.422295e-07	5.525062e-07	4.394657e-08	2.531021e-08	2.493612e-08	1.47037e-08	1.421383e-08	1.378633e-08	1.556743e-09	1.145335e-09	1.09598e-09
216	0.1754793	0.1509842	0.1502197	0.03710741	0.007898808	0.005339677	0.004572087	0.0001933484	0.0001197179	0.0001190044	0.0001138836	0.0001085897	5.027724e-05	1.505403e-06	1.282408e-06	1.277809e-06	8.581769e-07	7.88974e-07	6.935659e-07	5.646493e-07	3.142537e-07	2.65163e-07	2.045521e-08	1.039069e-08	1.022892e-08	6.072285e-09	5.797585e-09	5.566761e-09	7.366705e-10	5.495818e-10
217	0.2455427	0.1425538	0.1237373	0.1231453	0.03007233	0.00555452	0.003657789	0.003264618	0.0001200373	9.12322e-05	9.070157e-05	8.676551e-05	8.277826e-05	5.12174e-05	1.176839e-06	9.781924e-07	9.745916e-07	6.424584e-07	5.919642e-07	5.218243e-07	4.289826e-07	2.431427e-07	1.991843e-07	1.454945e-08	7.94754e-09	7.850863e-09	4.39918e-09	4.252557e-09	4.115277e-09	4.7434e-10
218	0.1545543	0.0643463	0.05897875	0.04815396	0.047708	0.01998876	0.001362946	0.0006705263	0.0004961716	1.846426e-05	1.27521e-05	1.265397e-05	1.200748e-05	1.131495e-05	1.03062e-06	4.311702e-07	2.493559e-07	2.47423e-07	2.125482e-07	2.072399e-07	1.513643e-07	1.229605e-07	7.98151e-08	5.062655e-08	3.214426e-09	1.333066e-09	1.303893e-09	6.476611e-10	5.969653e-10	5.562826e-10
219	0.225075	0.1349967	0.05196869	0.04871206	0.03815929	0.03770584	0.01858511	0.0008153499	0.0003216044	0.0001957558	5.013348e-06	2.793379e-06	2.747894e-06	2.429168e-06	2.103324e-06	5.548446e-07	1.7051e-07	1.647046e-07	1.630205e-07	1.471527e-07	1.451015e-07	9.609098e-08	7.972255e-08	5.651642e-08	2.825743e-08	1.412359e-09	6.603571e-10	6.522736e-10	2.617701e-10	2.550207e-10
220	0.9868989	0.2299769	0.139431	0.05309864	0.05012608	0.03912049	0.03865144	0.01919854	0.0007870675	0.0002887598	0.0001853598	4.314661e-06	2.220659e-06	2.176629e-06	1.865275e-06	1.54903e-06	5.082349e-07	1.212786e-07	1.154388e-07	1.151388e-07	9.976145e-08	9.782676e-08	9.657366e-08	8.028012e-08	5.741119e-08	2.795255e-08	1.35656e-09	6.455262e-10	6.384458e-10	2.491671e-10
221	0.5495787	0.5474211	0.1207523	0.09534197	0.02190993	0.01991399	0.01199348	0.01151342	0.001285206	0.0006947879	0.0002230693	0.0001287895	2.770297e-06	1.309328e-06	1.281834e-06	1.055156e-06	8.258132e-07	2.312189e-07	9.526202e-08	8.993614e-08	8.97413e-08	7.865962e-08	7.704206e-08	7.609604e-08	6.742273e-08	5.0539e-08	2.123221e-08	9.512052e-10	4.709567e-10	4.670793e-10
222	0.5737961	0.5228579	0.5224264	0.1209709	0.09718835	0.02051582	0.01878633	0.01049692	0.00999277	0.00113934	0.0006021593	0.0002065157	0.0001125817	2.47374e-06	1.162714e-06	1.13786e-06	9.309861e-07	7.218613e-07	2.179126e-07	8.91111e-08	8.471078e-08	8.455619e-08	7.49328e-08	7.415166e-08	7.322334e-08	6.666564e-08	5.072224e-08	2.007241e-08	8.744548e-10	4.299494e-10
223	0.6492856	0.5403143	0.4977009	0.4974919	0.1226975	0.1001208	0.01982611	0.01822366	0.009521546	0.009511934	0.0009262985	0.0004315255	0.0001936137	9.760845e-05	2.208239e-06	1.038237e-06	1.015998e-06	8.300871e-07	6.422098e-07	2.048807e-07	8.413033e-08	7.980945e-08	7.969847e-08	7.149418e-08	7.106974e-08	7.012264e-08	6.565914e-08	5.07798e-08	1.863085e-08	7.960087e-10
224	0.9509496	0.6154201	0.5125612	0.4725671	0.4724744	0.1244453	0.1038705	0.0195053	0.01807	0.008905667	0.008896565	0.0006380567	0.0001596994	0.0001022463	8.328908e-05	1.936753e-06	9.160447e-07	8.965415e-07	7.338756e-07	5.694904e-07	1.919423e-07	8.033769e-08	7.602175e-08	7.592166e-08	6.918424e-08	6.887705e-08	6.789064e-08	6.430768e-08	5.073096e-08	1.690926e-08
225	0.9548658	0.9446247	0.5886892	0.4806042	0.4447806	0.4446913	0.1251487	0.1083027	0.0193382	0.01819741	0.008511027	0.008502503	0.0005929269	0.0001317955	8.746929e-05	7.014676e-05	1.652279e-06	7.864249e-07	7.697954e-07	6.315305e-07	4.918129e-07	1.77666e-07	7.625449e-08	7.195599e-08	7.186731e-08	6.653671e-08	6.636243e-08	6.533155e-08	6.277456e-08	5.0686e-08
226	0.9647261	0.9435399	0.9348943	0.5556078	0.441528	0.415721	0.415635	0.1258659	0.1132194	0.01902217	0.01819308	0.007910657	0.00790283	0.0005565031	0.0001148491	7.5564e-05	5.947708e-05	1.396419e-06	6.687932e-07	6.547231e-07	5.383981e-07	4.208611e-07	1.578309e-07	6.913498e-08	6.818955e-08	6.810436e-08	6.35591e-08	6.342267e-08	6.233137e-08	6.018162e-08
227	0.5937164	0.5619822	0.5424805	0.5349795	0.5336795	0.4125218	0.3892057	0.3891173	0.1295492	0.1192769	0.01904941	0.01836826	0.007400858	0.007393647	0.0005235684	9.849363e-05	6.349551e-05	4.886335e-05	1.137768e-06	5.510404e-07	5.396047e-07	4.459483e-07	3.513245e-07	1.399161e-07	6.443897e-08	6.367372e-08	6.364468e-08	5.99001e-08	5.979478e-08	5.977531e-08
228	0.179564	0.1791509	0.167001	0.1595182	0.155605	0.1547173	0.1313922	0.1216242	0.1216178	0.01612825	0.008623551	0.007140708	0.006635833	0.006530559	0.006528236	0.0002153357	6.931845e-05	4.817556e-05	3.637465e-05	7.730779e-07	3.507367e-07	3.427799e-07	2.754826e-07	2.074875e-07	5.59203e-08	1.732778e-08	1.679849e-08	1.677902e-08	1.398183e-08	1.391295e-08
229	0.1461371	0.1112	0.1111713	0.1041845	0.09975594	0.09748626	0.09691203	0.07274282	0.06725136	0.06724795	0.01121991	0.006952951	0.006145655	0.005882583	0.005825121	0.005823943	0.0001483644	4.296524e-05	3.139557e-05	2.153566e-05	4.290052e-07	1.921345e-07	1.876717e-07	1.501883e-07	1.123279e-07	2.848826e-08	9.096877e-09	8.807923e-09	8.797035e-09	7.055393e-09
230	0.5605305	0.09091991	0.08817773	0.08815745	0.08272524	0.07960111	0.07777652	0.07731867	0.05151972	0.04728087	0.04727818	0.004140557	0.001734056	0.001098723	0.0009053011	0.0008601007	0.0008592249	0.0001367487	3.739086e-05	2.805447e-05	1.810002e-05	3.398624e-07	1.515472e-07	1.479715e-07	1.181253e-07	8.798352e-08	2.132756e-08	6.961206e-09	6.733376e-09	6.724461e-09
231	0.1590309	0.1497664	0.04315459	0.0420569	0.04204562	0.03814397	0.03604221	0.03495338	0.03457893	0.03407665	0.03094683	0.03094484	0.002469782	0.001026183	0.0006496671	0.000512959	0.0004827326	0.0004822021	5.491121e-05	3.238931e-05	2.463971e-05	1.449988e-05	2.429765e-07	1.064949e-07	1.039187e-07	8.248656e-08	6.08674e-08	1.309239e-08	4.557654e-09	4.395799e-09
232	0.1432602	0.09659372	0.08989963	0.02732437	0.02658642	0.02658133	0.02361204	0.02216505	0.02140008	0.02107799	0.02078191	0.01849072	0.01848956	0.001229363	0.0005530573	0.0003319461	0.0002385257	0.0002188905	0.0002186274	2.775404e-05	1.51488e-05	1.267146e-05	1.199847e-05	1.697751e-07	7.233624e-08	7.049522e-08	5.541208e-08	4.021327e-08	6.659587e-09	2.713979e-09
233	0.5875442	0.1302883	0.0920571	0.08514588	0.02632283	0.02564947	0.02564498	0.02259334	0.02115246	0.02038364	0.02004108	0.01976295	0.01743878	0.01743769	0.001064051	0.0005000204	0.0002930365	0.0002003259	0.0001811876	0.0001809608	2.62785e-05	1.470874e-05	1.321598e-05	1.262657e-05	1.698141e-07	7.165559e-08	6.980025e-08	5.467661e-08	3.944233e-08	5.81961e-09
234	0.5608792	0.4739941	0.124201	0.08842326	0.0811038	0.02550453	0.02496089	0.02495655	0.02178664	0.02033749	0.0195513	0.0191798	0.01891753	0.016523	0.01652191	0.0008935915	0.0004484818	0.0002542485	0.0001608552	0.000141973	0.0001417839	2.595698e-05	1.537993e-05	1.409353e-05	1.356222e-05	1.725203e-07	7.198126e-08	7.00795e-08	5.466441e-08	3.914264e-08
235	0.995947	0.5363048	0.4483108	0.1250315	0.08939954	0.0813304	0.02599069	0.02543504	0.02543062	0.0219714	0.02043721	0.01959607	0.01931671	0.01905654	0.01646931	0.01646818	0.000777122	0.0004220456	0.0002303168	0.0001316573	0.0001120921	0.0001119294	2.693704e-05	1.677931e-05	1.561755e-05	1.510746e-05	1.836205e-07	7.586421e-08	7.382567e-08	5.738173e-08
236	0.8959177	0.8919302	0.4813145	0.3930491	0.1217933	0.08633853	0.08122778	0.0265247	0.02595189	0.02594737	0.02217274	0.02055163	0.01980664	0.01949268	0.01925229	0.01639513	0.01639393	0.0006128649	0.0003836194	0.0001962131	9.01704e-05	7.033094e-05	7.020492e-05	2.831329e-05	1.873908e-05	1.775136e-05	1.727071e-05	1.989886e-07	8.111921e-08	7.905504e-08
237	0.9652899	0.8606676	0.856206	0.4423633	0.3570158	0.113548	0.07912421	0.07385963	0.02496426	0.02442151	0.02441725	0.02041203	0.01883428	0.01812209	0.01778299	0.01754801	0.01464069	0.01463947	0.0005940742	0.0003591837	0.0001912045	8.843029e-05	6.980846e-05	6.974902e-05	2.858919e-05	2.031368e-05	1.969561e-05	1.929699e-05	1.946086e-07	7.834422e-08
238	0.9067867	0.9064598	0.830803	0.826915	0.4227133	0.3284687	0.1042449	0.07353304	0.06814469	0.02364999	0.02318374	0.02317951	0.01888869	0.01745072	0.01676902	0.01639603	0.01617518	0.01331431	0.01331293	0.000575893	0.0003334863	0.0001808422	8.926176e-05	7.208877e-05	7.20443e-05	3.075241e-05	2.322386e-05	2.269902e-05	2.234172e-05	1.77586e-07
239	0.9429008	0.8875822	0.8872575	0.8126531	0.8087969	0.4097007	0.3174761	0.1031078	0.07299833	0.06765471	0.02346145	0.02299788	0.02299368	0.01872808	0.0173006	0.01666932	0.01629654	0.01608166	0.01323422	0.01323285	0.0005468951	0.0003233787	0.0001720688	8.109336e-05	6.403086e-05	6.398975e-05	2.962567e-05	2.302806e-05	2.256532e-05	2.22183e-05
240	0.8904493	0.8868151	0.8333824	0.8330717	0.7612035	0.7574197	0.3712356	0.2846133	0.1000523	0.07170245	0.06645625	0.02300329	0.02254983	0.02254569	0.01832494	0.01692048	0.01644015	0.01607005	0.01587233	0.01304473	0.01304339	0.0004578339	0.0002933778	0.0001456395	5.582848e-05	3.899635e-05	3.896648e-05	2.649865e-05	2.261221e-05	2.233217e-05
