#unpaired probabilities
 #i$	l=1	2	3	4	5	6	7	8	9	10	11	12	13	14	15	16	17	18	19	20	21	22	23	24	25	26	27	28	29	30	
1	0.7686119	NA	NA	NA	NA	NA	NA	NA	NA	NA	NA	NA	NA	NA	NA	NA	NA	NA	NA	NA	NA	NA	NA	NA	NA	NA	NA	NA	NA	NA
2	0.832129	0.722751	NA	NA	NA	NA	NA	NA	NA	NA	NA	NA	NA	NA	NA	NA	NA	NA	NA	NA	NA	NA	NA	NA	NA	NA	NA	NA	NA	NA
3	0.8885125	0.8312928	0.7220226	NA	NA	NA	NA	NA	NA	NA	NA	NA	NA	NA	NA	NA	NA	NA	NA	NA	NA	NA	NA	NA	NA	NA	NA	NA	NA	NA
4	0.8043793	0.7793795	0.7302485	0.6344032	NA	NA	NA	NA	NA	NA	NA	NA	NA	NA	NA	NA	NA	NA	NA	NA	NA	NA	NA	NA	NA	NA	NA	NA	NA	NA
5	0.8432041	0.803869	0.7789221	0.7298202	0.6340312	NA	NA	NA	NA	NA	NA	NA	NA	NA	NA	NA	NA	NA	NA	NA	NA	NA	NA	NA	NA	NA	NA	NA	NA	NA
6	0.8692575	0.842848	0.8036182	0.7786887	0.7296003	0.6338397	NA	NA	NA	NA	NA	NA	NA	NA	NA	NA	NA	NA	NA	NA	NA	NA	NA	NA	NA	NA	NA	NA	NA	NA
7	0.9185046	0.8692297	0.8428464	0.8036166	0.7786873	0.7295989	0.6338385	NA	NA	NA	NA	NA	NA	NA	NA	NA	NA	NA	NA	NA	NA	NA	NA	NA	NA	NA	NA	NA	NA	NA
8	0.3440847	0.29425	0.2585605	0.2505732	0.2388702	0.2314153	0.2168219	0.1883455	NA	NA	NA	NA	NA	NA	NA	NA	NA	NA	NA	NA	NA	NA	NA	NA	NA	NA	NA	NA	NA	NA
9	0.1672694	0.1370478	0.09068651	0.05943271	0.05747689	0.0547482	0.05299005	0.04964319	0.04310064	NA	NA	NA	NA	NA	NA	NA	NA	NA	NA	NA	NA	NA	NA	NA	NA	NA	NA	NA	NA	NA
10	0.1182378	0.1025782	0.089232	0.04364149	0.0134042	0.01285135	0.01219556	0.01175315	0.01100483	0.009531267	NA	NA	NA	NA	NA	NA	NA	NA	NA	NA	NA	NA	NA	NA	NA	NA	NA	NA	NA	NA
11	0.1099801	0.05431055	0.0444968	0.03515685	0.03738295	0.00762079	0.007234877	0.006912033	0.006632867	0.006206048	0.005361823	NA	NA	NA	NA	NA	NA	NA	NA	NA	NA	NA	NA	NA	NA	NA	NA	NA	NA	NA
12	0.02400539	0.01003096	0.004530004	0.002876242	0.00145378	0.00144389	0.0007952	0.0007287892	0.0006881948	0.000666198	0.0006234591	0.0005391458	NA	NA	NA	NA	NA	NA	NA	NA	NA	NA	NA	NA	NA	NA	NA	NA	NA	NA
13	0.01022263	0.002719106	0.002050574	0.001689129	0.001019317	0.0006037106	0.0006509749	7.971022e-05	7.751292e-05	6.690622e-05	6.442991e-05	6.042451e-05	5.252177e-05	NA	NA	NA	NA	NA	NA	NA	NA	NA	NA	NA	NA	NA	NA	NA	NA	NA
14	0.08812054	0.009584519	0.002616563	0.002001278	0.001668054	0.001003633	0.0005916761	0.000646144	7.517451e-05	7.302028e-05	6.267441e-05	6.029967e-05	5.653513e-05	4.914318e-05	NA	NA	NA	NA	NA	NA	NA	NA	NA	NA	NA	NA	NA	NA	NA	NA
15	0.02543907	0.004242792	0.001580248	0.001271089	0.001342017	0.001436441	0.0008680211	0.0005126577	0.0005741544	4.064043e-06	2.7907e-06	2.810034e-06	2.256842e-06	2.128769e-06	1.855303e-06	NA	NA	NA	NA	NA	NA	NA	NA	NA	NA	NA	NA	NA	NA	NA
16	0.1205418	0.01102665	0.002344245	0.0006352558	0.000368781	0.0003720935	0.0003801873	0.00041859	1.400843e-05	4.707432e-06	2.704448e-06	1.418589e-06	1.380253e-06	1.35826e-06	1.288232e-06	1.128329e-06	NA	NA	NA	NA	NA	NA	NA	NA	NA	NA	NA	NA	NA	NA
17	0.7541593	0.0816948	0.003638294	0.001646483	0.0003048612	7.555982e-05	5.862454e-05	4.407896e-05	4.641066e-05	1.097538e-05	3.279536e-06	1.340156e-06	1.146438e-06	1.115125e-06	1.100571e-06	1.046246e-06	9.206015e-07	NA	NA	NA	NA	NA	NA	NA	NA	NA	NA	NA	NA	NA
18	0.4011548	0.3594795	0.05830874	0.002482441	0.001156542	0.0002194296	5.496138e-05	4.273848e-05	3.069527e-05	3.219044e-05	3.630446e-06	2.822848e-06	9.263106e-07	7.910361e-07	7.732612e-07	7.628692e-07	7.253174e-07	6.37358e-07	NA	NA	NA	NA	NA	NA	NA	NA	NA	NA	NA	NA
19	0.2496985	0.1011748	0.09779964	0.00886475	0.0005822463	0.0001975848	3.995281e-05	8.985008e-06	6.752272e-06	5.304076e-06	5.629724e-06	5.027986e-07	1.821681e-07	1.507818e-07	1.260762e-07	1.236276e-07	1.229195e-07	1.168362e-07	1.014635e-07	NA	NA	NA	NA	NA	NA	NA	NA	NA	NA	NA
20	0.07550368	0.04351905	0.04107638	0.04031155	0.002910639	0.0001333586	6.47215e-05	1.343859e-05	2.622838e-06	1.879519e-06	1.325897e-06	1.391512e-06	1.261648e-07	5.010121e-08	4.29406e-08	3.814486e-08	3.758317e-08	3.757843e-08	3.584088e-08	3.118352e-08	NA	NA	NA	NA	NA	NA	NA	NA	NA	NA
21	0.4560537	0.07370692	0.04235528	0.04032708	0.03992801	0.002856466	0.0001285392	6.202766e-05	1.300666e-05	2.562353e-06	1.842621e-06	1.303864e-06	1.369323e-06	1.217574e-07	4.843248e-08	4.145622e-08	3.674222e-08	3.621286e-08	3.620625e-08	3.45249e-08	3.001471e-08	NA	NA	NA	NA	NA	NA	NA	NA	NA
22	0.3626091	0.02139041	0.01009872	0.003072791	0.002011239	0.001456982	0.0003803498	4.488097e-05	1.737509e-05	2.872873e-06	4.211798e-07	2.202534e-07	9.005896e-08	7.818208e-08	1.782186e-08	1.372616e-08	1.265767e-08	1.157374e-08	1.128342e-08	1.113086e-08	1.052291e-08	9.057012e-09	NA	NA	NA	NA	NA	NA	NA	NA
23	0.06881145	0.0156793	0.009146993	0.004838078	0.001146094	0.0006743538	0.0004061276	0.0001774904	1.770507e-05	8.565255e-06	1.280585e-06	1.719709e-07	8.818521e-08	3.46117e-08	2.807871e-08	8.117194e-09	6.917967e-09	5.978478e-09	5.956222e-09	5.779034e-09	5.669742e-09	5.367685e-09	4.676963e-09	NA	NA	NA	NA	NA	NA	NA
24	0.1187099	0.06247364	0.0131902	0.008141884	0.004403056	0.0009639736	0.0005565287	0.0003329861	0.0001444885	1.489669e-05	7.210016e-06	1.129931e-06	1.4743e-07	7.627679e-08	3.080404e-08	2.613288e-08	6.801728e-09	5.665636e-09	4.755721e-09	4.769154e-09	4.649239e-09	4.573852e-09	4.34028e-09	3.784252e-09	NA	NA	NA	NA	NA	NA
25	0.1830589	0.114631	0.06173297	0.0128809	0.008097377	0.00438561	0.0009562875	0.0005520524	0.0003301103	0.0001433521	1.478765e-05	7.163645e-06	1.123114e-06	1.46026e-07	7.557122e-08	3.04801e-08	2.586708e-08	6.741408e-09	5.615422e-09	4.713922e-09	4.729669e-09	4.61018e-09	4.538921e-09	4.307803e-09	3.756245e-09	NA	NA	NA	NA	NA
26	0.9539893	0.1440438	0.09174766	0.05352306	0.01150995	0.007510773	0.00415055	0.0008486275	0.0004833787	0.0002885386	0.0001237437	1.310113e-05	6.334245e-06	1.027392e-06	1.289216e-07	6.680819e-08	2.665701e-08	2.299863e-08	5.904949e-09	4.85437e-09	3.97597e-09	4.018756e-09	3.931298e-09	3.880384e-09	3.691109e-09	3.222711e-09	NA	NA	NA	NA
27	0.9447061	0.9406124	0.1309731	0.07883874	0.04100994	0.01127073	0.007461248	0.004130713	0.0008393106	0.0004778325	0.0002851195	0.0001220569	1.296018e-05	6.269073e-06	1.019379e-06	1.27396e-07	6.609909e-08	2.637884e-08	2.280149e-08	5.829828e-09	4.78599e-09	3.913088e-09	3.957575e-09	3.870754e-09	3.829576e-09	3.643948e-09	3.182029e-09	NA	NA	NA
28	0.998151	0.9429614	0.9400536	0.1305166	0.07848531	0.0408618	0.01125029	0.007449035	0.004125927	0.0008371243	0.0004768682	0.0002845453	0.0001218025	1.292733e-05	6.246451e-06	1.016866e-06	1.270621e-07	6.595297e-08	2.633179e-08	2.27675e-08	5.819461e-09	4.775969e-09	3.905177e-09	3.949737e-09	3.863167e-09	3.822136e-09	3.636911e-09	3.175883e-09	NA	NA
29	0.8751324	0.8854385	0.8525739	0.8639854	0.06819631	0.03942613	0.01656075	0.007325483	0.005034951	0.003249282	0.0004939189	0.0003164131	0.0001918916	8.510949e-05	8.524883e-06	3.199729e-06	4.269251e-07	6.888025e-08	4.008934e-08	2.114454e-08	1.925415e-08	4.089459e-09	2.956358e-09	2.819215e-09	2.837408e-09	2.774167e-09	2.74632e-09	2.611349e-09	2.275883e-09	NA
30	0.1367134	0.126423	0.121396	0.09243429	0.08663186	0.03571086	0.01723623	0.007739378	0.003443731	0.00216307	0.001427877	0.0001834869	0.0001146377	7.039454e-05	2.846908e-05	4.007817e-06	1.156606e-06	1.969486e-07	3.598793e-08	2.427969e-08	1.625378e-08	1.650924e-08	1.690983e-09	1.082705e-09	9.207987e-10	8.884895e-10	8.749219e-10	8.74094e-10	8.325403e-10	7.231644e-10
31	0.1642544	0.127533	0.1172519	0.1120396	0.08289342	0.07687473	0.02570457	0.01692861	0.007560821	0.003409292	0.002142121	0.001419978	0.0001801277	0.0001130976	6.949442e-05	2.809409e-05	3.967349e-06	1.130711e-06	1.923142e-07	3.544839e-08	2.400767e-08	1.614914e-08	1.64169e-08	1.671237e-09	1.063088e-09	9.087476e-10	8.766917e-10	8.634008e-10	8.627264e-10	8.217232e-10
32	0.1411762	0.1027622	0.07186292	0.06334433	0.0582954	0.03018335	0.02448791	0.0186335	0.01182871	0.005244069	0.001984005	0.0008702937	0.000306329	0.0001095106	6.503907e-05	3.852544e-05	1.528495e-05	3.070922e-06	7.727742e-07	1.54193e-07	3.067581e-08	2.168587e-08	1.539326e-08	1.599961e-08	1.309524e-09	6.931543e-10	5.222546e-10	4.692856e-10	4.577858e-10	4.52188e-10
33	0.2779537	0.09048699	0.06900368	0.04957321	0.04520887	0.04239869	0.01675196	0.01357617	0.01009399	0.006957722	0.002837931	0.0007912841	0.0004672999	0.0001633318	5.72058e-05	3.455388e-05	2.030736e-05	7.055534e-06	6.701825e-07	3.876664e-07	9.905318e-08	2.211176e-08	1.78304e-08	1.456538e-08	1.565841e-08	1.040846e-09	4.234031e-10	2.532982e-10	2.197392e-10	2.180897e-10
34	0.4387632	0.2539974	0.06816849	0.04656299	0.0268503	0.02194148	0.0184446	0.01562826	0.01257545	0.009697994	0.006706635	0.00273909	0.000751541	0.0004412653	0.0001534524	5.316924e-05	3.186198e-05	1.893196e-05	6.741293e-06	6.298536e-07	3.58638e-07	8.402687e-08	2.195916e-08	1.77581e-08	1.454456e-08	1.564839e-08	1.032127e-09	4.148078e-10	2.443475e-10	2.103195e-10
35	0.4878171	0.4005058	0.2381165	0.05638905	0.03982557	0.02132877	0.01712861	0.01514237	0.01305328	0.01066636	0.008271394	0.005777535	0.002409231	0.000630367	0.000367586	0.0001300949	4.708179e-05	2.874629e-05	1.732509e-05	6.416678e-06	5.784833e-07	3.292118e-07	7.510513e-08	2.038503e-08	1.696762e-08	1.425261e-08	1.538393e-08	7.387952e-10	4.000198e-10	2.288791e-10
36	0.6289936	0.3516643	0.2801286	0.1219226	0.05285661	0.03650404	0.02037359	0.01633833	0.01444422	0.01245515	0.01017586	0.007884363	0.005508175	0.002266342	0.0006017631	0.0003507729	0.0001247476	4.567264e-05	2.802688e-05	1.695097e-05	6.336439e-06	5.657566e-07	3.216141e-07	7.193708e-08	1.886099e-08	1.558021e-08	1.403807e-08	1.525484e-08	6.773169e-10	3.30095e-10
37	0.7905588	0.5775777	0.3235346	0.2527816	0.1182107	0.04970858	0.03574083	0.0196806	0.0156824	0.01387405	0.01191084	0.009799312	0.007789389	0.005449001	0.002242642	0.0005924723	0.0003448765	0.0001224473	4.471142e-05	2.740354e-05	1.660898e-05	6.232671e-06	5.588504e-07	3.190345e-07	7.165166e-08	1.881542e-08	1.555796e-08	1.403073e-08	1.525007e-08	6.727036e-10
38	0.6853775	0.6027247	0.4125168	0.1754086	0.1251077	0.06330522	0.03943808	0.02715796	0.01338267	0.01048746	0.009318647	0.008047707	0.006665875	0.005360119	0.003957404	0.00168072	0.0003753593	0.0002344125	8.764931e-05	3.594082e-05	2.298548e-05	1.433363e-05	5.809152e-06	4.986605e-07	2.723993e-07	4.353674e-08	4.843941e-09	2.344381e-09	7.565953e-10	6.037463e-10
39	0.3490492	0.2560912	0.2171498	0.1982715	0.1048256	0.07874756	0.04943687	0.0314034	0.02067018	0.008351731	0.006268792	0.00551734	0.004700101	0.003847557	0.003025966	0.002141839	0.001304379	0.0002270392	0.0001390355	4.800674e-05	1.630175e-05	9.526082e-06	5.551152e-06	2.273392e-06	2.611697e-07	1.823498e-07	3.529496e-08	3.419603e-09	1.499678e-09	2.695066e-10
40	0.322891	0.09561103	0.09065297	0.0704909	0.066354	0.02396631	0.01503497	0.007311892	0.003618762	0.002896725	0.002131596	0.001713246	0.00149006	0.00124354	0.0009808622	0.0007275374	0.0004535424	0.0001946954	7.308716e-05	4.572334e-05	1.842002e-05	8.625517e-06	5.49606e-06	3.308121e-06	1.569797e-06	1.21254e-07	5.125455e-08	5.456467e-09	8.442704e-10	4.037009e-10
41	0.07626679	0.04643858	0.03016904	0.02887064	0.02288569	0.02184413	0.006019346	0.004589871	0.00266929	0.0009627222	0.0007735436	0.0005737993	0.0004609626	0.0004000263	0.0003300538	0.0002600946	0.0001927514	0.0001204073	5.13774e-05	1.905204e-05	1.210692e-05	4.854558e-06	2.247632e-06	1.47314e-06	8.84467e-07	4.174966e-07	3.460072e-08	1.628237e-08	1.756838e-09	2.847476e-10
42	0.06717133	0.04812723	0.03416578	0.02697562	0.02617828	0.02059486	0.0199353	0.004921009	0.003781094	0.002308421	0.0007521359	0.000603492	0.0004457973	0.0003569363	0.0003088616	0.000256603	0.0002022894	0.0001501385	9.39977e-05	4.036436e-05	1.478492e-05	9.385693e-06	3.762483e-06	1.744104e-06	1.141559e-06	6.898084e-07	3.310298e-07	2.828302e-08	1.375003e-08	1.499434e-09
43	0.1545518	0.06590833	0.04712662	0.03381596	0.02677016	0.02608141	0.02050731	0.01987501	0.004883067	0.003752352	0.00229468	0.0007433678	0.0005983495	0.0004419474	0.0003538342	0.0003061776	0.0002543536	0.000200535	0.0001488422	9.318575e-05	4.003458e-05	1.465649e-05	9.303667e-06	3.729198e-06	1.728395e-06	1.131212e-06	6.835498e-07	3.280581e-07	2.807167e-08	1.366576e-08
44	0.513318	0.1484601	0.06479226	0.0461009	0.03284298	0.02658541	0.02589882	0.02044093	0.01981262	0.004836222	0.003736362	0.002286553	0.0007390207	0.0005948166	0.0004397848	0.0003520953	0.0003046741	0.0002531062	0.0001995483	0.0001481071	9.272208e-05	3.98305e-05	1.458361e-05	9.259275e-06	3.712113e-06	1.721129e-06	1.1263e-06	6.80993e-07	3.273133e-07	2.782592e-08
45	0.5925305	0.4997246	0.146431	0.06351918	0.04481564	0.03154973	0.02591676	0.02521398	0.02041161	0.0197835	0.004832942	0.003733938	0.002285452	0.0007383706	0.0005942889	0.0004393851	0.0003517692	0.0003043883	0.0002528643	0.0001993547	0.0001479601	9.263987e-05	3.979631e-05	1.457048e-05	9.250965e-06	3.708878e-06	1.719684e-06	1.125467e-06	6.805013e-07	3.270966e-07
46	0.6586237	0.5816476	0.48971	0.1416128	0.05923839	0.04045539	0.02713111	0.02170222	0.02089014	0.02026868	0.01963774	0.004829042	0.003731007	0.002284092	0.0007375311	0.0005936133	0.0004388822	0.0003513628	0.0003040366	0.000252572	0.000199121	0.0001477829	9.254052e-05	3.975525e-05	1.455502e-05	9.241323e-06	3.705391e-06	1.71833e-06	1.124771e-06	6.801144e-07
47	0.8739406	0.6463895	0.5699969	0.4785963	0.1409645	0.05891412	0.04014754	0.02684001	0.02146461	0.02064763	0.02020849	0.0195768	0.004825386	0.003728165	0.002282549	0.0007365132	0.0005928341	0.000438368	0.0003509773	0.0003037235	0.0002523372	0.0001989325	0.0001476388	9.245789e-05	3.971981e-05	1.454289e-05	9.233807e-06	3.702708e-06	1.717323e-06	1.124258e-06
48	0.5407744	0.4386184	0.3433548	0.290511	0.2083916	0.1197049	0.04593671	0.02786935	0.01494217	0.009591888	0.00852316	0.007803985	0.006877156	0.004662263	0.003605188	0.002217714	0.0006973368	0.0005612612	0.0004152698	0.0003335257	0.0002896487	0.0002419184	0.0001905541	0.000141224	8.814591e-05	3.76698e-05	1.397857e-05	8.880426e-06	3.562551e-06	1.651755e-06
49	0.5085152	0.4891836	0.3967356	0.3099978	0.2655584	0.1882684	0.1061534	0.0436206	0.02607884	0.01356413	0.008362182	0.007299069	0.006573052	0.005642036	0.003446827	0.002523737	0.001146219	0.000669218	0.0005380691	0.0004014236	0.0003228983	0.0002808956	0.0002351976	0.0001851802	0.0001371464	8.545684e-05	3.64174e-05	1.359732e-05	8.654544e-06	3.476774e-06
50	0.6067215	0.5011065	0.4819319	0.3895399	0.3064508	0.2631712	0.1864972	0.1052761	0.04337979	0.02592973	0.01349685	0.008328605	0.00727205	0.006548848	0.005620786	0.003430586	0.002510947	0.001139606	0.0006646675	0.0005349118	0.0003990053	0.000320967	0.0002792567	0.0002338779	0.0001843219	0.0001365018	8.503363e-05	3.623001e-05	1.35418e-05	8.62083e-06
51	0.8292715	0.4750147	0.436973	0.4203402	0.341438	0.266045	0.2294464	0.1621345	0.09104649	0.03914932	0.02345455	0.01230716	0.007667368	0.006720868	0.00605735	0.005190619	0.003111125	0.002274707	0.001029032	0.0005960597	0.0004789883	0.0003566798	0.0002872544	0.0002506248	0.0002107374	0.0001660245	0.0001228897	7.64452e-05	3.255783e-05	1.23069e-05
52	0.8629862	0.733984	0.4731815	0.4355691	0.4189665	0.3401419	0.2648675	0.2285553	0.1613716	0.09080604	0.03904156	0.02338593	0.01226794	0.007644018	0.006699842	0.006044656	0.005179387	0.003103904	0.002269254	0.001026543	0.0005945065	0.0004777128	0.0003556918	0.0002864446	0.0002499111	0.0002101281	0.0001655273	0.0001225007	7.62531e-05	3.247901e-05
53	0.8832816	0.7560172	0.6649409	0.4286148	0.3972906	0.3820917	0.30618	0.2340471	0.2003194	0.1381278	0.07955323	0.03507149	0.02098093	0.01109399	0.006999105	0.006156037	0.005555645	0.004744337	0.002802983	0.00203741	0.0009114988	0.0005200728	0.000419214	0.000314404	0.0002572005	0.0002246969	0.0001892688	0.0001490948	0.0001103515	6.873757e-05
54	0.3883912	0.3747698	0.3164416	0.3010097	0.1226606	0.1090652	0.1028178	0.08970139	0.07927196	0.06918053	0.05330987	0.0339948	0.01686681	0.01006351	0.005198131	0.003158661	0.002735916	0.002445094	0.00209325	0.001316553	0.0009646803	0.0004176785	0.0002452434	0.000199694	0.0001532918	0.0001261764	0.0001106392	9.371471e-05	7.354026e-05	5.408889e-05
55	0.1466325	0.1366487	0.13881	0.140122	0.139636	0.007350632	0.004603208	0.004417321	0.004105797	0.003290633	0.002824557	0.002315632	0.001154427	0.0005170892	0.0003067506	0.0001482221	8.484796e-05	7.103944e-05	6.171622e-05	5.385688e-05	3.837197e-05	2.891115e-05	1.291897e-05	7.964316e-06	6.453758e-06	4.892628e-06	3.977413e-06	3.459331e-06	2.895452e-06	2.276135e-06
56	0.1531037	0.1345297	0.1317396	0.1340201	0.1357918	0.1379084	0.006085598	0.003501235	0.003376247	0.003170947	0.002452906	0.002092192	0.001752521	0.0007909813	0.0003424964	0.0002015029	9.803094e-05	5.541461e-05	4.636336e-05	3.967979e-05	3.486456e-05	2.543321e-05	1.928692e-05	8.721294e-06	5.4328e-06	4.389506e-06	3.305511e-06	2.675568e-06	2.322101e-06	1.938149e-06
57	0.4425096	0.152955	0.1344887	0.1317077	0.1339886	0.1357649	0.1378828	0.006073555	0.003490165	0.003365796	0.003161473	0.00244433	0.002084805	0.001746698	0.0007873833	0.0003407832	0.0002004915	9.752796e-05	5.512651e-05	4.611999e-05	3.946586e-05	3.46798e-05	2.530623e-05	1.919159e-05	8.679429e-06	5.407151e-06	4.368563e-06	3.289375e-06	2.662371e-06	2.310585e-06
58	0.2696168	0.2358616	0.1336315	0.1270969	0.1278708	0.1302628	0.1326113	0.1350047	0.003941962	0.001541255	0.001529201	0.001480203	0.00089919	0.000726186	0.0006597953	9.105018e-05	2.89766e-05	1.734159e-05	8.610386e-06	5.118894e-06	4.403584e-06	4.011631e-06	3.58441e-06	2.388535e-06	1.85033e-06	9.740266e-07	6.320237e-07	4.667933e-07	2.83947e-07	2.203699e-07
59	0.2009103	0.1932524	0.1893414	0.1248032	0.1265631	0.1274156	0.1298126	0.1321983	0.1346099	0.003661688	0.001270719	0.001263755	0.001273015	0.0007213308	0.0005701135	0.0005543367	2.838809e-05	6.318406e-06	4.113631e-06	2.21857e-06	1.506502e-06	1.38043e-06	1.309913e-06	1.224145e-06	6.394762e-07	5.182435e-07	3.329522e-07	2.282923e-07	1.510367e-07	6.282826e-08
60	0.2179651	0.1949678	0.1897042	0.1864079	0.1238325	0.1256011	0.1264429	0.1288221	0.1312102	0.1336028	0.003219615	0.0008198385	0.0008035951	0.0008035192	0.0002418879	8.046977e-05	5.403919e-05	2.739864e-05	5.708228e-06	3.590123e-06	1.756966e-06	1.063158e-06	9.325063e-07	8.547109e-07	7.616925e-07	6.207222e-07	5.042107e-07	3.262707e-07	2.242168e-07	1.477986e-07
61	0.1049332	0.02268708	0.01547142	0.01026142	0.009056523	0.004804914	0.004639912	0.003251651	0.00330865	0.003292188	0.003182966	0.003174246	0.0007761009	0.0007605776	0.0007616244	0.0002009114	4.345088e-05	2.396125e-05	5.879479e-06	1.806128e-06	1.121794e-06	5.40559e-07	2.877631e-07	2.460047e-07	2.242128e-07	1.897637e-07	1.46104e-07	1.175145e-07	7.23456e-08	5.076314e-08
62	0.1258334	0.09926387	0.01776987	0.01083398	0.005656661	0.005122418	0.001008548	0.0009559383	0.000962583	0.0009764277	0.0009152652	0.0009252988	0.0008715916	0.000775397	0.0007598871	0.0007609534	0.0002002613	4.283061e-05	2.362073e-05	5.622697e-06	1.706083e-06	1.078036e-06	5.216211e-07	2.757857e-07	2.356379e-07	2.14723e-07	1.814209e-07	1.39608e-07	1.123099e-07	6.922583e-08
63	0.164679	0.1119508	0.09882142	0.01736998	0.01044826	0.005276491	0.004899018	0.0008040602	0.0007519237	0.000756674	0.0007680925	0.0007794686	0.0007928283	0.0007366844	0.0007500704	0.0007555197	0.0007601631	0.0001998419	4.248696e-05	2.335069e-05	5.420158e-06	1.592332e-06	1.024467e-06	4.975905e-07	2.639838e-07	2.26557e-07	2.065863e-07	1.737871e-07	1.324862e-07	1.068777e-07
64	0.8548676	0.1599142	0.1103969	0.09872355	0.01731122	0.01039863	0.005226964	0.004860273	0.0007943768	0.000746979	0.0007518613	0.0007632826	0.0007748209	0.0007882492	0.0007356604	0.0007491396	0.0007546526	0.0007593844	0.0001991471	4.189156e-05	2.287125e-05	5.091788e-06	1.430221e-06	9.328628e-07	4.570368e-07	2.446498e-07	2.119761e-07	1.938586e-07	1.623494e-07	1.234866e-07
65	0.9846498	0.8416189	0.1584182	0.1103333	0.09866375	0.01725145	0.01033911	0.00516745	0.004801248	0.0007358931	0.000687759	0.0006915683	0.0007018605	0.0007122385	0.0007244547	0.0007355368	0.0007490256	0.0007545438	0.0007592812	0.0001990495	4.180125e-05	2.278939e-05	5.027487e-06	1.377633e-06	8.859684e-07	4.138922e-07	2.41382e-07	2.091103e-07	1.931003e-07	1.616484e-07
66	0.7564516	0.7542696	0.6123936	0.06970456	0.02342885	0.01513527	0.01166867	0.009439245	0.004572419	0.004261444	0.0002389812	0.0001821143	0.0001832555	0.0001853151	0.0001858662	0.0001877909	0.0001881446	0.0001909917	0.0001942294	0.0001969819	0.0001982007	4.177386e-05	2.278621e-05	5.024809e-06	1.376626e-06	8.851906e-07	4.133563e-07	2.408927e-07	2.09039e-07	1.930341e-07
67	0.7282136	0.7251858	0.7230914	0.581481	0.0593667	0.01341438	0.005210963	0.005043255	0.004658469	0.004418509	0.004122853	0.0001068097	4.765995e-05	4.636306e-05	4.664074e-05	4.459703e-05	4.376043e-05	4.125765e-05	4.129012e-05	4.164592e-05	4.164655e-05	4.184408e-05	4.169739e-05	2.278028e-05	5.0208e-06	1.374965e-06	8.84101e-07	4.126832e-07	2.40379e-07	2.088427e-07
68	0.6161057	0.5847813	0.5829974	0.5809691	0.5783435	0.0583478	0.01256574	0.004368346	0.004225911	0.004173686	0.004173201	0.004083935	8.595209e-05	3.178494e-05	3.043067e-05	3.049806e-05	2.872183e-05	2.77162e-05	2.528068e-05	2.51133e-05	2.522287e-05	2.498308e-05	2.496174e-05	2.490711e-05	2.239726e-05	4.735759e-06	1.219618e-06	7.911365e-07	3.638417e-07	2.098007e-07
69	0.1648533	0.09816142	0.06981757	0.06861622	0.06667825	0.06470853	0.05107348	0.01236721	0.004181459	0.004039807	0.004002151	0.004001858	0.003943992	5.214355e-05	1.280995e-05	1.163132e-05	1.149885e-05	1.022434e-05	9.49559e-06	8.054553e-06	7.757672e-06	7.63105e-06	7.419195e-06	7.256716e-06	7.010864e-06	4.542744e-06	3.739901e-06	7.329379e-07	4.025463e-07	2.038804e-07
70	0.03135644	0.02007825	0.01944871	0.01936379	0.01912523	0.01720124	0.01529308	0.01513973	0.008591486	0.0004072994	0.0002661522	0.0002310401	0.0002307886	0.0001812382	4.514772e-05	9.835515e-06	8.772765e-06	8.654205e-06	7.5826e-06	6.910602e-06	5.770736e-06	5.50719e-06	5.392457e-06	5.232464e-06	5.096768e-06	4.880873e-06	2.479448e-06	1.762706e-06	6.185499e-07	3.334938e-07
71	0.366309	0.02345985	0.01771503	0.01760557	0.01756574	0.01745487	0.01554163	0.01510334	0.01498134	0.008516572	0.0003739453	0.0002328687	0.0001999497	0.0001997186	0.0001555863	3.149393e-05	7.093378e-06	6.211511e-06	6.094219e-06	5.191053e-06	4.562885e-06	3.586551e-06	3.358387e-06	3.239841e-06	3.07346e-06	2.930995e-06	2.716305e-06	2.066009e-06	1.502531e-06	4.458066e-07
72	0.3502201	0.01131706	0.009893897	0.009493689	0.009426573	0.009392318	0.009283145	0.007370122	0.006964748	0.00684732	0.0003886893	0.0003682568	0.0002271874	0.0001982033	0.0001979737	0.0001541746	3.090835e-05	6.730078e-06	5.904198e-06	5.784467e-06	4.88894e-06	4.287625e-06	3.318732e-06	3.095387e-06	2.974038e-06	2.804544e-06	2.658513e-06	2.440427e-06	1.943923e-06	1.386635e-06
73	0.1772572	0.01572278	0.008264611	0.007043175	0.006798428	0.006749245	0.006722606	0.006615628	0.006456122	0.006085353	0.005991756	0.0001367979	0.0001226459	0.0001221939	0.0001018595	0.0001016964	7.560242e-05	1.975402e-05	5.662408e-06	4.977984e-06	4.853278e-06	4.207982e-06	3.875785e-06	3.032482e-06	2.813519e-06	2.687573e-06	2.51238e-06	2.360437e-06	2.147447e-06	1.691399e-06
74	0.1811244	0.117511	0.0121344	0.007706481	0.006560659	0.0065153	0.006473281	0.00644812	0.006341705	0.006182225	0.005966999	0.005879419	0.0001058	9.854194e-05	9.809709e-05	8.942132e-05	8.926495e-05	6.544705e-05	1.804274e-05	5.014503e-06	4.55547e-06	4.425352e-06	3.809068e-06	3.517868e-06	2.721334e-06	2.519343e-06	2.388207e-06	2.207007e-06	2.048769e-06	1.829259e-06
75	0.2690228	0.1647972	0.1124545	0.01119665	0.00744511	0.006310718	0.006270816	0.006233027	0.006209033	0.006103128	0.006097144	0.005941585	0.005857576	0.0001009034	9.384853e-05	9.354737e-05	8.546957e-05	8.537101e-05	6.275661e-05	1.733659e-05	4.70383e-06	4.255221e-06	4.12648e-06	3.523459e-06	3.240828e-06	2.467438e-06	2.266621e-06	2.13445e-06	1.951822e-06	1.792165e-06
76	0.9043051	0.2552581	0.1558231	0.1063648	0.01047691	0.006974015	0.006106838	0.00606973	0.006035183	0.006019262	0.006009533	0.006003573	0.005857306	0.005803046	9.613811e-05	8.930317e-05	8.900499e-05	8.132359e-05	8.122797e-05	5.953422e-05	1.649856e-05	4.41737e-06	3.992475e-06	3.871043e-06	3.295245e-06	3.029442e-06	2.30027e-06	2.110976e-06	1.986383e-06	1.811731e-06
77	0.3316885	0.3069575	0.1698856	0.1057215	0.0778603	0.008068571	0.006248915	0.005884136	0.005862415	0.005839218	0.005828148	0.005821001	0.005816843	0.005722169	0.005683928	6.701986e-05	6.133215e-05	6.110026e-05	5.565516e-05	5.560773e-05	4.197191e-05	1.156053e-05	3.11268e-06	2.806461e-06	2.718213e-06	2.279603e-06	2.094813e-06	1.572392e-06	1.435365e-06	1.344694e-06
78	0.149338	0.1259026	0.1121811	0.08269843	0.05051171	0.03721227	0.001139488	0.0004435425	0.0002425742	0.0002309406	0.0002191653	0.0002137181	0.0002097214	0.0002056553	0.0001593301	0.0001399321	3.627729e-05	3.184394e-05	3.163547e-05	2.870022e-05	2.867379e-05	2.151496e-05	5.977541e-06	1.613253e-06	1.455214e-06	1.412015e-06	1.178519e-06	1.087665e-06	8.293253e-07	7.617747e-07
79	0.3518437	0.1413612	0.1203565	0.1071029	0.0814351	0.04974274	0.03671864	0.001114825	0.0004314329	0.000233552	0.0002240693	0.0002124566	0.00020709	0.0002031378	0.0001990732	0.0001536119	0.0001345056	3.238419e-05	3.107565e-05	3.086751e-05	2.827701e-05	2.82509e-05	2.11962e-05	5.881709e-06	1.585154e-06	1.435955e-06	1.393393e-06	1.162503e-06	1.073393e-06	8.188167e-07
80	0.104535	0.03590341	0.02121365	0.01904326	0.01806203	0.0138643	0.008129425	0.005430111	0.0001562015	4.835097e-05	3.657542e-05	3.497998e-05	3.222297e-05	3.113823e-05	2.96757e-05	2.952305e-05	2.331757e-05	1.964396e-05	4.727927e-06	4.498174e-06	4.491091e-06	4.125782e-06	4.12221e-06	3.109525e-06	9.038084e-07	3.185407e-07	2.998415e-07	2.962644e-07	2.635648e-07	2.536711e-07
81	0.2283123	0.04447148	0.01333761	0.004506096	0.003596859	0.003399251	0.002631922	0.001407573	0.0004363434	2.580956e-05	7.920814e-06	5.69395e-06	5.239972e-06	4.050608e-06	3.664108e-06	3.522475e-06	3.416865e-06	2.926495e-06	1.79328e-06	5.059294e-07	4.347367e-07	4.331793e-07	4.079891e-07	4.076523e-07	3.409186e-07	1.617244e-07	1.091627e-07	1.093937e-07	1.110807e-07	1.10896e-07
82	0.2201184	0.188732	0.03940916	0.01198071	0.003280068	0.002594408	0.002458754	0.001936229	0.001036574	0.0002898478	1.916318e-05	5.490007e-06	4.417802e-06	4.041641e-06	3.147894e-06	2.877988e-06	2.773254e-06	2.667353e-06	2.272437e-06	1.406258e-06	3.892598e-07	3.205684e-07	3.191562e-07	3.013769e-07	3.011403e-07	2.549509e-07	1.217502e-07	8.387289e-08	8.414988e-08	8.557155e-08
83	0.1526175	0.1396412	0.1211828	0.03531222	0.01102321	0.002576506	0.002027342	0.001957579	0.001600574	0.0008601705	0.0002466375	1.574709e-05	4.208651e-06	3.820814e-06	3.51155e-06	2.766299e-06	2.543403e-06	2.457454e-06	2.350364e-06	1.980451e-06	1.267471e-06	3.303482e-07	2.619974e-07	2.605983e-07	2.448048e-07	2.446014e-07	2.038153e-07	8.411847e-08	6.89778e-08	6.919836e-08
84	0.1332593	0.114283	0.1085545	0.09711002	0.03248326	0.01058011	0.001999147	0.001574327	0.001521399	0.001249241	0.0006732501	0.0001658758	1.290405e-05	3.544425e-06	3.176711e-06	2.907434e-06	2.256356e-06	2.070352e-06	2.004595e-06	1.896333e-06	1.579071e-06	9.942845e-07	1.994641e-07	1.920845e-07	1.907495e-07	1.805163e-07	1.803811e-07	1.572224e-07	6.483542e-08	5.654516e-08
85	0.1781754	0.1117014	0.09652923	0.09181703	0.08344068	0.03121047	0.0104477	0.001712213	0.001342622	0.001297645	0.001058698	0.000573008	0.0001525425	1.146222e-05	3.198407e-06	2.830974e-06	2.57764e-06	1.988001e-06	1.830928e-06	1.774947e-06	1.773085e-06	1.454733e-06	9.640067e-07	1.818815e-07	1.745959e-07	1.745037e-07	1.644306e-07	1.643182e-07	1.422409e-07	5.479881e-08
86	0.9726192	0.1577016	0.09377588	0.08136597	0.07759783	0.07108098	0.03003143	0.01030235	0.001414108	0.001098782	0.00106354	0.0008601741	0.0004702327	0.0001335594	9.710487e-06	2.57142e-06	2.53099e-06	2.295231e-06	1.803016e-06	1.67543e-06	1.629348e-06	1.627864e-06	1.321926e-06	9.272515e-07	1.657717e-07	1.585907e-07	1.585105e-07	1.486748e-07	1.485766e-07	1.2754e-07
87	0.96623	0.9587566	0.1384179	0.07466899	0.06382364	0.06061299	0.05507733	0.02051568	0.001272092	0.001240444	0.0009568688	0.000928302	0.0007459575	0.0004120638	0.0001266929	8.872771e-06	2.403742e-06	2.374625e-06	2.153171e-06	1.699273e-06	1.589162e-06	1.548994e-06	1.547735e-06	1.242479e-06	9.061699e-07	1.548508e-07	1.477086e-07	1.476328e-07	1.379708e-07	1.378801e-07
88	0.9732272	0.9509497	0.9445099	0.1141346	0.05015989	0.04056829	0.03793472	0.03333321	0.004561306	0.001018539	0.0009899454	0.000832823	0.0008078509	0.0006421326	0.000359204	0.0001211499	7.810974e-06	2.270235e-06	2.243019e-06	2.028511e-06	1.607293e-06	1.513285e-06	1.478641e-06	1.477587e-06	1.16705e-06	8.843672e-07	1.471463e-07	1.399115e-07	1.398378e-07	1.299989e-07
89	0.9740434	0.9724271	0.9509645	0.9459628	0.1050335	0.04076771	0.03234885	0.03022978	0.02652773	0.003669537	0.0008440398	0.0008262397	0.0007009205	0.0006842154	0.0005362163	0.0003051652	0.0001153138	6.868507e-06	1.938762e-06	1.91482e-06	1.855922e-06	1.514445e-06	1.438049e-06	1.409e-06	1.408154e-06	1.098536e-06	8.707954e-07	1.395205e-07	1.323319e-07	1.32261e-07
90	0.9783597	0.9726827	0.9714905	0.9507884	0.9467145	0.09622209	0.0315897	0.02431926	0.02270601	0.01987259	0.002806838	0.0006831723	0.000668563	0.0005749159	0.0005618919	0.0004312107	0.0002513489	0.0001088897	6.056955e-06	1.745221e-06	1.723371e-06	1.674437e-06	1.423335e-06	1.364775e-06	1.341409e-06	1.34077e-06	1.02863e-06	8.549007e-07	1.323117e-07	1.250917e-07
91	0.1492582	0.13341	0.1293988	0.1285705	0.1084369	0.1051418	0.08894773	0.02374691	0.01743358	0.01624932	0.01418623	0.002053989	0.0005312364	0.0005193449	0.0004529874	0.0004430864	0.00033468	0.0002004479	9.85196e-05	5.146251e-06	1.519134e-06	1.499737e-06	1.45976e-06	1.286806e-06	1.244445e-06	1.22653e-06	1.226068e-06	9.211736e-07	7.948554e-07	1.214108e-07
92	0.02150558	0.02144331	0.01792923	0.01703795	0.0166716	0.01526152	0.01442712	0.009335449	0.008274679	0.00706268	0.006619096	0.005815758	0.0007703783	0.000149414	0.0001462325	0.0001184523	0.0001149655	9.784926e-05	5.153355e-05	1.029779e-05	8.557865e-07	1.875404e-07	1.831125e-07	1.728173e-07	9.399224e-08	7.838096e-08	7.341653e-08	7.32284e-08	7.091543e-08	2.344762e-08
93	0.002203274	0.001840326	0.001837048	0.001526001	0.001447114	0.001417725	0.001197603	0.001131272	0.0007215468	0.0006577361	0.00057264	0.0005371368	0.0004756038	6.343552e-05	1.310352e-05	1.285803e-05	1.06003e-05	1.032897e-05	8.880818e-06	4.663696e-06	1.274286e-06	6.767868e-08	1.666801e-08	1.613203e-08	1.537492e-08	8.913817e-09	7.65878e-09	7.246202e-09	7.229978e-09	6.874565e-09
94	0.0009683327	3.865508e-05	3.14815e-05	3.138742e-05	2.49085e-05	2.326086e-05	2.272082e-05	2.132351e-05	2.009428e-05	1.300153e-05	1.188784e-05	1.039648e-05	9.784085e-06	8.667377e-06	1.190867e-06	2.668188e-07	2.60583e-07	2.196336e-07	2.130731e-07	1.784977e-07	9.575851e-08	3.424187e-08	1.486709e-09	3.825239e-10	3.76787e-10	3.606227e-10	2.516793e-10	2.072786e-10	1.970394e-10	1.964715e-10
95	0.002065864	3.673928e-05	4.08305e-06	2.871458e-06	2.831147e-06	1.645053e-06	1.328167e-06	1.280246e-06	1.219503e-06	1.159353e-06	8.913752e-07	8.422003e-07	7.699597e-07	7.432004e-07	6.539161e-07	1.198995e-07	4.646858e-08	4.479842e-08	4.189512e-08	4.015072e-08	3.074754e-08	1.857839e-08	1.393708e-08	3.426201e-10	9.004988e-11	8.773083e-11	8.461629e-11	8.042472e-11	7.853452e-11	7.514402e-11
96	0.3084302	0.001935967	3.251506e-05	3.836077e-06	2.688858e-06	2.648807e-06	1.538064e-06	1.237587e-06	1.191046e-06	1.135161e-06	1.079131e-06	8.368017e-07	7.91576e-07	7.247085e-07	7.001821e-07	6.154392e-07	1.132555e-07	4.371553e-08	4.203813e-08	3.935875e-08	3.760705e-08	2.853913e-08	1.756041e-08	1.319973e-08	3.270606e-10	8.433175e-11	8.203888e-11	7.895872e-11	7.520177e-11	7.338481e-11
97	0.9916915	0.3033368	0.001897768	3.161263e-05	3.715975e-06	2.598101e-06	2.568401e-06	1.510109e-06	1.219794e-06	1.173326e-06	1.118154e-06	1.062606e-06	8.245088e-07	7.798474e-07	7.137317e-07	6.895461e-07	6.06111e-07	1.109013e-07	4.217395e-08	4.049725e-08	3.785333e-08	3.60866e-08	2.730474e-08	1.704578e-08	1.276172e-08	3.179177e-10	8.144927e-11	7.929664e-11	7.62454e-11	7.258053e-11
98	0.6899065	0.687836	0.2884834	0.001846567	3.054506e-05	3.552294e-06	2.498468e-06	2.468836e-06	1.459868e-06	1.17879e-06	1.150915e-06	1.096521e-06	1.041484e-06	8.07561e-07	7.635034e-07	6.98316e-07	6.745012e-07	5.919701e-07	1.07788e-07	4.049774e-08	3.882972e-08	3.624099e-08	3.452603e-08	2.583383e-08	1.641753e-08	1.22322e-08	3.168192e-10	8.17989e-11	7.96448e-11	7.668447e-11
99	0.7438775	0.6119251	0.6102079	0.264116	0.001705866	2.809112e-05	3.218995e-06	2.251738e-06	2.222898e-06	1.32733e-06	1.098004e-06	1.072658e-06	1.022715e-06	9.707024e-07	7.492896e-07	7.082027e-07	6.470431e-07	6.248569e-07	5.463705e-07	9.882496e-08	3.664395e-08	3.500268e-08	3.259792e-08	3.089831e-08	2.246818e-08	1.479641e-08	1.092241e-08	3.076307e-10	8.079681e-11	7.866413e-11
100	0.8765141	0.6958082	0.583383	0.5819142	0.2570345	0.001655074	2.666468e-05	2.948778e-06	2.075157e-06	2.059277e-06	1.271667e-06	1.081038e-06	1.056405e-06	1.006546e-06	9.543448e-07	7.319103e-07	6.907108e-07	6.294647e-07	6.072511e-07	5.318754e-07	9.242867e-08	3.184082e-08	3.056459e-08	2.822323e-08	2.667462e-08	2.000846e-08	1.370075e-08	9.971995e-09	2.84451e-10	7.777099e-11
101	0.8891692	0.8548325	0.6796661	0.5748039	0.5734319	0.2559037	0.001644748	2.632738e-05	2.806474e-06	2.012875e-06	2.000079e-06	1.261193e-06	1.084092e-06	1.059202e-06	1.008761e-06	9.558979e-07	7.305816e-07	6.888651e-07	6.269485e-07	6.044812e-07	5.297825e-07	9.01836e-08	2.980526e-08	2.857661e-08	2.624294e-08	2.46958e-08	1.888923e-08	1.323763e-08	9.547908e-09	2.672453e-10
102	0.8572276	0.8539419	0.823006	0.6634364	0.5656173	0.564325	0.2540424	0.001598472	2.565556e-05	2.71461e-06	1.948532e-06	1.94034e-06	1.247689e-06	1.082603e-06	1.057569e-06	1.00664e-06	9.533366e-07	7.254724e-07	6.833077e-07	6.208263e-07	5.981519e-07	5.263904e-07	8.795449e-08	2.799653e-08	2.678051e-08	2.446083e-08	2.289777e-08	1.774397e-08	1.276301e-08	9.115766e-09
103	0.8223676	0.8031434	0.8005878	0.772106	0.6187994	0.5271446	0.5259287	0.2467612	0.001543436	2.464211e-05	2.605465e-06	1.866958e-06	1.8596e-06	1.207738e-06	1.054393e-06	1.029825e-06	9.801587e-07	9.278014e-07	7.053414e-07	6.641419e-07	6.031562e-07	5.810636e-07	5.114776e-07	8.455888e-08	2.624175e-08	2.507691e-08	2.282401e-08	2.1261e-08	1.680857e-08	1.227854e-08
104	0.8210073	0.7904991	0.7714181	0.7690476	0.742485	0.6021274	0.5151777	0.5140174	0.2423276	0.001517353	2.399764e-05	2.475142e-06	1.808027e-06	1.801108e-06	1.185719e-06	1.040708e-06	1.017052e-06	9.679204e-07	9.158661e-07	6.953249e-07	6.544574e-07	5.942335e-07	5.723775e-07	5.035175e-07	8.241522e-08	2.488816e-08	2.378461e-08	2.15631e-08	1.998165e-08	1.572832e-08
105	0.5011691	0.3715157	0.358648	0.3540346	0.3530248	0.3366615	0.241976	0.190863	0.1901764	0.08233047	0.0005285228	9.441493e-06	1.181683e-06	8.112101e-07	8.072955e-07	4.369394e-07	3.540261e-07	3.449196e-07	3.311501e-07	3.106418e-07	2.37845e-07	2.25176e-07	2.078549e-07	2.019647e-07	1.714848e-07	3.258683e-08	1.421145e-08	1.363503e-08	1.293315e-08	1.160144e-08
106	0.4010956	0.3847825	0.2530021	0.2406023	0.2364497	0.2356059	0.2235651	0.1449446	0.1075399	0.1070336	0.04387202	0.0002916501	5.336179e-06	7.598498e-07	5.334503e-07	5.308769e-07	2.6445e-07	2.054e-07	1.995844e-07	1.926464e-07	1.781511e-07	1.326974e-07	1.253627e-07	1.166769e-07	1.138738e-07	9.160814e-08	1.945546e-08	9.974396e-09	9.805407e-09	9.441789e-09
107	0.3257291	0.3098389	0.2935241	0.1597494	0.1470334	0.1428847	0.1421092	0.1350717	0.1109615	0.08278391	0.08247098	0.0347767	0.0002357048	4.187507e-06	5.551536e-07	3.911201e-07	3.893016e-07	2.183568e-07	1.715445e-07	1.697825e-07	1.640089e-07	1.504468e-07	1.082397e-07	1.017016e-07	9.478958e-08	9.251111e-08	7.190917e-08	1.455699e-08	6.949284e-09	6.798613e-09
108	0.3219533	0.3026212	0.2868333	0.2699865	0.1321206	0.1211372	0.1176065	0.1169888	0.1113328	0.09163449	0.06764377	0.06738917	0.02822004	0.0001944616	3.094212e-06	4.179597e-07	3.009179e-07	2.995589e-07	1.633945e-07	1.241216e-07	1.226721e-07	1.178401e-07	1.049804e-07	9.091675e-08	8.49998e-08	7.955419e-08	7.770098e-08	5.830912e-08	1.195131e-08	5.734744e-09
109	0.1519116	0.1480879	0.1346859	0.1188105	0.1017629	0.09913911	0.08930486	0.08706155	0.08663238	0.08229244	0.06721268	0.05120413	0.05100808	0.02107506	0.0001499387	2.180314e-06	2.830099e-07	2.160096e-07	2.151422e-07	1.160723e-07	8.574318e-08	8.463725e-08	8.193817e-08	7.873643e-08	6.817679e-08	6.616569e-08	6.271734e-08	6.152104e-08	4.349181e-08	9.132747e-09
110	0.7895954	0.1232694	0.119438	0.1092497	0.09311193	0.07569036	0.07339757	0.06428883	0.06214002	0.06186485	0.05833868	0.04606095	0.03300095	0.03284344	0.01215924	9.494394e-05	1.376831e-06	2.056622e-07	1.585935e-07	1.579314e-07	7.899216e-08	5.38468e-08	5.317741e-08	5.182522e-08	4.995941e-08	4.430253e-08	4.330756e-08	4.182238e-08	4.122567e-08	2.501155e-08
111	0.8278716	0.7638241	0.08167999	0.07776402	0.06936796	0.05278642	0.05268368	0.05054952	0.05029267	0.04831139	0.04806354	0.04520725	0.03522474	0.0245017	0.02437473	0.008480882	7.244496e-05	1.019218e-06	1.634217e-07	1.272009e-07	1.266741e-07	6.288841e-08	4.195121e-08	4.144804e-08	4.048595e-08	3.895159e-08	3.521607e-08	3.453842e-08	3.352633e-08	3.311011e-08
112	0.8046349	0.7866256	0.7443857	0.04387939	0.03989359	0.03516544	0.03481649	0.03474208	0.03421519	0.03417298	0.03404079	0.03382113	0.03159313	0.0238201	0.01598096	0.01588262	0.00474606	3.202164e-05	5.936976e-07	1.086721e-07	8.280038e-08	8.240146e-08	3.309893e-08	1.624096e-08	1.59473e-08	1.54307e-08	1.498417e-08	1.306583e-08	1.270042e-08	1.21473e-08
113	0.8132216	0.7914592	0.7840592	0.7551907	0.02761274	0.02351099	0.02070767	0.02049683	0.02048419	0.02016699	0.02014896	0.02007771	0.02004796	0.01874857	0.01423911	0.00971814	0.009661578	0.002783592	1.818159e-05	3.320466e-07	6.600368e-08	4.910537e-08	4.884295e-08	1.884273e-08	8.117069e-09	7.956977e-09	7.746043e-09	7.596996e-09	7.171982e-09	7.055334e-09
114	0.8605974	0.8049905	0.7964223	0.7931531	0.7735996	0.01581054	0.01156677	0.01003691	0.009934581	0.009927486	0.00976602	0.009757556	0.009724706	0.009711034	0.009157274	0.007161136	0.005179121	0.005154418	0.001722712	1.057661e-05	1.963378e-07	3.512274e-08	2.395242e-08	2.37865e-08	8.387212e-09	4.855863e-09	4.7273e-09	4.580195e-09	4.489346e-09	4.190119e-09
115	0.07713261	0.05845579	0.03173204	0.02704467	0.02523573	0.01248239	0.01097076	0.006553831	0.005483343	0.005426145	0.005420286	0.005323815	0.005318988	0.005300318	0.00529255	0.004990012	0.003889026	0.002807483	0.002794043	0.001073736	6.465365e-06	1.222308e-07	2.129517e-08	1.41997e-08	1.409358e-08	4.97786e-09	3.075766e-09	2.966131e-09	2.845987e-09	2.786099e-09
116	0.09242518	0.04900188	0.03585356	0.01835431	0.01529291	0.01408747	0.005514195	0.004504799	0.004486313	0.00362625	0.00358743	0.003582017	0.003511641	0.003508418	0.00349578	0.00349056	0.003292572	0.002572677	0.001862142	0.001853346	0.000720403	4.32968e-06	8.197535e-08	1.415679e-08	9.386698e-09	9.316059e-09	3.293243e-09	2.051081e-09	2.030052e-09	1.926134e-09
117	0.03959396	0.03938117	0.02192058	0.0158649	0.007990694	0.006620809	0.006053633	0.002246535	0.001797913	0.001789752	0.001591618	0.00157508	0.001574518	0.001551016	0.001549611	0.001544485	0.00154221	0.001455179	0.001138619	0.0008222575	0.0008183915	0.000322031	1.938079e-06	3.669068e-08	6.251364e-09	4.128614e-09	4.097424e-09	1.446856e-09	9.006439e-10	8.905817e-10
118	0.004421084	0.003166107	0.003116362	0.002098638	0.001150812	0.0004498397	0.0003522757	0.0002616509	0.0001151981	9.527566e-05	9.497248e-05	8.517142e-05	8.420073e-05	8.415972e-05	8.290033e-05	8.282196e-05	8.264206e-05	8.255393e-05	7.998673e-05	7.113099e-05	6.193218e-05	6.181203e-05	2.991016e-05	1.833762e-07	2.85434e-09	2.97841e-10	2.022957e-10	2.013911e-10	1.320669e-10	1.160565e-10
119	0.1944478	0.003503692	0.002540732	0.002491608	0.001771313	0.0008657108	0.0002757996	0.0001992318	0.0001136066	7.332284e-05	6.555121e-05	6.536797e-05	5.858351e-05	5.7893e-05	5.786413e-05	5.699333e-05	5.694076e-05	5.683604e-05	5.678214e-05	5.545436e-05	5.104001e-05	4.622629e-05	4.616473e-05	2.295892e-05	1.416147e-07	2.028223e-09	1.785716e-10	1.398606e-10	1.394826e-10	1.073063e-10
120	0.9864616	0.1870788	0.003513875	0.002548797	0.002497205	0.001779343	0.0008341704	0.0002549777	0.0001775529	8.864185e-05	7.018926e-05	6.456251e-05	6.441041e-05	5.780866e-05	5.711898e-05	5.708994e-05	5.622885e-05	5.617684e-05	5.608118e-05	5.603034e-05	5.48884e-05	5.118313e-05	4.701987e-05	4.696637e-05	2.365769e-05	1.457416e-07	2.009488e-09	1.647759e-10	1.359341e-10	1.356608e-10
121	0.9260999	0.9123811	0.1855122	0.003516381	0.002557533	0.002549223	0.001840361	0.0008517399	0.0002586798	0.0001802833	8.72403e-05	6.90196e-05	6.351862e-05	6.336888e-05	5.684321e-05	5.616413e-05	5.613664e-05	5.528945e-05	5.523934e-05	5.516518e-05	5.511907e-05	5.401835e-05	5.037971e-05	4.629529e-05	4.624426e-05	2.32236e-05	1.429032e-07	1.983197e-09	1.624581e-10	1.343751e-10
122	0.9969596	0.9226181	0.9081778	0.1882719	0.002649559	0.001685004	0.001676734	0.0009745382	0.0007827132	0.0001858603	0.0001061578	8.627082e-05	6.798532e-05	6.2563e-05	6.242362e-05	5.608131e-05	5.541181e-05	5.538453e-05	5.454887e-05	5.449948e-05	5.442637e-05	5.43809e-05	5.32929e-05	4.968898e-05	4.566086e-05	4.561052e-05	2.285446e-05	1.404042e-07	1.932626e-09	1.579674e-10
123	0.9971824	0.9951687	0.919162	0.903914	0.1926234	0.00232283	0.001344643	0.001336419	0.0006416527	0.0004542665	0.0001816077	0.000100398	8.063716e-05	6.674193e-05	6.141522e-05	6.128067e-05	5.521674e-05	5.455827e-05	5.453129e-05	5.370875e-05	5.366027e-05	5.358858e-05	5.354396e-05	5.247377e-05	4.892191e-05	4.496986e-05	4.492047e-05	2.239695e-05	1.372535e-07	1.856535e-09
124	0.9385641	0.9376624	0.935635	0.8891129	0.872897	0.1961997	0.002252307	0.001285709	0.001277587	0.0005926508	0.0004205501	0.0001534084	9.803787e-05	7.84402e-05	6.479208e-05	5.99396e-05	5.980835e-05	5.407531e-05	5.343081e-05	5.340423e-05	5.259842e-05	5.255105e-05	5.248116e-05	5.24376e-05	5.13909e-05	4.794688e-05	4.409378e-05	4.404561e-05	2.184197e-05	1.3345e-07
125	0.9954287	0.9370962	0.9361933	0.9341305	0.887812	0.8704455	0.2030277	0.002248218	0.001261192	0.001253084	0.000573983	0.0004046358	0.0001416654	9.636514e-05	7.693595e-05	6.352442e-05	5.879981e-05	5.867313e-05	5.326337e-05	5.262943e-05	5.260311e-05	5.180968e-05	5.176322e-05	5.169478e-05	5.165207e-05	5.062292e-05	4.722966e-05	4.345453e-05	4.340733e-05	2.13746e-05
126	0.986645	0.9836648	0.9260391	0.9251555	0.9230414	0.8795661	0.8608391	0.2111284	0.002246687	0.001238145	0.001230053	0.000557667	0.0003944164	0.000136056	9.160394e-05	7.523124e-05	6.204369e-05	5.746825e-05	5.734644e-05	5.231718e-05	5.169556e-05	5.166952e-05	5.08905e-05	5.084511e-05	5.077836e-05	5.073665e-05	4.972778e-05	4.639434e-05	4.270938e-05	4.266328e-05
127	0.9801528	0.9745901	0.971643	0.9183149	0.9174299	0.9152564	0.8756731	0.8553131	0.2206509	0.002249815	0.001215567	0.001207492	0.0005429299	0.000383554	0.0001320775	8.860783e-05	7.259428e-05	6.02937e-05	5.588953e-05	5.577378e-05	5.119813e-05	5.059106e-05	5.056536e-05	4.980337e-05	4.975923e-05	4.969449e-05	4.965396e-05	4.866871e-05	4.540578e-05	4.182556e-05
128	0.9624256	0.9549973	0.9492185	0.9461715	0.8940676	0.893176	0.8909258	0.8561382	0.8337829	0.2315557	0.002230418	0.001186338	0.001178346	0.0005242974	0.0003705924	0.0001272349	8.520926e-05	6.968524e-05	5.775874e-05	5.362622e-05	5.351587e-05	4.949198e-05	4.890354e-05	4.887825e-05	4.813825e-05	4.809568e-05	4.803356e-05	4.799453e-05	4.704127e-05	4.413391e-05
129	0.9397321	0.9274401	0.9208992	0.9149491	0.9123508	0.8640691	0.8633356	0.8621898	0.8288091	0.8271129	0.2463734	0.002165779	0.0010794	0.001071477	0.0005049578	0.0003572826	0.0001222104	8.174225e-05	6.675676e-05	5.529156e-05	5.143528e-05	5.133166e-05	4.77315e-05	4.716811e-05	4.71435e-05	4.643505e-05	4.639472e-05	4.633598e-05	4.629938e-05	4.544181e-05
130	0.9848254	0.9304284	0.9208521	0.9144628	0.9080478	0.9053338	0.8588674	0.858141	0.8570324	0.8250107	0.8234021	0.265363	0.002178939	0.001037457	0.001029516	0.000484275	0.0003430419	0.0001170174	7.814401e-05	6.373502e-05	5.274032e-05	4.923337e-05	4.913762e-05	4.589036e-05	4.534928e-05	4.53248e-05	4.464462e-05	4.460646e-05	4.455103e-05	4.451645e-05
131	0.7365043	0.7262368	0.7025296	0.6929404	0.6902596	0.6882558	0.6855737	0.6413936	0.6406924	0.6396309	0.6092427	0.6077479	0.0781575	0.002201539	0.0009841765	0.0009761991	0.0004580496	0.0003249307	0.0001104001	7.356202e-05	5.988609e-05	4.949612e-05	4.644741e-05	4.636191e-05	4.35504e-05	4.303777e-05	4.301343e-05	4.236947e-05	4.233416e-05	4.228301e-05
132	0.686042	0.6808554	0.6729765	0.6513524	0.6424179	0.6399977	0.6380791	0.6351977	0.5945129	0.5938302	0.592842	0.5646422	0.5633369	0.07182728	0.001359953	0.0009101065	0.0009021316	0.000422383	0.000300086	0.0001014723	6.73962e-05	5.470558e-05	4.529304e-05	4.299459e-05	4.291794e-05	4.041401e-05	3.994246e-05	3.991823e-05	3.932317e-05	3.92918e-05
133	0.607233	0.6043303	0.6007967	0.5933556	0.5747668	0.5659979	0.5641364	0.5628266	0.5617747	0.5262434	0.5257828	0.5249295	0.4999453	0.4989469	0.0635477	0.001191337	0.0007967106	0.000793123	0.0003700646	0.0002636275	8.842634e-05	5.833168e-05	4.709327e-05	3.91307e-05	3.789701e-05	3.783349e-05	3.578349e-05	3.53727e-05	3.536097e-05	3.483805e-05
134	0.4721752	0.4693372	0.4673018	0.4647176	0.4603898	0.4472875	0.4444	0.4432417	0.4423201	0.4416166	0.4154433	0.4151179	0.4145334	0.3947727	0.3943334	0.05010969	0.0009134936	0.0006126132	0.0006106333	0.000284219	0.0002047322	6.852546e-05	4.493396e-05	3.606088e-05	3.077578e-05	2.981942e-05	2.976763e-05	2.826462e-05	2.796134e-05	2.795432e-05
135	0.3529781	0.2934616	0.2917755	0.2902355	0.2875224	0.2849366	0.279789	0.2782241	0.2775237	0.2770051	0.2766324	0.2637905	0.2636305	0.2633446	0.2507862	0.2505935	0.03179202	0.0005363185	0.0003632394	0.0003621081	0.000174147	0.0001266363	4.472088e-05	2.998255e-05	2.437697e-05	2.062035e-05	1.976361e-05	1.97263e-05	1.793973e-05	1.778097e-05
136	0.7422128	0.3006872	0.2503794	0.2489528	0.2475815	0.2450666	0.2428769	0.2389448	0.2376344	0.237039	0.236604	0.2362953	0.225839	0.2257087	0.2254761	0.214737	0.2145843	0.02721673	0.0004526654	0.0003071174	0.000306165	0.0001480557	0.0001078261	3.868205e-05	2.611579e-05	2.13282e-05	1.790968e-05	1.707838e-05	1.704499e-05	1.535993e-05
