#unpaired probabilities
 #i$	l=1	2	3	4	5	6	7	8	9	10	11	
1	1	NA	NA	NA	NA	NA	NA	NA	NA	NA	NA
2	1	1	NA	NA	NA	NA	NA	NA	NA	NA	NA
3	0.9868693	0.9868693	0.9868693	NA	NA	NA	NA	NA	NA	NA	NA
4	1	0.9868693	0.9868693	0.9868693	NA	NA	NA	NA	NA	NA	NA
5	1	1	0.9868693	0.9868693	0.9868693	NA	NA	NA	NA	NA	NA
6	1	1	1	0.9868693	0.9868693	0.9868693	NA	NA	NA	NA	NA
7	0.9990034	0.9990034	0.9990034	0.9990034	0.9866555	0.9866555	0.9866555	NA	NA	NA	NA
8	0.9876521	0.9866555	0.9866555	0.9866555	0.9866555	0.9866555	0.9866555	0.9866555	NA	NA	NA
9	1	0.9876521	0.9866555	0.9866555	0.9866555	0.9866555	0.9866555	0.9866555	0.9866555	NA	NA
10	1	1	0.9876521	0.9866555	0.9866555	0.9866555	0.9866555	0.9866555	0.9866555	0.9866555	NA
11	0.9997862	0.9997862	0.9997862	0.9874383	0.9866555	0.9866555	0.9866555	0.9866555	0.9866555	0.9866555	0.9866555
