#unpaired probabilities
 #i$	l=1	2	3	4	5	6	7	8	9	10	11	
1	0.9975374	NA	NA	NA	NA	NA	NA	NA	NA	NA	NA
2	1	0.9975374	NA	NA	NA	NA	NA	NA	NA	NA	NA
3	1	1	0.9975374	NA	NA	NA	NA	NA	NA	NA	NA
4	0.9992844	0.9992844	0.9992844	0.9968218	NA	NA	NA	NA	NA	NA	NA
5	0.9975374	0.9968218	0.9968218	0.9968218	0.9968218	NA	NA	NA	NA	NA	NA
6	1	0.9975374	0.9968218	0.9968218	0.9968218	0.9968218	NA	NA	NA	NA	NA
7	1	1	0.9975374	0.9968218	0.9968218	0.9968218	0.9968218	NA	NA	NA	NA
8	0.9998871	0.9998871	0.9998871	0.9974246	0.9968218	0.9968218	0.9968218	0.9968218	NA	NA	NA
9	0.999746	0.9996331	0.9996331	0.9996331	0.9971706	0.9968218	0.9968218	0.9968218	0.9968218	NA	NA
10	0.999784	0.99953	0.9994171	0.9994171	0.9994171	0.9969546	0.9968218	0.9968218	0.9968218	0.9968218	NA
11	0.9998673	0.9996513	0.9993973	0.9992844	0.9992844	0.9992844	0.9968218	0.9968218	0.9968218	0.9968218	0.9968218
