#unpaired probabilities
 #i$	l=1	2	3	4	5	6	7	8	9	10	11	12	13	14	15	16	17	18	19	20	21	22	23	24	25	26	27	28	29	30	
1	0.9844963	NA	NA	NA	NA	NA	NA	NA	NA	NA	NA	NA	NA	NA	NA	NA	NA	NA	NA	NA	NA	NA	NA	NA	NA	NA	NA	NA	NA	NA
2	0.9997281	0.9842729	NA	NA	NA	NA	NA	NA	NA	NA	NA	NA	NA	NA	NA	NA	NA	NA	NA	NA	NA	NA	NA	NA	NA	NA	NA	NA	NA	NA
3	0.9911889	0.991444	0.9760875	NA	NA	NA	NA	NA	NA	NA	NA	NA	NA	NA	NA	NA	NA	NA	NA	NA	NA	NA	NA	NA	NA	NA	NA	NA	NA	NA
4	0.7579182	0.7543683	0.7466608	0.7347944	NA	NA	NA	NA	NA	NA	NA	NA	NA	NA	NA	NA	NA	NA	NA	NA	NA	NA	NA	NA	NA	NA	NA	NA	NA	NA
5	0.5451222	0.5153085	0.5161678	0.5230246	0.514814	NA	NA	NA	NA	NA	NA	NA	NA	NA	NA	NA	NA	NA	NA	NA	NA	NA	NA	NA	NA	NA	NA	NA	NA	NA
6	0.5334639	0.4681372	0.4420665	0.4437304	0.4495713	0.446045	NA	NA	NA	NA	NA	NA	NA	NA	NA	NA	NA	NA	NA	NA	NA	NA	NA	NA	NA	NA	NA	NA	NA	NA
7	0.9683456	0.5315931	0.4665333	0.4405644	0.442238	0.4480856	0.4445734	NA	NA	NA	NA	NA	NA	NA	NA	NA	NA	NA	NA	NA	NA	NA	NA	NA	NA	NA	NA	NA	NA	NA
8	0.9970962	0.9654383	0.5293823	0.4645592	0.4386906	0.4403408	0.4461188	0.442621	NA	NA	NA	NA	NA	NA	NA	NA	NA	NA	NA	NA	NA	NA	NA	NA	NA	NA	NA	NA	NA	NA
9	0.5736092	0.532631	0.5027222	0.1561138	0.1314807	0.1225059	0.120211	0.115381	0.1143167	NA	NA	NA	NA	NA	NA	NA	NA	NA	NA	NA	NA	NA	NA	NA	NA	NA	NA	NA	NA	NA
10	0.2310308	0.1458456	0.09532766	0.07515318	0.01739934	0.01245633	0.01066859	0.009108708	0.008942911	0.008852452	NA	NA	NA	NA	NA	NA	NA	NA	NA	NA	NA	NA	NA	NA	NA	NA	NA	NA	NA	NA
11	0.2341613	0.1660179	0.102858	0.05280091	0.03900133	0.01307265	0.009026841	0.007369401	0.005900446	0.005718586	0.005663887	NA	NA	NA	NA	NA	NA	NA	NA	NA	NA	NA	NA	NA	NA	NA	NA	NA	NA	NA
12	0.3968095	0.2336746	0.1656676	0.1025624	0.05255658	0.03878679	0.01300848	0.008973038	0.007318893	0.005851265	0.005669509	0.005615485	NA	NA	NA	NA	NA	NA	NA	NA	NA	NA	NA	NA	NA	NA	NA	NA	NA	NA
13	0.999676	0.3968087	0.2336742	0.1656673	0.1025621	0.05255622	0.03878644	0.01300814	0.008972734	0.007318605	0.005850973	0.005669206	0.005615185	NA	NA	NA	NA	NA	NA	NA	NA	NA	NA	NA	NA	NA	NA	NA	NA	NA
14	0.6502373	0.6269306	0.2981877	0.195138	0.1288832	0.0877001	0.03742011	0.02686736	0.01089614	0.007163199	0.005573239	0.004050439	0.003831026	0.00379623	NA	NA	NA	NA	NA	NA	NA	NA	NA	NA	NA	NA	NA	NA	NA	NA
15	0.7797048	0.6347936	0.6104814	0.2951108	0.1946383	0.1284979	0.08731703	0.03702641	0.02646671	0.01068631	0.006977305	0.005396647	0.003871366	0.003647013	0.003613615	NA	NA	NA	NA	NA	NA	NA	NA	NA	NA	NA	NA	NA	NA	NA
16	0.9783585	0.7581824	0.6131347	0.5872246	0.2781723	0.1943025	0.1281967	0.08701374	0.03670963	0.0261186	0.01065911	0.006954261	0.005375236	0.003850265	0.003626105	0.003592882	NA	NA	NA	NA	NA	NA	NA	NA	NA	NA	NA	NA	NA	NA
17	0.8737267	0.8442707	0.6152026	0.4601057	0.4224472	0.2780751	0.19423	0.1281418	0.08695421	0.03664411	0.02605418	0.01059737	0.006899122	0.005322894	0.003797261	0.003571155	0.003538331	NA	NA	NA	NA	NA	NA	NA	NA	NA	NA	NA	NA	NA
18	0.1661228	0.1674653	0.1592788	0.08923824	0.07365256	0.07292378	0.02134719	0.01509845	0.009747807	0.007980326	0.006986972	0.00593144	0.004215143	0.003562289	0.00331939	0.003280218	0.003079725	0.003051402	NA	NA	NA	NA	NA	NA	NA	NA	NA	NA	NA	NA
19	0.2633974	0.158863	0.1600707	0.1541947	0.08672081	0.07165631	0.07102428	0.01999455	0.01392496	0.008809636	0.00763486	0.006752998	0.005752877	0.004080725	0.003451672	0.003216223	0.003182097	0.002983164	0.002957524	NA	NA	NA	NA	NA	NA	NA	NA	NA	NA	NA
20	0.9982228	0.261731	0.1574998	0.1586484	0.152707	0.08514188	0.06996853	0.06921661	0.0199675	0.01390744	0.008801914	0.007626539	0.006743776	0.00574547	0.004076129	0.003448486	0.003213656	0.003180092	0.002981098	0.002955474	NA	NA	NA	NA	NA	NA	NA	NA	NA	NA
21	0.8427957	0.8459914	0.1468302	0.1063853	0.1069627	0.1010228	0.04169023	0.02865893	0.02581947	0.01663162	0.01170638	0.007599136	0.006363275	0.005387755	0.004485358	0.002992828	0.002551002	0.002392416	0.00238802	0.002193042	0.002173562	NA	NA	NA	NA	NA	NA	NA	NA	NA
22	0.2022332	0.1239178	0.125796	0.04288172	0.03941106	0.04086034	0.04084182	0.005701599	0.003224226	0.002982805	0.001556603	0.001069237	0.0006484578	0.0006143161	0.000597094	0.0005118667	0.000312766	0.0002505558	0.0002263943	0.0002145236	0.0001986558	0.0001967923	NA	NA	NA	NA	NA	NA	NA	NA
23	0.1051725	0.07511151	0.07225957	0.07237269	0.01033606	0.006706444	0.006345452	0.005866803	0.005103789	0.002846109	0.002641495	0.001334877	0.0008966428	0.000519065	0.0004920038	0.0004702538	0.0004152465	0.0002433249	0.0001905191	0.0001697917	0.0001577313	0.0001463094	0.0001449784	NA	NA	NA	NA	NA	NA	NA
24	0.5243201	0.1034704	0.07380414	0.0715676	0.07170704	0.01009199	0.006521776	0.006164686	0.005691536	0.004926434	0.002796381	0.00259653	0.001297991	0.0008804417	0.0005109398	0.0004847098	0.0004638052	0.0004100383	0.0002400229	0.0001882039	0.0001678919	0.0001561929	0.0001448712	0.0001435525	NA	NA	NA	NA	NA	NA
25	0.9936118	0.5238598	0.1032453	0.07370485	0.07150102	0.07164483	0.01004516	0.006482542	0.006124966	0.005651371	0.004884349	0.002751912	0.002549427	0.001295719	0.0008789463	0.0005102156	0.000483929	0.0004629424	0.000409238	0.0002393285	0.0001876447	0.0001673913	0.0001557255	0.0001443874	0.0001430723	NA	NA	NA	NA	NA
26	0.9814133	0.9811404	0.5134899	0.0979442	0.06936062	0.06710009	0.06736451	0.007908362	0.004645751	0.004258428	0.003761356	0.002922829	0.002421165	0.002263571	0.0010671	0.000717312	0.0004160971	0.0004205753	0.000437757	0.0003924897	0.0002294432	0.0001826176	0.000164506	0.0001552564	0.0001439798	0.0001426683	NA	NA	NA	NA
27	0.9914633	0.9749839	0.9744917	0.5126695	0.09774492	0.06923278	0.06697675	0.06725121	0.007821135	0.004574633	0.004188113	0.00369219	0.002850581	0.002344248	0.002183151	0.00106103	0.0007136147	0.0004148894	0.0004192875	0.0004363251	0.0003913571	0.0002287732	0.0001822651	0.0001642938	0.0001552009	0.0001439258	0.0001426147	NA	NA	NA
28	0.8978863	0.8931084	0.8762566	0.8737689	0.4259508	0.08892837	0.06356881	0.06141118	0.06230201	0.004912124	0.002851104	0.002689543	0.00246198	0.001632644	0.00108583	0.0009818509	0.0006858954	0.0005007488	0.0003679675	0.0003701915	0.0003818782	0.000340343	0.0001844679	0.0001587948	0.0001500112	0.0001511407	0.0001399481	0.0001386677	NA	NA
29	0.3119082	0.2248246	0.2013738	0.1716417	0.1444916	0.08704864	0.03688587	0.01302599	0.008990009	0.007824844	0.003537534	0.00207156	0.00199212	0.00186892	0.00109485	0.0005984498	0.0005446035	0.0003463602	0.0002781004	0.0002225778	0.0002335464	0.0002490424	0.000209695	0.0001552258	0.0001372494	0.0001314301	0.0001347119	0.000123359	0.0001222302	NA
30	0.246676	0.2197242	0.1922498	0.1677499	0.1404891	0.1122497	0.08356159	0.03447529	0.01079409	0.008378924	0.007221669	0.003051691	0.001699654	0.001606598	0.001484335	0.001074108	0.0005780672	0.0005267224	0.0003327994	0.0002678234	0.0002157635	0.0002269407	0.0002417638	0.0002067718	0.0001533661	0.0001359882	0.0001304601	0.0001340771	0.0001227071	0.0001216185
31	0.914593	0.2445766	0.2176698	0.1902673	0.1657814	0.1385751	0.1103721	0.08195607	0.03386224	0.01041086	0.008003818	0.006896633	0.002861898	0.001602843	0.00152941	0.001430429	0.001023871	0.0005288175	0.0004858792	0.0003031022	0.0002507428	0.0002118144	0.0002230394	0.0002377215	0.000203039	0.0001502016	0.0001344281	0.0001296081	0.0001340325	0.0001226792
32	0.5985829	0.5453131	0.03047596	0.0272155	0.02262953	0.01982838	0.01655873	0.01411978	0.009825173	0.003958406	0.001484452	0.001001931	0.000894353	0.000386586	0.0002233781	0.0002154504	0.0002034693	0.0001211707	8.697978e-05	8.277663e-05	4.150408e-05	3.058569e-05	2.305843e-05	2.280843e-05	2.306232e-05	2.06915e-05	1.692795e-05	1.507644e-05	1.442281e-05	1.476274e-05
33	0.4237441	0.4241204	0.4183322	0.01130204	0.01009585	0.008096015	0.007178795	0.006130184	0.005168375	0.003981677	0.001252867	0.0005881499	0.0005488056	0.000499397	0.0002020936	0.0001153082	0.0001099837	0.0001021967	6.800501e-05	5.931868e-05	5.759544e-05	2.497839e-05	1.684909e-05	1.154132e-05	1.08771e-05	1.051061e-05	1.005985e-05	9.068344e-06	8.044061e-06	7.636219e-06
34	0.2162781	0.1263247	0.1282219	0.1163337	0.002532783	0.002342551	0.001946988	0.00183881	0.001704018	0.001597668	0.001406996	0.0003284167	0.0002299594	0.0002288249	0.0002216192	7.257209e-05	5.31204e-05	5.316199e-05	5.203374e-05	2.160784e-05	1.783122e-05	1.609656e-05	1.216187e-05	7.374165e-06	4.556735e-06	3.347387e-06	2.255618e-06	2.011843e-06	1.453788e-06	1.273177e-06
35	0.07950086	0.05760944	0.01995763	0.01984297	0.01961156	0.0006906714	0.0006182045	0.0004007523	0.0003546667	0.0002983044	0.0002543963	0.0001986074	7.060036e-05	4.751804e-05	4.689867e-05	4.503997e-05	3.462398e-05	3.038412e-05	3.154011e-05	3.206239e-05	3.616175e-06	2.090663e-06	2.066498e-06	8.890719e-07	6.761517e-07	5.412527e-07	5.434054e-07	5.901815e-07	6.166574e-07	4.635398e-07
36	0.05444521	0.02778994	0.008310684	0.004735939	0.004172141	0.004197317	0.0004587743	0.0004050378	0.000344244	0.0002983382	0.0002465358	0.0002027272	0.0001715618	4.701936e-05	2.453804e-05	2.324155e-05	2.04505e-05	9.47693e-06	4.317227e-06	3.980683e-06	3.560234e-06	3.460214e-06	1.946393e-06	1.93601e-06	7.917524e-07	5.94763e-07	4.82977e-07	5.129301e-07	5.596237e-07	5.953003e-07
37	0.918759	0.05018159	0.02347097	0.00813222	0.004682303	0.004118679	0.004144125	0.0004566811	0.0004030889	0.0003426289	0.0002968357	0.0002451648	0.0002014732	0.0001704269	4.668557e-05	2.429994e-05	2.300315e-05	2.021572e-05	9.304017e-06	4.15421e-06	3.810733e-06	3.382776e-06	3.27351e-06	1.927889e-06	1.918134e-06	7.758565e-07	5.897931e-07	4.797492e-07	5.103386e-07	5.577368e-07
38	0.7445027	0.6567436	0.05004431	0.02340848	0.008116641	0.004679063	0.004115703	0.004141352	0.0004562236	0.0004026539	0.0003422254	0.0002964491	0.0002448031	0.0002011352	0.000170159	4.65482e-05	2.421842e-05	2.292403e-05	2.014811e-05	9.260158e-06	4.131146e-06	3.791782e-06	3.368707e-06	3.261031e-06	1.915154e-06	1.907048e-06	7.696186e-07	5.861898e-07	4.78921e-07	5.095006e-07
39	0.9572825	0.7011435	0.6131242	0.04864021	0.0219962	0.006820105	0.004408885	0.00383765	0.003861464	0.0004539135	0.0004004688	0.0003403232	0.0002945296	0.000242892	0.000199201	0.0001683332	4.540391e-05	2.311592e-05	2.17805e-05	1.897227e-05	8.275166e-06	3.120477e-06	2.726668e-06	2.24331e-06	2.069474e-06	1.878827e-06	1.875796e-06	7.45888e-07	5.698093e-07	4.699893e-07
40	0.9083287	0.9000416	0.6423995	0.5939808	0.04708571	0.02041804	0.00555336	0.00343188	0.002830209	0.002829025	0.0004517994	0.0003988912	0.0003398888	0.0002940911	0.000242459	0.0001987651	0.0001679515	4.504486e-05	2.275104e-05	2.140194e-05	1.857758e-05	7.865738e-06	2.692685e-06	2.274158e-06	1.763019e-06	1.561479e-06	1.335057e-06	1.290654e-06	7.451691e-07	5.693276e-07
41	0.5175245	0.5068877	0.4936826	0.2278489	0.2077925	0.03938652	0.01503328	0.003329748	0.001406802	0.0008159883	0.0007658994	0.0003725218	0.0003244298	0.0002701923	0.0002283732	0.0001813893	0.0001417606	0.0001140458	3.756163e-05	1.822926e-05	1.696697e-05	1.435568e-05	6.86434e-06	2.227972e-06	1.851027e-06	1.394831e-06	1.213601e-06	1.008719e-06	9.729423e-07	4.884362e-07
42	0.06231838	0.05754645	0.05374565	0.04940018	0.04353953	0.03888308	0.009134803	0.003705749	0.0009230789	0.0004680678	0.0003048857	0.0002889212	0.0001227535	0.0001082902	9.381739e-05	8.080579e-05	6.630413e-05	5.229902e-05	4.101641e-05	1.423118e-05	5.619779e-06	5.023306e-06	4.316978e-06	1.881662e-06	7.421101e-07	6.398796e-07	5.148422e-07	4.519082e-07	3.60974e-07	3.385114e-07
43	0.1712998	0.05953571	0.05498028	0.05128809	0.04711696	0.04263171	0.03816012	0.008833487	0.003586237	0.0008973754	0.0004567209	0.000298236	0.0002827263	0.0001197262	0.0001056319	9.151849e-05	7.883859e-05	6.469935e-05	5.101019e-05	3.997706e-05	1.387471e-05	5.438417e-06	4.851325e-06	4.17058e-06	1.806403e-06	7.128581e-07	6.159679e-07	4.973069e-07	4.353097e-07	3.450911e-07
44	0.6818737	0.1709646	0.05942969	0.05487281	0.05117829	0.04700577	0.0426129	0.03814124	0.008832867	0.003585786	0.0008972567	0.0004566248	0.0002981512	0.000282644	0.0001197046	0.0001056111	9.149873e-05	7.881937e-05	6.468104e-05	5.099276e-05	3.996326e-05	1.386746e-05	5.434099e-06	4.847136e-06	4.167008e-06	1.804065e-06	7.116305e-07	6.149719e-07	4.965855e-07	4.346286e-07
45	0.571782	0.5474684	0.1408444	0.04774197	0.04457352	0.04209382	0.03923038	0.03619712	0.03315586	0.006293476	0.002583005	0.0006546779	0.0003528778	0.0002377673	0.0002263742	9.012214e-05	7.961856e-05	6.898257e-05	5.951292e-05	4.896331e-05	3.869722e-05	3.013386e-05	1.069632e-05	4.039758e-06	3.55849e-06	3.059069e-06	1.318734e-06	5.416417e-07	4.739878e-07	3.907664e-07
46	0.9946449	0.5672982	0.5434239	0.1403272	0.04749116	0.04432294	0.04184284	0.03898247	0.03613225	0.0330945	0.006284267	0.00257749	0.0006531623	0.0003517515	0.0002368404	0.0002254797	8.983637e-05	7.934995e-05	6.873258e-05	5.927701e-05	4.874596e-05	3.849886e-05	2.997859e-05	1.061827e-05	3.997298e-06	3.518042e-06	3.024603e-06	1.296923e-06	5.303043e-07	4.647786e-07
47	0.02920317	0.028491	0.01601954	0.0151449	0.004344876	0.0021798	0.001869804	0.001773918	0.001494259	0.001388236	0.001138863	0.0003421905	0.0001956127	3.952025e-05	2.01663e-05	1.377982e-05	1.154604e-05	6.808434e-06	6.049833e-06	4.844469e-06	4.149719e-06	3.380552e-06	2.802957e-06	1.991471e-06	8.170047e-07	2.079639e-07	1.715055e-07	1.472033e-07	6.278157e-08	3.235999e-08
48	0.01351807	0.007508674	0.007341189	0.006677341	0.006322574	0.001457137	0.0008088409	0.0007889856	0.0007748913	0.0007584692	0.0007435264	0.0006926867	7.299253e-05	4.062692e-05	1.766462e-05	6.672278e-06	5.095662e-06	3.820322e-06	1.755616e-06	1.564756e-06	1.379521e-06	1.202083e-06	1.00631e-06	8.50086e-07	5.527543e-07	2.173819e-07	6.098012e-08	5.154407e-08	4.501014e-08	1.958071e-08
49	0.5663197	0.01217814	0.006911031	0.006773554	0.006195627	0.005901614	0.001315987	0.0007720336	0.00075641	0.0007459348	0.0007334409	0.0007225167	0.0006758079	6.510631e-05	3.704701e-05	1.628418e-05	6.08367e-06	4.71903e-06	3.468604e-06	1.545397e-06	1.37943e-06	1.218143e-06	1.06411e-06	8.940256e-07	7.588753e-07	4.85489e-07	1.899216e-07	5.367219e-08	4.547677e-08	3.976192e-08
50	0.5378407	0.4774012	0.002515873	0.001481281	0.001422152	0.001231984	0.001146318	0.0004201314	0.0001416252	0.0001341786	0.000128314	0.0001213291	0.0001145711	7.239203e-05	2.752887e-05	1.837984e-05	7.353668e-06	2.762925e-06	2.53333e-06	1.419994e-06	3.318116e-07	3.09591e-07	2.863559e-07	2.685575e-07	2.474713e-07	2.305559e-07	1.001636e-07	3.007224e-08	1.596339e-08	1.516126e-08
51	0.754118	0.5132221	0.4681119	0.001231452	0.0005294371	0.0005202514	0.0004202764	0.0004109521	8.902233e-05	4.504886e-05	4.534592e-05	4.609866e-05	4.636529e-05	4.697435e-05	1.260028e-05	8.031518e-06	7.905514e-06	1.400088e-06	1.346964e-06	1.369156e-06	2.587309e-07	1.218137e-07	1.231638e-07	1.228109e-07	1.253776e-07	1.272325e-07	1.305218e-07	1.685118e-08	6.607904e-09	4.887637e-09
52	0.3239635	0.3062821	0.2935802	0.246408	0.0007525677	0.0001931415	0.000177762	0.0001343844	0.0001201306	2.309743e-05	5.271894e-06	4.936199e-06	4.76755e-06	4.370527e-06	3.990802e-06	3.564867e-06	1.000245e-06	7.751487e-07	2.450796e-07	1.741772e-07	1.629692e-07	1.594971e-07	2.476171e-08	2.345736e-08	2.195032e-08	2.108564e-08	1.960237e-08	1.889269e-08	1.570514e-08	5.967373e-09
53	0.543552	0.3153698	0.3033001	0.2918557	0.2447662	0.0007303046	0.0001767798	0.000162183	0.0001201868	0.0001065863	1.754754e-05	3.440519e-06	3.214178e-06	3.13583e-06	2.841143e-06	2.556663e-06	2.235033e-06	7.15292e-07	6.224606e-07	1.598457e-07	1.326235e-07	1.261132e-07	1.223192e-07	1.835052e-08	1.762221e-08	1.666243e-08	1.622115e-08	1.520929e-08	1.472676e-08	1.17768e-08
54	0.3113364	0.2862297	0.2618867	0.2529958	0.2488876	0.2432057	0.0006772458	0.0001543742	0.0001395382	0.0001164352	0.0001029007	1.617821e-05	2.817559e-06	2.628694e-06	2.572868e-06	2.338475e-06	2.074022e-06	1.863213e-06	5.881162e-07	5.253269e-07	1.462782e-07	1.226639e-07	1.181239e-07	1.158116e-07	1.598872e-08	1.5568e-08	1.492681e-08	1.47182e-08	1.406736e-08	1.388652e-08
55	0.8047138	0.310553	0.2854377	0.2618655	0.2529784	0.2488755	0.2431954	0.0006684213	0.0001456019	0.0001305939	0.000107309	9.357881e-05	1.617023e-05	2.814909e-06	2.626275e-06	2.570617e-06	2.336452e-06	2.072175e-06	1.861551e-06	5.876713e-07	5.250622e-07	1.461887e-07	1.225925e-07	1.180659e-07	1.157554e-07	1.597126e-08	1.555218e-08	1.491265e-08	1.47055e-08	1.405636e-08
56	0.5093386	0.3129177	0.05473127	0.03720451	0.02416251	0.01640207	0.01123491	0.002496907	0.0004288963	0.0001331598	0.0001199848	9.829859e-05	8.540459e-05	1.24171e-05	1.915193e-06	1.765592e-06	1.711241e-06	1.531276e-06	1.265796e-06	1.098652e-06	4.128245e-07	3.663299e-07	7.955441e-08	6.983472e-08	6.4806e-08	6.119356e-08	1.261717e-08	1.222325e-08	1.166324e-08	1.144488e-08
57	0.2091433	0.1387658	0.1296291	0.03851643	0.02778399	0.01711758	0.009470977	0.004667773	0.002279078	0.0003512554	0.0001314399	0.0001183909	9.720575e-05	8.444035e-05	1.208244e-05	1.731982e-06	1.583476e-06	1.526192e-06	1.345298e-06	1.090793e-06	9.714714e-07	3.035493e-07	2.55307e-07	7.536972e-08	6.577113e-08	6.072058e-08	6.022978e-08	1.204662e-08	1.167228e-08	1.113237e-08
58	0.7442893	0.08943876	0.08426204	0.08116871	0.01317364	0.009945421	0.006109579	0.003404078	0.001701643	0.0008228624	0.0001214363	7.443122e-05	6.159216e-05	4.0536e-05	2.716127e-05	3.51529e-06	9.788141e-07	9.10816e-07	8.700789e-07	7.97949e-07	5.50792e-07	5.038192e-07	1.339969e-07	1.038963e-07	3.41592e-08	2.949581e-08	2.628112e-08	2.566848e-08	6.662182e-09	6.502775e-09
59	0.5224317	0.5119652	0.08751822	0.08245096	0.07937152	0.01298742	0.00979532	0.00599261	0.003307828	0.001620378	0.0007591286	0.0001077045	6.156482e-05	4.902693e-05	3.524395e-05	2.179711e-05	3.026678e-06	9.295907e-07	8.689482e-07	8.356952e-07	7.715423e-07	5.251703e-07	4.806432e-07	1.263617e-07	9.712214e-08	3.057086e-08	2.602604e-08	2.316938e-08	2.258039e-08	6.322007e-09
60	0.5284105	0.5004272	0.4906535	0.0843363	0.07941447	0.07644503	0.01254071	0.009396054	0.005859615	0.003202119	0.001531104	0.0007040264	9.485469e-05	4.935071e-05	3.661806e-05	2.268526e-05	1.24037e-05	2.113643e-06	7.976858e-07	7.534985e-07	7.310813e-07	6.825766e-07	4.408227e-07	4.05009e-07	1.04637e-07	8.198477e-08	2.245255e-08	1.850405e-08	1.656138e-08	1.612704e-08
61	0.5732273	0.5238814	0.4980916	0.4884181	0.08366004	0.07873873	0.0757598	0.01250443	0.009367652	0.005847264	0.003191706	0.001521963	0.0006954639	9.208879e-05	4.6595e-05	3.380776e-05	2.000005e-05	9.660394e-06	1.850686e-06	7.542783e-07	7.148995e-07	6.954669e-07	6.513025e-07	4.111281e-07	3.780959e-07	9.603014e-08	7.56393e-08	2.002372e-08	1.627125e-08	1.460642e-08
62	0.4711775	0.2783924	0.2699748	0.2707414	0.274476	0.0550121	0.05572937	0.05584948	0.000879363	0.0007008514	0.0002357738	0.0001572507	0.0001051764	6.83927e-05	2.305506e-05	1.36959e-05	1.115828e-05	8.162583e-06	5.729589e-06	1.029041e-06	4.933825e-07	4.864245e-07	4.843532e-07	4.787968e-07	2.471292e-07	2.414183e-07	2.902507e-08	2.053849e-08	8.796951e-09	7.187794e-09
63	0.4252491	0.07560793	0.07468317	0.07325932	0.0731834	0.07386599	0.05243892	0.05319657	0.05329998	0.0007109745	0.000555627	0.0001783607	0.0001111384	6.616472e-05	3.263142e-05	5.454062e-06	2.120122e-06	1.844249e-06	1.582427e-06	8.667836e-07	4.510334e-07	3.778319e-07	3.826088e-07	3.886117e-07	3.939441e-07	1.6624e-07	1.66972e-07	7.462538e-09	4.897404e-09	2.107144e-09
64	0.4180936	0.2439079	0.01686115	0.01535612	0.0138029	0.01315858	0.0130955	0.001713343	0.001662901	0.0008852317	0.0005169785	0.0004084506	8.914098e-05	6.272518e-05	4.336027e-05	2.233171e-05	4.347134e-06	1.592288e-06	1.466925e-06	1.364514e-06	7.629527e-07	4.303151e-07	3.713401e-07	3.767704e-07	3.831356e-07	3.89179e-07	1.616259e-07	1.628334e-07	5.478377e-09	3.148325e-09
65	0.102563	0.08701104	0.0838561	0.01403326	0.01362449	0.01254643	0.01204074	0.0120229	0.0008475962	0.000786434	0.0007640704	0.0004207364	0.0003934978	8.606868e-05	6.038014e-05	4.16101e-05	2.081971e-05	3.556424e-06	7.996821e-07	6.615816e-07	5.519499e-07	4.866846e-07	2.125241e-07	1.557483e-07	1.561455e-07	1.573652e-07	1.581114e-07	1.600856e-07	1.616866e-07	5.127454e-09
66	0.6033239	0.08578827	0.08148686	0.07920145	0.009606748	0.009318979	0.008946334	0.008906577	0.009030476	0.0003747584	0.0003715549	0.0003765527	0.0002406307	0.0002435736	2.661993e-05	2.630471e-05	2.342587e-05	1.03627e-05	6.215351e-07	2.795909e-07	2.79268e-07	2.744448e-07	2.765049e-07	1.71105e-07	1.482209e-07	1.492058e-07	1.506827e-07	1.5211e-07	1.54207e-07	1.562472e-07
67	0.4222865	0.2333224	0.005609837	0.002297687	0.0009775851	0.0008377876	0.0007514103	0.0004711203	0.0003917261	0.0003762606	0.0001455631	0.0001391596	0.0001402028	2.768857e-05	2.692674e-05	2.535208e-05	2.519475e-05	2.241448e-05	9.396024e-06	3.180492e-07	1.32307e-07	1.301763e-07	1.240614e-07	1.234278e-07	3.554546e-08	1.507838e-08	1.314712e-08	1.147139e-08	9.58988e-09	8.006387e-09
68	0.03544751	0.003653394	0.002029859	0.0001606793	0.0001329298	0.0001276043	0.0001184804	7.001216e-05	4.403196e-05	3.380427e-05	2.398295e-05	1.464229e-05	1.381377e-05	1.295627e-05	1.598916e-06	1.096865e-06	7.011233e-07	4.121629e-07	2.402313e-07	1.489203e-07	2.635425e-08	1.278108e-08	1.108892e-08	8.946335e-09	7.702909e-09	1.91153e-09	7.736624e-10	6.735488e-10	5.941092e-10	4.7273e-10
69	0.1050452	0.0004345743	0.0003078855	0.0002418593	3.860126e-05	3.485413e-05	3.343875e-05	3.053116e-05	2.451128e-05	1.771329e-05	1.535625e-05	1.454246e-05	1.008086e-05	1.014611e-05	9.551263e-06	2.828371e-07	2.223171e-07	1.192201e-07	8.247261e-08	5.771571e-08	4.294777e-08	1.230574e-08	3.628533e-09	3.382829e-09	3.043884e-09	2.89321e-09	8.891253e-10	3.473779e-10	3.052872e-10	2.693472e-10
70	0.4269419	0.02285767	0.0002378886	0.0001906383	0.0001360278	2.61397e-05	2.368476e-05	2.286624e-05	2.021819e-05	1.478083e-05	8.668633e-06	6.563887e-06	5.686812e-06	2.016679e-06	1.963445e-06	1.232967e-06	2.275695e-07	1.78405e-07	9.634692e-08	6.911441e-08	5.032895e-08	3.847786e-08	1.158072e-08	3.312014e-09	3.125004e-09	2.844755e-09	2.730383e-09	8.564859e-10	3.373258e-10	2.963305e-10
71	0.3991002	0.2489413	0.02013736	0.0001730211	0.0001365429	0.0001090153	1.939319e-05	1.785967e-05	1.722004e-05	1.520229e-05	1.141984e-05	6.731969e-06	5.056103e-06	4.7802e-06	1.212526e-06	1.148202e-06	1.12971e-06	2.073571e-07	1.707466e-07	9.028735e-08	6.301473e-08	4.420299e-08	3.520953e-08	1.13508e-08	3.095182e-09	2.906665e-09	2.632215e-09	2.516491e-09	7.949305e-10	3.075077e-10
72	0.5777692	0.2167933	0.1884681	0.003677677	0.0001128515	0.0001028648	7.693966e-05	1.227851e-05	1.105287e-05	1.053054e-05	8.729493e-06	6.577767e-06	3.751977e-06	2.831847e-06	2.623943e-06	8.988678e-07	8.45573e-07	8.27454e-07	1.597101e-07	1.295909e-07	6.522905e-08	4.167e-08	2.509767e-08	1.711267e-08	3.292746e-09	2.565986e-09	2.416614e-09	2.18046e-09	2.077442e-09	6.381866e-10
73	0.4278772	0.4256014	0.1996172	0.1845787	0.002896234	5.404699e-05	4.843804e-05	4.639836e-05	9.745586e-06	9.170143e-06	8.987608e-06	7.636411e-06	5.631561e-06	3.278985e-06	2.492219e-06	2.302703e-06	7.59837e-07	7.081336e-07	6.88677e-07	1.477731e-07	1.193848e-07	5.795918e-08	3.514566e-08	1.907582e-08	1.182603e-08	2.765396e-09	2.120977e-09	1.963525e-09	1.723655e-09	1.611306e-09
74	0.939155	0.4273147	0.4250437	0.1995039	0.1844871	0.002895922	5.388077e-05	4.82734e-05	4.623607e-05	9.660154e-06	9.086557e-06	8.904125e-06	7.553427e-06	5.548581e-06	3.273966e-06	2.489558e-06	2.300184e-06	7.58783e-07	7.070788e-07	6.876076e-07	1.47726e-07	1.193503e-07	5.79394e-08	3.512899e-08	1.906115e-08	1.18123e-08	2.761198e-09	2.116793e-09	1.959258e-09	1.7196e-09
75	0.9113956	0.8511012	0.3826119	0.3804268	0.199065	0.1842926	0.002895205	5.353374e-05	4.793452e-05	4.591014e-05	9.540945e-06	8.991452e-06	8.809797e-06	7.461822e-06	5.463447e-06	3.240186e-06	2.47559e-06	2.28699e-06	7.533159e-07	7.016089e-07	6.820611e-07	1.474843e-07	1.191729e-07	5.783312e-08	3.503851e-08	1.898076e-08	1.173666e-08	2.739156e-09	2.094824e-09	1.936856e-09
76	0.7018235	0.662732	0.6447432	0.2785971	0.2767614	0.148442	0.137131	0.0008726491	3.394466e-05	3.152375e-05	3.017852e-05	7.665928e-06	7.253366e-06	7.085272e-06	5.791955e-06	4.120301e-06	2.464405e-06	1.896307e-06	1.76878e-06	5.895643e-07	5.560476e-07	5.458009e-07	1.053628e-07	8.744377e-08	3.816684e-08	2.390346e-08	1.320864e-08	8.581715e-09	2.29037e-09	1.706823e-09
77	0.4933363	0.4147473	0.4138565	0.4038501	0.1232389	0.1221987	0.03631936	0.02802503	0.0007617636	2.970713e-05	2.751663e-05	2.695936e-05	5.524219e-06	5.132801e-06	4.976329e-06	3.731678e-06	2.741021e-06	1.621446e-06	1.265731e-06	1.215052e-06	4.178566e-07	4.10017e-07	4.125138e-07	5.271604e-08	4.78656e-08	1.240408e-08	9.396177e-09	5.767283e-09	4.591366e-09	1.651344e-09
78	0.6259937	0.3941312	0.3340479	0.3332138	0.3259057	0.087892	0.08695363	0.01259916	0.005450719	0.0007268407	2.860344e-05	2.644873e-05	2.610849e-05	4.845758e-06	4.45956e-06	4.306794e-06	3.076671e-06	2.21858e-06	1.270586e-06	9.561333e-07	9.226423e-07	3.54869e-07	3.545343e-07	3.601391e-07	3.81549e-08	3.683523e-08	5.271103e-09	5.270728e-09	3.527135e-09	3.267002e-09
79	0.788232	0.5625971	0.3647796	0.3050829	0.3042776	0.2978941	0.08356408	0.08264005	0.009941217	0.002936498	0.000724159	2.844003e-05	2.62871e-05	2.595243e-05	4.703085e-06	4.317437e-06	4.165606e-06	2.939889e-06	2.118307e-06	1.22351e-06	9.32742e-07	9.00301e-07	3.420496e-07	3.416323e-07	3.470367e-07	3.73147e-08	3.605927e-08	5.135824e-09	5.159124e-09	3.430447e-09
80	0.9945243	0.7828564	0.5616641	0.3642772	0.3046024	0.3037978	0.2974198	0.08314328	0.08221949	0.00993552	0.002934217	0.0007235651	2.785438e-05	2.570148e-05	2.536693e-05	4.655458e-06	4.269839e-06	4.118018e-06	2.892405e-06	2.070608e-06	1.222145e-06	9.324712e-07	9.000601e-07	3.419717e-07	3.415548e-07	3.469578e-07	3.731049e-08	3.605533e-08	5.132863e-09	5.156144e-09
81	0.383058	0.379008	0.2991776	0.2409106	0.09389373	0.08244282	0.08231689	0.07688634	0.04256562	0.04178731	0.006139014	0.001302208	0.0003462903	5.343045e-06	3.270906e-06	3.15326e-06	2.080168e-06	1.718238e-06	1.595482e-06	1.502952e-06	9.829226e-07	4.699325e-07	3.160245e-07	2.945923e-07	1.28596e-07	1.25592e-07	1.271179e-07	5.311031e-09	4.880022e-09	3.459927e-09
82	0.08561731	0.08012305	0.07838641	0.069602	0.03950913	0.03831007	0.03703028	0.03699573	0.03628317	0.02099652	0.02035454	0.002597946	0.0008203385	0.0003471164	2.887657e-06	2.024228e-06	1.984891e-06	9.633436e-07	9.461431e-07	9.400491e-07	9.128335e-07	5.183336e-07	2.258956e-07	1.329395e-07	1.170374e-07	3.445458e-08	3.404064e-08	3.387407e-08	1.659688e-09	1.481574e-09
83	0.133172	0.0494573	0.04813862	0.04646473	0.038253	0.009135935	0.0089387	0.008724788	0.008710135	0.008066765	0.004011277	0.004004912	0.0008079582	0.0004984431	0.0003506482	2.033487e-06	1.172323e-06	1.161135e-06	1.449645e-07	1.294817e-07	1.284371e-07	1.230224e-07	1.06159e-07	4.696214e-08	3.090568e-08	2.953579e-08	1.089649e-08	1.093594e-08	1.032848e-08	7.253337e-10
84	0.5146379	0.06386172	0.04589525	0.04483215	0.04391304	0.0360807	0.006768839	0.006604285	0.00644528	0.006431973	0.005778523	0.002800781	0.002795898	0.0003849455	0.0001329481	2.439385e-06	2.028665e-06	1.153081e-06	1.142863e-06	1.107217e-07	9.509162e-08	9.417695e-08	8.980678e-08	8.092948e-08	3.491598e-08	2.250362e-08	2.130327e-08	8.940595e-09	8.982727e-09	8.325294e-09
85	0.3184529	0.1891732	0.04867273	0.04165355	0.04161408	0.04160424	0.03382085	0.004075235	0.003961332	0.003871486	0.003867986	0.003820374	0.001719891	0.001716588	0.0002191852	0.0001120098	1.441666e-06	1.127853e-06	1.125778e-06	1.121446e-06	7.342006e-08	5.767063e-08	5.692693e-08	5.428487e-08	4.795265e-08	2.199653e-08	1.479477e-08	1.40598e-08	6.062197e-09	6.082708e-09
86	0.5587346	0.2312861	0.1515941	0.04418748	0.04018794	0.04015946	0.04015327	0.03224802	0.002006088	0.001904498	0.001865869	0.001864176	0.001844734	0.0007753023	0.0007736122	7.036722e-05	1.967568e-05	1.332113e-06	1.109485e-06	1.107846e-06	1.105025e-06	4.117415e-08	2.530594e-08	2.473621e-08	2.362298e-08	2.129832e-08	1.013555e-08	7.079829e-09	6.739533e-09	3.360619e-09
87	0.4183211	0.3235754	0.1701964	0.0921181	0.04009192	0.03968014	0.03965597	0.03965516	0.03167243	0.0009247878	0.0008620349	0.0008490622	0.0008482868	0.0008399777	0.0003288393	0.0003279504	3.057154e-05	8.80148e-06	7.086496e-08	2.933888e-08	2.790512e-08	2.595689e-08	2.453206e-08	8.459884e-09	7.980396e-09	7.641843e-09	7.515781e-09	4.14929e-09	3.255023e-09	3.125767e-09
88	0.1620762	0.151101	0.1479408	0.1202758	0.04485088	0.0002464322	0.0001380047	0.0001314417	0.0001313355	0.000109931	7.62867e-05	4.160933e-05	4.075312e-05	4.07075e-05	4.067859e-05	1.673371e-05	1.661967e-05	5.205745e-06	4.187996e-06	2.738216e-08	4.118185e-09	3.310372e-09	2.049186e-09	1.395239e-09	1.293387e-09	1.155653e-09	1.129884e-09	1.036988e-09	7.808352e-10	6.267625e-10
89	0.5613788	0.1560941	0.1484303	0.1459428	0.1217917	0.0453116	0.0001608273	5.652406e-05	5.020458e-05	5.011302e-05	4.093543e-05	1.744086e-05	1.717353e-05	1.668943e-05	1.666523e-05	1.665336e-05	9.01906e-06	8.970971e-06	4.523533e-06	4.085994e-06	2.625912e-08	3.163513e-09	2.956308e-09	1.687642e-09	1.038167e-09	1.015444e-09	1.003621e-09	9.854954e-10	8.996687e-10	7.083466e-10
90	0.3093889	0.2613616	0.05535416	0.04819807	0.04727959	0.04606094	0.04604326	0.0001478162	4.433823e-05	4.429835e-05	4.42149e-05	3.504826e-05	1.126086e-05	1.107194e-05	1.085468e-05	1.085059e-05	1.084771e-05	5.149456e-06	5.114185e-06	4.246787e-06	4.087808e-06	2.624299e-08	3.019608e-09	2.847284e-09	1.571854e-09	9.212254e-10	8.993388e-10	8.890246e-10	8.76039e-10	7.938753e-10
91	0.5932082	0.2882815	0.2481118	0.0533406	0.04610737	0.04523225	0.04462868	0.04461785	5.531022e-05	4.437705e-05	4.433855e-05	4.425412e-05	3.49204e-05	1.07034e-05	1.052593e-05	1.037608e-05	1.037301e-05	1.037056e-05	4.948108e-06	4.913358e-06	4.297526e-06	4.156518e-06	2.645478e-08	3.012239e-09	2.838089e-09	1.548573e-09	8.873604e-10	8.652786e-10	8.549667e-10	8.436134e-10
92	0.5568512	0.2797349	0.1550878	0.1303037	0.008021218	0.001031819	0.0006770026	0.0001560321	0.0001472601	4.996301e-05	4.179613e-05	4.175957e-05	4.167472e-05	3.222275e-05	7.565269e-06	7.423609e-06	7.303755e-06	7.301476e-06	7.299595e-06	4.708893e-06	4.692529e-06	4.24637e-06	4.113799e-06	1.028332e-08	9.547199e-10	9.167046e-10	7.386353e-10	1.588634e-10	1.486433e-10	1.469211e-10
93	0.3255466	0.203727	0.08738029	0.02603344	0.02416203	0.007379656	0.0003076014	0.0001023084	8.592856e-05	8.478856e-05	4.010291e-05	3.834048e-05	3.831538e-05	3.827642e-05	2.86902e-05	3.588986e-06	3.472195e-06	3.388729e-06	3.387637e-06	3.387148e-06	2.198945e-06	2.185887e-06	1.949935e-06	1.827941e-06	3.986649e-09	1.824319e-10	1.668295e-10	9.552465e-11	8.327827e-11	7.410843e-11
94	0.2118759	0.1981646	0.1732066	0.05599753	0.009772543	0.009661072	0.006718067	8.907816e-05	9.123432e-06	6.44784e-06	5.820189e-06	6.138302e-07	4.767998e-07	4.756895e-07	4.730521e-07	4.261904e-07	3.663233e-07	3.352121e-07	2.928679e-07	2.927854e-07	2.926857e-07	1.953433e-07	1.871097e-07	1.318739e-07	4.456886e-08	1.113363e-10	1.403038e-11	1.34923e-11	1.166048e-11	1.120418e-11
95	0.2259247	0.1889384	0.1888138	0.1670215	0.04741659	0.001552896	0.001498358	7.763843e-05	7.198781e-05	5.027543e-06	3.420494e-06	2.90999e-06	1.410909e-07	1.096571e-07	1.093577e-07	1.092507e-07	1.084259e-07	1.07031e-07	1.062114e-07	1.033021e-07	1.03274e-07	1.031931e-07	4.15046e-08	4.12196e-08	5.201621e-09	1.341614e-09	1.140139e-11	5.471144e-12	5.442464e-12	5.334685e-12
96	0.2479379	0.05511977	0.04637213	0.04633169	0.04631364	0.04626075	0.0002052843	0.0001740522	5.107653e-06	4.50643e-06	3.110009e-06	2.112437e-06	2.10566e-06	9.179757e-08	7.446444e-08	7.436267e-08	7.430052e-08	7.401378e-08	7.341412e-08	7.30778e-08	7.141066e-08	7.139585e-08	7.132419e-08	2.223597e-08	2.207137e-08	3.052922e-09	7.479736e-10	3.181759e-12	8.868039e-13	8.753325e-13
97	0.7644675	0.2370245	0.05173857	0.04380921	0.04377236	0.0437568	0.0437031	0.0001310486	0.000104096	3.928475e-06	3.562968e-06	2.395527e-06	2.085681e-06	2.079514e-06	9.002181e-08	7.332017e-08	7.322191e-08	7.316079e-08	7.28889e-08	7.231447e-08	7.198648e-08	7.034649e-08	7.033272e-08	7.026016e-08	2.151181e-08	2.13481e-08	3.006479e-09	7.360839e-10	2.786559e-12	6.412261e-13
98	0.3393798	0.2908334	0.1900699	0.005643491	0.0002696235	0.000247606	0.0002390171	0.0001850852	4.539016e-05	2.631427e-05	2.284565e-06	2.188904e-06	1.685243e-06	1.511732e-06	1.508827e-06	2.504212e-08	1.74844e-08	1.74333e-08	1.741798e-08	1.725772e-08	1.684943e-08	1.657315e-08	1.567242e-08	1.565949e-08	1.558577e-08	1.034588e-08	1.03373e-08	7.147485e-10	8.283926e-11	8.212985e-13
99	0.1455259	0.08724858	0.08646801	0.005112465	0.004577294	0.0001421048	0.0001254737	0.0001185309	6.380841e-05	1.924454e-05	1.458128e-05	6.153006e-07	5.594045e-07	2.572928e-07	1.075097e-07	1.051473e-07	1.416569e-08	9.469241e-09	9.439115e-09	9.429211e-09	9.346333e-09	9.143555e-09	8.939355e-09	8.38297e-09	8.375974e-09	8.303303e-09	6.230706e-09	6.227228e-09	4.46776e-10	4.462016e-11
100	0.184332	0.06656111	0.01800157	0.01742795	0.001369792	0.001237595	0.0001097673	9.650523e-05	9.091486e-05	3.515104e-05	1.0416e-05	7.902243e-06	3.467504e-07	3.152851e-07	1.449995e-07	5.994296e-08	5.788623e-08	7.800623e-09	5.421218e-09	5.403661e-09	5.396998e-09	5.352465e-09	5.236982e-09	5.05961e-09	4.620682e-09	4.617449e-09	4.544791e-09	3.503781e-09	3.501868e-09	2.883592e-10
101	0.02350737	0.02151357	0.01581072	0.007052897	0.006905963	0.000501814	0.0004662284	9.968103e-06	8.718762e-06	8.315838e-06	6.830329e-06	1.481356e-06	1.135087e-06	1.123153e-07	1.062806e-07	8.000172e-08	1.01758e-08	9.25051e-09	1.106255e-09	7.576197e-10	7.551104e-10	7.534097e-10	7.44514e-10	7.219715e-10	7.137141e-10	6.798135e-10	6.785892e-10	6.050875e-10	4.858187e-10	4.855793e-10
102	0.9158526	0.02149949	0.01987032	0.01485576	0.006168858	0.006027636	0.0001179171	9.19819e-05	8.21959e-06	7.10544e-06	6.744772e-06	5.23439e-06	9.620954e-07	8.394197e-07	1.049665e-07	9.998124e-08	7.940544e-08	8.398635e-09	7.467158e-09	8.800423e-10	6.13528e-10	6.115155e-10	6.099594e-10	6.022192e-10	5.815249e-10	5.737543e-10	5.411223e-10	5.399545e-10	4.646542e-10	3.66896e-10
103	0.2329018	0.1940591	0.007243195	0.006977341	0.002874103	0.001897343	0.00177798	7.634269e-05	5.769375e-05	5.673454e-06	5.349085e-06	5.160992e-06	3.952642e-06	7.813435e-07	6.850819e-07	9.8187e-08	9.397827e-08	7.84171e-08	6.495609e-09	5.561037e-09	6.053252e-10	4.009512e-10	3.994732e-10	3.989258e-10	3.938496e-10	3.81164e-10	3.762506e-10	3.568974e-10	3.56628e-10	3.565059e-10
104	0.1822573	0.1170021	0.09921205	0.005622937	0.00543512	0.001867596	0.001300096	0.001181575	5.294718e-05	3.925231e-05	4.216787e-06	3.990249e-06	3.843061e-06	2.609012e-06	4.359383e-07	3.789424e-07	9.222603e-08	8.867313e-08	7.75628e-08	4.765432e-09	3.825319e-09	3.960625e-10	2.616181e-10	2.606062e-10	2.602008e-10	2.572089e-10	2.504592e-10	2.478044e-10	2.389187e-10	2.387937e-10
105	0.3185503	0.1037257	0.08477426	0.0708841	0.004397599	0.004292574	0.001017849	0.0007525019	0.0007013546	3.118375e-05	2.178255e-05	1.859443e-06	1.731382e-06	1.677682e-06	1.528067e-06	2.434046e-07	2.106304e-07	8.505473e-08	8.273925e-08	7.721055e-08	3.255072e-09	2.315787e-09	2.378932e-10	1.587034e-10	1.581485e-10	1.5789e-10	1.561849e-10	1.523998e-10	1.510053e-10	1.45941e-10
106	0.7490733	0.1353262	0.09844578	0.08061056	0.06712108	0.004274809	0.00417657	0.0008729873	0.0006506406	0.0005986749	2.675977e-05	1.825826e-05	1.565037e-06	1.456994e-06	1.410942e-06	1.258439e-06	1.711012e-07	1.457149e-07	8.557028e-08	8.335844e-08	7.877707e-08	2.960623e-09	1.999453e-09	2.052343e-10	1.377974e-10	1.373215e-10	1.370907e-10	1.356298e-10	1.32357e-10	1.311321e-10
107	0.9993882	0.7482728	0.1342006	0.09651085	0.0784625	0.06515298	0.004227581	0.004132879	0.0007794574	0.0005825768	0.0005295549	2.372926e-05	1.577112e-05	1.406491e-06	1.313336e-06	1.272392e-06	1.116471e-06	1.568503e-07	1.353026e-07	8.668825e-08	8.448252e-08	8.058938e-08	2.756344e-09	1.770728e-09	1.801786e-10	1.217877e-10	1.213728e-10	1.211628e-10	1.198879e-10	1.170071e-10
108	0.9222658	0.9218611	0.684993	0.1304058	0.09265713	0.07557909	0.06247717	0.004161223	0.004070584	0.0006770587	0.0005091353	0.0004549988	2.046436e-05	1.3118e-05	1.232384e-06	1.155036e-06	1.119514e-06	9.59973e-07	1.390594e-07	1.228251e-07	8.776198e-08	8.556286e-08	8.239588e-08	2.535824e-09	1.524354e-09	1.532872e-10	1.045451e-10	1.04195e-10	1.040073e-10	1.029306e-10
109	0.7064331	0.6292759	0.628887	0.5847647	0.03330605	0.0310866	0.02928009	0.01627418	0.0008961556	0.0008651007	0.0006144956	0.0004755026	0.0004201578	1.413234e-05	1.039933e-05	1.07095e-06	1.010149e-06	9.788016e-07	8.153695e-07	4.278722e-08	2.969418e-08	7.333751e-09	5.14027e-09	2.731697e-09	2.381278e-09	1.340935e-09	1.261424e-10	8.728664e-11	8.700365e-11	8.683866e-11
110	0.5605271	0.5604704	0.4923487	0.4922925	0.4604053	0.01564394	0.01474816	0.0132219	0.01073677	0.0006329645	0.0006156497	0.0005025784	0.0003987509	0.0003945738	1.09783e-05	7.416858e-06	8.410384e-07	7.99381e-07	7.80671e-07	7.761135e-07	3.327342e-08	2.043236e-08	3.150787e-09	3.055692e-09	1.464477e-09	1.163665e-09	1.148751e-09	9.54769e-11	6.796023e-11	6.776662e-11
111	0.6519769	0.5332074	0.5331856	0.4652122	0.4651787	0.4417764	0.008268971	0.007722537	0.006747595	0.005478833	0.0001864826	0.0001763755	0.0001150742	6.093894e-05	5.720513e-05	4.164927e-06	3.794086e-06	1.27553e-07	1.037544e-07	9.845464e-08	9.424453e-08	1.572343e-08	1.354964e-08	1.574332e-09	1.511778e-09	6.060479e-10	3.667849e-10	3.622782e-10	5.233779e-11	3.730455e-11
112	0.6071583	0.6005063	0.4933192	0.4933074	0.4248293	0.4248009	0.4077067	0.003734994	0.003408005	0.002891576	0.002010689	6.769255e-05	6.458713e-05	4.634859e-05	2.403605e-05	2.051943e-05	1.384857e-06	1.243772e-06	5.157404e-08	4.390712e-08	4.188298e-08	3.77565e-08	9.540053e-09	7.978677e-09	5.06981e-10	4.712196e-10	1.779843e-10	1.489814e-10	1.457826e-10	1.987544e-11
113	0.5177848	0.5168942	0.5167066	0.4099706	0.4099704	0.4098784	0.4098783	0.409565	0.001000742	0.0008195883	0.0004417933	0.0004192178	5.310033e-06	5.040633e-06	3.923987e-06	1.758284e-06	1.739013e-06	5.948144e-08	4.151072e-08	3.559489e-09	3.365618e-09	3.186661e-09	3.156521e-09	9.278925e-10	6.858573e-10	1.921014e-11	1.674411e-11	1.092663e-11	9.475265e-12	9.424299e-12
114	0.9253536	0.5088846	0.5080981	0.5079391	0.4242337	0.4242335	0.4241532	0.4241531	0.4238789	0.001013823	0.0008283704	0.0004394706	0.0004198701	4.701981e-06	4.444241e-06	3.443425e-06	1.510949e-06	1.493359e-06	5.155198e-08	3.548977e-08	2.994036e-09	2.83348e-09	2.669945e-09	2.642384e-09	7.842776e-10	6.069691e-10	1.547775e-11	1.331941e-11	8.842385e-12	7.708261e-12
115	0.8885433	0.8348103	0.4403861	0.4396656	0.4395211	0.439229	0.4392289	0.4391557	0.4391556	0.438908	0.001033525	0.0008439359	0.0004424474	0.0004244399	3.98994e-06	3.74169e-06	2.903555e-06	1.215407e-06	1.200474e-06	3.473967e-08	2.260164e-08	1.520357e-09	1.413186e-09	1.286937e-09	1.27479e-09	1.327827e-10	9.238626e-11	9.931071e-12	9.550304e-12	7.274107e-12
116	0.9979758	0.8834864	0.8297587	0.457094	0.4564366	0.4562969	0.4560187	0.4560186	0.4559521	0.4559521	0.455727	0.001063485	0.000867643	0.0004525103	0.0004350597	3.686295e-06	3.436614e-06	2.619762e-06	1.097212e-06	1.083181e-06	3.261063e-08	2.187279e-08	1.36244e-09	1.259814e-09	1.150532e-09	1.140499e-09	1.130507e-10	7.860774e-11	9.013408e-12	8.735365e-12
117	0.9936879	0.9917542	0.8797498	0.8242252	0.4751366	0.4745474	0.4744127	0.4741493	0.4741492	0.47409	0.4740899	0.473889	0.001093201	0.0008905966	0.0004635407	0.0004466675	3.371796e-06	3.12029e-06	2.321771e-06	9.752804e-07	9.621811e-07	3.049922e-08	2.119664e-08	1.215705e-09	1.116566e-09	1.020161e-09	1.011389e-09	9.528488e-11	6.635872e-11	8.181215e-12
118	0.2474113	0.2472491	0.2462741	0.2303588	0.210078	0.001977795	0.001478475	0.001359942	0.001201156	0.001201029	0.001149795	0.001149743	0.000983661	0.000687117	0.0004778856	0.0004699322	0.0004537318	3.024886e-06	2.771452e-06	1.995711e-06	8.400953e-07	8.28119e-07	2.800311e-08	2.041425e-08	1.057483e-09	9.620584e-10	8.79499e-10	8.720471e-10	7.613917e-11	5.312647e-11
119	0.1987269	0.1979128	0.1978256	0.1972196	0.1828266	0.176689	0.001521731	0.001128477	0.00104985	0.0009124683	0.0009123739	0.0008714068	0.0008713617	0.0007354109	0.0004847805	0.0004804962	0.0004735075	0.0004671723	2.639408e-06	2.386551e-06	1.637265e-06	6.938846e-07	6.876728e-07	2.556755e-08	1.963937e-08	8.873117e-10	7.961512e-10	7.300456e-10	7.257908e-10	5.637944e-11
120	0.2840711	0.1663419	0.1655147	0.1654237	0.1647977	0.1509245	0.1447573	0.001344217	0.001030562	0.0009591542	0.0008423402	0.0008422522	0.0008096625	0.0008096225	0.0007017834	0.0004956638	0.0004922766	0.0004877883	0.0004824724	2.287745e-06	2.031736e-06	1.299753e-06	5.575313e-07	5.525633e-07	2.338221e-08	1.904354e-08	7.35834e-10	6.479351e-10	5.961807e-10	5.932787e-10
121	0.1159666	0.1131298	0.09956631	0.09945611	0.09945345	0.09939402	0.0868626	0.08535236	0.0005948438	0.0003797151	0.0003484069	0.0002757824	0.0002757476	0.0002534755	0.0002534465	0.0001763327	2.841918e-05	2.601498e-05	2.281141e-05	1.860878e-05	1.891133e-06	1.631696e-06	9.190209e-07	3.964344e-07	3.928242e-07	8.802263e-09	6.169775e-09	5.699875e-10	4.856443e-10	4.492719e-10
122	0.05547555	0.05483169	0.05446211	0.04876295	0.04873563	0.04873539	0.04871906	0.04661902	0.046049	0.0003477007	0.0002350507	0.0002195592	0.0001711909	0.0001711658	0.0001590634	0.0001590399	0.0001153893	1.904523e-05	1.76886e-05	1.56171e-05	1.248453e-05	6.565012e-07	6.389177e-07	5.146438e-07	2.387692e-07	2.368966e-07	5.818466e-09	4.916053e-09	3.623259e-10	3.329087e-10
123	0.007876227	0.007288837	0.007178708	0.007137994	0.006375815	0.006372048	0.006372013	0.006369809	0.00618085	0.006109369	4.660667e-05	3.172926e-05	2.966882e-05	2.302391e-05	2.302044e-05	2.13693e-05	2.136568e-05	1.551576e-05	2.570613e-06	2.389338e-06	2.112624e-06	1.688814e-06	8.673374e-08	8.439519e-08	6.779285e-08	3.129596e-08	3.104436e-08	7.980153e-10	6.816848e-10	4.734535e-11
124	0.02198595	0.0008335834	0.0006209159	0.0005793413	0.0005655126	0.0004949698	0.0004946308	0.0004946243	0.0004944322	0.0004802451	0.0004742316	3.980358e-06	2.829589e-06	2.661322e-06	1.942995e-06	1.942634e-06	1.766116e-06	1.765347e-06	1.269639e-06	2.19524e-07	2.04925e-07	1.832181e-07	1.452308e-07	6.951672e-09	6.739829e-09	5.300123e-09	2.475809e-09	2.455352e-09	7.96845e-11	6.876585e-11
125	0.9999965	0.02177065	0.0006795728	0.0004653353	0.0004232634	0.0004100254	0.0003552072	0.0003548993	0.0003548932	0.0003547477	0.000344551	0.0003400147	2.98816e-06	2.164458e-06	2.040497e-06	1.450739e-06	1.450446e-06	1.305959e-06	1.305227e-06	9.344159e-07	1.647936e-07	1.541243e-07	1.384791e-07	1.093598e-07	5.067561e-09	4.904442e-09	3.816152e-09	1.794141e-09	1.779043e-09	6.370069e-11
126	0.09001649	0.09001508	0.01451109	0.0004947882	0.0002886863	0.0002463474	0.0002333283	0.000200739	0.0002004684	0.0002004629	0.0002003763	0.0001946336	0.0001919432	1.83356e-06	1.371339e-06	1.299796e-06	8.71768e-07	8.715659e-07	7.630455e-07	7.623785e-07	5.371572e-07	9.734477e-08	9.124275e-08	8.234844e-08	6.357554e-08	2.841072e-09	2.744045e-09	2.108137e-09	9.737254e-10	9.649483e-10
127	0.009823185	0.009218629	0.009218278	0.000759046	0.0002858569	9.217025e-05	4.9313e-05	3.639448e-05	2.465149e-05	2.442278e-05	2.441798e-05	2.439761e-05	2.372557e-05	2.312278e-05	4.643715e-07	4.138258e-07	4.0064e-07	2.135006e-07	2.134016e-07	1.458509e-07	1.452577e-07	8.580778e-08	2.094036e-08	2.003492e-08	1.879274e-08	1.175439e-08	3.907377e-10	3.687607e-10	2.455835e-10	1.215414e-10
128	0.01367963	0.00194236	0.001793964	0.0017938	0.0001698702	6.772099e-05	6.491573e-05	1.944363e-05	5.842224e-06	3.361015e-06	3.126705e-06	3.121802e-06	3.117895e-06	2.996911e-06	2.901121e-06	1.067383e-07	9.837912e-08	9.361572e-08	8.998705e-08	8.997244e-08	2.330857e-08	2.290771e-08	1.413618e-08	3.369555e-09	3.211987e-09	2.915554e-09	1.86344e-09	6.463522e-11	6.149652e-11	4.226314e-11
129	0.002026297	0.0004262724	0.0001955847	0.0001523625	0.0001522204	0.0001357117	6.804947e-05	6.534895e-05	1.705917e-05	2.455001e-06	3.755214e-07	1.2745e-07	1.222141e-07	1.212543e-07	9.361141e-08	9.115381e-08	7.135911e-08	7.130653e-08	7.128607e-08	7.126131e-08	7.126095e-08	6.114341e-10	2.183258e-10	1.176721e-10	2.345822e-11	2.224676e-11	2.013278e-11	1.281083e-11	4.533173e-13	4.317104e-13
130	0.02048483	0.0003235966	7.231886e-05	5.841878e-05	5.735952e-05	5.720584e-05	5.669391e-05	5.605931e-05	5.339007e-05	1.778488e-05	1.963991e-06	4.592762e-08	3.738028e-08	3.170838e-08	3.069096e-08	3.383074e-09	1.433484e-09	4.977188e-10	4.95769e-10	4.952922e-10	4.951058e-10	4.948224e-10	4.933149e-10	6.771356e-11	2.364693e-11	5.62899e-13	4.37175e-13	3.330589e-13	1.778135e-13	1.195758e-14
131	0.997456	0.02114799	0.0001447588	2.677398e-05	2.303541e-05	2.287154e-05	2.279976e-05	2.234825e-05	2.22686e-05	1.93612e-05	1.933889e-05	2.12243e-06	3.328828e-08	2.925102e-08	2.795152e-08	2.698538e-08	3.140966e-09	1.020145e-09	7.624296e-11	7.453819e-11	7.410316e-11	7.397636e-11	7.395975e-11	7.386057e-11	7.349001e-11	2.562133e-11	5.807629e-13	4.487624e-13	3.388255e-13	1.751318e-13
132	0.9821534	0.9807654	0.007654547	3.647874e-05	8.841267e-06	6.138596e-06	6.044146e-06	6.044072e-06	5.569562e-06	5.542555e-06	2.344708e-06	2.329573e-06	2.329426e-06	3.16937e-08	2.758466e-08	2.755549e-08	2.753387e-08	1.311789e-09	1.064485e-09	3.055036e-11	2.869407e-11	2.838246e-11	2.824803e-11	2.824504e-11	2.817116e-11	2.817064e-11	2.807242e-11	5.400413e-13	4.684846e-13	3.480294e-13
133	0.8759083	0.8753108	0.8747666	0.004572349	2.506718e-05	2.764124e-06	5.513527e-07	4.674947e-07	4.67413e-07	5.418701e-08	5.122647e-08	5.116001e-08	3.436218e-08	3.419934e-08	3.414595e-08	2.958053e-08	2.954811e-08	2.952412e-08	3.890055e-10	1.149025e-10	3.097034e-12	1.049111e-12	7.476966e-13	6.856503e-13	6.823604e-13	6.045456e-13	6.039825e-13	5.092857e-13	4.464675e-13	3.706272e-13
134	0.8614484	0.8582201	0.858076	0.8575048	0.004290508	2.32442e-05	2.24378e-06	4.587644e-07	4.453726e-07	4.452812e-07	4.352653e-09	1.428623e-09	1.374663e-09	1.373158e-09	1.190343e-09	1.134328e-09	1.125778e-09	1.08931e-09	1.062331e-09	3.91325e-10	1.251501e-10	1.161963e-12	9.336074e-13	6.644705e-13	5.981231e-13	5.944448e-13	5.795549e-13	5.78925e-13	4.845754e-13	4.226576e-13
135	0.9768742	0.8416208	0.8379369	0.8377751	0.8371455	0.004218825	2.285675e-05	2.225123e-06	4.903461e-07	4.780933e-07	4.780911e-07	3.577218e-09	1.029534e-09	9.760686e-10	9.74947e-10	9.727191e-10	9.155934e-10	9.154734e-10	9.154713e-10	9.153232e-10	1.495015e-10	1.405176e-10	9.862445e-13	7.346749e-13	4.892981e-13	4.175538e-13	4.173717e-13	4.017861e-13	4.017333e-13	3.359471e-13
136	0.9968416	0.9718866	0.8142734	0.8099757	0.8098653	0.8097041	0.003944654	2.235266e-05	2.202685e-06	5.33427e-07	5.22134e-07	5.221326e-07	2.916697e-09	9.62694e-10	9.428126e-10	9.417197e-10	9.399673e-10	9.181865e-10	9.18076e-10	9.180742e-10	9.17944e-10	2.495329e-11	1.565534e-11	8.850102e-13	5.997754e-13	3.413487e-13	2.873028e-13	2.871374e-13	2.697825e-13	2.697264e-13
137	0.9589589	0.9581969	0.9578833	0.7768274	0.7721301	0.7719982	0.7718372	0.003763448	1.92535e-05	1.119807e-06	5.692188e-07	5.612082e-07	5.612068e-07	2.060728e-09	7.141305e-11	5.149455e-11	5.062283e-11	4.878668e-11	2.729991e-11	2.723429e-11	2.723236e-11	2.709538e-11	2.614737e-11	1.57175e-11	6.129514e-13	5.92779e-13	3.317035e-13	2.750535e-13	2.74879e-13	2.716661e-13
138	0.943855	0.9434164	0.9426682	0.9426115	0.7162934	0.7155115	0.7153466	0.7151857	0.003505223	1.775917e-05	8.931808e-07	6.252663e-07	6.203262e-07	6.203246e-07	2.124035e-09	6.740873e-11	4.644087e-11	4.565931e-11	4.368104e-11	2.172687e-11	2.166858e-11	2.166649e-11	2.151889e-11	2.098509e-11	1.618392e-11	5.670404e-13	5.533958e-13	2.872096e-13	2.266803e-13	2.264921e-13
139	0.62993	0.6254076	0.6250416	0.6243141	0.6243122	0.6243117	0.6232691	0.623269	0.623168	0.003023316	1.503798e-05	7.816432e-07	5.467375e-07	5.421919e-07	5.421907e-07	1.815989e-09	5.248157e-11	3.653747e-11	3.590791e-11	3.437687e-11	1.782233e-11	1.777623e-11	1.77746e-11	1.76604e-11	1.720727e-11	1.349659e-11	4.410658e-13	4.299396e-13	2.284956e-13	1.822691e-13
140	0.4566346	0.4503306	0.4471376	0.446878	0.4464415	0.4464402	0.4464399	0.4464017	0.4464016	0.4463293	0.002130757	1.055217e-05	5.397392e-07	3.92256e-07	3.89539e-07	3.895385e-07	1.24206e-09	3.181374e-11	2.178811e-11	2.144077e-11	2.075522e-11	1.083087e-11	1.080405e-11	1.080328e-11	1.075222e-11	1.048213e-11	8.776737e-12	2.464814e-13	2.403535e-13	1.199278e-13
141	0.823175	0.4123194	0.4068461	0.4039664	0.4037319	0.4034035	0.4034023	0.4034021	0.4034021	0.403402	0.4033366	0.00192552	9.535537e-06	4.875654e-07	3.545119e-07	3.521095e-07	3.521091e-07	1.107636e-09	2.739078e-11	1.859171e-11	1.830959e-11	1.782263e-11	9.229114e-12	9.206054e-12	9.205489e-12	9.169251e-12	8.928584e-12	7.686641e-12	2.048615e-13	1.998022e-13
