#unpaired probabilities
 #i$	l=1	2	3	4	5	6	7	8	9	10	11	12	13	14	15	16	17	18	19	20	21	22	23	24	25	26	27	28	29	30	
1	0.5437515	NA	NA	NA	NA	NA	NA	NA	NA	NA	NA	NA	NA	NA	NA	NA	NA	NA	NA	NA	NA	NA	NA	NA	NA	NA	NA	NA	NA	NA
2	0.5309603	0.313604	NA	NA	NA	NA	NA	NA	NA	NA	NA	NA	NA	NA	NA	NA	NA	NA	NA	NA	NA	NA	NA	NA	NA	NA	NA	NA	NA	NA
3	0.7072271	0.4924329	0.2862045	NA	NA	NA	NA	NA	NA	NA	NA	NA	NA	NA	NA	NA	NA	NA	NA	NA	NA	NA	NA	NA	NA	NA	NA	NA	NA	NA
4	0.6969595	0.571489	0.4800107	0.2790847	NA	NA	NA	NA	NA	NA	NA	NA	NA	NA	NA	NA	NA	NA	NA	NA	NA	NA	NA	NA	NA	NA	NA	NA	NA	NA
5	0.07472451	0.0359994	0.02373958	0.009946728	0.008789736	NA	NA	NA	NA	NA	NA	NA	NA	NA	NA	NA	NA	NA	NA	NA	NA	NA	NA	NA	NA	NA	NA	NA	NA	NA
6	0.2434535	0.07233861	0.0341148	0.02220755	0.008750806	0.007961326	NA	NA	NA	NA	NA	NA	NA	NA	NA	NA	NA	NA	NA	NA	NA	NA	NA	NA	NA	NA	NA	NA	NA	NA
7	0.421754	0.2416066	0.07056944	0.03201845	0.02213969	0.008695247	0.007928328	NA	NA	NA	NA	NA	NA	NA	NA	NA	NA	NA	NA	NA	NA	NA	NA	NA	NA	NA	NA	NA	NA	NA
8	0.2097291	0.1820454	0.1036774	0.04065308	0.009726666	0.006113054	0.001265425	0.000620603	NA	NA	NA	NA	NA	NA	NA	NA	NA	NA	NA	NA	NA	NA	NA	NA	NA	NA	NA	NA	NA	NA
9	0.5649364	0.2083537	0.1810103	0.1030209	0.04054025	0.009620774	0.006063538	0.001236079	0.0005843789	NA	NA	NA	NA	NA	NA	NA	NA	NA	NA	NA	NA	NA	NA	NA	NA	NA	NA	NA	NA	NA
10	0.7515567	0.550776	0.192915	0.1633858	0.08247722	0.04004441	0.00900194	0.006059952	0.001231805	0.0005786777	NA	NA	NA	NA	NA	NA	NA	NA	NA	NA	NA	NA	NA	NA	NA	NA	NA	NA	NA	NA
11	0.4368844	0.4287473	0.3320379	0.06546689	0.0349545	0.02664031	0.005240539	0.003933084	0.002540744	0.0006509898	0.0003286026	NA	NA	NA	NA	NA	NA	NA	NA	NA	NA	NA	NA	NA	NA	NA	NA	NA	NA	NA
12	0.5132549	0.2560576	0.2304252	0.1228052	0.06417243	0.03418278	0.02580563	0.005164092	0.003847193	0.002520268	0.0006316344	0.0002959715	NA	NA	NA	NA	NA	NA	NA	NA	NA	NA	NA	NA	NA	NA	NA	NA	NA	NA
13	0.2578538	0.1101643	0.0946885	0.09900508	0.02235154	0.003994909	0.00358378	0.002751629	0.0007647001	0.0005052169	0.0004059382	0.0002154973	0.0001116236	NA	NA	NA	NA	NA	NA	NA	NA	NA	NA	NA	NA	NA	NA	NA	NA	NA
14	0.2036502	0.09989849	0.0622763	0.05426888	0.05909834	0.01498677	0.0005835832	0.0004448754	0.0003406524	0.0001006561	9.52332e-05	8.714323e-05	8.405563e-05	4.639272e-05	NA	NA	NA	NA	NA	NA	NA	NA	NA	NA	NA	NA	NA	NA	NA	NA
15	0.1786194	0.1062406	0.09449872	0.05971837	0.05290155	0.05795929	0.01423325	0.0002776029	0.0001765757	0.0001403778	5.9838e-05	6.357596e-05	6.53846e-05	7.538226e-05	3.629923e-05	NA	NA	NA	NA	NA	NA	NA	NA	NA	NA	NA	NA	NA	NA	NA
16	0.9234793	0.1357602	0.1059979	0.09432237	0.05969416	0.05287547	0.05794768	0.01423313	0.0002775559	0.0001765324	0.0001403456	5.98318e-05	6.35712e-05	6.538152e-05	7.53815e-05	3.629879e-05	NA	NA	NA	NA	NA	NA	NA	NA	NA	NA	NA	NA	NA	NA
17	0.1984301	0.1680448	0.07578134	0.07581497	0.0701794	0.03744465	0.04077896	0.04483461	0.000142044	1.489296e-05	8.427691e-06	3.354311e-06	1.242098e-06	1.175853e-06	1.19633e-06	1.358474e-06	1.316298e-06	NA	NA	NA	NA	NA	NA	NA	NA	NA	NA	NA	NA	NA
18	0.1426739	0.0932764	0.06317638	0.01503913	0.01174106	0.001346038	0.0008108834	0.0008431144	0.0009257449	1.678979e-05	1.745248e-06	1.046617e-06	4.353511e-07	1.37504e-07	1.347186e-07	1.34115e-07	1.484466e-07	1.471147e-07	NA	NA	NA	NA	NA	NA	NA	NA	NA	NA	NA	NA
19	0.054223	0.05560317	0.01198405	0.01239675	0.004051143	0.0001534384	0.000136124	1.273608e-05	7.097352e-06	7.766474e-06	2.875939e-07	1.80287e-08	9.12124e-09	4.55428e-09	1.409455e-09	1.367111e-09	1.364576e-09	1.511674e-09	2.042629e-09	NA	NA	NA	NA	NA	NA	NA	NA	NA	NA	NA
20	0.09490087	0.0512057	0.05266033	0.008899791	0.009350763	0.0008671504	0.000127598	0.0001242561	1.135182e-06	7.455994e-07	7.870751e-07	2.105574e-07	9.810647e-09	4.150996e-09	2.510265e-09	7.404929e-10	7.033105e-10	6.989084e-10	7.683276e-10	1.272175e-09	NA	NA	NA	NA	NA	NA	NA	NA	NA	NA
21	0.1401892	0.09040333	0.04864617	0.05001503	0.006107207	0.006388612	0.0008434291	0.0001184354	0.0001176091	7.18379e-07	6.302488e-07	6.633111e-07	1.373611e-07	8.051065e-09	2.905611e-09	2.049832e-09	5.736646e-10	5.300816e-10	5.149037e-10	5.424008e-10	9.312405e-10	NA	NA	NA	NA	NA	NA	NA	NA	NA
22	0.1776701	0.1205112	0.08353762	0.04594683	0.04729081	0.005982367	0.006258566	0.0008427249	0.0001181986	0.0001174076	6.246424e-07	5.320676e-07	5.724307e-07	1.226073e-07	5.458333e-09	1.522417e-09	1.081451e-09	3.535042e-10	3.418312e-10	3.591075e-10	4.211118e-10	7.324792e-10	NA	NA	NA	NA	NA	NA	NA	NA
23	0.7356839	0.0482762	0.02294154	0.0173377	0.008319948	0.00846623	0.00521669	0.005451667	0.0008391446	0.000114496	0.0001134562	5.545117e-07	4.567589e-07	4.934285e-07	6.793895e-08	4.839598e-09	1.207617e-09	9.05765e-10	2.474923e-10	2.272e-10	2.171138e-10	2.238617e-10	3.676165e-10	NA	NA	NA	NA	NA	NA	NA
24	0.8387893	0.7334384	0.04789127	0.02259304	0.01702624	0.00810027	0.008388087	0.005134124	0.005450527	0.000838412	0.000114453	0.000113453	5.530674e-07	4.565526e-07	4.932263e-07	6.783466e-08	4.83855e-09	1.207032e-09	9.054176e-10	2.472531e-10	2.269168e-10	2.167576e-10	2.233486e-10	3.666696e-10	NA	NA	NA	NA	NA	NA
25	0.9739274	0.8247338	0.7300557	0.04624037	0.02120712	0.01591191	0.008064622	0.008358838	0.005104277	0.005419027	0.0008048538	0.0001140078	0.0001134509	5.508579e-07	4.554423e-07	4.921734e-07	6.717722e-08	4.82478e-09	1.19812e-09	9.003078e-10	2.451401e-10	2.24635e-10	2.141505e-10	2.19908e-10	3.603828e-10	NA	NA	NA	NA	NA
26	0.782915	0.7654077	0.725246	0.7212812	0.04085591	0.01659131	0.01200376	0.007573642	0.007862705	0.004582001	0.00486482	0.0002143267	0.0001133926	0.0001134425	5.435952e-07	4.500515e-07	4.875296e-07	6.408338e-08	4.215829e-09	6.318194e-10	4.733139e-10	1.571258e-10	1.533804e-10	1.619165e-10	1.918269e-10	3.196874e-10	NA	NA	NA	NA
27	0.3063145	0.1765431	0.1378207	0.07697577	0.04711506	0.03992951	0.01586926	0.01144636	0.00748513	0.007774155	0.0044889	0.004766029	0.0001089969	0.0001054106	0.0001133358	4.280996e-07	4.09307e-07	4.428386e-07	1.472204e-08	4.200488e-09	6.185704e-10	4.629967e-10	1.537629e-10	1.499011e-10	1.582816e-10	1.873205e-10	3.116046e-10	NA	NA	NA
28	0.04529877	0.02846028	0.0210654	0.0107032	0.007887335	0.005326417	0.004257205	0.003789584	0.003864895	0.004002099	0.004222645	0.004470453	0.004749779	0.0001086871	0.0001052793	0.0001132285	4.042938e-07	3.85322e-07	4.231862e-07	6.443325e-10	1.116313e-10	9.260667e-11	6.659731e-11	2.571316e-11	2.172636e-11	2.270798e-11	2.554066e-11	1.844338e-11	NA	NA
29	0.1002629	0.004219724	0.002884008	0.002275795	0.001830949	0.001554654	0.001266848	0.0001296513	8.616028e-05	4.640723e-05	9.834451e-06	9.300907e-06	9.694278e-06	1.02506e-05	1.090538e-05	5.261347e-07	4.202963e-07	4.030681e-07	3.841488e-07	4.225389e-07	4.332753e-10	2.86454e-11	1.556252e-11	1.068903e-11	5.17027e-12	5.039827e-12	5.483567e-12	6.793285e-12	5.603098e-12	NA
30	0.120446	0.08673197	0.003971289	0.002654775	0.002101548	0.0016766	0.001411711	0.00115016	0.0001211444	7.816305e-05	3.827638e-05	1.548894e-06	5.612523e-07	4.416315e-07	4.198583e-07	4.198868e-07	4.48396e-07	3.737383e-07	3.526323e-07	3.841446e-07	4.225351e-07	4.305038e-10	2.825248e-11	1.518246e-11	1.036998e-11	5.049371e-12	4.909278e-12	5.334909e-12	6.597087e-12	5.283425e-12
31	0.2431073	0.1120666	0.08313509	0.003503581	0.002289907	0.00186663	0.001608854	0.001388603	0.001139037	0.0001192042	7.684409e-05	3.75879e-05	1.420997e-06	4.426261e-07	3.189754e-07	3.302689e-07	3.252592e-07	3.472319e-07	3.733695e-07	3.522354e-07	3.8414e-07	4.225308e-07	4.279274e-10	2.742305e-11	1.430049e-11	9.452068e-12	4.737501e-12	4.537884e-12	4.886091e-12	5.953477e-12
32	0.1433367	0.1231563	0.09111137	0.07476582	0.001965917	0.001184139	0.0008997624	0.0007286274	0.0005790821	0.0004573864	4.839581e-06	1.543978e-06	7.396329e-07	3.174818e-08	1.85147e-08	1.157338e-08	1.060819e-08	1.61746e-09	7.389101e-10	3.939355e-10	3.87829e-10	3.092905e-10	3.313068e-10	3.509362e-10	2.120044e-11	8.93454e-12	7.325341e-12	3.16401e-12	3.31025e-12	3.397573e-12
33	0.3484785	0.02604161	0.02237182	0.004096789	0.001585349	0.00101648	0.0003382655	0.000187115	0.0001351526	0.0001110183	5.746347e-06	4.066135e-06	1.037923e-06	4.979448e-07	2.035124e-08	9.853533e-09	7.337235e-09	6.413243e-09	1.062229e-09	1.969814e-10	7.078138e-11	4.860141e-11	4.106778e-11	3.649835e-11	2.921226e-11	1.976803e-11	7.413085e-12	5.73211e-12	1.574504e-12	1.355822e-12
34	0.386531	0.2504705	0.02284468	0.02019354	0.00276479	0.0006859748	0.0001958675	0.0001617309	0.0001401332	0.0001213943	0.0001016921	1.937107e-06	7.601114e-07	3.619318e-07	1.700316e-07	7.944675e-09	5.808508e-09	5.201901e-09	4.403797e-09	9.703845e-10	1.549079e-10	4.97985e-11	2.823016e-11	1.940829e-11	1.576313e-11	1.039021e-11	4.685886e-12	4.400204e-12	3.324276e-12	7.313336e-13
35	0.2082127	0.05755757	0.05053131	0.002331462	0.001263834	0.0006832958	0.0002418806	0.0001079393	0.0001061612	0.0001032358	0.0001009131	9.846683e-05	1.676013e-06	6.319369e-07	2.767113e-07	1.306493e-07	6.419235e-09	5.291009e-09	4.909567e-09	4.123009e-09	9.485598e-10	1.36145e-10	3.556982e-11	2.694983e-11	1.806201e-11	1.433594e-11	9.79376e-12	4.497636e-12	4.227623e-12	3.190149e-12
36	0.2296489	0.1021292	0.05666024	0.05016593	0.002249982	0.001205891	0.000647024	0.0002326799	0.0001070669	0.0001054587	0.0001027346	0.0001005963	9.834523e-05	1.663635e-06	6.297612e-07	2.752806e-07	1.299577e-07	6.388749e-09	5.273007e-09	4.900146e-09	4.113648e-09	9.477392e-10	1.355887e-10	3.551217e-11	2.691358e-11	1.80307e-11	1.430323e-11	9.777309e-12	4.492725e-12	4.223292e-12
37	0.5430635	0.2294278	0.1019983	0.05663242	0.05014777	0.002247729	0.001204331	0.0006461043	0.0002324684	0.0001070414	0.0001054382	0.0001027203	0.0001005876	9.834253e-05	1.663333e-06	6.29704e-07	2.752426e-07	1.299392e-07	6.38779e-09	5.272473e-09	4.899864e-09	4.113422e-09	9.477203e-10	1.355741e-10	3.551101e-11	2.691294e-11	1.803025e-11	1.430276e-11	9.777088e-12	4.492633e-12
38	0.9282873	0.5379298	0.2277057	0.1013677	0.05636306	0.05005294	0.002197717	0.001168904	0.0006250715	0.0002287471	0.0001064691	0.0001049773	0.0001024023	0.0001004006	9.829397e-05	1.662424e-06	6.296446e-07	2.752057e-07	1.299258e-07	6.385443e-09	5.27031e-09	4.89851e-09	4.112053e-09	9.4763e-10	1.355198e-10	3.550461e-11	2.691064e-11	1.802796e-11	1.430031e-11	9.776721e-12
39	0.9106928	0.8419448	0.4797646	0.1785234	0.09972693	0.05616876	0.04995983	0.002163415	0.001140849	0.0006028206	0.0002162385	9.539646e-05	9.355935e-05	9.061077e-05	8.819623e-05	8.564131e-05	1.656832e-06	6.290683e-07	2.747535e-07	1.296091e-07	6.37699e-09	5.264144e-09	4.894947e-09	4.108348e-09	9.474038e-10	1.35347e-10	3.548641e-11	2.690321e-11	1.802175e-11	1.429364e-11
40	0.9135048	0.8759937	0.806724	0.4754779	0.1775383	0.09942554	0.05603478	0.04988481	0.00214571	0.001128135	0.0005951298	0.000213724	9.491137e-05	9.315999e-05	9.032306e-05	8.801428e-05	8.557317e-05	1.603379e-06	6.290157e-07	2.747188e-07	1.29593e-07	6.369441e-09	5.262312e-09	4.8938e-09	4.107253e-09	9.473274e-10	1.352933e-10	3.547379e-11	2.689319e-11	1.801415e-11
41	0.1118285	0.1134175	0.1144222	0.1165997	0.1172547	0.01290088	0.01226479	0.001294868	0.0005146543	5.154707e-05	3.253482e-05	1.492645e-05	3.464033e-06	8.496566e-07	7.622357e-07	6.647771e-07	5.771497e-07	4.830133e-07	4.434204e-08	2.962789e-08	1.928542e-08	9.374354e-09	3.191272e-10	8.07345e-11	4.714857e-11	3.64338e-11	5.117166e-12	1.150946e-12	5.902044e-13	4.948174e-13
42	0.0832578	0.06227556	0.06319529	0.06388396	0.06507845	0.06594767	0.01152381	0.01113472	0.0003866273	0.0002399841	3.595987e-05	2.276045e-05	1.114927e-05	2.3052e-06	4.096006e-07	3.390436e-07	2.646188e-07	1.968012e-07	1.250316e-07	3.75272e-08	2.706021e-08	1.808475e-08	8.836762e-09	2.844508e-10	5.078804e-11	1.984843e-11	1.307161e-11	1.109061e-12	3.140392e-13	2.125417e-13
43	0.1324342	0.07811486	0.06176429	0.06273019	0.06346398	0.06470028	0.06562437	0.01127057	0.01107784	0.0003678028	0.0002327682	3.269001e-05	2.049055e-05	9.854335e-06	2.053368e-06	3.689132e-07	3.062294e-07	2.421101e-07	1.837452e-07	1.219796e-07	3.735718e-08	2.704165e-08	1.807474e-08	8.832157e-09	2.840972e-10	5.049309e-11	1.960334e-11	1.289598e-11	1.07899e-12	3.04656e-13
44	0.7427372	0.09646693	0.07373902	0.06054556	0.06158461	0.06249598	0.06381113	0.06496447	0.01100911	0.01097715	0.0003058613	0.0001899868	2.68924e-05	1.67108e-05	7.772906e-06	1.631655e-06	2.851448e-07	2.341305e-07	1.847547e-07	1.397499e-07	9.210617e-08	3.640897e-08	2.669562e-08	1.789052e-08	8.744269e-09	2.789914e-10	4.676286e-11	1.602796e-11	1.090629e-11	5.971348e-13
45	0.1083452	0.08939712	0.01166777	0.01035652	0.009239045	0.009446981	0.009635908	0.009874257	0.0101092	0.010358	0.01063357	5.901168e-05	4.357992e-06	1.000401e-06	6.667759e-07	3.607749e-07	7.689767e-08	1.056413e-08	8.401478e-09	5.877844e-09	3.567809e-09	1.170108e-09	4.114785e-10	2.829292e-10	1.897868e-10	9.275383e-11	3.072203e-12	6.145729e-13	2.945351e-13	6.172041e-14
46	0.04161339	0.02440063	0.004129811	0.0002914394	0.0002106187	9.92986e-05	9.522246e-05	6.427326e-05	6.454593e-05	5.450572e-05	5.09569e-05	5.121026e-05	5.216041e-05	4.610997e-07	1.181029e-07	7.145205e-08	2.93907e-08	6.81419e-09	1.303435e-09	1.044514e-09	8.656681e-10	6.956085e-10	5.566475e-10	2.879596e-10	2.055236e-10	1.38023e-10	6.744138e-11	2.070343e-12	2.676617e-13	2.268942e-14
47	0.03433329	0.002910866	0.000793811	0.0001639663	7.220871e-05	6.409298e-05	1.182913e-05	1.17844e-05	1.186479e-05	1.200441e-05	1.854443e-06	4.480646e-07	2.697317e-07	1.58213e-07	1.259658e-07	1.249784e-08	7.449192e-09	4.359237e-09	1.538022e-09	2.760098e-10	2.353298e-10	1.716814e-10	8.247777e-11	2.879725e-11	1.506431e-11	2.046571e-12	1.315266e-12	6.40581e-13	2.092678e-14	4.758105e-15
48	0.05311135	0.02636646	0.001003299	0.0006133867	0.0001106633	2.313439e-05	1.595046e-05	1.161744e-05	1.158854e-05	1.168367e-05	1.183661e-05	1.703932e-06	3.21449e-07	1.626494e-07	5.856377e-08	2.750769e-08	1.094454e-08	6.287438e-09	3.569962e-09	1.099543e-09	2.485104e-10	2.110141e-10	1.514253e-10	6.593988e-11	1.621607e-11	3.069765e-12	1.611095e-12	1.022835e-12	4.977718e-13	1.641716e-14
49	0.1140826	0.02315939	0.004370528	0.00019818	8.136566e-05	8.058549e-05	4.655326e-06	2.570163e-06	1.330557e-06	1.323427e-06	1.31899e-06	1.321639e-06	1.316529e-06	1.025689e-07	4.484736e-08	1.635153e-08	7.092034e-09	2.542694e-09	1.764327e-09	8.354398e-10	1.980979e-10	3.593919e-11	2.933595e-11	2.141576e-11	1.400315e-11	5.386998e-12	1.90368e-12	1.387171e-12	9.319183e-13	4.549092e-13
50	0.7621898	0.08382657	0.005690978	0.0007552561	5.424289e-05	5.86595e-06	4.966674e-06	2.845682e-06	1.223406e-06	3.011875e-07	2.8063e-07	2.618097e-07	2.437877e-07	2.210246e-07	8.50943e-08	3.441677e-08	1.042444e-08	4.59605e-09	1.710763e-09	1.177202e-09	6.56104e-10	1.588195e-10	2.786286e-11	2.246771e-11	1.550543e-11	8.998014e-12	2.040858e-12	6.143126e-13	4.292192e-13	2.882574e-13
51	0.7995054	0.7606528	0.08356055	0.005569263	0.0007295214	5.030548e-05	5.419906e-06	4.558428e-06	2.470106e-06	1.180263e-06	2.891858e-07	2.6911e-07	2.51228e-07	2.336744e-07	2.12437e-07	7.88271e-08	3.320078e-08	9.73841e-09	4.063593e-09	1.6615e-09	1.146484e-09	6.387562e-10	1.553761e-10	2.731366e-11	2.201704e-11	1.518216e-11	8.791634e-12	1.958307e-12	6.084791e-13	4.265273e-13
52	0.8168764	0.7812849	0.7558364	0.07995103	0.004087241	0.0002644448	3.446916e-05	2.415271e-06	1.794128e-06	7.194001e-07	3.937481e-07	1.499878e-07	1.464065e-07	1.433063e-07	1.412262e-07	1.378835e-07	2.644423e-08	2.085646e-08	3.436426e-09	1.904831e-09	4.753814e-10	3.09178e-10	1.457174e-10	2.922223e-11	4.747306e-12	3.811624e-12	2.85569e-12	1.983942e-12	1.058113e-12	5.800763e-13
53	0.8913838	0.7605675	0.7255485	0.7140293	0.07961431	0.00392634	0.0002175923	3.302951e-05	2.122475e-06	1.524079e-06	5.451725e-07	3.142672e-07	1.372287e-07	1.353961e-07	1.338835e-07	1.334853e-07	1.320219e-07	2.279866e-08	1.92009e-08	2.799688e-09	1.696888e-09	3.553354e-10	2.254033e-10	9.780856e-11	1.95513e-11	3.190908e-12	2.568556e-12	2.02019e-12	1.52404e-12	9.965082e-13
54	0.7972106	0.7593364	0.6911235	0.6550632	0.6466802	0.01091377	0.003897782	0.0002019012	3.227958e-05	1.562081e-06	9.62477e-07	4.439673e-07	2.175827e-07	4.26708e-08	3.861618e-08	3.493534e-08	3.207889e-08	2.811675e-08	2.229561e-08	1.881928e-08	2.512134e-09	1.648096e-09	3.373183e-10	2.097708e-10	9.448687e-11	1.861691e-11	3.001748e-12	2.410948e-12	1.903715e-12	1.445321e-12
55	0.2533446	0.1667705	0.1510438	0.08513197	0.0376045	0.02143727	0.01063534	0.003726958	0.0001742901	3.137606e-05	1.371094e-06	7.848464e-07	3.276032e-07	1.574143e-07	2.248471e-08	1.916608e-08	1.620383e-08	1.40104e-08	1.091314e-08	6.212737e-09	3.584338e-09	2.129273e-09	1.519948e-09	2.668331e-10	1.610562e-10	6.724416e-11	1.350489e-11	2.228589e-12	1.797392e-12	1.490914e-12
56	0.2037165	0.1596942	0.1247968	0.1083711	0.05154057	0.03504558	0.01888706	0.008042939	0.00371214	0.0001686047	3.050467e-05	1.270589e-06	6.952516e-07	3.184024e-07	1.526948e-07	2.098509e-08	1.773125e-08	1.48366e-08	1.270137e-08	9.696634e-09	5.794433e-09	3.256766e-09	1.856838e-09	1.347536e-09	2.578438e-10	1.553563e-10	6.50413e-11	1.301465e-11	2.149645e-12	1.733924e-12
57	0.199492	0.1684197	0.1403082	0.110525	0.09417987	0.04522253	0.02903482	0.01334639	0.00785134	0.003622845	0.0001462165	2.649584e-05	1.11891e-06	5.976264e-07	2.584714e-07	1.23885e-07	1.491621e-08	1.221407e-08	9.958815e-09	8.351078e-09	6.15565e-09	3.320302e-09	1.418935e-09	9.258945e-10	5.398227e-10	2.101576e-10	1.272317e-10	4.981305e-11	1.017376e-11	1.721206e-12
58	0.1171587	0.03883886	0.03039951	0.02576081	0.01418888	0.01408282	0.001768616	0.0006058051	0.0002739921	0.0001946994	8.797452e-05	2.768886e-05	1.698657e-06	1.820544e-07	1.576018e-07	9.984979e-08	4.639004e-08	8.56708e-09	7.591057e-09	6.373849e-09	5.448675e-09	4.010269e-09	1.969545e-09	8.549133e-10	5.340818e-10	2.993849e-10	6.833363e-11	4.608147e-11	2.548067e-11	4.753602e-12
59	0.04630247	0.008124822	0.005705046	0.005238301	0.001279715	0.00105415	0.001058016	0.0005970694	3.621924e-05	1.008326e-05	7.176507e-06	3.068457e-06	9.50301e-07	1.286263e-07	1.068285e-08	9.066701e-09	3.053298e-09	1.479744e-09	3.845133e-10	3.580733e-10	3.141435e-10	2.908241e-10	2.378727e-10	7.472546e-11	4.256718e-11	3.169547e-11	2.538513e-11	2.223254e-12	1.426388e-12	7.353714e-13
60	0.02896529	0.007095099	0.001392953	0.0007773481	0.0002842921	0.000262984	0.0001005719	9.600718e-05	1.93308e-05	1.85191e-05	1.543065e-06	9.947605e-07	2.40385e-07	6.640402e-08	1.720515e-08	2.216405e-09	2.026551e-09	2.289375e-10	1.272922e-10	7.469871e-11	7.423855e-11	6.144945e-11	6.12797e-11	4.437593e-11	7.669974e-12	5.505737e-12	3.355933e-12	3.062552e-12	1.199169e-13	6.197516e-14
61	0.1026562	0.0218871	0.006805279	0.001171125	0.0007460423	0.0002611705	0.0002461173	9.595383e-05	9.144328e-05	1.758089e-05	1.688532e-05	1.145418e-06	6.931495e-07	2.026399e-07	5.364806e-08	1.428651e-08	2.065506e-09	1.912019e-09	1.563148e-10	7.693331e-11	3.518826e-11	3.464161e-11	3.007548e-11	2.955529e-11	2.306742e-11	5.905932e-12	4.268926e-12	2.6851e-12	2.458412e-12	9.792303e-14
62	0.4525452	0.08801788	0.01725864	0.006518675	0.001103676	0.0007278083	0.0002583679	0.0002434394	9.531169e-05	9.081746e-05	1.724927e-05	1.656778e-05	1.045643e-06	6.197602e-07	1.945871e-07	4.997858e-08	1.246818e-08	1.107493e-09	9.440008e-10	1.290696e-10	5.971064e-11	2.108985e-11	2.040945e-11	1.856142e-11	1.783583e-11	1.413467e-11	5.533546e-12	3.965904e-12	2.492435e-12	2.269756e-12
63	0.4364971	0.1180964	0.08127871	0.0137074	0.006372726	0.001063502	0.0007159014	0.0002510461	0.0002385433	9.146538e-05	8.715447e-05	1.653982e-05	1.606698e-05	7.546433e-07	3.803551e-07	1.33722e-07	2.859489e-08	5.667564e-09	9.062527e-10	8.299498e-10	9.160312e-11	3.851115e-11	1.28257e-11	1.233024e-11	1.089723e-11	1.047333e-11	8.486199e-12	2.471329e-12	1.423217e-12	9.355203e-13
64	0.3872137	0.2930332	0.0748186	0.06511727	0.01228793	0.006048725	0.0008590723	0.0005227166	0.0001751756	0.0001618971	2.482784e-05	1.950813e-05	1.485288e-05	1.486207e-05	4.673925e-07	1.687151e-07	6.899455e-08	1.309865e-08	4.132732e-09	7.84e-10	7.274438e-10	3.527072e-11	1.382233e-11	6.671345e-12	6.615856e-12	5.950794e-12	5.925427e-12	5.269727e-12	9.552591e-13	7.57034e-13
65	0.3485558	0.3178267	0.2263068	0.05945891	0.05670863	0.01071803	0.005621463	0.0004872401	0.0001567421	0.0001582846	0.000145468	9.054142e-06	3.626744e-06	5.300692e-07	4.316695e-07	3.223244e-07	8.042218e-08	2.931413e-08	9.003425e-09	3.036561e-09	6.140518e-10	5.670875e-10	1.781005e-11	8.440716e-12	4.809636e-12	4.816149e-12	4.422544e-12	4.426242e-12	4.032054e-12	7.279378e-13
66	0.329617	0.2796921	0.2532528	0.1610225	0.01061564	0.007644922	0.005032554	0.0005339174	0.0003485682	2.369696e-05	2.364709e-05	8.735645e-06	8.605435e-06	3.198659e-06	2.398783e-07	1.620842e-07	8.398939e-08	6.340414e-08	2.197248e-08	7.393828e-09	2.106471e-09	4.668477e-10	4.214628e-10	1.379699e-11	6.740876e-12	3.625199e-12	3.619486e-12	3.383914e-12	3.368262e-12	3.109458e-12
67	0.07964942	0.06497779	0.04413374	0.04264342	0.04288868	0.001165532	0.0008141717	0.0005523439	0.0001199021	0.0001184328	1.393862e-05	1.409278e-05	1.18433e-06	1.115608e-06	1.124816e-06	4.74252e-08	2.863109e-08	1.639485e-08	1.335744e-08	3.724226e-09	1.380778e-09	1.310722e-10	2.758208e-11	2.06736e-11	3.264054e-12	1.743218e-12	4.633126e-13	4.407294e-13	4.181345e-13	3.990436e-13
68	0.4181566	0.03868931	0.02629304	0.006234324	0.004750817	0.004544563	0.0005002098	0.0002946497	0.0002037197	0.0001062264	0.0001071052	1.305852e-05	1.322883e-05	4.173823e-07	3.727303e-07	3.739816e-07	2.508171e-08	1.396072e-08	7.939545e-09	6.380994e-09	2.187861e-09	9.439146e-10	2.939665e-11	5.014287e-12	4.522567e-12	2.392294e-12	1.228006e-12	1.831499e-13	1.612901e-13	1.41788e-13
69	0.3209151	0.2866636	0.03475749	0.02342688	0.003865043	0.002634881	0.002442966	0.0001956788	8.713677e-05	2.515994e-05	1.343499e-06	7.267783e-07	3.625925e-07	3.158187e-07	3.066638e-07	2.738551e-07	2.746743e-07	1.61185e-08	8.794066e-09	4.506433e-09	3.284809e-09	1.461364e-09	4.953267e-10	1.482081e-11	3.295558e-12	3.061266e-12	2.063592e-12	1.070719e-12	1.319784e-13	1.121964e-13
70	0.09904994	0.06202858	0.04519801	0.03340758	0.0228345	0.003487476	0.002354655	0.002178403	0.0001717479	7.884276e-05	2.278109e-05	1.175743e-06	6.398909e-07	3.091959e-07	2.969345e-07	2.883645e-07	2.62279e-07	2.631838e-07	1.449289e-08	7.977524e-09	3.947083e-09	2.964124e-09	1.337048e-09	4.487619e-10	1.329939e-11	2.82552e-12	2.605064e-12	1.687286e-12	7.715822e-13	1.210744e-13
71	0.3798729	0.05851875	0.0310849	0.01601035	0.007154028	0.004687408	0.002747196	0.001823746	0.001674388	0.0001429865	6.530618e-05	1.891829e-05	9.5285e-07	5.063716e-07	2.277651e-07	2.177158e-07	2.105263e-07	1.907638e-07	1.911452e-07	1.137773e-08	6.307112e-09	3.167532e-09	2.375443e-09	1.110393e-09	3.81201e-10	1.094591e-11	2.354841e-12	2.174431e-12	1.424406e-12	6.570034e-13
72	0.5253996	0.3267961	0.05588654	0.02939391	0.01487558	0.006493741	0.004377498	0.002562334	0.001728971	0.001588325	0.0001355586	6.197065e-05	1.793389e-05	9.084879e-07	4.848694e-07	2.211584e-07	2.11489e-07	2.057552e-07	1.864231e-07	1.869011e-07	1.091618e-08	6.05334e-09	3.028013e-09	2.272374e-09	1.061316e-09	3.645676e-10	1.042527e-11	2.231769e-12	2.059797e-12	1.347432e-12
73	0.9610874	0.5005683	0.3267773	0.0558858	0.02939365	0.01487541	0.006493575	0.004377329	0.002562163	0.001728798	0.00158826	0.0001355578	6.197031e-05	1.793357e-05	9.084409e-07	4.84822e-07	2.211124e-07	2.114422e-07	2.057075e-07	1.863745e-07	1.869011e-07	1.091618e-08	6.05334e-09	3.028012e-09	2.272374e-09	1.061316e-09	3.645672e-10	1.042491e-11	2.231393e-12	2.059792e-12
74	0.9707566	0.9325562	0.4825023	0.3204231	0.05491313	0.02877993	0.01450487	0.006310628	0.004245676	0.002473451	0.001659539	0.001521674	0.0001324821	6.060771e-05	1.753002e-05	8.905496e-07	4.762545e-07	2.181105e-07	2.085938e-07	2.029724e-07	1.837919e-07	1.843324e-07	1.071509e-08	5.946369e-09	2.967317e-09	2.227373e-09	1.039534e-09	3.57142e-10	1.022233e-11	2.181162e-12
75	0.8027631	0.8010677	0.7741197	0.3492891	0.2655497	0.02769439	0.0171945	0.00759829	0.003310307	0.002219502	0.00128988	0.0008675355	0.0007958121	7.605521e-05	3.577847e-05	1.013315e-05	5.853974e-07	3.474195e-07	2.036808e-07	1.973982e-07	1.948408e-07	1.779035e-07	1.793524e-07	8.621687e-09	4.484921e-09	2.148036e-09	1.644751e-09	6.22451e-10	1.917859e-10	6.203045e-12
76	0.6208818	0.6120406	0.6096472	0.5924897	0.3190359	0.2490431	0.01567879	0.01062731	0.006382658	0.00279514	0.001872154	0.001087531	0.0007325073	0.0006721948	6.604296e-05	3.133017e-05	8.827414e-06	5.281131e-07	3.213679e-07	1.993479e-07	1.939549e-07	1.919517e-07	1.754722e-07	1.770574e-07	7.690439e-09	4.076261e-09	1.899857e-09	1.439442e-09	5.424027e-10	1.598774e-10
77	0.7045168	0.5773168	0.5695554	0.5695586	0.5523643	0.3033967	0.2475862	0.01504084	0.01017348	0.006161674	0.002703428	0.001810277	0.001051323	0.000708121	0.0006497977	6.419058e-05	3.049403e-05	8.582164e-06	5.144088e-07	3.151775e-07	1.969765e-07	1.917458e-07	1.898144e-07	1.742033e-07	1.758042e-07	7.514723e-09	3.998811e-09	1.850017e-09	1.400318e-09	5.269653e-10
78	0.9848552	0.7039012	0.5767614	0.5689944	0.5694116	0.5522163	0.3032592	0.2475307	0.01504039	0.01017318	0.006161481	0.002703245	0.001810101	0.001051153	0.0007079518	0.0006497441	6.417835e-05	3.048806e-05	8.576218e-06	5.143471e-07	3.151207e-07	1.969657e-07	1.917349e-07	1.898033e-07	1.74192e-07	1.758042e-07	7.514721e-09	3.998809e-09	1.850016e-09	1.400316e-09
79	0.5901088	0.5797289	0.5015793	0.3763679	0.367941	0.3668684	0.3475402	0.09677439	0.04020438	0.01439739	0.009735755	0.005897494	0.002584823	0.00173396	0.001007913	0.000679665	0.0006240206	6.156931e-05	2.928587e-05	8.225043e-06	4.945044e-07	3.031813e-07	1.93068e-07	1.879322e-07	1.877321e-07	1.721924e-07	1.738392e-07	7.24077e-09	3.877265e-09	1.776801e-09
80	0.2308228	0.2217326	0.2239309	0.222084	0.2246399	0.2275401	0.2305533	0.2327711	0.008479982	0.003724016	0.0005033629	0.0003340673	0.0002708307	8.102015e-05	6.21647e-05	5.043471e-05	4.562465e-05	4.519634e-05	3.325801e-06	1.917679e-06	4.922468e-07	2.788604e-08	1.343479e-08	7.271349e-09	6.799066e-09	6.834402e-09	5.963489e-09	6.055937e-09	1.64236e-10	1.226945e-10
81	0.2742518	0.2073471	0.2050823	0.2074273	0.209061	0.2118391	0.2147003	0.2176406	0.2206451	0.001097918	0.0002064802	3.040359e-05	2.562365e-05	2.307772e-05	2.128991e-06	1.678259e-06	1.484732e-06	1.425495e-06	1.431386e-06	9.677911e-08	6.943458e-08	2.931337e-08	1.2345e-09	5.053268e-10	8.709988e-11	7.894408e-11	6.075408e-11	5.265944e-11	5.20437e-11	5.92033e-12
82	0.1069429	0.06196396	0.001446346	0.001265428	0.001280088	0.0007818964	0.0007895687	0.0008002761	0.0008113403	0.0008219909	0.0008203626	3.329674e-05	1.455642e-05	1.463214e-05	1.470881e-05	1.818497e-07	8.278322e-08	7.53455e-08	7.335454e-08	7.396811e-08	8.223666e-09	6.700514e-09	3.148487e-09	1.683986e-10	4.94069e-11	9.656739e-12	9.34773e-12	1.006724e-12	8.684542e-13	8.080284e-13
83	0.3243306	0.0981969	0.06194824	0.000718325	0.0005409218	0.0005479697	4.397443e-05	4.209852e-05	4.259527e-05	4.315714e-05	4.324089e-05	3.923338e-05	3.166959e-05	1.444872e-05	1.46119e-05	1.475527e-05	1.51176e-07	5.813333e-08	5.376763e-08	5.265192e-08	5.318789e-08	5.879389e-09	4.838122e-09	2.252939e-09	8.391022e-11	3.793527e-11	8.893051e-12	8.76301e-12	4.298485e-13	3.667653e-13
84	0.2827227	0.2676925	0.09863407	0.06272899	0.0007043344	0.0005246987	0.0005316813	2.377741e-05	2.290515e-05	2.317921e-05	2.347736e-05	2.347656e-05	2.197302e-05	1.819997e-05	1.444995e-05	1.463768e-05	1.479985e-05	1.282605e-07	3.799172e-08	3.411164e-08	3.335508e-08	3.362921e-08	3.550703e-09	2.841377e-09	1.28023e-09	4.715198e-11	2.312729e-11	8.822548e-12	8.829362e-12	3.699984e-13
85	0.9779697	0.2808065	0.265664	0.09978251	0.0635714	0.0007097316	0.000527685	0.0005348173	2.037296e-05	1.945191e-05	1.968398e-05	1.993711e-05	1.996555e-05	1.96329e-05	1.757651e-05	1.457991e-05	1.478145e-05	1.495465e-05	1.20368e-07	3.028477e-08	2.642401e-08	2.55441e-08	2.570104e-08	2.565989e-09	1.985089e-09	8.598843e-10	3.280265e-11	1.834392e-11	8.905337e-12	8.973554e-12
86	0.4517025	0.4477614	0.1941734	0.1874047	0.0340244	0.0007466747	0.0007122731	0.000527932	0.0005352028	1.627252e-05	1.532793e-05	1.551962e-05	1.57367e-05	1.581336e-05	1.583997e-05	1.511665e-05	1.469194e-05	1.491332e-05	1.510572e-05	1.020623e-07	1.685043e-08	1.628765e-08	1.644868e-08	1.669784e-08	9.650344e-10	8.005199e-10	3.793959e-10	9.957618e-12	4.201346e-12	6.363626e-14
87	0.1869644	0.173446	0.1705334	0.1552101	0.1524597	0.0007053806	0.0005234729	0.0005191486	0.0005191142	0.0005264029	2.342044e-06	1.249583e-06	1.242011e-06	1.252291e-06	1.153942e-06	1.037099e-06	4.530492e-07	1.108731e-07	1.050886e-07	1.013953e-07	9.917917e-08	1.264157e-08	1.20777e-08	1.219079e-08	1.237713e-08	4.090403e-10	3.179321e-10	1.511572e-10	4.02052e-12	1.706772e-12
88	0.1170872	0.02044992	0.01750195	0.01523316	0.005601533	0.005367348	0.0002366166	0.000208008	0.0002077326	0.0002077044	0.0002106555	1.579015e-06	7.133354e-07	7.090523e-07	7.13335e-07	6.330581e-07	5.530138e-07	1.749547e-07	1.9322e-08	1.475984e-08	1.137671e-08	9.689771e-09	9.470823e-09	9.403019e-09	9.553186e-09	9.713095e-09	6.50684e-11	2.007809e-11	9.959721e-12	3.864114e-13
89	0.497709	0.05063464	0.00647292	0.005564744	0.004804208	0.001749183	0.001706576	1.243059e-05	1.085716e-06	9.895261e-07	9.796027e-07	9.881437e-07	9.476199e-07	5.706965e-07	5.678678e-07	5.735456e-07	5.517571e-07	5.126926e-07	1.490142e-07	7.280057e-09	5.629684e-09	4.414177e-09	3.171272e-09	3.157718e-09	3.171183e-09	3.215282e-09	3.268765e-09	2.017545e-11	5.683894e-12	2.726819e-12
90	0.4894274	0.4866454	0.04493863	0.0006552786	0.0004216763	0.0003833677	0.0001442745	0.0001373404	4.213726e-06	5.265557e-07	4.959896e-07	4.946951e-07	5.013014e-07	4.982685e-07	5.050001e-07	5.101069e-07	5.16114e-07	5.226141e-07	5.02313e-07	1.401997e-07	1.753857e-09	1.488362e-09	1.304547e-09	2.478705e-10	1.95348e-10	1.68843e-10	1.598172e-10	1.603412e-10	4.97842e-12	2.070848e-12
91	0.5434944	0.4962155	0.4936419	0.04545505	0.0005231206	0.0003025599	0.0002813577	0.0001074546	0.000100982	4.082098e-06	5.276559e-07	4.981856e-07	4.970763e-07	5.039388e-07	5.016681e-07	5.085654e-07	5.156625e-07	5.227226e-07	5.301465e-07	5.101079e-07	1.422685e-07	1.647544e-09	1.41202e-09	1.250787e-09	1.803403e-10	1.259233e-10	9.796514e-11	8.745503e-11	8.668969e-11	4.705973e-12
92	0.9896798	0.547895	0.5033781	0.5008429	0.04608359	0.0004861543	0.0002795466	0.0002616619	0.0001000183	9.35853e-05	4.040959e-06	4.98782e-07	4.6945e-07	4.687507e-07	4.753232e-07	4.728426e-07	4.794097e-07	4.861636e-07	4.928655e-07	5.000702e-07	4.919581e-07	1.445293e-07	1.626119e-09	1.399142e-09	1.249602e-09	1.670945e-10	1.127159e-10	8.492398e-11	7.436623e-11	7.340021e-11
93	0.9982597	0.9878087	0.5527181	0.5109357	0.5084063	0.04675917	0.0004712133	0.000264218	0.0002487991	9.542336e-05	8.898126e-05	4.066446e-06	5.043361e-07	4.748303e-07	4.741399e-07	4.809154e-07	4.786495e-07	4.85415e-07	4.928818e-07	5.006623e-07	5.082301e-07	5.002032e-07	1.469657e-07	1.629142e-09	1.405704e-09	1.25922e-09	1.588248e-10	1.033572e-10	7.492044e-11	6.397104e-11
94	0.611526	0.6110331	0.6066678	0.4985686	0.4740008	0.4717194	0.002994745	0.000298948	0.0002157635	0.0002048162	7.217888e-05	6.944565e-05	3.730196e-06	3.718582e-07	3.521636e-07	3.516309e-07	3.567618e-07	3.570746e-07	3.624579e-07	3.681929e-07	3.742178e-07	3.800014e-07	3.702004e-07	9.086064e-09	1.481186e-09	1.303137e-09	1.196201e-09	1.241811e-10	7.644818e-11	5.450021e-11
95	0.02950618	0.02707334	0.02701495	0.02676186	0.0089353	0.005299342	0.00457225	0.002778423	9.076058e-05	6.784449e-05	6.422331e-05	3.470093e-05	3.251731e-05	2.780697e-06	4.848525e-08	3.384726e-08	3.350278e-08	3.395583e-08	3.144788e-08	3.185298e-08	3.234502e-08	3.286936e-08	3.323981e-08	2.120685e-08	5.945758e-09	9.522505e-10	9.304864e-10	9.086493e-10	5.591223e-11	2.782895e-11
96	0.08891621	0.01266419	0.01216107	0.01210946	0.01196606	0.004320958	0.002540554	0.001861842	0.0001000125	5.748614e-05	4.118518e-05	3.960443e-05	1.923433e-05	1.860869e-05	1.680922e-06	2.099506e-08	1.360441e-08	1.331237e-08	1.347682e-08	1.223779e-08	1.238458e-08	1.256784e-08	1.276873e-08	1.288755e-08	8.65462e-09	1.625233e-09	4.421908e-10	4.252007e-10	4.076384e-10	3.268866e-11
97	0.02409342	0.007292589	0.003221082	0.003119376	0.003116743	0.003023748	0.0008696019	0.0001588297	8.963119e-05	7.175861e-05	3.397189e-05	2.309491e-05	2.265328e-05	1.127079e-05	1.078022e-05	1.105068e-06	5.89888e-09	1.757101e-09	1.521315e-09	1.508964e-09	8.859129e-10	8.65208e-10	8.56887e-10	8.583395e-10	8.194849e-10	6.823239e-10	3.623366e-10	1.582321e-10	1.474092e-10	1.340034e-10
98	0.8052352	0.01793779	0.003445157	0.001656249	0.001606543	0.00160428	0.001561192	0.0004405924	9.112768e-05	6.128856e-05	5.186245e-05	1.832046e-05	1.370782e-05	1.347159e-05	5.300552e-06	4.949786e-06	9.439482e-08	4.751077e-09	9.420748e-10	8.444106e-10	8.32977e-10	5.342999e-10	5.192987e-10	5.112798e-10	5.107807e-10	4.885729e-10	4.282129e-10	2.330165e-10	1.330725e-10	1.269678e-10
99	0.8012634	0.7708657	0.005008802	0.00268513	0.00125349	0.001212921	0.001211664	0.001185345	0.000341069	5.446236e-05	2.752741e-05	1.888746e-05	1.673433e-05	1.257929e-05	1.240176e-05	4.686129e-06	4.359425e-06	8.557374e-08	1.216289e-09	8.302848e-10	7.370884e-10	7.297229e-10	4.558594e-10	4.450503e-10	4.400648e-10	4.406756e-10	4.230022e-10	3.730538e-10	1.976367e-10	1.287968e-10
100	0.1306592	0.1112698	0.1048806	0.001072287	0.0006386256	0.0003323747	0.0003285413	0.0003284618	0.00031993	7.617863e-05	8.421398e-06	4.831808e-06	3.502973e-06	2.995471e-06	2.435435e-06	2.383924e-06	1.541863e-06	1.257431e-06	7.546297e-09	2.830837e-10	2.086508e-10	2.044285e-10	1.954534e-10	9.927847e-11	8.936774e-11	8.190537e-11	7.850803e-11	6.811955e-11	5.772253e-11	2.070706e-11
101	0.1097879	0.07557021	0.07400268	0.07191996	0.0004828669	0.0002411753	0.0001091902	0.000108137	0.0001080948	0.0001043472	2.467112e-05	2.656428e-06	1.584661e-06	1.027505e-06	7.040739e-07	5.388987e-07	5.220394e-07	3.566047e-07	1.819719e-07	1.428703e-09	9.694891e-11	8.082618e-11	7.932039e-11	7.817437e-11	3.051773e-11	2.950526e-11	2.909344e-11	2.898723e-11	2.427651e-11	2.100076e-11
102	0.09146059	0.08341933	0.05308578	0.05216726	0.0509565	0.0003241248	0.0001667724	6.85885e-05	6.780001e-05	6.778644e-05	6.535112e-05	1.625625e-05	1.825294e-06	1.028875e-06	6.647672e-07	3.665232e-07	2.377794e-07	2.27385e-07	1.20975e-07	1.171385e-07	9.639539e-10	5.26183e-11	4.147374e-11	4.038971e-11	3.95253e-11	1.916901e-11	1.865013e-11	1.852268e-11	1.85193e-11	1.520534e-11
103	0.07645276	0.0720065	0.06528064	0.03539859	0.03495716	0.03382339	0.0002206743	0.0001370206	5.343461e-05	5.283571e-05	5.282535e-05	5.139422e-05	1.269122e-05	1.481637e-06	8.010918e-07	5.967587e-07	3.077942e-07	1.938479e-07	1.856543e-07	9.805698e-08	9.633092e-08	7.853068e-10	2.487115e-11	1.59829e-11	1.518665e-11	1.42549e-11	1.153989e-11	1.11067e-11	1.092953e-11	1.087136e-11
104	0.1314655	0.06710266	0.06509246	0.05936699	0.02911117	0.02889411	0.02783148	0.0001228617	0.0001018095	2.625008e-05	2.609896e-05	2.609217e-05	2.573159e-05	5.092539e-06	5.302548e-07	3.740919e-07	2.977011e-07	1.121873e-07	8.964186e-08	8.526069e-08	4.405615e-08	4.331198e-08	4.346104e-10	1.245478e-11	7.279057e-12	6.969041e-12	6.554728e-12	4.91291e-12	4.572671e-12	4.33191e-12
105	0.6626531	0.1324344	0.06797519	0.06596131	0.06013782	0.02932218	0.0291038	0.02802292	0.0001207166	0.0001027271	2.615907e-05	2.601258e-05	2.600573e-05	2.56969e-05	5.022457e-06	5.297951e-07	3.75414e-07	3.013752e-07	1.127293e-07	9.029921e-08	8.591013e-08	4.442128e-08	4.366991e-08	4.388745e-10	1.217005e-11	7.001005e-12	6.70715e-12	6.314943e-12	4.667838e-12	4.322956e-12
106	0.5703517	0.5571333	0.06979045	0.0106833	0.008754748	0.002833165	0.002787719	0.002567783	0.001467801	4.759031e-05	3.262355e-05	2.591022e-05	2.576758e-05	2.576067e-05	2.553445e-05	4.782854e-06	3.489591e-07	1.954577e-07	1.236345e-07	1.135191e-07	9.105187e-08	8.664599e-08	4.479811e-08	4.408048e-08	4.426938e-10	1.127939e-11	6.605783e-12	6.328867e-12	5.958037e-12	4.310074e-12
107	0.8303572	0.5400236	0.5314833	0.06311859	0.004710139	0.003027951	0.001526983	0.001482358	0.001273522	0.001179018	4.075347e-05	3.193757e-05	2.546537e-05	2.53567e-05	2.534978e-05	2.517963e-05	4.640737e-06	3.137435e-07	1.634662e-07	1.223425e-07	1.12264e-07	8.990241e-08	8.55412e-08	4.499353e-08	4.427183e-08	4.458691e-10	1.090791e-11	6.268185e-12	6.001997e-12	5.658732e-12
108	0.5173176	0.4005324	0.3261192	0.3200285	0.06028939	0.004228878	0.002643933	0.001160145	0.001134519	0.0009350027	0.0008449843	3.483052e-05	2.954228e-05	2.439518e-05	2.430705e-05	2.430047e-05	2.421639e-05	4.316151e-06	2.691741e-07	1.438714e-07	1.109582e-07	1.031434e-07	8.468633e-08	8.04595e-08	4.199146e-08	4.134478e-08	4.204186e-10	9.889502e-12	5.524582e-12	5.323354e-12
109	0.6022579	0.4948659	0.3776225	0.3140586	0.3081052	0.06050835	0.004190129	0.002609489	0.001106018	0.001080211	0.0008792508	0.0007879943	3.47321e-05	2.96717e-05	2.452103e-05	2.443241e-05	2.442574e-05	2.434423e-05	4.335355e-06	2.708264e-07	1.44827e-07	1.121368e-07	1.042935e-07	8.570292e-08	8.145263e-08	4.253892e-08	4.188408e-08	4.159444e-10	9.592885e-12	5.274521e-12
110	0.9218909	0.5391685	0.4495716	0.3691607	0.3057737	0.2999991	0.05960728	0.002977111	0.001463489	0.0009627452	0.0009367228	0.0007354639	0.0006783074	3.401232e-05	2.997617e-05	2.485088e-05	2.478409e-05	2.47773e-05	2.469633e-05	4.379945e-06	2.63704e-07	1.379513e-07	1.127318e-07	1.048863e-07	8.62674e-08	8.195162e-08	4.284569e-08	4.218675e-08	4.129148e-10	9.321943e-12
111	0.5068371	0.493739	0.2412651	0.1917924	0.1546925	0.09552719	0.09219286	0.0367557	0.001153107	0.0005225889	0.0003165804	0.0003046616	0.0002170625	0.0002014763	1.89401e-05	1.823999e-05	1.719923e-05	1.718469e-05	1.717941e-05	1.716082e-05	2.635115e-06	8.394451e-08	4.080611e-08	3.527085e-08	3.419592e-08	2.938359e-08	2.629027e-08	1.151561e-08	1.132535e-08	9.104204e-11
112	0.5405373	0.4881288	0.4759225	0.2312986	0.1829879	0.1477431	0.08780304	0.0845342	0.0365902	0.001005622	0.0003907384	0.0001865082	0.0001746498	8.782118e-05	7.284744e-05	1.855965e-05	1.81886e-05	1.726182e-05	1.724852e-05	1.724317e-05	1.722607e-05	2.635517e-06	8.115924e-08	3.881512e-08	3.451056e-08	3.358051e-08	2.900143e-08	2.589382e-08	1.122636e-08	1.104098e-08
113	0.4850199	0.467389	0.4382582	0.4285876	0.190066	0.1436814	0.1384875	0.07761459	0.07445397	0.03653008	0.0009517788	0.0003801842	0.0001782807	0.0001676547	8.294652e-05	6.849392e-05	1.844528e-05	1.812847e-05	1.732359e-05	1.731283e-05	1.730741e-05	1.730174e-05	2.627923e-06	7.588971e-08	3.683557e-08	3.314897e-08	3.238277e-08	2.84215e-08	2.529571e-08	1.080348e-08
114	0.8893423	0.4743152	0.4569141	0.428189	0.419424	0.182445	0.1367703	0.1322956	0.07027093	0.06714075	0.03581776	0.0009163378	0.0003590719	0.0001628916	0.0001525441	6.918811e-05	5.535972e-05	1.798593e-05	1.770459e-05	1.700613e-05	1.69957e-05	1.699025e-05	1.698596e-05	2.578668e-06	7.348381e-08	3.552927e-08	3.207459e-08	3.151202e-08	2.765033e-08	2.458016e-08
115	0.7846137	0.6954864	0.2935529	0.2763924	0.2493206	0.2416091	0.1693332	0.1254875	0.1215959	0.06238566	0.05951957	0.03487994	0.0008925012	0.0003504534	0.0001582291	0.0001481219	6.649653e-05	5.283313e-05	1.752652e-05	1.725194e-05	1.657055e-05	1.656095e-05	1.655814e-05	1.655407e-05	2.514513e-06	7.181295e-08	3.492346e-08	3.15493e-08	3.10078e-08	2.720697e-08
116	0.6955959	0.6804011	0.5940989	0.198989	0.1830718	0.1600986	0.1537161	0.1347094	0.1146689	0.1112863	0.05236189	0.05005432	0.02857149	0.0007416643	0.0002930339	0.0001330915	0.0001247186	5.699109e-05	4.530151e-05	1.439216e-05	1.413453e-05	1.353584e-05	1.352725e-05	1.35252e-05	1.35214e-05	2.062545e-06	6.073121e-08	2.965782e-08	2.670316e-08	2.61916e-08
117	0.8615838	0.6498942	0.6353757	0.547921	0.1510757	0.1466391	0.1316235	0.1267593	0.1142054	0.1049739	0.1021535	0.04191839	0.04030702	0.02170495	0.0005816478	0.0002321532	0.0001064261	9.990331e-05	4.698744e-05	3.726907e-05	1.097868e-05	1.073969e-05	1.022717e-05	1.021925e-05	1.021782e-05	1.02143e-05	1.569883e-06	4.896242e-08	2.422966e-08	2.169499e-08
118	0.2148401	0.2093827	0.1819113	0.1808593	0.09302634	0.06508181	0.06089816	0.05209916	0.04887709	0.03962792	0.033456	0.03121744	0.03091065	0.02931304	0.01437458	0.0004099163	0.0001659098	7.669417e-05	7.213472e-05	3.493793e-05	2.740521e-05	7.200125e-06	7.057618e-06	6.706492e-06	6.702869e-06	6.701912e-06	6.699653e-06	1.034712e-06	3.317324e-08	1.718224e-08
119	0.1173779	0.0980512	0.09327813	0.06599995	0.06505213	0.05945649	0.03897076	0.03826957	0.03339111	0.03155028	0.02496236	0.02118366	0.01958148	0.01934765	0.01925217	0.007744322	0.0002290818	9.490693e-05	4.566157e-05	4.317371e-05	2.274733e-05	1.841673e-05	3.888996e-06	3.770051e-06	3.532874e-06	3.529974e-06	3.529492e-06	3.527564e-06	5.596015e-07	1.958054e-08
120	0.1110262	0.07447986	0.06184702	0.05722506	0.02944621	0.0285511	0.02286586	0.01984507	0.01930811	0.01853472	0.01799194	0.01327586	0.01171463	0.01052656	0.01036396	0.01029604	0.001238466	7.722689e-05	3.68159e-05	2.032316e-05	1.959155e-05	1.327563e-05	1.087595e-05	6.675259e-07	5.667525e-07	4.128776e-07	4.106162e-07	4.105556e-07	4.088955e-07	9.239135e-08
121	0.2034246	0.07716801	0.05095154	0.04120688	0.03681803	0.0085099	0.007775369	0.0076606	0.00553864	0.005383764	0.005069527	0.004848616	0.003381697	0.002912479	0.002567433	0.002520195	0.002498413	0.0003901215	2.847948e-05	1.569847e-05	1.036291e-05	1.012967e-05	8.097223e-06	7.290283e-06	2.843755e-07	2.247738e-07	1.310208e-07	1.293689e-07	1.293453e-07	1.282231e-07
122	0.04901141	0.04731827	0.03468324	0.03422483	0.02899465	0.02886594	0.001390959	0.0008021666	0.0007390448	0.0006964702	0.0006671202	0.0005568323	0.0005197749	0.0003545985	0.0003118256	0.0002297009	0.0002247383	0.00022199	1.918087e-05	2.613335e-06	2.009225e-06	1.784735e-06	1.773931e-06	1.702663e-06	1.665085e-06	3.484453e-08	2.18208e-08	7.752789e-09	7.587945e-09	7.578697e-09
123	0.1371696	0.04386417	0.04312808	0.03506364	0.03487187	0.02956409	0.02945325	0.001220545	0.0006163233	0.0005540084	0.0005218834	0.0004981881	0.0003953481	0.0003660183	0.0002583974	0.0002306312	0.0001636757	0.0001604361	0.0001585356	1.29527e-05	1.758154e-06	1.298985e-06	1.126747e-06	1.118522e-06	1.067549e-06	1.03926e-06	2.342047e-08	1.389191e-08	5.255378e-09	5.142256e-09
124	0.08379466	0.06682076	0.007252393	0.0067616	0.001335355	0.001191838	0.001131582	0.001114878	0.001098634	0.0005062724	0.0004431512	0.0004150541	0.0003942681	0.0002930763	0.0002704278	0.0001999735	0.0001810887	0.000124078	0.0001219432	0.0001205798	9.935035e-06	1.098235e-06	7.191891e-07	5.641184e-07	5.575516e-07	5.138265e-07	4.897262e-07	1.489901e-08	8.050461e-09	3.930872e-09
125	0.6163708	0.08249452	0.06587773	0.006569245	0.006086296	0.0007391542	0.0005944894	0.0005343804	0.0005201951	0.0005118194	0.0005097986	0.0004449054	0.0004163798	0.0003953004	0.0002915512	0.0002688681	0.0001999153	0.0001813023	0.0001239136	0.0001218222	0.0001204714	1.001299e-05	1.051565e-06	6.64917e-07	5.059738e-07	4.992678e-07	4.545344e-07	4.299379e-07	1.447259e-08	7.610244e-09
126	0.413615	0.3019415	0.05590132	0.04693041	0.00518118	0.004758525	0.0005496287	0.0004643503	0.0004155863	0.0004028259	0.0003949147	0.0003929666	0.000391129	0.0003656871	0.0003609408	0.0002549527	0.0002334016	0.000181589	0.0001662303	0.0001103068	0.0001086908	0.0001079128	9.724689e-06	9.575709e-07	5.95824e-07	4.446988e-07	4.383795e-07	3.97054e-07	3.760275e-07	1.181584e-08
127	0.3522849	0.3448894	0.2655189	0.0534068	0.04549203	0.005047048	0.004639795	0.0005394485	0.0004574568	0.0004094026	0.0003964986	0.0003884606	0.0003864756	0.0003846325	0.0003682665	0.0003635545	0.0002551229	0.0002333439	0.0001819495	0.0001668774	0.0001106781	0.000109098	0.0001083256	9.620304e-06	8.806327e-07	5.207609e-07	3.701774e-07	3.638747e-07	3.231536e-07	3.025872e-07
128	0.9991781	0.3494747	0.3421445	0.2603728	0.05004374	0.042333	0.004746584	0.00434996	0.0005145921	0.0004320164	0.0003861983	0.0003831546	0.0003796027	0.0003779058	0.0003760544	0.0003598577	0.0003551863	0.0002434375	0.0002211411	0.0001702573	0.0001551702	9.810651e-05	9.654143e-05	9.577597e-05	9.695615e-06	8.555172e-07	5.139022e-07	3.590562e-07	3.526262e-07	3.117439e-07
129	0.7530271	0.7526711	0.3180045	0.3126585	0.2329182	0.03979259	0.03309085	0.003834818	0.003476764	0.0004507364	0.0003798924	0.0003424584	0.0003406307	0.0003393712	0.0003386158	0.0003369083	0.0003222956	0.0003182348	0.0002049476	0.000183505	0.0001395211	0.0001266892	6.989425e-05	6.853675e-05	6.787199e-05	6.50256e-06	6.783254e-07	4.449396e-07	3.202916e-07	3.153436e-07
130	0.6649376	0.663781	0.6636489	0.2805875	0.2760507	0.2224429	0.03630308	0.03016013	0.003522374	0.003187078	0.0004372058	0.0003677246	0.0003325673	0.0003309057	0.0003297941	0.0003293794	0.0003278208	0.0003135558	0.0003099339	0.0001934441	0.0001719516	0.0001326178	0.00012082	6.299793e-05	6.177535e-05	6.11821e-05	5.829356e-06	6.32696e-07	4.14603e-07	2.942039e-07
131	0.5168538	0.5161692	0.5157168	0.5156268	0.1844742	0.1802938	0.1327222	0.03177744	0.02619459	0.002887679	0.002701703	0.0002866811	0.0002289084	0.0001966209	0.0001950481	0.0001939942	0.0001935998	0.0001921283	0.0001863271	0.0001831084	0.0001783443	0.0001563772	0.0001216175	0.0001116096	5.2441e-05	5.136995e-05	5.084344e-05	5.618308e-06	5.64566e-07	3.615993e-07
132	0.8195857	0.4485405	0.4480959	0.4476621	0.4475784	0.1615007	0.1578916	0.1131465	0.02367558	0.02051765	0.002251544	0.00213075	0.0002135392	0.0001913353	0.0001696351	0.0001683491	0.0001673935	0.0001670909	0.0001657398	0.0001608112	0.000158099	0.000153701	0.0001353345	0.0001062413	9.764187e-05	3.761267e-05	3.671162e-05	3.626736e-05	5.109388e-06	4.579866e-07
133	0.7815756	0.7120885	0.3314003	0.33096	0.3305223	0.33044	0.1497644	0.1466781	0.1018556	0.02220658	0.01938406	0.002111428	0.00199928	0.00019309	0.0001721713	0.0001547829	0.000153575	0.0001527172	0.0001524254	0.000151081	0.0001463135	0.0001437165	0.0001395448	0.0001334566	0.0001057118	9.744993e-05	3.593282e-05	3.507089e-05	3.464569e-05	4.862738e-06
134	0.811786	0.7729332	0.7014146	0.305626	0.3051714	0.3047184	0.3046332	0.1414287	0.1387801	0.09217188	0.0218295	0.01930469	0.002088475	0.00198123	0.0001950837	0.0001741022	0.000156721	0.0001554945	0.0001546163	0.0001543257	0.00015296	0.0001481457	0.0001455672	0.0001413993	0.000135263	0.0001077879	9.95182e-05	3.61091e-05	3.525394e-05	3.483192e-05
135	0.8887677	0.7649835	0.7398294	0.6886902	0.2765035	0.2760372	0.2755699	0.2754822	0.1299138	0.1275752	0.07906242	0.02140426	0.01917763	0.002058864	0.001957533	0.0001956631	0.0001746376	0.0001572949	0.0001560328	0.0001551314	0.0001548335	0.0001534437	0.0001487299	0.0001461671	0.0001423747	0.0001361825	0.0001089477	0.0001017424	3.626451e-05	3.542579e-05
136	0.8858231	0.860262	0.7511145	0.7265658	0.6738735	0.2438815	0.2434012	0.2429181	0.2428277	0.118102	0.1161717	0.06555212	0.02013666	0.01832496	0.001957844	0.001868413	0.0001928955	0.0001725072	0.0001558244	0.000154646	0.0001540119	0.0001537379	0.0001523314	0.0001476604	0.0001451505	0.0001414004	0.0001352204	0.0001086614	0.0001017609	3.437683e-05
137	0.2853282	0.2799102	0.2627059	0.1858343	0.1676736	0.1603018	0.158289	0.157846	0.1574055	0.1573247	0.1032547	0.1024558	0.05000755	0.01686061	0.01551306	0.001638703	0.001567165	0.0001208664	0.0001014632	8.65628e-05	8.541792e-05	8.483108e-05	8.466721e-05	8.323814e-05	7.857622e-05	7.61009e-05	7.237347e-05	6.87461e-05	4.265804e-05	3.594462e-05
138	0.3960467	0.237473	0.2320109	0.2141628	0.1487944	0.1309924	0.1248603	0.122813	0.1225764	0.1224967	0.1224742	0.0929545	0.09257529	0.03765919	0.01666201	0.01567678	0.0016367	0.001570816	0.0001224947	0.0001028882	8.775036e-05	8.656007e-05	8.595105e-05	8.578186e-05	8.430791e-05	7.980672e-05	7.728867e-05	7.352499e-05	6.987712e-05	4.31832e-05
139	0.2931582	0.2169419	0.1161192	0.1127399	0.09445204	0.07363031	0.06484179	0.05973501	0.05773158	0.05770462	0.05768021	0.05767541	0.031508	0.03118733	0.02983625	0.01037342	0.009558755	0.0009958611	0.0009491031	8.153756e-05	6.313818e-05	5.291585e-05	5.176111e-05	5.119307e-05	5.104842e-05	5.074995e-05	4.758877e-05	4.649192e-05	4.294288e-05	4.043747e-05
140	0.6379628	0.2562037	0.1802065	0.08580073	0.08384346	0.06494524	0.05324558	0.05084498	0.04771871	0.04578056	0.04576556	0.04575261	0.04574995	0.02362613	0.02336978	0.02195452	0.005680717	0.005016875	0.0005280057	0.0004959886	5.256949e-05	3.489354e-05	2.838982e-05	2.725571e-05	2.672155e-05	2.659863e-05	2.650602e-05	2.426543e-05	2.394805e-05	2.079031e-05
141	0.7523598	0.6001456	0.20286	0.1239534	0.07932696	0.07786659	0.05803316	0.04853822	0.04650481	0.04422643	0.04227644	0.04226353	0.04225248	0.04225018	0.02136067	0.02112635	0.01963406	0.004840894	0.004246251	0.0004352744	0.0004086186	3.474402e-05	2.935808e-05	2.355924e-05	2.258231e-05	2.211857e-05	2.200717e-05	2.192584e-05	1.980972e-05	1.953676e-05
142	0.6592673	0.6538538	0.5422278	0.1504949	0.07131776	0.0512305	0.05008862	0.04959064	0.04179436	0.04008606	0.03856438	0.03816311	0.03815225	0.03814306	0.03814109	0.01913875	0.01892689	0.01734832	0.004007742	0.003505041	0.0003533165	0.0003316669	2.408552e-05	2.189615e-05	1.839542e-05	1.824346e-05	1.785039e-05	1.776772e-05	1.76938e-05	1.567479e-05
143	0.2404246	0.1428559	0.1388779	0.08806338	0.05716906	0.0481602	0.03598	0.03502607	0.03476742	0.02808348	0.02659727	0.0256712	0.02555358	0.02554421	0.02553639	0.02553466	0.01763043	0.01743556	0.01575959	0.0034169	0.002961249	0.0002976225	0.0002787874	1.94132e-05	1.74912e-05	1.480552e-05	1.472069e-05	1.466067e-05	1.460629e-05	1.453713e-05
144	0.3512708	0.2029987	0.1098957	0.1062484	0.08127731	0.05180368	0.04551288	0.03366989	0.03280843	0.03258404	0.02640544	0.02501687	0.02419337	0.02410016	0.02409156	0.02408445	0.02408284	0.01686501	0.01669351	0.01490636	0.003096313	0.002664771	0.0002707323	0.0002531898	1.780402e-05	1.600227e-05	1.360874e-05	1.35553e-05	1.35165e-05	1.349948e-05
145	0.8439461	0.2612127	0.1405752	0.08123379	0.07828012	0.05614595	0.03294406	0.02816281	0.0237416	0.02300883	0.02282177	0.0178377	0.01678572	0.01636524	0.01628907	0.01628182	0.01627558	0.01627412	0.01062628	0.01048812	0.008574253	0.002583646	0.002313622	0.0002248673	0.0002122966	1.38382e-05	1.2462e-05	1.043181e-05	1.038648e-05	1.035309e-05
146	0.1849196	0.1719395	0.1530189	0.07863919	0.04271195	0.04055401	0.0262086	0.01837077	0.01655423	0.01345306	0.01288437	0.01274643	0.009240402	0.008545398	0.008262801	0.00820891	0.008203947	0.008199391	0.008198532	0.005336241	0.005266639	0.005264066	0.001966662	0.0018059	0.0001764685	0.0001677947	1.094512e-05	9.996704e-06	8.447364e-06	8.412541e-06
147	0.1168614	0.1102128	0.1049305	0.0972742	0.04707844	0.02417329	0.0227542	0.01136298	0.008743158	0.008120754	0.00607738	0.005701529	0.00561708	0.003281492	0.002846223	0.002702378	0.002671929	0.00266877	0.002665755	0.00266518	0.001854679	0.001842262	0.001840251	0.001249489	0.001191845	0.000120641	0.0001160339	7.601038e-06	7.112244e-06	6.09945e-06
148	0.2095538	0.08634554	0.08197205	0.078378	0.07270762	0.03577279	0.01895099	0.01789014	0.007653668	0.006032589	0.005645501	0.004132902	0.00385137	0.003788442	0.002055573	0.001738361	0.001639761	0.001617257	0.001614916	0.001612652	0.001612217	0.001042546	0.00103247	0.001030794	0.0009201282	0.0008922328	8.9718e-05	8.681933e-05	5.623515e-06	5.35618e-06
149	0.1289715	0.1206052	0.04794137	0.04532809	0.04312885	0.03957102	0.01676701	0.006375848	0.005717407	0.00467535	0.003690518	0.003453782	0.002519447	0.002344686	0.002307187	0.001233051	0.001036115	0.0009739803	0.0009607878	0.0009593298	0.0009579155	0.0009576399	0.0006365752	0.000628549	0.00062727	0.0005720807	0.0005541434	5.541984e-05	5.35945e-05	3.468975e-06
150	0.1800687	0.08860304	0.08280696	0.03350638	0.03161167	0.02986537	0.02715541	0.01158236	0.004491555	0.004035316	0.003292677	0.002577323	0.002404557	0.001765568	0.001644556	0.001617757	0.0008826966	0.0007474123	0.0007035522	0.0006936848	0.0006926694	0.0006916819	0.0006914857	0.0004461452	0.000438449	0.0004373442	0.0003970706	0.0003837239	3.765181e-05	3.636722e-05
151	0.9833957	0.1783498	0.08817981	0.08235973	0.03319399	0.03131238	0.02994884	0.02714989	0.0115849	0.004516489	0.004058651	0.003309098	0.002585258	0.002410788	0.00177198	0.001650569	0.001623438	0.0008881839	0.0007527419	0.000708516	0.0006983983	0.0006973777	0.0006963842	0.0006961857	0.0004436091	0.0004408684	0.0004396891	0.0003986608	0.0003849893	3.75743e-05
152	0.9862361	0.9796079	0.1770416	0.08692577	0.0810661	0.03204776	0.03022973	0.02889563	0.02697457	0.01162151	0.004561699	0.004101485	0.003336973	0.002591804	0.002412004	0.001773106	0.001651087	0.001623373	0.0009058668	0.0007706499	0.0007258164	0.0007152902	0.000714269	0.0007132774	0.0007130842	0.0004476991	0.0004448087	0.0004443196	0.000401999	0.0003877139
153	0.9900764	0.9798988	0.9753378	0.1753595	0.08675058	0.08082536	0.03196722	0.03010626	0.02873333	0.02682433	0.01161841	0.004626738	0.004162034	0.003378194	0.002604665	0.002417868	0.001793511	0.001670357	0.001641878	0.0009261771	0.0007940617	0.000749234	0.0007381831	0.0007371503	0.0007361466	0.0007359502	0.0004538181	0.0004507381	0.0004502531	0.0004065682
154	0.9920252	0.9881152	0.977797	0.9732586	0.1752841	0.08683345	0.08088327	0.03215874	0.03022874	0.02879517	0.02690277	0.01173594	0.004748825	0.00427733	0.003464962	0.002650274	0.002453332	0.001830305	0.001705405	0.001675804	0.0009614506	0.0008292295	0.0007834922	0.0007716875	0.0007706523	0.000769654	0.000769468	0.0004633326	0.0004599812	0.0004595125
155	0.999572	0.9910321	0.9866359	0.9759088	0.9713677	0.1755472	0.08716974	0.0810797	0.03250194	0.03047465	0.02894791	0.02706223	0.01192835	0.004937718	0.004455165	0.003599648	0.002722977	0.00251094	0.001887918	0.001760174	0.001728874	0.001015448	0.000882835	0.0008356637	0.0008227315	0.000821672	0.0008206507	0.0008204608	0.0004780718	0.0004743198
156	0.9970358	0.9966229	0.9892492	0.9843226	0.9734212	0.9688772	0.175108	0.08694859	0.08081004	0.03233218	0.03053362	0.02896737	0.0270857	0.01198516	0.005005612	0.004519227	0.003648722	0.002748252	0.002530726	0.001908752	0.001780025	0.00174782	0.001035717	0.0009031726	0.0008554885	0.0008417618	0.000840694	0.0008396646	0.0008394735	0.0004827772
157	0.9915534	0.9913472	0.9909428	0.9839591	0.9800985	0.9696809	0.9651828	0.1743413	0.08649518	0.08036771	0.03217704	0.03041017	0.02887138	0.02699802	0.01195157	0.0049959	0.004510368	0.003643294	0.002741101	0.002523172	0.00190343	0.001774935	0.00174394	0.001034327	0.0009022107	0.0008545861	0.0008423632	0.0008412972	0.0008402697	0.0008400789
158	0.9945506	0.9869482	0.9867437	0.9863408	0.9794307	0.9772483	0.9670088	0.962531	0.1738551	0.08624954	0.08013882	0.03208453	0.03032318	0.02879176	0.02692358	0.01191828	0.004981625	0.004497419	0.00363292	0.002733205	0.002515882	0.001897842	0.001769698	0.001738924	0.00103125	0.0008994947	0.0008520001	0.0008400509	0.0008389878	0.0008379631
