#unpaired probabilities
 #i$	l=1	2	3	4	5	6	7	8	9	10	11	12	13	14	15	16	17	18	19	20	21	22	23	24	25	26	27	28	29	30	
1	0.9312277	NA	NA	NA	NA	NA	NA	NA	NA	NA	NA	NA	NA	NA	NA	NA	NA	NA	NA	NA	NA	NA	NA	NA	NA	NA	NA	NA	NA	NA
2	0.9967129	0.9303389	NA	NA	NA	NA	NA	NA	NA	NA	NA	NA	NA	NA	NA	NA	NA	NA	NA	NA	NA	NA	NA	NA	NA	NA	NA	NA	NA	NA
3	0.9973263	0.994775	0.9289887	NA	NA	NA	NA	NA	NA	NA	NA	NA	NA	NA	NA	NA	NA	NA	NA	NA	NA	NA	NA	NA	NA	NA	NA	NA	NA	NA
4	0.9986939	0.9962306	0.9936563	0.9280461	NA	NA	NA	NA	NA	NA	NA	NA	NA	NA	NA	NA	NA	NA	NA	NA	NA	NA	NA	NA	NA	NA	NA	NA	NA	NA
5	0.976763	0.9752069	0.9723479	0.9693388	0.9075006	NA	NA	NA	NA	NA	NA	NA	NA	NA	NA	NA	NA	NA	NA	NA	NA	NA	NA	NA	NA	NA	NA	NA	NA	NA
6	0.9879683	0.9651697	0.9640412	0.9614668	0.9590597	0.8977866	NA	NA	NA	NA	NA	NA	NA	NA	NA	NA	NA	NA	NA	NA	NA	NA	NA	NA	NA	NA	NA	NA	NA	NA
7	0.04498466	0.04193067	0.04168445	0.04119248	0.04061408	0.03897988	0.03722333	NA	NA	NA	NA	NA	NA	NA	NA	NA	NA	NA	NA	NA	NA	NA	NA	NA	NA	NA	NA	NA	NA	NA
8	0.1014069	0.02605096	0.02586126	0.02579034	0.02533648	0.02474784	0.02365177	0.02258287	NA	NA	NA	NA	NA	NA	NA	NA	NA	NA	NA	NA	NA	NA	NA	NA	NA	NA	NA	NA	NA	NA
9	0.2105662	0.0976671	0.02522932	0.02504505	0.02498131	0.02452808	0.02393931	0.0228422	0.02183064	NA	NA	NA	NA	NA	NA	NA	NA	NA	NA	NA	NA	NA	NA	NA	NA	NA	NA	NA	NA	NA
10	0.9881952	0.2062451	0.096327	0.02488603	0.02470958	0.02464884	0.02419761	0.0236112	0.02251843	0.02152045	NA	NA	NA	NA	NA	NA	NA	NA	NA	NA	NA	NA	NA	NA	NA	NA	NA	NA	NA	NA
11	0.7523684	0.7245035	0.184604	0.0875133	0.02269962	0.02256661	0.02253776	0.02209404	0.02151299	0.02042848	0.01957504	NA	NA	NA	NA	NA	NA	NA	NA	NA	NA	NA	NA	NA	NA	NA	NA	NA	NA	NA
12	0.04505562	0.01252058	0.01274706	0.001529941	0.0006713511	0.0001741001	0.0001725106	0.0001722594	0.0001680183	0.0001634569	0.0001548874	0.0001484544	NA	NA	NA	NA	NA	NA	NA	NA	NA	NA	NA	NA	NA	NA	NA	NA	NA	NA
13	0.08434524	0.04212452	0.009867987	0.01016335	0.0007652376	0.0003727359	9.602802e-05	9.575809e-05	9.562872e-05	9.289912e-05	9.030768e-05	8.541308e-05	8.191491e-05	NA	NA	NA	NA	NA	NA	NA	NA	NA	NA	NA	NA	NA	NA	NA	NA	NA
14	0.008987374	0.003331082	0.0006599001	0.000305889	0.0001568713	5.533781e-05	2.865587e-05	6.476696e-06	6.40534e-06	6.319832e-06	6.020931e-06	5.785295e-06	5.423567e-06	5.1945e-06	NA	NA	NA	NA	NA	NA	NA	NA	NA	NA	NA	NA	NA	NA	NA	NA
15	0.009237428	0.00854465	0.003145116	0.0006265269	0.0002835829	0.0001355189	4.636514e-05	2.307622e-05	5.909141e-06	5.884383e-06	5.861924e-06	5.638021e-06	5.423887e-06	5.09962e-06	4.887492e-06	NA	NA	NA	NA	NA	NA	NA	NA	NA	NA	NA	NA	NA	NA	NA
16	0.0540374	0.009177262	0.00851985	0.003132497	0.0006257518	0.0002831834	0.0001351747	4.617865e-05	2.298252e-05	5.886463e-06	5.865483e-06	5.843866e-06	5.621246e-06	5.407737e-06	5.084613e-06	4.873206e-06	NA	NA	NA	NA	NA	NA	NA	NA	NA	NA	NA	NA	NA	NA
17	0.2564481	0.05341129	0.00902528	0.008388237	0.003076533	0.0006208418	0.0002785044	0.0001319086	4.383068e-05	2.178698e-05	5.58527e-06	5.566821e-06	5.547942e-06	5.416131e-06	5.234171e-06	4.965914e-06	4.764546e-06	NA	NA	NA	NA	NA	NA	NA	NA	NA	NA	NA	NA	NA
18	0.9990837	0.2561778	0.05318103	0.008799436	0.008171318	0.002925792	0.000500736	0.0001479335	0.0001299766	4.24451e-05	2.109556e-05	5.417038e-06	5.401355e-06	5.385884e-06	5.270408e-06	5.119166e-06	4.879128e-06	4.683812e-06	NA	NA	NA	NA	NA	NA	NA	NA	NA	NA	NA	NA
19	0.9646115	0.9645943	0.2217252	0.01880661	0.005045441	0.004532831	0.001979617	0.0004539528	0.0001116294	9.822301e-05	2.696819e-05	1.34206e-05	3.424572e-06	3.412603e-06	3.402558e-06	3.330373e-06	3.230016e-06	3.094006e-06	2.971245e-06	NA	NA	NA	NA	NA	NA	NA	NA	NA	NA	NA
20	0.9649858	0.9641202	0.9641086	0.2212397	0.01832191	0.004563103	0.004485453	0.001948381	0.0004534261	0.0001111522	9.780297e-05	2.661934e-05	1.319307e-05	3.39982e-06	3.388113e-06	3.378378e-06	3.306787e-06	3.206875e-06	3.071658e-06	2.950365e-06	NA	NA	NA	NA	NA	NA	NA	NA	NA	NA
21	0.2569214	0.2220334	0.2211949	0.2211834	0.2211814	0.01826432	0.004505789	0.004463612	0.001937787	0.0004531099	0.0001108785	9.758432e-05	2.646381e-05	1.311493e-05	3.378359e-06	3.366654e-06	3.356591e-06	3.28619e-06	3.187909e-06	3.055727e-06	2.935337e-06	NA	NA	NA	NA	NA	NA	NA	NA	NA
22	0.05285921	0.05227029	0.01868625	0.01839364	0.01838533	0.01838367	0.01821209	0.004454893	0.004413005	0.001915211	0.0004440917	0.0001011846	9.703852e-05	2.606915e-05	1.291175e-05	3.315797e-06	3.302067e-06	3.289048e-06	3.216476e-06	3.151933e-06	3.025715e-06	2.906993e-06	NA	NA	NA	NA	NA	NA	NA	NA
23	0.007759962	0.007665767	0.007619268	0.002857431	0.002784581	0.002781243	0.002780366	0.002735	0.001849931	0.001813467	0.0007370456	7.318951e-05	7.382121e-05	7.52153e-05	1.154774e-05	5.697186e-06	1.473026e-06	1.469354e-06	1.466813e-06	1.438655e-06	1.402813e-06	1.335139e-06	1.280587e-06	NA	NA	NA	NA	NA	NA	NA
24	0.03615708	0.007426236	0.007361115	0.007318965	0.002620665	0.002590381	0.002587294	0.002586472	0.002544763	0.001660949	0.001656343	0.0006752392	7.112057e-05	7.207329e-05	7.380497e-05	1.055198e-05	5.203027e-06	1.34904e-06	1.346259e-06	1.344689e-06	1.317896e-06	1.28359e-06	1.218721e-06	1.168865e-06	NA	NA	NA	NA	NA	NA
25	0.09820402	0.002520468	0.002197877	0.00217072	0.002139493	0.001556849	0.001532536	0.001530394	0.001529621	0.001494085	0.001449894	0.001445486	0.0005651915	2.040609e-05	1.734488e-05	1.419554e-05	9.420366e-06	4.640737e-06	1.205419e-06	1.203423e-06	1.202915e-06	1.179629e-06	1.148649e-06	1.090735e-06	1.045961e-06	NA	NA	NA	NA	NA
26	0.2239526	0.09712631	0.002467384	0.00217428	0.002147384	0.002116309	0.001537944	0.001524674	0.001522541	0.00152177	0.001486383	0.001442242	0.001439324	0.0005627089	2.023661e-05	1.718022e-05	1.403488e-05	9.264362e-06	4.619095e-06	1.20043e-06	1.198453e-06	1.197961e-06	1.174758e-06	1.143884e-06	1.086167e-06	1.04164e-06	NA	NA	NA	NA
27	0.8392316	0.1237787	0.08841189	0.002217713	0.002017605	0.001991481	0.001962931	0.001417016	0.001412521	0.001410533	0.001409784	0.001377435	0.001334266	0.001333038	0.0005196651	1.865606e-05	1.582999e-05	1.295866e-05	8.50285e-06	4.239786e-06	1.102421e-06	1.100677e-06	1.100273e-06	1.081576e-06	1.055916e-06	1.007796e-06	9.671941e-07	NA	NA	NA
28	0.4946892	0.4603636	0.1187865	0.08557345	0.002034734	0.001841899	0.001816185	0.001791382	0.001358686	0.001354326	0.00135239	0.001351647	0.001322076	0.001298437	0.00129722	0.0005027996	1.712893e-05	1.446457e-05	1.177393e-05	7.997614e-06	3.9722e-06	1.013791e-06	1.008021e-06	1.002047e-06	9.956654e-07	9.876445e-07	9.726033e-07	9.367799e-07	NA	NA
29	0.7168628	0.4919828	0.4581558	0.1185658	0.0854431	0.002011105	0.001819016	0.001812595	0.001787924	0.001355735	0.001351481	0.001350025	0.001349815	0.001320405	0.001296804	0.001295612	0.0005015503	1.706428e-05	1.440924e-05	1.173288e-05	7.967547e-06	3.956367e-06	1.008218e-06	1.002195e-06	9.957788e-07	9.904444e-07	9.839212e-07	9.716891e-07	9.362017e-07	NA
30	0.7204857	0.7022518	0.483657	0.4500577	0.1155417	0.08534598	0.001998702	0.001815253	0.001808854	0.001784258	0.001352375	0.001349198	0.001347745	0.001347535	0.0013182	0.00129462	0.001294077	0.0005002724	1.703212e-05	1.438055e-05	1.171072e-05	7.950962e-06	3.947664e-06	1.005568e-06	9.994235e-07	9.928292e-07	9.880095e-07	9.81868e-07	9.70336e-07	9.354287e-07
31	0.7497979	0.4991737	0.4843415	0.4102702	0.3787117	0.1141249	0.08440117	0.001939056	0.001757024	0.001750705	0.001726963	0.001331059	0.001327916	0.001326477	0.001326269	0.001297775	0.001286548	0.001286009	0.0004955121	1.644476e-05	1.381358e-05	1.11766e-05	7.800763e-06	3.868537e-06	9.799316e-07	9.727158e-07	9.647465e-07	9.642914e-07	9.619653e-07	9.574952e-07
32	0.7771748	0.7457167	0.4981212	0.4833792	0.4097919	0.3782568	0.1140604	0.0843684	0.001936558	0.001755031	0.001749715	0.001725987	0.001330226	0.001327128	0.001325888	0.001325767	0.001297288	0.001286065	0.001285542	0.0004953124	1.643672e-05	1.380665e-05	1.117096e-05	7.796507e-06	3.866663e-06	9.793911e-07	9.721984e-07	9.642158e-07	9.637957e-07	9.615212e-07
33	0.7298291	0.7076898	0.6939706	0.4492701	0.4350188	0.4061852	0.37625	0.1134304	0.08427282	0.001931769	0.001751864	0.001746566	0.001722992	0.001327729	0.001325114	0.001323877	0.001323756	0.001295467	0.001284296	0.001284126	0.000494311	1.635981e-05	1.373611e-05	1.111598e-05	7.756194e-06	3.845619e-06	9.727874e-07	9.653279e-07	9.569571e-07	9.583288e-07
34	0.2094821	0.16356	0.1587974	0.1535741	0.0982453	0.09503531	0.0879904	0.08149285	0.02303517	0.01711221	0.0003943116	0.000356371	0.0003552239	0.0003498985	0.0002702286	0.0002693188	0.000269036	0.0002690043	0.0002626782	0.0002605095	0.0002604375	0.0001002119	3.639451e-06	3.107287e-06	2.502385e-06	1.764469e-06	8.714669e-07	2.167907e-07	2.143182e-07	2.113632e-07
35	0.2879966	0.2049584	0.1603141	0.1556695	0.1505115	0.09625014	0.09310223	0.08620217	0.07983144	0.0225254	0.01673323	0.0003855699	0.000348446	0.0003473677	0.0003421446	0.0002642322	0.000263338	0.0002630863	0.0002630596	0.0002568567	0.0002547291	0.0002546602	9.800667e-05	3.567841e-06	3.047514e-06	2.454078e-06	1.73051e-06	8.548017e-07	2.125453e-07	2.101048e-07
36	0.252976	0.2458094	0.1995263	0.1553102	0.150813	0.1479403	0.09502323	0.09190431	0.08570852	0.07937652	0.02240597	0.01665167	0.0003821352	0.0003466442	0.0003455711	0.0003403757	0.0002628387	0.0002620459	0.0002617953	0.0002617688	0.0002555994	0.0002534849	0.000253445	9.753001e-05	3.546987e-06	3.029016e-06	2.439058e-06	1.719802e-06	8.494906e-07	2.113868e-07
37	0.1667971	0.07869783	0.07394739	0.06151781	0.04702512	0.04551068	0.04404861	0.02737615	0.02636602	0.02427084	0.02228173	0.004832687	0.00356376	8.363941e-05	7.582313e-05	7.55867e-05	7.389781e-05	5.706417e-05	5.660311e-05	5.653854e-05	5.653044e-05	5.458618e-05	5.388391e-05	5.386342e-05	2.145818e-05	1.088749e-06	9.792402e-07	7.833808e-07	5.583911e-07	2.771829e-07
38	0.09634534	0.05438555	0.0471436	0.04532584	0.03759045	0.02818831	0.027215	0.02634182	0.01585893	0.01520944	0.01385075	0.01260256	0.001866735	0.001355261	3.324103e-05	3.011066e-05	3.000999e-05	2.891923e-05	2.233066e-05	2.192847e-05	2.189499e-05	2.18898e-05	2.066649e-05	2.020452e-05	2.018831e-05	8.6186e-06	6.712126e-07	6.30551e-07	5.017495e-07	3.606141e-07
39	0.7036709	0.09295127	0.05163272	0.04556499	0.04390014	0.03660465	0.02739597	0.02647304	0.02566492	0.01539566	0.01475895	0.01346466	0.01224199	0.001769456	0.001283329	3.15759e-05	2.861227e-05	2.851608e-05	2.744583e-05	2.119207e-05	2.079585e-05	2.07634e-05	2.075831e-05	1.955974e-05	1.91062e-05	1.909154e-05	8.197114e-06	6.548067e-07	6.161934e-07	4.895154e-07
40	0.7837893	0.7019208	0.09138517	0.05068378	0.04466587	0.04319087	0.03621056	0.02704354	0.02614415	0.02557074	0.01534012	0.01470567	0.01343016	0.01221198	0.001765742	0.001281009	3.109421e-05	2.822032e-05	2.81243e-05	2.705763e-05	2.081666e-05	2.07605e-05	2.072813e-05	2.072305e-05	1.952892e-05	1.907662e-05	1.906419e-05	8.183113e-06	6.531345e-07	6.145672e-07
41	0.9296861	0.725023	0.6463128	0.09070458	0.05051279	0.0445313	0.04307828	0.03613105	0.02698634	0.02608969	0.02551948	0.01531556	0.0146822	0.01340911	0.01219409	0.001763334	0.001279284	3.102508e-05	2.816366e-05	2.80693e-05	2.700517e-05	2.077376e-05	2.072394e-05	2.069845e-05	2.0694e-05	1.950299e-05	1.905143e-05	1.903918e-05	8.172095e-06	6.521656e-07
42	0.9641424	0.8959221	0.6988136	0.6261646	0.08890026	0.04912851	0.04321292	0.04199623	0.03528569	0.02637122	0.02549494	0.02495132	0.01502309	0.01440119	0.01315094	0.01196834	0.001731833	0.001260464	3.053062e-05	2.771893e-05	2.763043e-05	2.659236e-05	2.04498e-05	2.040137e-05	2.037937e-05	2.037622e-05	1.921737e-05	1.877352e-05	1.876151e-05	7.957618e-06
43	0.9856869	0.9622752	0.8941193	0.6973522	0.6247555	0.08760487	0.04785819	0.04196069	0.04078775	0.03504364	0.0261588	0.02528537	0.02484259	0.01495025	0.01432993	0.01311471	0.01193637	0.001726841	0.001257684	3.043203e-05	2.76465e-05	2.755828e-05	2.652363e-05	2.039399e-05	2.034928e-05	2.032736e-05	2.032422e-05	1.916959e-05	1.872676e-05	1.872027e-05
44	0.2579208	0.2562737	0.2536339	0.2394161	0.1905828	0.1718886	0.04262955	0.03886473	0.03394472	0.03289205	0.02796898	0.02112657	0.02037703	0.02002867	0.01264435	0.01212757	0.01111156	0.0102304	0.00162291	0.001184445	2.80772e-05	2.547515e-05	2.539282e-05	2.471625e-05	1.89719e-05	1.893415e-05	1.89149e-05	1.891233e-05	1.808443e-05	1.771209e-05
45	0.0710806	0.05881183	0.05792923	0.05764709	0.05609484	0.04002227	0.0359186	0.018242	0.01757718	0.01691926	0.01604804	0.01330046	0.01051785	0.01005025	0.00984488	0.006399495	0.006085566	0.0054588	0.005045001	0.0001742401	0.0001097054	3.386615e-06	3.065106e-06	3.049732e-06	2.731941e-06	1.996661e-06	1.987727e-06	1.984257e-06	1.983259e-06	1.590301e-06
46	0.1086617	0.04489227	0.03470162	0.03404454	0.03390698	0.03328745	0.01946838	0.01663688	0.008671915	0.008326712	0.007867355	0.007017352	0.0057057	0.004165052	0.003889367	0.003730219	0.001853634	0.001762579	0.001587262	0.001365994	9.14452e-05	5.697343e-05	1.812584e-06	1.668268e-06	1.662503e-06	1.48571e-06	1.084561e-06	1.079112e-06	1.076895e-06	1.076528e-06
47	0.07567195	0.07244937	0.04080873	0.03078386	0.03020594	0.03008048	0.02951547	0.01583745	0.01307655	0.00565271	0.005386998	0.004972081	0.004129357	0.003516667	0.002537128	0.00230174	0.002238533	0.001069715	0.001018415	0.0009329334	0.0007956926	7.647078e-05	4.788475e-05	1.447559e-06	1.334153e-06	1.329285e-06	1.219154e-06	8.746997e-07	8.705102e-07	8.685303e-07
48	0.4829287	0.06994831	0.06764506	0.03851877	0.02864586	0.02820625	0.02809437	0.02757134	0.01425434	0.01179046	0.004597505	0.004368862	0.004037	0.003278669	0.002721277	0.002010772	0.001797478	0.001746415	0.0009034183	0.0008632518	0.0007905756	0.0006917192	7.029266e-05	4.347004e-05	1.180049e-06	1.077991e-06	1.073606e-06	9.946145e-07	7.571768e-07	7.542162e-07
49	0.9596076	0.4627676	0.06487844	0.06272044	0.03568034	0.02595355	0.02551822	0.02541968	0.02503082	0.01215064	0.009897942	0.004382084	0.00419712	0.003881671	0.003124847	0.002593875	0.001910667	0.001699848	0.001650786	0.0008411063	0.0008027466	0.0007345444	0.0006396954	5.738141e-05	3.392524e-05	9.601261e-07	8.786385e-07	8.748536e-07	7.990745e-07	6.06273e-07
50	0.9611711	0.9359581	0.4505523	0.05287019	0.05159558	0.03151665	0.0218771	0.0214587	0.02140156	0.02109509	0.009702549	0.008169502	0.003619871	0.003476072	0.003175712	0.002420999	0.001979011	0.001456232	0.001257238	0.00121607	0.0006086178	0.0005819923	0.0005357761	0.0004649721	5.253842e-05	3.090677e-05	8.461133e-07	7.74539e-07	7.71064e-07	7.143167e-07
51	0.9851166	0.9580088	0.933621	0.449316	0.05170704	0.05072852	0.03120776	0.02157038	0.02115247	0.02110399	0.02080247	0.009506109	0.007984099	0.003448673	0.003309127	0.003009031	0.002407564	0.001967036	0.001446567	0.001249918	0.001208857	0.000604265	0.0005778012	0.0005319364	0.0004614779	5.241662e-05	3.083387e-05	8.437925e-07	7.724166e-07	7.689493e-07
52	0.9899986	0.9805907	0.9541199	0.9327473	0.4489613	0.05138968	0.05041937	0.03100249	0.02137619	0.02096197	0.02091376	0.02061311	0.009335199	0.007815466	0.003283636	0.003146059	0.002849266	0.002248164	0.00184061	0.001343411	0.001149775	0.001109803	0.0005344394	0.0005113798	0.0004723853	0.0004054812	5.102084e-05	2.99114e-05	8.150367e-07	7.466187e-07
53	0.9909601	0.9823325	0.9730605	0.9487315	0.9283414	0.4459778	0.0484276	0.04746047	0.03075405	0.02112793	0.02071529	0.02066722	0.02036687	0.009089612	0.007570337	0.003039237	0.002903383	0.002608296	0.002007428	0.0017824	0.001297456	0.001104616	0.001068744	0.0005084344	0.0004860659	0.0004487221	0.0003836428	4.933333e-05	2.897306e-05	7.898738e-07
54	0.9716867	0.9649896	0.9605401	0.9513385	0.929289	0.9147648	0.4445313	0.04707725	0.04622839	0.02969396	0.02006856	0.0196631	0.01961683	0.01932029	0.008054854	0.006539436	0.002016844	0.001891895	0.001604626	0.001596499	0.001386499	0.0009795031	0.0009576586	0.0009253508	0.0004611408	0.0004436029	0.0004098572	0.0003560561	4.859493e-05	2.849299e-05
55	0.4740661	0.4733901	0.4704649	0.4690804	0.4687055	0.4475235	0.4377257	0.4347861	0.03737614	0.03653202	0.02001382	0.01978758	0.01938637	0.01934033	0.01904514	0.007791777	0.006279876	0.001766079	0.001649442	0.001367737	0.001360274	0.001213468	0.000859963	0.0008403771	0.000825215	0.0004269294	0.0004110971	0.0003803732	0.0003343156	4.769928e-05
56	0.05884173	0.05815526	0.0577646	0.05578367	0.0546937	0.0543339	0.0434116	0.03952104	0.03675787	0.03629591	0.03546389	0.01896071	0.01873653	0.01870364	0.01866538	0.01837555	0.007284477	0.005802646	0.00138468	0.001272882	0.001233238	0.001226105	0.001085253	0.0007986329	0.0007801841	0.0007660803	0.0004086862	0.000393783	0.0003646011	0.000322072
57	0.08458102	0.05786878	0.05723911	0.05684888	0.05491912	0.05435693	0.05399817	0.04313782	0.03928086	0.03654188	0.03608236	0.03544416	0.01894251	0.01871835	0.01868574	0.01864816	0.01835938	0.007270331	0.005788919	0.00137233	0.001260619	0.001221236	0.001214307	0.001076364	0.0007900565	0.000771717	0.0007576419	0.0004004788	0.0003856143	0.0003570767
58	0.1522335	0.08158158	0.05687878	0.05632389	0.05594251	0.05417413	0.05364722	0.05338322	0.04269089	0.03896387	0.0363949	0.03594877	0.03535854	0.01887529	0.01865851	0.01862714	0.01859106	0.01830281	0.007215533	0.005734679	0.001319655	0.001208468	0.001174779	0.001169323	0.001043099	0.000757862	0.0007406396	0.0007267767	0.0003702372	0.0003555435
59	0.347663	0.1466959	0.07868285	0.05501607	0.05447421	0.05415533	0.05261382	0.05213856	0.0520663	0.04160502	0.03804716	0.03626646	0.03583301	0.03525142	0.01880006	0.01858821	0.01855839	0.0185226	0.01823447	0.00714829	0.005667895	0.001253963	0.00114293	0.001111307	0.001106132	0.0009970461	0.0007128781	0.0006958802	0.0006821355	0.0003259779
60	0.97185	0.3403169	0.1436563	0.0760983	0.05379131	0.05346267	0.05314417	0.05175332	0.05137512	0.05130665	0.04100671	0.03756574	0.03586846	0.03544343	0.03519551	0.01874584	0.01853404	0.01850531	0.01847166	0.01818828	0.007102527	0.005622368	0.001208964	0.001097987	0.00106733	0.001062313	0.0009645254	0.0006809155	0.000664001	0.0006503385
61	0.9546189	0.9359925	0.3056781	0.1231793	0.07275884	0.05197022	0.05173078	0.05144619	0.0503344	0.05002384	0.04996866	0.04006057	0.03701974	0.03553714	0.03513773	0.03490008	0.01847539	0.01840199	0.01837622	0.01834296	0.01805995	0.006975395	0.005495939	0.001083916	0.0009743451	0.0009472576	0.0009427483	0.0008646242	0.0005974299	0.000582777
62	0.9089325	0.9001113	0.8823337	0.2536854	0.07276554	0.04500285	0.03516232	0.03497204	0.03469022	0.03364283	0.03334619	0.0332947	0.02347815	0.02050971	0.01919763	0.01880481	0.01856966	0.01843931	0.01836595	0.01834092	0.01830776	0.0180249	0.006940659	0.005461473	0.001049798	0.0009414748	0.0009153106	0.000910947	0.0008382327	0.0005769759
63	0.9233462	0.9015428	0.8928981	0.875149	0.2473164	0.07062739	0.04319935	0.03394023	0.03376317	0.03366096	0.03276243	0.03250181	0.03246744	0.02292738	0.02015236	0.0189837	0.01860972	0.01837556	0.01826513	0.0182643	0.01824153	0.01820846	0.01792601	0.006842675	0.005364004	0.0009532486	0.0008470794	0.0008226056	0.0008184992	0.0007562676
64	0.9192095	0.8482001	0.8280134	0.8210096	0.8039488	0.2311678	0.06782046	0.04207455	0.03320233	0.0330599	0.03295786	0.03208189	0.03185521	0.03182151	0.022336	0.01959861	0.01846272	0.01809286	0.01807338	0.01796368	0.01796287	0.01794057	0.01793878	0.01790362	0.006820476	0.005341916	0.0009313417	0.000825883	0.0008017518	0.0007984543
65	0.9866247	0.9097172	0.8407304	0.8233555	0.8164123	0.7993777	0.2275617	0.06583675	0.04038995	0.03194943	0.03181425	0.03171299	0.03102346	0.03084198	0.03081336	0.02169404	0.01921224	0.01826428	0.01791983	0.01790157	0.01782633	0.01782564	0.01780639	0.01780473	0.01777017	0.00668824	0.005210371	0.0008010176	0.0006987325	0.0006768542
66	0.9663213	0.9621424	0.8880389	0.8196647	0.8069221	0.8000988	0.7832453	0.2158067	0.05905612	0.03463689	0.02713819	0.02702646	0.02702211	0.02682806	0.02677444	0.02676617	0.01913413	0.01767425	0.01746537	0.01723657	0.01722138	0.01720116	0.01720098	0.01719525	0.01719415	0.01716362	0.006087105	0.004612364	0.0002080075	0.0001276802
67	0.03970878	0.03957893	0.0390285	0.03833955	0.02070417	0.01817151	0.01799223	0.01764247	0.007416492	0.002977041	0.002104825	0.001210509	0.001189811	0.001188823	0.00105469	0.001023159	0.001019623	0.0007447248	0.0005605938	0.0004467135	0.0002263253	0.0002114276	0.0002066205	0.0002064699	0.0002036799	0.0002031558	0.0002024674	0.0001974972	0.0001737444	0.0001678087
68	0.01079758	0.006848179	0.00682179	0.0067218	0.006670379	0.00660925	0.004984917	0.004927725	0.004853528	0.003558149	0.002078405	0.001628869	0.0008621486	0.0008513931	0.0008506637	0.0007343954	0.0007077522	0.0007047366	0.0005278235	0.0003951758	0.0003073971	9.294218e-05	7.815204e-05	7.461997e-05	7.44874e-05	7.281545e-05	7.231829e-05	7.194107e-05	7.131462e-05	7.091222e-05
69	0.04029431	0.004224013	0.00371524	0.003703706	0.003667075	0.003654947	0.003612743	0.003569718	0.00353145	0.003483844	0.00298875	0.001780993	0.001366282	0.0006261943	0.0006160877	0.0006154005	0.0005065149	0.0004805826	0.0004776477	0.000307	0.0001787127	9.390048e-05	8.147839e-05	6.670978e-05	6.327932e-05	6.315203e-05	6.177593e-05	6.1287e-05	6.092363e-05	6.033534e-05
70	0.07778484	0.03988535	0.004081075	0.003654932	0.003643815	0.003607669	0.00359573	0.003585567	0.003543514	0.00351213	0.003464696	0.002978698	0.001776352	0.001362382	0.0006230034	0.0006130319	0.0006123458	0.0005038344	0.0004780031	0.0004750784	0.0003053393	0.0001776805	9.331249e-05	8.095794e-05	6.628994e-05	6.287263e-05	6.274564e-05	6.137749e-05	6.088952e-05	6.052874e-05
71	0.2813299	0.07622336	0.0397132	0.004052659	0.00363887	0.003627834	0.003591916	0.003580022	0.003569884	0.003528164	0.003496898	0.003449529	0.002965954	0.001769879	0.001356792	0.0006193018	0.0006093593	0.0006086772	0.000500964	0.0004753175	0.0004724135	0.000303653	0.0001767052	9.287478e-05	8.057872e-05	6.594618e-05	6.255234e-05	6.242576e-05	6.106466e-05	6.057793e-05
72	0.9093907	0.2478726	0.07062345	0.03809582	0.003663381	0.003320569	0.003310322	0.003277168	0.00326578	0.003256117	0.003222338	0.003193787	0.003147683	0.002712123	0.001637576	0.001241097	0.0005375212	0.0005281466	0.0005275034	0.0004360437	0.0004139622	0.0004115005	0.0002607655	0.0001492646	7.410547e-05	6.363817e-05	5.787403e-05	5.561831e-05	5.550799e-05	5.429055e-05
73	0.6260132	0.6149217	0.1682177	0.05600705	0.03539381	0.002409964	0.002174494	0.002166558	0.002141608	0.002138899	0.002130727	0.002110702	0.002088543	0.002080682	0.001778034	0.001049882	0.0009413016	0.0003214385	0.0003134296	0.0003129017	0.0002657836	0.0002539293	0.0002526519	0.0001597924	9.04278e-05	4.490175e-05	3.826347e-05	3.741414e-05	3.625215e-05	3.621401e-05
74	0.5352571	0.526251	0.5172926	0.1443825	0.05169216	0.03475373	0.00200862	0.00183435	0.00182707	0.001805033	0.001802799	0.00179499	0.001778543	0.001758703	0.001752046	0.001494964	0.0008990252	0.0008081719	0.000245281	0.0002377577	0.0002372686	0.0002072274	0.0001993164	0.0001984554	0.0001260666	7.148159e-05	3.623962e-05	3.081492e-05	3.050593e-05	2.962523e-05
75	0.5459794	0.5253213	0.5175457	0.5086226	0.1370036	0.05082788	0.03432766	0.001680076	0.001509646	0.001502381	0.001480398	0.001478456	0.001471486	0.001455106	0.00144797	0.001441334	0.001186451	0.0008965814	0.0008060647	0.0002437734	0.0002363558	0.0002358673	0.0002061445	0.0001983413	0.0001974884	0.0001254693	7.115046e-05	3.609606e-05	3.069168e-05	3.038814e-05
76	0.472494	0.4388483	0.432043	0.4253534	0.4187729	0.1140773	0.04739463	0.0339002	0.00138181	0.001228196	0.001221477	0.001201926	0.001200658	0.001194129	0.001181346	0.001175862	0.001171922	0.0009554772	0.0007584268	0.0007249009	0.0001843182	0.0001772768	0.000176825	0.0001587004	0.0001536207	0.0001530786	9.793938e-05	5.559549e-05	2.913683e-05	2.476924e-05
77	0.652845	0.4282975	0.4134933	0.4079531	0.4013465	0.3951101	0.1086781	0.04619874	0.03378789	0.001316257	0.001170647	0.001164049	0.0011451	0.001143918	0.00113746	0.001125282	0.001120125	0.001116435	0.0009100515	0.0007311643	0.0007004968	0.0001710179	0.0001640415	0.0001635985	0.0001475961	0.0001430289	0.0001425439	9.136772e-05	5.179773e-05	2.731684e-05
78	0.8642212	0.6438761	0.421924	0.4072856	0.4017949	0.4010133	0.3947836	0.1085354	0.04612323	0.03372387	0.001253957	0.001108532	0.001101935	0.001082992	0.001081815	0.001080693	0.001068528	0.00106434	0.001060656	0.0009062834	0.0007309292	0.0007002986	0.0001708467	0.0001638985	0.0001634555	0.0001474681	0.0001429401	0.0001424555	9.130984e-05	5.176111e-05
79	0.967734	0.8390017	0.6387375	0.418126	0.4036589	0.399532	0.3988303	0.3937239	0.1084583	0.04609161	0.03369995	0.00123327	0.001088088	0.001085536	0.001067083	0.001065917	0.001064849	0.001053176	0.001049072	0.001045391	0.0008921991	0.0007292127	0.0006986154	0.0001692344	0.0001623117	0.0001618688	0.0001461183	0.0001416212	0.0001411374	9.019609e-05
80	0.9593188	0.9302513	0.8015903	0.6053646	0.3848429	0.3703795	0.3663361	0.3656359	0.3605318	0.07541832	0.01309004	0.001454552	0.001184182	0.001086656	0.001084106	0.001065659	0.001064494	0.001063427	0.001051761	0.001047661	0.001043982	0.0008908797	0.0007281208	0.0006975573	0.0001690878	0.000162166	0.0001617232	0.0001460014	0.000141511	0.000141028
81	0.9429494	0.9401362	0.9109748	0.7745529	0.5633943	0.3269789	0.3115153	0.3072218	0.3066261	0.3020906	0.06180449	0.01030537	0.0007597805	0.0005457359	0.000487467	0.0004850731	0.0004671842	0.0004662618	0.0004654108	0.0004543536	0.0004507324	0.0004476871	0.000321818	0.0001892543	0.0001642571	0.0001438303	0.0001365157	0.0001360501	0.0001232858	0.000119521
82	0.6469776	0.643712	0.6410997	0.6126959	0.4753066	0.2719042	0.2702164	0.2541442	0.2510248	0.2505935	0.2469883	0.05074165	0.008464085	0.0006310379	0.0004558673	0.0003997492	0.0003981229	0.0003921914	0.0003914088	0.0003907125	0.000380575	0.0003783633	0.0003758194	0.0002724452	0.0001539899	0.0001323443	0.0001127656	0.0001122476	0.0001117497	9.9822e-05
83	0.5068605	0.4538475	0.4511796	0.4485527	0.4192239	0.4183259	0.1965022	0.1950424	0.1948101	0.1914454	0.1911123	0.1881076	0.03907436	0.006530185	0.0005201897	0.0003832454	0.0003327081	0.000331239	0.0003265795	0.0003259994	0.0003254289	0.0003155578	0.0003136335	0.0003117398	0.0002324424	0.0001282386	0.0001100933	9.113428e-05	9.064582e-05	9.061563e-05
84	0.4234888	0.4182463	0.3850153	0.3830652	0.3825349	0.3519758	0.3512853	0.1215875	0.12039	0.1202102	0.1197233	0.1195139	0.1181331	0.02526959	0.004241567	0.0003894049	0.0002975262	0.0002493744	0.0002486805	0.0002456415	0.0002452311	0.0002448192	0.0002391129	0.000237531	0.0002362811	0.0001855204	9.814805e-05	8.413537e-05	6.588233e-05	6.542906e-05
85	0.4896953	0.4061012	0.4007862	0.3684774	0.3665793	0.3661413	0.3332627	0.3326568	0.07748095	0.0764238	0.07627145	0.07575644	0.07562463	0.07473628	0.01682102	0.002845581	0.00031931	0.0002545894	0.0002058227	0.0002052633	0.000203146	0.000202835	0.0002025207	0.0001970019	0.0001955867	0.0001947277	0.000161546	8.182584e-05	7.004034e-05	5.141819e-05
86	0.9941932	0.5160499	0.4395882	0.4337729	0.3987259	0.3966814	0.3962286	0.3595263	0.3588879	0.07182681	0.07072412	0.07056543	0.06999302	0.06987362	0.06904659	0.01596885	0.00271011	0.0003290418	0.0002660712	0.0002124597	0.0002118872	0.0002098422	0.0002095309	0.0002092944	0.0002033066	0.0002018099	0.000200983	0.000169754	8.472844e-05	7.246752e-05
87	0.9338895	0.9275104	0.4902423	0.4174642	0.411087	0.3971891	0.3949426	0.3944689	0.3932658	0.392586	0.06452963	0.06334484	0.06317788	0.06253153	0.06242374	0.06167613	0.01484785	0.002509621	0.0002913922	0.0002322868	0.0002216423	0.0002210529	0.0002191022	0.0002187896	0.0002185576	0.0002119664	0.0002103612	0.0002095677	0.0001804742	8.853211e-05
88	0.4721023	0.4707508	0.4695604	0.1262995	0.07335611	0.06750727	0.05739588	0.05667711	0.05650649	0.05548021	0.05478348	0.05467017	0.05345586	0.05328969	0.05321741	0.05312641	0.05254836	0.01293254	0.002192631	0.0002613782	0.0002091546	0.0001997434	0.0001993593	0.0001976808	0.0001973988	0.0001971954	0.000195157	0.000193654	0.0001929519	0.0001676429
89	0.4125354	0.3738538	0.3730821	0.3722425	0.09623957	0.05442791	0.05378549	0.0456434	0.04505723	0.04491833	0.04409593	0.04338511	0.04328823	0.04285851	0.04269671	0.04263091	0.04255888	0.0420914	0.01040008	0.00176428	0.0002112855	0.0001692704	0.0001616761	0.0001613615	0.0001600098	0.0001597813	0.0001596192	0.0001579489	0.0001567386	0.0001561733
90	0.2995389	0.2734573	0.2507542	0.2502824	0.2497459	0.0649143	0.03656175	0.03612262	0.03058822	0.03017699	0.03007948	0.02952308	0.02934758	0.02927162	0.02897871	0.02892593	0.02886808	0.02881921	0.02849446	0.007070397	0.001200009	0.0001441924	0.0001156357	0.0001105354	0.0001103131	0.0001093937	0.0001092395	0.0001091287	0.0001079511	0.0001071208
91	0.08161211	0.0774352	0.07138823	0.06550913	0.06539642	0.06525497	0.01708589	0.009589003	0.009468369	0.007957367	0.007851361	0.007824277	0.007679008	0.007631693	0.007616987	0.007537788	0.007523529	0.007515582	0.007502785	0.00742384	0.001889484	0.0003214982	3.918562e-05	3.156172e-05	3.021676e-05	3.016191e-05	2.991917e-05	2.987755e-05	2.984712e-05	2.952038e-05
92	0.06664134	0.01449454	0.01376551	0.01270386	0.01166454	0.01163926	0.01161431	0.003082291	0.001697433	0.001675509	0.001404166	0.001385036	0.001376094	0.001350373	0.001341375	0.001338615	0.001323571	0.001320858	0.00131936	0.001317073	0.001303637	0.000359192	6.12424e-05	7.070503e-06	5.626514e-06	5.391039e-06	5.380976e-06	5.339879e-06	5.332128e-06	5.325473e-06
93	0.05175169	0.006553009	0.001438744	0.00136662	0.001262195	0.001159399	0.001157354	0.001154892	0.0003100186	0.0001681314	0.0001658739	0.0001386776	0.0001367703	0.0001355468	0.0001329991	0.0001320549	0.0001317703	0.0001301924	0.0001299077	0.0001297533	0.0001295241	0.0001282381	3.760466e-05	6.418868e-06	7.106189e-07	5.606246e-07	5.375005e-07	5.36489e-07	5.325674e-07	5.317677e-07
