#unpaired probabilities
 #i$	l=1	2	3	4	5	6	7	8	9	10	11	12	13	14	15	16	17	18	19	20	21	22	23	24	25	26	27	28	29	30	
1	0.5285153	NA	NA	NA	NA	NA	NA	NA	NA	NA	NA	NA	NA	NA	NA	NA	NA	NA	NA	NA	NA	NA	NA	NA	NA	NA	NA	NA	NA	NA
2	0.06449898	0.06305735	NA	NA	NA	NA	NA	NA	NA	NA	NA	NA	NA	NA	NA	NA	NA	NA	NA	NA	NA	NA	NA	NA	NA	NA	NA	NA	NA	NA
3	0.02460727	0.02261042	0.02234134	NA	NA	NA	NA	NA	NA	NA	NA	NA	NA	NA	NA	NA	NA	NA	NA	NA	NA	NA	NA	NA	NA	NA	NA	NA	NA	NA
4	0.01197493	0.01036124	0.01028504	0.01027274	NA	NA	NA	NA	NA	NA	NA	NA	NA	NA	NA	NA	NA	NA	NA	NA	NA	NA	NA	NA	NA	NA	NA	NA	NA	NA
5	0.005256269	0.005128942	0.00509872	0.005078673	0.005076973	NA	NA	NA	NA	NA	NA	NA	NA	NA	NA	NA	NA	NA	NA	NA	NA	NA	NA	NA	NA	NA	NA	NA	NA	NA
6	0.005368896	0.004944105	0.004878279	0.004853652	0.004841464	0.00483981	NA	NA	NA	NA	NA	NA	NA	NA	NA	NA	NA	NA	NA	NA	NA	NA	NA	NA	NA	NA	NA	NA	NA	NA
7	0.02433142	0.002455177	0.00236276	0.002349799	0.002334223	0.002328681	0.002327619	NA	NA	NA	NA	NA	NA	NA	NA	NA	NA	NA	NA	NA	NA	NA	NA	NA	NA	NA	NA	NA	NA	NA
8	0.9051687	0.02375823	0.002065001	0.001998162	0.001992206	0.001978487	0.001974371	0.001974361	NA	NA	NA	NA	NA	NA	NA	NA	NA	NA	NA	NA	NA	NA	NA	NA	NA	NA	NA	NA	NA	NA
9	0.8283143	0.7373149	0.02070194	0.0002000933	0.0001653394	0.0001598725	0.0001463391	0.000145231	0.0001452239	NA	NA	NA	NA	NA	NA	NA	NA	NA	NA	NA	NA	NA	NA	NA	NA	NA	NA	NA	NA	NA
10	0.993301	0.8240062	0.73301	0.02033379	0.0001498573	0.0001210152	0.0001156101	0.0001143904	0.0001133055	0.0001132991	NA	NA	NA	NA	NA	NA	NA	NA	NA	NA	NA	NA	NA	NA	NA	NA	NA	NA	NA	NA
11	0.9947762	0.989947	0.8239491	0.7329548	0.02031016	0.000136251	0.0001080456	0.0001026574	0.0001014443	0.0001012771	0.000101271	NA	NA	NA	NA	NA	NA	NA	NA	NA	NA	NA	NA	NA	NA	NA	NA	NA	NA	NA
12	0.9973039	0.9939343	0.9891125	0.8231147	0.7329494	0.02030483	0.000130927	0.000102722	0.0001021882	0.0001010067	0.0001008397	0.0001008336	NA	NA	NA	NA	NA	NA	NA	NA	NA	NA	NA	NA	NA	NA	NA	NA	NA	NA
13	0.7427561	0.7416635	0.7383036	0.7334823	0.7329462	0.7329343	0.02028965	0.0001271287	9.900746e-05	9.853059e-05	9.847142e-05	9.83047e-05	9.829858e-05	NA	NA	NA	NA	NA	NA	NA	NA	NA	NA	NA	NA	NA	NA	NA	NA	NA
14	0.9454885	0.7339174	0.7328517	0.7294931	0.7288094	0.7282735	0.7282616	0.02028019	0.0001176907	8.956981e-05	8.909297e-05	8.90339e-05	8.892723e-05	8.892111e-05	NA	NA	NA	NA	NA	NA	NA	NA	NA	NA	NA	NA	NA	NA	NA	NA
15	0.07553208	0.0249781	0.02420976	0.02417908	0.02082638	0.02082582	0.02029	0.02027806	0.02027575	0.0001132601	8.513926e-05	8.466242e-05	8.460335e-05	8.457563e-05	8.456951e-05	NA	NA	NA	NA	NA	NA	NA	NA	NA	NA	NA	NA	NA	NA	NA
16	0.004448974	0.004261921	0.00389817	0.003857085	0.003854072	0.003801994	0.00380144	0.00332397	0.003323795	0.003321494	0.0001119065	8.500441e-05	8.454098e-05	8.4485e-05	8.445729e-05	8.445117e-05	NA	NA	NA	NA	NA	NA	NA	NA	NA	NA	NA	NA	NA	NA
17	0.004127326	0.0006220388	0.0006103365	0.0005880202	0.000579686	0.0005774118	0.0005583003	0.0005577756	9.022251e-05	9.010474e-05	8.780366e-05	8.609271e-05	8.492629e-05	8.447737e-05	8.44245e-05	8.439679e-05	8.439067e-05	NA	NA	NA	NA	NA	NA	NA	NA	NA	NA	NA	NA	NA
18	0.006090033	0.0002004258	0.0001401452	0.0001292703	0.000111383	0.0001035584	0.000101324	8.993405e-05	8.941406e-05	8.750171e-05	8.739207e-05	8.5091e-05	8.448572e-05	8.444946e-05	8.444346e-05	8.439326e-05	8.436555e-05	8.435943e-05	NA	NA	NA	NA	NA	NA	NA	NA	NA	NA	NA	NA
19	0.0152016	0.004504313	0.0001929878	0.0001399	0.0001290422	0.0001112583	0.000103447	0.000101213	8.982426e-05	8.930444e-05	8.739226e-05	8.73344e-05	8.503333e-05	8.442806e-05	8.43918e-05	8.438987e-05	8.438489e-05	8.435718e-05	8.435106e-05	NA	NA	NA	NA	NA	NA	NA	NA	NA	NA	NA
20	0.06603091	0.01459426	0.004464131	0.0001923011	0.0001393698	0.0001285131	0.0001107486	0.0001031775	0.0001011895	8.980096e-05	8.929496e-05	8.738281e-05	8.732495e-05	8.502669e-05	8.442142e-05	8.438517e-05	8.438323e-05	8.437825e-05	8.435328e-05	8.435023e-05	NA	NA	NA	NA	NA	NA	NA	NA	NA	NA
21	0.5287744	0.05881881	0.01436843	0.004434618	0.0001861892	0.0001335366	0.0001226861	0.000104937	0.0001030009	0.0001011247	8.973742e-05	8.923961e-05	8.732763e-05	8.726979e-05	8.499679e-05	8.439154e-05	8.435528e-05	8.435335e-05	8.434837e-05	8.434477e-05	8.434255e-05	NA	NA	NA	NA	NA	NA	NA	NA	NA
22	0.9895672	0.5242261	0.05773485	0.01427351	0.004400734	0.0001729793	0.000128912	0.000118069	0.0001003557	9.844685e-05	9.837131e-05	8.70053e-05	8.680494e-05	8.489624e-05	8.48385e-05	8.48316e-05	8.422659e-05	8.419033e-05	8.41884e-05	8.418342e-05	8.418342e-05	8.418342e-05	NA	NA	NA	NA	NA	NA	NA	NA
23	0.9910558	0.9844632	0.5211874	0.0573808	0.01419806	0.004375365	0.0001682557	0.000124565	0.0001161825	9.903125e-05	9.713381e-05	9.705864e-05	8.595854e-05	8.575912e-05	8.403766e-05	8.398215e-05	8.397528e-05	8.381594e-05	8.381536e-05	8.381534e-05	8.381532e-05	8.381532e-05	8.381532e-05	NA	NA	NA	NA	NA	NA	NA
24	0.01440921	0.01054845	0.01047645	0.005545593	0.0006146827	0.0001511221	4.644488e-05	1.713579e-06	1.248727e-06	1.236666e-06	1.053464e-06	1.033056e-06	1.032207e-06	9.137848e-07	9.116596e-07	8.931922e-07	8.925981e-07	8.925198e-07	8.9096e-07	8.909487e-07	8.909475e-07	8.909459e-07	8.909451e-07	8.909448e-07	NA	NA	NA	NA	NA	NA
25	0.006222387	0.002891354	0.000992351	0.0009838604	0.0005201993	6.139221e-05	1.41595e-05	4.323238e-06	1.600541e-07	1.164488e-07	1.153274e-07	9.816813e-08	9.605403e-08	9.592936e-08	8.489838e-08	8.469606e-08	8.30024e-08	8.294489e-08	8.293275e-08	8.280668e-08	8.280647e-08	8.280645e-08	8.280581e-08	8.280507e-08	8.280477e-08	NA	NA	NA	NA	NA
26	0.002517468	0.002187562	0.002034669	0.0002006383	0.000197389	0.0001036709	1.524996e-05	2.818419e-06	8.307528e-07	3.15307e-08	2.285034e-08	2.255468e-08	1.910818e-08	1.851129e-08	1.845308e-08	1.62867e-08	1.624427e-08	1.591896e-08	1.590576e-08	1.589932e-08	1.587487e-08	1.587466e-08	1.587465e-08	1.587401e-08	1.587343e-08	1.587342e-08	NA	NA	NA	NA
27	0.001973021	0.001866988	0.001864133	0.001848827	1.871242e-05	1.668543e-05	7.967931e-06	4.719326e-06	2.114862e-07	2.920141e-08	1.866343e-09	1.340368e-09	1.234542e-09	9.353849e-10	6.887522e-10	6.445057e-10	5.143374e-10	5.128997e-10	5.021248e-10	4.991031e-10	4.986664e-10	4.975738e-10	4.97369e-10	4.973576e-10	4.96714e-10	4.965285e-10	4.96525e-10	NA	NA	NA
28	0.002656028	0.001862132	0.001858303	0.0018575	0.001844488	1.44614e-05	1.258518e-05	5.820249e-06	4.482001e-06	1.523088e-07	1.082863e-08	8.195809e-10	4.757453e-10	3.763327e-10	2.723765e-10	2.148641e-10	1.827614e-10	1.569706e-10	1.564005e-10	1.530609e-10	1.529519e-10	1.525651e-10	1.521133e-10	1.51941e-10	1.519333e-10	1.519285e-10	1.517439e-10	1.517405e-10	NA	NA
29	4.578756e-05	1.688913e-05	1.513067e-05	1.505795e-05	1.443821e-05	1.429906e-05	1.42603e-05	1.23855e-05	5.714551e-06	4.470175e-06	1.493418e-07	9.883236e-09	7.518841e-10	4.489761e-10	3.497832e-10	2.493087e-10	1.94271e-10	1.627242e-10	1.392192e-10	1.387964e-10	1.358048e-10	1.357071e-10	1.355312e-10	1.351061e-10	1.349339e-10	1.349263e-10	1.349215e-10	1.347844e-10	1.34781e-10	NA
30	0.0006706207	9.835395e-06	8.212451e-06	7.716046e-06	7.658186e-06	7.039297e-06	6.900922e-06	6.862188e-06	6.680939e-06	5.708276e-06	4.469897e-06	1.492714e-07	9.861342e-09	7.506663e-10	4.480934e-10	3.489492e-10	2.486412e-10	1.937107e-10	1.62241e-10	1.387957e-10	1.383742e-10	1.353909e-10	1.352964e-10	1.351207e-10	1.346962e-10	1.34524e-10	1.34522e-10	1.345199e-10	1.343828e-10	1.343794e-10
31	0.0008167665	5.177045e-05	7.282169e-06	6.987757e-06	6.759479e-06	6.718605e-06	6.103402e-06	5.96764e-06	5.929009e-06	5.918829e-06	5.193731e-06	4.4677e-06	1.487175e-07	9.681932e-09	7.316848e-10	4.309364e-10	3.367384e-10	2.429374e-10	1.882217e-10	1.56807e-10	1.349912e-10	1.345794e-10	1.318318e-10	1.317413e-10	1.31566e-10	1.313344e-10	1.313319e-10	1.313317e-10	1.313312e-10	1.311941e-10
32	0.05477138	0.0007429007	4.683376e-05	7.115072e-06	6.85009e-06	6.62723e-06	6.586862e-06	6.026843e-06	5.901718e-06	5.897293e-06	5.887127e-06	5.162977e-06	4.437909e-06	1.486046e-07	9.665842e-09	7.307691e-10	4.306233e-10	3.364275e-10	2.426689e-10	1.879909e-10	1.566014e-10	1.348095e-10	1.343998e-10	1.316558e-10	1.315654e-10	1.313913e-10	1.3116e-10	1.311575e-10	1.311573e-10	1.311567e-10
33	0.134604	0.003690736	5.345135e-05	1.175535e-05	2.421693e-06	2.339356e-06	2.153912e-06	2.114314e-06	1.743798e-06	1.657349e-06	1.653117e-06	1.643068e-06	9.272479e-07	2.105311e-07	1.436512e-07	9.552497e-09	7.271628e-10	4.284669e-10	3.342897e-10	2.408562e-10	1.862247e-10	1.54845e-10	1.33255e-10	1.328508e-10	1.301375e-10	1.300481e-10	1.298783e-10	1.296493e-10	1.296468e-10	1.296466e-10
34	0.07558552	0.07483923	0.002739451	4.38993e-05	1.052974e-05	1.959727e-06	1.890743e-06	1.711788e-06	1.673186e-06	1.587976e-06	1.52142e-06	1.520424e-06	1.510454e-06	8.002056e-07	8.906881e-08	2.279961e-08	7.728131e-09	7.140912e-10	4.263708e-10	3.322069e-10	2.38983e-10	1.848217e-10	1.534439e-10	1.319876e-10	1.316041e-10	1.289116e-10	1.288229e-10	1.287416e-10	1.285142e-10	1.285117e-10
35	0.1214526	0.03300231	0.03234895	0.002045262	3.913272e-05	1.017871e-05	1.951981e-06	1.88513e-06	1.707296e-06	1.668758e-06	1.584039e-06	1.51794e-06	1.517024e-06	1.507072e-06	7.981252e-07	8.830109e-08	2.217951e-08	7.143446e-09	7.020211e-10	4.233703e-10	3.292093e-10	2.360338e-10	1.845357e-10	1.531659e-10	1.317408e-10	1.313593e-10	1.286716e-10	1.285831e-10	1.285031e-10	1.282761e-10
36	0.9408073	0.1082707	0.02322247	0.02295048	0.001307072	3.019464e-05	5.789233e-06	9.428241e-07	9.094181e-07	7.918518e-07	7.678004e-07	7.279919e-07	6.972467e-07	6.967868e-07	6.921994e-07	3.666013e-07	4.060609e-08	1.022052e-08	3.315346e-09	3.574474e-10	3.249652e-10	2.316597e-10	1.526754e-10	1.027792e-10	7.284915e-11	6.060829e-11	6.040042e-11	5.913081e-11	5.908817e-11	5.903429e-11
37	0.9920818	0.9358291	0.103933	0.01902854	0.01883774	0.001153896	2.582739e-05	3.170094e-06	3.226993e-07	3.092627e-07	2.293334e-07	2.136706e-07	2.013402e-07	1.923141e-07	1.921035e-07	1.908219e-07	1.01083e-07	1.124145e-08	2.836255e-09	9.319771e-10	1.160626e-10	1.058234e-10	1.054499e-10	1.020695e-10	5.31392e-11	2.324735e-11	1.685294e-11	1.674661e-11	1.635608e-11	1.634182e-11
38	0.9897084	0.9851526	0.9330766	0.10129	0.01652075	0.01634699	0.001060743	2.503891e-05	3.095265e-06	3.18693e-07	3.057083e-07	2.260622e-07	2.104553e-07	1.983516e-07	1.895166e-07	1.893232e-07	1.880598e-07	9.961878e-08	1.107764e-08	2.794312e-09	9.178404e-10	1.144845e-10	1.052541e-10	1.048836e-10	1.015512e-10	5.283819e-11	2.297481e-11	1.661151e-11	1.650606e-11	1.612034e-11
39	0.9946558	0.9876651	0.9849434	0.9328961	0.101117	0.0163585	0.01618575	0.001018431	2.495857e-05	3.084812e-06	3.151784e-07	3.027204e-07	2.232201e-07	2.076589e-07	1.969232e-07	1.886634e-07	1.884773e-07	1.872189e-07	9.913097e-08	1.094423e-08	2.734804e-09	8.659436e-10	6.590631e-11	5.676011e-11	5.639036e-11	5.307113e-11	5.269678e-11	2.289825e-11	1.654341e-11	1.643903e-11
40	0.9976636	0.9942125	0.987239	0.9848373	0.932792	0.1010143	0.01625616	0.01608378	0.0009694812	2.159207e-05	3.047127e-06	2.982006e-07	2.861967e-07	2.072466e-07	2.037496e-07	1.935941e-07	1.855267e-07	1.85354e-07	1.841158e-07	9.74722e-08	1.073345e-08	2.659434e-09	8.225302e-10	3.562424e-11	2.664345e-11	2.627694e-11	2.301124e-11	2.265589e-11	2.251307e-11	1.619285e-11
41	0.9925754	0.9921562	0.9887304	0.9817581	0.9793623	0.9312917	0.1002003	0.01597427	0.01581113	0.0009578666	1.280805e-05	2.302131e-06	2.498475e-07	2.411207e-07	1.655577e-07	1.62961e-07	1.548374e-07	1.483888e-07	1.482348e-07	1.472423e-07	7.794904e-08	8.581047e-09	2.123707e-09	6.546352e-10	2.527642e-11	1.793266e-11	1.761622e-11	1.502331e-11	1.473904e-11	1.459903e-11
42	0.996311	0.9907968	0.9903777	0.986952	0.9799797	0.9793579	0.9312873	0.1001959	0.01596988	0.01580674	0.0009534783	1.259051e-05	2.298291e-06	2.48541e-07	2.405775e-07	1.650548e-07	1.62485e-07	1.543846e-07	1.479723e-07	1.478907e-07	1.469004e-07	7.776739e-08	8.559823e-09	2.117785e-09	6.521297e-10	2.426554e-11	1.773108e-11	1.741502e-11	1.482805e-11	1.454455e-11
43	0.08561557	0.08533478	0.08371153	0.08329246	0.08012763	0.07943484	0.07881308	0.03372039	0.0328568	0.01592773	0.0157825	0.0009529673	1.231955e-05	2.23292e-06	2.472292e-07	2.394107e-07	1.643475e-07	1.617937e-07	1.537265e-07	1.473405e-07	1.472593e-07	1.462943e-07	7.744879e-08	8.524671e-09	2.108939e-09	6.492665e-10	2.397049e-11	1.746333e-11	1.730416e-11	1.473059e-11
44	0.0329036	0.02261719	0.02250889	0.02169742	0.02159175	0.0215221	0.02100677	0.0203852	0.01649012	0.01590266	0.01587553	0.01578094	0.0009520452	1.145255e-05	1.451629e-06	8.000415e-09	5.636411e-09	3.564096e-09	3.436772e-09	3.231764e-09	3.066233e-09	3.06082e-09	3.040369e-09	1.609518e-09	1.772922e-10	4.39575e-11	1.362381e-11	5.441196e-13	3.942905e-13	3.909462e-13
45	0.1298652	0.02262635	0.0173454	0.01724281	0.01646289	0.01646253	0.01646187	0.01646126	0.01583968	0.01583892	0.01583804	0.01581091	0.01577974	0.0009520432	1.145069e-05	1.449854e-06	7.589081e-09	5.240479e-09	3.193161e-09	3.101339e-09	2.91309e-09	2.760874e-09	2.755727e-09	2.737634e-09	1.448996e-09	1.596843e-10	3.960135e-11	1.228304e-11	4.947371e-13	3.583187e-13
46	0.9927092	0.1297667	0.0225723	0.0173087	0.01720637	0.01642904	0.01642868	0.01642802	0.01642741	0.01583966	0.0158389	0.01583802	0.01581089	0.01577972	0.0009520235	1.144114e-05	1.44314e-06	5.920176e-09	3.626943e-09	1.677942e-09	1.608442e-09	1.495878e-09	1.413357e-09	1.408928e-09	1.399645e-09	7.405625e-10	8.157872e-11	2.023702e-11	6.26867e-12	2.73799e-13
47	0.9962981	0.9908619	0.1287938	0.02164441	0.01642189	0.01631961	0.0158463	0.01584593	0.01584528	0.01584466	0.01583912	0.01583836	0.01583748	0.01581035	0.01577918	0.0009514853	1.143964e-05	1.44172e-06	5.496362e-09	3.27545e-09	1.346028e-09	1.280997e-09	1.214861e-09	1.145379e-09	1.143019e-09	1.135475e-09	6.00693e-10	6.616158e-11	1.640436e-11	5.082765e-12
48	0.07065913	0.06910886	0.0667611	0.002593235	0.001230537	0.0009932493	0.0009892251	0.0009526514	0.0009526192	0.0009526042	0.0009525925	0.0009514964	0.0009514824	0.0009514803	0.0009514797	0.0009514796	0.0009514795	1.143392e-05	1.436016e-06	5.376675e-09	3.158088e-09	1.238035e-09	1.215448e-09	1.152571e-09	1.085683e-09	1.083354e-09	1.076214e-09	5.693057e-10	6.267868e-11	1.551885e-11
49	0.004962468	0.004192748	0.00265753	0.0004451551	5.833122e-05	2.612776e-05	1.205651e-05	1.182121e-05	1.152024e-05	1.148806e-05	1.147308e-05	1.146145e-05	1.145661e-05	1.144264e-05	1.144061e-05	1.143998e-05	1.143988e-05	1.143982e-05	1.14336e-05	1.435707e-06	5.276141e-09	3.06905e-09	1.153048e-09	1.131385e-09	1.074592e-09	1.028683e-09	1.027816e-09	1.021039e-09	5.400864e-10	5.944646e-11
50	0.002547202	0.002032603	0.001290042	0.0001092966	6.019652e-05	3.553186e-05	1.391703e-05	1.678089e-06	1.484749e-06	1.451242e-06	1.448181e-06	1.444557e-06	1.440546e-06	1.438754e-06	1.437701e-06	1.437009e-06	1.436386e-06	1.436288e-06	1.436231e-06	1.435842e-06	1.435554e-06	5.23664e-09	3.032982e-09	1.119185e-09	1.098022e-09	1.043008e-09	9.984317e-10	9.976107e-10	9.910309e-10	5.241991e-10
51	0.001864467	0.001836854	0.001813539	0.001130625	1.823734e-05	1.504427e-05	1.466545e-05	5.450345e-06	1.055302e-07	1.757685e-08	1.081281e-08	1.071705e-08	1.049621e-08	8.051452e-09	7.177103e-09	7.060936e-09	6.90524e-09	6.558453e-09	6.531093e-09	6.513289e-09	6.341859e-09	6.203303e-09	4.552302e-09	2.37021e-09	4.980457e-10	4.861131e-10	4.614604e-10	4.408714e-10	4.40325e-10	4.373971e-10
52	0.001950621	0.001154614	0.001153213	0.001130483	0.001129525	1.760946e-05	1.464897e-05	1.437558e-05	5.341062e-06	9.987304e-08	1.347557e-08	8.203633e-09	8.120703e-09	7.908323e-09	5.475616e-09	4.929596e-09	4.820792e-09	4.668587e-09	4.324287e-09	4.297382e-09	4.279854e-09	4.11254e-09	3.996791e-09	2.377425e-09	2.359986e-09	4.884385e-10	4.766456e-10	4.524621e-10	4.323322e-10	4.318803e-10
53	0.0001324013	2.755222e-05	2.277154e-05	2.264934e-05	2.115058e-05	2.02854e-05	1.73552e-05	1.446186e-05	1.421182e-05	5.27385e-06	8.712596e-08	9.24761e-09	4.134866e-09	4.061943e-09	3.885281e-09	3.343694e-09	2.827095e-09	2.721932e-09	2.572209e-09	2.447052e-09	2.429967e-09	2.412966e-09	2.247356e-09	2.132897e-09	5.310032e-10	5.137335e-10	4.824917e-10	4.70796e-10	4.468552e-10	4.269171e-10
54	0.0006754982	2.868952e-05	2.196171e-05	2.098895e-05	2.089293e-05	1.945649e-05	1.859303e-05	1.566915e-05	1.44584e-05	1.420848e-05	5.271668e-06	8.707091e-08	9.232667e-09	4.121509e-09	4.050216e-09	3.874005e-09	3.336277e-09	2.819931e-09	2.7154e-09	2.565773e-09	2.440635e-09	2.423715e-09	2.408045e-09	2.24249e-09	2.128046e-09	5.263382e-10	5.090704e-10	4.778323e-10	4.7068e-10	4.46742e-10
55	0.00338286	0.0002858394	2.483214e-05	2.127528e-05	2.048693e-05	2.039419e-05	1.902304e-05	1.818459e-05	1.53061e-05	1.411368e-05	1.399101e-05	5.191276e-06	8.573824e-08	9.089237e-09	4.055985e-09	3.985793e-09	3.811921e-09	3.283415e-09	2.774942e-09	2.672008e-09	2.524662e-09	2.401394e-09	2.384716e-09	2.369248e-09	2.206271e-09	2.094318e-09	5.169391e-10	4.999218e-10	4.691575e-10	4.621126e-10
56	0.01089036	0.001193296	0.0002209514	2.371565e-05	2.064687e-05	2.030709e-05	2.021508e-05	1.885041e-05	1.812364e-05	1.525275e-05	1.406307e-05	1.39407e-05	5.179103e-06	8.550044e-08	9.027941e-09	4.035566e-09	3.965548e-09	3.792026e-09	3.265015e-09	2.764179e-09	2.661485e-09	2.514488e-09	2.391501e-09	2.374859e-09	2.359427e-09	2.199306e-09	2.087608e-09	5.138335e-10	4.980216e-10	4.673274e-10
57	0.04298238	0.0009819536	0.0001871275	3.432122e-05	1.355741e-06	9.565382e-07	8.571957e-07	8.529951e-07	7.947115e-07	7.556637e-07	6.336639e-07	5.865905e-07	5.791615e-07	2.146972e-07	3.54809e-09	4.169104e-10	2.052456e-10	2.023213e-10	1.730523e-10	1.420958e-10	1.182542e-10	1.140621e-10	1.080835e-10	1.013504e-10	9.967698e-11	9.667583e-11	8.968742e-11	8.508217e-11	2.139493e-11	2.067792e-11
58	0.0404152	0.03949824	0.0005312895	6.94361e-05	3.089018e-05	1.218413e-06	8.845361e-07	7.892386e-07	7.853168e-07	7.309621e-07	6.940451e-07	5.800468e-07	5.362328e-07	5.31445e-07	2.002162e-07	3.308472e-09	3.913837e-10	1.937494e-10	1.910222e-10	1.621742e-10	1.327825e-10	1.103507e-10	1.064459e-10	1.008783e-10	9.448215e-11	9.285236e-11	8.988749e-11	8.334816e-11	7.906617e-11	1.976544e-11
59	0.04141989	0.03793353	0.03726251	0.0003943599	4.243813e-05	7.821853e-06	1.117023e-06	7.88023e-07	7.726215e-07	7.687646e-07	7.151815e-07	6.791397e-07	5.668084e-07	5.236322e-07	5.189105e-07	1.928126e-07	3.252071e-09	3.769407e-10	1.889723e-10	1.86284e-10	1.575185e-10	1.284315e-10	1.086954e-10	1.04847e-10	9.936158e-11	9.303176e-11	9.141055e-11	8.845412e-11	8.207635e-11	7.785553e-11
60	0.9982103	0.04135087	0.03787391	0.03720316	0.0003935472	4.204586e-05	7.455798e-06	1.048732e-06	7.874724e-07	7.722204e-07	7.685176e-07	7.150967e-07	6.790603e-07	5.667306e-07	5.235705e-07	5.188544e-07	1.927573e-07	3.224764e-09	3.653912e-10	1.774695e-10	1.748013e-10	1.46064e-10	1.259851e-10	1.062535e-10	1.024126e-10	9.693401e-11	9.060424e-11	8.899602e-11	8.835599e-11	8.197832e-11
61	0.999775	0.9980878	0.04123198	0.03775506	0.03714072	0.000386799	4.139541e-05	7.422271e-06	1.043559e-06	7.82891e-07	7.712356e-07	7.675346e-07	7.141531e-07	6.789224e-07	5.666025e-07	5.234443e-07	5.187289e-07	1.92729e-07	3.221808e-09	3.625083e-10	1.759569e-10	1.73289e-10	1.445519e-10	1.244984e-10	1.058531e-10	1.020122e-10	9.653385e-11	9.02042e-11	8.859599e-11	8.795596e-11
62	0.9999809	0.9997622	0.9980752	0.04121937	0.03774246	0.0371362	0.0003866861	4.136459e-05	7.420329e-06	1.043146e-06	7.824894e-07	7.709941e-07	7.672937e-07	7.139166e-07	6.787265e-07	5.664145e-07	5.232593e-07	5.18685e-07	1.927147e-07	3.220839e-09	3.617387e-10	1.757965e-10	1.731288e-10	1.44392e-10	1.243401e-10	1.057086e-10	1.018681e-10	9.63901e-11	9.006077e-11	8.84526e-11
63	0.9998769	0.9998578	0.9996969	0.99801	0.04115429	0.03767739	0.03713242	0.0003844734	3.921066e-05	7.410443e-06	1.034426e-06	7.737771e-07	7.6278e-07	7.5908e-07	7.057068e-07	6.785642e-07	5.66257e-07	5.231049e-07	5.186442e-07	1.927059e-07	3.220342e-09	3.613641e-10	1.756344e-10	1.729671e-10	1.442307e-10	1.241798e-10	1.055902e-10	1.0175e-10	9.627223e-11	8.994309e-11
64	0.0434754	0.04344183	0.04342285	0.0432795	0.04159281	0.04113885	0.03767275	0.03712777	0.0003844583	3.919982e-05	7.399614e-06	1.02374e-06	7.637547e-07	7.52764e-07	7.49138e-07	6.998744e-07	6.727322e-07	5.662257e-07	5.230783e-07	5.186177e-07	1.926795e-07	3.194019e-09	3.351356e-10	1.494554e-10	1.468442e-10	1.412466e-10	1.212359e-10	1.026466e-10	9.881789e-11	9.33457e-11
65	0.04105065	0.04020701	0.04017559	0.04015661	0.04001359	0.03832691	0.03787295	0.03767258	0.03712761	0.0003842989	3.904248e-05	7.242279e-06	8.664921e-07	7.634768e-07	7.524863e-07	7.491128e-07	6.998499e-07	6.727078e-07	5.662012e-07	5.230642e-07	5.186038e-07	1.926657e-07	3.180244e-09	3.341872e-10	1.485085e-10	1.459127e-10	1.403181e-10	1.210733e-10	1.024841e-10	9.866233e-11
66	0.04331409	0.0404645	0.03987045	0.03983904	0.03982007	0.03967769	0.03799101	0.03753706	0.03733669	0.0371276	0.0003842938	3.903754e-05	7.23734e-06	8.642684e-07	7.612534e-07	7.519333e-07	7.485598e-07	6.99297e-07	6.7261e-07	5.661034e-07	5.229665e-07	5.185061e-07	1.926479e-07	3.179984e-09	3.339272e-10	1.484094e-10	1.458136e-10	1.40219e-10	1.209742e-10	1.024641e-10
67	0.9999809	0.04330584	0.04045625	0.03986237	0.03983266	0.03981646	0.0396741	0.03798742	0.03753346	0.03733669	0.0371276	0.0003842931	3.903752e-05	7.237318e-06	8.642468e-07	7.612422e-07	7.519221e-07	7.485561e-07	6.992932e-07	6.726062e-07	5.660997e-07	5.229665e-07	5.185061e-07	1.926479e-07	3.179979e-09	3.339245e-10	1.484068e-10	1.458118e-10	1.402177e-10	1.209733e-10
