#unpaired probabilities
 #i$	l=1	2	3	4	5	6	7	8	9	10	11	12	13	14	15	16	17	18	19	20	21	22	23	24	25	26	27	28	29	30	
1	0.9999913	NA	NA	NA	NA	NA	NA	NA	NA	NA	NA	NA	NA	NA	NA	NA	NA	NA	NA	NA	NA	NA	NA	NA	NA	NA	NA	NA	NA	NA
2	0.9538102	0.9537931	NA	NA	NA	NA	NA	NA	NA	NA	NA	NA	NA	NA	NA	NA	NA	NA	NA	NA	NA	NA	NA	NA	NA	NA	NA	NA	NA	NA
3	0.9997099	0.9537435	0.9537262	NA	NA	NA	NA	NA	NA	NA	NA	NA	NA	NA	NA	NA	NA	NA	NA	NA	NA	NA	NA	NA	NA	NA	NA	NA	NA	NA
4	0.9997926	0.9995574	0.9535955	0.9535731	NA	NA	NA	NA	NA	NA	NA	NA	NA	NA	NA	NA	NA	NA	NA	NA	NA	NA	NA	NA	NA	NA	NA	NA	NA	NA
5	0.9995836	0.9994821	0.99925	0.9533076	0.9532832	NA	NA	NA	NA	NA	NA	NA	NA	NA	NA	NA	NA	NA	NA	NA	NA	NA	NA	NA	NA	NA	NA	NA	NA	NA
6	0.02121205	0.02128723	0.02140386	0.02161534	0.02126747	0.02158748	NA	NA	NA	NA	NA	NA	NA	NA	NA	NA	NA	NA	NA	NA	NA	NA	NA	NA	NA	NA	NA	NA	NA	NA
7	0.08439749	0.01082593	0.01081089	0.01079117	0.01077503	0.01070008	0.01103453	NA	NA	NA	NA	NA	NA	NA	NA	NA	NA	NA	NA	NA	NA	NA	NA	NA	NA	NA	NA	NA	NA	NA
8	0.1536402	0.06375576	0.008268042	0.00825637	0.008234345	0.008210959	0.008199806	0.008530462	NA	NA	NA	NA	NA	NA	NA	NA	NA	NA	NA	NA	NA	NA	NA	NA	NA	NA	NA	NA	NA	NA
9	0.2260541	0.1354195	0.05688922	0.007390708	0.007386063	0.007368377	0.007348727	0.007354254	0.007680457	NA	NA	NA	NA	NA	NA	NA	NA	NA	NA	NA	NA	NA	NA	NA	NA	NA	NA	NA	NA	NA
10	0.2699351	0.1905268	0.1143881	0.04803447	0.00624269	0.006236888	0.006214385	0.006186677	0.006179166	0.006426908	NA	NA	NA	NA	NA	NA	NA	NA	NA	NA	NA	NA	NA	NA	NA	NA	NA	NA	NA	NA
11	0.1670693	0.1193716	0.08480082	0.05209532	0.02189539	0.00284802	0.002854415	0.002865283	0.002865734	0.002884814	0.003050457	NA	NA	NA	NA	NA	NA	NA	NA	NA	NA	NA	NA	NA	NA	NA	NA	NA	NA	NA
12	0.1312408	0.07469063	0.05789569	0.04248429	0.02614267	0.01103858	0.001437464	0.001443416	0.001452461	0.001449978	0.001462816	0.001555657	NA	NA	NA	NA	NA	NA	NA	NA	NA	NA	NA	NA	NA	NA	NA	NA	NA	NA
13	0.1375268	0.07897235	0.04997451	0.03860957	0.02842026	0.01749896	0.007385721	0.000972558	0.0009783239	0.0009870545	0.0009839477	0.000996305	0.001069985	NA	NA	NA	NA	NA	NA	NA	NA	NA	NA	NA	NA	NA	NA	NA	NA	NA
14	0.2929922	0.1177066	0.07088782	0.04628032	0.03579787	0.02636305	0.01622401	0.006833249	0.0009035655	0.0009090975	0.0009174351	0.0009136595	0.0009249695	0.0009933604	NA	NA	NA	NA	NA	NA	NA	NA	NA	NA	NA	NA	NA	NA	NA	NA
15	0.5155952	0.2902842	0.116729	0.07030462	0.04590514	0.03550814	0.02616207	0.01610119	0.00677852	0.00089094	0.0008952734	0.0009018226	0.0009074721	0.0009188968	0.0009872953	NA	NA	NA	NA	NA	NA	NA	NA	NA	NA	NA	NA	NA	NA	NA
16	0.9841936	0.5003458	0.2897067	0.1162137	0.06980042	0.04538429	0.03547206	0.02613536	0.01608456	0.006771188	0.0008894398	0.000893648	0.0009000094	0.0009053459	0.0009180717	0.0009864741	NA	NA	NA	NA	NA	NA	NA	NA	NA	NA	NA	NA	NA	NA
17	0.9829275	0.9778645	0.4988574	0.2883553	0.1148872	0.06842557	0.04535717	0.0354508	0.0261197	0.01607492	0.006767123	0.000888896	0.0008930995	0.0008994536	0.0009047781	0.0009174979	0.0009858721	NA	NA	NA	NA	NA	NA	NA	NA	NA	NA	NA	NA	NA
18	0.8210898	0.7963402	0.782489	0.2919221	0.1971121	0.1124565	0.06694875	0.04431733	0.03473455	0.02559393	0.01575165	0.006631295	0.0008714734	0.0008756783	0.0008820333	0.000887358	0.0009009135	0.0009692948	NA	NA	NA	NA	NA	NA	NA	NA	NA	NA	NA	NA
19	0.8344268	0.8165226	0.7939393	0.7805144	0.2907893	0.1964999	0.1120119	0.06675859	0.0441939	0.03463741	0.02552221	0.01570731	0.006612302	0.0008684479	0.0008725178	0.00087867	0.0008836566	0.0008967683	0.0009644478	NA	NA	NA	NA	NA	NA	NA	NA	NA	NA	NA
20	0.8589908	0.8283159	0.811633	0.7903163	0.7772138	0.2881248	0.1942133	0.1099894	0.06635179	0.04393093	0.03443061	0.02536976	0.01561345	0.00657274	0.0008631722	0.0008671993	0.0008732868	0.0008781653	0.0008911936	0.0009587321	NA	NA	NA	NA	NA	NA	NA	NA	NA	NA
21	0.8505814	0.7958649	0.7629314	0.742927	0.7182332	0.7008516	0.2870434	0.1933147	0.1092853	0.06611717	0.04378731	0.03431766	0.02528651	0.01556222	0.006551191	0.000860369	0.0008643891	0.0008704658	0.0008753262	0.0008883676	0.0009558764	NA	NA	NA	NA	NA	NA	NA	NA	NA
22	0.9315488	0.8404697	0.78666	0.7539141	0.7335225	0.7136657	0.6961055	0.2820808	0.1927503	0.1091843	0.06605232	0.04374151	0.03428072	0.02526155	0.01554619	0.006543046	0.000856909	0.0008604062	0.000865702	0.000874595	0.0008876498	0.0009551765	NA	NA	NA	NA	NA	NA	NA	NA
23	0.8656069	0.8485903	0.8241129	0.7769337	0.7445943	0.7237627	0.7039888	0.6858989	0.2712579	0.1905816	0.109066	0.06594363	0.04363344	0.03426734	0.02525163	0.01553998	0.006540263	0.0008562676	0.0008597012	0.0008649013	0.0008736349	0.0008873447	0.0009548723	NA	NA	NA	NA	NA	NA	NA
24	0.9363564	0.8436069	0.8266998	0.8013001	0.7531306	0.720497	0.6984181	0.6772467	0.6575626	0.2707716	0.1901471	0.1086823	0.06559504	0.04358071	0.03422579	0.02522092	0.01552096	0.006532067	0.0008548797	0.0008582359	0.0008633199	0.00087186	0.0008853519	0.0009523996	NA	NA	NA	NA	NA	NA
25	0.9568697	0.9241701	0.8342673	0.8171113	0.7940999	0.7461198	0.7132899	0.6909698	0.669514	0.6494677	0.2622601	0.1820817	0.108459	0.06544594	0.04346888	0.0341618	0.02517374	0.01549189	0.006519789	0.0008531993	0.0008565321	0.0008615809	0.0008700622	0.0008838673	0.0009509171	NA	NA	NA	NA	NA
26	0.7729881	0.7275591	0.6888436	0.5891075	0.5659439	0.531075	0.4702468	0.4231966	0.3849944	0.3457883	0.3057591	0.261383	0.1814245	0.1080162	0.06516629	0.04329022	0.03401601	0.02505938	0.01541121	0.006469421	0.0008197524	0.0008167498	0.0008122928	0.0008049313	0.000789467	0.0007845985	NA	NA	NA	NA
27	0.7705967	0.7527503	0.70773	0.6699583	0.5695133	0.5455438	0.5104091	0.4495715	0.4015163	0.3621226	0.3216166	0.2800889	0.2340144	0.1812477	0.1079843	0.06514169	0.04326883	0.0339977	0.02505326	0.01540789	0.006467969	0.0008194129	0.0008164388	0.0008120396	0.0008047577	0.0007893015	0.0007844413	NA	NA	NA
28	0.7613768	0.7492973	0.7313749	0.6946111	0.6568164	0.5566342	0.5322528	0.4979597	0.4366757	0.3881713	0.3480543	0.3067548	0.2643032	0.2171816	0.1634056	0.1079712	0.0651316	0.04326006	0.03399304	0.0250504	0.01540639	0.006467384	0.0008192894	0.0008163228	0.000811937	0.0008046731	0.0007892297	0.0007843757	NA	NA
29	0.3433305	0.3372057	0.334815	0.3288644	0.3159348	0.3017396	0.2223899	0.2138562	0.1941541	0.1692386	0.1502748	0.1352561	0.1167172	0.1000407	0.08188451	0.06096442	0.04010604	0.0249222	0.01628005	0.01276895	0.009409235	0.005786479	0.002428633	0.0003069104	0.0003056277	0.0003037322	0.0003005927	0.0002947696	0.000293	NA
30	0.05262552	0.04877264	0.04809424	0.04810976	0.04694064	0.04608188	0.04515794	0.04446344	0.04435538	0.03242207	0.02682026	0.02396135	0.02250088	0.01606388	0.01311295	0.01044539	0.007131298	0.004669121	0.002884567	0.001951766	0.001497801	0.001103322	0.0006784718	0.0002847755	3.600576e-05	3.586464e-05	3.565754e-05	3.531874e-05	3.467167e-05	3.454974e-05
31	0.1023214	0.03323655	0.03182244	0.03161818	0.03197807	0.03124321	0.03123128	0.03124895	0.0313449	0.03181987	0.02046118	0.01635521	0.0146605	0.01418354	0.008641423	0.006702945	0.005172788	0.003154862	0.002057612	0.001263376	0.000845625	0.0006649645	0.0004895941	0.0003010385	0.0001263646	1.598704e-05	1.593003e-05	1.584763e-05	1.57155e-05	1.545779e-05
32	0.07704064	0.04213717	0.02331185	0.02186271	0.02142334	0.02144035	0.02034677	0.01994337	0.01954363	0.01917175	0.01912874	0.01895068	0.01548786	0.0143821	0.01393399	0.008423436	0.006514815	0.005018192	0.003038606	0.001981461	0.001216409	0.0008138726	0.0006399046	0.0004715285	0.000289932	0.0001216992	1.539e-05	1.533857e-05	1.526255e-05	1.513839e-05
33	0.1171805	0.06775309	0.03505611	0.02075733	0.01928129	0.01881255	0.01875612	0.01762988	0.01714006	0.01665774	0.01618126	0.01602028	0.01589424	0.01515881	0.01416913	0.0137317	0.008312197	0.006418695	0.004939051	0.002979474	0.00194282	0.001192595	0.0007977909	0.0006273086	0.0004622376	0.0002842895	0.0001193299	1.508785e-05	1.503847e-05	1.496559e-05
34	0.2180332	0.1082672	0.0618203	0.02923379	0.01583392	0.0146098	0.01418182	0.01397492	0.0137457	0.01310854	0.01249988	0.01185011	0.01149868	0.01117423	0.01022013	0.009477614	0.008787756	0.008269754	0.006382442	0.004909746	0.002957895	0.001928767	0.001183973	0.0007920137	0.0006227879	0.0004589213	0.0002822426	0.0001184801	1.497826e-05	1.492849e-05
35	0.7610714	0.2100428	0.1015541	0.05591397	0.02712705	0.01419209	0.01300659	0.01262756	0.01239623	0.01212848	0.01148773	0.01084593	0.01015976	0.009756255	0.009372921	0.008370649	0.007566826	0.006876075	0.006274295	0.00556465	0.004798231	0.002873044	0.00187188	0.001147393	0.0007700929	0.0006055489	0.0004462201	0.0002744301	0.0001151988	1.456416e-05
36	0.9898662	0.7605391	0.2096229	0.1012312	0.05567741	0.02696962	0.0141185	0.01293596	0.0125592	0.01232756	0.01205934	0.01141885	0.01077744	0.0100912	0.009687053	0.009302876	0.008301432	0.007497552	0.006806086	0.00620308	0.005492069	0.00472408	0.002863071	0.001866435	0.001144019	0.000767795	0.0006038089	0.0004449377	0.0002736412	0.0001148674
37	0.9420398	0.9322616	0.759313	0.2086668	0.1003919	0.05492168	0.02627624	0.01357719	0.01241104	0.0120322	0.01178446	0.01149767	0.01083773	0.01017564	0.00946615	0.009036095	0.008623528	0.007592641	0.006755118	0.006025539	0.005379509	0.00462011	0.00379726	0.002854312	0.001861002	0.001140656	0.00076551	0.0006020688	0.0004436553	0.0002728522
38	0.9454145	0.9399935	0.930253	0.7591229	0.2085217	0.1002744	0.0548272	0.02620249	0.01355704	0.01239175	0.01201298	0.01176509	0.01147815	0.01081836	0.01015637	0.009446865	0.009016614	0.008603789	0.007573222	0.006735662	0.006005861	0.005359463	0.004599654	0.003776333	0.002843088	0.001859415	0.001139625	0.0007647638	0.0006015929	0.0004433042
39	0.4965282	0.4724306	0.4544021	0.431416	0.2476484	0.2075681	0.09981029	0.05441507	0.0259351	0.01334083	0.01217507	0.01182122	0.01156949	0.01127817	0.01063115	0.009965092	0.009391498	0.008959725	0.008544889	0.007516747	0.006681477	0.005956762	0.005311743	0.004581078	0.003761011	0.002831473	0.001851603	0.001134791	0.0007614883	0.0005990198
40	0.4509904	0.4264241	0.401647	0.3817617	0.356831	0.1711238	0.1326296	0.09975456	0.05438975	0.02591543	0.01332385	0.0121579	0.01181515	0.01156552	0.01127422	0.0106273	0.00996135	0.009387848	0.008956325	0.008541508	0.007513545	0.006678407	0.005953791	0.005308838	0.004578289	0.003758408	0.002828997	0.00184925	0.001134507	0.0007613007
41	0.4849153	0.4363247	0.4125413	0.3874432	0.367193	0.3418697	0.1557978	0.1178062	0.084532	0.05437158	0.02589791	0.01330644	0.01213997	0.01181306	0.01156444	0.01127315	0.01062624	0.009960351	0.009386856	0.008955591	0.008540774	0.007512844	0.006677748	0.00595315	0.005308208	0.004577688	0.003757922	0.002828544	0.001848829	0.001134406
42	0.493622	0.477509	0.4296588	0.4057552	0.3807927	0.3614418	0.341335	0.1553126	0.1173564	0.08408925	0.05391984	0.02581917	0.01322729	0.01205834	0.01172923	0.01148026	0.01118584	0.01059816	0.009931233	0.009361736	0.008939653	0.008524087	0.007495509	0.006659683	0.005951466	0.005306571	0.004577007	0.003757375	0.002828115	0.001848524
43	0.5322593	0.4904029	0.4754061	0.4294713	0.4056843	0.3807439	0.3613971	0.3412926	0.1553023	0.1173477	0.08408207	0.05391411	0.02581455	0.0132242	0.01205639	0.01172725	0.01147824	0.01118396	0.01059626	0.009929455	0.009359925	0.008937797	0.008522971	0.007494944	0.006659227	0.005951032	0.005306192	0.004576664	0.003757074	0.002827892
44	0.7108415	0.52848	0.4876555	0.4727586	0.4273483	0.4038224	0.3790219	0.3597856	0.3398027	0.1544554	0.1167046	0.08362039	0.05361761	0.02567204	0.01315068	0.01198954	0.01166213	0.01141442	0.0111226	0.01053802	0.009874914	0.009308448	0.008888629	0.008477705	0.007455591	0.006624572	0.00592027	0.005279041	0.004553037	0.003737347
45	0.2883466	0.2173026	0.1739461	0.1652708	0.1630247	0.1537664	0.1498181	0.1446382	0.1410684	0.1379902	0.03599183	0.02685231	0.01924075	0.01243395	0.006130882	0.003233336	0.002970736	0.002898908	0.002848399	0.002788378	0.002653076	0.002500982	0.002376059	0.002292823	0.002213476	0.001985927	0.001801791	0.00164627	0.001508223	0.001271981
46	0.1029411	0.09701326	0.08131202	0.07234752	0.07102193	0.07151929	0.07025827	0.07037643	0.06938969	0.06892873	0.0692136	0.008076217	0.005770133	0.004104115	0.00268404	0.001397903	0.0007298665	0.0006688194	0.0006511569	0.0006388232	0.0006243175	0.0005929493	0.0005586472	0.0005314571	0.000516123	0.0005022615	0.000449643	0.0004065444	0.0003703252	0.0003381985
47	0.0356407	0.03204256	0.03207793	0.02950356	0.02811078	0.02815181	0.0287135	0.02888225	0.02938354	0.02930558	0.02941041	0.02994982	0.001345119	0.0008343846	0.0005872668	0.000423759	0.0002995241	0.0001473153	0.0001327882	0.0001279224	0.0001243711	0.000120324	0.0001133951	0.000106593	0.0001020884	0.0001024735	0.0001036469	9.224564e-05	8.19843e-05	7.339485e-05
48	0.004765273	0.003895406	0.003898268	0.003939967	0.002261948	0.001198281	0.001001063	0.001015586	0.0007921209	0.0007386595	0.0006882795	0.0006860088	0.0006862703	0.0003577291	0.0002634406	0.0002092614	0.0001863259	0.0001830484	8.397401e-05	7.412718e-05	7.087249e-05	6.818156e-05	6.514562e-05	6.115405e-05	5.744591e-05	5.535657e-05	5.737357e-05	5.998134e-05	5.363946e-05	4.698729e-05
49	0.0182389	0.004301248	0.003638038	0.003659371	0.003701323	0.00203583	0.0009758287	0.0007800495	0.0007902873	0.000564219	0.0005075374	0.0004575583	0.0004546025	0.0004507402	0.0003496331	0.0002587131	0.0002060954	0.0001842933	0.0001819868	8.337233e-05	7.356279e-05	7.031931e-05	6.763322e-05	6.460319e-05	6.063296e-05	5.694708e-05	5.487373e-05	5.689909e-05	5.951311e-05	5.320857e-05
50	0.03769611	0.01810101	0.004276926	0.003618988	0.003641476	0.003684302	0.002028061	0.0009703144	0.0007760179	0.0007861848	0.0005606267	0.0005048806	0.0004549538	0.0004519897	0.0004482047	0.0003490618	0.0002582702	0.0002057215	0.0001839506	0.0001816514	8.31571e-05	7.335465e-05	7.011082e-05	6.742316e-05	6.439154e-05	6.042045e-05	5.673298e-05	5.465564e-05	5.667184e-05	5.927539e-05
51	0.05027262	0.03251845	0.01497093	0.002587358	0.002100557	0.002102787	0.002123693	0.001189427	0.0005901292	0.00047456	0.0004805363	0.0003537021	0.0003231181	0.0002946435	0.0002927383	0.000290844	0.0002000072	0.0001479634	0.0001176738	0.0001047251	0.0001023442	4.689508e-05	4.137734e-05	3.955195e-05	3.803994e-05	3.633417e-05	3.409631e-05	3.201712e-05	3.08443e-05	3.197282e-05
52	0.1516824	0.04529906	0.02934534	0.01362716	0.002531939	0.002079203	0.002084655	0.002106868	0.001177039	0.00058593	0.0004708399	0.0004769124	0.0003506565	0.0003202994	0.0002920437	0.0002902668	0.0002885117	0.0001983149	0.0001466253	0.0001166161	0.0001038903	0.0001019667	4.672115e-05	4.122356e-05	3.940534e-05	3.789912e-05	3.619954e-05	3.396984e-05	3.189819e-05	3.072957e-05
53	0.7052962	0.1317955	0.03515539	0.02221706	0.009419726	0.0003963199	0.0001658249	0.0001462884	0.0001410322	0.0001227159	0.0001104931	9.041885e-05	9.123826e-05	8.965043e-05	9.001025e-05	8.887046e-05	8.846249e-05	8.911167e-05	1.000237e-05	7.272281e-06	5.401863e-06	3.852635e-06	1.865902e-06	9.431935e-07	8.54521e-07	8.269051e-07	8.048406e-07	7.790945e-07	7.37482e-07	6.962137e-07
54	0.6631179	0.6393616	0.1144046	0.02328453	0.01456871	0.00618995	0.000278973	0.0001288341	0.0001162859	0.0001154276	0.0001057339	0.0001003852	8.14541e-05	8.250593e-05	8.231517e-05	8.322363e-05	8.261292e-05	8.251542e-05	8.35003e-05	5.931251e-06	4.049531e-06	2.852301e-06	1.838493e-06	9.564023e-07	5.257601e-07	4.858552e-07	4.743471e-07	4.655695e-07	4.548114e-07	4.329488e-07
55	0.9174021	0.6338772	0.6169074	0.1011617	0.01412506	0.008692221	0.003680686	0.0001531374	6.310059e-05	5.538846e-05	5.461592e-05	4.817084e-05	4.446039e-05	2.539711e-05	2.542091e-05	2.471217e-05	2.4642e-05	2.420841e-05	2.398312e-05	2.39833e-05	3.230039e-06	2.359433e-06	1.698477e-06	1.09419e-06	5.674773e-07	3.271032e-07	3.048447e-07	2.992789e-07	2.944863e-07	2.883136e-07
56	0.8660827	0.8661283	0.5959022	0.5958531	0.09028816	0.006542526	0.003810056	0.001619702	7.92549e-05	4.005862e-05	3.69491e-05	3.688482e-05	3.384522e-05	3.223762e-05	1.351948e-05	1.353659e-05	1.329686e-05	1.331464e-05	1.31215e-05	1.303717e-05	1.308541e-05	1.477348e-06	1.071698e-06	7.80502e-07	5.002015e-07	2.697785e-07	1.629274e-07	1.544539e-07	1.527853e-07	1.507677e-07
57	0.6580374	0.5978937	0.5975413	0.5617087	0.5669682	0.08589696	0.004850925	0.002757848	0.001163547	4.341117e-05	1.452395e-05	1.194939e-05	1.157636e-05	8.741579e-06	7.051546e-06	5.877827e-06	5.767568e-06	5.484107e-06	5.391529e-06	5.235847e-06	5.145721e-06	5.075576e-06	1.036999e-06	7.848218e-07	5.825101e-07	3.730585e-07	2.054709e-07	1.295835e-07	1.239501e-07	1.232e-07
58	0.6021809	0.5807817	0.5714267	0.575973	0.5440099	0.5506855	0.08143124	0.001905889	0.0008666808	0.0003667611	1.678741e-05	7.625531e-06	6.865301e-06	6.805307e-06	5.247172e-06	4.362808e-06	3.354727e-06	3.37852e-06	3.276129e-06	3.270253e-06	3.211011e-06	3.190163e-06	3.190335e-06	3.881696e-07	2.965194e-07	2.318435e-07	1.46188e-07	9.336427e-08	7.016459e-08	6.936974e-08
59	0.8449994	0.5846387	0.5671568	0.5624442	0.5679304	0.5368532	0.5437826	0.08020926	0.001230197	0.0004341207	0.0001841158	1.016167e-05	5.497277e-06	5.14348e-06	5.144409e-06	3.86921e-06	3.157765e-06	2.178091e-06	2.19836e-06	2.140145e-06	2.138267e-06	2.099383e-06	2.090068e-06	2.091416e-06	2.328245e-07	1.837053e-07	1.516097e-07	9.447423e-08	6.786553e-08	5.645433e-08
60	0.6754781	0.6745575	0.4197399	0.4016878	0.3989628	0.4022543	0.3818904	0.3861939	0.06617592	0.0006693153	0.0001257296	5.363328e-05	4.635488e-06	3.134179e-06	3.044043e-06	3.067251e-06	1.937988e-06	1.307893e-06	1.266965e-06	1.28207e-06	1.240199e-06	1.239605e-06	1.215533e-06	1.214584e-06	1.214046e-06	1.224607e-07	1.045655e-07	9.581092e-08	5.903957e-08	5.117284e-08
61	0.8694636	0.6650916	0.6656335	0.4115147	0.3935863	0.3909525	0.3941598	0.3741396	0.3783227	0.06573168	0.0006228477	9.769519e-05	4.181288e-05	4.21875e-06	3.0095e-06	2.945849e-06	2.973236e-06	1.863963e-06	1.246133e-06	1.208814e-06	1.228669e-06	1.192874e-06	1.193284e-06	1.170641e-06	1.170647e-06	1.170826e-06	1.126838e-07	9.727798e-08	9.057736e-08	5.563945e-08
62	0.8777432	0.8584938	0.6589923	0.6600873	0.4061051	0.388138	0.3855495	0.3886716	0.3689108	0.3730028	0.06537094	0.0006107793	9.157393e-05	3.922066e-05	4.103705e-06	2.958725e-06	2.900484e-06	2.928342e-06	1.828229e-06	1.215847e-06	1.179447e-06	1.199638e-06	1.165395e-06	1.166129e-06	1.143891e-06	1.144011e-06	1.143996e-06	1.099753e-07	9.525767e-08	8.910696e-08
63	0.7328318	0.7025045	0.6881603	0.5232809	0.5246844	0.2910936	0.2730362	0.2691516	0.2701879	0.2532844	0.2552253	0.05578268	0.0005099953	8.394496e-05	3.602342e-05	3.700422e-06	2.657105e-06	2.602656e-06	2.627115e-06	1.653013e-06	1.108905e-06	1.077211e-06	1.095701e-06	1.065975e-06	1.067484e-06	1.047964e-06	1.048247e-06	1.047446e-06	1.019583e-07	8.848935e-08
64	0.5331592	0.5001585	0.4679746	0.4503166	0.2839865	0.2821549	0.280767	0.2625986	0.2639328	0.2648766	0.2483028	0.2501516	0.05538659	0.0005045499	8.303874e-05	3.559248e-05	3.596695e-06	2.565003e-06	2.511007e-06	2.534689e-06	1.608256e-06	1.073492e-06	1.042018e-06	1.059867e-06	1.030152e-06	1.03114e-06	1.011319e-06	1.010932e-06	1.009323e-06	7.283801e-08
65	0.5951901	0.5196639	0.4871061	0.4553008	0.4382286	0.2759967	0.2742733	0.2730592	0.2604985	0.262003	0.2633562	0.2467899	0.2497281	0.05533891	0.0005009058	8.093594e-05	3.468525e-05	3.528264e-06	2.521416e-06	2.468863e-06	2.49228e-06	1.58008e-06	1.056483e-06	1.02557e-06	1.043175e-06	1.013801e-06	1.01469e-06	9.956914e-07	9.951767e-07	1.005171e-06
66	0.9117176	0.5154319	0.4464958	0.4417019	0.4330699	0.4280948	0.2722636	0.2724327	0.2721173	0.2598144	0.261495	0.2629212	0.2463945	0.2493582	0.05498682	0.0003070392	4.147371e-05	1.774109e-05	1.9518e-06	1.412862e-06	1.388997e-06	1.402752e-06	8.390665e-07	5.021454e-07	4.812907e-07	4.891613e-07	4.734139e-07	4.72396e-07	4.618897e-07	4.614029e-07
67	0.8887887	0.8836063	0.4937415	0.4353291	0.4318395	0.4273359	0.4253948	0.2696222	0.2709712	0.2712705	0.2589553	0.2607602	0.2621737	0.2456677	0.2486191	0.05454973	0.0003030037	4.117251e-05	1.761178e-05	1.935102e-06	1.400223e-06	1.376631e-06	1.391175e-06	8.323182e-07	4.979942e-07	4.773034e-07	4.851053e-07	4.695084e-07	4.685034e-07	4.580886e-07
68	0.7005164	0.678662	0.6744447	0.4806796	0.4247609	0.4227092	0.4192986	0.4183504	0.2633358	0.2648578	0.2651938	0.2528168	0.2545455	0.2558607	0.2447509	0.247691	0.05451795	0.0002918294	3.409937e-05	1.455825e-05	1.728048e-06	1.275854e-06	1.257593e-06	1.271546e-06	7.550827e-07	4.437938e-07	4.247058e-07	4.317504e-07	4.160581e-07	4.143674e-07
69	0.5700649	0.527016	0.5076763	0.5020668	0.3131585	0.2555081	0.2517175	0.2474432	0.2455401	0.239682	0.242135	0.2441264	0.2480975	0.2498335	0.2543068	0.2431765	0.2476178	0.05449468	0.0002855299	3.008185e-05	1.280271e-05	1.56491e-06	1.164556e-06	1.148419e-06	1.161248e-06	6.893832e-07	4.343708e-07	4.175639e-07	4.247117e-07	4.097602e-07
70	0.7962214	0.3757716	0.3464719	0.3273695	0.3231996	0.3058273	0.249548	0.2473463	0.244422	0.2438459	0.2390459	0.241828	0.2439879	0.2480069	0.2497779	0.2542665	0.243145	0.2475922	0.05447359	0.0002713025	2.238175e-05	9.46992e-06	1.324434e-06	1.010025e-06	1.000213e-06	1.012178e-06	5.74258e-07	3.372333e-07	3.21793e-07	3.271988e-07
71	0.8014867	0.7912604	0.3721303	0.342832	0.3240456	0.319863	0.3026307	0.2493453	0.2471576	0.2442474	0.2436846	0.238894	0.2416774	0.2438367	0.2478536	0.2496223	0.2541082	0.243087	0.2475332	0.05447243	0.0002710544	2.228703e-05	9.42745e-06	1.318403e-06	1.005363e-06	9.955803e-07	1.007492e-06	5.71569e-07	3.357118e-07	3.204134e-07
72	0.8263866	0.7876766	0.7775097	0.3630251	0.3385745	0.3199239	0.3157173	0.2991203	0.2458026	0.243805	0.241032	0.2405396	0.2357117	0.238659	0.2416447	0.2456239	0.2496189	0.254105	0.2430839	0.2475302	0.05446942	0.0002708333	2.215817e-05	9.372178e-06	1.314921e-06	1.003272e-06	9.936331e-07	1.005572e-06	5.700367e-07	3.354816e-07
73	0.978051	0.8099915	0.7777994	0.7678674	0.3543384	0.3298586	0.3124077	0.3081464	0.2958089	0.2449745	0.2429957	0.2402395	0.2397629	0.2349441	0.2378854	0.2408614	0.2448281	0.2488097	0.2532815	0.2430612	0.2475071	0.054469	0.000270533	2.196869e-05	9.287312e-06	1.303627e-06	9.949776e-07	9.854032e-07	9.972421e-07	5.661179e-07
74	0.8949383	0.8829295	0.7185985	0.6856094	0.6744763	0.334127	0.3093835	0.2975864	0.2931225	0.2821774	0.2327357	0.2305745	0.2276291	0.2269564	0.2219326	0.2246561	0.2274053	0.2311364	0.2348738	0.2390923	0.2430188	0.247464	0.05446885	0.000270416	2.188823e-05	9.245072e-06	1.28851e-06	9.825659e-07	9.728962e-07	9.845482e-07
75	0.9051804	0.8614724	0.8494906	0.6970577	0.6646016	0.6532556	0.3128068	0.3078694	0.296066	0.2915885	0.2806854	0.2312257	0.2291452	0.2267114	0.2262672	0.2212355	0.2240039	0.2271231	0.2308494	0.2348736	0.2390922	0.2430187	0.2474639	0.05446878	0.0002703632	2.185263e-05	9.227513e-06	1.283701e-06	9.787088e-07	9.690524e-07
76	0.2927439	0.2774223	0.259013	0.2465352	0.1767946	0.140782	0.1224132	0.09905855	0.09140539	0.08436917	0.07672555	0.07290641	0.06996298	0.06538081	0.06034069	0.05722609	0.04939305	0.04927375	0.04939188	0.05000093	0.05079625	0.05166825	0.05260063	0.05345318	0.05446835	0.0002700166	2.157605e-05	9.025106e-06	1.13455e-06	8.490257e-07
77	0.17525	0.1620355	0.1502795	0.1311462	0.1188156	0.1017255	0.07142841	0.05746514	0.04770458	0.03941291	0.03214801	0.02390745	0.02013794	0.01640509	0.0126586	0.008654145	0.004894069	0.001991027	0.001089469	0.0006339898	0.000506505	0.0004212824	0.0003869021	0.0003696536	0.0003590167	0.0003531722	0.000147301	2.07794e-05	8.67032e-06	7.926407e-07
78	0.2205037	0.1569956	0.1445571	0.1331813	0.1140174	0.1016063	0.08656767	0.06874832	0.0550313	0.04569259	0.03742507	0.03027468	0.02243479	0.01877008	0.01511768	0.01142421	0.007995255	0.004507885	0.001664122	0.0007942709	0.0003445251	0.0002214872	0.0001322487	9.301879e-05	7.044469e-05	5.541889e-05	4.379661e-05	3.057791e-05	1.971794e-05	8.341233e-06
79	0.2188104	0.2041477	0.1491273	0.1377265	0.1267021	0.1078372	0.09549754	0.08076681	0.06520328	0.05222076	0.04293949	0.03472217	0.02793447	0.0208367	0.01749825	0.01413789	0.0106309	0.007367958	0.004208711	0.001569536	0.0007506386	0.000333996	0.0002144971	0.000127216	8.89095e-05	6.658476e-05	5.174381e-05	4.021861e-05	2.928839e-05	1.897087e-05
80	0.2128467	0.187665	0.1778059	0.1322208	0.1234751	0.1131918	0.09994821	0.08779002	0.07357795	0.0582662	0.04550724	0.03636951	0.02826696	0.02243594	0.01713586	0.01466011	0.01207348	0.009057199	0.006236929	0.003490184	0.001346925	0.00066311	0.0003140688	0.0002041704	0.0001216873	8.583682e-05	6.429264e-05	4.997765e-05	3.884992e-05	2.83058e-05
81	0.2661087	0.1937488	0.1742305	0.164783	0.1320322	0.1237011	0.1133074	0.1009613	0.08886571	0.07448126	0.05898273	0.04605129	0.03678843	0.02858314	0.0226698	0.01729333	0.01478213	0.01215931	0.009161695	0.006308705	0.003528385	0.001363858	0.0006721185	0.0003188993	0.0002073562	0.0001235543	8.713005e-05	6.521545e-05	5.066179e-05	3.933537e-05
82	0.3766757	0.2626445	0.1933077	0.1737057	0.1641834	0.1331679	0.1250501	0.114541	0.1021738	0.09004311	0.07548098	0.05978825	0.04667865	0.03728704	0.02898684	0.02298897	0.01753386	0.01498683	0.01232601	0.00928953	0.006401926	0.003580197	0.001384061	0.0006829469	0.0003243981	0.000211018	0.0001257817	8.873504e-05	6.643373e-05	5.162219e-05
83	0.4971544	0.3557329	0.2602923	0.191882	0.1721675	0.1625429	0.1314354	0.1235565	0.1128826	0.1009136	0.08859829	0.07380605	0.06064871	0.04735631	0.03783271	0.02942581	0.02334113	0.01780511	0.01522147	0.01252109	0.009438906	0.006506086	0.003639676	0.001407055	0.000694166	0.0003296286	0.0002142639	0.0001281407	9.043152e-05	6.772698e-05
84	0.8498682	0.463543	0.336312	0.2558146	0.1899459	0.1706531	0.1611995	0.1307779	0.1235389	0.1128731	0.1007919	0.08836318	0.07345589	0.06015353	0.04685029	0.0372143	0.02871809	0.0227085	0.0174554	0.01498365	0.0123767	0.009328629	0.006424601	0.003581528	0.001393426	0.0006914718	0.0003322064	0.0002163337	0.0001294694	9.156254e-05
85	0.5584958	0.5391775	0.2405573	0.1549735	0.1129368	0.09176447	0.08604756	0.08263236	0.0677863	0.06473389	0.05903856	0.05229876	0.04534055	0.03710985	0.02958702	0.022038	0.01765042	0.0137817	0.01096212	0.008684954	0.00762654	0.006404881	0.004728848	0.003122796	0.001537124	0.0005985609	0.0002972972	0.0001429743	9.319402e-05	5.585398e-05
86	0.3455612	0.2900314	0.2869072	0.06566402	0.0139247	0.001770739	0.0002852197	0.000253468	0.0002414233	0.0001956918	0.0001858344	0.000168401	0.0001495181	0.0001300378	0.0001066088	8.547437e-05	6.430956e-05	5.199498e-05	4.116446e-05	3.314368e-05	2.661408e-05	2.361667e-05	1.991026e-05	1.485167e-05	1.001517e-05	5.250665e-06	2.236543e-06	1.305657e-06	7.18888e-07	4.985524e-07
87	0.3293417	0.3226265	0.2665217	0.2634738	0.05986499	0.01241627	0.001351003	4.113889e-05	2.964325e-05	2.741176e-05	2.20872e-05	2.089597e-05	1.894235e-05	1.685509e-05	1.470241e-05	1.207769e-05	9.734865e-06	7.39218e-06	6.022067e-06	4.826088e-06	3.899874e-06	3.135204e-06	2.802042e-06	2.383394e-06	1.790019e-06	1.229799e-06	6.833081e-07	3.184063e-07	2.099341e-07	1.410948e-07
88	0.1904711	0.1869467	0.1836441	0.1767354	0.173976	0.03947287	0.008145296	0.0008543781	5.082756e-06	4.319696e-07	3.700102e-07	2.773232e-07	2.65553e-07	2.479981e-07	2.296477e-07	2.108172e-07	1.828031e-07	1.614523e-07	1.406389e-07	1.246166e-07	1.143838e-07	8.683564e-08	5.346121e-08	4.929097e-08	4.266701e-08	3.683321e-08	3.143672e-08	2.618949e-08	1.512831e-08	1.409604e-08
89	0.1619153	0.1616061	0.1580432	0.1549866	0.1479818	0.1461897	0.0331827	0.006856306	0.0007264057	4.063798e-06	1.201492e-07	7.812158e-08	5.092272e-08	5.123892e-08	5.172149e-08	5.230818e-08	5.296201e-08	4.99998e-08	5.008099e-08	5.058477e-08	4.761978e-08	4.81656e-08	3.576063e-08	1.514268e-08	1.485063e-08	1.504436e-08	1.516251e-08	1.537672e-08	1.560703e-08	9.54042e-09
90	0.1779074	0.1290007	0.1287654	0.1251494	0.1222879	0.1222762	0.1205043	0.02737093	0.005666016	0.0006085046	3.427151e-06	1.007443e-07	6.457457e-08	4.163955e-08	4.196279e-08	4.244666e-08	4.302488e-08	4.366119e-08	4.121997e-08	4.138604e-08	4.190541e-08	3.949159e-08	4.000315e-08	3.001792e-08	1.28012e-08	1.258581e-08	1.278817e-08	1.292881e-08	1.315334e-08	1.339249e-08
91	0.1949136	0.1231775	0.09397387	0.09380456	0.09013563	0.0881948	0.08818595	0.08747022	0.0198927	0.004131515	0.000453668	2.52393e-06	7.712018e-08	4.965983e-08	3.181197e-08	3.207326e-08	3.245636e-08	3.291446e-08	3.341787e-08	3.147798e-08	3.162485e-08	3.203795e-08	3.024346e-08	3.065119e-08	2.310581e-08	1.013413e-08	9.987972e-09	1.01569e-08	1.027205e-08	1.045859e-08
92	0.1844705	0.1747565	0.1019552	0.07244193	0.07228889	0.07228117	0.07053448	0.07052692	0.06984151	0.01589088	0.003302522	0.000364351	2.020004e-06	6.251834e-08	3.959409e-08	2.560411e-08	2.582272e-08	2.613972e-08	2.651579e-08	2.692881e-08	2.542878e-08	2.556903e-08	2.590922e-08	2.445647e-08	2.479296e-08	1.859567e-08	7.937723e-09	7.815552e-09	7.950567e-09	8.045363e-09
93	0.1673205	0.163178	0.1564992	0.08256967	0.05288342	0.05275029	0.0527425	0.05204114	0.05203503	0.05184275	0.0118004	0.002453975	0.0002718018	1.462833e-06	4.003196e-08	2.668223e-08	1.807986e-08	1.824197e-08	1.847396e-08	1.874588e-08	1.904416e-08	1.818614e-08	1.832222e-08	1.856948e-08	1.747602e-08	1.77179e-08	1.297963e-08	4.800583e-09	4.690077e-09	4.771065e-09
94	0.1752431	0.1542352	0.1511009	0.144935	0.0698353	0.03977427	0.03964979	0.03964191	0.03924674	0.03924149	0.03917423	0.008917001	0.001854427	0.0002054342	1.105158e-06	3.010946e-08	2.012096e-08	1.366348e-08	1.378948e-08	1.396707e-08	1.417607e-08	1.440548e-08	1.375482e-08	1.385904e-08	1.404782e-08	1.322534e-08	1.34127e-08	9.827279e-09	3.62347e-09	3.551635e-09
95	0.0891507	0.08590211	0.06526515	0.06304084	0.0573449	0.05733901	0.02688082	0.02676492	0.02676487	0.02650925	0.02650484	0.02646016	0.006023151	0.001252674	0.0001388279	7.467189e-07	2.032776e-08	1.357882e-08	9.224875e-09	9.312182e-09	9.438559e-09	9.581912e-09	9.739523e-09	9.322492e-09	9.392474e-09	9.520062e-09	8.965438e-09	9.095467e-09	6.665061e-09	2.450745e-09
96	0.04667759	0.03964871	0.03828958	0.01792519	0.01669486	0.01603663	0.01603347	0.01444122	0.01437601	0.01437598	0.0142387	0.01423611	0.0142121	0.003235088	0.0006728183	7.45814e-05	4.009502e-07	1.087814e-08	7.255397e-09	4.939972e-09	4.988064e-09	5.057204e-09	5.135669e-09	5.221812e-09	5.002134e-09	5.040432e-09	5.115155e-09	4.817898e-09	4.889427e-09	3.579807e-09
97	0.8865554	0.03034308	0.02442628	0.0233888	0.003276477	0.002927283	0.002786035	0.002785436	0.002734054	0.002729693	0.002729687	0.002703685	0.002702456	0.002697894	0.0006140416	0.0001276873	1.417351e-05	7.586482e-08	2.012848e-09	1.329159e-09	9.242989e-10	9.33564e-10	9.468791e-10	9.618598e-10	9.782895e-10	9.419391e-10	9.457994e-10	9.598235e-10	9.030606e-10	9.166634e-10
98	0.9739631	0.8799592	0.009419155	0.003472661	0.002457133	0.002336828	0.002042846	0.001944684	0.001944261	0.001927897	0.001926062	0.001926058	0.001907732	0.001906892	0.001903671	0.0004332533	9.008655e-05	1.000707e-05	5.343621e-08	1.400015e-09	9.191087e-10	6.467548e-10	6.534563e-10	6.630137e-10	6.738164e-10	6.856063e-10	6.620954e-10	6.634873e-10	6.735577e-10	6.334455e-10
99	0.9790243	0.9752812	0.8938637	0.008409474	0.002466692	0.001454419	0.001367968	0.001281406	0.001213505	0.001213242	0.001201511	0.00120024	0.001200237	0.001188817	0.001188373	0.001186363	0.0002699378	5.610696e-05	6.230985e-06	3.326864e-08	8.684785e-10	5.690263e-10	3.995292e-10	4.037992e-10	4.098221e-10	4.166389e-10	4.240697e-10	4.095046e-10	4.141931e-10	4.204872e-10
100	0.9184811	0.9183896	0.9171208	0.9084037	0.007515048	0.001561318	0.0005621459	0.0005156592	0.0004820555	0.0004618066	0.0004617068	0.0004551701	0.0004547979	0.000454797	0.0004504525	0.0004504203	0.0004496541	0.0001022946	2.125769e-05	2.361715e-06	1.260928e-08	3.28921e-10	2.154233e-10	1.512018e-10	1.528655e-10	1.551945e-10	1.578286e-10	1.60699e-10	1.552262e-10	1.570575e-10
101	0.02665963	0.007311562	0.007297555	0.007266067	0.007072288	0.007070949	0.001048451	4.372932e-05	1.782934e-05	1.572835e-05	1.417391e-05	1.417162e-05	1.044841e-05	1.042468e-05	1.042466e-05	1.032574e-05	1.032417e-05	1.030676e-05	2.34434e-06	4.871148e-07	5.411217e-08	2.888841e-10	7.537367e-12	4.93829e-12	3.469783e-12	3.508956e-12	3.563587e-12	3.625078e-12	3.692224e-12	3.568456e-12
102	0.0425452	0.001805448	0.0007444583	0.0007406605	0.0007200183	0.0005851058	0.0005841941	0.0005463208	1.115828e-05	9.685769e-06	9.054371e-06	8.608019e-06	8.606421e-06	7.276034e-06	7.263999e-06	7.263984e-06	7.195094e-06	7.193947e-06	7.181819e-06	1.633484e-06	3.393946e-07	3.769313e-08	2.012195e-10	5.247602e-12	3.437383e-12	2.415212e-12	2.443251e-12	2.482128e-12	2.525884e-12	2.573635e-12
103	0.02189526	0.02175883	0.0002109786	9.447848e-05	9.33246e-05	8.21726e-05	7.977457e-06	7.478531e-06	6.203941e-06	5.546273e-06	4.847262e-06	4.544194e-06	4.365521e-06	4.36464e-06	4.004637e-06	3.998786e-06	3.998777e-06	3.960895e-06	3.960343e-06	3.953665e-06	8.991431e-07	1.867913e-07	2.072906e-08	1.106508e-10	2.884105e-12	1.888665e-12	1.327319e-12	1.343179e-12	1.365025e-12	1.389598e-12
104	0.02253778	0.01205505	0.01200971	8.773331e-05	5.071998e-05	5.032618e-05	4.418495e-05	3.141448e-06	2.866205e-06	2.68099e-06	2.615282e-06	2.508665e-06	2.342897e-06	2.247995e-06	2.247506e-06	2.214984e-06	2.212548e-06	2.212544e-06	2.191624e-06	2.191401e-06	2.187706e-06	4.974186e-07	1.033078e-07	1.144782e-08	6.110416e-11	1.592873e-12	1.043043e-12	7.334471e-13	7.424714e-13	7.548161e-13
105	0.01314751	0.008735447	0.004686641	0.004669135	3.395359e-05	1.970039e-05	1.955047e-05	1.716353e-05	1.207494e-06	1.100338e-06	1.028986e-06	1.005315e-06	9.64586e-07	9.035974e-07	8.665822e-07	8.663892e-07	8.607952e-07	8.600896e-07	8.600877e-07	8.51995e-07	8.519339e-07	8.504974e-07	1.933488e-07	4.013489e-08	4.429813e-09	2.363818e-11	6.160121e-13	4.032521e-13	2.841345e-13	2.877221e-13
106	0.0009765106	0.0005500098	0.0004001035	0.0002151533	0.0002142621	1.560548e-06	9.064387e-07	8.991594e-07	7.895022e-07	5.589263e-08	5.064021e-08	4.737606e-08	4.602397e-08	4.415491e-08	4.13713e-08	3.970873e-08	3.96957e-08	3.94389e-08	3.940792e-08	3.940775e-08	3.909762e-08	3.909536e-08	3.902938e-08	8.824188e-09	1.796935e-09	1.694039e-10	9.082792e-13	2.622648e-14	1.780003e-14	1.287194e-14
107	0.00236127	8.465999e-05	4.946805e-05	3.630928e-05	1.953793e-05	1.946455e-05	1.449621e-07	8.565111e-08	8.485939e-08	7.468107e-08	5.671446e-09	4.86423e-09	4.560197e-09	4.177579e-09	4.007352e-09	3.754655e-09	3.603698e-09	3.602907e-09	3.578503e-09	3.575683e-09	3.575677e-09	3.54751e-09	3.547305e-09	3.54132e-09	8.00663e-10	1.630458e-10	1.537153e-11	8.287679e-14	2.797638e-15	2.012278e-15
108	0.0001328682	1.149562e-05	4.744064e-07	2.830263e-07	2.105303e-07	1.126808e-07	1.112154e-07	4.611029e-09	4.288347e-09	4.111381e-09	3.796155e-09	6.961637e-10	3.231554e-10	3.130896e-10	2.345784e-11	2.184247e-11	2.037372e-11	1.953647e-11	1.95263e-11	1.938724e-11	1.936986e-11	1.936976e-11	1.91786e-11	1.917697e-11	1.914446e-11	4.329061e-12	8.82293e-13	8.374745e-14	8.718466e-16	3.939082e-16
109	0.000263219	2.222611e-06	1.630524e-07	2.003352e-08	1.64836e-08	1.439317e-08	6.152415e-09	5.053701e-09	3.933799e-09	3.928507e-09	3.751261e-09	3.483708e-09	6.817247e-10	3.034308e-10	2.961843e-10	1.102904e-12	3.823659e-13	2.733794e-13	2.479916e-13	2.423079e-13	2.278636e-13	2.27658e-13	2.275929e-13	1.961816e-13	1.95761e-13	1.953068e-13	4.467056e-14	9.704541e-15	1.395532e-15	3.920478e-16
110	0.004875937	4.29507e-05	5.466972e-07	3.733046e-08	4.271957e-09	3.146756e-09	2.36195e-09	2.062956e-09	9.467103e-10	7.788438e-10	7.768875e-10	7.768177e-10	7.718994e-10	6.531133e-10	3.096338e-10	3.022491e-10	8.954772e-13	1.685302e-13	7.5768e-14	5.800683e-14	5.258918e-14	3.918148e-14	3.911449e-14	3.907349e-14	2.089561e-14	2.065294e-14	2.054033e-14	5.190994e-15	1.546322e-15	5.697322e-16
111	0.01200557	0.001312518	1.231831e-05	3.375595e-07	1.853474e-08	1.540093e-09	1.037909e-09	5.972339e-10	4.811088e-10	3.909494e-10	3.293248e-10	3.289168e-10	3.288534e-10	3.287606e-10	3.281666e-10	3.163174e-10	3.087761e-10	8.735358e-13	1.321714e-13	4.393167e-14	2.972874e-14	2.438445e-14	1.105998e-14	1.100896e-14	1.097379e-14	1.16158e-15	1.012402e-15	9.590636e-16	6.861712e-16	5.590821e-16
112	0.4263813	0.01188025	0.001302054	1.19095e-05	1.791191e-07	1.405051e-08	1.065672e-09	6.634888e-10	2.557346e-10	1.416378e-10	7.419797e-11	1.993012e-11	1.97554e-11	1.972222e-11	1.962977e-11	1.904713e-11	6.936578e-12	2.909941e-12	7.912382e-13	1.23339e-13	3.66092e-14	2.400555e-14	1.97666e-14	1.096529e-14	1.093236e-14	1.090435e-14	1.004969e-15	8.627132e-16	8.095239e-16	5.759077e-16
113	0.9306522	0.399427	0.01190602	0.001305746	1.183492e-05	1.160474e-07	1.264165e-08	9.996714e-10	6.312975e-10	2.380271e-10	1.302869e-10	6.164242e-11	1.543274e-11	1.528215e-11	1.525087e-11	1.515832e-11	1.457695e-11	2.192316e-12	1.96611e-12	1.314425e-13	1.2003e-13	3.340629e-14	2.098007e-14	1.730844e-14	1.099098e-14	1.096558e-14	1.094109e-14	9.394083e-16	7.991368e-16	7.468444e-16
114	0.7615986	0.7506784	0.3265629	0.009494835	0.001042174	9.40888e-06	8.293272e-08	9.768835e-09	8.512266e-10	5.407453e-10	2.27079e-10	1.290704e-10	5.955247e-11	1.545273e-11	1.533875e-11	1.53118e-11	1.52259e-11	1.469682e-11	2.028427e-12	1.885545e-12	1.117923e-13	1.017556e-13	2.753086e-14	1.54324e-14	1.281228e-14	8.74719e-15	8.731081e-15	8.71512e-15	7.602283e-16	6.48678e-16
115	0.6162012	0.5472852	0.5414859	0.2224272	0.005270669	0.0005737461	5.243292e-06	5.812474e-08	7.343305e-09	7.295268e-10	4.827597e-10	1.805405e-10	9.962735e-11	2.922768e-11	1.553899e-11	1.545189e-11	1.542667e-11	1.535061e-11	1.490241e-11	1.979209e-12	1.919774e-12	1.074989e-13	9.776018e-14	2.189599e-14	1.107946e-14	8.615162e-15	4.870703e-15	4.857508e-15	4.846685e-15	5.502153e-16
116	0.5819551	0.4169673	0.4024251	0.3972295	0.1740173	0.001615357	0.0001770547	1.646474e-06	3.971588e-08	5.443672e-09	5.173991e-10	3.236155e-10	3.071183e-11	2.006097e-11	1.579189e-11	2.231741e-12	2.174694e-12	2.149279e-12	2.139576e-12	2.0758e-12	2.023384e-12	1.962808e-12	1.064831e-13	9.651733e-14	1.882273e-14	7.833923e-15	5.324299e-15	1.513764e-15	1.500452e-15	1.491552e-15
117	0.6643413	0.3511859	0.3404308	0.3367434	0.3352835	0.1463063	0.001531182	0.0001676087	1.540033e-06	2.120357e-08	4.713368e-09	4.988755e-10	3.147932e-10	2.338068e-11	1.343661e-11	1.123089e-11	3.06991e-13	2.633512e-13	2.426291e-13	2.342074e-13	1.784886e-13	1.254007e-13	1.173253e-13	1.035417e-13	9.511226e-14	1.64434e-14	5.367948e-15	3.142777e-15	1.431075e-15	1.420545e-15
118	0.5809896	0.4879148	0.2994483	0.2961349	0.2935462	0.2922666	0.1262706	0.001037591	0.00011368	1.045568e-06	1.748044e-08	4.371793e-09	4.887344e-10	3.095919e-10	1.438132e-11	6.852979e-12	5.295293e-12	2.79548e-13	2.418819e-13	2.223412e-13	2.154433e-13	1.695984e-13	1.153991e-13	1.098769e-13	1.010704e-13	9.651779e-14	1.586536e-14	4.656314e-15	2.46839e-15	9.698072e-16
119	0.5323917	0.4987171	0.4369972	0.2751463	0.2727178	0.2718754	0.271053	0.1173557	0.0009432145	0.0001033915	9.528964e-07	1.714805e-08	4.381427e-09	4.714808e-10	3.134639e-10	1.386365e-11	6.715613e-12	5.177056e-12	2.559849e-13	2.204321e-13	2.135727e-13	2.089868e-13	1.709737e-13	1.181005e-13	1.125517e-13	1.035749e-13	9.890576e-14	1.613461e-14	4.634823e-15	2.396905e-15
120	0.5661044	0.5116399	0.4785958	0.4157329	0.2544552	0.2521909	0.2516045	0.251103	0.1088457	0.0008580823	9.410879e-05	8.695577e-07	1.698618e-08	4.428103e-09	4.780152e-10	3.169091e-10	1.313862e-11	6.692871e-12	5.133262e-12	2.554149e-13	2.202279e-13	2.143876e-13	2.104851e-13	1.745049e-13	1.211092e-13	1.154491e-13	1.062503e-13	1.01457e-13	1.645145e-14	4.643018e-15
121	0.676965	0.5047704	0.4691677	0.4358855	0.3775285	0.2199681	0.2191923	0.2189318	0.2185414	0.09465299	0.0007857286	8.611779e-05	7.931257e-07	1.324914e-08	1.609209e-09	4.699539e-10	3.195334e-10	1.048537e-11	5.668869e-12	4.587912e-12	2.358861e-13	2.174189e-13	2.125213e-13	2.091624e-13	1.752048e-13	1.208768e-13	1.158552e-13	1.068234e-13	1.019116e-13	1.455743e-14
122	0.5262946	0.4453187	0.3887323	0.360334	0.326746	0.2717435	0.1404537	0.1403468	0.1401951	0.1399088	0.06032221	0.0006753288	7.379332e-05	6.701834e-07	4.881709e-09	7.103311e-10	1.406616e-10	1.70022e-11	6.279738e-12	3.172731e-12	2.987721e-12	1.139813e-13	1.058044e-13	1.030717e-13	1.009568e-13	7.135391e-14	1.576444e-14	1.431666e-14	1.321401e-14	1.316143e-14
123	0.4497594	0.4020154	0.3244385	0.2712318	0.2462353	0.2117267	0.155843	0.09397068	0.09392071	0.0937873	0.09355634	0.04067756	0.0006332327	6.913221e-05	6.252115e-07	3.593893e-09	4.308177e-10	1.192097e-11	5.707119e-12	3.501562e-12	7.095991e-13	6.635095e-13	9.644703e-14	9.074636e-14	8.902575e-14	8.717291e-14	5.904776e-14	1.918428e-15	1.233798e-15	7.640867e-16
124	0.3413084	0.3311192	0.2882442	0.2129987	0.1595683	0.1342569	0.133592	0.1293171	0.06749231	0.06746692	0.06736196	0.0671796	0.02962893	0.0006169204	6.735414e-05	6.090075e-07	3.388476e-09	3.188999e-10	1.083065e-11	5.29275e-12	3.233189e-12	5.394287e-13	5.013854e-13	9.423773e-14	9.028221e-14	9.017354e-14	8.854383e-14	6.031985e-14	1.813609e-15	1.133345e-15
125	0.8687964	0.2578376	0.2482126	0.2045014	0.1270862	0.1212853	0.11079	0.1101095	0.105709	0.05226714	0.05224336	0.05214025	0.05197363	0.02326292	0.0006157509	6.722844e-05	6.075637e-07	3.227915e-09	3.119498e-10	1.053107e-11	5.109759e-12	3.10766e-12	4.267448e-13	4.004397e-13	9.574272e-14	9.206731e-14	9.198942e-14	9.036863e-14	6.165282e-14	1.324203e-15
126	0.2946538	0.2147728	0.1676206	0.1613989	0.1167942	0.03716727	0.03521937	0.0345663	0.0339007	0.02939374	0.02696374	0.02694277	0.02684442	0.02670588	0.01267086	0.000603	6.57934e-05	5.944562e-07	3.119303e-09	3.00121e-10	9.950542e-12	4.751185e-12	2.863494e-12	2.475018e-13	2.328885e-13	9.735682e-14	9.414119e-14	9.40971e-14	9.251755e-14	6.34934e-14
127	0.1177255	0.1171541	0.1159726	0.09738155	0.09685121	0.09620236	0.01409421	0.01218987	0.01169543	0.01165143	0.01148104	0.0100502	0.01004885	0.01004474	0.01003398	0.005794782	0.0005993554	6.53991e-05	5.908626e-07	3.096627e-09	2.976242e-10	9.649464e-12	4.511217e-12	2.66549e-12	6.628878e-14	5.441032e-14	1.613712e-14	1.315564e-14	1.311611e-14	1.158321e-14
128	0.8745362	0.1170596	0.1165556	0.115537	0.0982587	0.09779762	0.09716198	0.01251805	0.01058841	0.01009983	0.01005459	0.009879028	0.008536831	0.008535633	0.008531902	0.008523058	0.005205608	0.0006140621	6.700452e-05	6.053643e-07	3.171568e-09	3.048731e-10	9.869277e-12	4.607064e-12	2.719871e-12	5.703447e-14	4.489978e-14	1.611134e-14	1.307915e-14	1.303895e-14
129	0.8850923	0.8081121	0.1127904	0.1123386	0.1114773	0.09866214	0.09827207	0.0977127	0.01102809	0.009127125	0.008634775	0.008593152	0.008425436	0.00728177	0.007280696	0.007277139	0.007269293	0.004448782	0.0004958481	5.410902e-05	4.888582e-07	2.561617e-09	2.462536e-10	7.971355e-12	3.721181e-12	2.197403e-12	4.693387e-14	3.696572e-14	1.279955e-14	1.034687e-14
130	0.9253925	0.8572126	0.8087733	0.1097288	0.1092954	0.1085621	0.09844691	0.09811256	0.09763346	0.0100779	0.008166031	0.007666687	0.007629417	0.007471384	0.006375343	0.006374355	0.006370845	0.006363469	0.003794246	0.0003560941	3.886347e-05	3.511217e-07	1.840535e-09	1.769567e-10	5.733824e-12	2.679587e-12	1.583465e-12	3.873003e-14	3.132326e-14	9.204124e-15
131	0.9155551	0.8728407	0.8133917	0.7879579	0.08690215	0.08648218	0.0858548	0.07689551	0.07661733	0.07622127	0.009154457	0.007216658	0.006716843	0.006684055	0.006536018	0.005466163	0.00546526	0.005461786	0.005454853	0.003126257	0.0002097805	2.290248e-05	2.069216e-07	1.085734e-09	1.044234e-10	3.392518e-12	1.589578e-12	9.409898e-13	3.039935e-14	2.565344e-14
132	0.8456023	0.8366574	0.7954499	0.745285	0.7247409	0.01760931	0.01720201	0.01668118	0.008402819	0.008179827	0.007841087	0.007729013	0.006221019	0.005709125	0.00567881	0.005535139	0.004463188	0.004462358	0.004458935	0.004452537	0.002411529	0.000115879	1.265788e-05	1.143661e-07	6.011498e-10	5.785311e-11	1.887931e-12	8.88482e-13	5.274764e-13	2.393829e-14
133	0.8336898	0.8300709	0.8225213	0.7809358	0.7400075	0.7251016	0.009442719	0.009051361	0.008642576	0.005657153	0.005493012	0.005220322	0.00518902	0.005095644	0.004652843	0.004625544	0.004487518	0.003416809	0.003416067	0.003412717	0.003406976	0.001712951	5.05709e-06	5.670899e-07	5.13102e-09	2.923564e-11	2.888984e-12	1.120934e-13	6.094825e-14	3.93706e-14
134	0.1195991	0.08215309	0.08091288	0.08049385	0.07747751	0.0512136	0.04080583	0.005171983	0.004796053	0.004524564	0.002932209	0.002828333	0.002570242	0.002553287	0.002465645	0.002427984	0.002399611	0.002255893	0.002104115	0.002103444	0.002100221	0.002095411	0.0008813629	2.64966e-06	3.001822e-07	2.718053e-09	1.618435e-11	1.619332e-12	6.603846e-14	3.711223e-14
135	0.07770115	0.02752116	0.0267753	0.02642278	0.02630684	0.02588709	0.01497921	0.01310811	0.001505252	0.001491628	0.001420699	0.0009043778	0.0008731586	0.0008610765	0.000855467	0.000773362	0.0007412699	0.0007393513	0.0007391884	0.00067647	0.0006763891	0.0006761727	0.0006753243	0.000284459	8.199415e-07	9.267156e-08	8.405465e-10	5.629169e-12	5.78227e-13	2.374524e-14
136	0.9467185	0.07082566	0.01976016	0.01921403	0.01903915	0.01896974	0.01868641	0.009396338	0.008235569	0.0009148777	0.0009064366	0.0008619959	0.0005368685	0.0005173074	0.0005097311	0.00050667	0.0005044103	0.0004719139	0.0004699213	0.0004697988	0.0004232905	0.0004232364	0.0004230912	0.0004225544	0.0001781328	5.154877e-07	5.69078e-08	5.16799e-10	3.746196e-12	3.907317e-13
137	0.1333865	0.1007167	0.06609096	0.01326226	0.01277564	0.01265047	0.01261178	0.01247449	0.004514205	0.003940182	0.0004260984	0.0004219041	0.0004000166	0.0002424482	0.0002327846	0.0002290367	0.0002275589	0.0002265265	0.0002258648	0.0002237869	0.0002236988	0.0002083221	0.0002082909	0.0002082057	0.0002079331	8.77243e-05	2.511324e-07	2.780079e-08	2.527484e-10	1.961514e-12
138	0.06392645	0.062851	0.06068884	0.05642306	0.0008809428	0.0003748	0.0002539133	0.0002428962	0.0002317974	0.0001653715	0.0001400119	1.571053e-05	1.549538e-05	1.472409e-05	9.062387e-06	8.722869e-06	8.587541e-06	8.528921e-06	8.453135e-06	8.414787e-06	8.413839e-06	8.386128e-06	7.26794e-06	7.265813e-06	7.262922e-06	7.253745e-06	3.124474e-06	9.145198e-09	1.027383e-09	9.595577e-12
139	0.09859602	0.06594108	0.06505059	0.06303681	0.05934741	0.0007511601	0.0002178107	9.102373e-05	7.991715e-05	7.130678e-05	4.493565e-05	3.702123e-05	4.551951e-06	4.439392e-06	4.237325e-06	2.678887e-06	2.591076e-06	2.553058e-06	2.537482e-06	2.489957e-06	2.47355e-06	2.473013e-06	2.469107e-06	1.826206e-06	1.824695e-06	1.823372e-06	1.820897e-06	8.207199e-07	2.57922e-09	2.942556e-10
140	0.5335133	0.09146705	0.06608944	0.0651726	0.06306821	0.06281825	0.0007753209	0.0002112297	7.711743e-05	6.541908e-05	5.662781e-05	3.323277e-05	2.651904e-05	3.548518e-06	3.441494e-06	3.290861e-06	2.097908e-06	2.032785e-06	2.003309e-06	1.99152e-06	1.944787e-06	1.930333e-06	1.929802e-06	1.925782e-06	1.328988e-06	1.327458e-06	1.326228e-06	1.324347e-06	6.101424e-07	1.97992e-09
141	0.9258726	0.4740696	0.08908457	0.06747956	0.06724355	0.06690666	0.06670977	0.0007922474	0.0001963761	6.820086e-05	5.586451e-05	4.682672e-05	2.534368e-05	1.944436e-05	2.715177e-06	2.611991e-06	2.503666e-06	1.573429e-06	1.524887e-06	1.505991e-06	1.497216e-06	1.450964e-06	1.439096e-06	1.438609e-06	1.43462e-06	9.659756e-07	9.644268e-07	9.633213e-07	9.619318e-07	4.472429e-07
142	0.3164664	0.258397	0.1766228	0.08141945	0.07176046	0.07159389	0.07125852	0.07114705	0.0008351422	0.0001995558	6.285516e-05	4.972714e-05	4.029342e-05	1.979344e-05	1.438511e-05	2.075545e-06	1.97211e-06	1.890214e-06	1.139643e-06	1.102595e-06	1.088176e-06	1.081801e-06	1.075419e-06	1.065862e-06	1.065366e-06	1.061173e-06	7.110049e-07	7.093982e-07	7.08305e-07	7.071981e-07
143	0.2133811	0.2035945	0.1691423	0.1352786	0.08220337	0.07678644	0.07662698	0.07628562	0.07621856	0.0008844562	0.0002034804	5.703557e-05	4.30008e-05	3.310711e-05	1.361015e-05	8.716467e-06	1.185865e-06	1.081789e-06	1.028398e-06	7.003529e-07	6.75689e-07	6.660951e-07	6.622449e-07	6.582932e-07	6.539559e-07	6.534471e-07	6.490195e-07	4.359283e-07	4.34254e-07	4.331702e-07
144	0.03436185	0.03339297	0.03122269	0.02187607	0.01626776	0.002406658	0.0009493501	0.000943035	0.0009344953	0.0009155908	0.0009140971	0.0001807491	2.306043e-05	9.091622e-06	7.775013e-06	6.786845e-06	2.584117e-06	4.100034e-07	3.142443e-07	2.97897e-07	2.032968e-07	1.956396e-07	1.928604e-07	1.917524e-07	1.90488e-07	1.891374e-07	1.889151e-07	1.854512e-07	1.247051e-07	1.245899e-07
145	0.0896636	0.01477479	0.01431956	0.01274385	0.009499901	0.006506229	0.0007663648	0.0001699229	0.0001672242	0.0001632521	0.0001556752	0.0001556232	0.0001552805	2.210555e-05	7.146992e-06	5.787727e-06	5.381527e-06	1.087293e-06	2.308547e-07	1.289378e-07	1.204312e-07	8.327039e-08	7.898665e-08	7.756174e-08	7.712887e-08	7.651466e-08	7.589001e-08	7.565871e-08	7.19268e-08	4.870307e-08
146	0.7080582	0.05985876	0.01002095	0.009712456	0.008596521	0.00618291	0.004491289	0.0004577253	3.098927e-05	2.912481e-05	2.56061e-05	2.000723e-05	1.996996e-05	1.996842e-05	1.99634e-05	7.210799e-06	5.802368e-06	5.489369e-06	8.540512e-07	2.088768e-07	9.85588e-08	9.105012e-08	6.312058e-08	6.008873e-08	5.884586e-08	5.852075e-08	5.799812e-08	5.748167e-08	5.734997e-08	5.328314e-08
147	0.155153	0.153593	0.02623526	0.006015128	0.005863037	0.00493182	0.003495469	0.002610049	0.0002616811	1.238584e-05	1.137831e-05	9.029497e-06	5.76362e-06	5.757752e-06	5.756591e-06	5.752185e-06	5.735086e-06	5.673667e-06	5.492819e-06	4.467719e-07	6.210682e-08	6.161828e-08	5.567914e-08	3.919318e-08	3.817857e-08	3.730865e-08	3.711865e-08	3.670132e-08	3.630172e-08	3.629017e-08
148	0.2606675	0.1014244	0.1004916	0.01729043	0.003249053	0.003146965	0.003022141	0.002179287	0.001556066	0.0001583797	1.047832e-05	9.8756e-06	7.812863e-06	5.962852e-06	5.959444e-06	5.958863e-06	5.958088e-06	5.956516e-06	5.938453e-06	5.834216e-06	2.601234e-07	3.69556e-08	3.666281e-08	3.507449e-08	2.569608e-08	2.5116e-08	2.436917e-08	2.426344e-08	2.389866e-08	2.356026e-08
149	0.9985058	0.2721044	0.1017144	0.1008107	0.01727795	0.003092529	0.002992025	0.002870697	0.002115194	0.001486029	0.000152556	1.119262e-05	1.061504e-05	8.396241e-06	6.640275e-06	6.636999e-06	6.636409e-06	6.635671e-06	6.634105e-06	6.615189e-06	6.514204e-06	2.492889e-07	3.553562e-08	3.525072e-08	3.369042e-08	2.527812e-08	2.472463e-08	2.392302e-08	2.382437e-08	2.343668e-08
150	0.5939849	0.5939695	0.1078987	0.06295797	0.06227823	0.01080782	0.002371016	0.002308516	0.002215383	0.001625421	0.00125697	0.00012367	2.856478e-06	2.37077e-06	1.895391e-06	3.451475e-07	3.424874e-07	3.41913e-07	3.412432e-07	3.402416e-07	3.329015e-07	2.558949e-07	2.277701e-07	2.673732e-08	2.648559e-08	2.541238e-08	1.767078e-08	1.720331e-08	1.701746e-08	1.692626e-08
151	0.7766768	0.5690711	0.5690566	0.1029931	0.05898152	0.05833841	0.0100712	0.002279109	0.002219009	0.002129701	0.001564523	0.001207175	0.0001188491	2.713535e-06	2.246205e-06	1.789501e-06	3.080454e-07	3.054882e-07	3.048852e-07	3.042401e-07	3.032727e-07	2.961727e-07	2.22242e-07	1.952401e-07	2.574147e-08	2.549184e-08	2.446118e-08	1.701593e-08	1.656721e-08	1.638786e-08
152	0.7349987	0.7318814	0.5369847	0.5369707	0.09838719	0.05557556	0.05496498	0.009493031	0.002152032	0.00209628	0.002012588	0.001480907	0.001138896	0.0001122693	2.557331e-06	2.115509e-06	1.68645e-06	2.899173e-07	2.875158e-07	2.872217e-07	2.866431e-07	2.857294e-07	2.789707e-07	2.092927e-07	1.839247e-07	2.433106e-08	2.413574e-08	2.31672e-08	1.612871e-08	1.57065e-08
153	0.9908542	0.670554	0.6673786	0.4882399	0.4882324	0.08451802	0.05108589	0.05054338	0.008678418	0.001949889	0.001898564	0.001821643	0.001332076	0.001041858	0.0001020278	2.341097e-06	1.940357e-06	1.546171e-06	2.668196e-07	2.646073e-07	2.643383e-07	2.638084e-07	2.629522e-07	2.565971e-07	1.923192e-07	1.689617e-07	2.204493e-08	2.186437e-08	2.097126e-08	1.444763e-08
154	0.6025018	0.6008339	0.5742002	0.5722447	0.4186995	0.4186933	0.07249421	0.04382458	0.04336247	0.00744315	0.001669684	0.001625798	0.001559907	0.001141652	0.0008930309	8.746677e-05	2.008682e-06	1.664695e-06	1.326222e-06	2.292313e-07	2.273259e-07	2.270953e-07	2.266414e-07	2.258777e-07	2.201915e-07	1.64831e-07	1.447591e-07	1.875853e-08	1.86019e-08	1.783327e-08
155	0.4160812	0.409336	0.4082018	0.3910103	0.3898296	0.2853006	0.2852964	0.04940707	0.02987446	0.0295596	0.005072501	0.001137349	0.001107475	0.001062595	0.0007778238	0.0006086009	5.96054e-05	1.365362e-06	1.13186e-06	9.026295e-07	1.551281e-07	1.538474e-07	1.536902e-07	1.533809e-07	1.529176e-07	1.494893e-07	1.12227e-07	9.862941e-08	1.276792e-08	1.266458e-08
156	0.09069766	0.06915921	0.06803797	0.06784911	0.06499208	0.06480087	0.04742736	0.04742666	0.00822196	0.004975629	0.004923279	0.0008446762	0.0001892657	0.0001842899	0.0001768147	0.0001294829	0.0001012983	9.920651e-06	2.270633e-07	1.881995e-07	1.500996e-07	2.578837e-08	2.557545e-08	2.554928e-08	2.54978e-08	2.542088e-08	2.485026e-08	1.865779e-08	1.639811e-08	2.124953e-09
