#unpaired probabilities
 #i$	l=1	2	3	4	5	6	7	8	9	10	11	12	13	14	15	16	17	18	19	20	21	22	23	24	25	26	27	28	29	30	
1	0.9737117	NA	NA	NA	NA	NA	NA	NA	NA	NA	NA	NA	NA	NA	NA	NA	NA	NA	NA	NA	NA	NA	NA	NA	NA	NA	NA	NA	NA	NA
2	0.9903813	0.9673933	NA	NA	NA	NA	NA	NA	NA	NA	NA	NA	NA	NA	NA	NA	NA	NA	NA	NA	NA	NA	NA	NA	NA	NA	NA	NA	NA	NA
3	0.1513031	0.1624691	0.1914722	NA	NA	NA	NA	NA	NA	NA	NA	NA	NA	NA	NA	NA	NA	NA	NA	NA	NA	NA	NA	NA	NA	NA	NA	NA	NA	NA
4	0.08265094	0.0423802	0.05041832	0.07509626	NA	NA	NA	NA	NA	NA	NA	NA	NA	NA	NA	NA	NA	NA	NA	NA	NA	NA	NA	NA	NA	NA	NA	NA	NA	NA
5	0.1029037	0.04070461	0.02729044	0.0348598	0.05785482	NA	NA	NA	NA	NA	NA	NA	NA	NA	NA	NA	NA	NA	NA	NA	NA	NA	NA	NA	NA	NA	NA	NA	NA	NA
6	0.1475294	0.06259226	0.03153176	0.0236102	0.03084197	0.05371616	NA	NA	NA	NA	NA	NA	NA	NA	NA	NA	NA	NA	NA	NA	NA	NA	NA	NA	NA	NA	NA	NA	NA	NA
7	0.9453186	0.1184372	0.04731086	0.0208392	0.01438005	0.01820628	0.03073474	NA	NA	NA	NA	NA	NA	NA	NA	NA	NA	NA	NA	NA	NA	NA	NA	NA	NA	NA	NA	NA	NA	NA
8	0.0956745	0.06834544	0.03531318	0.01966871	0.01320861	0.01082476	0.01465859	0.02653259	NA	NA	NA	NA	NA	NA	NA	NA	NA	NA	NA	NA	NA	NA	NA	NA	NA	NA	NA	NA	NA	NA
9	0.1562383	0.07309176	0.0507417	0.02778133	0.01553091	0.01072886	0.008686854	0.01173892	0.02123366	NA	NA	NA	NA	NA	NA	NA	NA	NA	NA	NA	NA	NA	NA	NA	NA	NA	NA	NA	NA	NA
10	0.263031	0.1410148	0.06619117	0.04560112	0.02462279	0.01348733	0.009677163	0.007870374	0.01061843	0.01920342	NA	NA	NA	NA	NA	NA	NA	NA	NA	NA	NA	NA	NA	NA	NA	NA	NA	NA	NA	NA
11	0.9481199	0.2597332	0.1389761	0.06524025	0.04489527	0.02425461	0.0132973	0.009545813	0.007755453	0.01046037	0.01891582	NA	NA	NA	NA	NA	NA	NA	NA	NA	NA	NA	NA	NA	NA	NA	NA	NA	NA	NA
12	0.3749862	0.3178519	0.2489771	0.1374371	0.06412461	0.04404477	0.02355201	0.01253925	0.008633401	0.007557337	0.01038701	0.01889641	NA	NA	NA	NA	NA	NA	NA	NA	NA	NA	NA	NA	NA	NA	NA	NA	NA	NA
13	0.4676798	0.3728588	0.3158986	0.2480406	0.1369073	0.06388569	0.04388075	0.02345777	0.01248675	0.008613397	0.007542133	0.01036867	0.01886397	NA	NA	NA	NA	NA	NA	NA	NA	NA	NA	NA	NA	NA	NA	NA	NA	NA
14	0.5089327	0.4596427	0.3671858	0.3103549	0.2432337	0.1322797	0.05930047	0.04360115	0.02330885	0.01242491	0.008591549	0.007525688	0.01034698	0.01882594	NA	NA	NA	NA	NA	NA	NA	NA	NA	NA	NA	NA	NA	NA	NA	NA
15	0.7074324	0.4659166	0.4219337	0.3282187	0.2690388	0.1994695	0.1254549	0.05555783	0.03965833	0.02305305	0.01232766	0.008559541	0.007502834	0.0103158	0.01876976	NA	NA	NA	NA	NA	NA	NA	NA	NA	NA	NA	NA	NA	NA	NA
16	0.5096679	0.469134	0.4221703	0.3777057	0.3271929	0.2679434	0.1984298	0.1243692	0.05544858	0.03953997	0.02304029	0.01232544	0.008558487	0.007502035	0.01031472	0.01876785	NA	NA	NA	NA	NA	NA	NA	NA	NA	NA	NA	NA	NA	NA
17	0.9428183	0.5089474	0.4684942	0.4215254	0.3770596	0.3265437	0.2678871	0.1983888	0.1243421	0.05543525	0.03953178	0.02303529	0.01232214	0.008556198	0.007499754	0.01031358	0.01876776	NA	NA	NA	NA	NA	NA	NA	NA	NA	NA	NA	NA	NA
18	0.9688758	0.940557	0.5081868	0.4677436	0.420937	0.376849	0.3263187	0.2676453	0.1982344	0.1243369	0.05543277	0.03952994	0.02303411	0.01232182	0.00855606	0.007499645	0.01031343	0.01876749	NA	NA	NA	NA	NA	NA	NA	NA	NA	NA	NA	NA
19	0.9802029	0.9670216	0.9388252	0.5071898	0.4666869	0.4205626	0.3765171	0.3259602	0.2672555	0.1982248	0.1243349	0.05543177	0.03952914	0.02303351	0.01232171	0.008556007	0.007499603	0.01031337	0.01876739	NA	NA	NA	NA	NA	NA	NA	NA	NA	NA	NA
20	0.4208885	0.4347706	0.4509894	0.4672573	0.07153927	0.0639325	0.05173099	0.04640433	0.04019904	0.03297572	0.0244426	0.01533032	0.00683126	0.004859837	0.00281173	0.001477275	0.001002682	0.0008634855	0.00118778	0.002161404	NA	NA	NA	NA	NA	NA	NA	NA	NA	NA
21	0.1531393	0.1595835	0.1678586	0.1770888	0.1872981	0.01248338	0.009512941	0.001743936	0.001510402	0.0013077	0.001079286	0.0007834675	0.0004913142	0.0002187355	0.0001505708	7.890597e-05	3.030512e-05	9.885182e-06	4.230539e-06	5.794376e-06	1.048926e-05	NA	NA	NA	NA	NA	NA	NA	NA	NA
22	0.03576285	0.007146354	0.006794746	0.007105733	0.007464167	0.007811669	0.00822048	0.008679572	0.0009444491	0.0007523534	0.0006427671	0.0005343614	0.0003787155	0.0002367719	0.0001044861	7.124775e-05	3.574296e-05	1.152937e-05	1.027389e-06	1.205589e-07	1.52886e-07	2.500758e-07	NA	NA	NA	NA	NA	NA	NA	NA
23	0.4244882	0.0351462	0.007038808	0.00671053	0.007020094	0.007375628	0.007736862	0.008143794	0.008600871	0.0008908052	0.000701883	0.0006076112	0.0005054032	0.0003571965	0.0002232738	9.854563e-05	6.717581e-05	3.370933e-05	1.087561e-05	9.718456e-07	1.151344e-07	1.456397e-07	2.373584e-07	NA	NA	NA	NA	NA	NA	NA
24	0.2016306	0.08012098	0.0215113	0.0004175011	0.0003789815	0.0003878764	0.000398735	0.0003964261	0.0003794884	0.0003573574	0.0003071484	0.0001351284	0.0001051043	8.701727e-05	6.289485e-05	3.887197e-05	1.696065e-05	1.148524e-05	5.613247e-06	1.843846e-06	2.221445e-07	4.98654e-08	5.60926e-08	7.492615e-08	NA	NA	NA	NA	NA	NA
25	0.1711555	0.113834	0.07167484	0.02014994	0.0001859058	0.0001616643	0.0001642103	0.0001662721	0.0001561023	0.0001283507	9.413564e-05	7.719276e-05	7.384136e-05	5.097277e-05	4.228029e-05	2.998228e-05	1.865951e-05	8.068923e-06	5.448092e-06	2.612839e-06	8.7777e-07	1.405195e-07	4.153168e-08	4.467648e-08	5.425326e-08	NA	NA	NA	NA	NA
26	0.1857494	0.1416063	0.105215	0.06655933	0.01968957	0.0001321553	0.0001117134	0.0001131564	0.0001140029	0.0001049939	7.77653e-05	4.438147e-05	3.601489e-05	3.373529e-05	2.953043e-05	2.460099e-05	1.70275e-05	1.056164e-05	4.563614e-06	3.080739e-06	1.463211e-06	5.054699e-07	1.000774e-07	3.304303e-08	3.429816e-08	3.817318e-08	NA	NA	NA	NA
27	0.4651765	0.171565	0.1381237	0.1019392	0.06333765	0.0195895	0.0001249887	0.0001062383	0.0001075896	0.000108348	9.974706e-05	7.285077e-05	3.989165e-05	3.160864e-05	3.041789e-05	2.672775e-05	2.229167e-05	1.531598e-05	9.507977e-06	4.103092e-06	2.76786e-06	1.314358e-06	4.569348e-07	9.412568e-08	3.144453e-08	3.233363e-08	3.510536e-08	NA	NA	NA
28	0.2461489	0.2011736	0.1699892	0.136712	0.1007329	0.06221785	0.01955278	0.0001192413	0.0001007212	0.0001018169	0.0001022966	9.354414e-05	6.663162e-05	3.368332e-05	3.00863e-05	2.881926e-05	2.518218e-05	2.068172e-05	1.513243e-05	9.387578e-06	4.044997e-06	2.722981e-06	1.298735e-06	4.515181e-07	9.301062e-08	3.105501e-08	3.192032e-08	3.461952e-08	NA	NA
29	0.2761475	0.2325206	0.1978233	0.1698496	0.1366039	0.1006622	0.06217578	0.01953838	0.0001186227	0.0001001307	0.0001012146	0.0001016844	9.295269e-05	6.608975e-05	3.320425e-05	2.965246e-05	2.851337e-05	2.490574e-05	2.044372e-05	1.495269e-05	9.29755e-06	4.005403e-06	2.696016e-06	1.285172e-06	4.470794e-07	9.251873e-08	3.096341e-08	3.181935e-08	3.449021e-08	NA
30	0.3439277	0.2706374	0.2304669	0.1968966	0.1693329	0.1360761	0.100135	0.06163262	0.01953229	0.0001162851	9.787891e-05	9.885841e-05	9.920905e-05	9.036995e-05	6.340405e-05	3.040629e-05	2.92616e-05	2.81165e-05	2.452841e-05	2.007875e-05	1.483684e-05	9.220211e-06	3.968074e-06	2.666753e-06	1.27528e-06	4.438048e-07	9.205239e-08	3.077896e-08	3.157748e-08	3.407581e-08
31	0.8533311	0.3387328	0.2692613	0.2297936	0.1968602	0.1693171	0.1360623	0.1001262	0.06162684	0.01952872	0.0001153697	9.699979e-05	9.797571e-05	9.831079e-05	8.948365e-05	6.25154e-05	2.951725e-05	2.841347e-05	2.736427e-05	2.386365e-05	1.952884e-05	1.443179e-05	8.971293e-06	3.857994e-06	2.591643e-06	1.237355e-06	4.315998e-07	9.102898e-08	3.068544e-08	3.145113e-08
32	0.8344314	0.6859506	0.3344159	0.2674675	0.2292198	0.1964593	0.1690489	0.1357884	0.09984672	0.06133893	0.01952519	0.000114596	9.634355e-05	9.731834e-05	9.764424e-05	8.883771e-05	6.187557e-05	2.888658e-05	2.780985e-05	2.677831e-05	2.335203e-05	1.91042e-05	1.411485e-05	8.76595e-06	3.757336e-06	2.515173e-06	1.208696e-06	4.224032e-07	9.019562e-08	3.058076e-08
33	0.8465946	0.8213341	0.6724698	0.3327455	0.266933	0.2290782	0.196348	0.1689882	0.1357286	0.09980898	0.06131131	0.01950576	0.0001092868	9.127666e-05	9.225562e-05	9.250477e-05	8.3824e-05	5.684665e-05	2.385147e-05	2.289157e-05	2.201501e-05	1.915756e-05	1.565612e-05	1.155823e-05	7.164223e-06	3.04882e-06	2.031675e-06	9.644834e-07	3.438608e-07	8.369375e-08
34	0.5934719	0.54484	0.5167634	0.4732598	0.2119501	0.1714564	0.1381976	0.1088012	0.08353771	0.06489747	0.04776507	0.02940109	0.009504438	9.828751e-05	8.689887e-05	8.861566e-05	8.948682e-05	8.144234e-05	5.502504e-05	2.257231e-05	2.165918e-05	2.083626e-05	1.813924e-05	1.484519e-05	1.097011e-05	6.814866e-06	2.924122e-06	1.9638e-06	9.572649e-07	3.410953e-07
35	0.3705664	0.3171456	0.2684765	0.2405966	0.2200422	0.1122444	0.08926312	0.06374463	0.04142226	0.0222726	0.01371881	0.01006921	0.006353967	0.002278866	8.679447e-05	8.002737e-05	8.20751e-05	8.353096e-05	7.833203e-05	5.273256e-05	2.115534e-05	2.030305e-05	1.954475e-05	1.703043e-05	1.395699e-05	1.032654e-05	6.433526e-06	2.789492e-06	1.891153e-06	9.399203e-07
36	0.3507455	0.2025583	0.1644013	0.1475446	0.1326851	0.1184963	0.07832608	0.06295805	0.04331093	0.02578322	0.01121387	0.004535442	0.003233012	0.002002708	0.0006777243	5.651321e-05	5.841678e-05	6.118715e-05	6.371112e-05	6.04711e-05	3.593073e-05	5.684309e-06	5.221626e-06	5.012745e-06	4.307576e-06	3.526992e-06	2.622447e-06	1.657595e-06	7.309779e-07	5.090008e-07
37	0.3627793	0.2456134	0.1761703	0.1446709	0.1275464	0.1123954	0.1005673	0.07594179	0.06194141	0.04261986	0.02532314	0.01097488	0.004338335	0.003080854	0.001898322	0.0006305383	5.591917e-05	5.814328e-05	6.090961e-05	6.343689e-05	6.021888e-05	3.573792e-05	5.564573e-06	5.113392e-06	4.909169e-06	4.218272e-06	3.453467e-06	2.568503e-06	1.623447e-06	7.153793e-07
38	0.9203105	0.3626784	0.2455405	0.1761028	0.1446205	0.1274952	0.1123431	0.1005137	0.07588753	0.06188683	0.04256707	0.02532306	0.01097486	0.004338316	0.003080839	0.001898308	0.0006305287	5.591094e-05	5.813471e-05	6.090061e-05	6.342742e-05	6.021165e-05	3.573069e-05	5.557374e-06	5.111638e-06	4.907475e-06	4.21652e-06	3.451651e-06	2.568267e-06	1.623315e-06
39	0.9223278	0.9200316	0.3624542	0.2453116	0.1759917	0.1445564	0.1274294	0.1122755	0.100444	0.07581598	0.06182388	0.04256432	0.02532303	0.01097484	0.004338294	0.00308082	0.001898293	0.000630516	5.589991e-05	5.812318e-05	6.088848e-05	6.341463e-05	6.020558e-05	3.572436e-05	5.55076e-06	5.110093e-06	4.905954e-06	4.214897e-06	3.449908e-06	2.568174e-06
40	0.9236609	0.9214623	0.9193413	0.3619634	0.2448101	0.1758261	0.1444285	0.1272977	0.1121399	0.1003043	0.07567967	0.06179732	0.04256077	0.02532132	0.01097308	0.004336463	0.003078915	0.001896305	0.0006284396	5.372516e-05	5.583971e-05	5.848483e-05	6.087745e-05	6.020444e-05	3.572318e-05	5.549531e-06	5.109615e-06	4.905552e-06	4.214467e-06	3.449447e-06
41	0.3441064	0.3482655	0.3539627	0.3600506	0.2421126	0.1331281	0.1085527	0.09576011	0.08631521	0.07628887	0.0653378	0.05108373	0.03869968	0.02627444	0.0132802	0.0006932787	0.0003371809	0.0002467921	0.0001422816	4.650042e-05	3.201701e-06	3.307583e-06	3.443567e-06	3.541027e-06	3.244371e-06	2.133332e-06	7.567614e-07	7.132652e-07	6.869976e-07	5.711477e-07
42	0.3503623	0.2666253	0.2702468	0.2745712	0.2791888	0.2036237	0.1064719	0.08641164	0.07617676	0.0687163	0.06095557	0.0521126	0.04044529	0.03047056	0.02069779	0.01046545	0.0005471318	0.0002775889	0.0002057017	0.0001170704	3.81356e-05	2.453571e-06	2.532282e-06	2.632306e-06	2.69974e-06	2.435684e-06	1.645093e-06	6.665279e-07	6.305697e-07	6.085465e-07
43	0.4577266	0.3381572	0.2604109	0.2646025	0.2695333	0.2747767	0.1999605	0.1028905	0.08440612	0.0748441	0.06765125	0.06006081	0.05126197	0.03994596	0.03006516	0.02037205	0.01021109	0.0003615814	0.0001512988	0.0001141819	6.077894e-05	2.018469e-05	2.18419e-06	2.266659e-06	2.363599e-06	2.431666e-06	2.219253e-06	1.437103e-06	4.671605e-07	4.409595e-07
44	0.2478782	0.1289169	0.07798925	0.0100857	0.009882742	0.0100534	0.01026472	0.01048799	0.01035009	0.007075892	0.006415519	0.006290998	0.006095532	0.004878836	0.002110972	0.0008948678	0.000541804	0.0002533186	1.053098e-05	5.424568e-06	3.635325e-06	2.399313e-06	9.093329e-07	3.588365e-07	3.694719e-07	3.783534e-07	3.760314e-07	2.740955e-07	2.551299e-07	2.31332e-07
45	0.5088535	0.2211552	0.1154603	0.07365846	0.00657283	0.006333896	0.006456891	0.006617247	0.00678949	0.006957898	0.004750582	0.004688815	0.004762713	0.00475853	0.003722668	0.001196118	0.0001890105	6.510454e-05	1.38745e-05	1.932986e-06	1.745816e-06	8.94296e-07	5.395561e-07	2.890042e-07	2.012197e-07	2.059843e-07	2.077911e-07	2.120647e-07	2.07551e-07	2.072274e-07
46	0.7736178	0.4299173	0.2124183	0.1075039	0.07225098	0.005308022	0.00503955	0.005130628	0.005257028	0.005395496	0.005531879	0.004289517	0.004262594	0.004326962	0.004415702	0.00337178	0.001164658	0.000167754	5.55775e-05	8.016008e-06	6.407085e-07	4.902015e-07	3.000805e-07	2.042953e-07	1.168646e-07	4.358589e-08	4.427211e-08	4.480563e-08	4.546673e-08	4.212111e-08
47	0.4852324	0.3380547	0.2428252	0.2091344	0.1057235	0.07082005	0.003881985	0.003579713	0.003634766	0.003723145	0.003822566	0.003927154	0.004006784	0.004069667	0.00418297	0.004304723	0.003263679	0.001134469	0.0001452704	4.144852e-05	6.797215e-07	1.125421e-07	9.342492e-08	6.509301e-08	4.525452e-08	2.108098e-08	5.448472e-09	5.121648e-09	5.199364e-09	5.303801e-09
48	0.3960236	0.3294912	0.1878328	0.1500273	0.1455868	0.04101443	0.005390683	0.0038105	0.003506788	0.003560068	0.003646598	0.003744078	0.003847155	0.00394055	0.004053446	0.004171526	0.004296136	0.003255173	0.001132675	0.0001439607	4.065798e-05	2.619267e-07	7.496643e-08	6.279388e-08	4.782954e-08	3.38732e-08	1.420092e-08	1.928648e-09	1.852915e-09	1.898499e-09
49	0.09985963	0.08004754	0.05180601	0.01602021	0.01168482	0.01106267	0.003607066	0.001020621	0.0009157357	0.0009369597	0.0009264565	0.0009444495	0.0009691483	0.0009959981	0.001008584	0.001035353	0.001064833	0.00109719	0.001131447	0.0011215	0.0001438701	4.060579e-05	2.592127e-07	7.434388e-08	6.226388e-08	4.74403e-08	3.357205e-08	1.404124e-08	1.900148e-09	1.823994e-09
50	0.07149945	0.04819843	0.03017102	0.01468487	0.003726154	0.001363357	0.001198677	0.0004482987	0.0001478854	0.0001346026	0.0001375665	0.0001408125	0.0001383832	0.0001413667	0.0001452551	0.0001364509	0.0001380921	0.000141308	0.000145182	0.0001498145	0.0001535083	0.0001436243	4.058699e-05	2.421851e-07	6.618394e-08	5.510081e-08	4.170887e-08	2.923439e-08	1.197906e-08	1.808068e-09
51	0.016794	0.008544737	0.005860179	0.003385709	0.001548401	0.0005312608	0.000250094	0.0002294304	9.29634e-05	4.026381e-05	3.811803e-05	3.900883e-05	3.997331e-05	4.099173e-05	4.160043e-05	4.274148e-05	3.661948e-05	3.640025e-05	3.686265e-05	3.760991e-05	3.881901e-05	3.912142e-05	4.044251e-05	4.052798e-05	1.87764e-07	1.429992e-08	1.262427e-08	9.282917e-09	7.3243e-09	3.229615e-09
52	0.008472057	0.004640265	0.001712226	0.001225739	0.0004535315	0.0001384483	5.773854e-05	1.246966e-05	9.844213e-06	8.481195e-06	5.947127e-06	5.891086e-06	6.026623e-06	6.171063e-06	6.324971e-06	6.474213e-06	6.646763e-06	2.559952e-06	1.810886e-06	1.348e-06	1.042727e-06	1.073468e-06	2.395396e-07	2.238247e-07	1.813337e-07	1.797864e-07	7.459343e-09	6.500006e-09	4.634549e-09	3.847694e-09
53	0.02495389	0.004943114	0.001565825	0.001111716	0.0007531877	0.0003850213	0.0001062374	4.562344e-05	5.12759e-06	2.847465e-06	2.214356e-06	1.476968e-06	1.439429e-06	1.465952e-06	1.494248e-06	1.525646e-06	1.556542e-06	1.595534e-06	1.386798e-06	1.246982e-06	9.343006e-07	7.000184e-07	7.209325e-07	4.816914e-08	3.081515e-08	1.014648e-08	8.617188e-09	5.192031e-09	4.163404e-09	2.572343e-09
54	0.7229619	0.02474204	0.004884656	0.00152887	0.001096052	0.0007406821	0.0003753633	0.0001053561	4.515858e-05	4.913921e-06	2.674194e-06	2.053955e-06	1.36041e-06	1.323196e-06	1.348715e-06	1.376865e-06	1.407223e-06	1.435196e-06	1.470896e-06	1.355505e-06	1.230309e-06	9.218755e-07	6.891129e-07	7.097607e-07	4.592228e-08	2.877514e-08	9.01217e-09	7.495117e-09	4.13002e-09	4.069226e-09
55	0.725265	0.7181632	0.0240815	0.004733257	0.001476647	0.001061061	0.0007167245	0.0003635858	0.0001015647	4.382719e-05	4.737567e-06	2.563977e-06	1.957061e-06	1.29273e-06	1.256635e-06	1.280984e-06	1.30815e-06	1.337404e-06	1.364018e-06	1.397839e-06	1.323596e-06	1.204604e-06	8.976466e-07	6.652106e-07	6.851359e-07	4.34554e-08	2.69355e-08	8.525706e-09	7.081809e-09	3.864713e-09
56	0.7223922	0.713162	0.7075694	0.02365956	0.00463871	0.001445984	0.001039624	0.0007023168	0.0003564244	9.952449e-05	4.285116e-05	4.559877e-06	2.429787e-06	1.906381e-06	1.258576e-06	1.223189e-06	1.246884e-06	1.273371e-06	1.301894e-06	1.327837e-06	1.36075e-06	1.3045e-06	1.188115e-06	8.817356e-07	6.493487e-07	6.688113e-07	4.181708e-08	2.570652e-08	8.223205e-09	6.832095e-09
57	0.7099952	0.6565045	0.652136	0.6491807	0.01759692	0.0037704	0.001181339	0.0008534104	0.0005835166	0.000305731	8.503285e-05	3.586974e-05	2.640849e-06	8.514598e-07	6.845553e-07	4.204718e-07	3.911361e-07	3.965307e-07	4.026676e-07	4.092461e-07	4.154027e-07	4.25995e-07	3.543491e-07	2.174799e-07	1.482812e-07	1.071591e-07	1.102672e-07	7.584002e-09	4.860373e-09	2.028558e-09
58	0.09186297	0.07493029	0.06027486	0.04625105	0.03303407	0.01648564	0.003528532	0.001136677	0.0008215906	0.0005634329	0.0002971469	8.234615e-05	3.440187e-05	1.996969e-06	2.594543e-07	2.075655e-07	1.375772e-07	1.093374e-07	1.083831e-07	1.074142e-07	1.064008e-07	1.05153e-07	1.077214e-07	2.813967e-08	1.29623e-08	8.518651e-09	6.312603e-09	6.444072e-09	1.332489e-09	1.169598e-09
59	0.1880104	0.09003784	0.07335545	0.05875583	0.04500123	0.03178531	0.01549574	0.003485124	0.001099293	0.0008208835	0.000563009	0.0002969633	8.228852e-05	3.437026e-05	1.982979e-06	2.485369e-07	1.989282e-07	1.319693e-07	1.037811e-07	1.027017e-07	1.015928e-07	1.004299e-07	9.903615e-08	1.014465e-07	2.172993e-08	9.046948e-09	5.786203e-09	4.330314e-09	4.403132e-09	1.207944e-09
60	0.4489055	0.187698	0.08989374	0.07322309	0.05863271	0.04489376	0.03174175	0.01548966	0.003479525	0.001098116	0.0008199807	0.0005629903	0.000296955	8.228512e-05	3.436788e-05	1.981247e-06	2.468604e-07	1.973426e-07	1.30811e-07	1.026257e-07	1.01518e-07	1.003791e-07	9.918434e-08	9.775764e-08	1.001331e-07	2.140019e-08	8.870249e-09	5.658223e-09	4.236301e-09	4.306315e-09
61	0.04015374	0.02819416	0.001802775	0.0008131508	0.0007113328	0.0006534755	0.0006014197	0.0005419799	6.221313e-05	1.581879e-05	7.526247e-06	6.616116e-06	5.692681e-06	4.835755e-06	4.183357e-06	1.834978e-07	3.923752e-08	1.87116e-08	1.773983e-08	1.292612e-08	1.280619e-08	1.310871e-08	1.343114e-08	1.377101e-08	1.412193e-08	1.449524e-08	3.12979e-09	1.268075e-09	7.791718e-10	5.588144e-10
62	0.04691498	0.01191353	0.004045899	0.0005508638	0.0001576966	0.000128594	0.0001174131	9.643993e-05	6.602559e-05	1.86406e-05	6.27781e-06	4.455356e-06	4.307407e-06	4.175371e-06	4.04152e-06	3.957483e-06	7.483088e-08	1.578768e-08	7.795445e-10	6.391375e-10	4.585573e-10	4.380974e-10	4.459755e-10	4.546179e-10	4.635319e-10	4.717238e-10	4.698787e-10	2.548008e-10	1.598476e-10	1.196176e-10
63	0.01741204	0.006787492	0.00271753	0.002669533	0.0004205211	0.0001205541	0.0001003083	9.403188e-05	7.736701e-05	5.120629e-05	1.02709e-05	1.680989e-06	5.497057e-07	4.192471e-07	2.951059e-07	1.738592e-07	7.787529e-08	5.879106e-08	1.511198e-08	6.508798e-10	5.292929e-10	3.818977e-10	3.704147e-10	3.777846e-10	3.858714e-10	3.941957e-10	4.029507e-10	3.998611e-10	2.379008e-10	1.513306e-10
64	0.3013196	0.01645789	0.006617016	0.002656233	0.002625627	0.0004193595	0.0001199418	9.985284e-05	9.36445e-05	7.705038e-05	5.094273e-05	1.017796e-05	1.639437e-06	5.177266e-07	3.87905e-07	2.642848e-07	1.435847e-07	4.791682e-08	2.84355e-08	1.509821e-08	6.443056e-10	5.23828e-10	3.778851e-10	3.665139e-10	3.738155e-10	3.818352e-10	3.903474e-10	3.990278e-10	3.958433e-10	2.356866e-10
65	0.675284	0.2765235	0.01556391	0.005910404	0.002094134	0.002070513	0.0004093407	0.0001173787	9.7574e-05	9.174083e-05	7.526816e-05	4.926861e-05	1.000811e-05	1.590144e-06	4.911282e-07	3.637843e-07	2.468341e-07	1.284608e-07	3.412812e-08	1.469263e-08	1.291449e-09	5.697644e-10	4.664182e-10	3.365332e-10	3.254628e-10	3.318508e-10	3.388477e-10	3.462675e-10	3.539019e-10	3.495465e-10
66	0.3864756	0.3006676	0.267132	0.0112946	0.002739768	0.0008437252	0.0008254092	0.0003731899	9.498246e-05	8.933846e-05	8.401022e-05	6.758842e-05	4.164427e-05	9.749639e-06	1.537832e-06	4.750132e-07	3.52069e-07	2.391659e-07	1.249462e-07	3.289084e-08	1.395207e-08	8.987405e-10	1.975072e-10	1.587693e-10	1.122196e-10	1.016925e-10	1.027417e-10	1.039606e-10	1.052618e-10	1.066728e-10
67	0.42689	0.3856511	0.2999098	0.2666765	0.01095721	0.002425828	0.0005320502	0.0005090227	0.0003693595	9.399164e-05	8.836524e-05	8.307336e-05	6.669549e-05	4.082777e-05	9.71431e-06	1.532339e-06	4.729265e-07	3.509388e-07	2.384136e-07	1.245592e-07	3.276375e-08	1.388476e-08	8.670623e-10	1.681549e-10	1.308395e-10	9.241796e-11	8.199482e-11	8.256463e-11	8.327204e-11	8.403345e-11
68	0.1356691	0.1086413	0.0991211	0.02295226	0.01188788	0.004744197	0.001186531	0.0004117633	0.0004067286	0.0002867658	1.438342e-05	1.153249e-05	9.255091e-06	7.02144e-06	4.811202e-06	2.468941e-06	5.471357e-07	1.722381e-07	1.285272e-07	8.809571e-08	4.61988e-08	1.240807e-08	5.379778e-09	2.934013e-10	2.315552e-11	1.57e-11	9.313588e-12	4.919776e-12	4.469189e-12	3.997547e-12
69	0.4135764	0.1271583	0.1057713	0.09813111	0.02209893	0.01134824	0.004270446	0.0008191	4.525944e-05	3.423876e-05	1.733118e-05	1.388134e-05	1.108828e-05	8.829433e-06	6.673802e-06	4.598139e-06	2.416238e-06	5.412741e-07	1.703971e-07	1.271554e-07	8.714889e-08	4.569142e-08	1.224285e-08	5.32909e-09	2.896607e-10	2.19089e-11	1.464871e-11	8.632617e-12	4.270481e-12	3.808881e-12
70	0.3209239	0.2947304	0.05109284	0.03153383	0.02288541	0.02201248	0.01130642	0.004248554	0.0008062321	3.461486e-05	2.345869e-05	1.673207e-05	1.34072e-05	1.091736e-05	8.66633e-06	6.530258e-06	4.488293e-06	2.402147e-06	5.395792e-07	1.698636e-07	1.267562e-07	8.68727e-08	4.556002e-08	1.220371e-08	5.312411e-09	2.860319e-10	1.899579e-11	1.208441e-11	6.794179e-12	2.444316e-12
71	0.788957	0.318236	0.2921932	0.04930059	0.02976179	0.02108785	0.02018729	0.01130593	0.004248108	0.0008057947	3.41749e-05	2.301291e-05	1.672263e-05	1.340164e-05	1.091174e-05	8.66162e-06	6.525991e-06	4.487157e-06	2.402103e-06	5.395561e-07	1.698521e-07	1.267532e-07	8.687198e-08	4.555969e-08	1.220359e-08	5.312334e-09	2.859822e-10	1.894816e-11	1.203883e-11	6.760926e-12
72	0.8258855	0.7845823	0.3167552	0.2908681	0.04811328	0.02860285	0.02092474	0.02002205	0.0111431	0.004247546	0.0008053595	3.376389e-05	2.259592e-05	1.671534e-05	1.339806e-05	1.090823e-05	8.658886e-06	6.523769e-06	4.485644e-06	2.401849e-06	5.395223e-07	1.698399e-07	1.267448e-07	8.686764e-08	4.555735e-08	1.220281e-08	5.311888e-09	2.857463e-10	1.893477e-11	1.202654e-11
73	0.03339833	0.02833367	0.02485075	0.003831412	0.003591288	0.002664787	0.0002339156	0.0001409648	0.0001347535	7.534793e-05	2.942794e-05	6.534577e-06	1.416356e-06	1.361777e-06	8.233612e-07	1.515211e-07	8.613238e-08	5.997254e-08	4.447528e-08	3.047321e-08	1.601424e-08	3.59671e-09	1.132385e-09	8.450776e-10	5.792395e-10	3.038627e-10	8.1645e-11	3.609574e-11	2.028296e-12	2.149175e-13
74	0.06165823	0.01548144	0.01497225	0.01468996	0.0002349269	0.0001907819	5.533498e-05	4.448647e-05	3.83812e-06	3.719733e-06	1.991707e-06	1.00751e-06	5.283023e-07	4.257722e-07	4.311682e-07	2.705251e-08	3.458745e-09	2.038458e-09	1.468792e-09	1.133869e-09	8.290769e-10	3.50452e-10	7.853996e-11	2.474592e-11	1.845497e-11	1.264311e-11	6.632753e-12	1.803829e-12	7.913817e-13	6.537947e-14
75	0.09487511	0.05858842	0.01363023	0.01329455	0.01313671	0.0001542328	0.0001203519	8.303726e-06	1.253328e-06	6.84897e-07	6.933243e-07	2.397273e-07	2.220361e-07	2.207954e-07	2.229504e-07	2.266331e-07	2.286297e-09	2.024677e-10	1.869981e-10	1.762403e-10	1.73325e-10	1.70097e-10	7.407455e-12	1.557031e-12	5.045114e-13	3.624226e-13	2.399141e-13	1.214279e-13	4.447429e-14	2.372605e-14
76	0.2451592	0.08081711	0.05777459	0.01288858	0.01258626	0.01245304	0.0001473095	0.0001167714	7.553267e-06	8.869029e-07	4.717524e-07	4.782066e-07	1.580673e-07	1.457916e-07	1.463226e-07	1.479311e-07	1.503768e-07	1.502929e-09	1.727564e-10	1.672369e-10	1.616973e-10	1.613696e-10	1.609264e-10	4.557289e-12	9.200539e-13	3.017029e-13	2.101578e-13	1.367161e-13	6.662047e-14	2.663997e-14
77	0.06863564	0.05932095	0.05686936	0.04597202	0.001457618	0.001020891	0.0007423975	0.0001434881	0.0001147944	6.970134e-06	4.86992e-07	8.428945e-08	8.510261e-08	7.390092e-08	6.496328e-08	6.505317e-08	6.552852e-08	6.660832e-08	7.491202e-10	1.586944e-10	1.5733e-10	1.541433e-10	1.549696e-10	1.558223e-10	2.899638e-12	5.471525e-13	1.815831e-13	1.283764e-13	8.577184e-14	4.461798e-14
78	0.08631937	0.02053036	0.01338418	0.01177452	0.00140673	0.001378863	0.0009502999	0.0006776762	0.0001185981	0.0001139735	6.682056e-06	2.40907e-07	6.853386e-08	6.917244e-08	6.019931e-08	5.791398e-08	5.808064e-08	5.848561e-08	5.944964e-08	6.827519e-10	1.558105e-10	1.548767e-10	1.522551e-10	1.533048e-10	1.544107e-10	2.55196e-12	4.685689e-13	1.56012e-13	1.097374e-13	7.354743e-14
79	0.04480208	0.02910464	0.01246915	0.005781136	0.0042274	0.0008072631	0.0007980819	0.0006690026	0.0003991036	0.0001173118	0.0001133003	6.583004e-06	1.854155e-07	1.730565e-08	1.725528e-08	1.101605e-08	8.830868e-09	8.289102e-09	8.159313e-09	8.288828e-09	2.222085e-10	1.486663e-10	1.500869e-10	1.482595e-10	1.500024e-10	1.518768e-10	1.547623e-12	2.37188e-13	7.740037e-14	5.45098e-14
80	0.1125974	0.04052113	0.02626215	0.01165367	0.005493787	0.004081261	0.0007996995	0.0007907979	0.0006618072	0.0003950915	0.0001172879	0.0001132862	6.578845e-06	1.840728e-07	1.617562e-08	1.613588e-08	1.011202e-08	8.05199e-09	7.562939e-09	7.43612e-09	7.554302e-09	2.152714e-10	1.483084e-10	1.498132e-10	1.480428e-10	1.498316e-10	1.517515e-10	1.491514e-12	2.244996e-13	7.332499e-14
81	0.4896735	0.07132129	0.0294795	0.01927362	0.007506639	0.002812524	0.001840739	0.0003954816	0.0003919711	0.000281576	0.0001225715	2.95404e-05	2.849144e-05	1.777723e-06	5.752108e-08	1.117393e-08	1.114639e-08	8.24712e-09	6.764673e-09	6.320088e-09	6.189391e-09	6.289337e-09	9.827397e-11	4.17975e-11	4.170526e-11	3.937627e-11	3.94002e-11	3.938798e-11	1.044543e-12	2.039768e-13
82	0.2465543	0.2105864	0.06702413	0.02833769	0.01849807	0.007052192	0.002548316	0.00162896	0.0003596509	0.0003566172	0.0002466961	9.644811e-05	2.112115e-05	2.035569e-05	1.319245e-06	4.545222e-08	1.070399e-08	1.068203e-08	8.106368e-09	6.653757e-09	6.21873e-09	6.08859e-09	6.188655e-09	8.752321e-11	3.177818e-11	3.15408e-11	2.902418e-11	2.886911e-11	2.86696e-11	1.008348e-12
83	0.2126714	0.1713771	0.1506922	0.05947346	0.02219108	0.01287403	0.005686242	0.002242949	0.00141781	0.0003225417	0.0003199716	0.0002109885	6.975894e-05	1.245237e-05	1.197428e-05	8.470544e-07	3.278893e-08	1.001719e-08	1.000962e-08	7.790251e-09	6.368734e-09	6.023778e-09	6.020546e-09	6.121353e-09	7.648022e-11	2.12922e-11	2.095073e-11	1.823629e-11	1.789972e-11	1.750924e-11
84	0.9193734	0.1847761	0.1607691	0.1481119	0.05929601	0.02194463	0.01256869	0.005433844	0.002022117	0.001209803	0.000221921	0.0002185398	0.0001225643	5.163597e-05	6.349642e-06	6.067006e-06	4.420754e-07	2.245797e-08	9.815373e-09	9.815028e-09	7.842034e-09	6.416231e-09	6.067588e-09	6.066469e-09	6.17008e-09	6.981018e-11	1.403459e-11	1.357257e-11	1.079231e-11	1.030848e-11
85	0.9792345	0.9157485	0.1806285	0.1573311	0.147627	0.05958505	0.02199299	0.01252438	0.005346723	0.001916865	0.00110439	0.0001554727	0.0001513385	9.018827e-05	4.503351e-05	4.118439e-06	3.907039e-06	2.938192e-07	1.870481e-08	9.769268e-09	9.77119e-09	7.888193e-09	6.448685e-09	6.095311e-09	6.094945e-09	6.201264e-09	6.732327e-11	1.120335e-11	1.069268e-11	8.098298e-12
86	0.97223	0.957162	0.9011742	0.1605793	0.137117	0.1313712	0.045164	0.02210047	0.01252519	0.005289099	0.00183191	0.001013659	0.0001094803	0.000105676	6.781463e-05	3.989165e-05	2.613607e-06	2.452705e-06	1.934009e-07	1.557555e-08	9.219239e-09	9.213528e-09	7.376697e-09	6.352055e-09	5.99123e-09	5.989147e-09	6.095495e-09	6.395542e-11	8.74247e-12	8.190836e-12
87	0.9754833	0.969339	0.9549484	0.9033507	0.1536938	0.1322165	0.1279727	0.04483909	0.02220221	0.0125475	0.005241008	0.001749865	0.0009265243	7.704993e-05	7.293677e-05	5.12909e-05	3.537246e-05	1.567603e-06	1.44319e-06	1.231663e-07	1.333878e-08	8.822898e-09	8.811502e-09	7.135208e-09	6.121687e-09	5.75098e-09	5.74628e-09	5.850526e-09	5.980759e-11	6.801614e-12
88	0.9807083	0.9738809	0.9688729	0.9550069	0.9085292	0.1495522	0.1280087	0.1261899	0.04477578	0.02234191	0.01257874	0.005199617	0.00167386	0.0008438555	3.822291e-05	3.367128e-05	3.192761e-05	3.075217e-05	2.849904e-07	2.026909e-07	3.715162e-08	1.093435e-08	8.62562e-09	8.613891e-09	7.020957e-09	6.001805e-09	5.622507e-09	5.615661e-09	5.719653e-09	5.642312e-11
89	0.9704739	0.9544039	0.9477087	0.9430768	0.9379947	0.9083466	0.13937	0.1175301	0.1159284	0.04333811	0.02223233	0.01260575	0.005140108	0.001569295	0.000734768	3.223182e-05	2.781723e-05	2.700382e-05	2.650301e-05	2.010746e-07	1.301998e-07	3.029954e-08	1.007145e-08	7.970747e-09	7.94732e-09	6.344395e-09	5.29573e-09	4.897845e-09	4.878998e-09	4.971808e-09
90	0.9927782	0.9669891	0.952037	0.9456233	0.941857	0.9371784	0.9083856	0.1288311	0.1067083	0.1053348	0.04194386	0.02226804	0.01261791	0.005073157	0.001462634	0.0006235243	2.726906e-05	2.301323e-05	2.247109e-05	2.216055e-05	1.591639e-07	9.911141e-08	2.496711e-08	8.907172e-09	7.097598e-09	7.058734e-09	5.57211e-09	4.547639e-09	4.130118e-09	4.096992e-09
91	0.1581041	0.1561782	0.1530259	0.1394118	0.1332656	0.1304062	0.127253	0.1203004	0.1169263	0.09448575	0.09329062	0.03936376	0.0224521	0.01268118	0.005025042	0.001359229	0.0005066712	1.938841e-05	1.826617e-05	1.78909e-05	1.768774e-05	1.205806e-07	7.48491e-08	2.03508e-08	7.867028e-09	6.290264e-09	6.2358e-09	4.75773e-09	3.773574e-09	3.332825e-09
92	0.2266899	0.1124369	0.1117493	0.1101119	0.1016711	0.098469	0.09638547	0.0943116	0.09032013	0.08788668	0.06553167	0.06479743	0.02052245	0.01066127	0.006063149	0.002550175	0.0008000665	0.0003836151	1.415359e-05	1.338865e-05	1.319857e-05	1.310493e-05	7.694707e-08	4.436969e-08	1.207504e-08	4.646088e-09	3.837779e-09	3.826726e-09	3.092866e-09	2.639769e-09
93	0.2701025	0.06913888	0.05955491	0.05918921	0.05865275	0.05330179	0.05154388	0.05103943	0.04963471	0.04735591	0.04549413	0.04548756	0.04509535	0.01001443	0.004530595	0.002631752	0.001186088	0.0004538423	0.0002689905	9.373479e-06	8.888588e-06	8.777713e-06	8.733999e-06	4.618758e-08	2.518477e-08	6.249818e-09	2.593676e-09	2.217371e-09	2.225425e-09	1.870909e-09
94	0.6354208	0.2591751	0.05915754	0.04963659	0.04929794	0.04877965	0.04383989	0.04225152	0.04181087	0.04104318	0.03966357	0.03902924	0.03902391	0.03871997	0.009064975	0.004506259	0.002591099	0.001128224	0.0003871053	0.0002019656	6.57656e-06	6.215414e-06	6.142775e-06	6.116811e-06	3.187668e-08	1.719872e-08	3.98151e-09	2.082393e-09	1.767462e-09	1.767054e-09
95	0.2003852	0.05442293	0.01517489	0.01195133	0.01161241	0.01158416	0.01153398	0.01096002	0.01040628	0.01026577	0.01005324	0.009758272	0.009512434	0.009510302	0.009389187	0.001783452	0.0001169551	9.661345e-05	9.179094e-05	9.023168e-05	9.063925e-05	3.783566e-06	3.604092e-06	3.564461e-06	3.552134e-06	1.532314e-08	7.541102e-09	1.182734e-09	7.230421e-10	6.597374e-10
96	0.2275458	0.01381124	0.01298102	0.006442389	0.005768929	0.00569109	0.005680588	0.005666138	0.005371875	0.005290725	0.005203408	0.005080886	0.004903923	0.004726932	0.004725683	0.004661315	0.0007154318	6.065805e-05	4.886236e-05	4.717295e-05	4.67991e-05	4.705647e-05	1.954389e-06	1.871297e-06	1.851358e-06	1.846186e-06	7.909689e-09	3.869663e-09	6.236502e-10	3.878614e-10
97	0.003467784	0.003156759	0.001548964	0.001459253	0.0008996399	0.0008433216	0.0008336366	0.0008323167	0.0008300607	0.0007925472	0.000782095	0.000741722	0.0007288162	0.000706864	0.0006015829	0.0006012199	0.0005933347	9.113067e-05	7.942397e-06	6.754346e-06	6.196057e-06	5.968794e-06	5.937596e-06	2.464593e-07	2.360185e-07	2.337978e-07	2.333805e-07	9.802665e-10	4.696438e-10	7.216659e-11
98	0.02481636	0.0008394288	0.0007893058	0.0003387776	0.0003200374	0.0002440527	0.0002367535	0.000234129	0.0002339539	0.0002336388	0.0002285214	0.0002269182	0.0001918295	0.0001895625	0.0001789153	7.947741e-05	7.946336e-05	7.812361e-05	1.332072e-05	2.540962e-06	1.719401e-06	1.125302e-06	8.242048e-07	7.131656e-07	2.958888e-08	2.830321e-08	2.804131e-08	2.799708e-08	1.198446e-10	5.815022e-11
99	0.008223545	0.003874546	0.0003776186	0.0003557152	0.0001519337	0.0001436151	0.0001286576	0.0001278314	0.0001264868	0.0001264634	0.0001263415	0.0001255174	0.0001250899	0.0001207605	0.0001198837	0.0001105984	1.05273e-05	1.052588e-05	1.007457e-05	2.991936e-06	1.785988e-06	1.02905e-06	4.450132e-07	1.434554e-07	2.176755e-08	8.784002e-10	7.949742e-10	7.82469e-10	7.771498e-10	5.55909e-12
100	0.01788397	0.005382324	0.003308212	0.0002844805	0.0002688974	0.0001369896	0.0001310028	0.0001205045	0.0001200796	0.0001198406	0.0001198239	0.0001197205	0.0001193002	0.0001190491	0.0001189965	0.0001182186	0.0001090469	7.398532e-06	7.398012e-06	7.371512e-06	1.770199e-06	1.103106e-06	6.206543e-07	2.448843e-07	5.383472e-08	1.671789e-09	6.357084e-11	4.362358e-11	3.851367e-11	3.486615e-11
101	0.04287653	0.01429879	0.003249376	0.001205943	0.0001414918	0.0001363478	2.373762e-05	2.135049e-05	1.087034e-05	1.047975e-05	1.039257e-05	1.03817e-05	1.035083e-05	9.936406e-06	9.70181e-06	9.649568e-06	8.922773e-06	8.644236e-06	7.444555e-06	7.444041e-06	7.418213e-06	1.784303e-06	1.117156e-06	6.271861e-07	2.453469e-07	5.166324e-08	9.543e-10	3.275828e-11	1.486169e-11	1.074187e-11
102	0.06672875	0.03729139	0.01187196	0.003230593	0.001183861	0.0001411885	0.0001360836	2.211404e-05	1.971539e-05	9.198137e-06	8.802908e-06	8.717065e-06	8.708405e-06	8.678381e-06	8.269639e-06	8.031755e-06	7.979215e-06	7.868612e-06	7.629989e-06	7.557454e-06	7.556934e-06	7.531459e-06	1.812496e-06	1.136152e-06	6.378815e-07	2.493802e-07	5.227482e-08	8.207799e-10	2.106648e-11	3.301119e-12
103	0.9959621	0.06675586	0.03695599	0.01121079	0.002929946	0.001097987	0.000139307	0.0001351766	1.969987e-05	1.735638e-05	7.585053e-06	7.200049e-06	7.118747e-06	7.11471e-06	7.084581e-06	6.671058e-06	6.42974e-06	6.376324e-06	6.288108e-06	6.061837e-06	5.988279e-06	5.987751e-06	5.961834e-06	1.844221e-06	1.156376e-06	6.494208e-07	2.539452e-07	5.321941e-08	8.345753e-10	2.135216e-11
104	0.2155071	0.2124382	0.01281263	0.005317496	0.002025763	0.0002019227	7.636762e-05	3.436678e-06	3.254128e-06	6.369916e-07	3.346344e-07	2.237393e-07	2.096421e-07	2.015672e-07	2.010114e-07	1.973685e-07	1.827232e-07	1.771093e-07	1.704447e-07	1.688787e-07	1.632226e-07	1.585626e-07	1.58549e-07	1.582207e-07	1.571132e-07	1.625031e-08	1.36237e-08	9.05142e-09	6.543925e-09	1.254936e-10
105	0.1892543	0.1874751	0.1847499	0.01238071	0.005164574	0.001979543	0.0001458205	2.183789e-05	2.500825e-06	2.363728e-06	8.590885e-08	7.112614e-08	5.642684e-08	5.418196e-08	4.682192e-08	4.637061e-08	4.562238e-08	3.226249e-08	2.866156e-08	2.371864e-08	2.251855e-08	1.922382e-08	1.504102e-08	1.502898e-08	1.47881e-08	1.377999e-08	1.299326e-08	1.168133e-08	8.363324e-09	6.504995e-09
106	0.1127387	0.0866037	0.08535581	0.08258244	0.01232682	0.005230277	0.002010361	0.0001454553	2.008901e-05	1.065673e-06	1.051745e-06	7.737666e-08	6.522712e-08	5.212986e-08	5.015308e-08	4.28563e-08	4.239868e-08	4.165752e-08	2.820298e-08	2.486994e-08	1.996828e-08	1.878075e-08	1.568147e-08	1.147397e-08	1.146185e-08	1.13029e-08	1.02786e-08	9.516908e-09	8.930375e-09	8.366191e-09
107	0.4918701	0.09945001	0.07788517	0.07668565	0.07386007	0.009271935	0.005213084	0.00202999	0.0001431702	1.955854e-05	9.945374e-07	9.836189e-07	6.582097e-08	5.565247e-08	4.341981e-08	4.156458e-08	4.125222e-08	4.078978e-08	4.00491e-08	2.689484e-08	2.369487e-08	1.893551e-08	1.778181e-08	1.486766e-08	1.06436e-08	1.063151e-08	1.05223e-08	9.484197e-09	8.938872e-09	8.568715e-09
108	0.8731392	0.4722949	0.09413738	0.07360415	0.0723997	0.06951981	0.009363881	0.005269967	0.002067631	0.0001455992	1.977811e-05	9.938987e-07	9.829577e-07	6.195464e-08	5.188822e-08	3.96838e-08	3.782988e-08	3.751933e-08	3.721854e-08	3.646996e-08	2.338216e-08	2.0157e-08	1.534892e-08	1.418758e-08	1.126356e-08	1.049155e-08	1.047933e-08	1.037372e-08	9.316466e-09	8.967493e-09
109	0.982377	0.8646725	0.457592	0.08533112	0.06553229	0.06512801	0.06499038	0.009454084	0.005370643	0.002107909	0.0001483862	2.014378e-05	1.000661e-06	9.895907e-07	6.302655e-08	5.282242e-08	4.039438e-08	3.850608e-08	3.819403e-08	3.788739e-08	3.713456e-08	2.3796e-08	2.050986e-08	1.561481e-08	1.443201e-08	1.145966e-08	1.067432e-08	1.067226e-08	1.056642e-08	9.488544e-09
110	0.9858911	0.9799755	0.8612215	0.4463215	0.07973105	0.06069267	0.06033065	0.06033057	0.00955567	0.005475613	0.002149845	0.0001513032	2.053231e-05	1.013315e-06	1.002106e-06	5.765862e-08	4.892229e-08	3.625143e-08	3.432675e-08	3.411428e-08	3.380154e-08	3.366393e-08	2.006285e-08	1.671238e-08	1.590781e-08	1.470224e-08	1.167724e-08	1.087752e-08	1.087678e-08	1.077238e-08
111	0.9990927	0.9855933	0.9795745	0.8584118	0.4351925	0.07426683	0.05596973	0.0556144	0.05561433	0.009709647	0.005585574	0.002193607	0.0001543726	2.094844e-05	1.033236e-06	1.021803e-06	5.834481e-08	4.943232e-08	3.667889e-08	3.474385e-08	3.452718e-08	3.421336e-08	3.407299e-08	2.021072e-08	1.680904e-08	1.598904e-08	1.498912e-08	1.191198e-08	1.109695e-08	1.10962e-08
112	0.9996544	0.9988807	0.9851542	0.9790268	0.8553785	0.4235954	0.06857238	0.05104709	0.05069871	0.05069864	0.009870181	0.005700144	0.002239188	0.0001575534	2.138266e-05	1.054065e-06	1.042406e-06	5.913493e-08	5.003952e-08	3.711463e-08	3.516906e-08	3.494822e-08	3.477119e-08	3.4628e-08	2.048219e-08	1.701208e-08	1.617622e-08	1.516914e-08	1.208489e-08	1.125544e-08
113	0.4216359	0.4213508	0.4208266	0.4105878	0.4049515	0.3794251	0.3707167	0.04905332	0.03365489	0.03333508	0.03333501	0.005177463	0.002550575	0.0003984095	0.0001050878	1.526937e-05	7.894415e-07	7.800036e-07	4.428845e-08	3.744837e-08	2.744341e-08	2.59979e-08	2.583062e-08	2.571075e-08	2.56009e-08	1.563414e-08	1.312639e-08	1.237576e-08	1.182759e-08	9.394039e-09
114	0.8749653	0.401928	0.4017828	0.401345	0.3979188	0.3924469	0.366624	0.3581583	0.04284605	0.02827283	0.02796069	0.02796064	0.005234917	0.002593571	0.0003985977	9.928763e-05	1.558513e-05	8.028455e-07	7.933202e-07	4.235789e-08	3.538474e-08	2.663453e-08	2.516667e-08	2.499893e-08	2.492522e-08	2.481339e-08	1.48255e-08	1.226631e-08	1.150124e-08	1.094468e-08
115	0.1566697	0.1466394	0.140205	0.1401129	0.1398002	0.1378429	0.1374105	0.1143574	0.1116876	0.01226527	0.004199846	0.004088824	0.004088791	0.0004077037	0.0001984279	3.14141e-05	8.227595e-06	1.686872e-06	2.26445e-07	2.218368e-07	9.810664e-09	7.786795e-09	5.368571e-09	5.032396e-09	4.982118e-09	4.975194e-09	4.942754e-09	3.957564e-09	3.529982e-09	3.025021e-09
116	0.1271645	0.1192619	0.1190102	0.1142639	0.1142038	0.114014	0.112083	0.1117095	0.08860403	0.08635698	0.004142982	0.0009760413	0.0009351433	0.0009351133	5.91072e-05	2.985856e-05	6.640506e-06	2.364891e-06	9.455342e-07	1.454523e-07	1.439689e-07	7.958736e-09	6.205638e-09	4.111138e-09	3.832636e-09	3.792447e-09	3.789588e-09	3.762121e-09	3.245726e-09	2.929132e-09
117	0.1582434	0.07049382	0.0694084	0.06935666	0.06627264	0.06626454	0.06619542	0.06425336	0.06391165	0.06384499	0.0619124	0.001389962	0.0005056008	0.0004933396	0.0004933117	4.506141e-05	2.440486e-05	5.380503e-06	1.872032e-06	7.515584e-07	1.242497e-07	1.229956e-07	6.588269e-09	5.08315e-09	3.182972e-09	2.94341e-09	2.909574e-09	2.90711e-09	2.882558e-09	2.47669e-09
118	0.9008479	0.1579288	0.07026811	0.06918236	0.0691411	0.06604402	0.06603665	0.0659664	0.06412471	0.06393616	0.06387648	0.06212722	0.00128019	0.0004921039	0.0004809785	0.00048095	4.424695e-05	2.377697e-05	4.851632e-06	1.837962e-06	7.408107e-07	1.258824e-07	1.246098e-07	6.661749e-09	5.13221e-09	3.201857e-09	2.959075e-09	2.924698e-09	2.92226e-09	2.897296e-09
119	0.875642	0.7830481	0.1511463	0.06823705	0.06719493	0.067155	0.06418054	0.06417322	0.06410156	0.06283492	0.06265264	0.06259777	0.06084162	0.001140597	0.0004655665	0.0004558299	0.0004558016	4.101491e-05	2.200917e-05	4.4331e-06	1.678624e-06	6.802273e-07	1.1585e-07	1.146788e-07	6.19313e-09	4.786091e-09	2.98121e-09	2.756871e-09	2.725005e-09	2.722976e-09
120	0.8551787	0.8221749	0.762332	0.152006	0.06809561	0.06704337	0.06700356	0.06400842	0.064001	0.06392814	0.06270813	0.06254659	0.06249213	0.06125663	0.001029704	0.0004525848	0.0004439884	0.0004439595	4.146324e-05	2.230118e-05	4.486429e-06	1.70421e-06	6.910915e-07	1.178684e-07	1.166768e-07	6.302661e-09	4.870941e-09	3.032972e-09	2.804679e-09	2.772247e-09
121	0.4741525	0.4534209	0.4441832	0.4223845	0.05791189	0.05041885	0.04998092	0.04995972	0.04778553	0.0477789	0.04770675	0.04661882	0.04647954	0.04646515	0.04544711	0.0005667329	0.0002831818	0.0002786908	0.0002786689	9.390309e-06	5.795014e-06	4.503435e-07	1.111503e-07	4.264116e-08	8.478795e-09	8.395257e-09	1.080921e-09	9.868912e-10	5.75781e-10	5.503973e-10
122	0.4062654	0.4035632	0.3893344	0.3816871	0.3633965	0.04848821	0.04315439	0.04278269	0.04276482	0.04089409	0.04088764	0.04081659	0.03973668	0.03960566	0.03959557	0.03887226	0.0004788659	0.0002480401	0.0002443342	0.0002443125	7.297428e-06	4.775091e-06	2.168508e-07	2.152499e-08	6.620518e-09	2.454031e-09	2.43161e-09	8.020616e-10	7.818531e-10	4.423668e-10
123	0.374524	0.3660986	0.3641417	0.3501839	0.3425955	0.3268176	0.0418032	0.03718318	0.0368615	0.03684595	0.03523325	0.03522663	0.03515368	0.03405545	0.03392263	0.03391274	0.03322204	0.0004151889	0.0002236998	0.0002206237	0.0002206014	7.05141e-06	4.755651e-06	2.156701e-07	2.123643e-08	6.504341e-09	2.456768e-09	2.434372e-09	8.056368e-10	7.855284e-10
124	0.3751079	0.317625	0.3131704	0.3115304	0.3019992	0.2948581	0.2829105	0.03027042	0.0268352	0.02658934	0.02657774	0.02535854	0.02535176	0.02527683	0.02526028	0.02512486	0.02511548	0.02461738	0.0003422015	0.0002004886	0.0001979824	0.0001979596	6.012177e-06	3.971471e-06	1.837908e-07	1.920051e-08	5.959734e-09	2.10409e-09	2.081683e-09	4.312168e-10
125	0.286252	0.2800561	0.2778964	0.2746508	0.273112	0.2645043	0.2606887	0.2525284	0.02017165	0.01774496	0.01757406	0.01756603	0.01673527	0.01672832	0.01665128	0.01663562	0.01656873	0.01655978	0.01611878	0.000277081	0.0001842523	0.0001823034	0.0001822799	5.373659e-06	3.477536e-06	1.639009e-07	1.779995e-08	5.458184e-09	2.083589e-09	2.061124e-09
126	0.2527809	0.2518385	0.2487151	0.2473701	0.2455841	0.2442584	0.2394357	0.2364516	0.2322805	0.01193398	0.01031553	0.01023087	0.01022575	0.009799917	0.009792793	0.009713561	0.009697569	0.009628744	0.009626512	0.009229727	0.0002269249	0.0001738738	0.0001732056	0.0001731816	5.05196e-06	3.347328e-06	1.581346e-07	1.701468e-08	4.979307e-09	1.989685e-09
127	0.3262309	0.2318059	0.2309328	0.2286633	0.2273432	0.2262165	0.2249098	0.2204656	0.2176196	0.2166218	0.003579761	0.002779414	0.002757642	0.002755468	0.00265608	0.002648749	0.002567133	0.002552158	0.002484945	0.002483009	0.002131128	0.0001798224	0.0001676963	0.0001675145	0.00016749	4.937211e-06	3.422265e-06	1.612575e-07	1.702604e-08	4.757097e-09
128	0.4004835	0.3008448	0.2061152	0.2052541	0.2034719	0.2026575	0.2018588	0.2013068	0.1970239	0.1947989	0.1946636	0.001210911	0.0006745445	0.0006699472	0.0006694773	0.0006581207	0.0006580237	0.0006578384	0.0006425527	0.0005732828	0.0005717319	0.0002240688	0.0001530879	0.0001520079	0.0001519663	0.0001519626	4.797333e-06	3.44394e-06	1.627703e-07	1.718744e-08
129	0.9975716	0.3809154	0.2780841	0.1810318	0.1801511	0.1784301	0.1775965	0.17688	0.1763157	0.1719525	0.1696817	0.1695666	0.001026663	0.0005576472	0.00055374	0.0005532846	0.0005440317	0.0005439325	0.0005437434	0.0005424916	0.0005410024	0.0005394475	0.0001811323	0.0001329481	0.0001321838	0.0001321521	0.0001321483	4.645295e-06	3.44439e-06	1.633644e-07
130	0.9984363	0.9969986	0.3602675	0.2540285	0.154199	0.1532991	0.1515946	0.1507463	0.1500472	0.1494723	0.1450613	0.1427515	0.1426542	0.0009280002	0.0005303807	0.0005270958	0.0005266476	0.0005191274	0.0005190262	0.000518834	0.000517905	0.0005176269	0.0005163095	0.0001465296	0.0001113613	0.0001108534	0.0001108309	0.000110827	4.293517e-06	3.25287e-06
131	0.9926306	0.9923988	0.9923269	0.3345056	0.2246228	0.1245575	0.123635	0.1220329	0.1211629	0.1206525	0.1200636	0.1155635	0.113201	0.1131174	0.0004521921	0.0001343078	0.0001316349	0.0001312011	0.0001250972	0.0001249936	0.000124797	0.0001240571	0.0001238299	0.0001225219	0.0001189402	8.865731e-05	8.823435e-05	8.821586e-05	8.821183e-05	4.115463e-06
132	0.2458979	0.2437818	0.2436657	0.2435993	0.2336543	0.1199434	0.09558297	0.09468137	0.09330501	0.09245226	0.09199152	0.09141942	0.08710065	0.0848308	0.08476432	0.0003373574	9.794755e-05	9.593762e-05	9.553066e-05	9.109494e-05	9.099458e-05	9.080622e-05	9.02379e-05	9.006088e-05	8.881039e-05	8.58841e-05	6.617971e-05	6.588066e-05	6.586664e-05	6.586248e-05
133	0.1024629	0.1008322	0.09949963	0.09940067	0.0993726	0.09254573	0.09168767	0.0674678	0.06695227	0.06652307	0.06601696	0.06577393	0.06542009	0.06249258	0.06096745	0.0609224	0.0002327418	6.965346e-05	6.830642e-05	6.80356e-05	6.48847e-05	6.482181e-05	6.469908e-05	6.429058e-05	6.416278e-05	6.327356e-05	6.125601e-05	4.76691e-05	4.747154e-05	4.74627e-05
134	0.1324949	0.04770343	0.04670511	0.0458412	0.04575677	0.04573794	0.04169614	0.04118688	0.04047592	0.04015392	0.03990872	0.03956645	0.03942232	0.03920361	0.03746744	0.03656045	0.03653332	0.000139286	4.175175e-05	4.093212e-05	4.076737e-05	3.887801e-05	3.884031e-05	3.876754e-05	3.852281e-05	3.844684e-05	3.791342e-05	3.672318e-05	2.859258e-05	2.847465e-05
135	0.02216742	0.01928291	0.01648956	0.0163539	0.01608608	0.01607758	0.01607007	0.01466025	0.0144833	0.01423482	0.01413506	0.01404876	0.01396397	0.01391228	0.01384339	0.01323818	0.01292508	0.01291547	4.926337e-05	1.481443e-05	1.450123e-05	1.444426e-05	1.377429e-05	1.376141e-05	1.373612e-05	1.364948e-05	1.362251e-05	1.343302e-05	1.302698e-05	1.011e-05
136	0.001257058	0.000933078	0.0005863442	0.0002248076	0.0002169921	0.0002131541	0.0002129096	0.0002127576	0.000195473	0.0001933262	0.0001900587	0.0001887971	0.0001878061	0.0001867529	0.0001861671	0.000185317	0.0001780061	0.0001742108	0.0001740868	6.617795e-07	1.981547e-07	1.944137e-07	1.926691e-07	1.835998e-07	1.834423e-07	1.831303e-07	1.819631e-07	1.816052e-07	1.794904e-07	1.745794e-07
137	0.007022508	0.0007421265	0.0006877317	0.0003777146	2.778041e-05	2.149951e-05	2.064893e-05	2.064291e-05	2.054718e-05	2.001831e-05	1.996891e-05	1.965203e-05	1.962494e-05	1.95735e-05	1.954915e-05	1.952626e-05	1.950725e-05	1.934153e-05	1.925708e-05	1.924307e-05	7.668186e-08	2.531134e-08	2.485198e-08	2.482749e-08	2.356452e-08	2.356055e-08	2.354811e-08	2.342034e-08	2.338641e-08	2.333796e-08
138	0.002356762	0.001640774	0.0004012518	0.0003751199	0.0003634087	6.774197e-06	7.313295e-07	4.408507e-07	4.383221e-07	3.544466e-07	3.253283e-07	3.192618e-07	2.606883e-07	2.58664e-07	2.372506e-07	2.343078e-07	2.285807e-07	2.267875e-07	2.112572e-07	2.040337e-07	1.999271e-07	6.90162e-09	5.430621e-09	5.378196e-09	5.374629e-09	5.139e-09	5.138238e-09	5.131753e-09	5.117944e-09	5.114948e-09
139	0.04316506	0.002120177	0.001676036	0.0004171572	0.0003900398	0.0003804942	6.947334e-06	6.225436e-07	3.209249e-07	3.196733e-07	2.318893e-07	2.028183e-07	1.990147e-07	1.400756e-07	1.380594e-07	1.157588e-07	1.12726e-07	1.067942e-07	1.049354e-07	8.879048e-08	8.126868e-08	7.705955e-08	6.725105e-09	5.531303e-09	5.479216e-09	5.475933e-09	5.237906e-09	5.237661e-09	5.236938e-09	5.223258e-09
140	0.9831416	0.04072524	0.0008672447	0.0004896638	0.0004311733	0.0004075723	0.0003994361	7.283517e-06	6.434449e-07	3.26936e-07	3.256301e-07	2.337028e-07	2.033544e-07	1.993705e-07	1.383336e-07	1.362218e-07	1.128402e-07	1.096663e-07	1.034665e-07	1.015202e-07	8.462642e-08	7.674744e-08	7.234318e-08	7.009785e-09	5.781691e-09	5.727299e-09	5.723863e-09	5.474946e-09	5.474688e-09	5.473931e-09
141	0.9909403	0.9803425	0.04003764	0.0008753231	0.0004941006	0.0004344299	0.0004287944	0.0004202326	7.658391e-06	6.689224e-07	3.358914e-07	3.345172e-07	2.377532e-07	2.061327e-07	2.01945e-07	1.378068e-07	1.355864e-07	1.109976e-07	1.076623e-07	1.011573e-07	9.911123e-08	8.13697e-08	7.308706e-08	6.845583e-08	7.349371e-09	6.077067e-09	6.01997e-09	6.016358e-09	5.754716e-09	5.754445e-09
142	0.9973391	0.9877805	0.9768669	0.03925829	0.000884906	0.000502103	0.0004411681	0.0004397	0.0004306754	8.073693e-06	6.966303e-07	3.452622e-07	3.438184e-07	2.417032e-07	2.089254e-07	2.045372e-07	1.370331e-07	1.347057e-07	1.088319e-07	1.053302e-07	9.852919e-08	9.638297e-08	7.779626e-08	6.911521e-08	6.437558e-08	7.337997e-09	6.051708e-09	5.994525e-09	5.990858e-09	5.729823e-09
143	0.5950588	0.5946975	0.5878841	0.5800202	0.02528883	0.0003845175	7.159007e-05	1.836473e-05	1.806348e-05	8.617529e-06	8.462205e-06	6.54585e-07	2.836992e-07	2.822992e-07	1.743417e-07	1.555744e-07	1.531301e-07	9.086645e-08	8.963326e-08	7.448198e-08	7.196382e-08	6.751241e-08	6.61128e-08	5.441901e-08	4.945454e-08	4.51869e-08	5.557482e-09	4.72732e-09	4.684254e-09	4.681689e-09
144	0.442371	0.4312372	0.4308768	0.4237639	0.4168426	0.01887291	0.0003275224	6.057324e-05	1.073963e-05	1.04738e-05	4.915147e-07	3.659973e-07	3.025062e-07	2.470395e-07	2.456552e-07	1.342212e-07	1.23447e-07	1.221206e-07	6.283762e-08	6.212439e-08	5.610924e-08	5.424005e-08	5.193358e-08	5.096696e-08	4.425585e-08	4.150219e-08	3.8178e-08	2.626485e-09	2.218866e-09	2.198712e-09
145	0.6615744	0.3600422	0.35447	0.3540886	0.3465046	0.341242	0.01561123	0.0003167631	6.075503e-05	1.122839e-05	1.097238e-05	3.288417e-07	2.08169e-07	1.995781e-07	1.981987e-07	1.96793e-07	1.087313e-07	1.05833e-07	1.056025e-07	4.57393e-08	4.547308e-08	4.393775e-08	4.322401e-08	4.201659e-08	4.153488e-08	3.996121e-08	3.925269e-08	3.611102e-08	1.754835e-09	1.494675e-09
146	0.4679615	0.4328431	0.2764434	0.2725317	0.2721241	0.2640008	0.262876	0.01408295	0.0003212	6.330781e-05	1.189832e-05	1.163592e-05	2.354828e-07	1.157443e-07	1.080608e-07	1.071971e-07	1.057084e-07	1.055726e-07	1.035258e-07	1.034189e-07	3.978546e-08	3.956123e-08	3.901222e-08	3.839041e-08	3.792322e-08	3.747203e-08	3.672125e-08	3.622619e-08	3.580838e-08	1.105295e-09
147	0.4689595	0.4252173	0.4075351	0.2673727	0.2647322	0.264297	0.2555522	0.2545149	0.01340204	0.00011648	4.209377e-05	1.278428e-05	1.251698e-05	2.402302e-07	1.175992e-07	1.101596e-07	1.093265e-07	1.077318e-07	1.07618e-07	1.066595e-07	1.065749e-07	3.859595e-08	3.836725e-08	3.793881e-08	3.72992e-08	3.693611e-08	3.646423e-08	3.586982e-08	3.539198e-08	3.513888e-08
148	0.4327129	0.4203218	0.4056848	0.3992411	0.2790381	0.277352	0.276881	0.2674091	0.2664623	0.014019	0.0001008561	2.314509e-05	1.353401e-05	1.347803e-05	1.784554e-07	5.204626e-08	4.484495e-08	4.399041e-08	4.227023e-08	4.217868e-08	4.121743e-08	4.11262e-08	4.040163e-08	4.015423e-08	3.97459e-08	3.905372e-08	3.870283e-08	3.819262e-08	3.755907e-08	3.704301e-08
149	0.7974342	0.3807403	0.3690516	0.3580303	0.353234	0.2290834	0.2274996	0.2274954	0.227491	0.226536	0.0116949	8.849457e-05	2.275826e-05	1.47333e-05	1.468613e-05	1.792042e-07	4.332577e-08	3.581141e-08	3.50668e-08	3.506152e-08	3.49668e-08	3.400973e-08	3.391159e-08	3.324597e-08	3.320699e-08	3.277568e-08	3.268336e-08	3.230853e-08	3.226728e-08	3.158653e-08
150	0.9110588	0.8066292	0.3618137	0.3491165	0.3388232	0.3344545	0.2014029	0.2004746	0.20047	0.2004653	0.20027	0.01033581	6.569147e-05	7.372635e-06	2.346191e-07	1.926851e-07	1.883584e-07	3.99721e-08	3.191347e-08	3.128935e-08	3.128384e-08	3.124925e-08	3.027661e-08	3.017051e-08	2.953033e-08	2.948827e-08	2.906549e-08	2.896574e-08	2.858858e-08	2.854406e-08
151	0.8619114	0.7852402	0.6930759	0.2006962	0.1867551	0.1777894	0.1751564	0.1646415	0.1636783	0.1636732	0.163668	0.1634604	0.008441011	5.392536e-05	5.965205e-06	7.703572e-08	4.261218e-08	3.903288e-08	3.556884e-08	2.668725e-08	2.613983e-08	2.613383e-08	2.609654e-08	2.509734e-08	2.497946e-08	2.441573e-08	2.4369e-08	2.390176e-08	2.379094e-08	2.337374e-08
152	0.7894053	0.7845303	0.7250852	0.6512934	0.1484534	0.136431	0.1281672	0.1261744	0.118559	0.1180447	0.118039	0.1180332	0.11789	0.006098681	3.950457e-05	4.39325e-06	5.092058e-08	2.557818e-08	2.293856e-08	2.036819e-08	2.017339e-08	1.978021e-08	1.977358e-08	1.97485e-08	1.871493e-08	1.858233e-08	1.806555e-08	1.801299e-08	1.750633e-08	1.738168e-08
153	0.3625984	0.2412423	0.2398058	0.1878983	0.1215636	0.1164706	0.1046777	0.0964981	0.09489254	0.08909981	0.08897776	0.08897123	0.08896464	0.08894312	0.004614691	3.044632e-05	3.420725e-06	4.000424e-08	2.03389e-08	1.827991e-08	1.626026e-08	1.61101e-08	1.585927e-08	1.585177e-08	1.583876e-08	1.472024e-08	1.456871e-08	1.405938e-08	1.399932e-08	1.34617e-08
154	0.3058505	0.2530263	0.1787521	0.1778317	0.1331955	0.07494288	0.07051371	0.07033615	0.06208933	0.0609047	0.0571372	0.05704375	0.05704374	0.05704367	0.05702929	0.002974176	2.047236e-05	2.283669e-06	2.830444e-08	1.48245e-08	1.339519e-08	1.197803e-08	1.186047e-08	1.168368e-08	1.167555e-08	1.166166e-08	1.04245e-08	1.026287e-08	9.753844e-09	9.684236e-09
155	0.1478107	0.139393	0.1298058	0.0989617	0.09859031	0.06937177	0.02932764	0.0262868	0.02619089	0.02495027	0.02441547	0.02297143	0.02291282	0.02291281	0.02291277	0.02290379	0.001220727	9.223839e-06	1.054049e-06	1.563624e-08	8.845607e-09	8.097465e-09	7.367388e-09	7.288109e-09	7.191549e-09	7.18215e-09	7.168759e-09	5.779276e-09	5.589764e-09	5.097687e-09
156	0.004489107	0.003239184	0.003043207	0.002831778	0.002142357	0.002133804	0.001507378	0.0006472899	0.0005809822	0.0005780296	0.0005520648	0.0005412264	0.0005164614	0.0005144466	0.0005144464	0.0005144454	0.0005141362	2.866486e-05	2.088845e-07	2.532836e-08	4.940274e-10	3.057083e-10	2.840757e-10	2.651924e-10	2.636404e-10	2.607858e-10	2.60282e-10	2.600598e-10	1.858421e-10	1.755774e-10
157	0.003370442	4.097794e-05	2.469454e-05	2.188262e-05	1.914427e-05	1.045253e-05	1.033406e-05	9.031819e-06	7.638837e-06	7.482756e-06	7.431823e-06	7.300975e-06	7.239771e-06	7.070773e-06	7.033476e-06	7.033476e-06	7.033472e-06	7.027702e-06	3.881532e-07	2.89294e-09	3.372365e-10	8.05344e-12	4.930373e-12	4.567678e-12	4.303272e-12	4.287418e-12	4.238913e-12	4.232713e-12	4.229947e-12	3.291282e-12
158	0.005056869	4.774872e-05	5.776066e-07	3.468182e-07	3.083793e-07	2.696244e-07	1.464584e-07	1.448107e-07	1.270539e-07	1.080311e-07	1.058723e-07	1.05333e-07	1.034818e-07	1.026055e-07	1.000687e-07	9.971733e-08	9.971732e-08	9.971728e-08	9.965765e-08	5.482073e-09	3.984563e-11	4.60292e-12	9.745089e-14	5.979479e-14	5.542211e-14	5.225418e-14	5.206857e-14	5.149081e-14	5.140642e-14	5.137148e-14
159	0.9969616	0.00474071	4.741301e-05	5.697049e-07	3.405191e-07	3.050723e-07	2.666857e-07	1.437795e-07	1.422301e-07	1.249924e-07	1.06881e-07	1.049659e-07	1.047763e-07	1.029467e-07	1.020826e-07	9.961149e-08	9.956064e-08	9.956063e-08	9.956061e-08	9.955251e-08	5.479777e-09	3.774047e-11	4.334217e-12	6.73709e-14	4.196017e-14	3.904881e-14	3.695288e-14	3.68297e-14	3.646115e-14	3.637518e-14
