#unpaired probabilities
 #i$	l=1	2	3	4	5	6	7	8	9	10	11	12	13	14	15	16	17	18	19	20	21	22	23	24	25	26	27	28	29	30	
1	0.1141328	NA	NA	NA	NA	NA	NA	NA	NA	NA	NA	NA	NA	NA	NA	NA	NA	NA	NA	NA	NA	NA	NA	NA	NA	NA	NA	NA	NA	NA
2	0.091377	0.02083813	NA	NA	NA	NA	NA	NA	NA	NA	NA	NA	NA	NA	NA	NA	NA	NA	NA	NA	NA	NA	NA	NA	NA	NA	NA	NA	NA	NA
3	0.3452144	0.07996197	0.01840656	NA	NA	NA	NA	NA	NA	NA	NA	NA	NA	NA	NA	NA	NA	NA	NA	NA	NA	NA	NA	NA	NA	NA	NA	NA	NA	NA
4	0.6520683	0.3444322	0.07980317	0.01837707	NA	NA	NA	NA	NA	NA	NA	NA	NA	NA	NA	NA	NA	NA	NA	NA	NA	NA	NA	NA	NA	NA	NA	NA	NA	NA
5	0.9941533	0.6490223	0.3431429	0.07952663	0.01833737	NA	NA	NA	NA	NA	NA	NA	NA	NA	NA	NA	NA	NA	NA	NA	NA	NA	NA	NA	NA	NA	NA	NA	NA	NA
6	0.9987432	0.994106	0.6490191	0.3431407	0.07952618	0.01833729	NA	NA	NA	NA	NA	NA	NA	NA	NA	NA	NA	NA	NA	NA	NA	NA	NA	NA	NA	NA	NA	NA	NA	NA
7	0.9999579	0.9986993	0.9940758	0.6490022	0.3431297	0.07952385	0.01833691	NA	NA	NA	NA	NA	NA	NA	NA	NA	NA	NA	NA	NA	NA	NA	NA	NA	NA	NA	NA	NA	NA	NA
8	0.9466098	0.9469348	0.9461931	0.9440559	0.6141982	0.3235229	0.07484447	0.01703243	NA	NA	NA	NA	NA	NA	NA	NA	NA	NA	NA	NA	NA	NA	NA	NA	NA	NA	NA	NA	NA	NA
9	0.9426082	0.9323028	0.9331174	0.9330452	0.9323358	0.6053667	0.317576	0.0735525	0.01685592	NA	NA	NA	NA	NA	NA	NA	NA	NA	NA	NA	NA	NA	NA	NA	NA	NA	NA	NA	NA	NA
10	0.9999849	0.9425931	0.932294	0.9331089	0.933037	0.9323283	0.605361	0.3175722	0.0735517	0.01685579	NA	NA	NA	NA	NA	NA	NA	NA	NA	NA	NA	NA	NA	NA	NA	NA	NA	NA	NA	NA
11	0.9433641	0.9390056	0.8776511	0.8610591	0.8534551	0.8430401	0.8279067	0.4782045	0.3130796	0.07262027	0.01662628	NA	NA	NA	NA	NA	NA	NA	NA	NA	NA	NA	NA	NA	NA	NA	NA	NA	NA	NA
12	0.700352	0.6842094	0.6820567	0.6584713	0.6508463	0.6519278	0.6533215	0.6541481	0.3283054	0.2217655	0.05297278	0.01398092	NA	NA	NA	NA	NA	NA	NA	NA	NA	NA	NA	NA	NA	NA	NA	NA	NA	NA
13	0.7763522	0.6991018	0.6832786	0.6811384	0.6576781	0.650091	0.6512045	0.6526409	0.6535312	0.3277974	0.2214222	0.05289507	0.01396414	NA	NA	NA	NA	NA	NA	NA	NA	NA	NA	NA	NA	NA	NA	NA	NA	NA
14	0.4402073	0.2418595	0.2372012	0.2398057	0.2492922	0.2562719	0.269033	0.2876768	0.3124074	0.3466358	0.07165688	0.04720532	0.01026164	0.001570214	NA	NA	NA	NA	NA	NA	NA	NA	NA	NA	NA	NA	NA	NA	NA	NA
15	0.08131519	0.05846118	0.0580059	0.05284906	0.05119818	0.05010879	0.0482403	0.04641775	0.04452279	0.04194617	0.03841683	0.0315037	0.02013447	0.004313518	0.000613001	NA	NA	NA	NA	NA	NA	NA	NA	NA	NA	NA	NA	NA	NA	NA
16	0.6846604	0.07828795	0.05613393	0.05575212	0.0506541	0.04900038	0.04789184	0.04604467	0.04420187	0.04226571	0.03963548	0.03602802	0.02899881	0.01948106	0.004173282	0.0005929326	NA	NA	NA	NA	NA	NA	NA	NA	NA	NA	NA	NA	NA	NA
17	0.7176477	0.5494875	0.07163556	0.05139311	0.05221072	0.04749805	0.0458965	0.04483061	0.04335359	0.04162045	0.03978835	0.03730714	0.03394024	0.02725966	0.01834329	0.003954928	0.0005412951	NA	NA	NA	NA	NA	NA	NA	NA	NA	NA	NA	NA	NA
18	0.01742866	0.01505299	0.01177946	0.002445452	0.001650563	0.00165538	0.001545283	0.001512861	0.001477105	0.001429857	0.001372611	0.001313865	0.001234565	0.00112623	0.0009039688	0.0006032435	0.000132517	2.134288e-05	NA	NA	NA	NA	NA	NA	NA	NA	NA	NA	NA	NA
19	0.263915	0.005494754	0.004623963	0.002602839	0.0006771499	0.00037131	0.0003560119	0.0003168841	0.0003088836	0.0003027312	0.0002935585	0.00028377	0.0002762833	0.000266415	0.0002521996	0.00017091	0.0001159244	2.795943e-05	7.642591e-06	NA	NA	NA	NA	NA	NA	NA	NA	NA	NA	NA
20	0.1113442	0.01293405	0.0009413095	0.0008776569	0.0003684793	9.049455e-05	6.797583e-05	6.951094e-05	6.765748e-05	6.808842e-05	6.915261e-05	7.026885e-05	7.175312e-05	7.416221e-05	7.733517e-05	8.171608e-05	2.812019e-05	1.871255e-05	4.070303e-06	6.268517e-07	NA	NA	NA	NA	NA	NA	NA	NA	NA	NA
21	0.03076047	0.01086978	0.005257035	0.0001504887	0.0001167742	8.029979e-05	3.133137e-05	2.218067e-05	2.240709e-05	2.125454e-05	2.085711e-05	2.038023e-05	1.96715e-05	1.889103e-05	1.807068e-05	1.695812e-05	1.543725e-05	1.269121e-05	8.308482e-06	1.779303e-06	2.527836e-07	NA	NA	NA	NA	NA	NA	NA	NA	NA
22	0.9081816	0.02997437	0.0106797	0.005138291	0.0001441095	0.000111271	7.712527e-05	3.030532e-05	2.142993e-05	2.164269e-05	2.051778e-05	2.012207e-05	1.96484e-05	1.894608e-05	1.817181e-05	1.735395e-05	1.624519e-05	1.472852e-05	1.198902e-05	8.059058e-06	1.725628e-06	2.450146e-07	NA	NA	NA	NA	NA	NA	NA	NA
23	0.2642199	0.166698	0.02676388	0.009261661	0.004264274	0.0001260711	9.540316e-05	6.307231e-05	2.817129e-05	2.008356e-05	2.03184e-05	1.92844e-05	1.891089e-05	1.845983e-05	1.785919e-05	1.713007e-05	1.635609e-05	1.530823e-05	1.38861e-05	1.128723e-05	7.595786e-06	1.636953e-06	2.240859e-07	NA	NA	NA	NA	NA	NA	NA
24	0.02866679	0.02749684	0.0158633	0.0008363031	0.000175285	0.0001036965	4.036765e-06	2.913612e-06	2.061087e-06	1.023444e-06	6.973362e-07	7.01086e-07	6.611798e-07	6.492268e-07	6.36012e-07	6.091939e-07	5.864222e-07	5.636774e-07	5.3294e-07	4.911838e-07	3.757792e-07	2.513992e-07	5.479376e-08	8.826891e-09	NA	NA	NA	NA	NA	NA
25	0.7383603	0.02376179	0.02352938	0.01299028	0.0002949173	8.551112e-05	6.275736e-05	1.376068e-06	1.012371e-06	7.089547e-07	2.956759e-07	1.709816e-07	1.667162e-07	1.524213e-07	1.494873e-07	1.486365e-07	1.376768e-07	1.347123e-07	1.333993e-07	1.316906e-07	1.292397e-07	7.26769e-08	4.906647e-08	1.15086e-08	3.154884e-09	NA	NA	NA	NA	NA
26	0.2111871	0.1903241	0.01147781	0.01148478	0.0008541488	3.808748e-05	9.310295e-06	2.908357e-06	1.654363e-07	1.195024e-07	8.49361e-08	4.780172e-08	3.856788e-08	3.993573e-08	4.005228e-08	3.999264e-08	4.149183e-08	4.285318e-08	4.468888e-08	4.766633e-08	5.162169e-08	5.712582e-08	1.228199e-08	8.048338e-09	1.698381e-09	2.767351e-10	NA	NA	NA	NA
27	0.2215671	0.1992317	0.1847256	0.008727751	0.008989872	0.0007776148	1.4314e-05	4.307219e-06	2.040872e-06	6.690263e-08	5.052226e-08	3.826984e-08	1.794219e-08	1.336812e-08	1.365237e-08	1.331372e-08	1.336781e-08	1.344538e-08	1.308438e-08	1.311487e-08	1.326396e-08	1.345469e-08	1.374544e-08	6.291796e-09	4.013151e-09	8.20569e-10	1.291782e-10	NA	NA	NA
28	0.9515378	0.198971	0.1764316	0.1611002	0.008705828	0.008967819	0.0007559685	1.399092e-05	4.263131e-06	2.014906e-06	6.537106e-08	4.936648e-08	3.737944e-08	1.739952e-08	1.29207e-08	1.31883e-08	1.284779e-08	1.290041e-08	1.297866e-08	1.262388e-08	1.265668e-08	1.280666e-08	1.299904e-08	1.328721e-08	5.827346e-09	3.873397e-09	7.998482e-10	1.261723e-10	NA	NA
29	0.6372508	0.5968877	0.07661585	0.05207018	0.03212469	0.008077599	0.008315728	7.764199e-05	1.098112e-05	2.798369e-06	6.367564e-07	5.04053e-08	3.666985e-08	2.645442e-08	1.487548e-08	1.128162e-08	1.15541e-08	1.128601e-08	1.134169e-08	1.142018e-08	1.149483e-08	1.158263e-08	1.178807e-08	1.205515e-08	1.244104e-08	5.122988e-09	3.407088e-09	7.1677e-10	1.036852e-10	NA
30	0.4613767	0.4683757	0.4747817	0.02331981	0.0221221	0.02269076	5.637818e-05	5.033585e-05	4.879592e-05	2.526096e-06	1.518241e-06	1.718082e-07	7.037788e-09	5.306899e-09	3.512748e-09	1.662869e-09	1.088568e-09	1.087296e-09	1.033956e-09	1.023877e-09	1.016672e-09	9.996407e-10	9.865083e-10	9.801378e-10	9.713212e-10	9.636795e-10	5.485387e-10	3.31431e-10	6.293969e-11	1.508418e-11
31	0.7984156	0.4574877	0.4652761	0.4724963	0.02268978	0.02188666	0.02250535	2.783546e-05	2.107188e-05	1.872846e-05	2.300071e-06	1.490374e-06	1.586134e-07	5.924137e-09	4.511514e-09	2.929866e-09	1.327158e-09	8.362721e-10	8.294029e-10	7.843723e-10	7.769156e-10	7.737834e-10	7.620967e-10	7.556081e-10	7.560759e-10	7.566056e-10	7.608291e-10	3.630888e-10	2.401867e-10	4.477707e-11
32	0.3340837	0.2593147	0.02606931	0.02015714	0.01249575	0.001396631	0.0002743539	9.380549e-05	1.512186e-05	8.423862e-06	6.110723e-06	1.94824e-06	1.376356e-06	5.874631e-08	4.408804e-09	3.310031e-09	1.977998e-09	9.470786e-10	5.636255e-10	5.526969e-10	5.128977e-10	5.10675e-10	5.149985e-10	5.19202e-10	5.252564e-10	5.399508e-10	5.597149e-10	5.858418e-10	2.185456e-10	1.462861e-10
33	0.238414	0.2300373	0.2253373	0.0112978	0.01081756	0.01056474	0.0004224162	0.0001065395	6.412647e-05	4.189152e-06	3.916876e-06	3.659848e-06	2.814031e-07	4.989066e-08	2.828215e-08	1.77104e-09	1.394138e-09	6.974112e-10	3.13727e-10	1.749267e-10	1.689878e-10	1.51479e-10	1.472865e-10	1.434028e-10	1.375705e-10	1.313683e-10	1.25858e-10	1.185329e-10	1.082266e-10	8.84046e-11
34	0.9263025	0.2378763	0.2295314	0.224911	0.01118408	0.01072035	0.01048582	0.000411138	0.0001048141	6.356077e-05	4.141399e-06	3.878819e-06	3.631572e-06	2.708415e-07	4.224262e-08	2.027707e-08	1.755973e-09	1.385588e-09	6.892703e-10	3.06867e-10	1.678564e-10	1.614465e-10	1.441571e-10	1.399388e-10	1.360918e-10	1.303227e-10	1.241989e-10	1.187409e-10	1.114963e-10	1.013609e-10
35	0.2965224	0.2132533	0.03398199	0.02315834	0.01499242	0.001586731	0.001040503	0.000674924	0.0002387494	3.804612e-05	9.605787e-06	1.009493e-06	7.570514e-07	5.112935e-07	1.837303e-07	2.826559e-08	1.305714e-08	1.30291e-09	1.052174e-09	4.547066e-10	2.049271e-10	1.08846e-10	1.039262e-10	9.137637e-11	8.859223e-11	8.623504e-11	8.334085e-11	7.965416e-11	7.662514e-11	7.262295e-11
36	0.1454978	0.1442623	0.144791	0.009933329	0.009459613	0.009095614	0.0002436446	0.0001799882	0.0001213812	3.723692e-05	6.437816e-06	2.429459e-06	1.401528e-07	1.05396e-07	6.999735e-08	1.983938e-08	3.099086e-09	1.813507e-09	9.635186e-11	7.05027e-11	5.111855e-11	2.61142e-11	1.834768e-11	1.843085e-11	1.766231e-11	1.735564e-11	1.695754e-11	1.644779e-11	1.580792e-11	1.514182e-11
37	0.8303224	0.1438053	0.1430154	0.1439181	0.009598953	0.009252346	0.008984014	0.0002215925	0.0001647944	0.0001114341	3.331674e-05	5.82176e-06	2.287162e-06	1.23305e-07	9.250985e-08	6.111859e-08	1.659558e-08	2.58147e-09	1.566682e-09	7.608973e-11	5.621047e-11	4.069734e-11	2.236892e-11	1.633398e-11	1.649793e-11	1.608584e-11	1.581723e-11	1.544369e-11	1.496476e-11	1.436504e-11
38	0.2939654	0.1155126	0.01311491	0.01040968	0.007819402	0.001577438	0.001028801	0.0005840178	0.0001217869	8.53746e-05	5.372761e-05	1.998949e-05	3.038827e-06	7.232805e-07	7.843329e-08	5.840082e-08	3.786749e-08	1.294697e-08	1.793907e-09	7.992878e-10	6.729609e-11	4.821051e-11	3.332525e-11	1.629473e-11	1.02153e-11	9.995369e-12	9.215181e-12	9.046318e-12	8.883185e-12	8.673783e-12
39	0.1306577	0.110927	0.08851871	0.00663863	0.005234791	0.003348423	0.0009164032	0.000657783	0.0003756187	8.106467e-05	5.820515e-05	3.579679e-05	1.317869e-05	1.972459e-06	4.783214e-07	4.927744e-08	3.656021e-08	2.30136e-08	7.478813e-09	9.977071e-10	4.522237e-10	3.879777e-11	2.787071e-11	1.957359e-11	9.884489e-12	6.635802e-12	6.649252e-12	6.228373e-12	6.105448e-12	5.961723e-12
40	0.1474342	0.1126395	0.1004003	0.08195245	0.00446147	0.003405177	0.002683914	0.000620402	0.0004574949	0.0003041886	6.28855e-05	4.538666e-05	2.832163e-05	1.010362e-05	1.490236e-06	3.685319e-07	3.61572e-08	2.653445e-08	1.64044e-08	5.056662e-09	6.370865e-10	2.963367e-10	2.60123e-11	1.864303e-11	1.35085e-11	7.115068e-12	5.14909e-12	5.22936e-12	4.97787e-12	4.88806e-12
41	0.4227767	0.1465909	0.112184	0.1000442	0.08165759	0.004427613	0.003378613	0.002661866	0.0006157187	0.0004544283	0.0003024243	6.246915e-05	4.509065e-05	2.812856e-05	1.003478e-05	1.479906e-06	3.661249e-07	3.588968e-08	2.633417e-08	1.627219e-08	5.012714e-09	6.308567e-10	2.935205e-10	2.578842e-11	1.848027e-11	1.339539e-11	7.061461e-12	5.116717e-12	5.197527e-12	4.948321e-12
42	0.9994936	0.4223781	0.1465434	0.1121678	0.1000333	0.08165002	0.004425567	0.003376878	0.002660396	0.0006152981	0.0004541024	0.000302168	6.245239e-05	4.507925e-05	2.812127e-05	1.003183e-05	1.479441e-06	3.660183e-07	3.587704e-08	2.632452e-08	1.626558e-08	5.010256e-09	6.3048e-10	2.933578e-10	2.577534e-11	1.847093e-11	1.338918e-11	7.058739e-12	5.11537e-12	5.19626e-12
43	0.9975043	0.9969408	0.4198087	0.1464741	0.1121613	0.100029	0.08164702	0.004424907	0.003376339	0.002659957	0.0006151755	0.000454017	0.0003021106	6.244614e-05	4.507502e-05	2.811856e-05	1.00307e-05	1.479265e-06	3.659778e-07	3.587224e-08	2.632086e-08	1.626307e-08	5.009321e-09	6.303368e-10	2.932959e-10	2.577035e-11	1.846736e-11	1.338681e-11	7.057685e-12	5.114837e-12
44	0.9954576	0.9928797	0.9922286	0.4154249	0.1427474	0.1121011	0.09998714	0.08161546	0.004417683	0.003370274	0.002654822	0.0006141689	0.0004533789	0.0003017601	6.238591e-05	4.503427e-05	2.809253e-05	1.001976e-05	1.477546e-06	3.655835e-07	3.582546e-08	2.628517e-08	1.623861e-08	5.000223e-09	6.289423e-10	2.926937e-10	2.5722e-11	1.843286e-11	1.336392e-11	7.0477e-12
45	0.4812445	0.4778117	0.4777043	0.4783654	0.2353803	0.0521002	0.03201797	0.02422175	0.007842123	0.00220565	0.00165288	0.0009866724	0.0003985706	0.000243255	0.0001168691	2.798486e-05	1.937544e-05	1.188103e-05	4.890317e-06	7.65513e-07	1.750415e-07	2.089194e-08	1.596314e-08	1.05801e-08	3.87002e-09	5.891495e-10	2.582976e-10	2.229624e-11	1.506317e-11	9.968088e-12
46	0.3905341	0.376248	0.3744977	0.3729963	0.3719989	0.1981869	0.03759316	0.01902798	0.0115314	0.007112583	0.001855156	0.001333815	0.0009225592	0.0003725685	0.0002235563	0.0001108746	2.576714e-05	1.757057e-05	1.123578e-05	4.629761e-06	7.219742e-07	1.658481e-07	1.950513e-08	1.484014e-08	1.010759e-08	3.707037e-09	5.650724e-10	2.473808e-10	1.959089e-11	1.398179e-11
47	0.9259696	0.3872035	0.3729608	0.371189	0.3696699	0.3686466	0.1956429	0.03745359	0.01894839	0.01147624	0.007071367	0.001849908	0.00133044	0.0009195113	0.0003719919	0.0002230191	0.0001104428	2.564306e-05	1.747793e-05	1.117695e-05	4.61131e-06	7.194657e-07	1.652347e-07	1.942905e-08	1.478001e-08	1.006336e-08	3.69876e-09	5.60857e-10	2.430034e-10	1.952743e-11
48	0.8568315	0.81066	0.3249151	0.3093758	0.3061787	0.3031702	0.3005844	0.1263582	0.03738508	0.01890194	0.01143843	0.007038691	0.001846143	0.001327402	0.0009165328	0.0003716659	0.0002226992	0.0001101593	2.557871e-05	1.742622e-05	1.113896e-05	4.60362e-06	7.183963e-07	1.649454e-07	1.939859e-08	1.475612e-08	1.004606e-08	3.696715e-09	5.604038e-10	2.425333e-10
49	0.9394666	0.8548148	0.8106345	0.324892	0.3093573	0.3061598	0.3031508	0.3005646	0.1263379	0.03736427	0.01890194	0.01143843	0.007038691	0.001846143	0.001327402	0.0009165328	0.0003716659	0.0002226992	0.0001101593	2.557871e-05	1.742622e-05	1.113896e-05	4.60362e-06	7.183963e-07	1.649454e-07	1.939859e-08	1.475612e-08	1.004606e-08	3.696715e-09	5.604038e-10
50	0.9519896	0.8912875	0.8137405	0.7801596	0.3155504	0.3008523	0.2979366	0.2952707	0.2929967	0.1227154	0.03637148	0.01823075	0.01098375	0.006719233	0.001798845	0.001299203	0.0008910466	0.0003660424	0.0002172969	0.0001057252	2.432942e-05	1.649822e-05	1.055901e-05	4.416387e-06	6.93379e-07	1.590862e-07	1.885841e-08	1.438529e-08	9.8465e-09	3.656481e-09
51	0.82053	0.814533	0.807249	0.7359258	0.7041565	0.3103177	0.2959048	0.294124	0.2915794	0.2895555	0.1217305	0.03606644	0.01806126	0.01087297	0.006658581	0.001783615	0.001288944	0.0008852641	0.0003637825	0.0002157246	0.0001048279	2.406157e-05	1.630035e-05	1.044412e-05	4.37363e-06	6.872025e-07	1.576935e-07	1.870511e-08	1.427285e-08	9.782958e-09
52	0.9366498	0.8153677	0.8093116	0.8025928	0.7313105	0.699515	0.3094397	0.2950321	0.2932432	0.2906913	0.2886585	0.1209255	0.03604029	0.01804445	0.01086152	0.006650422	0.001782368	0.001288162	0.0008845463	0.0003636437	0.0002155911	0.0001047175	2.402985e-05	1.627628e-05	1.042835e-05	4.36911e-06	6.865941e-07	1.57548e-07	1.869043e-08	1.426219e-08
53	0.9985987	0.9366423	0.8153605	0.8093046	0.8025859	0.7313042	0.6995104	0.3094363	0.295029	0.2932402	0.2906884	0.2886557	0.1209234	0.0360389	0.0180442	0.01086136	0.006650318	0.00178234	0.001288154	0.0008845395	0.0003636432	0.0002155909	0.0001047174	2.402978e-05	1.627622e-05	1.042829e-05	4.369068e-06	6.86586e-07	1.575462e-07	1.869022e-08
54	0.9999892	0.9985877	0.9366343	0.8153548	0.809299	0.8025804	0.7312992	0.6995062	0.3094334	0.2950263	0.2932376	0.2906859	0.2886533	0.1209217	0.03603784	0.01804398	0.01086121	0.006650222	0.001782314	0.001288146	0.0008845333	0.0003636428	0.0002155907	0.0001047173	2.402972e-05	1.627616e-05	1.042824e-05	4.369029e-06	6.865784e-07	1.575445e-07
55	0.9997757	0.9997607	0.9983549	0.9363982	0.8153476	0.809292	0.8025736	0.7312928	0.6995009	0.3094296	0.2950228	0.2932341	0.2906826	0.2886501	0.1209194	0.0360363	0.01804369	0.01086102	0.006650102	0.001782282	0.001288137	0.0008845255	0.0003636422	0.0002155904	0.0001047172	2.402965e-05	1.627609e-05	1.042818e-05	4.36898e-06	6.865691e-07
56	0.9748276	0.9741752	0.9737163	0.9722731	0.9114907	0.7994484	0.7931879	0.7862417	0.7148997	0.6829054	0.3061139	0.2917096	0.2898793	0.2872879	0.28521	0.1179087	0.03591656	0.0179774	0.01081548	0.006616606	0.001776593	0.001283955	0.0008812183	0.0003627465	0.0002149768	0.0001043378	2.393391e-05	1.620612e-05	1.038219e-05	4.354488e-06
57	0.9767135	0.9590423	0.9581028	0.9573464	0.9555943	0.8944932	0.7994371	0.7931767	0.7862309	0.7148897	0.6828967	0.306108	0.2917042	0.2898741	0.2872829	0.2852052	0.1179055	0.03591478	0.01797689	0.01081515	0.006616392	0.001776535	0.001283938	0.0008812044	0.0003627455	0.0002149763	0.0001043376	2.393378e-05	1.620599e-05	1.038208e-05
58	0.6801933	0.6537978	0.6464078	0.6545528	0.6633686	0.6715064	0.6342982	0.5883866	0.5882608	0.5853269	0.5412005	0.5182331	0.1949399	0.1817803	0.1777861	0.1729549	0.1684809	0.08638117	0.02925567	0.01269158	0.007963647	0.005187936	0.001407392	0.0009442931	0.0005994079	0.0002125537	0.0001205958	6.188482e-05	1.727135e-05	1.267463e-05
59	0.9539963	0.6499984	0.6238738	0.616983	0.6250588	0.6336781	0.6416875	0.6058854	0.5690537	0.5690953	0.5663951	0.5237646	0.5015257	0.1868949	0.1741406	0.1702015	0.1654493	0.1610369	0.08318115	0.02851621	0.01225673	0.007693691	0.005015735	0.001371804	0.000919517	0.0005805032	0.0002051626	0.0001153723	5.87495e-05	1.649751e-05
60	0.6661875	0.621013	0.5724345	0.5483711	0.5427662	0.5512552	0.5602812	0.5688889	0.541789	0.5146348	0.5152969	0.5131011	0.4774852	0.4591113	0.1642188	0.1520798	0.1480225	0.1431522	0.1386152	0.07345412	0.02312394	0.0107459	0.006761769	0.004378569	0.001098816	0.0006903923	0.0004494968	0.000151494	9.249739e-05	5.318754e-05
61	0.7076423	0.6638121	0.6187951	0.5704164	0.5464033	0.540777	0.549231	0.5582205	0.5667935	0.5398379	0.5135434	0.5142223	0.5120642	0.4765451	0.4582587	0.1636686	0.151583	0.1475522	0.1427105	0.1382033	0.07322129	0.02305253	0.01068926	0.00672473	0.004354564	0.001092411	0.000688521	0.0004479368	0.0001513881	9.244605e-05
62	0.8104354	0.5204565	0.4999166	0.4735194	0.4302377	0.4069233	0.4087991	0.4158822	0.4234655	0.430877	0.417549	0.397229	0.3976197	0.3953246	0.3788146	0.3672562	0.1171983	0.1061927	0.1020561	0.09715543	0.09254953	0.04398499	0.01234371	0.008295809	0.005234903	0.003288366	0.0005813119	0.000272113	0.0002293125	6.429038e-05
63	0.6139115	0.6055235	0.3136699	0.3007438	0.2798837	0.2613071	0.2522483	0.2533179	0.2578206	0.2625222	0.26702	0.2539505	0.2508541	0.2489126	0.2444863	0.2269765	0.2137712	0.1087644	0.09845343	0.09462291	0.09005532	0.08579556	0.04046001	0.01121639	0.007407152	0.004601162	0.002819311	0.0004664891	0.0002136709	0.0001746653
64	0.3939495	0.3843004	0.3759382	0.2601828	0.250215	0.2405683	0.2322859	0.224562	0.2266349	0.2306655	0.2348736	0.238908	0.2298853	0.2268358	0.2254975	0.2218272	0.2063667	0.1957061	0.09844442	0.08936419	0.08608051	0.08211589	0.07847347	0.03678802	0.01000787	0.006461955	0.004013027	0.00246967	0.0004117719	0.000194123
65	0.9980225	0.3939321	0.3842845	0.3759232	0.2601678	0.2502002	0.2405536	0.2322714	0.2245476	0.2266203	0.2306506	0.2348584	0.2388925	0.2298701	0.2268321	0.2254938	0.2218237	0.2063635	0.1957032	0.09844253	0.08936247	0.08607889	0.08211436	0.07847204	0.03678718	0.01000756	0.006461766	0.004012904	0.00246959	0.0004117506
66	0.8722538	0.8696639	0.3426445	0.3334233	0.3253734	0.2408847	0.2322252	0.2235493	0.2159234	0.2088236	0.2107633	0.2145153	0.2184323	0.2221907	0.213923	0.2111706	0.2099721	0.2066255	0.1923915	0.1825683	0.09136689	0.08298339	0.07994887	0.07626965	0.0729035	0.03427812	0.009269017	0.005951781	0.003693434	0.002272738
67	0.1223637	0.1190553	0.1197771	0.04407705	0.04412108	0.04425592	0.0440791	0.04361628	0.04241756	0.0419027	0.0415176	0.04202831	0.04278665	0.04357821	0.04438181	0.04450791	0.04470172	0.04518615	0.04557738	0.0449628	0.04451888	0.01418116	0.01356253	0.01332855	0.01282591	0.01256331	0.007500379	0.001181571	0.0003110002	0.0001606658
68	0.2409342	0.1126131	0.1127827	0.1134835	0.04090611	0.04094702	0.04108548	0.04093681	0.04045894	0.03924158	0.03870752	0.03829849	0.03876643	0.03946605	0.04019634	0.04093747	0.04106612	0.0412728	0.04170295	0.04204064	0.04143713	0.04100095	0.01324248	0.01263597	0.0123942	0.01190665	0.01163678	0.006846363	0.0010834	0.0002884393
69	0.9973291	0.2409147	0.1125976	0.1127678	0.1134685	0.04089587	0.04093665	0.041075	0.04092617	0.04044814	0.03923062	0.03869639	0.03828717	0.03875491	0.03945433	0.0401844	0.0409253	0.04105376	0.04127259	0.04170274	0.04204044	0.04143695	0.04100078	0.01324237	0.01263588	0.01239411	0.01190656	0.0116367	0.006846315	0.001083382
70	0.9510757	0.9485599	0.1920153	0.06324918	0.06270296	0.0629247	0.03710532	0.03709555	0.03718801	0.03697962	0.03645398	0.03518883	0.03460683	0.03413922	0.03455876	0.03518273	0.03583391	0.03649731	0.0366243	0.03684773	0.03747911	0.03811017	0.03805525	0.03807311	0.01135733	0.01090859	0.01062882	0.01010086	0.009788328	0.006534359
71	0.003279921	0.003015061	0.002842871	0.002458938	0.001879535	0.001882826	0.001903754	0.0005610263	0.0005636676	0.0005679009	0.0005718473	0.0005708155	0.0005650927	0.0005647122	0.0005663283	0.000570166	0.0005804478	0.0005911774	0.000602135	0.0006011195	0.0006020478	0.0006125255	0.0006232354	0.0006113928	0.0006111195	0.0002140472	0.0002130202	0.0002141901	0.0002134058	0.0002146071
72	0.00976898	0.001432677	0.001280499	0.001187079	0.001064723	0.0009568541	0.0009705042	0.0009843153	5.281271e-05	5.147441e-05	5.175347e-05	5.222063e-05	5.045864e-05	4.521655e-05	4.532155e-05	4.557319e-05	4.611121e-05	4.693254e-05	4.779064e-05	4.86617e-05	4.866912e-05	4.603664e-05	4.651971e-05	4.690309e-05	4.025334e-05	3.97743e-05	1.982535e-05	1.970164e-05	1.994073e-05	2.012962e-05
73	0.04909456	0.008368106	0.001336559	0.001205147	0.001117906	0.001005621	0.0009073192	0.0009203791	0.0009336457	3.298521e-05	3.144657e-05	3.154078e-05	3.178729e-05	2.990059e-05	2.455772e-05	2.455931e-05	2.463026e-05	2.493172e-05	2.537266e-05	2.583363e-05	2.629779e-05	2.625989e-05	2.357471e-05	2.364593e-05	2.35972e-05	1.7017e-05	1.639896e-05	8.230848e-06	7.986973e-06	8.032929e-06
74	0.06981799	0.04373476	0.006473789	0.001247329	0.001155387	0.001081061	0.0009883385	0.0009029003	0.0009159276	0.000929148	3.241419e-05	3.090627e-05	3.100181e-05	3.124738e-05	2.935804e-05	2.401169e-05	2.400956e-05	2.407569e-05	2.437408e-05	2.480938e-05	2.526458e-05	2.572314e-05	2.57028e-05	2.322425e-05	2.32933e-05	2.32419e-05	1.668023e-05	1.607097e-05	8.069866e-06	7.828048e-06
75	0.9935281	0.0696503	0.04360465	0.0064622	0.001246699	0.00115495	0.001080749	0.0009880996	0.0009027094	0.0009157345	0.0009289523	3.224363e-05	3.073348e-05	3.082672e-05	3.106961e-05	2.917757e-05	2.382837e-05	2.38233e-05	2.388637e-05	2.418142e-05	2.461321e-05	2.506479e-05	2.551958e-05	2.549589e-05	2.322118e-05	2.329027e-05	2.323896e-05	1.66778e-05	1.606876e-05	8.068454e-06
76	0.9609567	0.9611437	0.04602601	0.03239407	0.002869812	0.001077057	0.001056716	0.001010046	0.0009581257	0.0008996541	0.0009126818	0.0009259001	3.033775e-05	2.888867e-05	2.898059e-05	2.921176e-05	2.730299e-05	2.193321e-05	2.190668e-05	2.19468e-05	2.221269e-05	2.261143e-05	2.302878e-05	2.344897e-05	2.34365e-05	2.292492e-05	2.299508e-05	2.294631e-05	1.641669e-05	1.582966e-05
77	0.9655392	0.9605906	0.9608142	0.04574171	0.03213593	0.002857276	0.001075715	0.001055595	0.001009272	0.0009575642	0.0008992372	0.0009122604	0.0009254735	2.992462e-05	2.847047e-05	2.855714e-05	2.878197e-05	2.686683e-05	2.149032e-05	2.145681e-05	2.148969e-05	2.174751e-05	2.21378e-05	2.254638e-05	2.29575e-05	2.2937e-05	2.291657e-05	2.298686e-05	2.293838e-05	1.640956e-05
78	0.9912277	0.9578803	0.9543299	0.9549983	0.04111798	0.02802239	0.00161371	0.0002561513	0.0002295867	0.0001724704	0.0001096779	3.954656e-05	3.959109e-05	3.945229e-05	2.595067e-05	2.444412e-05	2.447964e-05	2.464191e-05	2.267355e-05	1.724316e-05	1.715558e-05	1.712652e-05	1.732883e-05	1.763955e-05	1.796503e-05	1.829405e-05	1.825474e-05	1.84063e-05	1.863186e-05	1.881814e-05
79	0.02186096	0.02117308	0.02034879	0.01986104	0.01993237	0.01314369	0.004720883	0.0001009516	2.211868e-05	2.115235e-05	2.025307e-05	1.918098e-05	1.819189e-05	1.836835e-05	1.855355e-05	8.646228e-06	8.729353e-06	8.798992e-06	8.895867e-06	8.935452e-06	8.947659e-06	8.984674e-06	9.061797e-06	9.159491e-06	9.324962e-06	9.497605e-06	9.674563e-06	9.692548e-06	9.745065e-06	9.922868e-06
80	0.02533553	0.01319077	0.0124998	0.01191102	0.01142777	0.0114746	0.004703388	0.004556271	8.574057e-05	2.051974e-05	1.982067e-05	1.932419e-05	1.868418e-05	1.800378e-05	1.821826e-05	1.840401e-05	8.520942e-06	8.609098e-06	8.689286e-06	8.785598e-06	8.83635e-06	8.859965e-06	8.904214e-06	8.981515e-06	9.084667e-06	9.248794e-06	9.420039e-06	9.595596e-06	9.625765e-06	9.677538e-06
81	0.0497239	0.02289066	0.01120481	0.01050645	0.009895799	0.009395153	0.009426148	0.002547731	0.002426823	6.026391e-05	1.094368e-05	1.024017e-05	9.632206e-06	8.913732e-06	8.113764e-06	8.202552e-06	8.269044e-06	4.567241e-06	4.606424e-06	4.644949e-06	4.678375e-06	4.684913e-06	4.664432e-06	4.665029e-06	4.678268e-06	4.739017e-06	4.826218e-06	4.917256e-06	5.010414e-06	5.030207e-06
82	0.1637129	0.0421589	0.02162434	0.01014341	0.009435493	0.008816114	0.008306236	0.008327008	0.001342483	0.001227681	5.038061e-05	6.527117e-06	5.803634e-06	5.149073e-06	4.408178e-06	3.559245e-06	3.587685e-06	3.603309e-06	2.168069e-06	2.174469e-06	2.18157e-06	2.17587e-06	2.149612e-06	2.094676e-06	2.061145e-06	2.03421e-06	2.060833e-06	2.099461e-06	2.139817e-06	2.181031e-06
83	0.9987786	0.1627778	0.0412707	0.02163636	0.01005655	0.009339407	0.008711543	0.008194357	0.00821404	0.001129788	0.001013673	4.948137e-05	5.896374e-06	5.15888e-06	4.486748e-06	3.728833e-06	2.858261e-06	2.877376e-06	2.885729e-06	1.747193e-06	1.747315e-06	1.748402e-06	1.735464e-06	1.702525e-06	1.640056e-06	1.599349e-06	1.564559e-06	1.584805e-06	1.615079e-06	1.646729e-06
84	0.9547579	0.9574178	0.1399552	0.02398528	0.01298161	0.008554739	0.008310052	0.008101278	0.007941284	0.007978327	0.0008083674	0.0007041304	3.362165e-05	4.303088e-06	3.882209e-06	3.329377e-06	2.765186e-06	2.056408e-06	2.076322e-06	2.092714e-06	1.29e-06	1.284478e-06	1.279106e-06	1.258459e-06	1.218194e-06	1.147474e-06	1.098803e-06	1.056032e-06	1.069069e-06	1.089886e-06
85	0.1549276	0.1538332	0.1531326	0.1165706	0.00845658	0.002515196	0.0008518614	0.0007240144	0.0006024307	0.0004781862	0.0004138932	0.000348326	0.0002467655	2.767914e-05	2.405774e-06	1.996421e-06	1.444362e-06	9.457419e-07	6.032116e-07	6.080755e-07	6.119235e-07	3.626535e-07	3.645051e-07	3.663159e-07	3.70265e-07	3.729996e-07	3.759797e-07	3.789904e-07	3.826958e-07	3.88475e-07
86	0.06078562	0.04532023	0.04315814	0.04124684	0.01199388	0.007116119	0.002104376	0.0006255133	0.0005077297	0.0003934812	0.0002760024	0.0002096078	0.0001432771	8.99978e-05	2.575736e-05	1.909327e-06	1.506787e-06	9.446208e-07	4.398838e-07	8.998325e-08	8.782018e-08	8.60283e-08	4.773934e-08	4.573317e-08	4.407431e-08	4.307682e-08	4.167691e-08	4.018807e-08	3.869603e-08	3.728447e-08
87	0.7356173	0.04168525	0.03665492	0.03491443	0.0337613	0.00729186	0.00394931	0.001928119	0.0005245147	0.0004153048	0.0003084431	0.0002029984	0.0001495927	9.743557e-05	5.495431e-05	1.398494e-05	1.73298e-06	1.479935e-06	9.29011e-07	4.272571e-07	7.738098e-08	7.515786e-08	7.323282e-08	4.20849e-08	4.018643e-08	3.847281e-08	3.739598e-08	3.591506e-08	3.435145e-08	3.279266e-08
88	0.6728624	0.5661176	0.04070928	0.0361729	0.03444514	0.03329975	0.007007225	0.003672077	0.001908568	0.0005233014	0.0004148806	0.0003085865	0.0002035021	0.0001496941	9.714159e-05	5.432588e-05	1.411261e-05	1.746277e-06	1.490653e-06	9.330157e-07	4.272948e-07	7.456517e-08	7.230809e-08	7.039212e-08	4.043528e-08	3.8711e-08	3.699e-08	3.590578e-08	3.439482e-08	3.27912e-08
89	0.9516225	0.6217796	0.5599199	0.0409937	0.0364324	0.03470893	0.03356777	0.007011698	0.003650736	0.001898807	0.0005246142	0.0004167341	0.0003107438	0.0002056481	0.0001510728	9.773929e-05	5.428154e-05	1.432394e-05	1.769402e-06	1.510055e-06	9.438672e-07	4.306184e-07	7.263639e-08	7.036308e-08	6.846656e-08	3.936285e-08	3.75954e-08	3.582671e-08	3.470225e-08	3.314493e-08
90	0.7959621	0.7469977	0.4609936	0.4013075	0.03163454	0.02932863	0.02758084	0.02638778	0.006588411	0.003337364	0.001723936	0.0004316021	0.0003349624	0.0002411151	0.0001534757	0.0001162205	8.087437e-05	5.185368e-05	1.375714e-05	1.318435e-06	1.052569e-06	5.764748e-07	2.772961e-07	6.594378e-08	6.36969e-08	6.184425e-08	3.615948e-08	3.434453e-08	3.250013e-08	3.12997e-08
91	0.3086859	0.284625	0.2761673	0.2244002	0.1751845	0.02742385	0.02553876	0.02429682	0.02357662	0.005036443	0.002175236	0.001115689	0.0003271203	0.0002643438	0.0002065066	0.0001434926	0.0001088741	7.332526e-05	4.400667e-05	1.368193e-05	1.267348e-06	9.989548e-07	5.286868e-07	2.380163e-07	3.536953e-08	3.347742e-08	3.239646e-08	1.916897e-08	1.749163e-08	1.578609e-08
92	0.05308982	0.04775088	0.04725933	0.04688017	0.0264879	0.02457055	0.01351898	0.01268622	0.01197184	0.01154552	0.002603632	0.0005852245	0.0003211943	0.0001634003	0.0001472473	0.0001310419	0.0001066158	8.140292e-05	5.526482e-05	3.397973e-05	1.274691e-05	6.283424e-07	3.550704e-07	2.584548e-07	1.045247e-07	2.427435e-09	2.33375e-09	2.241219e-09	1.360732e-09	1.067918e-09
93	0.3235285	0.01257185	0.009899657	0.00957221	0.009250374	0.005634754	0.004503614	0.001756562	0.001731937	0.001638822	0.001586691	0.0008885025	7.656222e-05	3.959834e-05	2.067688e-05	1.880225e-05	1.705663e-05	1.424019e-05	1.155076e-05	8.75627e-06	6.175582e-06	2.251832e-06	4.947072e-08	1.370555e-08	7.228286e-09	3.050495e-09	6.180868e-10	5.975832e-10	5.914663e-10	3.345184e-10
94	0.07270695	0.05254651	0.006523834	0.004995448	0.004858637	0.004847979	0.003521031	0.00273903	0.001217195	0.00119936	0.001147053	0.001121132	0.0007147214	3.81774e-05	1.902903e-05	9.435356e-06	8.586603e-06	7.781805e-06	6.578346e-06	5.338081e-06	4.050017e-06	2.673125e-06	9.726697e-07	2.926738e-08	8.72514e-09	5.30584e-09	2.225904e-09	3.683681e-10	3.620642e-10	3.61169e-10
95	0.5191203	0.07211705	0.05168847	0.006450078	0.004917211	0.004779377	0.004769244	0.003443636	0.002652076	0.001226784	0.001209029	0.0011568	0.001131112	0.0007231441	3.827728e-05	1.907581e-05	9.447499e-06	8.598923e-06	7.793827e-06	6.588939e-06	5.347126e-06	4.056738e-06	2.671828e-06	9.740311e-07	2.948743e-08	8.811162e-09	5.358788e-09	2.233874e-09	3.462469e-10	3.395484e-10
96	0.6966543	0.3644344	0.05784657	0.03819896	0.003346546	0.003056405	0.002924416	0.002915723	0.002397243	0.001629492	0.0006921324	0.0006849219	0.0006853901	0.0006896616	0.0006185717	1.005362e-05	4.020307e-06	2.52427e-06	2.341509e-06	2.163736e-06	1.882517e-06	1.573786e-06	1.251944e-06	6.346002e-07	2.173726e-07	5.661922e-09	2.873256e-09	2.075104e-09	9.606655e-10	2.287242e-10
97	0.5277926	0.3674698	0.2929174	0.02294773	0.02237409	0.001130673	0.0009989495	0.0009906366	0.0009896118	0.0008423857	0.0007876305	7.242249e-05	6.598542e-05	6.31069e-05	6.20143e-05	1.500451e-05	5.513723e-06	1.418912e-06	8.99376e-07	8.246355e-07	7.46307e-07	6.201185e-07	4.768371e-07	3.273622e-07	2.061171e-07	6.20074e-08	3.362579e-09	2.443133e-09	1.892913e-09	8.648827e-10
98	0.437201	0.2605317	0.2577262	0.2554258	0.01725288	0.01670637	0.0007992635	0.0007030502	0.0006970516	0.0006968481	0.0005950071	0.0005422274	5.485594e-05	4.901311e-05	4.727663e-05	4.687255e-05	7.430668e-06	1.783158e-06	9.631298e-07	6.154548e-07	5.616414e-07	5.026362e-07	4.083265e-07	3.016437e-07	1.902929e-07	9.957913e-08	2.778001e-08	2.831315e-09	2.342446e-09	1.835937e-09
99	0.1552672	0.09566345	0.08552581	0.08294758	0.08282967	0.01503586	0.01450299	0.0004786693	0.000418392	0.0004137353	0.000413575	0.0003813005	0.0003297126	6.908926e-06	6.200148e-06	6.025947e-06	5.957533e-06	3.486261e-06	2.992641e-07	1.064195e-07	7.284103e-08	6.909432e-08	6.567569e-08	5.975175e-08	5.309782e-08	4.576267e-08	3.898915e-08	6.447997e-09	1.803649e-10	1.023433e-10
100	0.4912451	0.07813541	0.07512518	0.06731035	0.06689095	0.06679888	0.01314996	0.01314646	0.0003474993	0.0003006397	0.0002973455	0.0002972532	0.0002736119	0.0002712664	3.23513e-06	2.657335e-06	2.518494e-06	2.455317e-06	7.181572e-07	2.102149e-07	6.976105e-08	4.806044e-08	4.584556e-08	4.388621e-08	4.014802e-08	3.603317e-08	3.135664e-08	2.769991e-08	4.153971e-09	1.253051e-10
101	0.2694005	0.1138708	0.0643696	0.06337542	0.05636048	0.05632667	0.05632363	0.01247071	0.01246923	0.0002701638	0.00023049	0.0002276744	0.0002276337	0.0002099563	0.0002080514	1.602629e-06	1.162158e-06	1.12856e-06	1.12336e-06	2.548459e-07	1.06538e-07	2.693995e-08	2.051612e-08	2.013695e-08	1.987159e-08	1.903963e-08	1.833129e-08	1.723418e-08	1.650613e-08	9.808664e-10
102	0.5561908	0.2051927	0.1020018	0.05206046	0.05108217	0.04615125	0.04611835	0.0461156	0.01185091	0.01184949	0.0002307768	0.0001944344	0.0001918225	0.0001917823	0.0001755761	0.0001738394	1.397776e-06	1.028917e-06	9.966416e-07	9.896907e-07	2.330755e-07	9.753996e-08	2.537809e-08	1.926141e-08	1.886856e-08	1.858949e-08	1.773904e-08	1.701458e-08	1.589476e-08	1.51864e-08
103	0.8313583	0.3943699	0.2008634	0.1004357	0.04970799	0.04901119	0.04417215	0.04413882	0.04413611	0.01177858	0.01177723	0.0002076944	0.0001732687	0.0001707622	0.000170722	0.0001553649	0.0001537212	1.249434e-06	9.225883e-07	8.915785e-07	8.851579e-07	2.106751e-07	9.140805e-08	2.357152e-08	1.797565e-08	1.762211e-08	1.737997e-08	1.659262e-08	1.594771e-08	1.490395e-08
104	0.7850102	0.7685641	0.3469307	0.1613863	0.08562255	0.03411585	0.0334413	0.03069265	0.03065898	0.03065624	0.002802733	0.002801431	0.0001716472	0.0001414095	0.0001391581	0.0001391184	0.0001255766	0.0001241425	1.074766e-06	8.103389e-07	7.810019e-07	7.728509e-07	1.925257e-07	8.109423e-08	2.174871e-08	1.651925e-08	1.613915e-08	1.587072e-08	1.504731e-08	1.436743e-08
105	0.9587159	0.7748633	0.7583893	0.3359993	0.1577883	0.08378456	0.03143574	0.03075406	0.02814987	0.02811573	0.02811295	0.002554765	0.002553495	0.0001440136	0.0001201714	0.0001180467	0.0001180068	0.0001054044	0.0001040779	9.512253e-07	7.28768e-07	6.989428e-07	6.901844e-07	1.792467e-07	7.525376e-08	2.044638e-08	1.566846e-08	1.529549e-08	1.503287e-08	1.420937e-08
106	0.4558088	0.4555161	0.2916857	0.2894985	0.03270995	0.02181165	0.01617137	0.005750034	0.005293223	0.004981297	0.004952799	0.004949988	0.0004727469	0.0004721658	3.803134e-05	3.369403e-05	3.322298e-05	3.318671e-05	2.953617e-05	2.927751e-05	4.983684e-07	4.355043e-07	4.132156e-07	4.003469e-07	1.29818e-07	2.933694e-08	1.252082e-08	8.50914e-09	8.054597e-09	7.65597e-09
107	0.3030165	0.2572579	0.2570202	0.09097808	0.08908056	0.008660334	0.005401342	0.003339199	0.001113026	0.0009854884	0.0009278901	0.0008994038	0.0008965524	8.991748e-05	8.940609e-05	9.807682e-06	8.989738e-06	8.909646e-06	8.873424e-06	7.227307e-06	7.148986e-06	3.650757e-07	3.487909e-07	3.248577e-07	3.102284e-07	1.118985e-07	2.116744e-08	1.096495e-08	7.089149e-09	6.610213e-09
108	0.3241633	0.2440685	0.2423074	0.2421592	0.07601047	0.07425504	0.003445426	0.002105027	0.0006699193	0.0005021366	0.0004498923	0.0004238739	0.0003951192	0.000392222	4.062442e-05	4.012524e-05	4.571372e-06	4.189462e-06	4.150455e-06	4.11367e-06	3.200531e-06	3.145355e-06	3.435602e-07	3.35604e-07	3.110284e-07	2.958954e-07	1.113499e-07	2.027778e-08	1.077134e-08	6.868937e-09
109	0.03008779	0.01345063	0.006320759	0.005619158	0.005469601	0.005415934	0.003643483	0.002577646	0.001533465	0.0002965023	0.0002619817	0.0002163101	0.0002023586	0.0002022227	0.0001992741	2.189978e-05	2.140461e-05	2.725963e-06	2.510801e-06	2.498498e-06	2.461085e-06	1.66818e-06	1.622989e-06	3.377483e-07	3.329403e-07	3.078818e-07	2.924187e-07	1.124349e-07	2.017473e-08	1.082691e-08
110	0.149513	0.02044147	0.00857948	0.00365203	0.003135423	0.003134075	0.003091629	0.002843021	0.001943304	0.0013938	0.0002173418	0.0001826277	0.0001385911	0.0001291783	0.0001290509	0.0001265606	1.48364e-05	1.433636e-05	2.024733e-06	1.872168e-06	1.864031e-06	1.826147e-06	1.048172e-06	1.005811e-06	3.400605e-07	3.365161e-07	3.110678e-07	2.953855e-07	1.141942e-07	2.041014e-08
111	0.5070901	0.113494	0.01254371	0.005626585	0.002890665	0.002620809	0.002619626	0.002584226	0.002334184	0.00161406	0.001162713	0.0001224121	9.000525e-05	4.538394e-05	4.225586e-05	4.213527e-05	3.959897e-05	6.591317e-06	6.111411e-06	1.36193e-06	1.285274e-06	1.281859e-06	1.243284e-06	5.231926e-07	4.849854e-07	3.171196e-07	3.151044e-07	2.918677e-07	2.776171e-07	1.099242e-07
112	0.03670467	0.01815706	0.01324911	0.006625948	0.003033757	0.001557439	0.001407855	0.001407677	0.001382561	0.001379052	0.000874404	0.0007383781	7.973123e-05	5.232546e-05	9.605122e-06	8.475651e-06	8.410153e-06	8.402507e-06	2.407178e-06	2.136716e-06	7.387038e-07	7.067388e-07	7.051921e-07	7.051887e-07	3.219122e-07	2.933774e-07	2.698985e-07	2.681995e-07	2.442687e-07	2.293e-07
113	0.1099681	0.01402748	0.004005266	0.003276025	0.001523186	0.0005802304	0.0003694101	0.0003468809	0.0003468616	0.0003444147	0.0003438887	0.0002940902	0.0002622458	4.792648e-05	4.529766e-05	3.195903e-06	2.750853e-06	2.749171e-06	2.74145e-06	3.385095e-07	3.315138e-07	7.820262e-08	7.459567e-08	7.433913e-08	7.433609e-08	5.582276e-08	3.779156e-08	2.591514e-08	2.427699e-08	2.462506e-08
114	0.03127164	0.009968837	0.001405662	0.0009894306	0.000883979	0.0004593757	0.0002084368	0.0001299006	0.0001212728	0.0001212654	0.0001204082	0.0001202685	0.0001011147	9.629759e-05	1.846747e-06	7.792458e-07	7.602383e-07	4.879822e-07	4.874935e-07	4.796269e-07	9.388681e-08	9.10783e-08	3.040104e-08	2.912183e-08	2.905386e-08	2.905092e-08	1.431199e-08	1.415421e-08	1.131894e-08	9.759463e-09
115	0.3254882	0.007322772	0.002235929	0.000216718	0.0001152365	5.539982e-05	2.326176e-05	9.456353e-06	3.13457e-06	2.512099e-06	2.511397e-06	2.488406e-06	2.475575e-06	1.677755e-06	1.256683e-06	2.197055e-07	2.032671e-07	1.985599e-07	1.750856e-07	1.750711e-07	1.670503e-07	1.710358e-08	1.705264e-08	2.488343e-09	2.336304e-09	2.326076e-09	2.323094e-09	1.835305e-09	1.809941e-09	1.735579e-10
116	0.5221963	0.2499384	0.006388742	0.001635259	0.0001534842	9.375505e-05	3.568866e-05	1.526057e-05	6.247842e-06	1.984015e-06	1.578358e-06	1.577821e-06	1.56386e-06	1.554117e-06	9.808797e-07	6.733079e-07	1.090281e-07	9.766583e-08	9.301697e-08	8.71959e-08	8.718583e-08	7.900138e-08	8.721099e-09	8.684134e-09	1.749874e-09	1.675544e-09	1.670145e-09	1.667105e-09	1.259882e-09	1.23844e-09
117	0.4783442	0.2966055	0.2479976	0.005229614	0.000978833	0.000130576	8.692259e-05	2.88781e-05	1.260726e-05	5.223629e-06	1.70849e-06	1.369436e-06	1.369071e-06	1.356791e-06	1.349986e-06	8.361847e-07	6.046034e-07	6.727378e-08	5.594555e-08	5.539433e-08	5.129151e-08	5.1284e-08	5.128384e-08	6.039073e-09	6.002556e-09	1.489835e-09	1.43945e-09	1.435557e-09	1.435549e-09	1.036884e-09
118	0.3819018	0.1857532	0.04977019	0.008945639	0.00461947	0.0004064096	0.0001170096	8.182459e-05	2.316388e-05	1.032113e-05	4.33732e-06	1.484214e-06	1.205504e-06	1.20519e-06	1.194268e-06	1.188425e-06	7.291114e-07	5.314587e-07	4.564058e-08	3.464407e-08	3.411629e-08	3.190664e-08	3.189982e-08	3.189968e-08	4.156114e-09	4.120481e-09	1.269374e-09	1.235802e-09	1.232954e-09	1.232949e-09
119	0.01007323	0.009705891	0.006104029	0.002996364	0.0006010542	0.0001897632	0.0001535168	6.304523e-05	6.134842e-05	2.454209e-06	7.034974e-07	2.713925e-07	7.443167e-08	5.611888e-08	5.609779e-08	5.564939e-08	5.530043e-08	3.228808e-08	2.011361e-08	3.516096e-09	3.180102e-09	3.166806e-09	2.932609e-09	2.93219e-09	2.932182e-09	4.484712e-10	4.474246e-10	7.87727e-11	7.387894e-11	7.323278e-11
120	0.03653547	0.00253345	0.002448457	0.001736151	0.000954674	0.000265306	8.886246e-05	7.836909e-05	6.191354e-05	6.11282e-05	1.242649e-06	2.233351e-07	7.704252e-08	1.961176e-08	1.437779e-08	1.43708e-08	1.425031e-08	1.415553e-08	8.417906e-09	4.918819e-09	1.495833e-09	1.442771e-09	1.439371e-09	1.322857e-09	1.322743e-09	1.322741e-09	2.150089e-10	2.148475e-10	2.267599e-11	2.006434e-11
121	0.3639064	0.02676559	0.001384722	0.001329091	0.0009917923	0.0005828644	0.000203999	7.733358e-05	7.149593e-05	6.282664e-05	6.220591e-05	1.050919e-06	1.386798e-07	4.290947e-08	1.065829e-08	7.776138e-09	7.77266e-09	7.698493e-09	7.647967e-09	4.729278e-09	2.807196e-09	1.142237e-09	1.124892e-09	1.123056e-09	1.038796e-09	1.038736e-09	1.038735e-09	1.713731e-10	1.713221e-10	1.245754e-11
122	0.3148931	0.09428308	0.0230148	0.001216391	0.001165572	0.0008568548	0.0004861221	0.0001403699	2.081369e-05	1.547884e-05	7.737246e-06	7.1588e-06	1.042765e-06	1.28623e-07	3.876637e-08	9.704739e-09	7.109855e-09	7.106615e-09	7.038621e-09	6.992902e-09	4.339688e-09	2.585396e-09	1.036881e-09	1.020251e-09	1.018542e-09	9.401265e-10	9.400687e-10	9.400676e-10	1.629364e-10	1.628875e-10
123	0.2953324	0.2838305	0.08386989	0.02136285	0.001088019	0.001040558	0.000762993	0.0004344686	0.0001237917	1.292669e-05	8.121484e-06	9.670525e-07	4.353066e-07	3.912232e-07	8.968333e-08	3.39903e-08	8.702642e-09	6.412972e-09	6.409999e-09	6.348465e-09	6.307745e-09	3.927302e-09	2.348071e-09	9.213513e-10	9.052339e-10	9.036567e-10	8.334479e-10	8.333929e-10	8.333919e-10	1.533168e-10
124	0.04271252	0.03728939	0.03695364	0.01598453	0.003864753	0.0002264317	0.0002189283	0.0001545625	8.543458e-05	2.340889e-05	2.701642e-06	1.747005e-06	1.864251e-07	6.153604e-08	5.276193e-08	2.039813e-08	7.585283e-09	1.899003e-09	1.392863e-09	1.39241e-09	1.375784e-09	1.367299e-09	8.958516e-10	5.7983e-10	2.996293e-10	2.98463e-10	2.980671e-10	2.786048e-10	2.785966e-10	2.785964e-10
125	0.01370356	0.01272832	0.01263258	0.0125323	0.005961714	0.0018877	8.961559e-05	8.586334e-05	5.500368e-05	3.248211e-05	1.156607e-05	1.232849e-06	9.047743e-07	8.860804e-08	2.306427e-08	1.897273e-08	6.519402e-09	2.5011e-09	7.179413e-10	5.615575e-10	5.614172e-10	5.527858e-10	5.501557e-10	4.005806e-10	2.928553e-10	1.598272e-10	1.594015e-10	1.591658e-10	1.482998e-10	1.482954e-10
126	0.002870993	0.0005562991	0.0005324312	0.0005224513	0.0005184834	0.0002643116	0.000100135	3.800556e-06	3.642041e-06	2.254507e-06	1.357265e-06	5.1996e-07	5.055901e-08	3.741564e-08	3.695322e-09	9.885676e-10	8.128485e-10	2.998869e-10	1.339077e-10	6.238015e-11	5.608817e-11	5.608264e-11	5.57137e-11	5.560991e-11	4.947682e-11	4.326938e-11	8.417165e-12	8.389265e-12	8.240089e-12	6.198696e-12
127	0.1977371	0.001824874	0.0004017685	0.0003860718	0.0003761971	0.0003732093	0.0001806487	5.71028e-05	2.723787e-06	2.602458e-06	1.660146e-06	9.851618e-07	3.537851e-07	3.781545e-08	2.798336e-08	2.741129e-09	7.04915e-10	5.77441e-10	1.970768e-10	7.632887e-11	2.29756e-11	1.831192e-11	1.830775e-11	1.803062e-11	1.795242e-11	1.326812e-11	8.040278e-12	5.108487e-12	5.08389e-12	4.931802e-12
128	0.09095096	0.08967136	0.0005596566	0.0002527057	0.0002461118	0.0002458355	0.0002438727	0.0001180638	3.787884e-05	1.791475e-06	1.715351e-06	1.090566e-06	6.467522e-07	2.346443e-07	2.503562e-08	1.856e-08	1.813327e-09	4.64965e-10	3.803679e-10	1.284951e-10	4.882027e-11	1.360085e-11	1.05274e-11	1.052466e-11	1.034657e-11	1.029506e-11	7.359917e-12	5.273999e-12	3.285729e-12	3.278006e-12
129	0.9870563	0.07388219	0.07283429	0.0003746561	0.0001635471	0.0001591101	0.000158921	0.0001576605	7.618404e-05	2.457729e-05	1.157352e-06	1.107978e-06	7.028646e-07	4.174271e-07	1.522032e-07	1.620998e-08	1.204071e-08	1.174239e-09	2.992795e-10	2.444229e-10	8.249509e-11	3.132927e-11	8.816153e-12	6.84485e-12	6.843086e-12	6.727427e-12	6.694347e-12	4.803591e-12	3.460449e-12	2.135285e-12
130	0.8633859	0.8529544	0.03891109	0.03805337	0.0001686941	7.313398e-05	7.094525e-05	7.080925e-05	7.026212e-05	3.357962e-05	1.099932e-05	5.125908e-07	4.903902e-07	3.088159e-07	1.842413e-07	6.821975e-08	7.245168e-09	5.418602e-09	5.263096e-10	1.322811e-10	1.075876e-10	3.595771e-11	1.361584e-11	3.832175e-12	2.977086e-12	2.97632e-12	2.924063e-12	2.909704e-12	2.079294e-12	1.490652e-12
131	0.8252406	0.8232968	0.8231952	0.002576391	0.002003187	1.210238e-05	3.85536e-06	3.570544e-06	3.56268e-06	3.550353e-06	7.578785e-07	2.370795e-07	1.144605e-08	1.096274e-08	6.983585e-09	4.048678e-09	1.463703e-09	1.565001e-10	1.159052e-10	1.135647e-11	2.91507e-12	2.385751e-12	8.132784e-13	3.144666e-13	9.370288e-14	7.44572e-14	7.443995e-14	7.30377e-14	7.271428e-14	4.987976e-14
132	0.9827565	0.8486451	0.8467363	0.8466444	0.00248096	0.001891622	8.683297e-06	1.074079e-06	9.257189e-07	9.207766e-07	9.139305e-07	4.208709e-07	1.383423e-07	6.486633e-09	6.208971e-09	3.865076e-09	2.303141e-09	8.529279e-10	9.057449e-11	6.774062e-11	6.582226e-12	1.655361e-12	1.345974e-12	4.524338e-13	1.739498e-13	5.245418e-14	4.180936e-14	4.179978e-14	4.113428e-14	4.09547e-14
133	0.03052665	0.02069734	0.003063987	0.001207278	0.001120466	0.001080161	0.0004864629	6.807501e-06	5.343022e-07	4.005359e-07	3.958484e-07	3.927747e-07	1.874286e-07	6.104575e-08	2.872429e-09	2.74877e-09	1.727854e-09	1.028325e-09	3.78914e-10	4.030147e-11	3.00811e-11	2.920229e-12	7.325291e-13	5.953266e-13	1.98864e-13	7.541709e-14	2.152503e-14	1.679809e-14	1.679379e-14	1.649604e-14
134	0.003225895	0.002713595	0.002463284	0.001854972	3.930616e-05	1.771309e-05	1.599637e-05	8.485124e-06	4.59711e-07	2.67309e-08	2.286941e-08	1.9336e-08	1.922139e-08	6.819096e-09	2.190247e-09	1.064289e-10	1.018851e-10	6.311634e-11	3.70667e-11	1.350278e-11	1.430379e-12	1.059909e-12	1.028348e-13	2.60396e-14	2.12955e-14	7.221295e-15	2.755233e-15	7.90072e-16	6.175221e-16	6.173605e-16
135	0.03402741	0.002485568	0.002323337	0.002190869	0.001883912	2.488338e-05	4.665163e-06	3.742799e-06	1.981418e-06	1.203817e-07	1.418569e-08	1.23474e-08	8.846995e-09	8.785251e-09	3.569096e-09	1.146977e-09	5.417726e-11	5.185383e-11	3.295773e-11	1.943384e-11	7.045946e-12	7.416368e-13	5.469175e-13	5.286414e-14	1.340297e-14	1.100287e-14	3.758867e-15	1.433573e-15	4.053003e-16	3.148782e-16
136	0.03654323	0.01698382	0.0003599096	0.0002700785	0.0001868663	2.417125e-05	2.256302e-05	1.978948e-06	1.374041e-06	1.26922e-06	1.107501e-07	9.21437e-09	8.608506e-09	4.996327e-09	4.959114e-09	2.048298e-09	6.481728e-10	3.011353e-11	2.87989e-11	1.870256e-11	1.11148e-11	3.956086e-12	4.131285e-13	3.007591e-13	2.893903e-14	7.395982e-15	6.122594e-15	2.128335e-15	8.127834e-16	2.25886e-16
137	0.0108206	0.003156575	0.001402264	5.544937e-05	4.03986e-05	1.504608e-05	1.547146e-06	1.134893e-06	1.026792e-06	7.353872e-07	6.346989e-07	1.074356e-07	6.08136e-09	5.55029e-09	1.815829e-09	1.803724e-09	4.908008e-10	1.341249e-10	6.214481e-12	5.941065e-12	4.389365e-12	2.556858e-12	7.638086e-13	7.413247e-14	4.628152e-14	4.238447e-15	1.221147e-15	1.113012e-15	4.638483e-16	1.83612e-16
138	0.9931715	0.009085672	0.001223434	0.0004945656	3.996911e-05	2.900148e-05	5.869439e-06	1.289715e-06	8.852176e-07	7.755214e-07	7.220597e-07	6.179432e-07	1.109749e-07	6.083221e-09	5.538349e-09	1.665843e-09	1.654864e-09	4.118975e-10	1.072075e-10	4.954045e-12	4.734824e-12	3.659737e-12	2.119341e-12	5.943049e-13	5.588069e-14	3.226577e-14	2.868047e-15	8.833505e-16	8.430304e-16	3.772971e-16
139	0.9992654	0.9921794	0.008916944	0.0008353638	0.0003208443	3.773872e-05	2.745391e-05	4.155229e-06	1.289798e-06	8.745303e-07	7.614419e-07	7.182628e-07	6.103699e-07	1.148432e-07	6.09523e-09	5.53394e-09	1.512671e-09	1.502978e-09	3.21971e-10	7.664802e-11	3.961172e-12	3.804217e-12	2.894788e-12	1.644231e-12	4.23622e-13	4.130252e-14	2.250217e-14	2.06216e-15	6.892026e-16	6.631484e-16
140	0.2648214	0.2647377	0.2627272	0.001190137	0.0002791288	0.0001218576	9.757393e-06	4.485865e-06	1.734012e-06	5.599617e-07	1.452208e-07	1.334498e-07	1.017716e-07	9.476459e-08	7.647175e-09	2.556284e-09	2.194716e-09	1.292963e-09	1.28471e-09	2.214919e-10	4.295846e-11	2.854341e-12	2.767466e-12	2.040741e-12	1.116619e-12	2.35982e-13	2.532667e-14	1.188883e-14	1.19415e-15	4.833335e-16
141	0.2376568	0.221636	0.2215493	0.2195208	0.000629809	0.0001402157	6.235999e-05	8.711918e-06	3.674252e-06	1.117034e-06	5.378037e-07	1.101957e-07	9.854098e-08	7.507137e-08	7.120382e-08	7.031377e-09	2.327072e-09	2.077993e-09	1.138861e-09	1.135561e-09	1.429038e-10	2.190721e-11	2.036171e-12	1.992084e-12	1.35542e-12	7.059498e-13	1.194175e-13	1.45988e-14	5.723936e-15	6.630928e-16
142	0.1646629	0.1427473	0.1352986	0.1352085	0.1344152	0.0002429128	2.381186e-05	9.427188e-06	3.518945e-06	2.723553e-06	2.809165e-07	1.879535e-07	7.463533e-08	6.428579e-08	4.867396e-08	4.677007e-08	6.159131e-09	1.777046e-09	1.687953e-09	7.566789e-10	7.545544e-10	7.453233e-11	4.347534e-12	1.119679e-12	1.111681e-12	7.54183e-13	3.620832e-13	2.375921e-14	5.695803e-15	6.645127e-16
143	0.2247021	0.1475891	0.1263394	0.1210129	0.1210124	0.1203885	0.0002036458	1.367726e-05	7.175834e-06	3.561879e-06	2.7487e-06	2.383925e-07	1.742948e-07	5.636899e-08	5.398251e-08	4.104321e-08	3.913979e-08	6.253297e-09	1.739882e-09	1.653016e-09	6.803507e-10	6.790539e-10	4.953824e-11	2.952345e-12	8.153548e-13	8.097771e-13	5.119428e-13	2.348268e-13	1.584384e-14	3.691335e-15
144	0.308925	0.1946087	0.1375623	0.1164795	0.1131325	0.113132	0.1124802	0.0001833725	1.046189e-05	5.941791e-06	3.674543e-06	2.831961e-06	2.087668e-07	1.6814e-07	4.474537e-08	4.235224e-08	3.515426e-08	3.321622e-08	6.424085e-09	1.743632e-09	1.655198e-09	6.362766e-10	6.354991e-10	3.129974e-11	1.866441e-12	5.950966e-13	5.912154e-13	3.145399e-13	1.411393e-13	9.555973e-15
145	0.7329496	0.2168056	0.1680219	0.1216658	0.1013457	0.09870154	0.098701	0.09802276	0.0001394566	9.543152e-06	5.668606e-06	3.836547e-06	2.95558e-06	2.069986e-07	1.712522e-07	4.175107e-08	3.928298e-08	3.301942e-08	3.101169e-08	6.602954e-09	1.71171e-09	1.625214e-09	5.554787e-10	5.548672e-10	2.455079e-11	1.27349e-12	4.225665e-13	4.196998e-13	2.453897e-13	1.108455e-13
146	0.3670311	0.3632684	0.1189315	0.09096464	0.07528687	0.05667866	0.05576144	0.05576142	0.0556622	5.429583e-05	3.681678e-06	3.00317e-06	2.355937e-06	1.511268e-06	1.587278e-07	1.435274e-07	9.363021e-09	6.966302e-09	5.256478e-09	5.217041e-09	4.529855e-10	4.230004e-10	4.159955e-10	4.158765e-10	4.157615e-10	6.299497e-12	3.38785e-13	1.00404e-13	9.976858e-14	4.695024e-14
147	0.0699472	0.05440441	0.05432325	0.02328109	0.01934357	0.008062523	0.007684106	0.007266859	0.007266859	0.007239569	1.583526e-05	2.220103e-06	1.967332e-06	1.524537e-06	1.446604e-06	2.061791e-08	7.483318e-09	7.437009e-09	4.935697e-09	3.643881e-09	3.617419e-09	6.072214e-11	4.410115e-11	4.154833e-11	4.14775e-11	4.145885e-11	2.960146e-12	1.203969e-13	5.47384e-14	5.443132e-14
148	0.08305307	0.03697824	0.02994045	0.02989429	0.009417001	0.005805371	0.004995816	0.004729729	0.004632515	0.004632514	0.004622822	1.090421e-05	2.09729e-06	1.93737e-06	1.512831e-06	1.511835e-06	1.545489e-08	3.687421e-09	3.665854e-09	3.2271e-09	2.369802e-09	2.353085e-09	3.830591e-11	2.761756e-11	2.597402e-11	2.593875e-11	2.592823e-11	6.674625e-13	8.663538e-14	3.531099e-14
149	0.3371562	0.02991861	0.01405734	0.01123288	0.01121611	0.002345912	0.002026241	0.001762065	0.001694767	0.001661317	0.001661317	0.001651084	4.824112e-06	1.684571e-06	1.63068e-06	1.601354e-06	1.600529e-06	1.156457e-08	1.588589e-09	1.570251e-09	1.107825e-09	8.221808e-10	8.163325e-10	1.356818e-11	9.847437e-12	9.257532e-12	9.243301e-12	9.239455e-12	2.305164e-13	1.967153e-14
150	0.2509801	0.1506214	0.005078224	0.003248581	0.002658136	0.002656999	0.0002075355	0.0001132917	9.095821e-05	8.792505e-05	7.852599e-05	7.852597e-05	6.779005e-05	1.526579e-07	2.655032e-08	2.288124e-08	9.570804e-09	9.517359e-09	9.491654e-09	3.71433e-11	2.014746e-11	1.990342e-11	1.291468e-11	1.281962e-11	4.625773e-13	3.923343e-13	3.647351e-13	3.642625e-13	3.639616e-13	1.457266e-14
151	0.7826348	0.2661578	0.1596905	0.004131527	0.002657346	0.002582065	0.002581353	0.0001406391	4.693632e-05	3.360385e-05	3.250618e-05	3.167771e-05	3.167769e-05	2.017587e-05	4.012356e-08	5.486782e-09	2.474589e-09	1.300148e-10	7.546188e-11	6.182567e-11	3.00732e-11	1.193117e-11	1.171601e-11	8.718408e-12	8.650976e-12	1.566691e-13	1.075937e-13	9.608997e-14	9.595173e-14	9.574246e-14
152	0.724507	0.7020924	0.2854581	0.1713894	0.004012839	0.002747918	0.002693521	0.002692979	0.0001295447	3.235841e-05	2.117186e-05	2.064942e-05	2.005823e-05	2.005821e-05	7.706516e-06	1.438511e-08	3.913781e-09	1.78519e-09	5.225022e-11	4.143451e-11	3.364099e-11	9.71584e-12	9.631458e-12	9.442546e-12	6.977937e-12	6.927348e-12	5.763884e-14	2.604627e-14	2.519364e-14	2.516537e-14
153	0.6589485	0.5773716	0.5628844	0.1836891	0.1823977	0.001216689	0.0002077479	0.0001628262	0.0001623802	0.000121349	1.806688e-05	7.871106e-06	7.455252e-06	6.969994e-06	6.969976e-06	6.969745e-06	1.10499e-08	2.296372e-09	1.042072e-09	3.45794e-11	2.799086e-11	2.336428e-11	7.804157e-12	7.751555e-12	7.719841e-12	5.702377e-12	5.661977e-12	4.542539e-14	2.010673e-14	1.954354e-14
154	0.6780005	0.4934419	0.4052496	0.3932827	0.1807343	0.1795969	0.0009498625	0.0001954416	0.0001563283	0.0001559238	0.0001185672	1.552461e-05	7.571033e-06	7.225179e-06	6.804094e-06	6.804076e-06	6.803863e-06	9.628197e-09	1.561004e-09	6.947265e-10	2.656714e-11	2.198354e-11	1.863897e-11	6.994894e-12	6.95264e-12	6.924382e-12	5.115734e-12	5.079499e-12	4.148703e-14	1.878423e-14
155	0.6371181	0.4544007	0.3104963	0.2145639	0.2057201	0.09480473	0.09390288	0.000639714	7.531937e-05	4.383656e-05	4.350551e-05	1.258954e-05	9.961582e-06	3.430666e-06	3.158668e-06	2.818649e-06	2.818629e-06	2.818449e-06	8.05855e-09	1.076219e-09	4.712422e-10	1.950264e-11	1.64114e-11	1.402354e-11	5.574346e-12	5.541696e-12	5.518812e-12	4.081827e-12	4.052923e-12	3.441638e-14
156	0.2092996	0.1973406	0.192259	0.09262085	0.08572423	0.08062442	0.001262185	0.0006444279	0.0003694168	5.320407e-05	3.046111e-05	3.021892e-05	7.106746e-06	5.819888e-06	2.72028e-06	2.528523e-06	2.284842e-06	2.284819e-06	2.284679e-06	4.906035e-09	4.875434e-10	1.999454e-10	1.094002e-11	9.660547e-12	8.433095e-12	3.85501e-12	3.834013e-12	3.817632e-12	2.827445e-12	2.807435e-12
157	0.4015152	0.1588531	0.1524662	0.1468479	0.08019337	0.07867976	0.07574695	0.0006899842	0.0002973066	0.0002167841	3.482245e-05	2.034512e-05	2.019175e-05	4.848192e-06	4.005257e-06	2.028006e-06	1.924915e-06	1.766666e-06	1.766641e-06	1.766541e-06	3.783848e-09	2.943671e-10	1.230308e-10	6.167136e-12	5.368689e-12	4.53289e-12	2.041389e-12	2.02797e-12	2.017665e-12	1.496479e-12
158	0.2758526	0.1714663	0.07663124	0.06981563	0.06341222	0.01189868	0.01114977	0.00986994	0.0003973683	0.0001713729	0.0001225926	2.128773e-05	1.30179e-05	1.293075e-05	3.287451e-06	2.741425e-06	1.590474e-06	1.514109e-06	1.423232e-06	1.423203e-06	1.423132e-06	3.050032e-09	1.545802e-10	6.524393e-11	2.368209e-12	1.928424e-12	1.375791e-12	6.298168e-13	6.22045e-13	6.162605e-13
159	0.1930352	0.1682122	0.09813058	0.03899847	0.03875785	0.03875186	0.003067184	0.002975243	0.002319349	5.784616e-05	3.459351e-05	1.811058e-05	7.32155e-06	5.758102e-06	5.746884e-06	1.574177e-06	1.339964e-06	1.123064e-06	1.075076e-06	1.054651e-06	1.054651e-06	1.054633e-06	2.306549e-09	3.326272e-11	1.019757e-11	6.11844e-13	5.422817e-13	2.900041e-13	1.443074e-13	1.429167e-13
160	0.5652508	0.09957099	0.0848836	0.0631088	0.04109407	0.0409242	0.04091895	0.001975466	0.001920385	0.001499585	2.750437e-05	1.388476e-05	1.120096e-05	5.075566e-06	4.05333e-06	4.046412e-06	1.092315e-06	9.324825e-07	8.178538e-07	7.838886e-07	7.717247e-07	7.717247e-07	7.717075e-07	1.489045e-09	2.159665e-11	5.873458e-12	4.167565e-13	3.764012e-13	1.987691e-13	9.773529e-14
161	0.1289173	0.1213474	0.0252842	0.01948517	0.01053649	0.001455712	0.001349035	0.001344312	0.0007615097	0.0007319306	0.0005863834	1.141247e-05	5.707212e-06	4.667763e-06	2.117077e-06	1.68972e-06	1.686752e-06	4.619847e-07	4.008412e-07	3.525644e-07	3.383634e-07	3.33294e-07	3.33294e-07	3.332775e-07	6.413629e-10	7.856375e-12	2.262912e-12	2.054311e-13	1.895323e-13	1.138297e-13
162	0.06207509	0.02335698	0.02213008	0.004966889	0.00384949	0.002113406	0.0003656031	0.0002840103	0.0002787655	0.0001510126	0.0001469619	0.0001132939	2.447618e-06	1.172212e-06	9.467499e-07	3.844167e-07	3.044683e-07	3.037766e-07	1.013875e-07	9.271449e-08	8.212448e-08	7.909562e-08	7.799653e-08	7.799653e-08	7.797739e-08	1.499501e-10	1.714454e-12	4.790955e-13	3.610148e-14	3.257746e-14
163	0.7994819	0.05645097	0.01936825	0.01819069	0.003898779	0.003019175	0.001620528	0.0002755823	0.0002671316	0.0002668954	0.000139706	0.0001356758	0.0001020105	2.351747e-06	1.102921e-06	8.809032e-07	3.212964e-07	2.531353e-07	2.524428e-07	1.003767e-07	9.272309e-08	8.226237e-08	7.927956e-08	7.819422e-08	7.819422e-08	7.818924e-08	1.503484e-10	1.715611e-12	4.786596e-13	3.605992e-14
164	0.9685146	0.7637331	0.05634973	0.01447593	0.01316027	0.002964891	0.002320226	0.001240329	0.0002960687	0.0002898666	0.0002897369	0.0001395271	0.0001347736	9.450686e-05	2.572377e-06	1.14705e-06	8.90754e-07	2.304595e-07	1.777079e-07	1.768805e-07	1.171934e-07	1.105358e-07	9.838289e-08	9.493987e-08	9.367978e-08	9.367978e-08	9.367934e-08	1.801277e-10	2.047451e-12	5.695833e-13
