#unpaired probabilities
 #i$	l=1	2	3	4	5	6	7	8	9	10	11	12	13	14	15	16	17	18	19	20	21	22	23	24	25	26	27	28	29	30	
1	0.9964276	NA	NA	NA	NA	NA	NA	NA	NA	NA	NA	NA	NA	NA	NA	NA	NA	NA	NA	NA	NA	NA	NA	NA	NA	NA	NA	NA	NA	NA
2	0.9995883	0.9960357	NA	NA	NA	NA	NA	NA	NA	NA	NA	NA	NA	NA	NA	NA	NA	NA	NA	NA	NA	NA	NA	NA	NA	NA	NA	NA	NA	NA
3	0.9648965	0.9642177	0.9619283	NA	NA	NA	NA	NA	NA	NA	NA	NA	NA	NA	NA	NA	NA	NA	NA	NA	NA	NA	NA	NA	NA	NA	NA	NA	NA	NA
4	0.9890365	0.9645244	0.9638952	0.9616178	NA	NA	NA	NA	NA	NA	NA	NA	NA	NA	NA	NA	NA	NA	NA	NA	NA	NA	NA	NA	NA	NA	NA	NA	NA	NA
5	0.9717653	0.9627463	0.9531602	0.952292	0.9508442	NA	NA	NA	NA	NA	NA	NA	NA	NA	NA	NA	NA	NA	NA	NA	NA	NA	NA	NA	NA	NA	NA	NA	NA	NA
6	0.9300575	0.9312772	0.9312596	0.923077	0.9231216	0.9219023	NA	NA	NA	NA	NA	NA	NA	NA	NA	NA	NA	NA	NA	NA	NA	NA	NA	NA	NA	NA	NA	NA	NA	NA
7	0.8764401	0.8666288	0.8743765	0.8759691	0.8684972	0.8686697	0.8675384	NA	NA	NA	NA	NA	NA	NA	NA	NA	NA	NA	NA	NA	NA	NA	NA	NA	NA	NA	NA	NA	NA	NA
8	0.6253709	0.6132943	0.6168108	0.6353342	0.647527	0.6433799	0.6443667	0.643573	NA	NA	NA	NA	NA	NA	NA	NA	NA	NA	NA	NA	NA	NA	NA	NA	NA	NA	NA	NA	NA	NA
9	0.2835488	0.219478	0.19892	0.1757673	0.1510633	0.1330622	0.1298564	0.1280795	0.1278828	NA	NA	NA	NA	NA	NA	NA	NA	NA	NA	NA	NA	NA	NA	NA	NA	NA	NA	NA	NA	NA
10	0.4304676	0.2796349	0.217546	0.1971206	0.1740595	0.1494327	0.1314782	0.12831	0.1266121	0.1264363	NA	NA	NA	NA	NA	NA	NA	NA	NA	NA	NA	NA	NA	NA	NA	NA	NA	NA	NA	NA
11	0.6102135	0.3607295	0.26993	0.2167828	0.1963627	0.1736823	0.1490378	0.1311031	0.1279383	0.1262411	0.1260659	NA	NA	NA	NA	NA	NA	NA	NA	NA	NA	NA	NA	NA	NA	NA	NA	NA	NA	NA
12	0.03147431	0.02925201	0.01530746	0.01139466	0.009331872	0.008489448	0.007521609	0.006472386	0.005712593	0.005574848	0.005501063	0.005491274	NA	NA	NA	NA	NA	NA	NA	NA	NA	NA	NA	NA	NA	NA	NA	NA	NA	NA
13	0.02274248	0.008545391	0.008912144	0.001701389	0.001091374	0.0008961806	0.0008191955	0.000721282	0.0006221863	0.0005501831	0.0005369169	0.0005297342	0.000528636	NA	NA	NA	NA	NA	NA	NA	NA	NA	NA	NA	NA	NA	NA	NA	NA	NA
14	0.5316477	0.01211223	0.005840272	0.006323324	0.000383168	7.70455e-05	5.729048e-05	5.370407e-05	4.139419e-05	3.643287e-05	3.258313e-05	3.181582e-05	3.138192e-05	3.123285e-05	NA	NA	NA	NA	NA	NA	NA	NA	NA	NA	NA	NA	NA	NA	NA	NA
15	0.05947501	0.01606357	0.009810009	0.004915192	0.005337908	0.0002891325	1.237006e-05	4.80889e-06	4.495234e-06	4.087206e-06	3.828245e-06	3.653301e-06	3.588477e-06	3.55157e-06	3.531477e-06	NA	NA	NA	NA	NA	NA	NA	NA	NA	NA	NA	NA	NA	NA	NA
16	0.1404307	0.03846289	0.01434043	0.009621848	0.004880386	0.005308104	0.0002795022	1.167299e-05	4.304177e-06	4.067077e-06	3.753692e-06	3.628231e-06	3.516677e-06	3.461322e-06	3.431568e-06	3.412646e-06	NA	NA	NA	NA	NA	NA	NA	NA	NA	NA	NA	NA	NA	NA
17	0.4249451	0.1389752	0.03840941	0.01433283	0.009620307	0.004879425	0.005307089	0.0002794568	1.166392e-05	4.295221e-06	4.057391e-06	3.752476e-06	3.627286e-06	3.516166e-06	3.460846e-06	3.431118e-06	3.412201e-06	NA	NA	NA	NA	NA	NA	NA	NA	NA	NA	NA	NA	NA
18	0.8443543	0.3050493	0.08491308	0.01837137	0.01175369	0.009331059	0.004841546	0.005279136	0.0002641917	1.086223e-05	3.674158e-06	3.533176e-06	3.456366e-06	3.438944e-06	3.407404e-06	3.362885e-06	3.34098e-06	3.323471e-06	NA	NA	NA	NA	NA	NA	NA	NA	NA	NA	NA	NA
19	0.1815234	0.1675384	0.1699539	0.07497353	0.01562792	0.01136848	0.009239596	0.00477778	0.005211272	0.0002609209	9.269742e-06	2.110382e-06	1.928446e-06	1.776089e-06	1.617013e-06	1.498794e-06	1.461686e-06	1.434067e-06	1.426543e-06	NA	NA	NA	NA	NA	NA	NA	NA	NA	NA	NA
20	0.2140971	0.1564318	0.1412093	0.1431386	0.0641356	0.008247603	0.004281325	0.00442631	0.004777214	0.005210661	0.0002602616	9.211316e-06	2.074315e-06	1.91823e-06	1.765328e-06	1.604862e-06	1.485612e-06	1.449612e-06	1.422384e-06	1.416089e-06	NA	NA	NA	NA	NA	NA	NA	NA	NA	NA
21	0.2879176	0.1720993	0.1376284	0.1243659	0.1262758	0.0598617	0.004410573	0.0003513549	0.0002155298	0.0002178873	0.0002369632	0.0002598563	8.896538e-06	1.760232e-06	1.59357e-06	1.422645e-06	1.229047e-06	1.091079e-06	1.056314e-06	1.027955e-06	1.024607e-06	NA	NA	NA	NA	NA	NA	NA	NA	NA
22	0.2821005	0.1888586	0.07858824	0.03925062	0.02054062	0.01634895	0.005433083	0.001377919	0.0001512327	1.911335e-05	5.231375e-06	4.975514e-06	4.670549e-06	3.924789e-06	1.75491e-06	1.591949e-06	1.421109e-06	1.227283e-06	1.089118e-06	1.054799e-06	1.026462e-06	1.023374e-06	NA	NA	NA	NA	NA	NA	NA	NA
23	0.4372792	0.2318995	0.1806578	0.07329404	0.03374914	0.01475162	0.0102242	0.005108722	0.001302361	0.0001472663	1.756367e-05	3.571545e-06	3.165349e-06	2.679965e-06	2.094763e-06	1.745968e-06	1.590265e-06	1.41951e-06	1.225437e-06	1.087101e-06	1.053154e-06	1.024999e-06	1.022211e-06	NA	NA	NA	NA	NA	NA	NA
24	0.8580965	0.4275249	0.2268843	0.1766423	0.07236701	0.03338263	0.0145736	0.01007103	0.005045925	0.001288803	0.0001456767	1.738372e-05	3.543452e-06	3.136751e-06	2.650583e-06	2.066471e-06	1.71942e-06	1.570287e-06	1.397248e-06	1.199292e-06	1.059888e-06	1.034463e-06	1.02082e-06	1.018924e-06	NA	NA	NA	NA	NA	NA
25	0.5052028	0.4829056	0.0831451	0.0644426	0.06500943	0.002680079	0.001168883	0.0005014718	0.0003464556	0.0001679632	3.712461e-05	4.543839e-06	5.236878e-07	8.723622e-08	7.22385e-08	5.464449e-08	3.446232e-08	3.369249e-08	3.444107e-08	3.604956e-08	3.901534e-08	4.092987e-08	4.067994e-08	4.067568e-08	4.011296e-08	NA	NA	NA	NA	NA
26	0.4364195	0.4386868	0.4166239	0.01478591	0.01141836	0.0100519	0.001928009	0.0007832404	0.0003240103	0.0002204552	9.974519e-05	1.199455e-05	1.347336e-06	1.622992e-07	3.710406e-08	3.406084e-08	3.14903e-08	2.869166e-08	2.887e-08	3.004077e-08	3.21391e-08	3.557719e-08	3.798252e-08	3.780064e-08	3.783135e-08	3.727407e-08	NA	NA	NA	NA
27	0.4665814	0.435966	0.4383496	0.4163735	0.01452808	0.01115251	0.01003158	0.001908215	0.0007816881	0.00032309	0.0002196701	9.941025e-05	1.191039e-05	1.336436e-06	1.603614e-07	3.672831e-08	3.369536e-08	3.113695e-08	2.8376e-08	2.866115e-08	2.996576e-08	3.205697e-08	3.548422e-08	3.787882e-08	3.770502e-08	3.773148e-08	3.718686e-08	NA	NA	NA
28	0.04771148	0.009089786	0.009174194	0.009299992	0.009264186	0.009085347	0.007057835	0.007104578	1.16221e-05	7.120098e-06	5.736256e-06	5.583159e-06	7.322195e-07	5.79137e-08	7.458513e-09	9.439967e-10	4.57636e-10	4.741244e-10	2.428203e-10	2.327207e-10	1.936102e-10	1.979986e-10	2.057895e-10	2.390016e-10	2.625528e-10	2.605421e-10	2.57809e-10	2.452204e-10	NA	NA
29	0.06961679	0.03592008	0.0005601967	0.0004508561	0.0002929863	0.0002772932	0.0002882795	0.0002950692	2.303248e-05	7.089229e-06	5.256216e-06	4.966052e-06	5.06157e-06	4.884073e-07	2.296518e-08	4.01473e-09	3.546333e-10	1.547423e-10	1.593253e-10	1.582668e-10	1.54414e-10	1.135792e-10	1.135068e-10	1.145429e-10	1.361897e-10	1.521244e-10	1.505215e-10	1.477397e-10	1.368691e-10	NA
30	0.6462134	0.03279187	0.001903773	0.0004339204	0.0003770774	0.0002793669	0.000269578	0.0002803175	0.0002868111	1.984563e-05	3.801886e-06	2.608235e-06	2.183635e-06	2.118243e-06	3.385868e-07	2.061336e-08	2.992976e-09	2.94274e-10	1.145466e-10	1.155725e-10	1.102331e-10	1.102386e-10	1.041816e-10	1.029621e-10	1.023216e-10	1.216107e-10	1.355586e-10	1.339277e-10	1.310437e-10	1.201991e-10
31	0.7706526	0.4537268	0.03162399	0.001640291	0.0002053854	0.0001461997	4.33464e-05	2.412968e-05	2.444113e-05	1.954398e-05	1.926347e-05	3.404473e-06	2.481809e-06	2.096216e-06	2.035733e-06	3.126822e-07	1.823267e-08	2.877246e-09	2.621992e-10	9.072338e-11	8.992918e-11	8.236421e-11	7.969729e-11	7.021983e-11	6.447144e-11	5.770938e-11	6.839172e-11	7.508958e-11	7.330195e-11	7.004658e-11
32	0.4569741	0.4280353	0.4121014	0.01516374	0.0005029947	2.110672e-05	1.186322e-05	3.411892e-06	1.86032e-06	1.867461e-06	1.844179e-06	1.771697e-06	1.761854e-06	1.718625e-06	1.764901e-06	1.811491e-06	2.083047e-07	4.070407e-09	1.241941e-09	3.224544e-11	9.873685e-12	9.747662e-12	8.991234e-12	7.808474e-12	6.090218e-12	5.577487e-12	4.988684e-12	5.72749e-12	6.169355e-12	5.999668e-12
33	0.3825552	0.3850386	0.3965905	0.4037957	0.008764534	4.125921e-05	3.603388e-06	1.015287e-06	2.941484e-07	2.1247e-07	1.97409e-07	1.733527e-07	1.200477e-07	1.012718e-07	7.275109e-08	6.544411e-08	2.217581e-08	1.265876e-08	1.081618e-09	1.096553e-10	1.343377e-11	3.397672e-12	3.303246e-12	2.579878e-12	1.791877e-12	9.438938e-13	8.583446e-13	7.616213e-13	6.911054e-13	6.326629e-13
34	0.7137324	0.3802856	0.3844617	0.3962034	0.4036471	0.008705014	4.003846e-05	3.094263e-06	8.135697e-07	2.435891e-07	1.836783e-07	1.695509e-07	1.46548e-07	9.47749e-08	7.693602e-08	6.00499e-08	5.330562e-08	9.666701e-09	2.681653e-09	7.500749e-10	9.763894e-11	1.087018e-11	3.1242e-12	3.05282e-12	2.355201e-12	1.677446e-12	8.510922e-13	7.810763e-13	7.029209e-13	6.212616e-13
35	0.4452797	0.4264646	0.379417	0.3841238	0.3959998	0.4036071	0.008702001	3.988503e-05	3.039424e-06	7.762998e-07	2.102903e-07	1.512461e-07	1.358382e-07	1.114843e-07	5.824505e-08	3.875495e-08	2.004631e-08	1.12825e-08	9.424123e-09	2.597854e-09	6.87941e-10	9.543547e-11	1.061251e-11	2.910291e-12	2.82868e-12	2.109301e-12	1.670391e-12	8.441582e-13	7.735324e-13	6.945173e-13
36	0.1459102	0.09602833	0.06776184	0.01970229	0.01412035	0.01407247	0.008959904	0.008692503	3.955763e-05	2.73358e-06	7.643849e-07	2.037868e-07	1.479517e-07	1.325409e-07	1.081117e-07	5.485612e-08	3.526146e-08	1.644737e-08	7.51821e-09	5.4469e-09	2.50208e-09	6.566719e-10	7.171477e-11	9.749785e-12	2.65245e-12	2.549167e-12	1.803759e-12	1.505343e-12	8.422728e-13	7.718935e-13
37	0.3441808	0.118063	0.08524185	0.05919796	0.01129027	0.006570935	0.006282585	0.0009160876	0.0003786717	3.949483e-05	2.682405e-06	7.211898e-07	1.714216e-07	1.152522e-07	9.852807e-08	7.285568e-08	5.369351e-08	3.433406e-08	1.578271e-08	6.949546e-09	4.866602e-09	2.461571e-09	6.477971e-10	7.056202e-11	9.51171e-12	2.605488e-12	2.49931e-12	1.750309e-12	1.49389e-12	8.305394e-13
38	0.5105599	0.2091587	0.09471982	0.07078329	0.04852251	0.006099733	0.001616244	0.001269072	0.000808981	0.0003173341	4.490605e-06	2.453824e-06	6.49276e-07	1.469659e-07	9.665793e-08	8.151881e-08	6.418201e-08	4.688893e-08	3.115351e-08	1.446615e-08	6.394339e-09	4.48134e-09	2.266574e-09	5.952657e-10	6.445491e-11	8.358997e-12	1.946482e-12	1.808346e-12	1.64382e-12	1.409272e-12
39	0.3776858	0.2409419	0.2061111	0.09204164	0.07040666	0.04846902	0.006074869	0.001605594	0.001258349	0.0007981641	0.0003171766	4.431472e-06	2.396664e-06	6.469058e-07	1.454051e-07	9.647783e-08	8.135516e-08	6.401905e-08	4.674672e-08	3.101087e-08	1.432641e-08	6.24902e-09	4.327968e-09	2.172675e-09	5.577184e-10	6.335481e-11	7.980324e-12	1.540844e-12	1.365895e-12	1.157193e-12
40	0.4133012	0.3757826	0.2394076	0.2053113	0.09147899	0.07010269	0.04842721	0.006066712	0.001604045	0.00125699	0.0007970305	0.0003169439	4.427407e-06	2.393938e-06	6.45986e-07	1.45224e-07	9.634811e-08	8.124147e-08	6.392481e-08	4.669326e-08	3.097621e-08	1.431658e-08	6.243876e-09	4.323716e-09	2.170938e-09	5.571754e-10	6.326465e-11	7.972281e-12	1.537236e-12	1.362128e-12
41	0.8411583	0.3479269	0.3207016	0.196071	0.1732663	0.068761	0.05684614	0.04469067	0.005453989	0.001444083	0.001132255	0.000707983	0.0002977936	4.187242e-06	2.272684e-06	5.847872e-07	1.204181e-07	7.677967e-08	6.616765e-08	5.253928e-08	3.894423e-08	2.637022e-08	1.315088e-08	5.862319e-09	4.064673e-09	2.04766e-09	5.355321e-10	6.154174e-11	7.689923e-12	1.398473e-12
42	0.2903042	0.2902663	0.05919249	0.04047326	0.03680454	0.02883085	0.02576176	0.02354138	0.02087357	0.0008242343	0.0004427373	0.0004215511	0.0002864767	0.0001328258	2.349478e-06	1.443662e-06	3.535467e-07	5.850818e-08	3.205439e-08	2.505276e-08	1.870847e-08	1.385226e-08	9.113891e-09	4.49203e-09	2.051824e-09	1.46107e-09	7.980461e-10	3.038336e-10	3.890281e-11	4.380427e-12
43	0.1870579	0.1692126	0.1683976	0.04441616	0.02960606	0.0276043	0.02464706	0.02303335	0.02155443	0.01965203	0.0004149298	0.0002027072	0.0001906442	6.647933e-05	2.716635e-05	5.777895e-07	2.812595e-07	7.525333e-08	1.622903e-08	1.065214e-08	8.721444e-09	5.623247e-09	4.170502e-09	2.388057e-09	9.996618e-10	4.323562e-10	3.058132e-10	1.640271e-10	5.825178e-11	7.286341e-12
44	0.09552823	0.05668105	0.03861866	0.0351565	0.0137217	0.01122571	0.009056663	0.006644744	0.004804245	0.002968877	0.001094885	0.0003387686	0.0001548777	0.0001486593	2.934013e-05	9.359749e-06	2.57616e-07	8.464989e-08	2.717585e-08	7.754234e-09	5.672226e-09	4.557678e-09	3.333582e-09	2.441038e-09	1.245043e-09	4.095415e-10	1.591669e-10	1.109688e-10	5.715166e-11	1.693654e-11
45	0.1493699	0.09109479	0.05514646	0.03772537	0.03426371	0.01347946	0.0109912	0.008939776	0.006537146	0.004702798	0.002873357	0.001005356	0.0002490624	0.0001546623	0.0001484684	2.917395e-05	9.29668e-06	2.566292e-07	8.394643e-08	2.685453e-08	7.717207e-09	5.645648e-09	4.535205e-09	3.314172e-09	2.43269e-09	1.239659e-09	4.075599e-10	1.583176e-10	1.103566e-10	5.682448e-11
46	0.9952332	0.1448331	0.09089337	0.05504705	0.03766224	0.03420763	0.01344818	0.01096381	0.008916253	0.006517743	0.004686817	0.00286824	0.00100393	0.0002488304	0.0001546014	0.0001484208	2.913986e-05	9.289459e-06	2.565381e-07	8.390026e-08	2.683104e-08	7.707654e-09	5.638117e-09	4.52941e-09	3.309797e-09	2.429715e-09	1.237893e-09	4.071182e-10	1.581741e-10	1.102591e-10
47	0.5340062	0.5438708	0.01266368	0.008948549	0.007231607	0.006438333	0.006375891	0.0009979582	0.0007430542	0.0006528828	0.0003433369	0.0002593347	0.0001764198	9.078122e-05	2.480752e-05	1.376241e-05	1.312611e-05	1.207138e-05	5.459925e-06	9.493742e-08	5.960882e-08	1.447731e-08	2.327681e-09	1.246241e-09	9.689674e-10	7.644906e-10	5.515712e-10	3.647978e-10	1.830596e-10	8.410519e-11
48	0.5283736	0.5219875	0.5329705	0.007384179	0.005465424	0.005256185	0.005200113	0.005292973	0.000463259	0.0002947602	0.0002921514	7.56929e-05	6.976436e-05	6.459136e-05	5.861256e-05	1.882693e-05	1.198352e-05	1.162949e-05	1.08599e-05	5.297212e-06	9.284025e-08	5.851224e-08	1.394671e-08	2.118396e-09	1.080869e-09	8.411404e-10	6.674819e-10	4.863723e-10	3.259157e-10	1.73205e-10
49	0.6712809	0.5266831	0.5215256	0.532517	0.007205361	0.005374024	0.005191441	0.005146448	0.005252229	0.0004539992	0.0002869561	0.0002856742	7.076969e-05	6.586627e-05	6.17174e-05	5.67903e-05	1.838769e-05	1.188231e-05	1.15562e-05	1.081462e-05	5.275361e-06	9.263906e-08	5.841107e-08	1.389947e-08	2.087764e-09	1.051e-09	8.109234e-10	6.370155e-10	4.836635e-10	3.241104e-10
50	0.1344662	0.06549148	0.01929382	0.01216364	0.01211652	0.006472124	0.004737149	0.004560229	0.004574441	0.004667995	0.0003444631	0.0002528509	0.0002515783	5.705882e-05	5.240905e-05	4.84426e-05	4.399519e-05	1.653232e-05	1.045968e-05	1.014763e-05	9.783284e-06	4.770135e-06	8.178149e-08	5.275219e-08	1.252745e-08	1.852875e-09	9.146896e-10	6.964181e-10	5.591443e-10	4.195228e-10
51	0.1506863	0.1201464	0.06039488	0.01765645	0.01065584	0.01057644	0.004967193	0.004733403	0.004557173	0.004571897	0.004665484	0.000343755	0.0002522039	0.0002512924	5.686381e-05	5.225188e-05	4.832835e-05	4.392496e-05	1.647412e-05	1.045469e-05	1.014266e-05	9.778327e-06	4.768611e-06	8.175517e-08	5.2732e-08	1.252053e-08	1.852263e-09	9.143024e-10	6.960762e-10	5.588287e-10
52	0.5656366	0.1495924	0.119694	0.05993338	0.01764471	0.01064465	0.01056501	0.004956005	0.004721966	0.00455715	0.004571875	0.004665462	0.0003437359	0.0002521846	0.0002512729	5.684409e-05	5.223185e-05	4.832795e-05	4.392481e-05	1.647409e-05	1.045468e-05	1.014265e-05	9.778324e-06	4.76861e-06	8.175515e-08	5.273199e-08	1.252053e-08	1.852261e-09	9.14302e-10	6.960759e-10
53	0.08270933	0.07839898	0.008454488	0.006569692	0.004512995	0.002165842	0.001479481	0.00146813	0.0003935535	0.0003539777	0.0001881584	0.0001403008	0.0001339884	3.826328e-05	3.361863e-05	3.019729e-05	2.290355e-05	1.94202e-05	1.632702e-05	1.316992e-05	2.583858e-06	5.539425e-07	3.912121e-07	2.289446e-07	9.279127e-08	1.022258e-09	4.569476e-10	1.261487e-10	3.321853e-11	2.388542e-11
54	0.3624698	0.02142152	0.01728013	0.006231712	0.005447688	0.003502386	0.00204252	0.001379295	0.001366461	0.0003792514	0.0003405283	0.0001749012	0.0001287665	0.0001222285	3.750692e-05	3.305843e-05	2.966006e-05	2.278116e-05	1.93111e-05	1.623253e-05	1.309042e-05	2.550089e-06	5.308362e-07	3.685396e-07	2.066748e-07	8.284829e-08	8.526128e-10	3.445663e-10	9.944441e-11	2.924016e-11
55	0.8089354	0.3537171	0.0203025	0.01621139	0.00581883	0.005213884	0.00327447	0.002028985	0.001370423	0.001357549	0.0003775751	0.0003390966	0.0001737138	0.0001277809	0.0001212444	3.736695e-05	3.294159e-05	2.957443e-05	2.273468e-05	1.9274e-05	1.620608e-05	1.30749e-05	2.545621e-06	5.287965e-07	3.666645e-07	2.049622e-07	8.213393e-08	8.403614e-10	3.364296e-10	9.741624e-11
56	0.8218428	0.7374667	0.3496569	0.01988081	0.01583259	0.005731189	0.005158921	0.003232031	0.002010753	0.00135996	0.001347178	0.0003748391	0.0003367408	0.0001723056	0.0001267207	0.0001202248	3.710704e-05	3.271775e-05	2.939294e-05	2.260588e-05	1.916703e-05	1.612405e-05	1.301839e-05	2.531905e-06	5.254492e-07	3.641231e-07	2.032268e-07	8.141576e-08	8.310237e-10	3.313775e-10
57	0.3818203	0.2722989	0.1992414	0.1270941	0.01031688	0.009145261	0.001477709	0.00136022	0.001015533	0.0004660436	0.0002458427	0.0002363951	8.905166e-05	7.498975e-05	4.018559e-05	2.760933e-05	2.4824e-05	1.300565e-05	1.17052e-05	1.035699e-05	8.172853e-06	6.26237e-06	4.970855e-06	3.652415e-06	2.311979e-07	4.094211e-08	2.324903e-08	6.149766e-09	2.163625e-09	3.739544e-11
58	0.506514	0.3435141	0.2350814	0.1632087	0.09355679	0.009090634	0.008297727	0.000878472	0.0008129377	0.0007186291	0.0002855927	0.0001027371	9.225018e-05	5.157568e-05	3.930666e-05	2.376196e-05	1.434616e-05	1.229205e-05	8.311569e-06	7.161818e-06	5.964808e-06	4.667903e-06	2.765067e-06	1.485355e-06	1.761647e-07	1.739718e-08	5.274959e-09	3.625947e-09	2.572498e-09	6.92911e-10
59	0.3125128	0.3074823	0.2091775	0.1013438	0.03396765	0.01935468	0.008049161	0.007951151	0.0006724826	0.0006229293	0.0005692852	0.0001555453	5.842938e-05	5.298391e-05	2.77182e-05	2.124157e-05	1.254744e-05	7.534544e-06	6.432356e-06	4.011146e-06	3.389672e-06	2.749105e-06	2.052862e-06	1.465202e-06	7.911738e-07	1.030591e-07	1.229173e-08	4.034054e-09	2.738507e-09	2.047263e-09
60	0.871385	0.312066	0.307035	0.2088736	0.1010396	0.0336612	0.01904394	0.008039956	0.007944179	0.0006656062	0.0006159183	0.0005692469	0.0001555067	5.83918e-05	5.294552e-05	2.76796e-05	2.120213e-05	1.254471e-05	7.531759e-06	6.429505e-06	4.008229e-06	3.386681e-06	2.746036e-06	2.04971e-06	1.461963e-06	7.911729e-07	1.030588e-07	1.229169e-08	4.034043e-09	2.738499e-09
61	0.1063157	0.1067104	0.05447276	0.05418805	0.02204705	0.0214167	0.02096738	0.008047047	0.007411475	0.007530777	0.0004184918	0.0004006465	0.0004019598	9.598243e-06	5.83255e-06	5.761059e-06	1.211659e-06	1.024882e-06	6.48146e-07	4.892281e-07	4.642659e-07	1.31175e-07	1.09598e-07	9.285195e-08	6.754061e-08	5.238964e-08	3.513949e-08	1.742923e-08	4.085135e-09	1.068687e-09
62	0.02625698	0.01502159	0.01442458	0.0133447	0.01330548	0.01338394	0.01357537	0.01375017	0.0009394528	0.0005245032	0.0005171932	0.0004086526	0.00039164	0.0003979515	7.096203e-06	4.38501e-06	4.349156e-06	7.261677e-07	6.003676e-07	3.677544e-07	2.631412e-07	2.437653e-07	8.16103e-08	6.818571e-08	5.627297e-08	4.257165e-08	3.190759e-08	1.976732e-08	7.300283e-09	1.508325e-09
63	0.2841737	0.02543167	0.01493578	0.01434738	0.01331889	0.01328319	0.01336209	0.01355335	0.01372811	0.0009172107	0.0005040514	0.0005067513	0.0003980227	0.0003915959	0.000397924	7.075666e-06	4.371118e-06	4.338642e-06	7.232423e-07	5.978344e-07	3.661892e-07	2.619724e-07	2.426523e-07	8.130799e-08	6.792801e-08	5.604688e-08	4.240364e-08	3.17675e-08	1.965902e-08	7.224514e-09
64	0.6568107	0.2687947	0.02432539	0.01405197	0.01380099	0.01329547	0.01326334	0.01334463	0.01353631	0.01371112	0.000900118	0.000491187	0.000493683	0.0003847205	0.0003915329	0.0003978735	7.031201e-06	4.351958e-06	4.319424e-06	7.180787e-07	5.931775e-07	3.639203e-07	2.602325e-07	2.410194e-07	8.069499e-08	6.734979e-08	5.553919e-08	4.196656e-08	3.13439e-08	1.924998e-08
65	0.5018591	0.2011356	0.04056716	0.005506171	0.001089744	0.0008585452	0.000517631	0.0004120739	0.0003285794	0.0003106469	0.000299278	0.0002895759	0.0001121448	0.0001111822	6.341818e-06	5.951703e-06	5.674841e-06	5.573709e-06	3.487831e-06	3.476551e-06	3.902419e-07	3.008083e-07	1.63049e-07	9.316932e-08	7.725049e-08	5.201019e-08	4.383638e-08	3.530015e-08	2.649846e-08	1.884245e-08
66	0.2745422	0.2704173	0.007239611	0.001657792	0.0004290254	0.0002182552	0.0001831238	0.0001175339	0.0001129005	0.0001110476	0.0001118104	0.0001127843	0.0001134916	0.0001048285	0.0001067098	2.905194e-06	2.747601e-06	2.755015e-06	2.767039e-06	2.691482e-06	2.746871e-06	1.97263e-08	1.17492e-08	6.908815e-09	4.527249e-09	4.024388e-09	1.864379e-09	1.497979e-09	1.206899e-09	8.800258e-10
67	0.5669769	0.1992765	0.1948477	0.00576862	0.001451237	0.0003831675	0.0002063882	0.0001727396	0.0001108914	0.0001070191	0.0001057567	0.0001066073	0.0001076028	0.0001083341	0.0001046893	0.0001065923	2.796206e-06	2.643041e-06	2.652918e-06	2.664943e-06	2.68515e-06	2.741078e-06	1.677062e-08	9.457795e-09	5.638758e-09	3.787248e-09	3.404175e-09	1.466509e-09	1.166414e-09	9.434261e-10
68	0.2943938	0.2504897	0.1845534	0.1808215	0.002285992	0.0007264099	0.0002793378	0.0001112493	7.64311e-05	1.463118e-05	9.846469e-06	7.057537e-06	6.193126e-06	5.503035e-06	5.125436e-06	4.15722e-07	3.260081e-07	2.884831e-07	9.045502e-08	7.105826e-08	6.237638e-08	3.004421e-08	2.835598e-08	1.604163e-08	8.810089e-09	5.031973e-09	3.198537e-09	2.807311e-09	1.363252e-09	1.14185e-09
69	0.6916877	0.2916072	0.2480687	0.1827508	0.1790983	0.002250176	0.0007117226	0.00027474	0.0001105333	7.583238e-05	1.422405e-05	9.502198e-06	6.763852e-06	5.909042e-06	5.223992e-06	4.851519e-06	2.25293e-07	1.338638e-07	9.331349e-08	8.435836e-08	6.51114e-08	5.643633e-08	2.479709e-08	2.304965e-08	1.085477e-08	8.624281e-09	4.930291e-09	3.140623e-09	2.759342e-09	1.331007e-09
70	0.6649275	0.6178192	0.2898167	0.2464652	0.1815939	0.1779618	0.002245841	0.0007110913	0.000274554	0.0001104946	7.579843e-05	1.421113e-05	9.492137e-06	6.755939e-06	5.90169e-06	5.216979e-06	4.844805e-06	2.235829e-07	1.322174e-07	9.174684e-08	8.27686e-08	6.501585e-08	5.634688e-08	2.473691e-08	2.299042e-08	1.080623e-08	8.57703e-09	4.92519e-09	3.137116e-09	2.756162e-09
71	0.5865548	0.5145407	0.4958006	0.2267979	0.2007014	0.1786171	0.1755117	0.002131345	0.0006760502	0.0002634645	0.0001074306	7.329086e-05	1.261843e-05	8.770951e-06	6.160756e-06	5.333661e-06	4.706089e-06	4.395133e-06	2.000603e-07	1.152784e-07	8.350067e-08	7.553812e-08	6.090928e-08	5.368711e-08	2.342254e-08	2.173522e-08	1.028151e-08	8.134038e-09	4.592714e-09	2.864092e-09
72	0.642564	0.5773592	0.5052465	0.4868505	0.2262969	0.200439	0.1783984	0.1754977	0.002127918	0.0006744385	0.0002629629	0.0001072908	7.326243e-05	1.260038e-05	8.760033e-06	6.152508e-06	5.326007e-06	4.699069e-06	4.388742e-06	1.997346e-07	1.150757e-07	8.334985e-08	7.540916e-08	6.082465e-08	5.362117e-08	2.338885e-08	2.170418e-08	1.026942e-08	8.124443e-09	4.586913e-09
73	0.9909638	0.6424975	0.577351	0.5052382	0.4868456	0.2262946	0.2004367	0.1783961	0.1754953	0.002125539	0.0006744382	0.0002629628	0.0001072907	7.326237e-05	1.260035e-05	8.759996e-06	6.152471e-06	5.325969e-06	4.699031e-06	4.388704e-06	1.997322e-07	1.150737e-07	8.334809e-08	7.540737e-08	6.082445e-08	5.362097e-08	2.338871e-08	2.170405e-08	1.026931e-08	8.124343e-09
74	0.9684271	0.9589586	0.6399898	0.5766161	0.5044929	0.486097	0.2255413	0.1996725	0.1776204	0.1747077	0.001325593	0.0006744373	0.0002629624	0.0001072905	7.32621e-05	1.260019e-05	8.75984e-06	6.152314e-06	5.325809e-06	4.698869e-06	4.388539e-06	1.997199e-07	1.150632e-07	8.333787e-08	7.539695e-08	6.082358e-08	5.362014e-08	2.338812e-08	2.170348e-08	1.026886e-08
75	0.8837892	0.8822161	0.871907	0.5668055	0.5044146	0.4987561	0.4814502	0.2242372	0.1992232	0.1774645	0.1745977	0.001217136	0.0005800009	0.0002271674	7.756015e-05	7.315801e-05	1.252731e-05	8.715545e-06	6.116407e-06	5.29164e-06	4.667305e-06	4.359808e-06	1.974463e-07	1.139599e-07	8.246835e-08	7.461413e-08	6.04355e-08	5.340101e-08	2.322425e-08	2.15539e-08
76	0.8289586	0.7627497	0.7612491	0.7519252	0.5008609	0.4641267	0.4595157	0.4508679	0.2050925	0.1939141	0.1764912	0.174164	0.0008218193	0.0004006586	0.000176732	7.446745e-05	7.068662e-05	1.124675e-05	7.871429e-06	5.372315e-06	4.563264e-06	3.966196e-06	3.689199e-06	1.71565e-07	9.738099e-08	7.057066e-08	6.378124e-08	5.450183e-08	4.954106e-08	1.998027e-08
77	0.5526591	0.5295553	0.5196173	0.5150442	0.5027821	0.2704976	0.2374648	0.229935	0.2188678	0.199256	0.188977	0.1717701	0.1739651	0.0006354198	0.0003127476	0.0001178952	2.103674e-05	1.668942e-05	1.106022e-05	7.716416e-06	5.23978e-06	4.435129e-06	3.84236e-06	3.569818e-06	1.649941e-07	9.244467e-08	6.645973e-08	6.160395e-08	5.317152e-08	4.860884e-08
78	0.5105831	0.4940288	0.483375	0.4742032	0.4695688	0.4579911	0.2436805	0.2141208	0.2068006	0.1990471	0.1796582	0.173508	0.1715576	0.1737816	0.0006002516	0.0002964506	0.0001105902	1.790715e-05	1.367542e-05	8.41484e-06	6.095723e-06	4.161426e-06	3.698651e-06	3.407243e-06	3.14438e-06	1.492654e-07	8.308474e-08	5.896839e-08	5.44072e-08	4.748455e-08
79	0.4477279	0.3209848	0.3088196	0.3007786	0.2941357	0.2882371	0.2759848	0.08156148	0.05226616	0.04365624	0.03487139	0.01346292	0.005317728	0.001080769	0.0007048073	0.000570287	0.0002777949	0.0001031063	1.694289e-05	1.279951e-05	7.67099e-06	5.537869e-06	3.80036e-06	3.39126e-06	3.125833e-06	2.891156e-06	1.371154e-07	7.685077e-08	5.48105e-08	5.067764e-08
80	0.5794699	0.4065541	0.2822907	0.2696348	0.261089	0.2539927	0.2475549	0.2347504	0.08146376	0.05218122	0.04357298	0.03478877	0.01338051	0.005234963	0.0009975076	0.0006203328	0.0004845259	0.000277741	0.0001030842	1.69397e-05	1.279664e-05	7.66868e-06	5.536207e-06	3.799306e-06	3.390352e-06	3.124996e-06	2.890396e-06	1.370773e-07	7.68298e-08	5.479523e-08
81	0.567643	0.5390882	0.3957663	0.270988	0.2581678	0.2494578	0.2422073	0.235606	0.2228071	0.0790617	0.05179767	0.04308438	0.03444129	0.01274309	0.005280804	0.001000173	0.0006191072	0.0004814518	0.0002717585	0.0001040595	1.707475e-05	1.286853e-05	7.667492e-06	5.502971e-06	3.73682e-06	3.319934e-06	3.050697e-06	2.813846e-06	1.342867e-07	7.536316e-08
82	0.6123647	0.5545113	0.5257242	0.3858257	0.2606424	0.2476265	0.2387504	0.2313439	0.2245758	0.2117771	0.07773559	0.05149985	0.04267839	0.03417878	0.01220863	0.005337521	0.001010578	0.0006253943	0.0004859576	0.0002734399	0.000105481	1.721238e-05	1.294246e-05	7.670304e-06	5.472008e-06	3.675372e-06	3.250217e-06	2.976677e-06	2.737189e-06	1.31533e-07
83	0.4480847	0.3990736	0.3779655	0.3470759	0.2465527	0.233798	0.221944	0.213031	0.2053262	0.1982395	0.1852665	0.0608293	0.03506044	0.02593267	0.01740246	0.01152924	0.005252782	0.0008951265	0.00057503	0.0004377623	0.0002672884	0.0001061541	1.721509e-05	1.29021e-05	7.664179e-06	5.433216e-06	3.609932e-06	3.177497e-06	2.901251e-06	2.660876e-06
84	0.02828501	0.02501028	0.02301606	0.02092086	0.02072514	0.01129219	0.01086806	0.01077962	0.01072288	0.01074326	0.01076863	0.01064513	0.003734038	0.003049605	0.002804487	0.001643659	0.001139848	0.0004136482	0.0001134542	7.628104e-05	6.722484e-05	3.198602e-05	7.905013e-06	6.158116e-07	2.13425e-07	1.525431e-07	1.234082e-07	1.022402e-07	9.772693e-08	9.46676e-08
85	0.01412313	0.008428011	0.006421502	0.006117185	0.005705917	0.005716446	0.002235497	0.002072528	0.002033704	0.001998004	0.001977632	0.001949455	0.001899596	0.0009739127	0.0008494641	0.0008122731	0.0006168943	0.0005259661	0.000153183	2.412727e-05	1.275799e-05	1.149879e-05	4.254442e-06	5.819621e-07	6.556161e-08	4.490505e-08	3.335032e-08	2.092666e-08	1.74212e-08	1.675023e-08
86	0.4475191	0.01346359	0.008174951	0.006156574	0.005862047	0.005456508	0.005464756	0.002042841	0.001925428	0.001884857	0.001847331	0.001825107	0.001794579	0.001744777	0.0009509434	0.0008500968	0.0008133473	0.0006198797	0.0005301156	0.0001533477	2.300267e-05	1.210346e-05	1.087794e-05	3.956367e-06	5.578012e-07	6.311025e-08	4.381617e-08	3.232478e-08	1.975386e-08	1.623536e-08
87	0.9848021	0.4255996	0.0132025	0.00810556	0.006066259	0.005770899	0.005358832	0.005365901	0.001911363	0.001790876	0.001748163	0.001708424	0.001684483	0.001651419	0.001601259	0.0009525387	0.0008590757	0.0008220184	0.0006292253	0.0005381562	0.0001558857	2.338814e-05	1.230805e-05	1.106477e-05	4.024216e-06	5.667627e-07	6.311113e-08	4.345317e-08	3.174584e-08	1.892052e-08
88	0.1363597	0.1249092	0.1033929	0.006256443	0.003761616	0.003694095	0.003613995	0.00360615	0.003629693	0.0009072621	0.0008425042	0.0008258581	0.0008086591	0.0007952438	0.0007765103	0.0007495749	0.0004527863	0.000412336	0.000399507	0.0003522376	0.0003075066	7.763406e-05	6.916567e-06	1.471222e-06	1.255823e-06	3.07338e-07	9.092426e-08	3.073389e-08	2.531873e-08	1.836794e-08
89	0.1456945	0.1224524	0.1114075	0.09238774	0.005620765	0.003612726	0.003549648	0.003471437	0.003463314	0.00348532	0.0007464013	0.0006865318	0.0006675764	0.0006479791	0.0006322257	0.0006107844	0.000583148	0.0004418126	0.0004096325	0.0003969073	0.0003533265	0.0003086368	7.798534e-05	6.782005e-06	1.39375e-06	1.182512e-06	2.952234e-07	8.988569e-08	3.019077e-08	2.474855e-08
90	0.9779616	0.1212177	0.1036844	0.1017244	0.08583814	0.005596021	0.003638391	0.00357629	0.003498154	0.003490447	0.003513162	0.0007421478	0.0006814588	0.0006621677	0.00064221	0.0006261703	0.0006043044	0.0005768142	0.0004475751	0.00041621	0.0004033981	0.000359252	0.0003138943	7.934562e-05	6.895472e-06	1.411417e-06	1.196609e-06	2.996843e-07	9.113899e-08	3.030901e-08
91	0.9660982	0.9659019	0.1140428	0.09791313	0.09617961	0.08102246	0.005112517	0.003561634	0.003500732	0.003423455	0.003415228	0.003437202	0.0007257207	0.0006694978	0.0006498376	0.0006294747	0.0006130328	0.0005906221	0.0005632003	0.0004454249	0.0004150176	0.0004021909	0.0003579163	0.000312436	7.978903e-05	6.913817e-06	1.408059e-06	1.192451e-06	2.982018e-07	9.120431e-08
92	0.255148	0.2494451	0.2494136	0.03430765	0.02758717	0.02706669	0.02362506	0.001089835	0.0002879609	0.0002743787	0.0002620087	0.0002544585	0.000248602	0.0001813962	0.0001616317	0.0001548434	0.0001480317	0.0001432649	0.0001370199	0.0001277498	5.061461e-05	3.604575e-05	3.521417e-05	3.256171e-05	3.155069e-05	2.314802e-06	2.414136e-07	8.344527e-08	6.190016e-08	2.000621e-08
93	0.2267946	0.2214211	0.2179136	0.2178888	0.02637587	0.0212778	0.02085467	0.01852027	0.0006192458	0.0002264688	0.0002154187	0.0002053534	0.0001980713	0.0001914441	0.000135969	0.0001247916	0.0001177109	0.0001105569	0.0001052989	9.846078e-05	8.930206e-05	2.561939e-05	1.207817e-05	1.113607e-05	8.961557e-06	8.406381e-06	9.193089e-07	1.162619e-07	5.776836e-08	3.922539e-08
94	0.146221	0.1402744	0.1380944	0.1368587	0.1368461	0.01910263	0.015311	0.01508594	0.01458816	0.0005232989	0.0001967969	0.0001885472	0.0001813202	0.0001746924	0.0001677861	0.0001195438	0.0001083737	0.000101258	9.404121e-05	8.847852e-05	8.125822e-05	7.237637e-05	2.116914e-05	8.651955e-06	7.677089e-06	6.59935e-06	6.050085e-06	5.379024e-07	8.232181e-08	4.067074e-08
95	0.2290774	0.1319541	0.1262059	0.1243421	0.123133	0.1231211	0.01546239	0.01248552	0.01228765	0.01185753	0.0004400124	0.0001729203	0.0001659711	0.000159841	0.0001538535	0.0001474937	0.0001038997	9.379519e-05	8.731187e-05	8.082473e-05	7.606831e-05	6.983108e-05	6.221677e-05	1.85678e-05	7.776228e-06	7.000809e-06	6.05424e-06	5.58458e-06	4.374981e-07	6.622048e-08
96	0.9977654	0.2170545	0.1201285	0.1143128	0.1124417	0.1112267	0.1112148	0.01534695	0.01239851	0.01220379	0.01179435	0.0004398525	0.0001731088	0.0001661583	0.0001600312	0.0001539753	0.0001475186	0.0001035755	9.331544e-05	8.672235e-05	8.012111e-05	7.528058e-05	6.892239e-05	6.118157e-05	1.845312e-05	7.556904e-06	6.76601e-06	5.834589e-06	5.351832e-06	4.39365e-07
97	0.7146016	0.7129113	0.1772924	0.09082727	0.08548285	0.08420352	0.08306698	0.08305686	0.009703	0.007406255	0.00727499	0.006996515	0.0002555083	9.591482e-05	9.167513e-05	8.771408e-05	8.595679e-05	8.39608e-05	5.407774e-05	4.839745e-05	4.652974e-05	4.498706e-05	4.551022e-05	4.61504e-05	4.572888e-05	1.157143e-05	5.114065e-06	5.004921e-06	4.433944e-06	4.241993e-06
98	0.9168631	0.6762064	0.6745201	0.1497895	0.07465829	0.06940974	0.06819989	0.0670675	0.06705764	0.009270287	0.007056071	0.006931533	0.006684917	0.0002405815	8.631055e-05	8.218973e-05	7.833939e-05	7.651785e-05	7.442434e-05	5.138589e-05	4.570572e-05	4.384816e-05	4.232094e-05	4.288842e-05	4.357337e-05	4.321571e-05	1.084225e-05	4.583675e-06	4.476938e-06	3.951471e-06
99	0.8695363	0.858702	0.618746	0.6173163	0.09775712	0.03633883	0.03122208	0.03016991	0.02909511	0.02908901	0.00761	0.005769288	0.005697684	0.005532829	0.00018778	5.536201e-05	5.179077e-05	4.837353e-05	4.872017e-05	4.905802e-05	3.168036e-05	2.841248e-05	2.864971e-05	2.89926e-05	2.940804e-05	2.992205e-05	2.948994e-05	5.537565e-06	2.360306e-06	2.315705e-06
100	0.8458214	0.8260285	0.8170116	0.5733994	0.5733509	0.08618306	0.02724751	0.02216405	0.02121818	0.02014956	0.02014832	0.00589691	0.004450626	0.004400267	0.004264062	0.000147413	3.649944e-05	3.342954e-05	3.063717e-05	3.090112e-05	3.134263e-05	2.408988e-05	2.084056e-05	2.10644e-05	2.137042e-05	2.170216e-05	2.209028e-05	2.173225e-05	3.704499e-06	1.855752e-06
101	0.7891554	0.7818262	0.768257	0.7607514	0.5133994	0.5133789	0.02458896	0.02170468	0.01662561	0.01577835	0.01473036	0.01472962	0.004188664	0.003145182	0.003114185	0.003001333	7.929184e-05	2.324851e-05	2.067921e-05	1.850997e-05	1.865567e-05	1.891674e-05	1.371867e-05	1.352021e-05	1.364179e-05	1.383808e-05	1.405376e-05	1.430721e-05	1.402132e-05	2.381166e-06
102	0.6481918	0.5158684	0.5088893	0.5023535	0.4995485	0.4992456	0.4992295	0.01160503	0.009709819	0.009548883	0.009406596	0.009378241	0.009377775	0.00221914	0.001668009	0.001649119	0.001605931	4.443883e-05	1.321423e-05	1.179632e-05	1.079468e-05	1.086619e-05	1.100514e-05	8.202277e-06	7.961381e-06	8.058159e-06	8.172512e-06	8.302247e-06	8.45588e-06	8.327003e-06
103	0.0122752	0.00706976	0.005931696	0.005887704	0.00425822	0.003740681	0.003725191	0.003723989	0.002273544	0.001403947	0.001365975	0.00133373	0.001322988	0.001322874	0.0004666386	0.0003496925	0.0003463727	0.0003275777	1.115467e-05	2.823404e-06	2.66976e-06	2.349608e-06	2.360648e-06	2.399791e-06	1.767108e-06	1.497136e-06	1.516898e-06	1.54026e-06	1.565926e-06	1.595334e-06
104	0.06727118	0.003182529	0.002541734	0.002490725	0.002482835	0.001879211	0.001667337	0.001659654	0.001658976	0.0008669846	0.0007434086	0.0007145546	0.0006963936	0.0006871665	0.0006870827	0.0002334172	0.000179576	0.0001776835	0.0001600262	4.418254e-06	1.511534e-06	1.426487e-06	1.195116e-06	1.188826e-06	1.20816e-06	8.508053e-07	8.491159e-07	8.585169e-07	8.708647e-07	8.854452e-07
105	0.05333897	0.04335594	0.0006069693	0.0004825388	0.0004705668	0.0004684883	0.0003372705	0.0003028642	0.0003014048	0.0003012228	0.0001295062	0.0001188351	0.0001166601	0.0001139429	0.0001071046	0.0001070574	2.274036e-05	2.188261e-05	2.136156e-05	8.988902e-06	4.994945e-07	3.000599e-07	2.896536e-07	2.79003e-07	2.739453e-07	2.787243e-07	2.311161e-07	2.271669e-07	2.29142e-07	2.315905e-07
106	0.008711697	0.003162696	0.001136632	0.0001388549	0.0001124099	0.0001095645	0.0001091382	6.849253e-05	5.905256e-05	5.871421e-05	5.86642e-05	1.817665e-05	1.435524e-05	1.336544e-05	1.172312e-05	9.757851e-06	9.74411e-06	3.554121e-06	3.486533e-06	3.341958e-06	2.104216e-06	1.818334e-07	1.294016e-07	1.22925e-07	1.132612e-07	1.101769e-07	1.12094e-07	6.654759e-08	6.300984e-08	6.360794e-08
107	0.8929885	0.004499286	0.001732373	0.0002902738	4.075211e-05	3.317306e-05	3.237871e-05	3.226414e-05	2.241417e-05	2.037053e-05	2.027957e-05	2.02674e-05	5.603821e-06	4.450572e-06	4.315238e-06	4.176544e-06	3.711434e-06	3.708078e-06	1.497703e-06	1.455296e-06	1.419976e-06	5.582466e-07	5.112183e-08	3.374717e-08	3.32475e-08	3.289197e-08	3.060295e-08	3.114253e-08	1.653659e-08	1.527004e-08
108	0.9350878	0.8945412	0.004011797	0.001567192	0.000153519	1.994591e-05	1.658982e-05	1.624565e-05	1.619395e-05	1.153543e-05	1.070079e-05	1.065323e-05	1.0649e-05	3.388733e-06	2.648164e-06	2.585711e-06	2.522228e-06	2.371721e-06	2.370507e-06	1.138419e-06	1.101075e-06	1.088637e-06	2.439756e-07	3.141434e-08	2.329628e-08	2.306679e-08	2.284075e-08	2.064422e-08	2.100755e-08	6.396977e-09
109	0.03327376	0.03016421	0.01463001	0.001218885	0.0009339349	4.15757e-05	6.465214e-06	5.605645e-06	5.547387e-06	5.534954e-06	4.001143e-06	3.774226e-06	3.758289e-06	3.757491e-06	1.250342e-06	9.940882e-07	9.704543e-07	9.398758e-07	9.192286e-07	9.189519e-07	6.031869e-07	5.794389e-07	5.769712e-07	8.596671e-08	1.415385e-08	1.067876e-08	1.056504e-08	1.038009e-08	9.096694e-09	9.249319e-09
110	0.06440753	0.01705534	0.01515303	0.009143214	0.0005508937	0.0004014122	1.958909e-05	2.450582e-06	2.089941e-06	2.04644e-06	2.038879e-06	1.516028e-06	1.403626e-06	1.396859e-06	1.396306e-06	5.942029e-07	4.94785e-07	4.843632e-07	4.630345e-07	4.491268e-07	4.489495e-07	1.91552e-07	1.791274e-07	1.774363e-07	6.029267e-08	4.514091e-09	2.455984e-09	2.377963e-09	2.229047e-09	1.906724e-09
111	0.9998349	0.06429443	0.01661669	0.01473208	0.009029803	0.0005173166	0.0003708504	1.853305e-05	2.230081e-06	1.890703e-06	1.847221e-06	1.842152e-06	1.37278e-06	1.265241e-06	1.258946e-06	1.258397e-06	5.608053e-07	4.693347e-07	4.595213e-07	4.383001e-07	4.244772e-07	4.243028e-07	1.659187e-07	1.540307e-07	1.523539e-07	5.978316e-08	3.982188e-09	1.979914e-09	1.902499e-09	1.752717e-09
112	0.2376948	0.2375777	0.01715338	0.005180406	0.004437113	0.003013192	0.0001559387	5.7394e-05	9.424145e-06	1.015407e-06	8.509967e-07	8.361225e-07	8.340619e-07	6.400254e-07	5.900491e-07	5.87311e-07	5.870629e-07	2.761828e-07	2.390273e-07	2.351664e-07	2.204423e-07	2.164763e-07	2.163901e-07	8.101608e-08	7.165253e-08	7.087258e-08	3.28505e-08	1.64589e-09	8.673167e-10	8.334349e-10
113	0.255043	0.2138481	0.2137321	0.01158736	0.004285398	0.003630601	0.002646137	0.0001146026	2.255616e-05	7.959471e-06	7.490714e-07	6.166798e-07	6.034065e-07	6.016618e-07	4.547341e-07	4.121079e-07	4.099336e-07	4.097621e-07	2.202674e-07	1.917221e-07	1.887893e-07	1.751405e-07	1.717129e-07	1.716798e-07	4.954714e-08	4.219302e-08	4.169633e-08	2.82326e-08	1.165161e-09	5.497129e-10
114	0.227091	0.1883492	0.1781856	0.1780829	0.003663355	0.002718153	0.002202371	0.001720218	7.910204e-05	6.88272e-06	4.296243e-06	2.10348e-07	1.572846e-07	1.509575e-07	1.500949e-07	1.152431e-07	1.063706e-07	1.058133e-07	1.057663e-07	6.00928e-08	5.18835e-08	5.098143e-08	4.933659e-08	4.900377e-08	4.899842e-08	1.054151e-08	8.804166e-09	8.685337e-09	7.741705e-09	3.069685e-10
115	0.7635075	0.2058412	0.1905425	0.1805275	0.1805228	0.003580435	0.00269755	0.002174011	0.0017051	7.917237e-05	6.536049e-06	4.212977e-06	1.913075e-07	1.40824e-07	1.346389e-07	1.33792e-07	1.024935e-07	9.491133e-08	9.438674e-08	9.43515e-08	5.319608e-08	4.550125e-08	4.467771e-08	4.363195e-08	4.339194e-08	4.338849e-08	9.61363e-09	8.017349e-09	7.912448e-09	7.237039e-09
116	0.7372098	0.7265383	0.1989361	0.1841771	0.1834916	0.1834872	0.003143321	0.002725706	0.002192007	0.001722286	8.023719e-05	6.550896e-06	4.231355e-06	1.847587e-07	1.352248e-07	1.290334e-07	1.281841e-07	9.813328e-08	9.09668e-08	9.044678e-08	9.041304e-08	5.077516e-08	4.355459e-08	4.282407e-08	4.196389e-08	4.173737e-08	4.173405e-08	9.037183e-09	7.58116e-09	7.480735e-09
117	0.9999555	0.7330063	0.7221103	0.2027795	0.1878783	0.1872141	0.1872098	0.003180938	0.002764397	0.002219572	0.001746887	8.167634e-05	6.638366e-06	4.275321e-06	1.819582e-07	1.323249e-07	1.260769e-07	1.254319e-07	9.58967e-08	8.886912e-08	8.834531e-08	8.831239e-08	4.964494e-08	4.26089e-08	4.189048e-08	4.105899e-08	4.082953e-08	4.082622e-08	8.579185e-09	7.252768e-09
118	0.3980498	0.398049	0.3541847	0.3522522	0.009194921	0.006253339	0.005724389	0.005721097	0.002162371	0.001809386	0.00179818	0.001719704	7.987888e-05	4.5073e-06	4.095881e-06	1.388173e-07	9.375755e-08	8.81566e-08	8.766444e-08	6.594945e-08	6.089286e-08	6.048186e-08	6.045699e-08	3.7775e-08	3.373736e-08	3.337846e-08	3.30097e-08	3.295523e-08	3.295359e-08	6.274562e-09
119	0.3526262	0.3452999	0.3452993	0.3075718	0.3060771	0.007739142	0.005216616	0.004816934	0.004814019	0.001881862	0.001751689	0.001742051	0.001677348	2.040849e-05	4.490286e-06	4.095292e-06	1.27863e-07	8.427401e-08	7.875556e-08	7.827554e-08	5.9144e-08	5.469046e-08	5.428947e-08	5.426746e-08	3.498946e-08	3.166504e-08	3.136452e-08	3.105957e-08	3.101308e-08	3.101165e-08
120	0.9999418	0.3378713	0.330708	0.3307074	0.2937887	0.2923289	0.007278621	0.00489729	0.004529632	0.004526868	0.001890682	0.001768644	0.001759565	0.001701842	2.051163e-05	4.534231e-06	4.138072e-06	1.235903e-07	8.004669e-08	7.448108e-08	7.400128e-08	5.562966e-08	5.135634e-08	5.095392e-08	5.093305e-08	3.330581e-08	3.028117e-08	3.000357e-08	2.972184e-08	2.967571e-08
121	0.225404	0.2253783	0.1388688	0.1359457	0.1359453	0.1210106	0.1208893	0.002843025	0.001561465	0.001434676	0.001433041	0.0002776074	0.0002198805	0.0002156585	0.0001895956	1.605914e-05	8.797044e-07	5.520405e-07	8.923111e-08	5.164081e-08	4.677206e-08	4.637636e-08	3.759334e-08	3.552476e-08	3.517083e-08	3.51585e-08	2.548255e-08	2.427503e-08	2.417172e-08	2.409038e-08
122	0.2049482	0.2010139	0.2009921	0.1155024	0.1130724	0.113072	0.09940348	0.09929286	0.001792028	0.0008057893	0.000750648	0.0007490987	0.0002038005	0.0001604751	0.0001571594	0.0001455992	3.722815e-06	7.643649e-07	4.457749e-07	5.191015e-08	4.21364e-08	3.723293e-08	3.683748e-08	2.878673e-08	2.689537e-08	2.654208e-08	2.653037e-08	2.033421e-08	1.977397e-08	1.972021e-08
123	0.1363849	0.1354762	0.1316408	0.1316265	0.08897907	0.08696909	0.08696897	0.07648882	0.07640172	0.0008576172	0.0005244277	0.0004839213	0.0004826964	0.0001087077	7.630086e-05	7.371674e-05	6.614236e-05	1.693013e-06	3.399696e-07	2.55393e-07	3.257936e-08	2.626329e-08	2.189375e-08	2.15119e-08	1.527703e-08	1.380806e-08	1.34612e-08	1.345192e-08	9.37271e-09	8.955613e-09
124	0.1283437	0.1130785	0.1122476	0.1083276	0.1083171	0.0648412	0.06383276	0.06383266	0.05609749	0.05602596	0.000625845	0.0003842957	0.0003565937	0.0003557209	7.68157e-05	5.355998e-05	5.162292e-05	4.625378e-05	1.203975e-06	2.586171e-07	1.815e-07	2.442323e-08	2.08252e-08	1.648555e-08	1.610718e-08	1.161366e-08	1.054917e-08	1.020189e-08	1.019528e-08	6.562312e-09
125	0.9910537	0.1121048	0.09818489	0.09737807	0.09336033	0.0933524	0.04885122	0.04808865	0.04808857	0.0422418	0.04220722	0.0004889712	0.0003076859	0.0002869919	0.0002863677	6.603238e-05	4.871885e-05	4.721614e-05	4.309643e-05	1.106909e-06	2.281724e-07	1.519708e-07	2.12277e-08	1.829041e-08	1.392814e-08	1.39024e-08	1.060266e-08	9.81507e-09	9.464383e-09	9.459663e-09
126	0.7416747	0.7416253	0.08699097	0.07529404	0.07481616	0.07474531	0.0747404	0.02964676	0.02917057	0.02917051	0.02607109	0.02605114	0.0003368213	0.0002247001	0.0002116357	0.0002112751	5.407175e-05	4.329095e-05	4.252773e-05	3.975464e-05	9.991717e-07	1.909758e-07	1.16112e-07	1.348844e-08	1.126033e-08	1.107694e-08	1.106037e-08	9.117367e-09	8.674893e-09	8.665655e-09
127	0.7567477	0.7328386	0.7328029	0.07209917	0.06019401	0.05973206	0.05966004	0.05965773	0.01341589	0.01318897	0.01318892	0.01202347	0.01201589	0.0001980803	0.0001471708	0.0001412172	0.0001411094	4.321843e-05	3.846403e-05	3.814861e-05	3.664245e-05	9.030952e-07	1.606529e-07	8.654208e-08	1.049265e-08	8.932317e-09	8.834988e-09	8.829049e-09	8.099849e-09	7.939785e-09
128	0.1154189	0.1105802	0.109354	0.1093508	0.01378586	0.003465474	0.003192187	0.003187792	0.003187259	0.003137126	0.003069191	0.003069184	0.002863421	0.002861984	2.468063e-05	1.521634e-05	1.437796e-05	1.43761e-05	7.586309e-06	6.77409e-06	6.719776e-06	6.526851e-06	1.490485e-07	1.622321e-08	1.373068e-08	1.381573e-09	1.113069e-09	1.078303e-09	1.077493e-09	9.631585e-10
129	0.2376797	0.1064011	0.102293	0.1015936	0.1015906	0.003578272	0.003378081	0.003123709	0.003119603	0.003119079	0.003085097	0.003037048	0.003037044	0.002831548	0.002830121	1.819063e-05	9.517646e-06	8.88405e-06	8.883042e-06	4.247321e-06	3.627154e-06	3.575862e-06	3.468067e-06	7.952645e-08	8.906699e-09	7.542622e-09	8.15335e-10	6.70803e-10	6.370852e-10	6.364218e-10
130	0.1524914	0.1051919	0.1000752	0.09985117	0.09977224	0.09977212	0.0003517337	0.0001905605	0.0001509499	0.000149779	0.0001497603	0.0001402661	0.0001386153	0.0001386148	9.937156e-05	9.923225e-05	2.312705e-06	1.67438e-06	1.575546e-06	1.575013e-06	5.517223e-07	5.050416e-07	5.019339e-07	4.771996e-07	1.092118e-08	1.243339e-09	1.047121e-09	1.218005e-10	1.03345e-10	7.805652e-11
131	0.1196372	0.1090622	0.1035448	0.1029576	0.1028525	0.1028371	0.102837	0.0002674184	0.0001061891	9.943372e-05	9.84913e-05	9.847628e-05	9.13584e-05	9.000329e-05	9.000321e-05	8.146357e-05	8.13334e-05	1.363404e-06	8.677382e-07	7.998721e-07	7.993537e-07	6.125051e-08	3.230998e-08	2.991887e-08	1.696333e-08	5.055232e-10	1.397314e-10	1.05682e-10	1.682332e-11	1.438832e-11
132	0.9530221	0.1225236	0.111894	0.1069517	0.1063876	0.10628	0.1062645	0.1062644	0.0002761426	0.0001095675	0.0001025889	0.0001016153	0.0001015998	9.426868e-05	9.286923e-05	9.286915e-05	8.404535e-05	8.398918e-05	1.399332e-06	8.882947e-07	8.184807e-07	8.179453e-07	5.824648e-08	2.850147e-08	2.603471e-08	1.277109e-08	4.149873e-10	1.332509e-10	9.973422e-11	1.653233e-11
133	0.7488484	0.7475186	0.1241071	0.1150324	0.110398	0.1099358	0.1098592	0.1098479	0.1098479	0.0002479678	7.689949e-05	7.169593e-05	7.164609e-05	7.163525e-05	6.480684e-05	6.384868e-05	6.384862e-05	5.878498e-05	5.874617e-05	1.267689e-06	8.377069e-07	7.732162e-07	7.728008e-07	4.514084e-08	2.219359e-08	2.034599e-08	7.675015e-09	2.737736e-10	9.93219e-11	6.918476e-11
134	0.9905841	0.7440389	0.742713	0.1280202	0.1190122	0.1142468	0.1138528	0.1137779	0.1137668	0.1137667	0.0002541574	7.701741e-05	7.163366e-05	7.158287e-05	7.157209e-05	6.473403e-05	6.376721e-05	6.376715e-05	5.852472e-05	5.848818e-05	1.105659e-06	7.180131e-07	6.6557e-07	6.651402e-07	3.926293e-08	1.77047e-08	1.594118e-08	5.825925e-09	2.317423e-10	9.587925e-11
135	0.1169498	0.1154753	0.09351976	0.09319466	0.004247019	0.001023356	0.0004099485	0.0002390196	0.0002184749	0.0002148519	0.0002148365	0.0002045714	2.205831e-05	1.6719e-05	1.668547e-05	1.668271e-05	1.616189e-05	1.594511e-05	1.594509e-05	1.490836e-05	1.489917e-05	4.479284e-07	2.737757e-07	2.493722e-07	2.492432e-07	1.55694e-08	8.735809e-09	8.13031e-09	2.987808e-09	1.111191e-10
136	0.03723811	0.03324379	0.03279734	0.024838	0.02474008	0.0008982125	0.000619384	7.433764e-05	2.594618e-05	1.995903e-05	1.851744e-05	1.851287e-05	1.431735e-05	1.043236e-05	4.911751e-06	4.882761e-06	4.881933e-06	4.704913e-06	4.664291e-06	4.664286e-06	4.476842e-06	4.474028e-06	1.489867e-07	6.797977e-08	6.283952e-08	6.281999e-08	3.433972e-09	2.057593e-09	1.832445e-09	7.13471e-10
137	0.3453736	0.01913427	0.01662842	0.0163782	0.0116091	0.0115539	0.0007021625	0.0005738571	3.560716e-05	1.429151e-05	1.109669e-05	1.000295e-05	1.000041e-05	6.950192e-06	2.973747e-06	2.691172e-06	2.679725e-06	2.679257e-06	2.578363e-06	2.568246e-06	2.568244e-06	2.531342e-06	2.530851e-06	8.109062e-08	1.966132e-08	1.917569e-08	1.917327e-08	7.77479e-10	4.562826e-10	3.146221e-10
138	0.08049157	0.0616473	0.007605081	0.007358401	0.007206232	0.005674729	0.005641135	0.0003928761	0.0003354994	1.744842e-05	1.133793e-05	9.509285e-06	8.573908e-06	8.572394e-06	6.046523e-06	1.915745e-06	1.650059e-06	1.648307e-06	1.648022e-06	1.570337e-06	1.561516e-06	1.561515e-06	1.542546e-06	1.542188e-06	8.961949e-09	4.494591e-09	4.325969e-09	4.323824e-09	4.429158e-10	2.25383e-10
139	0.7496086	0.05686566	0.03957283	0.004959653	0.004772265	0.004685228	0.003752914	0.0037337	0.000378699	0.0003425508	1.409488e-05	9.8045e-06	8.738953e-06	7.867074e-06	7.866203e-06	5.573903e-06	1.267431e-06	9.913722e-07	9.895567e-07	9.89394e-07	9.096003e-07	9.011652e-07	9.011646e-07	8.815388e-07	8.812627e-07	6.799484e-09	3.948463e-09	3.80893e-09	3.806713e-09	3.773431e-10
140	0.1949018	0.1139616	0.03018905	0.02431711	0.003523297	0.003416545	0.00335289	0.002662968	0.002648914	4.282895e-05	1.467112e-05	1.09435e-05	7.461975e-06	6.673391e-06	5.80244e-06	5.8018e-06	5.469259e-06	9.688323e-07	6.820337e-07	6.805524e-07	6.804332e-07	6.701324e-07	6.623339e-07	6.623335e-07	6.45915e-07	6.456777e-07	5.545346e-09	3.616243e-09	3.50456e-09	3.502741e-09
141	0.2219924	0.1548954	0.1004616	0.02381684	0.01848967	0.002626309	0.002552742	0.002509991	0.002058532	0.002049094	3.328896e-05	1.211941e-05	9.362644e-06	6.643508e-06	6.100621e-06	5.714791e-06	5.714358e-06	5.481157e-06	7.702875e-07	4.702271e-07	4.686802e-07	4.686001e-07	4.583369e-07	4.508811e-07	4.508807e-07	4.337902e-07	4.33562e-07	4.884373e-09	3.469867e-09	3.375085e-09
142	0.9230801	0.1519117	0.1124842	0.06328747	0.02199046	0.01681103	0.002052508	0.001994653	0.001955964	0.001571906	0.001563365	2.768517e-05	1.084182e-05	8.422129e-06	6.434667e-06	5.952042e-06	5.886701e-06	5.886311e-06	5.675843e-06	7.427263e-07	4.278103e-07	4.261942e-07	4.261218e-07	4.172419e-07	4.103682e-07	4.103679e-07	3.925916e-07	3.923682e-07	3.863263e-09	2.573525e-09
143	0.8188314	0.792543	0.09302028	0.07342684	0.0323065	0.01345272	0.01227429	0.001690072	0.001647665	0.00161529	0.001299692	0.001292544	1.865866e-05	4.966475e-06	2.943924e-06	1.328806e-06	9.245306e-07	8.732982e-07	8.729719e-07	6.943434e-07	6.920871e-07	3.607861e-07	3.590909e-07	3.590302e-07	3.510169e-07	3.45389e-07	3.453888e-07	3.28606e-07	3.284055e-07	2.983211e-09
144	0.7785315	0.7714275	0.7578107	0.0737401	0.05942445	0.02666235	0.01106615	0.01016556	0.001343389	0.001310538	0.001284696	0.001030685	0.001024978	1.442929e-05	3.652719e-06	2.060188e-06	8.059152e-07	4.816154e-07	4.405539e-07	4.40293e-07	2.947012e-07	2.929018e-07	2.906667e-07	2.900214e-07	2.89973e-07	2.830313e-07	2.784345e-07	2.784343e-07	2.623303e-07	2.621781e-07
145	0.775111	0.7436626	0.739686	0.7339328	0.05847126	0.04798499	0.02166657	0.008660034	0.0079456	0.001061976	0.001036733	0.00101597	0.000811543	0.0008069578	1.121667e-05	2.856763e-06	1.592992e-06	6.543124e-07	3.925497e-07	3.594844e-07	3.592745e-07	2.385695e-07	2.37133e-07	2.366719e-07	2.366473e-07	2.366084e-07	2.304816e-07	2.266698e-07	2.266697e-07	2.107854e-07
146	0.9765565	0.7700365	0.7446017	0.7416343	0.7360814	0.04220178	0.03303898	0.01741718	0.006134494	0.005678477	0.0007597292	0.0007424279	0.0007301038	0.0005964425	0.0005937203	8.600135e-06	2.224883e-06	1.339168e-06	4.241614e-07	2.557204e-07	2.340557e-07	2.339276e-07	1.515474e-07	1.505547e-07	1.502242e-07	1.501994e-07	1.501763e-07	1.438206e-07	1.41601e-07	1.416009e-07
147	0.2521173	0.2399291	0.08905703	0.06844052	0.06659461	0.06384363	0.03350232	0.02593477	0.01378847	0.003718761	0.003355242	0.0005761955	0.0005625247	0.0005529419	0.0004489164	0.0004467997	6.215823e-06	1.532749e-06	9.591715e-07	3.173785e-07	1.874668e-07	1.707726e-07	1.706733e-07	1.13787e-07	1.129988e-07	1.128087e-07	1.128029e-07	1.127849e-07	1.119545e-07	1.102297e-07
148	0.1971591	0.1914078	0.1824475	0.06559453	0.04978833	0.04846875	0.04647762	0.02417829	0.01990853	0.01098019	0.002690708	0.002429959	0.0003868719	0.0003772476	0.0003702036	0.0002953331	0.0002937774	3.832447e-06	9.683016e-07	5.475531e-07	2.284526e-07	1.365517e-07	1.248327e-07	1.247606e-07	8.365029e-08	8.308761e-08	8.294833e-08	8.294415e-08	8.293094e-08	8.232428e-08
149	0.1433236	0.08775175	0.0846503	0.07909139	0.03628871	0.02902444	0.02820527	0.02694643	0.01304265	0.01016128	0.004620122	0.001675826	0.001507414	0.0002382725	0.0002323692	0.0002279975	0.0001813686	0.0001804031	2.38392e-06	6.020554e-07	3.404927e-07	1.419013e-07	8.480661e-08	7.755184e-08	7.750712e-08	5.194782e-08	5.159356e-08	5.150667e-08	5.150376e-08	5.149556e-08
150	0.07233781	0.07023892	0.03133908	0.03016616	0.02831531	0.01192837	0.01006648	0.009778656	0.009336816	0.004635194	0.003881838	0.002036854	0.0005544303	0.000500514	7.774494e-05	7.579119e-05	7.433559e-05	5.912513e-05	5.880365e-05	7.769317e-07	1.986169e-07	1.114859e-07	4.722361e-08	2.825561e-08	2.585368e-08	2.583879e-08	1.730199e-08	1.719087e-08	1.716128e-08	1.715978e-08
151	0.06784564	0.04743506	0.04672801	0.0115355	0.01093576	0.01047686	0.003684069	0.003131957	0.00306711	0.002970648	0.001761638	0.001575769	0.001118328	0.0001391627	0.0001224265	1.760742e-05	1.712397e-05	1.676307e-05	1.31174e-05	1.30377e-05	1.76765e-07	4.670057e-08	2.529574e-08	1.163114e-08	6.97983e-09	6.391034e-09	6.387357e-09	4.292618e-09	4.266139e-09	4.259116e-09
152	0.04465276	0.01758701	0.01626626	0.01617082	0.0004303825	0.0003368535	0.0003182384	0.0002185279	0.0001700955	0.0001668524	0.0001639959	4.049633e-05	3.441712e-05	1.586247e-05	1.046238e-05	4.780874e-06	6.488297e-07	6.308054e-07	6.161668e-07	4.742996e-07	4.710671e-07	8.070897e-09	1.669493e-09	8.343238e-10	4.637406e-10	2.833511e-10	2.597797e-10	2.596327e-10	1.728689e-10	1.716308e-10
153	0.510034	0.04550119	0.01915418	0.01789934	0.01780952	0.0003650418	0.0002862065	0.0002699267	0.0001756977	0.0001619728	0.0001589944	0.0001567201	3.030277e-05	2.555322e-05	9.326473e-06	4.564806e-06	4.145082e-06	5.533579e-07	5.382025e-07	5.254006e-07	4.031385e-07	4.003117e-07	5.295803e-09	1.411799e-09	6.873962e-10	4.029942e-10	2.469881e-10	2.274311e-10	2.273031e-10	1.508015e-10
154	0.7244968	0.3852372	0.003601579	0.0008918906	0.0003410065	0.0003288021	0.0002778219	0.000190821	0.0001753709	7.791026e-05	6.629627e-05	6.351035e-05	6.196654e-05	2.832426e-05	2.414863e-05	8.749056e-06	4.199744e-06	3.802276e-06	5.124114e-07	4.983862e-07	4.862368e-07	3.714886e-07	3.68806e-07	4.801085e-09	1.243229e-09	6.013364e-10	3.676402e-10	2.212182e-10	2.02881e-10	2.027599e-10
155	0.568455	0.5622439	0.3384936	0.002855085	0.000760573	0.0002647287	0.0002541423	0.0002108473	0.0001679249	0.0001536084	6.923023e-05	5.907313e-05	5.635018e-05	5.527858e-05	2.506674e-05	2.196942e-05	7.70018e-06	3.817879e-06	3.458788e-06	4.596635e-07	4.473294e-07	4.360718e-07	3.315687e-07	3.290831e-07	4.216998e-09	1.082888e-09	5.044226e-10	3.356991e-10	2.021582e-10	1.854968e-10
156	0.7951346	0.5119447	0.5070932	0.3069463	0.002489652	0.0006706028	0.0001995293	0.0001896628	0.0001514401	0.0001486783	0.0001347662	6.458037e-05	5.511922e-05	5.232635e-05	5.164513e-05	2.326136e-05	2.0854e-05	6.988145e-06	3.638254e-06	3.294297e-06	4.313908e-07	4.20024e-07	4.090847e-07	3.094891e-07	3.070738e-07	3.866977e-09	9.823415e-10	4.368177e-10	3.209547e-10	1.934153e-10
157	0.8299277	0.6900016	0.487471	0.4833774	0.2917417	0.002257233	0.0005836486	0.0001305199	0.0001209885	8.479203e-05	8.248e-05	6.888903e-05	6.168959e-05	5.261975e-05	4.963138e-05	4.902294e-05	2.184242e-05	1.97542e-05	6.208655e-06	3.499538e-06	3.165136e-06	4.138539e-07	4.031159e-07	3.924292e-07	2.969396e-07	2.945802e-07	3.679508e-09	9.189587e-10	3.959413e-10	3.078788e-10
158	0.8577354	0.780527	0.6662906	0.4723383	0.4690628	0.2815411	0.002179521	0.0005674617	0.0001270035	0.0001176202	8.239738e-05	8.018625e-05	6.677765e-05	6.017302e-05	5.162163e-05	4.829284e-05	4.769332e-05	2.145336e-05	1.94033e-05	6.039937e-06	3.38263e-06	3.055606e-06	3.996471e-07	3.892835e-07	3.787407e-07	2.866954e-07	2.843679e-07	3.526995e-09	8.614591e-10	3.563748e-10
159	1	0.8513809	0.774519	0.6593707	0.4681138	0.4648536	0.2767548	0.002152326	0.000564458	0.0001273072	0.0001177912	8.279623e-05	8.057343e-05	6.701775e-05	6.038404e-05	5.192142e-05	4.796634e-05	4.734831e-05	2.157195e-05	1.95106e-05	6.000649e-06	3.33073e-06	3.000322e-06	3.928989e-07	3.826243e-07	3.719658e-07	2.81551e-07	2.79198e-07	3.470696e-09	8.50832e-10
160	0.9111801	0.9111801	0.7977202	0.7258353	0.6216521	0.4386439	0.435538	0.2675441	0.002060097	0.0005264362	0.0001195129	0.0001113282	7.750107e-05	7.535038e-05	6.222399e-05	5.582611e-05	4.764139e-05	4.63174e-05	4.583403e-05	2.088392e-05	1.888944e-05	5.807336e-06	3.223716e-06	2.903826e-06	3.798785e-07	3.69941e-07	3.5962e-07	2.722059e-07	2.699275e-07	3.355998e-09
161	0.8885231	0.8543494	0.8543494	0.747547	0.6801394	0.5838487	0.4115971	0.4086713	0.2513966	0.001938314	0.0004963381	0.0001126147	0.0001049046	7.29919e-05	7.096671e-05	5.857758e-05	5.261506e-05	4.491664e-05	4.368594e-05	4.324668e-05	1.970004e-05	1.782225e-05	5.474925e-06	3.040935e-06	2.739056e-06	3.569549e-07	3.476072e-07	3.378659e-07	2.557393e-07	2.535888e-07
