#unpaired probabilities
 #i$	l=1	2	3	4	5	6	7	8	9	10	11	12	13	14	15	16	17	18	19	20	21	22	23	24	25	26	27	28	29	30	
1	0.9998115	NA	NA	NA	NA	NA	NA	NA	NA	NA	NA	NA	NA	NA	NA	NA	NA	NA	NA	NA	NA	NA	NA	NA	NA	NA	NA	NA	NA	NA
2	0.9725158	0.9723356	NA	NA	NA	NA	NA	NA	NA	NA	NA	NA	NA	NA	NA	NA	NA	NA	NA	NA	NA	NA	NA	NA	NA	NA	NA	NA	NA	NA
3	0.7686494	0.7627222	0.762546	NA	NA	NA	NA	NA	NA	NA	NA	NA	NA	NA	NA	NA	NA	NA	NA	NA	NA	NA	NA	NA	NA	NA	NA	NA	NA	NA
4	0.7373224	0.7373107	0.7316716	0.7315121	NA	NA	NA	NA	NA	NA	NA	NA	NA	NA	NA	NA	NA	NA	NA	NA	NA	NA	NA	NA	NA	NA	NA	NA	NA	NA
5	0.7383048	0.7371634	0.7371585	0.7315202	0.7313607	NA	NA	NA	NA	NA	NA	NA	NA	NA	NA	NA	NA	NA	NA	NA	NA	NA	NA	NA	NA	NA	NA	NA	NA	NA
6	0.9941908	0.73813	0.7369972	0.7369924	0.7313541	0.7313531	NA	NA	NA	NA	NA	NA	NA	NA	NA	NA	NA	NA	NA	NA	NA	NA	NA	NA	NA	NA	NA	NA	NA	NA
7	0.7304054	0.7301901	0.7299912	0.7294036	0.7294035	0.7294026	0.7294026	NA	NA	NA	NA	NA	NA	NA	NA	NA	NA	NA	NA	NA	NA	NA	NA	NA	NA	NA	NA	NA	NA	NA
8	0.7359268	0.7296387	0.729424	0.7294001	0.7293925	0.7293924	0.7293914	0.7293914	NA	NA	NA	NA	NA	NA	NA	NA	NA	NA	NA	NA	NA	NA	NA	NA	NA	NA	NA	NA	NA	NA
9	0.009297855	0.004241928	0.003692834	0.003636005	0.003632043	0.003631135	0.003631077	0.003630151	0.00363015	NA	NA	NA	NA	NA	NA	NA	NA	NA	NA	NA	NA	NA	NA	NA	NA	NA	NA	NA	NA	NA
10	0.005774947	0.004740223	0.0002441694	0.0002007786	0.0001800847	0.0001785336	0.0001782546	0.000178202	0.0001772771	0.0001772767	NA	NA	NA	NA	NA	NA	NA	NA	NA	NA	NA	NA	NA	NA	NA	NA	NA	NA	NA	NA
11	0.0008352127	0.000766624	0.0003424656	6.646833e-05	5.308362e-05	3.63665e-05	3.568447e-05	3.546279e-05	3.543403e-05	3.524079e-05	3.524044e-05	NA	NA	NA	NA	NA	NA	NA	NA	NA	NA	NA	NA	NA	NA	NA	NA	NA	NA	NA
12	0.002869861	0.0002018132	0.0001976693	0.0001926822	4.607512e-05	3.352857e-05	3.302696e-05	3.270224e-05	3.248924e-05	3.246914e-05	3.240813e-05	3.240778e-05	NA	NA	NA	NA	NA	NA	NA	NA	NA	NA	NA	NA	NA	NA	NA	NA	NA	NA
13	0.03428736	0.0001295041	5.956505e-05	5.818529e-05	5.644693e-05	4.429971e-05	3.212724e-05	3.187361e-05	3.183978e-05	3.162693e-05	3.160711e-05	3.159423e-05	3.159389e-05	NA	NA	NA	NA	NA	NA	NA	NA	NA	NA	NA	NA	NA	NA	NA	NA	NA
14	0.7713776	0.03350729	0.000103549	5.426548e-05	5.3389e-05	5.222384e-05	4.406951e-05	3.191164e-05	3.175468e-05	3.172216e-05	3.150937e-05	3.148956e-05	3.147673e-05	3.147639e-05	NA	NA	NA	NA	NA	NA	NA	NA	NA	NA	NA	NA	NA	NA	NA	NA
15	0.2547817	0.1498569	0.02965293	9.054445e-05	4.979522e-05	4.902736e-05	4.790449e-05	4.360369e-05	3.157007e-05	3.141347e-05	3.138111e-05	3.136724e-05	3.134746e-05	3.133463e-05	3.133429e-05	NA	NA	NA	NA	NA	NA	NA	NA	NA	NA	NA	NA	NA	NA	NA
16	0.8853324	0.140957	0.1268359	0.009151795	7.541995e-05	4.846168e-05	4.788001e-05	4.68543e-05	4.332374e-05	3.130303e-05	3.114655e-05	3.111432e-05	3.110183e-05	3.108362e-05	3.10708e-05	3.107076e-05	NA	NA	NA	NA	NA	NA	NA	NA	NA	NA	NA	NA	NA	NA
17	0.2782788	0.2737806	0.08303199	0.07001733	0.008122412	7.280871e-05	4.822979e-05	4.766502e-05	4.664755e-05	4.316597e-05	3.117772e-05	3.102127e-05	3.098987e-05	3.098427e-05	3.096606e-05	3.095324e-05	3.095321e-05	NA	NA	NA	NA	NA	NA	NA	NA	NA	NA	NA	NA	NA
18	0.9746488	0.2588072	0.2550054	0.07540908	0.06281157	0.007945272	3.47858e-05	1.149889e-05	1.100807e-05	1.00424e-05	6.592283e-06	6.525746e-06	6.374643e-06	6.3433e-06	6.342582e-06	6.324371e-06	6.311551e-06	6.311519e-06	NA	NA	NA	NA	NA	NA	NA	NA	NA	NA	NA	NA
19	0.2887489	0.2876165	0.1613918	0.1583932	0.02778517	0.01518767	0.007769309	2.981032e-05	7.250838e-06	6.781471e-06	5.823567e-06	2.40046e-06	2.369254e-06	2.365692e-06	2.339691e-06	2.339304e-06	2.321093e-06	2.308285e-06	2.308253e-06	NA	NA	NA	NA	NA	NA	NA	NA	NA	NA	NA
20	0.2642151	0.2641604	0.263476	0.1514556	0.1487003	0.0231764	0.01057972	0.007737968	2.761698e-05	5.702498e-06	5.333859e-06	5.12479e-06	1.868063e-06	1.841337e-06	1.839812e-06	1.825439e-06	1.825063e-06	1.806854e-06	1.805274e-06	1.805242e-06	NA	NA	NA	NA	NA	NA	NA	NA	NA	NA
21	0.2655958	0.2641238	0.2640879	0.2634048	0.1514151	0.14866	0.02314903	0.01056203	0.00773695	2.748162e-05	5.676953e-06	5.308368e-06	5.100451e-06	1.844019e-06	1.817725e-06	1.816203e-06	1.801833e-06	1.801487e-06	1.801348e-06	1.799768e-06	1.799761e-06	NA	NA	NA	NA	NA	NA	NA	NA	NA
22	0.02707927	0.02539507	0.02463634	0.02460163	0.02455575	0.02450692	0.0233347	0.02312444	0.01053744	0.00773654	2.727116e-05	5.498499e-06	5.145694e-06	4.944484e-06	1.708775e-06	1.6835e-06	1.682107e-06	1.673004e-06	1.672659e-06	1.672519e-06	1.671904e-06	1.671897e-06	NA	NA	NA	NA	NA	NA	NA	NA
23	0.1975383	0.02583961	0.02422201	0.02346633	0.02343162	0.02338585	0.02333706	0.02333464	0.0231244	0.0105374	0.007736526	2.725799e-05	5.485716e-06	5.132945e-06	4.931756e-06	1.696057e-06	1.670873e-06	1.670221e-06	1.661118e-06	1.660773e-06	1.660633e-06	1.660018e-06	1.660011e-06	NA	NA	NA	NA	NA	NA	NA
24	0.5601497	0.05701099	0.01232743	0.0109552	0.01076555	0.0107654	0.01072069	0.01067202	0.01066966	0.01045948	0.01045947	0.007663404	2.710065e-05	5.350761e-06	4.998376e-06	4.797434e-06	1.561842e-06	1.53792e-06	1.537296e-06	1.528194e-06	1.527881e-06	1.527881e-06	1.527265e-06	1.527265e-06	NA	NA	NA	NA	NA	NA
25	0.4313065	0.4304696	0.05011907	0.009867662	0.0089389	0.008863702	0.008863555	0.008820662	0.008772143	0.008769792	0.008560002	0.008559994	0.007649514	1.666943e-05	5.322057e-06	4.969774e-06	4.768912e-06	1.533365e-06	1.510751e-06	1.510133e-06	1.501033e-06	1.501013e-06	1.501013e-06	1.500398e-06	1.500398e-06	NA	NA	NA	NA	NA
26	0.4164144	0.04068829	0.03994011	0.01211025	0.008350161	0.008046101	0.007995068	0.007995	0.007975702	0.007974072	0.007973488	0.00796895	0.007968944	0.007647462	1.639827e-05	5.056387e-06	4.880943e-06	4.728406e-06	1.506014e-06	1.483544e-06	1.482959e-06	1.48284e-06	1.482821e-06	1.482821e-06	1.48282e-06	1.48282e-06	NA	NA	NA	NA
27	0.3437567	0.1499995	0.005971768	0.00574257	0.0009877295	0.0003477705	0.0002105058	0.0001965805	0.0001965285	0.0001920886	0.0001915106	0.0001914156	0.0001869627	0.0001869611	1.55239e-05	1.403729e-05	3.634126e-06	3.462759e-06	3.312729e-06	9.1451e-08	7.981798e-08	7.953743e-08	7.941843e-08	7.941629e-08	7.941628e-08	7.941585e-08	7.941584e-08	NA	NA	NA
28	0.7373137	0.3421241	0.1490094	0.00542525	0.005200188	0.0005294688	5.354035e-05	2.866101e-05	2.292494e-05	2.28736e-05	1.98695e-05	1.933662e-05	1.926724e-05	1.483048e-05	1.482916e-05	4.273952e-06	4.113052e-06	3.562062e-06	3.390939e-06	3.241037e-06	1.981573e-08	8.740783e-09	8.475625e-09	8.356648e-09	8.35629e-09	8.356283e-09	8.355851e-09	8.355849e-09	NA	NA
29	0.7342742	0.7333926	0.3410589	0.1484362	0.005079939	0.004864234	0.0004629247	7.989345e-06	2.103654e-06	1.691272e-06	1.688415e-06	1.394224e-06	1.346084e-06	1.32147e-06	1.227887e-06	1.227571e-06	8.465159e-07	7.085736e-07	1.58177e-07	1.557717e-07	1.266878e-08	1.214299e-08	1.127044e-09	8.636167e-10	8.13081e-10	8.127774e-10	8.127759e-10	8.126364e-10	8.126361e-10	NA
30	0.8002748	0.5423973	0.5416339	0.1493062	0.148434	0.005078481	0.004862789	0.0004617583	7.217274e-06	1.421311e-06	1.061024e-06	1.058209e-06	7.890333e-07	7.422829e-07	7.178604e-07	6.300508e-07	6.297378e-07	2.710007e-07	1.469873e-07	1.467633e-07	1.443593e-07	1.257139e-09	7.31691e-10	7.246796e-10	4.613397e-10	4.108136e-10	4.106487e-10	4.106472e-10	4.105077e-10	4.105074e-10
31	0.5134915	0.5130082	0.512885	0.5128227	0.1219464	0.1210784	0.005034349	0.004861559	0.0004608285	6.403172e-06	7.462748e-07	4.472871e-07	4.445292e-07	4.361397e-07	4.023082e-07	4.01491e-07	3.259738e-07	3.256629e-07	1.871864e-09	8.060952e-10	7.543516e-10	7.357057e-10	7.322093e-10	2.09843e-10	2.048328e-10	2.047229e-10	1.543914e-10	1.54227e-10	1.542255e-10	1.541901e-10
32	0.01463375	0.006135062	0.005984147	0.00592996	0.005929382	0.005735738	0.004867764	0.004860321	0.004860227	0.0004596481	5.33586e-06	4.649791e-07	1.777652e-07	1.750175e-07	1.684076e-07	1.372447e-07	1.367989e-07	1.021481e-07	1.018378e-07	6.747031e-10	1.811686e-10	1.345039e-10	1.34001e-10	1.33699e-10	1.00442e-10	9.609042e-11	9.607109e-11	6.883497e-11	6.86706e-11	6.866914e-11
33	0.3471575	0.01405707	0.005615346	0.005464965	0.005428365	0.005427794	0.00523417	0.004867482	0.004860048	0.004859954	0.0004593758	5.321695e-06	4.516193e-07	1.717606e-07	1.69013e-07	1.62408e-07	1.312482e-07	1.308029e-07	9.620103e-08	9.589077e-08	5.304268e-10	1.549087e-10	1.318794e-10	1.313782e-10	1.310773e-10	9.782067e-11	9.543607e-11	9.541686e-11	6.818076e-11	6.810912e-11
34	0.3047154	0.008803512	0.002332596	0.001119596	0.001045419	0.001031054	0.001030484	0.0008368604	0.0004706764	0.0004632428	0.0004631487	0.0004593596	5.321229e-06	4.511625e-07	1.713808e-07	1.686946e-07	1.620909e-07	1.309312e-07	1.30486e-07	9.588509e-08	9.583857e-08	4.864207e-10	1.538994e-10	1.310188e-10	1.305179e-10	1.302172e-10	9.696069e-11	9.531256e-11	9.529338e-11	6.805728e-11
35	0.2668711	0.2616	0.002330021	0.000781606	0.0002823154	0.0002124295	0.0002115322	0.0002109633	1.734173e-05	1.716497e-05	9.73188e-06	9.637821e-06	5.84974e-06	5.308196e-06	4.400535e-07	1.69656e-07	1.669697e-07	1.603749e-07	1.292177e-07	1.28773e-07	9.420221e-08	9.415569e-08	4.599128e-10	1.355703e-10	1.28935e-10	1.28438e-10	1.281392e-10	9.488364e-11	9.418071e-11	9.416177e-11
36	0.009491678	0.008593721	0.004869031	0.001775318	0.0004999373	1.225246e-05	5.834353e-06	5.326319e-06	5.299144e-06	4.877156e-06	4.70492e-06	4.702624e-06	4.701243e-06	9.332977e-07	4.127367e-07	4.044231e-07	1.361726e-07	1.334865e-07	1.27782e-07	9.675355e-08	9.631837e-08	6.207368e-08	6.202723e-08	3.511648e-10	7.670347e-11	7.034097e-11	7.011402e-11	6.998495e-11	6.770877e-11	6.701426e-11
37	0.01061228	0.008353628	0.008039189	0.004325141	0.001536747	0.0004814449	1.094958e-05	5.31956e-06	4.900807e-06	4.874621e-06	4.453413e-06	4.433663e-06	4.431416e-06	4.43004e-06	6.62184e-07	1.523772e-07	1.442259e-07	1.35852e-07	1.33166e-07	1.274622e-07	9.64338e-08	9.599866e-08	6.175397e-08	6.170753e-08	3.406607e-10	7.453817e-11	7.004412e-11	6.981757e-11	6.968873e-11	6.741266e-11
38	0.05996137	0.008627183	0.007034481	0.006725819	0.003040119	0.000492268	0.0004772657	7.099489e-06	1.50202e-06	1.130144e-06	1.104004e-06	6.830318e-07	6.637655e-07	6.615418e-07	6.601669e-07	6.590218e-07	1.493316e-07	1.411857e-07	1.331146e-07	1.33114e-07	1.274118e-07	9.638342e-08	9.594844e-08	6.170377e-08	6.170357e-08	3.380877e-10	7.404916e-11	6.958008e-11	6.935477e-11	6.922669e-11
39	0.9962842	0.05911997	0.00810556	0.006538797	0.006231165	0.002551261	2.988614e-05	1.712968e-05	6.29391e-06	6.97377e-07	6.480024e-07	6.218771e-07	2.009126e-07	1.992351e-07	1.970118e-07	1.956369e-07	1.94492e-07	1.417379e-07	1.335929e-07	1.331074e-07	1.331068e-07	1.274051e-07	9.637672e-08	9.594177e-08	6.169711e-08	6.16969e-08	3.368606e-10	7.298732e-11	6.942736e-11	6.920235e-11
40	0.1788971	0.1784823	0.01838113	0.002586431	0.002025085	0.001941759	0.0008089745	1.71094e-05	1.128039e-05	6.035412e-07	1.912694e-07	1.712349e-07	1.695056e-07	1.537189e-07	1.52263e-07	1.516862e-07	1.516068e-07	1.505214e-07	9.797498e-08	9.58566e-08	9.54444e-08	9.544424e-08	9.516068e-08	9.391457e-08	9.384014e-08	6.163611e-08	6.163604e-08	2.830866e-10	2.248357e-11	2.038312e-11
41	0.8271025	0.1652777	0.164985	0.01620121	0.00204602	0.001667532	0.001596639	0.0006660124	5.899523e-06	6.408668e-07	5.376993e-07	1.278762e-07	1.172968e-07	1.157217e-07	1.000059e-07	9.972729e-08	9.91544e-08	9.907708e-08	9.799246e-08	9.761583e-08	9.552289e-08	9.542347e-08	9.542334e-08	9.515248e-08	9.390645e-08	9.383327e-08	6.162943e-08	6.162938e-08	2.786725e-10	1.837702e-11
42	0.3564296	0.1863337	0.1004408	0.1001545	0.01105978	0.00157311	0.001277888	0.001226584	0.0004849492	3.818701e-06	3.576955e-07	2.819819e-07	7.443783e-08	6.62293e-08	6.510275e-08	6.419503e-08	6.399451e-08	6.365449e-08	6.358865e-08	6.32848e-08	6.293948e-08	6.177087e-08	6.167866e-08	6.167855e-08	6.163079e-08	6.163045e-08	6.162587e-08	6.162514e-08	6.16251e-08	2.749111e-10
43	0.7318528	0.110764	0.1095361	0.05220487	0.05200531	0.003747873	6.836478e-05	4.365744e-05	3.685158e-05	1.623943e-05	1.91545e-06	2.941349e-07	2.596223e-07	6.563859e-08	6.461939e-08	6.404699e-08	6.340544e-08	6.327636e-08	6.295792e-08	6.289991e-08	6.26069e-08	6.237236e-08	6.130217e-08	6.127884e-08	6.127884e-08	6.127636e-08	6.127628e-08	6.127616e-08	6.127614e-08	6.127613e-08
44	0.0059798	0.004016035	0.002273702	0.002156371	0.001458671	0.001263936	0.0001820263	3.8464e-05	2.956834e-05	2.711833e-05	1.069306e-05	5.037518e-08	2.628433e-09	1.688244e-09	5.559686e-10	3.363331e-10	3.162048e-10	3.054368e-10	3.011284e-10	2.713496e-10	2.709532e-10	2.697043e-10	2.674564e-10	2.637202e-10	2.629815e-10	2.629792e-10	2.607606e-10	2.60688e-10	2.605863e-10	2.605698e-10
45	0.004218516	0.002204383	0.002141471	0.001925902	0.00181407	0.001282587	0.001088113	0.0001693709	3.817134e-05	2.944703e-05	2.703395e-05	1.064839e-05	4.135701e-08	1.133191e-09	4.655817e-10	2.532759e-10	3.748049e-11	2.071421e-11	1.445744e-11	1.066505e-11	7.695324e-12	7.519762e-12	7.450934e-12	6.217838e-12	3.723904e-12	3.231274e-12	3.228918e-12	1.618799e-12	1.608729e-12	1.5073e-12
46	0.009215126	0.001766628	0.001740366	0.00167972	0.001667763	0.001556127	0.001261175	0.001066707	0.0001639657	3.502044e-05	2.897466e-05	2.657872e-05	1.046895e-05	4.05289e-08	1.020443e-09	3.790375e-10	1.90284e-10	3.160354e-11	1.556402e-11	9.664351e-12	9.215911e-12	6.352921e-12	6.184487e-12	6.122283e-12	4.924812e-12	2.494474e-12	2.038024e-12	2.035707e-12	5.084141e-13	5.00978e-13
47	0.01202464	0.0019383	0.001601054	0.001596047	0.001543126	0.001536738	0.001453037	0.001177844	0.0009937658	0.0001526922	3.263521e-05	2.699267e-05	2.479937e-05	9.768267e-06	3.780777e-08	9.439438e-10	3.454725e-10	1.731503e-10	2.518005e-11	1.372098e-11	8.488305e-12	8.070088e-12	5.450044e-12	5.297121e-12	5.239177e-12	4.121882e-12	1.827224e-12	1.401036e-12	1.398872e-12	4.547104e-13
48	0.007262056	0.001644902	0.001368527	0.00132018	0.001318306	0.001272804	0.001266555	0.001264666	0.0009901387	0.0009900327	0.0001510177	3.128802e-05	2.565914e-05	2.473859e-05	9.744503e-06	3.77127e-08	9.384599e-10	3.414419e-10	1.702623e-10	2.272209e-11	1.134776e-11	6.134664e-12	5.717587e-12	5.434557e-12	5.28346e-12	5.225661e-12	4.111083e-12	1.821125e-12	1.39597e-12	1.39381e-12
49	0.7465906	0.007105059	0.001621333	0.001367482	0.001319857	0.001317987	0.001272497	0.001266249	0.00126436	0.0009898962	0.0009897902	0.0001509823	3.128035e-05	2.565278e-05	2.473244e-05	9.742243e-06	3.770395e-08	9.382413e-10	3.413615e-10	1.702216e-10	2.271558e-11	1.134389e-11	6.132005e-12	5.715024e-12	5.43206e-12	5.282086e-12	5.224301e-12	4.109981e-12	1.8207e-12	1.395642e-12
50	0.7632515	0.744072	0.006745358	0.001616621	0.001367251	0.001319796	0.001317925	0.001272438	0.00126619	0.001264302	0.000989848	0.000989742	0.0001509763	3.127879e-05	2.565142e-05	2.473112e-05	9.741887e-06	3.770257e-08	9.382058e-10	3.413478e-10	1.702142e-10	2.271353e-11	1.134226e-11	6.130565e-12	5.713598e-12	5.430645e-12	5.280896e-12	5.223112e-12	4.108833e-12	1.82063e-12
51	0.99395	0.7595277	0.7417755	0.006711373	0.001609743	0.001363464	0.001316155	0.001314312	0.001268968	0.001262755	0.00126087	0.0009871567	0.0009870509	0.0001505667	3.119379e-05	2.558162e-05	2.466381e-05	9.715459e-06	3.759987e-08	9.352523e-10	3.40013e-10	1.693438e-10	2.224337e-11	1.090326e-11	5.705978e-12	5.290138e-12	5.007952e-12	4.858672e-12	4.801045e-12	3.689786e-12
52	0.9976151	0.9935631	0.7591453	0.7413946	0.006610368	0.001605359	0.001359258	0.001312064	0.001310223	0.001264893	0.001261046	0.001259162	0.0009868163	0.0009867105	0.0001504975	3.116331e-05	2.557332e-05	2.465581e-05	9.712304e-06	3.758237e-08	9.333143e-10	3.398858e-10	1.692721e-10	2.222901e-11	1.089259e-11	5.696998e-12	5.282887e-12	5.000793e-12	4.851561e-12	4.793952e-12
53	0.9986949	0.9971957	0.9931483	0.7587309	0.7411413	0.006605248	0.001603197	0.001357436	0.001310258	0.001308417	0.001263103	0.001260511	0.001258628	0.0009864831	0.0009863773	0.0001504453	3.115113e-05	2.556473e-05	2.464752e-05	9.709041e-06	3.756969e-08	9.32963e-10	3.397704e-10	1.692142e-10	2.222116e-11	1.088854e-11	5.694702e-12	5.280885e-12	4.998886e-12	4.849704e-12
54	0.3519519	0.3508861	0.3494822	0.3454958	0.1113944	0.09434487	0.002000504	0.0003397644	0.0001653959	0.0001573836	0.0001569883	0.0001515194	0.0001512221	0.0001510394	0.0001183884	0.0001183793	1.805286e-05	3.738433e-06	3.068144e-06	2.95813e-06	1.165252e-06	4.509013e-09	1.119696e-10	4.077701e-11	2.030857e-11	2.666847e-12	1.306764e-12	6.834528e-13	6.337864e-13	5.999498e-13
55	0.2633545	0.2624336	0.2623448	0.2623126	0.2583876	0.02430886	0.007294577	0.001382474	0.0001701823	5.014781e-06	2.296722e-06	2.196447e-06	2.11919e-06	2.107258e-06	2.103527e-06	1.648643e-06	1.648358e-06	2.513764e-07	5.205394e-08	4.272144e-08	4.118865e-08	1.622482e-08	6.278292e-11	1.559062e-12	5.6778e-13	2.827759e-13	3.713358e-14	1.819522e-14	9.516311e-15	8.824768e-15
56	0.2619395	0.261906	0.2610524	0.2610491	0.2610475	0.2571227	0.02304415	0.006030242	0.001373205	0.0001675619	2.583438e-06	4.6795e-08	3.415746e-08	3.312145e-08	2.511154e-08	2.431305e-08	1.884628e-08	1.874105e-08	2.858463e-09	5.920104e-10	4.85792e-10	4.682207e-10	1.84439e-10	7.137568e-13	1.774296e-14	6.457037e-15	3.216547e-15	4.227957e-16	2.068557e-16	1.081955e-16
57	0.2621096	0.2617137	0.2617056	0.2608522	0.2608506	0.2608492	0.2569245	0.0228459	0.005831992	0.001372803	0.0001673407	2.471569e-06	2.074278e-08	1.021644e-08	1.005876e-08	2.093294e-09	1.327442e-09	8.275125e-10	7.304762e-10	1.119504e-10	2.325969e-11	1.900732e-11	1.819545e-11	7.167407e-12	2.778753e-14	7.088527e-16	2.534967e-16	1.269701e-16	1.707991e-17	8.054345e-18
58	0.2627493	0.2613796	0.261009	0.261001	0.2608389	0.2608374	0.2608361	0.2569113	0.02283277	0.005818858	0.001372559	0.0001672536	2.468999e-06	2.022301e-08	9.755081e-09	9.61417e-09	1.652028e-09	8.867651e-10	4.821657e-10	3.853228e-10	5.931409e-11	1.235788e-11	1.006178e-11	9.570929e-12	3.770077e-12	1.464035e-14	3.822984e-16	1.346072e-16	6.775755e-17	9.303667e-18
59	0.1684464	0.02637117	0.02502862	0.02465811	0.02465009	0.02455234	0.02455084	0.02454947	0.02320997	0.02273767	0.005817533	0.001372532	0.0001672489	2.468923e-06	2.020166e-08	9.736278e-09	9.595956e-09	1.63638e-09	8.711417e-10	4.699317e-10	3.73094e-10	5.744907e-11	1.197158e-11	9.74484e-12	9.265363e-12	3.64971e-12	1.417449e-14	3.707124e-16	1.303947e-16	6.56595e-17
60	0.7503673	0.1552381	0.01387551	0.01253391	0.01216345	0.01215544	0.01206374	0.01206223	0.01206087	0.01205957	0.01204218	0.005813085	0.001372484	0.0001672469	2.46887e-06	2.017369e-08	9.710223e-09	9.570744e-09	1.613515e-09	8.483104e-10	4.520542e-10	3.552203e-10	5.472325e-11	1.140703e-11	9.281582e-12	8.818731e-12	3.473765e-12	1.347775e-14	3.537819e-16	1.242296e-16
61	0.7564566	0.7492979	0.1543537	0.01299404	0.01165313	0.01128281	0.0112748	0.0112727	0.01127126	0.01126989	0.01126859	0.01125121	0.005022113	0.001371688	0.0001672464	2.468393e-06	1.973299e-08	9.270294e-09	9.131666e-09	1.590307e-09	8.251318e-10	4.340495e-10	3.372206e-10	5.197729e-11	1.083742e-11	8.81509e-12	8.368976e-12	3.296592e-12	1.27796e-14	3.270015e-16
62	0.9697969	0.7407466	0.7392276	0.1446311	0.003555848	0.002214951	0.001844632	0.00183663	0.001834922	0.001834074	0.001832706	0.001832706	0.001832706	0.001832705	0.001371467	0.0001672464	2.468384e-06	1.97238e-08	9.261132e-09	9.122559e-09	1.588626e-09	8.234528e-10	4.328664e-10	3.360376e-10	5.179677e-11	1.079993e-11	8.784421e-12	8.339405e-12	3.284936e-12	1.272154e-14
63	0.7539216	0.739495	0.7384537	0.737469	0.1429075	0.00186055	0.0005378442	0.0001719786	0.0001697033	0.0001688525	0.0001684256	0.0001674821	0.0001674821	0.0001674821	0.0001674821	0.0001672398	0.0001672385	2.460544e-06	1.188374e-08	1.421083e-09	1.282793e-09	1.282006e-09	5.168397e-10	4.265193e-10	3.296909e-10	5.072209e-11	1.047742e-11	8.623185e-12	8.18395e-12	3.223694e-12
64	0.1318234	0.1218601	0.1189165	0.1184182	0.1184054	0.1181327	0.0007251147	0.0001932338	0.0001493327	0.0001483068	0.0001482713	0.0001479885	0.0001474786	0.0001474786	0.0001474786	0.0001474786	0.0001472372	0.000147236	1.014527e-07	9.072048e-09	6.488142e-10	5.932352e-10	5.924514e-10	4.875666e-10	3.975938e-10	3.269218e-10	5.005953e-11	1.042663e-11	8.579525e-12	8.152388e-12
65	0.001828242	0.0005271952	0.0005176281	0.0004948202	0.0004942155	0.0004941923	0.0004924312	0.0004726283	1.029612e-06	4.352343e-07	4.296693e-07	4.083032e-07	3.573174e-07	3.54939e-07	3.549339e-07	3.549273e-07	3.548627e-07	1.138631e-07	1.126128e-07	6.193402e-08	9.162404e-10	5.450475e-10	4.963923e-10	4.956096e-10	4.750403e-10	3.851953e-10	3.260307e-10	4.979367e-11	1.036477e-11	8.520287e-12
66	0.001597695	1.548343e-06	1.017249e-06	1.002317e-06	9.692974e-07	9.624228e-07	9.613308e-07	9.579009e-07	7.752592e-07	7.273547e-07	2.860945e-07	2.837538e-07	2.835083e-07	2.444356e-07	2.432322e-07	2.432272e-07	2.432206e-07	2.43156e-07	2.195452e-09	9.455103e-10	7.229497e-10	6.878678e-10	4.421547e-10	4.258603e-10	4.250777e-10	4.172142e-10	3.273837e-10	3.258827e-10	4.971556e-11	1.031686e-11
67	0.008200887	8.179086e-06	2.927097e-07	2.610411e-07	2.554528e-07	2.527054e-07	2.507097e-07	2.499889e-07	2.49717e-07	2.477415e-07	2.470895e-07	2.460846e-07	2.440354e-07	2.438304e-07	2.437339e-07	2.427671e-07	2.42762e-07	2.427554e-07	2.426909e-07	1.730359e-09	4.804461e-10	4.543641e-10	4.396863e-10	4.390859e-10	4.232959e-10	4.225133e-10	4.158058e-10	3.259753e-10	3.257347e-10	4.968648e-11
68	0.09819108	0.0005965717	3.66722e-06	2.769699e-07	2.512477e-07	2.500599e-07	2.488628e-07	2.475977e-07	2.469015e-07	2.467042e-07	2.449368e-07	2.444531e-07	2.436074e-07	2.430611e-07	2.428567e-07	2.427932e-07	2.427585e-07	2.427535e-07	2.427469e-07	2.426823e-07	1.721829e-09	4.719188e-10	4.466412e-10	4.320438e-10	4.315226e-10	4.167176e-10	4.159351e-10	4.155689e-10	3.257384e-10	3.257178e-10
69	0.1901687	0.09673743	0.0005943964	3.657558e-06	2.766627e-07	2.512246e-07	2.500385e-07	2.488428e-07	2.475783e-07	2.468822e-07	2.466849e-07	2.449175e-07	2.444339e-07	2.435881e-07	2.430419e-07	2.428414e-07	2.427779e-07	2.427432e-07	2.42742e-07	2.427409e-07	2.426821e-07	1.7218e-09	4.719137e-10	4.466362e-10	4.320387e-10	4.315175e-10	4.167125e-10	4.15933e-10	4.155669e-10	3.257384e-10
70	0.9764037	0.166999	0.08164607	0.0005913226	3.650506e-06	2.761824e-07	2.512143e-07	2.500286e-07	2.488346e-07	2.475703e-07	2.468742e-07	2.466769e-07	2.449095e-07	2.444259e-07	2.435802e-07	2.430339e-07	2.428411e-07	2.427777e-07	2.42743e-07	2.427418e-07	2.427407e-07	2.426819e-07	1.721724e-09	4.719005e-10	4.466229e-10	4.320254e-10	4.315042e-10	4.166992e-10	4.159277e-10	4.155615e-10
