#unpaired probabilities
 #i$	l=1	2	3	4	5	6	7	8	9	10	11	12	13	14	15	16	17	18	19	20	21	22	23	24	25	26	27	28	29	30	
1	0.9755703	NA	NA	NA	NA	NA	NA	NA	NA	NA	NA	NA	NA	NA	NA	NA	NA	NA	NA	NA	NA	NA	NA	NA	NA	NA	NA	NA	NA	NA
2	0.1577046	0.1570411	NA	NA	NA	NA	NA	NA	NA	NA	NA	NA	NA	NA	NA	NA	NA	NA	NA	NA	NA	NA	NA	NA	NA	NA	NA	NA	NA	NA
3	0.4156864	0.1462603	0.1461688	NA	NA	NA	NA	NA	NA	NA	NA	NA	NA	NA	NA	NA	NA	NA	NA	NA	NA	NA	NA	NA	NA	NA	NA	NA	NA	NA
4	0.997284	0.4137336	0.1455623	0.1454749	NA	NA	NA	NA	NA	NA	NA	NA	NA	NA	NA	NA	NA	NA	NA	NA	NA	NA	NA	NA	NA	NA	NA	NA	NA	NA
5	0.0390904	0.03421204	0.02487995	0.009365802	0.009611974	NA	NA	NA	NA	NA	NA	NA	NA	NA	NA	NA	NA	NA	NA	NA	NA	NA	NA	NA	NA	NA	NA	NA	NA	NA
6	0.1909818	0.03563027	0.03113085	0.02287183	0.008657699	0.008906709	NA	NA	NA	NA	NA	NA	NA	NA	NA	NA	NA	NA	NA	NA	NA	NA	NA	NA	NA	NA	NA	NA	NA	NA
7	0.3008145	0.1823367	0.0337501	0.02940034	0.02166159	0.008309943	0.008606348	NA	NA	NA	NA	NA	NA	NA	NA	NA	NA	NA	NA	NA	NA	NA	NA	NA	NA	NA	NA	NA	NA	NA
8	0.8743803	0.196129	0.08210074	0.0174846	0.0161175	0.01204356	0.004982661	0.005332932	NA	NA	NA	NA	NA	NA	NA	NA	NA	NA	NA	NA	NA	NA	NA	NA	NA	NA	NA	NA	NA	NA
9	0.8600952	0.8445095	0.1716893	0.05963071	0.01356045	0.01285306	0.009679139	0.004139742	0.004489619	NA	NA	NA	NA	NA	NA	NA	NA	NA	NA	NA	NA	NA	NA	NA	NA	NA	NA	NA	NA	NA
10	0.8651623	0.8476237	0.8386692	0.1661215	0.05429196	0.01243596	0.01183048	0.008957795	0.00392525	0.004302888	NA	NA	NA	NA	NA	NA	NA	NA	NA	NA	NA	NA	NA	NA	NA	NA	NA	NA	NA	NA
11	0.8768376	0.8630897	0.8465891	0.8378232	0.1654176	0.05381483	0.01235063	0.0117564	0.008903701	0.003906113	0.004283925	NA	NA	NA	NA	NA	NA	NA	NA	NA	NA	NA	NA	NA	NA	NA	NA	NA	NA	NA
12	0.1829376	0.07604574	0.06971814	0.0587041	0.04797467	0.03373661	0.01493364	0.00299952	0.002674657	0.001997601	0.0007784189	0.0008107011	NA	NA	NA	NA	NA	NA	NA	NA	NA	NA	NA	NA	NA	NA	NA	NA	NA	NA
13	0.1711821	0.1424347	0.03768054	0.03420175	0.0291547	0.02508718	0.01688465	0.01061678	0.002012854	0.001734892	0.001268135	0.0004545687	0.0004544689	NA	NA	NA	NA	NA	NA	NA	NA	NA	NA	NA	NA	NA	NA	NA	NA	NA
14	0.4782268	0.1701993	0.1415894	0.03677826	0.03323348	0.02905041	0.02499735	0.01680657	0.01055817	0.002003285	0.001726428	0.001262021	0.0004525168	0.0004525074	NA	NA	NA	NA	NA	NA	NA	NA	NA	NA	NA	NA	NA	NA	NA	NA
15	0.4474693	0.1220447	0.1178101	0.1144084	0.01082913	0.008901377	0.008391512	0.007952555	0.002893544	0.00185943	0.0003480377	0.0002968372	0.0002155178	7.862377e-05	7.969168e-05	NA	NA	NA	NA	NA	NA	NA	NA	NA	NA	NA	NA	NA	NA	NA
16	0.04313194	0.02629513	0.007913211	0.004940494	0.002641711	0.002531962	0.001526707	0.001288887	0.001095478	0.0009346408	0.0008760853	0.0001544215	0.0001269237	9.20469e-05	3.211399e-05	3.175066e-05	NA	NA	NA	NA	NA	NA	NA	NA	NA	NA	NA	NA	NA	NA
17	0.09967097	0.03810283	0.02260858	0.006497128	0.003954818	0.001998586	0.001929431	0.001377677	0.001175291	0.001011786	0.0008779997	0.0008297118	0.0001455998	0.0001193397	8.64509e-05	2.997198e-05	2.953066e-05	NA	NA	NA	NA	NA	NA	NA	NA	NA	NA	NA	NA	NA
18	0.3303782	0.09943109	0.03792498	0.02250357	0.006429824	0.00390322	0.001975554	0.001907691	0.001366421	0.001168666	0.001007934	0.0008768228	0.0008291623	0.0001453573	0.0001190842	8.624293e-05	2.985861e-05	2.939524e-05	NA	NA	NA	NA	NA	NA	NA	NA	NA	NA	NA	NA
19	0.9329138	0.3300707	0.09931618	0.03782966	0.02245115	0.006391046	0.003871641	0.001961842	0.001894994	0.001360763	0.001164946	0.001005826	0.0008762187	0.0008289121	0.0001452613	0.0001189787	8.615628e-05	2.981236e-05	2.934058e-05	NA	NA	NA	NA	NA	NA	NA	NA	NA	NA	NA
20	0.9542136	0.9017477	0.3043168	0.09047695	0.03024964	0.0181954	0.003387127	0.001489268	0.0009059108	0.0009060082	0.0008881041	0.0008587066	0.0008328412	0.0008321625	0.0008124788	0.0001358258	0.0001078613	7.698336e-05	2.461505e-05	2.306537e-05	NA	NA	NA	NA	NA	NA	NA	NA	NA	NA
21	0.9593797	0.952661	0.9007133	0.303322	0.09025304	0.03011497	0.01812358	0.003336578	0.001456527	0.0008908672	0.0008918109	0.0008804335	0.0008536158	0.0008299955	0.000831493	0.0008122401	0.0001356818	0.0001076938	7.684435e-05	2.453593e-05	2.296973e-05	NA	NA	NA	NA	NA	NA	NA	NA	NA
22	0.9579517	0.9550959	0.9481877	0.8981757	0.300744	0.08947953	0.03008833	0.01810324	0.003317847	0.001447757	0.0008878508	0.0008887545	0.0008778984	0.0008530335	0.000829648	0.0008313717	0.0008121667	0.0001356642	0.0001076739	7.682811e-05	2.452712e-05	2.295924e-05	NA	NA	NA	NA	NA	NA	NA	NA
23	0.5112067	0.4845305	0.4591332	0.427428	0.3500093	0.3007423	0.08947875	0.03008774	0.01810299	0.003317704	0.00144768	0.000887802	0.0008887057	0.0008778525	0.0008529899	0.0008296345	0.0008313628	0.0008121639	0.0001356636	0.0001076733	7.68276e-05	2.452689e-05	2.295898e-05	NA	NA	NA	NA	NA	NA	NA
24	0.465649	0.4424512	0.4137466	0.3851538	0.3498816	0.2686093	0.2149869	0.08643452	0.02907876	0.01705806	0.002236185	0.001394437	0.0008857499	0.0008866336	0.0008757622	0.0008511557	0.0008277839	0.000829439	0.0008101664	0.0001353362	0.0001074138	7.66428e-05	2.446839e-05	2.290454e-05	NA	NA	NA	NA	NA	NA
25	0.05645062	0.05427516	0.05468551	0.05193656	0.04891979	0.04147169	0.01996485	0.01546821	0.007273642	0.003658353	0.001868794	0.000583015	0.0003061127	0.0002052842	0.0002070465	0.0001976638	0.00016871	0.00013474	0.0001045035	5.130561e-05	9.392054e-06	7.924282e-06	5.761636e-06	2.001956e-06	1.967241e-06	NA	NA	NA	NA	NA
26	0.09223459	0.03799972	0.03828411	0.03884751	0.03642823	0.03392794	0.03119701	0.01305192	0.01116754	0.005500067	0.002947526	0.001355779	0.0004782932	0.0002079295	0.000110794	0.0001055645	9.871533e-05	8.536916e-05	7.043466e-05	5.749268e-05	3.594164e-05	6.8408e-06	5.908185e-06	4.324964e-06	1.545214e-06	1.54076e-06	NA	NA	NA	NA
27	0.2445032	0.0690089	0.03098031	0.03131789	0.03183947	0.02950151	0.02696345	0.02418021	0.007052092	0.005516352	0.002661904	0.00198133	0.000794876	0.0004179222	0.0001680621	8.729163e-05	8.239221e-05	7.584321e-05	6.227384e-05	4.684392e-05	3.268023e-05	9.71431e-06	2.216448e-06	2.109752e-06	1.63872e-06	7.27017e-07	7.995524e-07	NA	NA	NA
28	0.712278	0.2270666	0.05964262	0.02155391	0.02151006	0.0216216	0.01883554	0.01580595	0.01248194	0.006984044	0.005460815	0.002638902	0.001973794	0.000790352	0.0004173506	0.0001676595	8.701605e-05	8.211096e-05	7.555823e-05	6.200841e-05	4.659495e-05	3.244029e-05	9.49611e-06	2.179671e-06	2.080377e-06	1.61778e-06	7.203885e-07	7.93394e-07	NA	NA
29	0.9872191	0.7113267	0.2261783	0.05926063	0.0212662	0.0212108	0.02130934	0.01850965	0.01546598	0.01212501	0.006609209	0.005428741	0.002628185	0.001964322	0.0007869051	0.0004168302	0.000167234	8.691445e-05	8.204666e-05	7.553244e-05	6.198659e-05	4.657621e-05	3.242329e-05	9.477133e-06	2.159345e-06	2.055144e-06	1.597933e-06	7.133693e-07	7.898966e-07	NA
30	0.1350755	0.1393356	0.0514955	0.02732976	0.003254806	0.0005842544	0.000588179	0.000609227	0.0006050524	0.0006120275	0.0006198157	0.0005547364	0.0005425197	0.0002360312	0.0002253635	0.0001366568	0.0001140594	9.778003e-05	2.365346e-05	1.424622e-05	4.448041e-06	2.89192e-06	1.643226e-06	4.312547e-07	1.890392e-07	1.540121e-07	1.878914e-07	1.615751e-07	9.68056e-08	1.191633e-07
31	0.09912928	0.1000168	0.1032914	0.04139255	0.02235307	0.002816852	0.0004446158	0.0004478889	0.0004672087	0.0004764498	0.0004978609	0.0005214856	0.0004960043	0.000495494	0.0002182168	0.0002114144	0.000130198	0.000109962	9.649749e-05	2.255274e-05	1.308139e-05	3.291298e-06	2.036813e-06	1.130131e-06	2.481694e-07	1.356905e-07	1.394177e-07	1.731087e-07	1.497264e-07	9.093987e-08
32	0.02436947	0.01278038	0.01237717	0.01279007	0.002237421	0.001734882	9.618961e-05	1.849993e-05	1.339204e-05	1.395129e-05	1.064133e-05	1.108982e-05	1.159307e-05	1.106285e-05	1.107185e-05	5.337446e-06	5.08087e-06	2.848372e-06	2.327869e-06	1.937235e-06	4.541381e-07	2.639444e-07	6.735409e-08	4.207975e-08	2.386237e-08	6.103967e-09	3.883233e-09	3.08116e-09	3.746258e-09	3.198117e-09
33	0.1784379	0.02077103	0.01072652	0.01033903	0.01068534	0.001345642	0.001239112	2.563529e-05	3.874694e-06	3.935123e-06	4.085802e-06	5.293683e-07	5.224984e-07	5.233816e-07	4.698608e-07	4.503922e-07	2.362786e-07	1.508565e-07	5.351624e-08	1.175662e-08	9.209791e-09	3.031667e-09	2.390706e-09	1.527763e-09	1.365695e-09	1.240009e-09	1.158788e-09	1.17936e-09	2.859808e-10	2.741861e-10
34	0.08435924	0.03824664	0.01029531	0.0005339295	0.0003935542	0.0003998956	9.671358e-05	7.480763e-05	3.774176e-06	4.382066e-07	4.257439e-07	4.24713e-07	4.158533e-07	4.049016e-07	4.01279e-07	3.471304e-07	3.236089e-07	1.513661e-07	7.076579e-08	3.51301e-08	4.950915e-09	3.586835e-09	1.663843e-09	1.536066e-09	1.261341e-09	1.192825e-09	1.137267e-09	1.124178e-09	1.155455e-09	2.626934e-10
35	0.1236637	0.07974632	0.03636346	0.01024443	0.0005157028	0.0003759164	0.0003816595	9.480885e-05	7.331444e-05	3.734431e-06	4.286929e-07	4.159915e-07	4.145827e-07	4.054115e-07	4.022444e-07	3.98611e-07	3.446851e-07	3.212285e-07	1.505262e-07	7.002849e-08	3.48216e-08	4.836193e-09	3.49192e-09	1.624957e-09	1.501157e-09	1.241147e-09	1.176021e-09	1.131962e-09	1.122072e-09	1.153977e-09
36	0.8741151	0.1221732	0.07924277	0.03608261	0.01014843	0.0004702699	0.0003667645	0.0003722465	9.267988e-05	7.19972e-05	2.990059e-06	4.104074e-07	4.001742e-07	3.982082e-07	3.889894e-07	3.852095e-07	3.817539e-07	3.279333e-07	3.040908e-07	1.405561e-07	6.080132e-08	3.24748e-08	4.169299e-09	2.937334e-09	1.48548e-09	1.411033e-09	1.205589e-09	1.149714e-09	1.11331e-09	1.110676e-09
37	0.4703677	0.4429011	0.1057572	0.07066448	0.03393408	0.009964981	0.0004628883	0.0003614121	0.0003668899	9.048618e-05	7.003187e-05	2.681076e-06	3.563415e-07	3.450801e-07	3.409095e-07	3.312825e-07	3.256699e-07	3.19922e-07	2.673363e-07	2.424662e-07	1.145159e-07	3.834338e-08	2.269917e-08	2.907634e-09	1.928443e-09	1.158839e-09	1.149656e-09	1.07439e-09	1.046059e-09	1.029283e-09
38	0.1943715	0.1574027	0.1250607	0.09542847	0.06948459	0.03341531	0.009828009	0.0004381451	0.0003370593	0.0003424978	6.675143e-05	4.569729e-05	2.163181e-06	2.121447e-07	1.979705e-07	1.876865e-07	1.752741e-07	1.630214e-07	1.496989e-07	1.197936e-07	9.701482e-08	3.693638e-08	1.277276e-08	7.562851e-09	1.092502e-09	7.098435e-10	4.364606e-10	4.360032e-10	4.01703e-10	3.796317e-10
39	0.0252194	0.02070379	0.0155512	0.005922234	0.004452374	0.003274903	0.00182417	0.0007895038	0.0003463694	0.0003322694	0.0003380351	6.350831e-05	4.324907e-05	1.485924e-06	1.914702e-08	1.640861e-08	1.64571e-08	1.551595e-08	1.458159e-08	1.357205e-08	1.00725e-08	8.879167e-09	2.483434e-09	1.530248e-09	8.445746e-10	3.397652e-10	2.135609e-10	1.274235e-10	1.277188e-10	9.837786e-11
40	0.03142301	0.0205011	0.01715296	0.01252049	0.003390319	0.002511433	0.001885427	0.0009927445	0.0005168393	0.0003242969	0.0003314153	0.0003371617	6.271427e-05	4.319079e-05	1.466902e-06	1.375338e-08	1.118511e-08	1.137829e-08	1.061142e-08	9.832813e-09	8.996502e-09	7.001166e-09	6.624051e-09	1.716066e-09	1.242206e-09	6.516321e-10	2.911556e-10	1.689613e-10	8.616408e-11	8.359475e-11
41	0.01367021	0.001835265	0.001118061	0.0005545206	0.0005162579	0.0005131962	0.0003540987	0.0003162288	0.0003116982	0.0003146572	0.0003220255	0.0003310856	0.0003368328	6.256038e-05	4.308309e-05	1.441115e-06	5.426051e-09	2.840032e-09	2.941473e-09	3.008991e-09	3.119864e-09	3.257139e-09	3.325904e-09	3.454907e-09	4.194406e-10	1.983409e-10	1.82895e-10	1.207788e-11	6.233862e-12	3.21999e-12
42	0.1561888	0.01237602	0.0009025374	0.0003635503	0.000336253	0.0003109686	0.0003064685	0.0003111762	0.0003007393	0.0003013615	0.0003078989	0.0003166973	0.0003255958	0.0003368232	6.255363e-05	4.307665e-05	1.4407e-06	5.271401e-09	2.682623e-09	2.781095e-09	2.852555e-09	2.966339e-09	3.10647e-09	3.198747e-09	3.333422e-09	3.954065e-10	1.801609e-10	1.699794e-10	8.940726e-12	4.093816e-12
43	0.5756767	0.06188788	0.01214001	0.0007798145	0.0003124391	0.0003024308	0.0002789332	0.0002809139	0.0002866339	0.0002918907	0.0002993422	0.0003072811	0.0003166842	0.0003255884	0.0003368155	6.254711e-05	4.307013e-05	1.440024e-06	4.974651e-09	2.391616e-09	2.478454e-09	2.545277e-09	2.649649e-09	2.77815e-09	2.874099e-09	3.001292e-09	3.462592e-10	1.4651e-10	1.362182e-10	7.487008e-12
44	0.7098962	0.5649593	0.05140936	0.001494886	0.0002818104	8.041062e-05	6.82798e-05	6.473816e-05	6.151452e-05	6.097362e-05	5.967179e-05	6.009293e-05	6.056286e-05	6.201042e-05	6.242551e-05	6.457808e-05	6.25471e-05	4.307012e-05	1.440017e-06	4.966895e-09	2.383542e-09	2.470033e-09	2.536495e-09	2.649237e-09	2.777737e-09	2.873716e-09	3.0012e-09	3.46218e-10	1.464745e-10	1.362003e-10
45	0.7095002	0.6860067	0.5635226	0.05061231	0.0007469271	0.000210284	5.797459e-05	4.780227e-05	4.426371e-05	4.068494e-05	3.958219e-05	3.775756e-05	3.753326e-05	3.785637e-05	3.872168e-05	4.000861e-05	4.138818e-05	4.15304e-05	4.306806e-05	1.439515e-06	4.756204e-09	2.16554e-09	2.242602e-09	2.317732e-09	2.420631e-09	2.538906e-09	2.626239e-09	2.743418e-09	3.28281e-10	1.345753e-10
46	0.7367743	0.705909	0.6828868	0.5634263	0.05058791	0.0007282412	0.0002069845	5.669535e-05	4.650983e-05	4.324601e-05	3.964468e-05	3.851298e-05	3.665779e-05	3.640082e-05	3.668902e-05	3.751689e-05	3.876365e-05	4.01003e-05	4.15304e-05	4.306806e-05	1.439514e-06	4.75535e-09	2.164651e-09	2.241675e-09	2.316764e-09	2.419651e-09	2.537879e-09	2.625161e-09	2.743397e-09	3.282735e-10
47	0.7472777	0.6564414	0.6542568	0.645254	0.5538665	0.04766896	0.000239311	0.0001184618	1.727862e-05	7.110348e-06	4.575813e-06	4.270178e-06	2.600576e-06	2.072456e-06	1.730379e-06	1.347211e-06	1.208067e-06	1.246239e-06	1.289199e-06	1.334429e-06	1.383565e-06	1.43617e-06	2.748226e-09	8.173684e-11	6.893168e-11	6.574134e-11	6.71598e-11	6.930407e-11	6.750571e-11	6.870112e-11
48	0.3959083	0.2050376	0.1032519	0.08916433	0.067675	0.04986584	0.04704644	0.0002285869	0.0001124633	1.4917e-05	4.710812e-06	3.457156e-06	3.166513e-06	1.473622e-06	9.506728e-07	5.835353e-07	1.736196e-07	5.061188e-09	3.488103e-09	3.594605e-09	3.016716e-09	2.924365e-09	2.708873e-09	2.707697e-09	4.703028e-11	3.272895e-11	2.835109e-11	2.862203e-11	2.888629e-11	2.581524e-11
49	0.404793	0.350078	0.1613662	0.05912965	0.04455523	0.02281964	0.005203444	0.001718107	0.0002232623	0.0001088931	1.472864e-05	4.546929e-06	3.314941e-06	3.053344e-06	1.37994e-06	8.986394e-07	5.539964e-07	1.635989e-07	2.630267e-09	1.070477e-09	1.094097e-09	4.604577e-10	2.833986e-10	7.39049e-11	3.376133e-11	3.480988e-11	1.999523e-11	1.518475e-11	1.487664e-11	1.454659e-11
50	0.3921796	0.3608927	0.3359178	0.1470784	0.04467402	0.02986461	0.02260721	0.005074738	0.00161288	0.0001259069	0.0001088216	1.470915e-05	4.528902e-06	3.298248e-06	3.039323e-06	1.367997e-06	8.922198e-07	5.50934e-07	1.626656e-07	2.568601e-09	1.015898e-09	1.037778e-09	4.236899e-10	2.543096e-10	5.726344e-11	1.81793e-11	1.858689e-11	1.91511e-11	1.431607e-11	1.397303e-11
51	0.4301256	0.3902181	0.359503	0.3347473	0.1462985	0.04390812	0.02911658	0.02187573	0.004966504	0.001516504	5.555084e-05	3.678412e-05	1.462959e-05	4.514064e-06	3.289266e-06	3.031526e-06	1.361057e-06	8.895217e-07	5.492283e-07	1.62212e-07	2.530047e-09	9.80988e-10	1.001694e-09	4.028361e-10	2.398018e-10	5.164379e-11	1.363053e-11	1.386028e-11	1.421976e-11	1.375978e-11
52	0.473568	0.4286677	0.3898041	0.3591032	0.3346732	0.1462594	0.04388	0.0290983	0.02186306	0.004961331	0.00151508	5.53999e-05	3.6647e-05	1.449573e-05	4.505315e-06	3.287817e-06	3.030262e-06	1.360002e-06	8.887847e-07	5.487572e-07	1.620684e-07	2.527075e-09	9.793472e-10	1.000004e-09	4.025883e-10	2.396595e-10	5.16091e-11	1.361466e-11	1.3844e-11	1.420296e-11
53	0.5501841	0.2912252	0.2668083	0.2261114	0.1922024	0.1645474	0.1457735	0.04340464	0.02869135	0.02158929	0.004890099	0.00147943	3.461395e-05	1.555807e-05	4.564763e-06	4.431064e-06	3.23523e-06	2.982413e-06	1.314479e-06	8.831559e-07	5.454778e-07	1.612211e-07	2.414217e-09	8.718449e-10	8.888729e-10	3.562537e-10	2.047592e-10	4.220239e-11	1.153572e-11	1.171202e-11
54	0.9167805	0.4982891	0.288809	0.2652419	0.2260829	0.1921976	0.164544	0.1457701	0.0434025	0.02868948	0.02158782	0.004889056	0.001478461	3.364373e-05	1.456393e-05	3.545262e-06	3.388903e-06	3.235182e-06	2.982378e-06	1.314452e-06	8.831516e-07	5.45475e-07	1.6122e-07	2.413834e-09	8.714576e-10	8.884724e-10	3.559526e-10	2.04494e-10	4.214467e-11	1.152442e-11
55	0.2804227	0.268375	0.216802	0.2022031	0.1843702	0.1438577	0.1085846	0.0809438	0.0604058	0.04326577	0.02860741	0.02156208	0.004882726	0.001475115	3.229433e-05	1.321067e-05	2.168344e-06	1.976507e-06	1.785416e-06	1.576505e-06	1.293798e-06	8.822797e-07	5.450312e-07	1.610345e-07	2.362323e-09	8.201306e-10	8.35483e-10	3.316288e-10	1.829362e-10	3.811171e-11
56	0.2535399	0.2370179	0.2262139	0.1885646	0.1768093	0.1602372	0.1192764	0.09983114	0.07210442	0.05138872	0.03918886	0.02852279	0.02152648	0.00487623	0.001472412	3.214006e-05	1.309084e-05	2.059398e-06	1.865651e-06	1.672231e-06	1.463477e-06	1.229586e-06	8.809381e-07	5.444661e-07	1.607593e-07	2.241865e-09	6.983582e-10	7.097808e-10	2.932796e-10	1.566701e-10
57	0.256748	0.2277865	0.2160882	0.2076368	0.179063	0.170444	0.1542821	0.1132814	0.0953879	0.07031585	0.04957457	0.03747143	0.02736668	0.02146464	0.00485832	0.001466786	3.196471e-05	1.303271e-05	2.028751e-06	1.835205e-06	1.641874e-06	1.434112e-06	1.200632e-06	8.608962e-07	5.434149e-07	1.604199e-07	2.162796e-09	6.199824e-10	6.326251e-10	2.396983e-10
58	0.3598047	0.2300218	0.2088168	0.2015622	0.1969529	0.1741616	0.1681074	0.1528969	0.1122489	0.09444375	0.06940099	0.04897042	0.03688454	0.02684844	0.0211089	0.004787234	0.001446159	3.156033e-05	1.287083e-05	1.988273e-06	1.79712e-06	1.608828e-06	1.403361e-06	1.173254e-06	8.466984e-07	5.321394e-07	1.591933e-07	1.890626e-09	3.667043e-10	3.706338e-10
59	0.2923699	0.2084179	0.197353	0.1911767	0.1860833	0.1820904	0.1638355	0.1581574	0.1428819	0.1026287	0.08463769	0.05939454	0.03937712	0.02708501	0.01683982	0.0108894	0.004777572	0.001440857	2.786067e-05	9.102552e-06	1.975811e-06	1.784863e-06	1.59667e-06	1.391227e-06	1.161194e-06	8.372161e-07	5.229504e-07	1.590048e-07	1.784385e-09	2.616034e-10
60	0.3110472	0.2305193	0.1851187	0.1755822	0.1693261	0.164039	0.1597448	0.1440001	0.1380438	0.122411	0.1020002	0.08399875	0.05874456	0.03926736	0.02697342	0.01672682	0.01077537	0.004682589	0.001440397	2.776483e-05	9.009419e-06	1.911122e-06	1.726871e-06	1.537337e-06	1.331216e-06	1.099989e-06	8.357816e-07	5.219933e-07	1.587846e-07	1.627856e-09
61	0.4598194	0.1969205	0.1708848	0.1404379	0.1396255	0.1405819	0.1420576	0.1439499	0.1358509	0.1337826	0.1184518	0.1016254	0.08362051	0.05836095	0.03912055	0.02682466	0.01660678	0.01070697	0.004668121	0.001427749	2.769642e-05	8.978418e-06	1.89639e-06	1.712332e-06	1.526101e-06	1.323118e-06	1.092722e-06	8.354407e-07	5.217731e-07	1.587115e-07
62	0.3292914	0.2648042	0.09895106	0.08448454	0.06835158	0.0675157	0.06755969	0.06790076	0.06848157	0.06349265	0.06096665	0.04494174	0.02708227	0.02222834	0.02012233	0.01798595	0.01677252	0.01444581	0.009324812	0.003899634	0.0009877151	1.880091e-05	5.976132e-06	1.098686e-06	9.659207e-07	8.301984e-07	6.79609e-07	5.343173e-07	3.677631e-07	1.992993e-07
63	0.388215	0.2138001	0.1825701	0.09698267	0.08296933	0.06692132	0.06662689	0.06669341	0.06703467	0.06760495	0.06321049	0.06070286	0.04473609	0.02694702	0.02210943	0.02001092	0.01791963	0.01671105	0.0143938	0.009289311	0.003886705	0.0009849915	1.873307e-05	5.942794e-06	1.07956e-06	9.471743e-07	8.114128e-07	6.666136e-07	5.215748e-07	3.666229e-07
64	0.2483433	0.08802082	0.06935858	0.05223752	0.01020733	0.006447361	0.005389857	0.004795952	0.00430864	0.003775974	0.003355813	0.002250269	0.001779156	0.0004891118	0.0004635654	0.0004550103	0.0004563989	0.00042823	0.0004327551	0.0003660638	0.0002002868	1.602796e-05	8.76692e-06	1.837792e-07	6.216097e-08	1.584102e-08	1.46032e-08	1.337451e-08	9.526334e-09	6.129342e-09
65	0.1692675	0.1167631	0.06822711	0.0553048	0.04114884	0.007598469	0.003972698	0.003055314	0.002457126	0.001956865	0.00147941	0.001043501	0.0004137731	5.789954e-05	2.382372e-05	2.335283e-05	1.720152e-05	1.569465e-05	1.421279e-05	1.333633e-05	1.00088e-05	5.338871e-06	4.718428e-07	2.660561e-07	6.110623e-09	2.388343e-09	9.830205e-10	8.850423e-10	8.262009e-10	6.110767e-10
66	0.1256521	0.09395133	0.06916618	0.03891544	0.02644994	0.01476316	0.00726902	0.003775812	0.002876681	0.002288364	0.001795977	0.001330851	0.0009036206	0.0003115086	4.259388e-05	1.676876e-05	1.639016e-05	1.098776e-05	1.048304e-05	1.002515e-05	9.806199e-06	7.572386e-06	3.994413e-06	3.319636e-07	1.878363e-07	4.123032e-09	1.476285e-09	4.789482e-10	4.237074e-10	3.846324e-10
67	0.2030168	0.07876884	0.06342899	0.04529247	0.02954799	0.01821524	0.007816491	0.00434091	0.003423227	0.002592173	0.002038728	0.001575201	0.001140692	0.0007400216	0.0002845064	3.353395e-05	9.341184e-06	8.871436e-06	8.72885e-06	8.733711e-06	8.794478e-06	8.906793e-06	7.039978e-06	3.706169e-06	2.885729e-07	1.63849e-07	3.458601e-09	1.143997e-09	2.722306e-10	2.487329e-10
68	0.4823367	0.111808	0.01262582	0.009999819	0.007055922	0.004955492	0.003328258	0.002061922	0.0003602297	0.0002817079	0.0002155086	0.0001713449	0.0001344564	9.942066e-05	6.74604e-05	2.322358e-05	3.092243e-06	9.348675e-07	8.86399e-07	7.83477e-07	7.796722e-07	7.811725e-07	7.892816e-07	6.266912e-07	3.355027e-07	3.85073e-08	2.416043e-08	5.499853e-10	2.119591e-10	8.740985e-11
69	0.7281854	0.468136	0.1099372	0.01115703	0.008810709	0.006227091	0.004389092	0.003005087	0.001928308	0.000279733	0.0002180441	0.00016717	0.000133347	0.0001050905	7.814345e-05	5.362653e-05	1.779576e-05	2.327586e-06	7.271855e-07	6.897937e-07	5.880696e-07	5.83524e-07	5.838065e-07	5.893225e-07	4.648518e-07	2.495303e-07	3.176768e-08	2.032679e-08	4.693448e-10	1.848337e-10
70	0.4226854	0.3243805	0.107947	0.1018774	0.005153102	0.003614596	0.002677274	0.001754327	0.0009980928	0.0006888871	6.471187e-05	5.080045e-05	4.005884e-05	3.316619e-05	2.741807e-05	2.184056e-05	1.678869e-05	3.869152e-06	5.94026e-07	1.587566e-07	1.427547e-07	1.337116e-07	1.307273e-07	1.291246e-07	1.295609e-07	1.03474e-07	5.6141e-08	7.406852e-09	4.044953e-09	1.317714e-10
71	0.2703769	0.2563254	0.2043662	0.09777846	0.09667186	0.004057704	0.002649626	0.00187174	0.001068055	0.0003868553	0.0002366012	5.088714e-05	4.121372e-05	3.27161e-05	2.730609e-05	2.279547e-05	1.84222e-05	1.44435e-05	3.068396e-06	4.710961e-07	1.079353e-07	1.007035e-07	9.876169e-08	9.685858e-08	9.641612e-08	9.709957e-08	7.745241e-08	4.149867e-08	4.398198e-09	2.687213e-09
72	0.1922038	0.1415333	0.1399284	0.1079037	0.09333603	0.09443367	0.002332794	0.001062748	0.0005604347	0.0002601082	0.0001656689	0.0001204202	8.559056e-06	7.009745e-06	5.712076e-06	5.112096e-06	4.617537e-06	4.113728e-06	3.672988e-06	5.036601e-07	1.702972e-07	2.497999e-08	2.303692e-08	2.165806e-08	1.95412e-08	1.861092e-08	1.829665e-08	1.503939e-08	8.518904e-09	1.614726e-09
73	0.8351563	0.1739815	0.1383886	0.1379705	0.1066116	0.09313756	0.09423855	0.002143629	0.0008831446	0.0005448282	0.0002580659	0.0001639525	0.0001192412	8.011622e-06	6.514569e-06	5.537909e-06	4.947567e-06	4.46066e-06	3.964862e-06	3.53092e-06	4.032744e-07	7.386505e-08	2.409187e-08	2.217265e-08	2.097409e-08	1.901248e-08	1.817834e-08	1.792376e-08	1.476958e-08	8.356578e-09
74	0.3045032	0.2028773	0.08456606	0.04945386	0.04807949	0.0181974	0.003524727	0.003298935	0.0007577075	0.0006408783	0.0003302006	0.0001452735	5.254568e-05	3.373851e-05	6.460304e-06	5.326183e-06	4.356612e-06	3.762845e-06	3.270194e-06	2.777718e-06	2.334477e-06	3.703883e-07	6.82287e-08	2.125311e-08	1.987869e-08	1.90967e-08	1.76131e-08	1.725783e-08	1.719851e-08	1.424946e-08
75	0.2253157	0.2096233	0.1108777	0.07704505	0.04335799	0.04204222	0.01258001	0.001937168	0.001694486	0.0005749246	0.0005441021	0.0002377488	7.399418e-05	3.592972e-05	2.110324e-05	6.034976e-06	4.974163e-06	4.024889e-06	3.442023e-06	2.957623e-06	2.474605e-06	2.03752e-06	3.32633e-07	4.30671e-08	1.46705e-08	1.398818e-08	1.328847e-08	1.182861e-08	1.150856e-08	1.139927e-08
76	0.2289993	0.1517198	0.1417804	0.04811179	0.02856566	0.02262204	0.0212157	0.01214984	0.0016332	0.001388815	0.0002717671	0.0002403915	0.000192901	6.919389e-05	3.260206e-05	1.930732e-05	5.371919e-06	4.458029e-06	3.66184e-06	3.147974e-06	2.721267e-06	2.293684e-06	1.906875e-06	2.946479e-07	3.715426e-08	1.211176e-08	1.147457e-08	1.085942e-08	1.053675e-08	1.02834e-08
77	0.2125769	0.1525354	0.1381949	0.1286143	0.04617408	0.0267059	0.02075538	0.0193328	0.01035011	0.0003088318	0.0002859882	0.0002525335	0.0002351481	0.0001882766	6.667197e-05	3.02913e-05	1.754196e-05	5.322316e-06	4.420853e-06	3.628581e-06	3.115854e-06	2.689992e-06	2.263323e-06	1.877074e-06	2.909632e-07	3.542433e-08	1.070447e-08	1.00603e-08	9.4948e-09	9.198658e-09
78	0.6976467	0.0632631	0.02235051	0.02228322	0.02240309	0.02207831	0.02202844	0.0184359	0.01841943	0.009825664	0.0001624127	0.0001588292	0.0001571265	0.0001539469	0.000125006	1.673807e-05	1.349108e-05	1.054916e-05	1.182562e-06	1.149272e-06	1.146658e-06	1.164123e-06	1.182342e-06	1.172463e-06	1.170009e-06	1.928897e-08	3.756272e-09	1.945981e-09	1.747047e-09	1.225653e-09
79	0.6968028	0.642318	0.02370802	0.0107036	0.01063147	0.01068658	0.01023807	0.01031708	0.0100629	0.009929948	0.009774524	0.0001575896	0.0001541273	0.0001524297	0.0001494128	0.000121725	1.661724e-05	1.338956e-05	1.047937e-05	1.143938e-06	1.122556e-06	1.140403e-06	1.158808e-06	1.177801e-06	1.168652e-06	1.166858e-06	1.715111e-08	2.058482e-09	3.410228e-10	2.069725e-10
80	0.7503209	0.642682	0.6388219	0.02210891	0.01035993	0.0103413	0.01041914	0.01007335	0.01015147	0.009895232	0.009760079	0.009603623	0.0001547301	0.0001528058	0.0001523628	0.000149368	0.0001216857	1.658574e-05	1.33736e-05	1.046754e-05	1.143127e-06	1.121899e-06	1.139856e-06	1.158365e-06	1.177422e-06	1.168318e-06	1.166553e-06	1.696864e-08	1.9087e-09	2.300276e-10
81	0.7476608	0.6554	0.6304214	0.6309431	0.006802033	0.001105974	0.001016677	0.001016103	0.0006335703	0.0006081157	0.0004419363	0.0003307096	0.0001043738	8.896781e-05	8.652611e-05	8.53758e-05	8.23466e-05	5.972162e-05	1.227481e-05	1.043029e-05	8.069023e-06	5.013996e-07	4.769794e-07	4.841017e-07	4.917591e-07	4.996314e-07	4.896389e-07	4.890615e-07	7.264562e-09	7.326259e-10
82	0.7853797	0.7445247	0.6526102	0.6338274	0.6356893	0.003348317	0.0007268129	0.0006344293	0.0006298917	0.0003064232	0.0002926918	0.0002579251	0.0002403777	5.156146e-05	4.591784e-05	4.644329e-05	4.479693e-05	4.172526e-05	2.211031e-05	9.681095e-06	8.666135e-06	6.630212e-06	1.111992e-07	8.454682e-08	8.484407e-08	8.566983e-08	8.651842e-08	7.571062e-08	7.564044e-08	1.504077e-09
83	0.9117935	0.786561	0.7493609	0.6564985	0.6410969	0.643727	0.003002921	0.0005639769	0.0004692462	0.0004624887	0.0001656917	0.0001518157	0.0001304597	0.0001234102	2.618667e-05	2.334998e-05	2.357379e-05	2.185107e-05	2.020292e-05	1.061561e-05	4.765442e-06	4.277394e-06	3.267705e-06	4.780766e-08	3.395525e-08	3.344666e-08	3.336864e-08	3.336863e-08	2.959652e-08	2.936979e-08
84	0.1766733	0.1769785	0.07055421	0.0443903	0.01320254	0.004020458	0.002594182	0.002534664	0.0002751546	0.0002723233	0.0002755281	1.410016e-05	1.305167e-05	8.13858e-06	7.467983e-06	3.265421e-06	2.857713e-06	2.815184e-06	1.015349e-06	7.121896e-07	5.016043e-07	1.937175e-07	1.77942e-07	1.36733e-07	3.671058e-09	3.109757e-09	3.118499e-09	3.146921e-09	3.180091e-09	3.135364e-09
85	0.2334698	0.1626569	0.1633671	0.05872356	0.03289384	0.001626609	0.001450317	0.0001211406	2.811091e-05	1.786601e-05	1.186972e-05	1.185464e-05	1.123713e-05	1.067206e-05	5.87617e-06	5.339905e-06	2.555226e-06	2.473847e-06	2.507647e-06	6.818897e-07	3.977846e-07	3.473782e-07	1.13592e-07	1.093098e-07	8.448943e-08	2.860218e-09	2.543361e-09	2.582197e-09	2.627624e-09	2.674417e-09
86	0.1561147	0.1444301	0.1410298	0.1415475	0.03656397	0.03224044	0.001535976	0.001422466	9.53517e-05	1.543217e-05	8.823306e-06	3.621892e-06	3.493331e-06	3.29484e-06	3.108862e-06	2.979068e-06	2.900624e-06	2.173651e-06	2.178326e-06	2.212336e-06	3.575413e-07	8.485059e-08	7.337576e-08	3.165147e-08	3.106256e-08	2.394099e-08	5.743482e-10	4.732606e-10	4.764148e-10	4.822252e-10
87	0.3310436	0.1556545	0.1438676	0.1417265	0.1431055	0.03692799	0.03260596	0.001548339	0.001439737	9.56744e-05	1.478885e-05	8.494649e-06	3.215912e-06	3.089e-06	2.939485e-06	2.756641e-06	2.705024e-06	2.685008e-06	2.164462e-06	2.179287e-06	2.214373e-06	3.288496e-07	5.311495e-08	4.43446e-08	2.335656e-08	2.311379e-08	1.778691e-08	3.273074e-10	2.471699e-10	2.462544e-10
88	0.9167607	0.322114	0.1542321	0.1429605	0.1417383	0.1431383	0.03584261	0.0324364	0.0009489388	0.0008931528	9.386238e-05	1.251472e-05	6.528792e-06	1.194422e-06	1.0355e-06	8.951345e-07	7.443133e-07	7.233587e-07	7.134055e-07	3.101051e-07	3.019609e-07	3.061793e-07	3.100712e-07	2.992526e-08	2.244671e-08	1.705338e-08	1.70675e-08	1.310432e-08	1.399147e-10	7.551808e-11
89	0.2206705	0.2109282	0.1303571	0.01685997	0.003889805	0.001864357	0.001824679	0.001725323	0.0008218775	0.0007591408	0.0007087131	2.424234e-05	1.167958e-05	5.988814e-06	5.985778e-07	4.306646e-07	3.146882e-07	2.496151e-07	2.384704e-07	2.322235e-07	2.24166e-08	1.571904e-08	1.547355e-08	1.496066e-08	1.422875e-08	1.021097e-08	9.275347e-09	9.294315e-09	7.112463e-09	6.213124e-11
90	0.1549788	0.1411848	0.1303345	0.1143551	0.01462088	0.001892629	0.0003878999	0.0003289483	0.0002275403	0.0001641784	9.302521e-05	3.558246e-05	1.791679e-05	5.935642e-06	4.564503e-07	3.86459e-07	2.128323e-07	1.222889e-07	5.377133e-08	4.263602e-08	3.468348e-08	4.915637e-09	2.215385e-09	2.116809e-09	1.991308e-09	1.882761e-09	1.561868e-09	1.391595e-09	1.333926e-09	9.903015e-10
91	0.1885605	0.1508197	0.1395411	0.1285288	0.1130101	0.014704	0.001813368	0.0003364844	0.0002781012	0.0002173652	0.000153197	8.204299e-05	2.39935e-05	5.946712e-06	5.835792e-06	3.230641e-07	2.501663e-07	1.868384e-07	9.83118e-08	2.831233e-08	1.671571e-08	8.266199e-09	3.105108e-09	9.083865e-10	7.918239e-10	7.109494e-10	6.194266e-10	4.318012e-10	3.164396e-10	2.452468e-10
92	0.5690932	0.09183074	0.06669059	0.05424125	0.04196217	0.02829848	0.01489086	0.001827026	0.0003356466	0.0002764426	0.0002148403	0.0001497252	7.74854e-05	1.897483e-05	5.838562e-07	3.901869e-07	3.097327e-07	2.35581e-07	1.710933e-07	9.808293e-08	2.691718e-08	1.511444e-08	6.499681e-09	2.760997e-09	8.354004e-10	7.169733e-10	6.389911e-10	5.469238e-10	3.640005e-10	2.489136e-10
93	0.5107301	0.4557744	0.09061251	0.06735011	0.05476129	0.04232589	0.02851742	0.01503225	0.001833168	0.0003278276	0.0002676871	0.0002057122	0.0001414887	7.848144e-05	1.913997e-05	4.773643e-07	3.820655e-07	3.039747e-07	2.373368e-07	1.718325e-07	9.798721e-08	2.565493e-08	1.373676e-08	4.981013e-09	2.584303e-09	6.560683e-10	5.325323e-10	4.546787e-10	3.705423e-10	2.556436e-10
94	0.4831793	0.174711	0.1508979	0.08976669	0.06773395	0.0552373	0.04266661	0.02876764	0.01520897	0.001853327	0.0003317851	0.0002709635	0.0002082645	0.0001432589	7.945506e-05	1.939004e-05	4.788411e-07	3.82416e-07	3.040633e-07	2.364765e-07	1.700017e-07	9.925833e-08	2.58446e-08	1.37513e-08	4.864956e-09	2.576441e-09	6.200028e-10	5.072728e-10	4.280837e-10	3.450234e-10
95	0.1765272	0.1463075	0.0200748	0.01716237	0.006471617	0.004259078	0.003473864	0.002694976	0.001793849	0.0009402061	0.0001158882	2.100911e-05	1.728802e-05	1.341932e-05	8.941981e-06	4.968006e-06	1.260108e-06	6.589016e-08	3.938613e-08	3.110349e-08	2.450315e-08	1.819252e-08	1.238793e-08	5.012198e-09	2.188566e-09	1.257913e-09	6.763017e-10	9.624282e-11	6.101416e-11	5.638348e-11
96	0.03469306	0.03470892	0.03347996	0.003677868	0.003160031	0.0003460681	6.792045e-05	5.509801e-05	4.443273e-05	2.656341e-05	1.302874e-05	1.82293e-06	4.038609e-07	3.569107e-07	3.046407e-07	2.390481e-07	1.279622e-07	6.242172e-08	2.945273e-08	9.688748e-09	6.307393e-09	3.696525e-09	1.320163e-09	8.396244e-10	7.511481e-10	6.546114e-10	6.076606e-10	4.622102e-10	7.585865e-12	2.99925e-12
97	0.03411782	0.02345096	0.02373786	0.02348911	0.001358351	0.001347158	0.0001909944	1.494301e-05	1.178419e-05	9.723502e-06	5.730767e-06	2.46887e-06	3.99625e-07	1.046893e-07	9.565634e-08	8.510823e-08	6.393584e-08	4.275181e-08	2.479001e-08	8.43928e-09	6.712135e-09	4.643449e-09	2.597705e-09	5.486744e-10	5.311263e-10	5.300424e-10	5.345314e-10	5.415025e-10	4.570514e-10	6.538839e-13
98	0.3013907	0.03151065	0.02217569	0.02246	0.0223424	0.001290113	0.001289629	0.0001731115	5.371129e-06	3.911934e-06	3.380381e-06	1.521934e-06	7.504669e-07	1.623494e-07	3.164464e-08	2.928675e-08	2.647043e-08	1.697801e-08	1.13621e-08	5.858712e-09	1.185296e-09	8.776872e-10	7.402047e-10	6.368471e-10	5.33003e-10	5.302194e-10	5.31462e-10	5.396752e-10	5.49336e-10	4.644239e-10
99	0.09823519	0.08182371	0.001676488	0.001364427	0.00137988	0.00114548	0.0008166605	0.000822318	4.425644e-05	3.589923e-06	2.834005e-06	2.347491e-06	1.249758e-06	6.409565e-07	1.032488e-07	2.847298e-08	2.63452e-08	2.379115e-08	1.460116e-08	9.446191e-09	4.805497e-09	4.567856e-10	1.729102e-10	1.355531e-10	1.258832e-10	1.161134e-10	1.068134e-10	1.002481e-10	1.006881e-10	1.021821e-10
100	0.851353	0.08420821	0.06947926	0.001322689	0.001084268	0.00109638	0.001059672	0.0008200064	0.0008271247	4.471403e-05	3.618606e-06	2.855851e-06	2.362844e-06	1.265791e-06	6.495418e-07	1.040228e-07	2.884345e-08	2.669011e-08	2.410331e-08	1.477158e-08	9.53744e-09	4.880212e-09	4.599546e-10	1.715586e-10	1.348161e-10	1.252383e-10	1.155489e-10	1.08519e-10	1.018633e-10	1.023635e-10
101	0.879394	0.8303467	0.07329289	0.05833387	0.001315943	0.001097486	0.001110094	0.001073814	0.0008312461	0.0008386289	4.534634e-05	3.670312e-06	2.897199e-06	2.397506e-06	1.284586e-06	6.59341e-07	1.055079e-07	2.929628e-08	2.71161e-08	2.449489e-08	1.501544e-08	9.697692e-09	4.963724e-09	4.677387e-10	1.745766e-10	1.372403e-10	1.275378e-10	1.177108e-10	1.10592e-10	1.038469e-10
102	0.1091633	0.1064201	0.07733033	0.03324603	0.02962115	0.0005994836	0.0004853938	0.0004911905	0.0004653188	0.0003608985	0.0003650018	1.685031e-05	4.46522e-07	3.178637e-07	3.046637e-07	8.442651e-08	3.742123e-08	2.047032e-08	5.024291e-09	5.006576e-09	4.967264e-09	1.123382e-09	6.260943e-10	3.206335e-10	1.784347e-10	4.921023e-11	4.133175e-11	4.018369e-11	3.909289e-11	3.9487e-11
103	0.09932106	0.0811798	0.08042355	0.05504731	0.01870366	0.01545325	0.0005295812	0.0004434185	0.0004489658	0.0004433171	0.0003567241	0.0003615424	1.655625e-05	4.230736e-07	2.989538e-07	2.881411e-07	7.62886e-08	3.418564e-08	1.980705e-08	4.596446e-09	4.585485e-09	4.557482e-09	6.810648e-10	4.675702e-10	1.873228e-10	7.074164e-11	4.133809e-11	3.820947e-11	3.825093e-11	3.835877e-11
104	0.3035138	0.09882863	0.08055027	0.07977718	0.05407003	0.01747086	0.01416993	0.0005335107	0.0004490889	0.0004548143	0.0004492453	0.000361874	0.0003668421	1.680101e-05	4.290804e-07	3.032045e-07	2.923267e-07	7.73511e-08	3.467561e-08	2.010204e-08	4.662997e-09	4.653179e-09	4.626129e-09	6.833375e-10	4.721329e-10	1.879577e-10	6.967147e-11	4.188473e-11	3.885368e-11	3.897826e-11
105	0.2759764	0.2632219	0.07335336	0.05734694	0.05655662	0.05064075	0.01475523	0.01271522	0.0005277543	0.0004454699	0.0004514416	0.0004543374	0.0003662567	0.000371497	1.70061e-05	4.312855e-07	3.042213e-07	2.94769e-07	7.742848e-08	3.468256e-08	2.03435e-08	4.71653e-09	4.710111e-09	4.686715e-09	6.796486e-10	4.721555e-10	1.87233e-10	6.908863e-11	4.225373e-11	3.92331e-11
106	0.2920322	0.2617806	0.2501792	0.06860221	0.05318641	0.05236205	0.04698466	0.01329584	0.01131105	0.0005197971	0.0004412825	0.0004473122	0.0004503105	0.0003715504	0.0003769552	1.721144e-05	4.254908e-07	3.007433e-07	2.914305e-07	7.127783e-08	3.479977e-08	2.057825e-08	4.772877e-09	4.769441e-09	4.749166e-09	6.739755e-10	4.713235e-10	1.853433e-10	6.810259e-11	4.279323e-11
107	0.9958736	0.2793532	0.2485915	0.2366795	0.06065065	0.04614346	0.04521455	0.04195204	0.01223259	0.01035997	0.0004580038	0.0003825376	0.00038783	0.0003901043	0.0003095601	0.000314096	1.746412e-05	4.175066e-07	2.906653e-07	2.810635e-07	7.214336e-08	3.532649e-08	2.089874e-08	4.854012e-09	4.852205e-09	4.833434e-09	6.847391e-10	4.793007e-10	1.884551e-10	6.919674e-11
108	0.1500324	0.1412702	0.1170215	0.1061897	0.09606233	0.03992269	0.02926585	0.02834037	0.02674268	0.007593926	0.006129098	0.00040541	0.0003799745	0.0003853941	0.0003882117	0.0003132114	0.000317952	1.687107e-05	3.497589e-07	2.402894e-07	2.411989e-07	4.368979e-08	1.979269e-08	1.683994e-08	4.277543e-09	4.333965e-09	4.384161e-09	2.694555e-10	2.320579e-10	5.866132e-11
109	0.1903023	0.1255374	0.1179708	0.0971314	0.08768439	0.07811801	0.03062305	0.02186901	0.02097542	0.01942334	0.006337986	0.005303512	0.0004067295	0.0003833688	0.0003889355	0.0003919002	0.0003180514	0.0003229465	1.712432e-05	3.391725e-07	2.311575e-07	2.321816e-07	3.154908e-08	7.790682e-09	4.822623e-09	4.344199e-09	4.40426e-09	4.458301e-09	2.680055e-10	2.324268e-10
110	0.9933535	0.1845033	0.1189225	0.111178	0.0899856	0.08157282	0.07180133	0.02727719	0.01837193	0.01741705	0.01584116	0.005839314	0.004897549	0.0004116683	0.0003889185	0.0003946621	0.0003977801	0.0003230638	0.0003281193	1.739282e-05	3.333039e-07	2.233694e-07	2.242775e-07	3.192593e-08	7.923571e-09	4.904994e-09	4.424508e-09	4.487234e-09	4.543945e-09	2.731902e-10
111	0.8888801	0.8894283	0.1256102	0.06928559	0.06727746	0.05452919	0.05239154	0.0495147	0.01698402	0.0126437	0.01185844	0.01035045	0.004676465	0.004335993	0.0004011426	0.0003806953	0.0003864157	0.0003895357	0.0003252791	0.0003304633	1.751234e-05	3.30758e-07	2.207461e-07	2.222889e-07	2.972714e-08	7.192275e-09	4.788368e-09	4.482714e-09	4.551491e-09	4.614728e-09
112	0.6748071	0.6298254	0.6324904	0.1094607	0.05844504	0.05658842	0.04570682	0.04378148	0.04107394	0.01374914	0.009584109	0.008761806	0.007307966	0.003497848	0.003277794	4.110834e-05	2.33128e-05	2.348557e-05	2.221577e-05	1.408566e-05	1.428814e-05	7.781317e-07	2.593722e-08	1.910243e-08	1.720212e-08	6.22874e-09	2.79332e-09	4.958938e-10	1.416901e-10	1.275197e-10
113	0.6385667	0.5975836	0.5736193	0.5782854	0.08653179	0.03608606	0.03592361	0.02706932	0.02671484	0.02664667	0.00860925	0.007216897	0.007253908	0.005816707	0.002407461	0.00232732	1.28015e-05	1.758288e-06	1.65861e-06	8.792499e-07	1.242997e-07	1.045343e-07	2.384596e-08	1.028065e-08	8.486011e-09	6.800933e-09	4.435749e-09	2.277589e-09	3.921471e-10	1.1309e-10
114	0.8794948	0.6341779	0.5954748	0.5731206	0.5783082	0.08136909	0.03046369	0.03049982	0.02182656	0.02169916	0.02186058	0.007571643	0.006685421	0.006748152	0.005290419	0.001943272	0.001879878	9.705527e-06	1.290908e-06	1.216225e-06	8.152299e-07	9.383283e-08	7.600692e-08	2.161106e-08	9.911699e-09	8.174178e-09	6.529606e-09	4.244406e-09	2.209351e-09	3.658067e-10
115	0.7808385	0.7785181	0.570841	0.5354422	0.5141389	0.5195029	0.05380274	0.02497395	0.02504541	0.01673379	0.01662786	0.01675871	0.005732584	0.004912287	0.004955644	0.003702248	0.001511101	0.001450079	7.036892e-06	1.114912e-06	1.068447e-06	7.893045e-07	8.204663e-08	6.585866e-08	1.973148e-08	8.927584e-09	7.361815e-09	5.883941e-09	3.817112e-09	1.97301e-09
116	0.7699061	0.7483394	0.746508	0.5443635	0.5090252	0.5125842	0.5180228	0.04755612	0.01840141	0.01838258	0.01316811	0.01301101	0.01309141	0.005311544	0.004501338	0.004539431	0.003266594	0.001083567	0.00101773	4.367402e-06	9.520231e-07	9.340446e-07	7.712497e-07	7.216835e-08	5.835024e-08	1.932686e-08	9.037206e-09	7.452852e-09	5.950016e-09	3.864597e-09
117	0.7918612	0.6090887	0.5853787	0.58173	0.5494292	0.5140257	0.517703	0.5232956	0.04667381	0.01711017	0.01707277	0.01176412	0.01159575	0.01165631	0.005185373	0.004372601	0.004409419	0.003114948	0.0009127596	0.0008436832	3.28703e-06	9.104241e-07	9.049065e-07	7.780079e-07	7.037898e-08	5.66366e-08	1.942994e-08	9.186418e-09	7.577096e-09	6.047415e-09
118	0.6922823	0.6479712	0.5542766	0.5348686	0.5314996	0.5137653	0.518549	0.5223708	0.528147	0.04522153	0.0152588	0.0151989	0.009788623	0.009593967	0.009626847	0.004584598	0.004244894	0.004280502	0.002963618	0.000738541	0.0006662148	2.20635e-06	8.916956e-07	8.932688e-07	7.860734e-07	6.980879e-08	5.603365e-08	1.960907e-08	9.324398e-09	7.692806e-09
119	0.9771566	0.6693536	0.6243874	0.5453145	0.5278959	0.5245275	0.5185911	0.5238633	0.527816	0.5337545	0.04430242	0.01389661	0.01381623	0.008305231	0.008093374	0.008104111	0.004457869	0.004115521	0.004149699	0.002809349	0.0005567527	0.0004805702	1.874177e-06	8.960533e-07	9.001808e-07	7.98268e-07	7.047251e-08	5.653275e-08	1.992187e-08	9.496504e-09
120	0.1848396	0.1735972	0.1317633	0.09757679	0.05623518	0.0409185	0.03181962	0.02428029	0.02326003	0.02310318	0.02195731	0.01500133	0.01106885	0.01095203	0.005325148	0.005071109	0.005038127	0.002628559	0.002260393	0.002265169	0.002221683	0.0003791803	0.0003116943	1.528819e-06	8.615893e-07	8.680973e-07	7.715598e-07	6.479291e-08	5.199165e-08	1.907963e-08
121	0.1324022	0.09773028	0.09067903	0.08311745	0.0542303	0.03000393	0.02250868	0.01681726	0.01352812	0.01311057	0.01315569	0.0123578	0.009279203	0.008692459	0.008657138	0.003035764	0.002855217	0.002821483	0.001432021	0.001174216	0.001171622	0.001151221	0.0002151623	0.0001780761	1.155738e-06	7.549427e-07	7.633319e-07	6.742228e-07	4.58129e-08	3.644221e-08
122	0.1265753	0.07728409	0.06937718	0.06296156	0.05733765	0.02879901	0.01612257	0.009711295	0.006067529	0.004926804	0.004747627	0.004721983	0.003872854	0.002110172	0.001447808	0.001318344	0.00117925	0.00098572	0.0009293109	0.0005010614	0.0002592545	0.0002437498	0.0002220976	5.873843e-05	4.724577e-05	5.348265e-07	4.090419e-07	4.149235e-07	3.923056e-07	2.280149e-08
123	0.1577975	0.03672752	0.03032195	0.02994992	0.03004143	0.03017173	0.007097147	0.003410868	0.003115986	0.002722244	0.00215611	0.002095076	0.002097249	0.001764848	0.0009286674	0.0003665444	0.0003594292	0.0003575752	0.0003560599	0.0003521537	0.0001207024	0.0001178157	0.0001195208	0.0001199517	3.425723e-05	3.090757e-05	3.458826e-07	2.658096e-07	2.69663e-07	2.588502e-07
124	0.1454719	0.1215219	0.01299118	0.006452391	0.00620313	0.006148527	0.006036227	0.005955042	0.002881111	0.002628785	0.002290392	0.001929603	0.001894444	0.00189472	0.001557614	0.0007883709	0.0002175237	0.0002100014	0.0002063585	0.0002029393	0.0002007026	6.841105e-05	6.583096e-05	6.672571e-05	6.689852e-05	1.918166e-05	1.723889e-05	1.969267e-07	1.51516e-07	1.537776e-07
125	0.1365633	0.1216332	0.1074986	0.007366586	0.002027058	0.001860292	0.001826294	0.001754242	0.001690382	0.0005456426	0.0004468973	0.0003659101	0.0002446062	0.0002275619	0.0002209667	0.0001871088	0.0001022576	5.183747e-05	4.983207e-05	4.838782e-05	4.702073e-05	4.665708e-05	1.660097e-05	1.556566e-05	1.574647e-05	1.575398e-05	4.498391e-06	4.011462e-06	4.439528e-08	3.366045e-08
126	0.05128968	0.03547156	0.02138101	0.006955011	0.003708	0.001423016	0.001292455	0.001261314	0.001193541	0.001132882	0.0002357475	0.0001447498	9.598208e-05	4.087189e-05	3.10416e-05	2.374928e-05	1.755776e-05	1.016824e-05	7.474307e-06	5.805241e-06	4.405436e-06	2.989934e-06	2.63045e-06	1.618134e-06	6.406209e-07	5.721028e-07	4.877344e-07	1.375339e-07	6.96771e-08	7.867236e-10
127	0.7293154	0.03724106	0.02661498	0.01502932	0.002057093	0.001368393	0.0005118369	0.0004251049	0.0004012079	0.0003379691	0.0002815299	0.0001909084	0.0001159085	7.624268e-05	3.250474e-05	2.317579e-05	1.625759e-05	1.176438e-05	6.996118e-06	4.817578e-06	3.49154e-06	2.459132e-06	1.418757e-06	1.215223e-06	6.677966e-07	3.900743e-07	3.744814e-07	3.534186e-07	8.568321e-08	4.240313e-08
128	0.6411586	0.6450898	0.01410471	0.01257923	0.01188892	0.00128736	0.0009140285	8.844016e-05	5.14917e-05	5.170387e-05	4.4625e-05	4.487286e-05	2.141894e-05	5.748403e-06	3.923279e-06	2.561405e-06	2.38215e-06	2.269784e-06	1.94816e-06	1.083725e-06	5.769402e-07	5.368651e-07	4.989269e-07	4.614631e-07	4.18565e-07	1.928358e-07	1.70323e-07	1.715635e-07	1.717384e-07	2.989133e-08
129	0.05934701	0.02483936	0.02302418	0.01193895	0.01152627	0.01085498	0.00126885	0.0009014569	6.466673e-05	4.18267e-05	4.212964e-05	3.94703e-05	3.987142e-05	1.737445e-05	4.651171e-06	3.054615e-06	2.084888e-06	1.967907e-06	1.881868e-06	1.569582e-06	8.603305e-07	3.524151e-07	3.18845e-07	2.864564e-07	2.543516e-07	2.15547e-07	9.630782e-08	7.505587e-08	7.473074e-08	7.457617e-08
130	0.1419228	0.01396158	0.004336105	0.003087418	0.001837061	0.001778293	0.001245611	0.001248184	0.0008848447	3.636163e-05	2.987886e-05	3.01774e-05	2.867034e-05	2.897548e-05	1.092545e-05	2.95221e-06	2.146015e-06	1.623064e-06	1.574035e-06	1.536881e-06	1.230433e-06	6.212521e-07	1.122363e-07	9.412145e-08	7.86898e-08	6.380621e-08	4.679122e-08	2.119996e-08	6.276666e-09	5.192837e-09
131	0.0719472	0.009693297	0.003805992	0.001609515	0.001428328	0.0006370943	0.0005845078	4.078739e-05	3.293076e-05	2.758869e-05	2.755636e-05	2.136962e-05	2.162174e-05	2.006532e-05	2.031551e-05	9.121762e-06	1.175745e-06	6.062606e-07	1.801121e-07	1.307638e-07	9.301465e-08	8.233653e-08	6.726283e-08	6.185493e-08	5.44368e-08	4.685418e-08	3.914441e-08	3.020623e-08	1.704152e-08	4.3397e-09
132	0.2700808	0.04525867	0.006620226	0.002877818	0.001430513	0.001262703	0.0006339004	0.0005843431	3.435931e-05	2.686866e-05	2.496325e-05	2.505997e-05	2.145871e-05	2.17246e-05	2.015989e-05	2.042866e-05	9.132041e-06	1.098887e-06	5.674185e-07	1.588144e-07	1.154045e-07	8.071333e-08	7.258187e-08	6.126091e-08	5.761204e-08	5.081051e-08	4.370935e-08	3.649644e-08	2.795308e-08	1.608379e-08
133	0.3343159	0.2604895	0.04433998	0.006397385	0.002746345	0.001323846	0.001169894	0.000627172	0.0005922528	3.470383e-05	2.71872e-05	2.526894e-05	2.537245e-05	2.173293e-05	2.201966e-05	2.043819e-05	2.07267e-05	9.26003e-06	1.114159e-06	5.752166e-07	1.607056e-07	1.167462e-07	8.158518e-08	7.339336e-08	6.20619e-08	5.839117e-08	5.150718e-08	4.431104e-08	3.699367e-08	2.830859e-08
134	0.9445164	0.3332598	0.2595627	0.04480513	0.006479456	0.002781602	0.001340394	0.001184573	0.0006356495	0.0006003654	3.519859e-05	2.75803e-05	2.564039e-05	2.5751e-05	2.206207e-05	2.235829e-05	2.07574e-05	2.105556e-05	9.409303e-06	1.132342e-06	5.847312e-07	1.633914e-07	1.187256e-07	8.298559e-08	7.467313e-08	6.317184e-08	5.945418e-08	5.246091e-08	4.514527e-08	3.770179e-08
135	0.9465682	0.8906182	0.3071014	0.237266	0.04432967	0.005993152	0.002268951	0.000808031	0.0006428997	9.004082e-05	4.723099e-05	3.566974e-05	2.796011e-05	2.600782e-05	2.612618e-05	2.23865e-05	2.269258e-05	2.107245e-05	2.138068e-05	9.551405e-06	1.139396e-06	5.861945e-07	1.624006e-07	1.179925e-07	8.281965e-08	7.458175e-08	6.313092e-08	5.945414e-08	5.254222e-08	4.530466e-08
136	0.3796045	0.3803191	0.3540165	0.07918934	0.04861484	0.03116184	0.00293634	0.0009455281	0.000329311	0.0003097646	4.857396e-05	3.659288e-05	2.609896e-05	2.552234e-05	2.373216e-05	2.384245e-05	2.004954e-05	2.033755e-05	2.064909e-05	2.097631e-05	9.034533e-06	5.324172e-07	4.076414e-07	9.287363e-08	7.260406e-08	5.335731e-08	4.893932e-08	4.280754e-08	4.033249e-08	3.473648e-08
137	0.4657735	0.3456923	0.3463087	0.3232333	0.07272323	0.0452541	0.03027534	0.002781797	0.000877997	0.0002913548	0.0002722448	4.734027e-05	3.576117e-05	2.522002e-05	2.466167e-05	2.303569e-05	2.327919e-05	1.992118e-05	2.021236e-05	2.05279e-05	2.085931e-05	9.136347e-06	5.000113e-07	3.879875e-07	8.248106e-08	6.512112e-08	5.002061e-08	4.62408e-08	4.073103e-08	3.842486e-08
138	0.7036827	0.4574406	0.3358195	0.3363175	0.3128287	0.07265595	0.04565041	0.03051586	0.002815734	0.0008874383	0.0002933096	0.0002739868	4.768823e-05	3.595493e-05	2.559419e-05	2.503331e-05	2.338906e-05	2.364207e-05	2.023575e-05	2.053686e-05	2.086309e-05	2.120579e-05	9.286799e-06	5.01595e-07	3.876405e-07	8.388782e-08	6.624813e-08	5.089733e-08	4.706552e-08	4.14889e-08
139	0.7642065	0.4629754	0.4107937	0.2948733	0.2950311	0.2728909	0.05488019	0.03178174	0.01666655	0.002590093	0.0007563968	0.0002526966	0.0002387864	3.657903e-05	2.488857e-05	1.458726e-05	1.386979e-05	1.249005e-05	1.260352e-05	8.995694e-06	9.114819e-06	9.253573e-06	9.402488e-06	9.412967e-06	4.875437e-07	3.78185e-07	7.809227e-08	6.218844e-08	4.93621e-08	4.590091e-08
140	0.7448343	0.6925063	0.3871003	0.3377305	0.2333705	0.2332758	0.2107323	0.05038067	0.03102043	0.01616486	0.002414804	0.00070282	0.0002485131	0.0002349098	3.509078e-05	2.353758e-05	1.446313e-05	1.386387e-05	1.246841e-05	1.258592e-05	8.919288e-06	9.04065e-06	9.181861e-06	9.333468e-06	9.344746e-06	2.571179e-07	1.422264e-07	7.891427e-08	6.276308e-08	4.973205e-08
141	0.8260656	0.6326822	0.6161778	0.3065319	0.2760873	0.1815388	0.1814698	0.16427	0.04145886	0.02770961	0.01403716	0.001359429	0.0004577947	0.0002067824	0.0002033154	1.600433e-05	5.755159e-06	5.106576e-06	4.492763e-06	4.169499e-06	4.210424e-06	3.41154e-07	3.175174e-07	3.097934e-07	3.072828e-07	2.205631e-07	2.13525e-07	1.338393e-07	7.436968e-08	6.216197e-08
142	0.8026331	0.7923061	0.5978129	0.5832158	0.2695237	0.2466956	0.1572805	0.1573122	0.1408631	0.03579324	0.02392161	0.01099458	0.00118197	0.0003800357	0.0001686696	0.0001673906	1.152264e-05	5.381049e-06	4.836592e-06	4.489675e-06	4.186347e-06	4.230281e-06	2.957825e-07	2.720989e-07	2.646874e-07	2.623936e-07	1.761674e-07	1.69239e-07	1.343089e-07	7.439923e-08
143	0.9018918	0.8005923	0.7904598	0.5934221	0.5785894	0.2606557	0.2374494	0.1469685	0.1468581	0.1301274	0.03236935	0.02102765	0.008126005	0.001186058	0.000381279	0.0001668576	0.0001655794	1.165629e-05	5.43805e-06	4.892135e-06	4.541233e-06	4.254612e-06	4.300668e-06	2.983904e-07	2.743545e-07	2.668614e-07	2.645984e-07	1.780275e-07	1.710219e-07	1.354931e-07
144	0.7627774	0.7614349	0.6860281	0.6844605	0.4897685	0.4778953	0.161735	0.143905	0.1269535	0.1266727	0.1165388	0.02781178	0.01746071	0.004615392	0.0009050211	0.0003369034	0.0001488991	0.000148345	7.530335e-06	1.297751e-06	7.504518e-07	3.338962e-07	2.284555e-07	2.220623e-07	2.198929e-07	1.954432e-07	1.87176e-07	1.853461e-07	1.46006e-07	1.395473e-07
145	0.218815	0.1565776	0.155405	0.1114876	0.1048691	0.1021415	0.08821454	0.0870373	0.07156474	0.06645349	0.06677554	0.0595542	0.01993013	0.01434117	0.002714267	0.0003977507	0.0001546301	9.937981e-05	9.930795e-05	5.994802e-06	5.607171e-07	3.679147e-07	2.455929e-07	1.556833e-07	1.536939e-07	1.538057e-07	1.55116e-07	1.495027e-07	1.506616e-07	1.151291e-07
146	0.2269435	0.1479766	0.08994971	0.08902609	0.05190984	0.04899825	0.04735984	0.04492138	0.04435683	0.04145384	0.03899273	0.03918222	0.03439271	0.0128157	0.01082485	0.001548452	0.0002531461	0.0001092223	7.788264e-05	7.80137e-05	1.410113e-06	3.291943e-07	2.003368e-07	1.445716e-07	1.031576e-07	1.024701e-07	1.023925e-07	1.035032e-07	1.024424e-07	1.034719e-07
147	0.4495813	0.1357771	0.08911713	0.03882962	0.0381962	0.02830133	0.02689508	0.02618369	0.02452672	0.02445933	0.02281498	0.02204803	0.02209043	0.02115894	0.01112605	0.01001215	0.0006752395	0.0001128354	4.387885e-05	1.847558e-05	1.836931e-05	8.176037e-07	1.651651e-07	1.099244e-07	6.504062e-08	5.045876e-08	5.010021e-08	5.049624e-08	5.088086e-08	4.92378e-08
148	0.2051557	0.08366028	0.07084311	0.06051504	0.01395941	0.0134553	0.006632055	0.006530753	0.00646083	0.006259554	0.006199198	0.005900691	0.005698836	0.005623989	0.005386016	0.001277165	0.000531763	0.0002196354	4.522628e-05	1.673733e-05	2.915069e-06	2.814372e-06	1.41721e-07	6.704361e-08	4.965913e-08	3.490856e-08	3.399491e-08	3.419868e-08	3.467357e-08	3.517902e-08
149	0.2940652	0.1561412	0.07699141	0.06987721	0.0598645	0.01284467	0.0123476	0.005632987	0.005550296	0.00548788	0.005316406	0.005248221	0.004967225	0.004789513	0.004702334	0.004461154	0.001177649	0.0004819563	0.0001678401	4.403835e-05	1.602958e-05	2.351467e-06	2.254821e-06	1.093587e-07	4.841026e-08	3.149664e-08	1.694066e-08	1.609937e-08	1.613064e-08	1.62771e-08
150	0.3516269	0.1594835	0.1186053	0.06521997	0.06160938	0.05263451	0.005026959	0.004526955	0.004427984	0.004363177	0.004299959	0.004135239	0.004064142	0.003811449	0.003673306	0.003579796	0.003443667	0.0005274198	0.0001916571	7.949748e-05	3.61887e-05	1.226896e-05	3.180394e-07	2.427904e-07	7.697863e-08	3.30044e-08	1.661325e-08	2.959663e-09	2.544417e-09	2.335471e-09
151	0.3943571	0.3033953	0.1369918	0.1076421	0.06483738	0.0616887	0.05266478	0.004480316	0.003973422	0.003878387	0.003828737	0.003771471	0.003629277	0.003565114	0.003342433	0.003218564	0.003134528	0.003010591	0.0004671176	0.0001713822	7.148014e-05	3.258288e-05	1.106651e-05	2.908687e-07	2.230743e-07	6.961545e-08	3.00836e-08	1.512064e-08	2.650702e-09	2.270189e-09
152	0.8480409	0.2461175	0.2026218	0.1242073	0.0958312	0.05654765	0.05365287	0.05310727	0.004248889	0.003734889	0.003638673	0.003593025	0.00353159	0.003383908	0.003315109	0.003085344	0.002955718	0.002866197	0.002736977	0.0004549123	0.000173792	7.244079e-05	3.310964e-05	1.12421e-05	2.786194e-07	2.095782e-07	7.075553e-08	3.062825e-08	1.539335e-08	2.687487e-09
153	0.3690731	0.3620414	0.1230165	0.1038038	0.07222658	0.06747619	0.05202335	0.05102544	0.05074587	0.001757569	0.001236675	0.001169726	0.001151159	0.001165876	0.001170139	0.001185711	0.001197776	0.00121104	0.001228835	0.001239397	8.120396e-05	4.973316e-06	2.802242e-06	5.884388e-07	1.739769e-07	3.652183e-08	3.584228e-08	1.483594e-09	6.548938e-10	3.624219e-10
154	0.2426954	0.2338802	0.2335692	0.04075161	0.03986655	0.01705753	0.01356605	0.002431598	0.001696802	0.001461552	0.001439109	0.0009107391	0.0008441941	0.0008332448	0.0008450229	0.0008566208	0.0008688272	0.0008803558	0.0008913227	0.0009054713	0.000915589	5.708894e-05	1.381868e-06	3.898104e-07	1.95959e-07	3.470516e-08	3.082937e-09	2.868467e-09	3.466748e-10	1.777051e-10
155	0.3979255	0.2223775	0.2212628	0.2209931	0.02707549	0.02625162	0.01115412	0.008912998	0.001372801	0.0008649174	0.000661607	0.0006433238	0.0006432082	0.0005747846	0.0005674841	0.0005755248	0.0005832247	0.0005914253	0.0005992502	0.0006059457	0.0006156548	0.0006222201	3.888433e-05	9.40674e-07	3.269921e-07	1.819216e-07	2.971781e-08	2.488676e-09	2.299436e-09	3.070051e-10
156	0.4329128	0.06655365	0.01537002	0.01495995	0.01490522	0.01372926	0.01308259	0.005423975	0.004406327	0.0005828281	0.000337175	0.0003011295	0.0002887724	0.0002886925	0.0002898551	0.0002861552	0.0002903135	0.0002943823	0.0002988475	0.0003030923	0.0003077224	0.0003126751	0.0003177238	1.99972e-05	5.463725e-07	1.756209e-07	8.693694e-08	2.640539e-08	1.162247e-09	1.0146e-09
157	0.07657487	0.07365318	0.01706334	0.002068736	0.001932845	0.001910653	0.001624267	0.001589125	0.0006635139	0.0005334363	7.247436e-05	4.085585e-05	3.635662e-05	3.582888e-05	3.575134e-05	3.580733e-05	3.538057e-05	3.577883e-05	3.609253e-05	3.651416e-05	3.673333e-05	3.708799e-05	3.75674e-05	3.802738e-05	2.683973e-06	2.4817e-07	1.095979e-07	5.417917e-08	1.64219e-08	7.854339e-10
158	0.2134437	0.0681546	0.06559102	0.01576164	0.0008342318	0.0007146621	0.0007112945	0.0004948898	0.0004622938	0.0001989955	0.0001546316	2.348948e-05	1.272233e-05	1.12851e-05	1.112121e-05	1.111797e-05	1.105483e-05	1.093417e-05	1.094915e-05	1.086661e-05	1.087855e-05	1.068182e-05	1.059689e-05	1.062246e-05	1.0613e-05	1.010955e-06	2.335786e-07	1.098582e-07	5.448953e-08	1.65247e-08
159	0.7325439	0.1729845	0.06852428	0.0659802	0.01542441	0.0007212644	0.0006067755	0.0006036506	0.0004044072	0.0003716435	0.0001607883	0.0001237719	1.890459e-05	1.047859e-05	9.287262e-06	9.152442e-06	9.14924e-06	9.089678e-06	8.995509e-06	8.979486e-06	8.86307e-06	8.841664e-06	8.607392e-06	8.489926e-06	8.478343e-06	8.430424e-06	8.808515e-07	2.328482e-07	1.082885e-07	5.541554e-08
160	0.9943643	0.7376786	0.1736184	0.0683328	0.06575506	0.01540136	0.000688447	0.0005734756	0.0005704231	0.0003711886	0.0003380248	0.0001469811	0.0001124113	1.747374e-05	9.651048e-06	8.551984e-06	8.427991e-06	8.42475e-06	8.362324e-06	8.279014e-06	8.250832e-06	8.120161e-06	8.085682e-06	7.834167e-06	7.701153e-06	7.675024e-06	7.611633e-06	8.356508e-07	2.344938e-07	1.082831e-07
161	0.8747552	0.8701825	0.735616	0.1741247	0.0691361	0.0665267	0.01540798	0.0006500437	0.0005358616	0.0005328804	0.0003350216	0.0003014504	0.0001310395	0.000100032	1.543881e-05	8.77251e-06	7.768388e-06	7.655636e-06	7.652393e-06	7.593785e-06	7.521436e-06	7.480137e-06	7.334073e-06	7.285431e-06	7.015351e-06	6.87591e-06	6.834019e-06	6.753783e-06	7.886393e-07	2.366799e-07
162	0.8674717	0.836306	0.8317525	0.7060142	0.1406607	0.03452326	0.03187707	0.01561363	0.0006197163	0.0005042676	0.0005013996	0.0003027509	0.0002687618	0.0001176024	8.897251e-05	1.403287e-05	7.960093e-06	7.05192e-06	6.950229e-06	6.946949e-06	6.886324e-06	6.823951e-06	6.770036e-06	6.609182e-06	6.547138e-06	6.259194e-06	6.104089e-06	6.046881e-06	5.951266e-06	7.467388e-07
163	0.8942547	0.8053302	0.7892673	0.7881909	0.6845714	0.1373198	0.03416477	0.03149724	0.01507241	0.0005514878	0.0004444132	0.0004417452	0.0002795074	0.0002454769	0.0001076977	8.137669e-05	1.289743e-05	7.347195e-06	6.521963e-06	6.42905e-06	6.426779e-06	6.378339e-06	6.323834e-06	6.266781e-06	6.106343e-06	6.035497e-06	5.73485e-06	5.587003e-06	5.51884e-06	5.414557e-06
164	0.8926484	0.8744867	0.8044833	0.7902409	0.7893467	0.6912526	0.1388394	0.0346651	0.03195773	0.01528976	0.0005323345	0.0004243538	0.0004217124	0.0002592464	0.0002247188	9.872492e-05	7.425503e-05	1.168643e-05	6.854512e-06	6.082438e-06	5.995853e-06	5.993557e-06	5.947091e-06	5.899122e-06	5.833625e-06	5.662515e-06	5.582278e-06	5.267587e-06	5.115935e-06	5.037204e-06
165	0.9523037	0.8914628	0.8752408	0.8082301	0.7947917	0.7939334	0.6996191	0.1409381	0.03522284	0.03247184	0.01553004	0.0005191795	0.0004096347	0.0004070031	0.0002430658	0.0002079902	9.190125e-05	6.858635e-05	1.098751e-05	6.456459e-06	5.727542e-06	5.64615e-06	5.643819e-06	5.595147e-06	5.552763e-06	5.479794e-06	5.298973e-06	5.210375e-06	4.882485e-06	4.720311e-06
166	0.9951582	0.9466403	0.8876316	0.8725777	0.8086343	0.7960167	0.7951953	0.7047573	0.1430955	0.03580021	0.0330041	0.01577828	0.0005053424	0.0003942269	0.0003916045	0.0002264587	0.0001908195	8.489794e-05	6.276751e-05	1.027031e-05	6.048029e-06	5.363382e-06	5.28732e-06	5.284952e-06	5.233823e-06	5.196967e-06	5.116074e-06	4.924991e-06	4.82751e-06	4.485695e-06
167	0.6316022	0.626683	0.5773494	0.5211065	0.5071726	0.4464403	0.434685	0.4339022	0.3475176	0.1449233	0.03604526	0.03321183	0.01599148	0.0004899128	0.0003773595	0.0003747666	0.0002090493	0.0001729909	7.761761e-05	5.67246e-05	9.519152e-06	5.618129e-06	4.982499e-06	4.912197e-06	4.909795e-06	4.856531e-06	4.825142e-06	4.735863e-06	4.534182e-06	4.427263e-06
168	0.5818552	0.5772529	0.5726228	0.5597385	0.5081222	0.4959478	0.4399632	0.4291931	0.4284895	0.3468858	0.1435356	0.03639207	0.03354716	0.01615034	0.0004705378	0.0003572505	0.0003547601	0.0001900653	0.0001538402	6.945409e-05	5.012139e-05	8.423726e-06	5.137846e-06	4.563956e-06	4.50046e-06	4.498435e-06	4.449752e-06	4.42586e-06	4.329076e-06	4.117139e-06
169	0.8071413	0.5549231	0.5510521	0.5504659	0.5376695	0.4885187	0.4775496	0.4250606	0.4152385	0.4145774	0.3374297	0.1388598	0.03029134	0.02740291	0.01639229	0.0004543055	0.0003394527	0.0003371218	0.0001715716	0.0001349218	6.169952e-05	4.369079e-05	7.593069e-06	4.655097e-06	4.152258e-06	4.096314e-06	4.094278e-06	4.046997e-06	4.028362e-06	3.922182e-06
170	0.5551588	0.5540589	0.463973	0.4634128	0.4629986	0.459237	0.4210145	0.4118706	0.3686281	0.3601135	0.3595634	0.2894635	0.1300976	0.02651021	0.02384869	0.01469819	0.0004160062	0.0003068118	0.0003048237	0.0001467321	0.0001109771	5.002058e-05	3.651115e-05	6.508721e-06	4.02211e-06	3.617707e-06	3.57188e-06	3.569951e-06	3.531051e-06	3.516606e-06
171	0.4534092	0.4088551	0.4082763	0.3577861	0.3574372	0.3571199	0.3537679	0.3285956	0.3212999	0.2911433	0.2844312	0.2839987	0.227484	0.08766687	0.01834468	0.01680207	0.01269943	0.0002942011	0.0002064187	0.0002048119	0.0001208069	9.077858e-05	4.145634e-05	2.981132e-05	5.438861e-06	3.394591e-06	3.094576e-06	3.058888e-06	3.058584e-06	3.033809e-06
172	0.7122989	0.4282261	0.3964405	0.3959253	0.34522	0.3448822	0.3445727	0.3412076	0.3180432	0.3115069	0.2847215	0.2786204	0.2782222	0.2250184	0.0847754	0.01761198	0.01619661	0.0125597	0.0002780069	0.0001906193	0.0001890427	0.0001086294	7.922424e-05	3.662977e-05	2.588636e-05	4.87665e-06	3.109492e-06	2.84269e-06	2.810856e-06	2.810561e-06
173	0.7933981	0.54948	0.3069282	0.2759409	0.2754209	0.2239237	0.223583	0.2232713	0.219849	0.1975658	0.1915143	0.166247	0.1605542	0.1601733	0.1086407	0.08588085	0.01775965	0.01632215	0.01277325	0.000272185	0.000183355	0.0001819172	0.0001009811	7.11819e-05	3.334667e-05	2.314025e-05	4.519069e-06	2.898832e-06	2.674631e-06	2.646915e-06
174	0.1638425	0.1301711	0.1102076	0.09360451	0.08224215	0.08195442	0.03916011	0.03910788	0.03907298	0.03674124	0.0338869	0.03299058	0.03010049	0.02939936	0.02935587	0.01767037	0.01447186	0.0004460153	0.0003966907	0.0003167591	3.217098e-05	2.666321e-05	2.636247e-05	1.579978e-05	9.910048e-06	4.11433e-06	3.315859e-06	4.735339e-07	2.84954e-07	2.341311e-07
175	0.1126257	0.06797284	0.03396598	0.02265356	0.01637556	0.01616974	0.01588582	0.01574182	0.01572033	0.01570216	0.01336932	0.01223635	0.01216648	0.01123563	0.01112486	0.01110611	0.007708411	0.005575307	0.0002919244	0.0002759547	0.0002476876	1.638817e-05	1.218875e-05	1.20611e-05	2.828888e-06	6.950728e-07	2.924863e-07	2.177585e-07	3.720773e-08	2.284589e-08
176	0.3423437	0.09783203	0.05614277	0.02157131	0.01270509	0.008478126	0.008372612	0.008087139	0.007991754	0.007984191	0.007973624	0.005612596	0.004816258	0.004775047	0.003897691	0.0038369	0.003819098	0.00305684	0.001534305	0.0001962626	0.0001913463	0.0001822527	1.073948e-05	7.809762e-06	7.698397e-06	8.242238e-07	3.89243e-07	1.733209e-07	1.238814e-07	2.207774e-08
177	0.675879	0.1528342	0.0529389	0.05269876	0.01741572	0.01134218	0.007864346	0.007796462	0.007505278	0.007424562	0.007417984	0.00740849	0.004998547	0.004260773	0.004231176	0.003371904	0.003321851	0.003304201	0.002745773	0.001259257	0.0001822795	0.0001786873	0.0001722997	8.213909e-06	6.444164e-06	6.338606e-06	5.480757e-07	2.228351e-07	9.730343e-08	7.220419e-08
178	0.1723897	0.07167216	0.03624199	0.0106067	0.01045958	0.01044953	0.006060865	0.003081415	0.003040009	0.003039031	0.003011537	0.003009374	0.003008112	0.003002817	0.002347306	0.002330032	0.00228958	0.002249416	0.002248755	0.001956991	0.0006002796	5.041957e-05	4.83635e-05	4.543948e-05	6.878058e-06	5.576408e-06	5.505758e-06	2.813066e-07	1.176416e-07	5.21764e-08
179	0.1747726	0.1059995	0.03906129	0.01928311	0.004405323	0.004368943	0.004365908	0.00290826	0.001410907	0.001399186	0.001398948	0.001392015	0.001391372	0.001391037	0.001389757	0.001149414	0.001142954	0.001128606	0.001121019	0.001120811	0.001049401	0.0001823203	1.023035e-05	9.433337e-06	8.514783e-06	4.172316e-06	3.406672e-06	3.396838e-06	4.884907e-08	2.612982e-08
180	0.09636392	0.08047958	0.03806509	0.02026696	0.003629369	0.0009266506	0.0009193134	0.0009179583	0.0006163026	0.0003177195	0.0003150803	0.0003149917	0.0003130572	0.0003128038	0.000312676	0.0003122074	0.000264277	0.0002626021	0.0002557807	0.0002527697	0.0002526724	0.0002402074	7.238826e-05	3.740605e-06	3.449828e-06	2.79066e-06	8.994581e-07	7.469736e-07	7.440752e-07	2.11809e-08
181	0.1567157	0.03812142	0.03478059	0.02338677	0.0193925	0.002705754	0.0004908554	0.0004863368	0.0004851518	0.0003405671	0.0001915933	0.0001899317	0.0001898637	0.0001886072	0.0001884026	0.0001883012	0.0001879403	0.0001634882	0.0001622309	0.0001559236	0.0001532744	0.0001531882	0.0001421263	5.856944e-05	2.314466e-06	2.145667e-06	1.80863e-06	4.123267e-07	3.34458e-07	3.319881e-07
182	0.1839523	0.09582297	0.0317089	0.02902537	0.02037154	0.01789593	0.0009568811	0.0001200641	0.0001173473	0.0001162706	9.761363e-05	7.915356e-05	7.830723e-05	7.825445e-05	7.743184e-05	7.726715e-05	7.718724e-05	7.691061e-05	7.300472e-05	7.210758e-05	6.617292e-05	6.379676e-05	6.371731e-05	5.391733e-05	4.734483e-05	1.596765e-06	1.484545e-06	1.183269e-06	4.873968e-08	3.871983e-08
183	0.06530751	0.05460517	0.03847333	0.007945982	0.005960028	0.001552659	0.0008359738	0.0003490141	3.585792e-05	3.512738e-05	3.478195e-05	3.109242e-05	2.763715e-05	2.740503e-05	2.738832e-05	2.719782e-05	2.713499e-05	2.710588e-05	2.701749e-05	2.610925e-05	2.586442e-05	2.387963e-05	2.333074e-05	2.33046e-05	1.910302e-05	1.82756e-05	3.148776e-07	2.718575e-07	1.669888e-07	8.497676e-09
184	0.8624187	0.05814761	0.04775373	0.03418101	0.004956704	0.003114937	0.001187502	0.0006021382	0.0002045447	2.59473e-05	2.539996e-05	2.512098e-05	2.244161e-05	1.987492e-05	1.967768e-05	1.966577e-05	1.952599e-05	1.948238e-05	1.946214e-05	1.940008e-05	1.870793e-05	1.850645e-05	1.689258e-05	1.64631e-05	1.644207e-05	1.327128e-05	1.265775e-05	2.130753e-07	1.832708e-07	1.177643e-07
185	0.8838621	0.8129775	0.02549861	0.01493112	0.008206324	0.004313928	0.00247847	0.0008661231	0.0004540768	0.0001696981	1.874957e-05	1.835259e-05	1.810002e-05	1.605114e-05	1.419102e-05	1.408716e-05	1.407831e-05	1.398159e-05	1.395091e-05	1.393662e-05	1.389192e-05	1.33265e-05	1.317921e-05	1.170521e-05	1.134657e-05	1.132763e-05	9.418721e-06	8.89596e-06	1.520961e-07	1.312022e-07
186	0.8295624	0.7921078	0.7646386	0.01854551	0.008078373	0.003619699	0.001628934	0.001508146	0.0005329216	0.0002930702	0.0001215098	1.24194e-05	1.214738e-05	1.20195e-05	1.06004e-05	9.296081e-06	9.212316e-06	9.206544e-06	9.139772e-06	9.11881e-06	9.10901e-06	9.078871e-06	8.722328e-06	8.627137e-06	7.892154e-06	7.672038e-06	7.662404e-06	6.316353e-06	6.075224e-06	1.067032e-07
187	0.09927317	0.08778073	0.06371948	0.04698185	0.01569398	0.005074182	0.002125345	0.0009563407	0.0008878539	0.0003080964	0.0001637042	5.839308e-05	7.173985e-06	6.993146e-06	6.924847e-06	5.979875e-06	5.10104e-06	5.03585e-06	5.032728e-06	4.991926e-06	4.98093e-06	4.975725e-06	4.959524e-06	4.748979e-06	4.690606e-06	4.300669e-06	4.16484e-06	4.159708e-06	3.346237e-06	3.177441e-06
188	0.1196947	0.03669514	0.03349819	0.02388718	0.01526839	0.00247707	0.00234317	0.0007647609	0.0004624881	0.000432628	0.0001549684	8.333729e-05	2.897875e-05	2.173064e-06	2.096144e-06	2.066966e-06	1.602048e-06	1.163877e-06	1.142463e-06	1.141773e-06	1.128461e-06	1.127147e-06	1.126401e-06	1.123459e-06	1.030836e-06	1.010643e-06	8.425395e-07	7.749024e-07	7.727593e-07	4.618067e-07
189	0.08380755	0.0377392	0.02554422	0.02255068	0.01560508	0.009888192	0.001474519	0.0014159	0.0004939647	0.0002779067	0.0002591176	9.960774e-05	5.431202e-05	1.839785e-05	1.433388e-06	1.383657e-06	1.364472e-06	1.057643e-06	7.674056e-07	7.536463e-07	7.532512e-07	7.455388e-07	7.447038e-07	7.442479e-07	7.424979e-07	6.810549e-07	6.676517e-07	5.555201e-07	5.105206e-07	5.09111e-07
190	0.1212551	0.04090019	0.02389099	0.0126598	0.009924774	0.005529747	0.003508606	0.0005777192	0.0005567252	0.0001934693	0.0001011382	9.430646e-05	3.737717e-05	2.015785e-05	7.387096e-06	5.561997e-07	5.362323e-07	5.295327e-07	4.087745e-07	2.939843e-07	2.882036e-07	2.880567e-07	2.8513e-07	2.848009e-07	2.846097e-07	2.839443e-07	2.605941e-07	2.553932e-07	2.162974e-07	2.00145e-07
191	0.01771522	0.01611229	0.01489432	0.00531121	0.005275301	0.002569569	0.000123171	0.0001008231	2.280414e-05	2.246877e-05	8.685181e-06	2.157867e-06	1.992672e-06	1.172219e-06	5.458492e-07	3.834484e-07	5.744352e-08	5.576775e-08	5.559805e-08	4.375765e-08	3.233152e-08	3.197854e-08	3.196643e-08	3.180703e-08	3.175598e-08	3.173237e-08	3.166544e-08	2.967143e-08	2.939989e-08	2.843353e-08
192	0.05850121	0.008128883	0.007520756	0.006452729	0.005343066	0.005327286	0.002535975	6.230888e-05	5.287751e-05	1.257293e-05	1.243347e-05	5.637937e-06	1.036685e-06	9.567093e-07	5.899206e-07	2.821503e-07	2.126073e-07	4.281254e-08	4.164425e-08	4.157431e-08	3.315717e-08	2.508473e-08	2.48846e-08	2.487527e-08	2.476629e-08	2.472449e-08	2.470526e-08	2.465185e-08	2.327405e-08	2.312486e-08
193	0.8052876	0.03751618	0.003948982	0.003459555	0.003198849	0.002961909	0.002950519	6.675248e-05	2.912722e-05	2.44142e-05	7.278989e-06	7.213647e-06	4.321333e-06	4.995172e-07	4.564505e-07	2.864352e-07	1.405121e-07	1.089282e-07	3.489104e-08	3.400517e-08	3.397082e-08	2.746773e-08	2.12789e-08	2.116749e-08	2.115952e-08	2.107844e-08	2.104166e-08	2.102477e-08	2.09784e-08	1.99409e-08
194	0.03741068	0.004269497	0.001985175	0.0003743592	0.0001510892	0.0001005421	1.857109e-05	1.740574e-05	1.693028e-05	2.248735e-06	2.021605e-06	8.14963e-07	8.117262e-07	7.383751e-07	3.058449e-08	2.661176e-08	1.876209e-08	1.073201e-08	9.562397e-09	6.182947e-09	6.032938e-09	6.030618e-09	4.983294e-09	4.005307e-09	3.995872e-09	3.994338e-09	3.98076e-09	3.973557e-09	3.970254e-09	3.961204e-09
195	0.05142873	0.0320307	0.0006329662	0.0003474149	0.0002109783	1.820522e-05	5.655357e-06	1.144347e-06	9.714466e-07	6.875896e-07	3.367724e-07	2.635314e-07	8.294056e-08	8.232392e-08	6.164547e-08	3.80381e-09	3.322245e-09	2.08143e-09	1.193201e-09	9.463235e-10	4.338607e-10	4.204961e-10	4.201182e-10	3.675793e-10	3.230783e-10	3.2224e-10	3.221005e-10	3.206928e-10	3.200593e-10	3.197662e-10
196	0.182314	0.02027777	0.003160235	0.0003200766	0.0001823354	0.0001236608	1.179196e-05	2.136838e-06	2.711746e-07	2.423541e-07	2.147825e-07	1.636781e-07	1.166308e-07	1.557792e-08	1.515378e-08	4.250721e-09	2.07179e-09	1.868291e-09	1.001757e-09	4.81533e-10	2.988267e-10	1.938308e-11	1.861335e-11	1.838106e-11	1.417673e-11	1.02245e-11	9.896079e-12	9.884057e-12	9.45051e-12	9.436046e-12
197	0.4097686	0.007757233	0.002259382	0.0002264936	0.0002011025	0.000135065	0.0001265978	1.083309e-05	1.151589e-06	6.793326e-08	5.461378e-08	4.94116e-08	2.26783e-08	1.881728e-08	1.591536e-09	1.519126e-09	1.054763e-09	1.829575e-10	1.60646e-10	9.318104e-11	5.963724e-11	4.034936e-11	7.397181e-12	7.22824e-12	7.193901e-12	5.96927e-12	4.843524e-12	4.773287e-12	4.768376e-12	4.563518e-12
198	0.3458653	0.3245936	0.0009401197	0.0003471464	0.0002110736	0.0001970494	0.0001362781	0.0001312057	1.084818e-05	8.015648e-07	2.748989e-08	2.296223e-08	1.819606e-08	5.905167e-09	4.572557e-09	7.566842e-10	7.430599e-10	6.584664e-10	6.276625e-11	5.147638e-11	3.55208e-11	2.715526e-11	2.223805e-11	4.755559e-12	4.658351e-12	4.648481e-12	3.963978e-12	3.323104e-12	3.281501e-12	3.27918e-12
199	0.1232824	0.120935	0.1191554	0.0005129093	0.0001387516	1.571958e-05	1.558535e-05	1.289687e-05	1.129939e-05	1.127017e-05	8.181463e-07	2.649476e-08	2.201913e-08	1.723878e-08	5.475014e-09	4.164869e-09	5.658356e-10	5.557123e-10	4.987147e-10	5.881067e-11	4.810958e-11	3.323693e-11	2.569122e-11	2.10461e-11	3.594944e-12	3.536774e-12	3.527353e-12	2.972749e-12	2.439923e-12	2.402678e-12
200	0.5669732	0.1122767	0.1101437	0.1083017	0.0004840104	0.0001414005	1.617447e-05	1.60415e-05	1.333464e-05	1.174157e-05	1.171403e-05	8.500339e-07	2.704849e-08	2.243055e-08	1.746989e-08	5.553411e-09	4.201677e-09	5.203598e-10	5.098842e-10	4.509525e-10	5.989366e-11	4.902233e-11	3.371295e-11	2.607624e-11	2.125666e-11	3.248636e-12	3.203206e-12	3.193503e-12	2.672017e-12	2.163508e-12
201	0.6798448	0.527005	0.09855868	0.09665942	0.09493832	0.0004515317	0.0001399174	1.602303e-05	1.590741e-05	1.343546e-05	1.225106e-05	1.222832e-05	8.799462e-07	2.569155e-08	2.098325e-08	1.582249e-08	4.066651e-09	2.9624e-09	3.987014e-10	3.923377e-10	3.581615e-10	3.996641e-11	3.564059e-11	2.876084e-11	2.38856e-11	2.071141e-11	2.826009e-12	2.795824e-12	2.788322e-12	2.306864e-12
202	0.9805202	0.6641601	0.5043269	0.08804047	0.08606228	0.08426621	0.0004289319	0.0001399707	1.31144e-05	1.299443e-05	1.044773e-05	9.237095e-06	9.215675e-06	9.167654e-07	2.632498e-08	2.141924e-08	1.604469e-08	4.080543e-09	2.932384e-09	3.347322e-10	3.281466e-10	2.926365e-10	4.056112e-11	3.638133e-11	2.927945e-11	2.42115e-11	2.091211e-11	2.498077e-12	2.467086e-12	2.459415e-12
203	0.9861377	0.9705252	0.639391	0.4716683	0.07622731	0.0742625	0.07240361	0.0003779979	0.0001138638	4.94089e-06	4.82322e-06	2.190982e-06	9.491564e-07	9.293914e-07	9.168657e-07	2.676534e-08	2.164527e-08	1.604e-08	4.053223e-09	2.860202e-09	2.464881e-10	2.397122e-10	2.044846e-10	3.898818e-11	3.720866e-11	2.994064e-11	2.472877e-11	2.131433e-11	2.138325e-12	2.106069e-12
204	0.6631792	0.6568288	0.6560297	0.3080657	0.1317414	0.05490443	0.05373298	0.05182264	0.0003043454	8.046838e-05	2.752998e-06	2.633753e-06	1.426585e-06	4.181491e-07	4.024489e-07	3.944916e-07	1.482404e-08	1.074336e-08	4.903363e-09	3.215493e-09	2.09049e-09	1.709759e-10	1.654269e-10	1.294713e-10	2.129643e-11	1.976093e-11	1.299364e-11	8.309981e-12	5.514326e-12	1.58279e-12
205	0.6283608	0.6225087	0.6222716	0.6215068	0.2649976	0.07887886	0.03015806	0.03004105	0.03001276	0.0002452577	7.131791e-05	1.64414e-06	1.528175e-06	7.473081e-07	8.93886e-08	8.059424e-08	7.676319e-08	6.39464e-09	4.439679e-09	3.524282e-09	2.396268e-09	1.381635e-09	1.037004e-10	9.948684e-11	6.293012e-11	1.555017e-11	1.428073e-11	8.202524e-12	4.278538e-12	2.364761e-12
206	0.2976477	0.2510276	0.2488921	0.2486833	0.2485896	0.2484139	0.05161009	0.01415522	0.01405125	0.01403572	0.0002116173	7.162518e-05	1.122991e-06	1.001768e-06	4.984134e-07	4.949533e-08	4.465232e-08	4.293311e-08	4.335914e-09	4.001162e-09	3.075751e-09	2.280701e-09	1.299657e-09	7.460291e-11	7.044536e-11	3.304708e-11	1.27903e-11	1.164559e-11	6.073748e-12	3.109693e-12
207	0.2014501	0.06883161	0.04833967	0.04677538	0.04666428	0.04661095	0.04657527	0.04657438	0.01016781	0.01006178	0.01005103	0.0001010065	7.535159e-05	1.045391e-06	9.170893e-07	4.623877e-07	4.860658e-08	4.453483e-08	4.328949e-08	2.684318e-09	2.371903e-09	2.338716e-09	1.597257e-09	1.357588e-09	7.093845e-11	6.656161e-11	2.719069e-11	1.283947e-11	1.167376e-11	5.986764e-12
208	0.1032634	0.07943294	0.02202077	0.01294288	0.01135254	0.01125647	0.01120455	0.01116985	0.01116896	0.005729716	0.005618246	0.005607509	2.146397e-05	6.560497e-06	9.185145e-07	7.819801e-07	3.999246e-07	3.920792e-08	3.59848e-08	3.505087e-08	1.614436e-09	1.335064e-09	1.30225e-09	1.066389e-09	8.14117e-10	7.241762e-11	6.780251e-11	2.60854e-11	1.28931e-11	1.168569e-11
209	0.04450523	0.02307669	0.01723553	0.006009988	0.004035213	0.002660922	0.002632178	0.002613527	0.002604311	0.002603891	0.001127638	0.001035845	0.001033009	4.754711e-06	2.117962e-06	2.307944e-07	2.255015e-07	1.281372e-07	1.304456e-08	1.21751e-08	1.193285e-08	5.578932e-10	4.407529e-10	4.296187e-10	3.666177e-10	2.802594e-10	2.543376e-11	2.369249e-11	8.372776e-12	4.422131e-12
210	0.03408591	0.008169391	0.008144782	0.002958534	0.00176914	0.001345206	0.0001416747	0.0001176825	0.0001147381	0.0001132049	0.0001130012	5.414479e-05	5.315808e-05	5.183227e-05	3.388654e-07	1.959845e-07	2.216082e-08	1.792818e-08	9.541457e-09	2.237274e-10	1.637855e-10	1.508627e-10	3.012494e-11	2.766861e-11	2.649262e-11	2.251836e-11	1.820089e-11	2.656557e-12	2.591656e-12	5.631252e-13
211	0.5184405	0.01131128	0.008668534	0.008650701	0.003041833	0.001863595	0.00142442	0.0001219581	9.90252e-05	9.601519e-05	9.532588e-05	9.510785e-05	4.673633e-05	4.577183e-05	4.558968e-05	3.109346e-07	1.914119e-07	2.16708e-08	1.70989e-08	9.029233e-09	9.751071e-11	4.190199e-11	3.037945e-11	2.609919e-11	2.408814e-11	2.387964e-11	2.020012e-11	1.652889e-11	2.621512e-12	2.562533e-12
212	0.719745	0.44259	0.005970004	0.00357428	0.003556918	0.002781362	0.001606776	0.001537827	0.0001170623	9.207356e-05	8.899781e-05	8.832007e-05	8.80852e-05	4.227464e-05	4.129823e-05	4.112341e-05	2.87249e-07	1.792762e-07	2.121454e-08	1.623377e-08	8.629394e-09	9.09991e-11	3.929455e-11	2.847055e-11	2.538164e-11	2.345862e-11	2.325926e-11	1.975328e-11	1.615917e-11	2.470304e-12
213	0.7126504	0.4441674	0.389503	0.004285891	0.002156856	0.002139787	0.00211174	0.001733459	0.001672845	0.0001101292	8.267698e-05	7.959072e-05	7.894393e-05	7.868983e-05	3.72756e-05	3.629719e-05	3.613968e-05	2.498967e-07	1.551748e-07	1.995755e-08	1.448822e-08	7.78558e-09	8.235586e-11	3.572992e-11	2.643492e-11	2.374882e-11	2.194863e-11	2.176779e-11	1.855175e-11	1.516619e-11
214	0.95751	0.6439486	0.3837973	0.326726	0.004034353	0.00223218	0.002223768	0.002199969	0.001885483	0.001835014	9.93279e-05	6.890168e-05	6.779304e-05	6.718868e-05	6.717411e-05	3.119057e-05	3.023383e-05	3.010034e-05	2.032945e-07	1.247749e-07	1.826788e-08	1.227506e-08	6.72288e-09	7.186195e-11	3.161589e-11	2.38564e-11	2.166431e-11	2.002761e-11	1.987118e-11	1.701786e-11
215	0.3061407	0.3055991	0.2646161	0.2466067	0.2373158	0.001721259	0.0003839942	0.0003786165	0.0003601557	0.0001256133	8.790211e-05	8.741669e-05	5.35114e-05	5.264277e-05	5.214206e-05	5.21311e-05	2.295334e-05	2.262785e-05	2.253747e-05	1.384755e-07	8.012035e-08	9.489719e-09	9.460927e-09	5.388177e-09	5.823698e-11	2.59892e-11	2.015091e-11	1.85765e-11	1.759654e-11	1.747703e-11
216	0.2119701	0.2067834	0.2065887	0.1616161	0.145594	0.1394539	0.00103714	0.0002088908	0.0002058258	0.000193891	5.765844e-05	3.556229e-05	3.529623e-05	3.521626e-05	3.463795e-05	3.439289e-05	3.43863e-05	1.350161e-05	1.32724e-05	1.323232e-05	6.581668e-08	3.229892e-08	6.020084e-09	6.005321e-09	3.822315e-09	4.253149e-11	1.976104e-11	1.628106e-11	1.546402e-11	1.478774e-11
217	0.5392894	0.1354228	0.131538	0.1313891	0.1301353	0.112571	0.1080231	0.0008050326	0.0001617624	0.0001593854	0.0001500841	4.462439e-05	2.750938e-05	2.733502e-05	2.726891e-05	2.696428e-05	2.678003e-05	2.677566e-05	1.044269e-05	1.028298e-05	1.025163e-05	5.002629e-08	2.40875e-08	4.445229e-09	4.434972e-09	2.757415e-09	3.207785e-11	1.526506e-11	1.258579e-11	1.196691e-11
218	0.2099757	0.2032904	0.07230079	0.06991829	0.06982825	0.06915106	0.06805205	0.06520927	0.0004858048	9.756714e-05	9.620534e-05	9.058999e-05	2.69208e-05	1.65769e-05	1.647658e-05	1.644951e-05	1.626392e-05	1.61653e-05	1.616264e-05	6.296864e-06	6.20284e-06	6.187843e-06	3.021518e-08	1.456345e-08	2.66263e-09	2.656643e-09	1.63589e-09	1.902423e-11	9.267757e-12	7.649946e-12
219	0.1789474	0.1061959	0.1037708	0.036268	0.03486624	0.03482178	0.03447265	0.03393457	0.03251929	0.0002425253	4.868243e-05	4.800383e-05	4.520425e-05	1.344961e-05	8.275996e-06	8.227224e-06	8.214048e-06	8.118784e-06	8.071666e-06	8.0703e-06	3.139347e-06	3.094778e-06	3.087616e-06	1.511842e-08	7.307346e-09	1.300428e-09	1.297375e-09	7.744094e-10	9.428357e-12	4.743193e-12
220	0.1572453	0.07572859	0.04515608	0.04418102	0.01423624	0.01379289	0.01377386	0.01361977	0.01338085	0.01286286	9.485772e-05	1.917755e-05	1.890708e-05	1.783826e-05	5.26101e-06	3.194066e-06	3.173312e-06	3.167667e-06	3.125093e-06	3.104052e-06	3.103441e-06	1.243959e-06	1.224034e-06	1.220887e-06	6.337547e-09	3.238542e-09	5.811346e-10	5.797758e-10	3.460765e-10	4.13583e-12
221	0.004762714	0.002135249	0.001069762	0.0006237051	0.0006097837	0.0001657646	0.0001605828	0.0001603348	0.0001580846	0.000154916	0.0001481701	1.149979e-06	2.259136e-07	2.228005e-07	2.09054e-07	6.57071e-08	4.175507e-08	4.14834e-08	4.141091e-08	4.083594e-08	4.053769e-08	4.052944e-08	1.437245e-08	1.408946e-08	1.404547e-08	5.93883e-11	2.429524e-11	8.004504e-12	7.986158e-12	4.880354e-12
222	0.0147644	0.0001336356	5.833586e-05	3.004434e-05	1.73449e-05	1.694768e-05	4.026502e-06	3.876388e-06	3.869211e-06	3.803866e-06	3.71253e-06	3.527711e-06	2.719958e-08	5.375037e-09	5.299878e-09	4.98279e-09	1.567465e-09	9.845903e-10	9.771695e-10	9.751902e-10	9.584723e-10	9.497856e-10	9.495459e-10	3.43562e-10	3.353057e-10	3.340772e-10	1.528208e-12	6.94069e-13	2.331798e-13	2.326498e-13
