#unpaired probabilities
 #i$	l=1	2	3	4	5	6	7	8	9	10	11	12	13	14	15	
1	0.9990006	NA	NA	NA	NA	NA	NA	NA	NA	NA	NA	NA	NA	NA	NA
2	0.7995071	0.7985604	NA	NA	NA	NA	NA	NA	NA	NA	NA	NA	NA	NA	NA
3	0.7369246	0.7313157	0.7310567	NA	NA	NA	NA	NA	NA	NA	NA	NA	NA	NA	NA
4	0.9143048	0.7366655	0.7311377	0.7308787	NA	NA	NA	NA	NA	NA	NA	NA	NA	NA	NA
5	0.8855816	0.799931	0.6859598	0.6806103	0.6804514	NA	NA	NA	NA	NA	NA	NA	NA	NA	NA
6	0.9169496	0.8025312	0.7168814	0.6029102	0.5981283	0.5979694	NA	NA	NA	NA	NA	NA	NA	NA	NA
7	0.9175834	0.915472	0.8010535	0.7154087	0.601509	0.5967271	0.5965682	NA	NA	NA	NA	NA	NA	NA	NA
8	0.8405235	0.8315478	0.829488	0.7150696	0.7150111	0.6011114	0.5963296	0.5963226	NA	NA	NA	NA	NA	NA	NA
9	0.8761428	0.8020926	0.7931169	0.7910611	0.6766427	0.6765849	0.6006396	0.5958578	0.5958508	NA	NA	NA	NA	NA	NA
10	0.7108387	0.709566	0.6356051	0.6266322	0.6245776	0.6000558	0.599998	0.5971297	0.5947386	0.5947317	NA	NA	NA	NA	NA
11	0.8998642	0.6832405	0.6820823	0.6081236	0.5991513	0.5970969	0.5970969	0.5970391	0.5946429	0.5946429	0.5946359	NA	NA	NA	NA
12	0.9351829	0.8357067	0.681074	0.6799159	0.6060699	0.5970976	0.5950431	0.5950431	0.5949853	0.5946429	0.5946429	0.5946359	NA	NA	NA
13	0.925175	0.8603579	0.761537	0.6071148	0.6059566	0.6057274	0.5967551	0.5947007	0.5947007	0.5946429	0.5946429	0.5946429	0.5946359	NA	NA
14	0.9162048	0.9147866	0.8506952	0.7519259	0.597674	0.5969925	0.5967634	0.596696	0.5946721	0.5946721	0.5946359	0.5946359	0.5946359	0.5946359	NA
15	0.9163002	0.9134528	0.9120709	0.8479803	0.7493477	0.5961688	0.5954874	0.5952582	0.5951909	0.5946359	0.5946359	0.5946359	0.5946359	0.5946359	0.5946359
