#unpaired probabilities
 #i$	l=1	2	3	4	5	6	7	8	9	10	11	12	13	14	15	16	17	18	19	20	21	22	23	24	25	26	27	28	29	30	
1	0.8764733	NA	NA	NA	NA	NA	NA	NA	NA	NA	NA	NA	NA	NA	NA	NA	NA	NA	NA	NA	NA	NA	NA	NA	NA	NA	NA	NA	NA	NA
2	0.1696315	0.1031486	NA	NA	NA	NA	NA	NA	NA	NA	NA	NA	NA	NA	NA	NA	NA	NA	NA	NA	NA	NA	NA	NA	NA	NA	NA	NA	NA	NA
3	0.1593953	0.04311305	0.03965674	NA	NA	NA	NA	NA	NA	NA	NA	NA	NA	NA	NA	NA	NA	NA	NA	NA	NA	NA	NA	NA	NA	NA	NA	NA	NA	NA
4	0.8031362	0.155417	0.04201966	0.03864759	NA	NA	NA	NA	NA	NA	NA	NA	NA	NA	NA	NA	NA	NA	NA	NA	NA	NA	NA	NA	NA	NA	NA	NA	NA	NA
5	0.6549835	0.4209463	0.1248436	0.03383098	0.03095881	NA	NA	NA	NA	NA	NA	NA	NA	NA	NA	NA	NA	NA	NA	NA	NA	NA	NA	NA	NA	NA	NA	NA	NA	NA
6	0.3923054	0.08373841	0.05909575	0.02329164	0.006314947	0.005796883	NA	NA	NA	NA	NA	NA	NA	NA	NA	NA	NA	NA	NA	NA	NA	NA	NA	NA	NA	NA	NA	NA	NA	NA
7	0.1618	0.07023007	0.05208532	0.037498	0.0142816	0.003803451	0.003510777	NA	NA	NA	NA	NA	NA	NA	NA	NA	NA	NA	NA	NA	NA	NA	NA	NA	NA	NA	NA	NA	NA	NA
8	0.2842124	0.1570191	0.06769111	0.05008553	0.03581555	0.0138118	0.003677142	0.003392443	NA	NA	NA	NA	NA	NA	NA	NA	NA	NA	NA	NA	NA	NA	NA	NA	NA	NA	NA	NA	NA	NA
9	0.0240213	0.01661717	0.009666013	0.004095745	0.002975518	0.002152469	0.0008295496	0.000220763	0.0002039201	NA	NA	NA	NA	NA	NA	NA	NA	NA	NA	NA	NA	NA	NA	NA	NA	NA	NA	NA	NA	NA
10	0.1560917	0.01105985	0.008490768	0.004807739	0.002044206	0.001490294	0.001075791	0.0004152125	0.0001104776	0.0001020207	NA	NA	NA	NA	NA	NA	NA	NA	NA	NA	NA	NA	NA	NA	NA	NA	NA	NA	NA	NA
11	0.5488403	0.04149513	0.001397395	0.001183589	0.0004130469	0.0001953213	0.0001574015	0.0001114304	4.351132e-05	1.160398e-05	1.074905e-05	NA	NA	NA	NA	NA	NA	NA	NA	NA	NA	NA	NA	NA	NA	NA	NA	NA	NA	NA
12	0.04872906	0.02726713	0.008502699	8.9271e-05	4.95048e-05	2.986212e-05	1.694355e-05	1.539398e-05	5.824563e-06	2.330166e-06	6.261924e-07	5.814695e-07	NA	NA	NA	NA	NA	NA	NA	NA	NA	NA	NA	NA	NA	NA	NA	NA	NA	NA
13	0.3356826	0.04217006	0.02665484	0.008343299	4.327851e-05	3.355405e-05	1.742864e-05	7.563604e-06	5.601817e-06	4.064276e-06	1.602451e-06	4.286765e-07	3.987479e-07	NA	NA	NA	NA	NA	NA	NA	NA	NA	NA	NA	NA	NA	NA	NA	NA	NA
14	0.4026113	0.06928663	0.02490446	0.02607473	0.008086266	9.385915e-06	7.400117e-06	2.563991e-06	1.15739e-06	8.841257e-07	6.375535e-07	2.617645e-07	7.038368e-08	6.579551e-08	NA	NA	NA	NA	NA	NA	NA	NA	NA	NA	NA	NA	NA	NA	NA	NA
15	0.5911808	0.3593643	0.04969285	0.01259614	0.01342644	0.008062977	5.337193e-06	4.442407e-06	7.512127e-07	3.454871e-07	2.703883e-07	1.981324e-07	8.379004e-08	2.254796e-08	2.116996e-08	NA	NA	NA	NA	NA	NA	NA	NA	NA	NA	NA	NA	NA	NA	NA
16	0.5735527	0.4733668	0.3498275	0.04530173	0.01237732	0.01329888	0.007932814	4.427232e-06	3.75657e-06	3.296817e-07	1.49042e-07	1.161612e-07	8.476593e-08	3.586679e-08	9.576896e-09	8.901194e-09	NA	NA	NA	NA	NA	NA	NA	NA	NA	NA	NA	NA	NA	NA
17	0.5858035	0.4980294	0.462771	0.3431681	0.04240236	0.01233435	0.01328337	0.00792047	4.062162e-06	3.470107e-06	1.629034e-07	6.969286e-08	5.330495e-08	3.842548e-08	1.612911e-08	4.319048e-09	4.036538e-09	NA	NA	NA	NA	NA	NA	NA	NA	NA	NA	NA	NA	NA
18	0.2164233	0.1597913	0.1336176	0.122075	0.01988923	0.009442271	0.005601341	0.006076103	1.049309e-05	9.572703e-07	8.361563e-08	3.520883e-08	1.591482e-08	1.27012e-08	8.588457e-09	3.689922e-09	9.942067e-10	9.354537e-10	NA	NA	NA	NA	NA	NA	NA	NA	NA	NA	NA	NA
19	0.04874151	0.04257709	0.0437493	0.01911262	0.006600777	0.006464147	0.0003793421	1.550897e-05	1.470549e-05	8.766491e-06	4.571652e-08	3.256622e-08	3.321089e-09	1.570743e-09	1.287766e-09	8.075386e-10	3.36011e-10	8.989977e-11	8.368322e-11	NA	NA	NA	NA	NA	NA	NA	NA	NA	NA	NA
20	0.2280454	0.024127	0.02450318	0.02576091	0.0005745465	0.0002574555	0.0001452711	7.323569e-05	6.630635e-06	6.608448e-06	7.111536e-08	1.768219e-08	2.584006e-09	1.393598e-09	7.249553e-10	6.354921e-10	3.255963e-10	1.348163e-10	3.618e-11	3.3708e-11	NA	NA	NA	NA	NA	NA	NA	NA	NA	NA
21	0.01451445	0.002410496	0.001480083	0.001470301	0.001509156	0.0002663122	2.076046e-05	1.222359e-05	4.959036e-06	4.321469e-07	3.640891e-07	4.491163e-08	2.216195e-09	1.807035e-09	8.380859e-10	3.986392e-10	3.218657e-10	2.299662e-10	9.362032e-11	2.504073e-11	2.327218e-11	NA	NA	NA	NA	NA	NA	NA	NA	NA
22	0.2312874	0.002181273	0.001414539	0.001189474	0.00123121	0.001265308	1.53066e-05	4.147032e-06	1.920267e-06	9.957704e-07	3.148824e-07	3.149095e-07	4.598233e-09	5.109334e-10	3.524592e-10	2.221289e-10	1.113985e-10	9.194781e-11	6.210707e-11	2.696245e-11	7.312188e-12	6.908639e-12	NA	NA	NA	NA	NA	NA	NA	NA
23	0.04850613	0.04711462	0.0002317432	0.0001426125	4.250889e-05	4.360001e-05	1.16235e-05	1.01077e-05	6.795981e-07	2.533805e-07	1.114294e-07	2.474005e-08	6.843795e-09	3.922161e-09	4.054227e-10	3.112541e-10	1.934985e-10	9.421436e-11	7.590893e-11	5.604302e-11	2.435519e-11	6.594954e-12	6.23932e-12	NA	NA	NA	NA	NA	NA	NA
24	0.17727	0.0448118	0.04584266	0.0001036896	4.139382e-05	3.513373e-05	3.665509e-05	4.373721e-06	2.507843e-06	5.157632e-07	1.663375e-07	7.828125e-08	2.311221e-08	5.338368e-09	2.308592e-09	4.014709e-10	3.075728e-10	1.924492e-10	9.369601e-11	7.548102e-11	5.570547e-11	2.423246e-11	6.562256e-12	6.209057e-12	NA	NA	NA	NA	NA	NA
25	0.09174244	0.06353752	0.04429233	0.04571993	2.919853e-05	8.594333e-06	2.167673e-06	2.163413e-06	2.224697e-06	2.327523e-06	3.438736e-07	3.202963e-08	1.114507e-08	1.203632e-09	3.6694e-10	2.26304e-10	1.742321e-11	1.373164e-11	7.957127e-12	3.877322e-12	3.12823e-12	2.312759e-12	9.90774e-13	2.650451e-13	2.464691e-13	NA	NA	NA	NA	NA
26	0.662341	0.08992203	0.06245962	0.04425249	0.04568944	2.664118e-05	6.022322e-06	1.931852e-06	1.917493e-06	1.965333e-06	2.0562e-06	7.25666e-08	2.194281e-08	8.747484e-09	4.658369e-10	1.921124e-10	1.533262e-10	5.570397e-12	4.557544e-12	2.27984e-12	1.127618e-12	9.148369e-13	6.766294e-13	2.808802e-13	7.613687e-14	7.198768e-14	NA	NA	NA	NA
27	0.6749287	0.4678858	0.01184715	0.01133975	0.0006800189	0.0006742224	1.635728e-05	2.245175e-06	6.585994e-08	6.676583e-08	2.311818e-08	7.596486e-09	3.351248e-09	1.788069e-09	8.51312e-10	2.658225e-10	6.327505e-11	2.637319e-11	4.43397e-12	3.391563e-12	2.118236e-12	1.041849e-12	8.396641e-13	6.089624e-13	2.646349e-13	7.173605e-14	6.781794e-14	NA	NA	NA
28	0.5591807	0.5355615	0.443532	0.01124544	0.01125108	0.0006380649	0.0006603221	2.186139e-06	2.205481e-06	3.148881e-08	3.123255e-08	1.904935e-08	6.049257e-09	1.809283e-09	1.313609e-09	6.159288e-10	1.962836e-10	4.705626e-11	2.014833e-11	3.589616e-12	2.777769e-12	1.724651e-12	8.383429e-13	6.766619e-13	5.007221e-13	2.174797e-13	5.888628e-14	5.571133e-14	NA	NA
29	0.8126149	0.5578702	0.5351589	0.4431581	0.01119013	0.01120049	0.0006371768	0.0006595154	1.897973e-06	1.904363e-06	3.116815e-08	3.093283e-08	1.89384e-08	5.942489e-09	1.722095e-09	1.275917e-09	6.109521e-10	1.95169e-10	4.678722e-11	2.003075e-11	3.567971e-12	2.76044e-12	1.715003e-12	8.336269e-13	6.728353e-13	4.978508e-13	2.162822e-13	5.856787e-14	5.541753e-14	NA
30	0.6238068	0.4327291	0.2078563	0.1757765	0.07010637	0.00201584	0.001675451	9.871039e-06	4.252103e-06	2.811969e-07	2.137813e-07	2.832375e-08	2.846568e-08	1.635932e-08	3.217137e-09	1.647747e-09	1.21488e-09	6.025998e-10	1.946835e-10	4.631203e-11	1.9516e-11	3.544715e-12	2.734371e-12	1.714341e-12	8.329392e-13	6.720328e-13	4.968684e-13	2.162703e-13	5.856467e-14	5.541456e-14
31	0.2516427	0.2567559	0.147453	0.06305995	0.06005831	0.04999082	0.001600414	0.001607445	5.183182e-06	4.012685e-06	1.928106e-07	1.911213e-07	1.30651e-08	1.306938e-08	1.370092e-08	1.754525e-09	2.22051e-10	6.487902e-11	2.893579e-11	6.109311e-12	1.743363e-12	7.368668e-13	1.04947e-13	8.154405e-14	4.980423e-14	2.417376e-14	1.949444e-14	1.439724e-14	6.247358e-15	1.661258e-15
32	0.405849	0.2130091	0.2182352	0.1091736	0.06139985	0.05865595	0.04857127	0.001590527	0.001600115	5.131301e-06	3.977379e-06	1.907308e-07	1.889701e-07	1.299606e-08	1.299903e-08	1.362733e-08	1.707125e-09	1.770606e-10	3.094228e-11	1.203978e-11	5.847031e-13	4.295582e-13	1.819846e-13	3.036702e-15	2.94887e-15	5.051896e-16	2.399649e-16	1.954259e-16	1.349908e-16	5.607787e-17
33	0.3264387	0.1518418	0.1268819	0.1300436	0.01804756	0.01644276	0.01204237	0.0001650936	6.660574e-05	1.277206e-05	1.474005e-06	1.550333e-07	2.387522e-08	1.378596e-08	1.169861e-08	1.181032e-08	1.239432e-08	4.220334e-10	1.613134e-10	2.90862e-11	1.169079e-11	3.927588e-13	2.666539e-13	1.166755e-14	8.175131e-16	5.679876e-16	3.521618e-16	1.687676e-16	1.378126e-16	9.177706e-17
34	0.1698167	0.07550393	0.04366314	0.01703611	0.01667736	0.007015791	0.005022934	0.0002265524	0.0001512962	5.358002e-05	1.219299e-05	8.805419e-07	1.441303e-07	1.253266e-08	3.302068e-09	8.61829e-10	4.838256e-10	4.49046e-10	4.06905e-10	1.547411e-10	2.864152e-11	1.14327e-11	1.615777e-13	3.100671e-14	1.014457e-14	5.273838e-16	4.004709e-16	2.426964e-16	1.102426e-16	8.648259e-17
35	0.3519676	0.09951541	0.06989165	0.03889334	0.01607601	0.01569022	0.006000793	0.004971572	0.0001842455	0.0001075511	5.309456e-05	1.178261e-05	8.611954e-07	1.255505e-07	1.130169e-08	2.029303e-09	2.67389e-10	1.096255e-10	9.110441e-11	6.393076e-11	4.568816e-11	2.526901e-11	1.109072e-11	7.89011e-14	1.272322e-14	3.825469e-15	3.193298e-16	2.413121e-16	1.4791e-16	6.856224e-17
36	0.1545159	0.1175106	0.08835364	0.06008291	0.0304772	0.007500217	0.006886333	0.005963945	0.004938476	0.0001556854	0.0001061949	5.298241e-05	1.176986e-05	8.597373e-07	1.25186e-07	1.101059e-08	1.763906e-09	2.249748e-10	8.720425e-11	7.107449e-11	5.510496e-11	3.935727e-11	2.500793e-11	1.102243e-11	5.935214e-14	8.810363e-15	2.386738e-15	1.072337e-16	8.05382e-17	4.735992e-17
37	0.3886884	0.1537471	0.1170106	0.08808347	0.05981346	0.03020161	0.007454252	0.006838987	0.005915158	0.004938244	0.0001554896	0.0001059961	5.298041e-05	1.176818e-05	8.597174e-07	1.251683e-07	1.100886e-08	1.762102e-09	2.244139e-10	8.674259e-11	7.061472e-11	5.464819e-11	3.918916e-11	2.4995e-11	1.102008e-11	5.860808e-14	8.634532e-15	2.313661e-15	9.455743e-17	7.075017e-17
38	0.4319398	0.1080287	0.04129991	0.0314409	0.02344226	0.01564441	0.007909583	0.001946491	0.001785042	0.001544279	0.001288808	4.062119e-05	2.770412e-05	1.382569e-05	3.070884e-06	2.243537e-07	3.266925e-08	2.880284e-09	4.60759e-10	5.906575e-11	2.285992e-11	1.844006e-11	1.426895e-11	1.023194e-11	6.524951e-12	2.876935e-12	1.575212e-14	2.361019e-15	6.491056e-16	3.297082e-17
39	0.3233378	0.2646926	0.0206052	0.005296175	0.004055139	0.00274844	0.001510462	0.0007748605	0.0001839672	0.0001682408	0.0001455995	0.000121065	3.838979e-06	2.62459e-06	1.297307e-06	2.879639e-07	2.105759e-08	3.072393e-09	2.792829e-10	4.423301e-11	5.978436e-12	2.405004e-12	1.736869e-12	1.343113e-12	9.63036e-13	6.133461e-13	2.704961e-13	1.746478e-15	2.839408e-16	8.718069e-17
40	0.2449171	0.2503686	0.2501168	0.01017341	0.0005984054	0.0002186221	7.961525e-05	3.164e-05	1.640785e-05	1.409061e-06	1.260424e-06	1.11508e-06	7.297212e-07	2.979772e-08	2.055543e-08	7.560704e-09	1.452916e-09	1.284609e-10	2.570848e-11	1.143298e-11	1.243499e-12	4.210051e-13	1.867248e-13	1.222566e-14	8.942741e-15	6.07941e-15	3.343159e-15	1.480022e-15	5.866707e-17	1.318123e-17
41	0.1865824	0.188992	0.1937872	0.1967052	0.009751832	0.0002164717	0.0001925756	5.833849e-05	1.329019e-05	1.247765e-05	3.580817e-07	2.930427e-07	2.826881e-07	3.24503e-08	5.598126e-09	5.228808e-09	3.049115e-10	7.149808e-11	7.813233e-12	2.5333e-12	1.033195e-12	1.038195e-12	3.940699e-13	1.760307e-13	3.354348e-15	2.399011e-15	1.378071e-15	4.150606e-16	1.899107e-16	4.628695e-17
42	0.1864459	0.1780268	0.1813903	0.1860028	0.189225	0.002078079	0.0001981783	0.0001739386	5.772247e-05	1.27471e-05	1.209194e-05	3.071472e-07	2.49676e-07	2.497976e-07	1.337833e-08	1.739895e-09	1.588758e-09	1.309948e-10	3.174207e-11	4.329077e-12	8.01262e-13	4.275469e-13	4.252696e-13	3.931897e-13	1.754614e-13	2.802316e-15	2.033968e-15	1.072119e-15	1.870208e-16	7.689452e-17
43	0.2271551	0.1784195	0.1776917	0.1813738	0.185988	0.1892112	0.002069167	0.0001894797	0.0001737039	5.75437e-05	1.261762e-05	1.204501e-05	2.957225e-07	2.392445e-07	2.409147e-07	6.011797e-09	1.49001e-09	1.413356e-09	5.206983e-11	1.420552e-11	3.049782e-12	6.135555e-13	4.094263e-13	4.22175e-13	3.923627e-13	1.75326e-13	2.692996e-15	1.949127e-15	1.01041e-15	1.481277e-16
44	0.3922812	0.1834482	0.1749651	0.1770949	0.1809641	0.1855703	0.188845	0.002061987	0.0001838954	0.0001734553	5.736324e-05	1.256856e-05	1.201997e-05	2.898457e-07	2.346378e-07	2.37179e-07	3.13115e-09	1.305439e-09	1.258622e-09	2.175265e-11	7.367009e-12	2.395758e-12	3.502232e-13	1.991103e-13	2.067384e-13	1.665149e-13	1.752528e-13	2.637582e-15	1.906432e-15	9.770446e-16
45	0.7452071	0.2528198	0.1763186	0.1722619	0.1749337	0.178825	0.1833837	0.188198	0.001954184	0.0001408039	0.0001297479	1.24011e-05	1.244982e-05	1.19638e-05	2.372691e-07	2.329272e-07	2.361463e-07	2.332879e-09	1.239962e-09	1.200472e-09	1.458962e-11	5.885704e-12	2.165613e-12	1.958374e-13	4.997498e-14	5.116921e-14	2.969681e-15	2.986908e-15	2.581169e-15	1.854093e-15
46	0.05770666	0.0315753	0.01606737	0.007893446	0.003405555	0.002214273	0.001812487	0.001849369	0.001888248	0.00193837	0.0001251545	0.0001286693	1.133652e-05	1.162291e-05	1.195059e-05	2.308215e-07	2.308854e-07	2.354921e-07	2.000297e-09	1.139151e-09	1.107226e-09	1.007349e-11	3.394242e-12	2.206215e-13	1.893704e-13	4.790016e-14	5.008899e-14	2.117214e-15	2.163333e-15	1.746294e-15
47	0.1366729	0.0376055	0.01338157	0.006172031	0.001934272	0.0004738799	0.0002637539	0.0001982435	0.0002001259	0.0002015874	0.0002063935	0.000124348	0.0001278437	1.132168e-05	1.160782e-05	1.1936e-05	2.30506e-07	2.306269e-07	2.353289e-07	1.93715e-09	1.1159e-09	1.085141e-09	9.564609e-12	3.191429e-12	9.495914e-14	6.08582e-14	4.648284e-14	4.863112e-14	8.013558e-16	8.341594e-16
48	0.3907271	0.1119705	0.03219162	0.01093255	0.004578952	0.0009158915	0.0002559492	0.0001438363	0.0001200889	0.0001220789	0.0001227699	0.0001257543	0.0001238116	0.0001273186	1.12857e-05	1.157088e-05	1.190041e-05	2.290751e-07	2.293513e-07	2.343331e-07	1.790722e-09	1.052364e-09	1.024962e-09	8.868426e-12	3.054766e-12	5.820722e-14	2.323063e-14	1.442568e-14	1.497577e-14	6.144404e-16
49	0.1819758	0.1378277	0.07018159	0.02608305	0.007681644	0.002961814	0.000419118	5.063513e-05	2.214837e-05	7.15262e-06	6.538129e-06	4.718522e-06	4.540685e-06	5.774988e-07	5.673706e-07	1.506414e-07	9.910378e-08	7.302589e-08	1.374249e-08	7.048025e-09	4.669964e-09	1.562773e-09	9.793851e-10	9.557196e-10	7.276091e-12	2.714483e-12	3.147375e-14	7.980648e-15	9.100561e-16	9.329599e-16
50	0.1877148	0.160058	0.1226713	0.06567462	0.02447041	0.007215914	0.002789152	0.0003944652	4.687307e-05	2.020333e-05	5.980099e-06	5.360288e-06	4.396248e-06	4.229085e-06	5.190258e-07	5.08947e-07	9.387387e-08	9.164966e-08	6.685277e-08	8.308191e-09	6.656743e-09	4.382833e-09	1.390548e-09	9.320603e-10	9.101357e-10	6.997217e-12	2.672078e-12	3.045464e-14	7.219049e-15	4.616503e-16
51	0.7326054	0.1474736	0.1315698	0.1001178	0.0558044	0.02075544	0.006161508	0.002383903	0.0003308965	4.187542e-05	1.783178e-05	5.358652e-06	4.778204e-06	3.866782e-06	3.714141e-06	5.015608e-07	4.963837e-07	8.733695e-08	8.507468e-08	6.37664e-08	7.327283e-09	5.871597e-09	3.908225e-09	1.221609e-09	8.370266e-10	8.181972e-10	6.325754e-12	2.576357e-12	2.934143e-14	6.51329e-15
52	0.8043038	0.7109627	0.137913	0.1228278	0.09454523	0.05269766	0.01948563	0.005884779	0.002279398	0.0003175137	4.018005e-05	1.698383e-05	5.13225e-06	4.582999e-06	3.702853e-06	3.556853e-06	4.858541e-07	4.81113e-07	8.402698e-08	8.188713e-08	6.164829e-08	6.990672e-09	5.605561e-09	3.737355e-09	1.162755e-09	7.972032e-10	7.7928e-10	6.061322e-12	2.495645e-12	2.80154e-14
53	0.9849651	0.7976861	0.7072494	0.1351026	0.1205786	0.09308316	0.05193006	0.0191949	0.005802429	0.002249083	0.000313619	3.975362e-05	1.677514e-05	5.067286e-06	4.522995e-06	3.653869e-06	3.509932e-06	4.81113e-07	4.765018e-07	8.302371e-08	8.092162e-08	6.100738e-08	6.889147e-09	5.525406e-09	3.685901e-09	1.144945e-09	7.8509e-10	7.674391e-10	5.981449e-12	2.471193e-12
54	0.6042098	0.5989498	0.5678803	0.5606752	0.01208967	0.01019563	0.00810474	0.005528304	0.001899599	0.0008701636	0.0003420452	6.31746e-05	6.332788e-06	3.115486e-06	5.814626e-07	5.171e-07	4.274762e-07	4.150864e-07	3.240817e-08	3.085652e-08	5.104088e-09	4.966228e-09	3.743893e-09	4.18622e-10	3.363053e-10	2.252188e-10	7.181968e-11	4.943397e-11	4.841603e-11	3.973318e-13
55	0.4601723	0.05838784	0.04517712	0.01674449	0.01049974	0.006316759	0.005285906	0.00441963	0.003523478	0.001152231	0.0006567607	0.0002620023	5.276785e-05	5.132809e-06	2.526121e-06	3.754774e-07	3.304185e-07	2.808527e-07	2.739017e-07	1.092992e-08	9.464339e-09	1.687141e-09	1.63198e-09	1.211993e-09	1.398382e-10	1.126501e-10	7.593023e-11	2.558764e-11	1.776108e-11	1.745884e-11
56	0.08219182	0.06617058	0.04363158	0.0308049	0.005646126	0.002306356	0.000157187	0.000134018	0.0001214208	7.659824e-05	4.95284e-05	4.418882e-05	3.819261e-05	2.460166e-05	2.419511e-06	1.256986e-06	5.342597e-08	2.901365e-08	1.469978e-08	6.667182e-09	2.806469e-10	1.335086e-10	2.744104e-11	2.219077e-11	1.405984e-11	1.892116e-12	1.420982e-12	8.832843e-13	3.031864e-13	2.017353e-13
57	0.09473406	0.07370156	0.05785624	0.03549678	0.02782145	0.002938403	0.002242104	0.0001028967	8.338626e-05	8.09876e-05	4.233225e-05	3.357422e-05	3.195637e-05	2.887134e-05	2.345961e-05	2.291455e-06	1.202877e-06	4.929409e-08	2.590922e-08	1.245762e-08	4.454537e-09	1.89054e-10	5.239402e-11	1.00771e-11	9.474187e-12	4.596497e-12	6.375474e-13	5.391923e-13	2.892387e-13	1.005079e-13
58	0.09643509	0.07598096	0.06005751	0.04563634	0.03272036	0.02578135	0.002709946	0.002176375	4.044489e-05	3.924836e-05	3.916349e-05	4.849069e-06	4.396208e-06	4.275177e-06	2.25776e-06	1.224898e-06	3.177197e-07	9.301329e-08	3.23895e-09	1.469012e-09	4.502061e-10	3.840837e-10	1.3696e-11	1.311952e-11	8.988206e-13	8.59498e-13	2.017937e-13	2.470108e-14	2.215098e-14	1.337755e-14
59	0.04703405	0.03454021	0.02778409	0.02532018	0.02417302	0.02314143	0.02280464	0.0005549828	3.832151e-05	3.549119e-05	3.444728e-05	3.447262e-05	2.635011e-07	9.330633e-08	9.030396e-08	4.365458e-08	1.504298e-08	4.67187e-09	4.630198e-10	2.117773e-11	1.1884e-11	5.555183e-12	4.589425e-12	9.790325e-13	7.653956e-13	6.875555e-13	6.664237e-13	4.436546e-14	1.107449e-14	1.063043e-14
60	0.4642048	0.01246844	0.008754841	0.003035163	0.001455998	0.001152883	0.0008648461	0.0007220264	0.0005402558	3.497343e-05	3.210239e-05	3.274998e-05	3.335631e-05	2.421789e-07	7.396949e-08	7.178769e-08	3.618924e-08	1.157558e-08	3.725112e-09	2.446383e-10	7.061501e-12	4.071828e-12	2.484112e-12	2.338749e-12	1.811837e-13	1.570969e-13	7.442154e-14	5.729011e-14	3.782054e-14	5.96889e-15
61	0.08981007	0.06677926	0.006159358	0.003686025	0.002399937	0.001064781	0.0007896563	0.0005258409	0.0003937175	0.0002078457	3.233808e-05	3.208929e-05	3.273671e-05	3.334285e-05	2.285484e-07	6.553862e-08	6.370974e-08	3.149873e-08	1.094437e-08	3.640213e-09	2.121196e-10	5.642576e-12	3.409111e-12	2.311163e-12	2.205401e-12	1.678965e-13	1.441055e-13	7.109745e-14	5.388571e-14	3.432876e-14
62	0.05436497	0.03251764	0.01326938	0.004567498	0.002438197	0.001189265	0.0009406259	0.0007155307	0.0004965353	0.0003893715	0.0002067281	3.182152e-05	3.208281e-05	3.27305e-05	3.333669e-05	2.224558e-07	6.07216e-08	5.897597e-08	2.831056e-08	1.001571e-08	3.398827e-09	1.403405e-10	1.584599e-12	6.713096e-13	3.550611e-13	2.659735e-13	1.013239e-13	7.67479e-14	5.835068e-14	4.078374e-14
63	0.0611234	0.04300429	0.02386418	0.008588602	0.003418771	0.001379089	0.001107965	0.0008758118	0.0006573	0.0004624124	0.0003567895	0.0001760544	5.808796e-07	2.179432e-07	2.168472e-07	2.194538e-07	2.222085e-07	6.051554e-08	5.877795e-08	2.813399e-08	9.85811e-09	3.392009e-09	1.371701e-10	1.456751e-12	6.084347e-13	3.325308e-13	2.490021e-13	9.956941e-14	7.593841e-14	5.768998e-14
64	0.5568733	0.060148	0.04226273	0.02312937	0.007891324	0.00281939	0.001331675	0.00110235	0.0008752872	0.0006569199	0.0004621609	0.0003566082	0.0001758813	4.33277e-07	6.7461e-08	6.329574e-08	6.27047e-08	6.212621e-08	6.031398e-08	5.874055e-08	2.810411e-08	9.841375e-09	3.38695e-09	1.363927e-10	1.429686e-12	5.965446e-13	3.295156e-13	2.466544e-13	9.952129e-14	7.58954e-14
65	0.5716294	0.5547701	0.05870767	0.04082908	0.021679	0.006751979	0.001780474	0.001325913	0.001097096	0.0008749851	0.0006567303	0.0004620646	0.0003565625	0.0001758703	4.324377e-07	6.672825e-08	6.261251e-08	6.203711e-08	6.148407e-08	6.001e-08	5.872843e-08	2.809869e-08	9.839389e-09	3.386085e-09	1.362816e-10	1.409098e-12	5.785338e-13	3.130582e-13	2.317922e-13	9.589174e-14
66	0.612601	0.571579	0.5547609	0.05870198	0.04082568	0.02167658	0.006750444	0.001779704	0.001325202	0.001096893	0.0008748414	0.0006566449	0.0004620315	0.0003565585	0.0001758702	4.324352e-07	6.672612e-08	6.261043e-08	6.203503e-08	6.1482e-08	6.000798e-08	5.872641e-08	2.809831e-08	9.839279e-09	3.386055e-09	1.362738e-10	1.408578e-12	5.782711e-13	3.129772e-13	2.317361e-13
67	0.7620389	0.6115996	0.5715699	0.5547543	0.05869953	0.04082426	0.02167564	0.006749861	0.001779467	0.00132499	0.00109681	0.0008747831	0.0006566103	0.0004620181	0.0003565569	0.0001758701	4.324335e-07	6.67245e-08	6.260882e-08	6.203341e-08	6.148037e-08	6.000636e-08	5.872477e-08	2.809808e-08	9.839233e-09	3.386042e-09	1.362705e-10	1.408347e-12	5.781606e-13	3.129434e-13
68	0.9989029	0.76146	0.6115318	0.5715604	0.5547465	0.05869844	0.04082369	0.02167529	0.006749596	0.001779327	0.001324855	0.001096795	0.0008747722	0.0006566038	0.0004620156	0.0003565566	0.0001758701	4.32432e-07	6.67231e-08	6.260742e-08	6.203203e-08	6.147905e-08	6.000508e-08	5.872349e-08	2.809792e-08	9.839222e-09	3.386039e-09	1.362697e-10	1.408267e-12	5.781252e-13
69	0.9994939	0.9984245	0.7612078	0.6114739	0.5715436	0.5547343	0.05868788	0.0408132	0.02166472	0.006738925	0.001768552	0.001313895	0.001096794	0.0008747712	0.0006566029	0.0004620146	0.0003565557	0.00017587	4.324182e-07	6.671596e-08	6.260612e-08	6.203079e-08	6.147814e-08	6.000423e-08	5.872266e-08	2.809774e-08	9.839218e-09	3.386038e-09	1.362693e-10	1.407905e-12
70	0.1125679	0.1125308	0.1122906	0.06052259	0.01496182	0.005801774	0.004772171	0.003427551	0.003118689	0.002968289	0.001538638	0.000506897	0.0004120416	0.0003254981	0.0002346236	0.0001452435	6.518025e-05	2.071011e-05	8.017869e-07	2.738962e-09	1.013115e-09	8.911124e-10	8.678941e-10	6.789624e-10	6.135577e-10	5.912647e-10	2.53283e-10	1.047569e-10	3.15863e-11	4.841835e-12
71	0.09157906	0.09041732	0.09038748	0.09019284	0.04890329	0.01163468	0.004464185	0.003519006	0.002468008	0.002420096	0.002337108	0.001233226	0.000423921	0.0003427039	0.0002680888	0.0001896339	0.0001126363	4.363498e-05	5.196368e-06	2.026845e-07	1.223359e-09	7.535788e-10	6.482001e-10	6.29593e-10	4.429524e-10	3.841998e-10	3.673593e-10	1.455371e-10	6.734263e-11	1.872365e-11
72	0.07832919	0.06916184	0.06894319	0.06892303	0.06879695	0.03989604	0.008264435	0.00180907	0.001298885	0.0008720172	0.0008264993	0.0007760895	0.0003995414	0.0001350239	0.0001085273	8.476032e-05	5.933116e-05	3.52391e-05	1.364819e-05	1.621179e-06	6.448443e-08	7.437067e-10	5.72458e-10	5.612504e-10	5.457066e-10	3.63821e-10	3.259185e-10	3.119275e-10	1.178231e-10	5.82484e-11
73	0.4783542	0.07257417	0.06681282	0.06663865	0.0666198	0.06649989	0.03900584	0.008066739	0.001683765	0.001176993	0.0008568156	0.0008117288	0.0007615946	0.0003979874	0.0001338463	0.0001074417	8.365996e-05	5.93284e-05	3.523713e-05	1.364692e-05	1.620288e-06	6.400839e-08	6.831997e-10	5.422107e-10	5.323601e-10	5.170479e-10	3.359675e-10	3.147786e-10	3.031637e-10	1.121673e-10
74	0.0288369	0.02793637	0.02733573	0.02717174	0.02715118	0.02714419	0.02710068	0.01711798	0.003877406	0.0006376434	0.0001714097	0.0001261712	8.698177e-05	4.614473e-05	1.607506e-05	3.66195e-06	2.528347e-06	1.961089e-06	1.390165e-06	8.260216e-07	3.206435e-07	3.913591e-08	2.644318e-09	2.230029e-10	2.106048e-10	2.042438e-10	1.997298e-10	1.953397e-10	1.822199e-10	1.772438e-10
75	0.05669647	0.00809982	0.007959223	0.00761414	0.007518406	0.007508994	0.007506857	0.007493737	0.004475772	0.0009591613	0.0001255808	1.182256e-05	4.679539e-06	2.694273e-06	1.200836e-06	1.005074e-06	1.106418e-07	8.905542e-09	5.533333e-09	3.984595e-09	2.744428e-09	1.65379e-09	1.062352e-09	9.801646e-10	4.233809e-11	3.91987e-11	3.790525e-11	3.640867e-11	3.321658e-11	2.516799e-11
76	0.04412427	0.03394265	0.001398618	0.001340703	0.001016548	0.0009324837	0.0009252917	0.0009248346	0.0009222515	0.0003217266	4.583138e-05	6.661578e-06	3.556934e-06	9.369169e-07	6.542337e-07	3.867535e-07	2.622723e-07	3.818042e-08	2.547823e-09	1.023804e-09	7.968446e-10	7.966995e-10	8.034823e-10	8.143922e-10	8.201184e-10	2.056287e-11	1.750509e-11	1.644015e-11	1.539453e-11	1.30917e-11
77	0.02952553	0.01370438	0.009793021	0.001008682	0.0009748807	0.0008717033	0.0007916957	0.0007848709	0.0007844494	0.0007820897	0.0002327106	2.741094e-05	3.893698e-06	2.802623e-06	4.423261e-07	3.843238e-07	2.789205e-07	1.556832e-07	2.941932e-08	1.652899e-09	2.565497e-10	3.733732e-11	3.253102e-11	3.080253e-11	3.032437e-11	2.209639e-11	1.737372e-11	1.441091e-11	1.336323e-11	1.234751e-11
78	0.3901758	0.01866287	0.009090518	0.005960384	0.0003855142	0.0003584921	0.0002572917	0.0002100151	0.0002038781	0.000203721	0.0002031153	6.476461e-05	8.334026e-06	1.439906e-06	6.964607e-07	2.050926e-07	1.949581e-07	1.705262e-07	6.078895e-08	9.390817e-09	1.206459e-09	1.874367e-10	2.26464e-11	2.038066e-11	1.94671e-11	1.930175e-11	1.196734e-11	7.918245e-12	6.901353e-12	6.166671e-12
79	0.05305011	0.04996459	0.01789994	0.008541226	0.005438993	0.0003665873	0.0003526256	0.0002517149	0.0002045223	0.0002003649	0.0002002094	0.0001996141	6.371499e-05	8.168417e-06	1.394909e-06	6.894303e-07	2.017439e-07	1.925633e-07	1.693833e-07	5.967851e-08	9.19582e-09	1.199949e-09	1.861374e-10	2.223437e-11	2.001804e-11	1.917831e-11	1.901915e-11	1.176425e-11	7.739017e-12	6.744795e-12
80	0.9993311	0.05304903	0.04996379	0.01789916	0.008540443	0.005438251	0.0003658462	0.0003518845	0.0002510267	0.0002045223	0.0002003649	0.0002002094	0.0001996141	6.371499e-05	8.168417e-06	1.394908e-06	6.894299e-07	2.017436e-07	1.925631e-07	1.693832e-07	5.967848e-08	9.195816e-09	1.199946e-09	1.861374e-10	2.223435e-11	2.001802e-11	1.91783e-11	1.901913e-11	1.176425e-11	7.739016e-12
81	0.8978902	0.8973126	0.05290773	0.04991854	0.01800734	0.008519617	0.005408477	0.0003292757	0.0003170048	0.0002146249	0.0001837225	0.0001809337	0.0001808536	0.000180323	5.605555e-05	7.217091e-06	1.405781e-06	6.951702e-07	2.021504e-07	1.934174e-07	1.704208e-07	6.059831e-08	9.312707e-09	1.193926e-09	1.846847e-10	2.159245e-11	1.934337e-11	1.848301e-11	1.831127e-11	1.141165e-11
82	0.9999777	0.896882	0.8963752	0.05330232	0.05026552	0.01813364	0.008502687	0.005377302	0.0002951111	0.00028319	0.0001794155	0.0001656126	0.0001643059	0.0001642321	0.0001637423	4.898236e-05	6.558949e-06	1.419993e-06	7.019239e-07	2.033684e-07	1.945847e-07	1.713816e-07	6.158876e-08	9.438764e-09	1.186132e-09	1.830201e-10	2.098607e-11	1.870253e-11	1.781833e-11	1.763023e-11
83	0.9122952	0.9122833	0.8222171	0.8217416	0.05209512	0.04922998	0.01802713	0.008279615	0.005219902	0.0002019853	0.0001901041	0.0001630944	0.0001509647	0.0001498258	0.0001497582	0.0001493098	4.424596e-05	5.874426e-06	1.334052e-06	6.112641e-07	1.284181e-07	1.185729e-07	9.522597e-08	6.226895e-08	9.430539e-09	1.098088e-09	1.691181e-10	2.015485e-11	1.790476e-11	1.700994e-11
84	0.9997182	0.9109709	0.9109597	0.8200834	0.8197346	0.0522166	0.04930484	0.0179268	0.008102343	0.005278316	0.0001911961	0.0001791999	0.0001518721	0.0001437395	0.0001427538	0.0001426893	0.0001422615	4.201668e-05	5.643475e-06	1.335067e-06	6.070825e-07	1.297315e-07	1.198182e-07	9.629106e-08	6.30101e-08	9.283195e-09	8.476598e-10	1.351022e-10	1.936189e-11	1.722324e-11
85	0.9088637	0.9088588	0.8380982	0.8380874	0.7509279	0.7506148	0.01264638	0.01168892	0.006259339	0.005970986	0.005321689	0.0001690234	0.000163943	0.0001361932	0.0001314833	0.000130995	0.0001309357	0.000130542	3.82958e-05	4.670569e-06	6.800557e-07	5.771528e-07	1.061058e-07	9.719312e-08	8.107283e-08	4.720848e-08	9.081367e-09	5.786118e-10	9.778465e-11	1.771173e-11
86	0.9870533	0.9063182	0.9063135	0.834783	0.8347722	0.7476885	0.747389	0.01198447	0.01101254	0.005865258	0.005682254	0.005382485	0.0001620978	0.0001569855	0.0001288391	0.0001245521	0.0001241021	0.000124046	0.0001236733	3.635691e-05	4.46899e-06	6.685656e-07	5.665512e-07	1.063417e-07	9.742304e-08	8.115981e-08	4.694605e-08	8.190314e-09	2.482046e-10	5.296529e-11
87	0.9404769	0.9297033	0.8555768	0.855572	0.7844938	0.7844829	0.7017121	0.701418	0.01093994	0.009956196	0.005868399	0.005707121	0.00543359	0.0001306404	0.0001258678	0.0001256105	0.0001239816	0.0001237553	0.0001236992	0.0001233272	3.615657e-05	4.440078e-06	6.671814e-07	5.6432e-07	1.071896e-07	9.822346e-08	8.178939e-08	4.734672e-08	8.219795e-09	2.250689e-10
88	0.7858722	0.7815438	0.7746689	0.7457168	0.745716	0.6805238	0.6805185	0.6406804	0.6404087	0.004336255	0.003343638	0.0006778645	0.0005461989	0.0003152918	0.0001302253	0.000125431	0.0001252026	0.000124933	0.0001247285	0.0001246718	0.0001242956	3.614599e-05	4.196293e-06	3.933129e-07	2.892029e-07	7.429675e-08	6.474315e-08	4.746444e-08	4.77178e-08	8.189445e-09
89	0.6888671	0.6455154	0.6411591	0.637838	0.6227651	0.6227645	0.6171925	0.6171894	0.5807563	0.5805081	0.002423598	0.001427576	0.0003883178	0.0003341325	0.0002287943	0.0001274522	0.0001264708	0.0001262767	0.0001260204	0.0001258862	0.0001258288	0.0001254477	3.613882e-05	3.873874e-06	2.858651e-07	2.133966e-07	4.801216e-08	3.804454e-08	2.068196e-08	2.05642e-08
90	0.7570843	0.6311128	0.5891344	0.58483	0.5823411	0.5776118	0.5776111	0.5746051	0.5746022	0.5732937	0.5730622	0.001968931	0.000960216	0.0002653337	0.0002316207	0.0001670727	0.0001180744	0.0001177651	0.0001176476	0.0001174156	0.0001172845	0.0001172303	0.0001168701	3.243158e-05	3.473303e-06	2.442368e-07	1.740022e-07	2.212944e-08	1.31939e-08	6.566431e-09
91	0.0328815	0.02245094	0.01399385	0.01357953	0.01350743	0.01207783	0.01121858	0.01121805	0.01035256	0.01035021	0.009917289	0.009717831	0.001571976	0.0005468825	0.0001706272	0.000149548	0.0001125731	0.0001027361	0.0001025206	0.0001024274	0.000102234	0.000102109	0.0001020618	0.0001017485	2.831199e-05	2.946194e-06	9.458887e-08	2.614169e-08	1.939915e-08	1.071647e-08
92	0.01005775	0.00773603	0.006860359	0.005095941	0.004829089	0.004826021	0.003754689	0.003244906	0.003244884	0.002968806	0.002968609	0.002873285	0.002864763	0.0001978069	0.0001747154	2.003566e-05	1.414258e-05	9.890243e-06	4.456494e-06	4.301889e-06	4.293303e-06	4.206683e-06	4.12515e-06	4.124e-06	4.116733e-06	2.445761e-06	4.876477e-07	7.056906e-08	1.864015e-08	1.4479e-08
93	0.1879983	0.005707598	0.005263163	0.004485006	0.003615098	0.003499537	0.003497863	0.002472688	0.0021668	0.002166788	0.002012184	0.002012074	0.001958778	0.001954137	0.0001325591	0.0001261005	1.166944e-05	8.005829e-06	5.627031e-06	2.425924e-06	2.340611e-06	2.335603e-06	2.285163e-06	2.280124e-06	2.279573e-06	2.276153e-06	1.495697e-06	3.12053e-07	4.57755e-08	1.103125e-08
94	0.03849925	0.0304193	0.003417811	0.00329137	0.002619792	0.00207515	0.002064984	0.002064388	0.001070961	0.001036326	0.001036323	0.001028639	0.001028624	0.001024009	0.001022939	7.868283e-05	7.804347e-05	2.206824e-06	1.197338e-06	6.584983e-07	5.50158e-07	5.474159e-07	5.467572e-07	5.463419e-07	5.461962e-07	5.460572e-07	5.451847e-07	3.450314e-07	7.593162e-08	9.876039e-09
95	0.2415567	0.02756224	0.02121126	0.001636283	0.001557974	0.00153932	0.001019222	0.001018053	0.001017703	0.001016395	0.0009908851	0.000990885	0.0009906826	0.0009906825	0.0009881608	0.0009881548	7.681234e-05	7.651443e-05	1.430035e-06	4.999517e-07	1.761662e-08	3.143136e-09	3.018068e-09	3.003864e-09	2.993341e-09	2.991592e-09	2.990857e-09	2.986253e-09	1.93148e-09	4.497572e-10
96	0.177002	0.08070486	0.002697867	0.001729233	0.001595226	0.00156573	0.001547133	0.001035435	0.001034249	0.001033894	0.00103259	0.001010771	0.001010771	0.001010657	0.001010657	0.001008149	0.001008149	7.839981e-05	7.809746e-05	1.451776e-06	5.03723e-07	1.316018e-08	2.5949e-10	1.802332e-10	1.757394e-10	1.728562e-10	1.724877e-10	1.724361e-10	1.721037e-10	9.583145e-11
97	0.8021009	0.1784734	0.08164155	0.002195026	0.001649467	0.001583981	0.0015543	0.001535418	0.001042517	0.001041307	0.001040943	0.001039613	0.001032543	0.001032543	0.001032428	0.001032428	0.001029912	0.001029911	8.009503e-05	7.978616e-05	1.479907e-06	5.129957e-07	1.329017e-08	1.903175e-10	1.106212e-10	1.061786e-10	1.033322e-10	1.02977e-10	1.029445e-10	1.027336e-10
98	0.2450161	0.232707	0.1806827	0.08331324	0.002158812	0.001612808	0.001553267	0.001523046	0.001503806	0.001058101	0.001056866	0.001056495	0.001055137	0.001053798	0.001053798	0.001053681	0.001053681	0.001051133	0.001051133	8.173731e-05	8.142209e-05	1.507533e-06	5.210403e-07	1.339325e-08	1.223254e-10	4.214939e-11	3.780214e-11	3.497369e-11	3.463024e-11	3.461761e-11
99	0.3073139	0.106308	0.09475078	0.08329801	0.07578971	0.0005139885	0.0002159977	0.0002081573	0.0002033549	0.0002001248	0.0001641647	0.0001640218	0.0001639649	0.0001638335	0.0001637168	0.0001637168	0.0001636996	0.0001636996	0.0001616294	0.0001616294	6.470803e-06	6.445627e-06	1.072009e-07	3.552902e-08	1.128555e-09	1.714579e-11	1.024302e-11	9.820344e-12	8.540367e-12	8.344581e-12
100	0.08517567	0.08318089	0.08113272	0.07877161	0.07822767	0.07677427	0.0002841487	1.405073e-05	1.310293e-05	1.279652e-05	1.260553e-05	1.073498e-05	1.072749e-05	1.072384e-05	1.071692e-05	1.070485e-05	1.070485e-05	1.070285e-05	1.070285e-05	1.034406e-05	1.034405e-05	3.293929e-07	3.281142e-07	5.382743e-09	1.910344e-09	3.046992e-10	1.515684e-12	9.651318e-13	9.147099e-13	6.497132e-13
101	0.22402	0.002160793	0.001354967	0.0009666918	0.0009528737	0.0007245089	0.0002698881	0.0002678939	3.415315e-07	7.082571e-08	6.880658e-08	6.696039e-08	3.922282e-08	3.91847e-08	3.917199e-08	3.855858e-08	3.838926e-08	3.838925e-08	3.713942e-08	3.713931e-08	3.566515e-08	3.566431e-08	1.271881e-09	1.267763e-09	2.815512e-10	2.700177e-10	2.622024e-10	5.634175e-13	4.306821e-13	4.230309e-13
102	0.4874077	0.1873361	0.001708772	0.001027187	0.0006821694	0.0006768311	0.0004612752	1.64691e-06	3.112139e-07	2.903886e-07	2.910006e-08	2.805517e-08	2.690767e-08	4.048864e-09	4.035391e-09	4.033935e-09	4.003333e-09	3.913176e-09	3.91316e-09	3.876896e-09	3.876788e-09	3.797265e-09	3.796513e-09	3.705708e-10	3.70135e-10	2.734854e-10	2.712389e-10	2.677157e-10	5.173968e-13	3.83582e-13
103	0.1411162	0.131101	0.1298869	0.0007748119	0.0003125354	0.0001659636	0.0001614234	4.023157e-06	8.636813e-08	2.001242e-08	1.877641e-08	1.46649e-08	1.366523e-08	1.252843e-08	3.435642e-09	3.423338e-09	3.42209e-09	3.398644e-09	3.337061e-09	3.337045e-09	3.315732e-09	3.315624e-09	3.253053e-09	3.252643e-09	9.707243e-11	9.666687e-11	6.292665e-12	4.100499e-12	6.119274e-13	3.279826e-13
104	0.3666061	0.1180785	0.1083542	0.1071924	0.0005711364	0.0001900545	6.189263e-05	6.10169e-05	3.214178e-06	7.711486e-08	1.774082e-08	1.663537e-08	1.270698e-08	1.260174e-08	1.252594e-08	3.235016e-09	3.228308e-09	3.227131e-09	3.222251e-09	3.159399e-09	3.159383e-09	3.140473e-09	3.140362e-09	3.080862e-09	3.080501e-09	9.35246e-11	9.315922e-11	5.773891e-12	3.711817e-12	4.595638e-13
105	0.99939	0.3500887	0.09502358	0.08504367	0.08385149	0.0004647705	0.0001630981	5.307448e-05	5.226071e-05	2.795016e-06	5.691262e-08	1.632331e-08	1.55402e-08	1.182409e-08	1.174677e-08	1.168837e-08	2.278471e-09	2.272229e-09	2.271393e-09	2.266905e-09	2.203254e-09	2.203238e-09	2.183978e-09	2.183865e-09	2.141229e-09	2.140919e-09	7.430486e-11	7.400917e-11	4.10947e-12	2.512527e-12
106	0.4359156	0.4359031	0.06277927	0.0619843	0.05800469	0.05683617	0.0003346872	0.0001259115	4.163083e-05	4.093703e-05	2.10109e-06	1.794402e-08	4.005251e-09	3.455134e-09	2.751741e-09	2.676288e-09	2.619378e-09	2.177782e-09	2.171604e-09	2.17079e-09	2.167171e-09	2.164769e-09	2.164752e-09	2.147474e-09	2.147359e-09	2.107743e-09	2.1075e-09	7.183097e-11	7.15392e-11	1.922788e-12
107	0.4157023	0.4142938	0.4142859	0.03215292	0.03158348	0.03080122	0.03061511	0.0002121167	9.339447e-05	3.185196e-05	3.148382e-05	1.819771e-06	1.368267e-08	3.672996e-09	3.176798e-09	2.751494e-09	2.687289e-09	2.641304e-09	2.197201e-09	2.195484e-09	2.194668e-09	2.192504e-09	2.190175e-09	2.190159e-09	2.188215e-09	2.188097e-09	2.147695e-09	2.147509e-09	7.209684e-11	7.181668e-11
108	0.7193705	0.4096495	0.4082669	0.4082591	0.01544378	0.01486879	0.0140726	0.01388939	0.0001178444	6.091383e-05	2.10896e-05	2.080396e-05	1.304294e-06	6.311992e-09	1.289891e-09	1.10888e-09	9.212574e-10	8.99103e-10	8.796857e-10	7.536153e-10	7.530728e-10	7.528054e-10	7.517778e-10	7.507941e-10	7.50794e-10	7.491181e-10	7.491176e-10	7.333495e-10	7.332376e-10	1.468471e-11
109	0.9999325	0.7373275	0.4202208	0.4188056	0.4187975	0.01446207	0.01387065	0.01305107	0.01286249	0.0001112839	5.819081e-05	2.017048e-05	1.988765e-05	1.251863e-06	5.509149e-09	9.571755e-10	8.224991e-10	6.534031e-10	6.378961e-10	6.225416e-10	5.210379e-10	5.206316e-10	5.204452e-10	5.19504e-10	5.186303e-10	5.186301e-10	5.169339e-10	5.169334e-10	5.052579e-10	5.05151e-10
110	0.3649916	0.3649791	0.3270745	0.01734909	0.01592224	0.01592169	0.01351478	0.01290672	0.01206241	0.01186815	0.0001047967	5.543666e-05	1.922346e-05	1.894333e-05	1.18041e-06	4.551424e-09	5.165285e-10	4.361302e-10	2.971332e-10	2.893576e-10	2.78832e-10	2.493007e-10	2.491152e-10	2.490221e-10	2.487183e-10	2.484602e-10	2.4846e-10	2.481321e-10	2.481316e-10	2.417105e-10
111	0.3671501	0.3503721	0.3503689	0.3331964	0.01528862	0.01419886	0.01419833	0.01174564	0.01166971	0.01161766	0.0115849	0.0001020791	5.390262e-05	1.859166e-05	1.845241e-05	1.149509e-06	3.96149e-09	2.308668e-10	1.898488e-10	6.063348e-11	5.860187e-11	5.606373e-11	4.879806e-11	4.875299e-11	4.872943e-11	4.8552e-11	4.839703e-11	4.83969e-11	4.81097e-11	4.810927e-11
112	0.6390912	0.01210363	0.0112309	0.01123067	0.009178705	0.008704986	0.007583381	0.007583099	0.007459087	0.00738089	0.007327221	0.007293497	6.321687e-05	3.301509e-05	1.135884e-05	1.127032e-05	7.020317e-07	2.370295e-09	1.051936e-10	8.496392e-11	3.536071e-12	3.096831e-12	2.06094e-12	7.499279e-13	7.456568e-13	7.406604e-13	7.003154e-13	6.648112e-13	6.647306e-13	6.396229e-13
113	0.0455639	0.04526193	0.001706484	0.001657669	0.001657462	0.001370444	0.001269641	0.001266124	0.001266063	0.001140797	0.001062768	0.001020343	0.001019009	6.404541e-06	2.492459e-06	7.918875e-07	7.826944e-07	5.292767e-08	2.701112e-10	1.753959e-11	1.433011e-11	3.945773e-13	3.098594e-13	2.348999e-13	8.593267e-14	8.530249e-14	8.469786e-14	8.14963e-14	7.351024e-14	7.350197e-14
114	0.5783988	0.04306811	0.04279576	0.001222308	0.001175728	0.001175516	0.0009545458	0.0009072486	0.0009036669	0.000903611	0.0008987503	0.0008180346	0.0007741505	0.0007727745	4.463677e-06	1.595057e-06	4.662742e-07	4.591754e-07	2.666734e-08	1.018778e-10	1.363475e-11	1.164019e-11	2.56681e-13	1.848891e-13	1.375096e-13	5.839841e-14	5.794237e-14	5.750586e-14	5.530297e-14	4.923699e-14
115	0.9995452	0.5680358	0.04311191	0.04283399	0.0009343673	0.0008885088	0.0008882906	0.0007246431	0.0006900489	0.0006863858	0.0006863339	0.0006813911	0.0005977965	0.0005523477	0.0005509262	2.844743e-06	8.436809e-07	2.166494e-07	2.11289e-07	5.394868e-09	3.217388e-11	1.076523e-11	9.292565e-12	1.78688e-13	1.170148e-13	9.349281e-14	4.754028e-14	4.716626e-14	4.686668e-14	4.529814e-14
116	0.3181664	0.3177255	0.1966901	0.04298428	0.04276811	0.0004852426	0.0004436471	0.0004434217	0.0003427908	0.0003224353	0.0003194219	0.0003193708	0.0003143388	0.0003029313	0.000302225	0.0003021836	1.407116e-06	3.785751e-07	1.108424e-07	1.082692e-07	2.945892e-09	1.967993e-11	8.129463e-12	6.696039e-12	1.126765e-13	7.698731e-14	6.472894e-14	3.680973e-14	3.650935e-14	3.63521e-14
117	0.2835465	0.2823559	0.2818983	0.1639727	0.0431371	0.04300099	0.0001283272	8.858155e-05	8.834802e-05	5.35397e-05	4.815372e-05	4.510601e-05	4.505534e-05	3.99514e-05	3.992976e-05	3.970835e-05	3.970415e-05	1.82352e-07	4.714347e-08	1.572046e-08	1.501053e-08	7.194071e-10	1.027178e-11	5.405531e-12	3.986698e-12	7.1157e-14	4.86685e-14	4.622305e-14	3.16408e-14	3.139699e-14
118	0.291875	0.287344	0.2866721	0.2861964	0.1654463	0.04456617	0.0444955	5.783904e-05	3.655012e-05	3.630731e-05	1.025874e-05	6.965119e-06	6.900369e-06	6.848019e-06	1.557633e-06	1.539814e-06	1.490684e-06	1.488582e-06	8.476382e-09	3.345076e-09	1.958213e-09	1.47157e-09	4.121434e-10	9.217834e-12	5.174655e-12	3.709093e-12	6.114341e-14	4.598781e-14	4.496906e-14	3.165837e-14
119	0.8636892	0.1777072	0.1735367	0.1728382	0.1728381	0.1722441	0.04635587	0.04634758	5.904714e-05	3.738044e-05	3.737935e-05	1.037264e-05	6.96543e-06	6.955084e-06	6.95505e-06	1.44459e-06	1.426095e-06	1.374997e-06	1.373692e-06	8.022487e-09	3.279876e-09	1.974496e-09	1.468196e-09	4.276392e-10	9.590819e-12	5.386952e-12	3.860554e-12	6.252493e-14	4.678365e-14	4.587988e-14
120	0.4543277	0.4511961	0.09157444	0.08805057	0.08748329	0.08748323	0.08686754	0.04835265	0.04834409	6.01651e-05	3.760887e-05	3.760779e-05	9.658864e-06	7.056336e-06	7.04561e-06	7.045578e-06	1.306881e-06	1.28761e-06	1.234318e-06	1.23298e-06	7.440251e-09	3.174317e-09	1.97014e-09	1.442468e-09	4.316356e-10	6.036505e-12	4.123016e-12	4.023997e-12	6.336388e-14	4.698519e-14
121	0.9993652	0.4295262	0.4263174	0.09554009	0.09202367	0.09143159	0.09143153	0.09079042	0.05054758	0.05053864	6.072691e-05	3.71521e-05	3.715097e-05	9.849824e-06	7.141015e-06	7.129829e-06	7.129797e-06	1.173937e-06	1.153793e-06	1.098081e-06	1.096683e-06	6.899741e-09	3.095853e-09	1.988532e-09	1.437469e-09	4.487832e-10	6.293967e-12	4.307991e-12	4.204647e-12	6.604059e-14
122	0.19447	0.1938205	0.1738542	0.1735386	0.009780261	0.007684706	0.007601631	0.007601587	0.006939618	6.916697e-05	6.013108e-05	5.593876e-05	3.142928e-05	3.142831e-05	3.500465e-06	8.331907e-07	8.217169e-07	8.216909e-07	6.449235e-07	6.339944e-07	5.758342e-07	5.74885e-07	4.351623e-09	2.369611e-09	1.752725e-09	1.177629e-09	4.109453e-10	1.942041e-12	1.587641e-13	6.387276e-14
123	0.09444504	0.09218924	0.09218633	0.091719	0.09157968	0.009732808	0.007886246	0.007801365	0.007801323	0.007216025	4.297937e-05	3.781388e-05	3.48087e-05	3.214028e-05	3.213935e-05	3.183726e-06	4.20658e-07	4.091793e-07	4.091558e-07	2.605963e-07	2.602837e-07	2.601519e-07	2.597598e-07	2.030546e-09	1.137491e-09	9.044958e-10	9.021325e-10	3.643539e-10	1.711999e-12	1.19966e-13
124	0.3923164	0.04475288	0.0431	0.04309978	0.04277988	0.04270746	0.009383111	0.0076632	0.007575294	0.007575269	0.007565097	3.833663e-05	3.479473e-05	3.27796e-05	3.225004e-05	3.224951e-05	3.051788e-06	2.326673e-07	2.224604e-07	2.224542e-07	7.925807e-08	7.899119e-08	7.896432e-08	7.869383e-08	9.350049e-10	6.628591e-10	5.824061e-10	5.81413e-10	2.569569e-10	1.219123e-12
125	0.1185729	0.02676374	0.01237698	0.01111807	0.01111792	0.01107465	0.01106511	0.007965481	0.007948648	0.007945058	0.007945048	0.007937822	7.882646e-06	4.802823e-06	3.420474e-06	3.252656e-06	3.252479e-06	2.720364e-06	1.520179e-07	1.416799e-07	1.416744e-07	4.327579e-09	4.074309e-09	4.067386e-09	3.840265e-09	8.343407e-11	7.035429e-11	6.526206e-11	6.517282e-11	3.858526e-11
126	0.3059926	0.008016285	0.001777476	0.001626776	0.001622093	0.001622081	0.001613067	0.001609662	1.941914e-05	1.246073e-05	1.233489e-05	1.232845e-05	4.916002e-06	4.231876e-06	1.026707e-06	7.761694e-07	6.314156e-07	6.312609e-07	1.867239e-07	1.576629e-07	1.467534e-07	1.467476e-07	2.238293e-09	1.97317e-09	1.966581e-09	1.728011e-09	3.210442e-11	2.629326e-11	2.334616e-11	2.331794e-11
127	0.3628429	0.1741328	0.004925054	0.000368688	0.0002354112	0.0002346376	0.0002346253	0.0002332411	0.0002328133	3.146241e-06	2.210891e-06	2.126212e-06	2.120772e-06	1.630039e-06	1.082131e-06	8.772098e-07	6.475533e-07	5.276172e-07	5.27485e-07	1.775638e-07	1.544914e-07	1.543842e-07	1.54378e-07	1.193392e-09	9.144787e-10	9.111448e-10	9.110453e-10	6.123658e-12	3.033802e-12	6.71466e-13
128	0.3258399	0.1604235	0.151983	0.0041314	0.0001469099	0.0001304961	0.0001299042	0.0001298914	0.0001291049	0.0001288644	2.068566e-06	1.57335e-06	1.508174e-06	1.50317e-06	1.031211e-06	7.385369e-07	5.515453e-07	4.378017e-07	3.285614e-07	3.284383e-07	2.175956e-08	1.47274e-09	1.378348e-09	1.371781e-09	8.202846e-10	5.241307e-10	5.207417e-10	5.206564e-10	4.237423e-12	2.470762e-12
129	0.2682252	0.267661	0.130008	0.1272861	0.003386492	2.194977e-05	8.202737e-06	8.018802e-06	8.006203e-06	7.42635e-06	7.359279e-06	1.376192e-06	1.328395e-06	1.27297e-06	1.268562e-06	8.32356e-07	6.282279e-07	4.667101e-07	3.68938e-07	2.75001e-07	2.748912e-07	1.767209e-08	4.866135e-10	4.07162e-10	4.001323e-10	2.049925e-11	1.569295e-11	1.266929e-11	1.260868e-11	1.501428e-13
130	0.2618945	0.2184401	0.2180376	0.1040842	0.1032085	0.002782118	1.657884e-05	5.249156e-06	5.135292e-06	5.121747e-06	4.6169e-06	4.561768e-06	1.180537e-06	1.143138e-06	1.095942e-06	1.092195e-06	6.888813e-07	5.162351e-07	3.830797e-07	3.006408e-07	2.236906e-07	2.235954e-07	1.459618e-08	4.040412e-10	3.391083e-10	3.315399e-10	6.531181e-12	2.634437e-12	2.436292e-12	2.390638e-12
131	0.4102985	0.1995458	0.1623769	0.1620544	0.07585044	0.07537285	0.002083902	1.269277e-05	4.187808e-06	4.122879e-06	4.108213e-06	3.855625e-06	3.811677e-06	7.247341e-07	6.89041e-07	6.521426e-07	6.492301e-07	5.146848e-07	3.800748e-07	2.839735e-07	2.206623e-07	1.63599e-07	1.635223e-07	1.100946e-08	3.236902e-10	2.765983e-10	2.684013e-10	5.14503e-12	2.197653e-12	2.009458e-12
132	0.4023017	0.3547897	0.1252048	0.1037529	0.1035017	0.04767069	0.0472433	0.001365068	8.882425e-06	3.479194e-06	3.437218e-06	3.421223e-06	3.243019e-06	3.214696e-06	4.61977e-07	4.280698e-07	4.060524e-07	4.04187e-07	3.199706e-07	2.369642e-07	1.768839e-07	1.373319e-07	1.016627e-07	1.016092e-07	6.296398e-09	2.442251e-10	2.140334e-10	2.050936e-10	3.938112e-12	1.956759e-12
133	0.3904231	0.3506218	0.3096333	0.057276	0.04280926	0.04274831	0.01716123	0.01678999	0.000589748	5.026041e-06	2.776564e-06	2.759331e-06	2.744271e-06	2.648155e-06	2.634611e-06	1.870345e-07	1.545464e-07	1.46549e-07	1.458845e-07	1.159433e-07	8.413805e-08	6.288911e-08	4.867905e-08	3.606495e-08	3.604962e-08	2.294204e-09	1.475917e-10	1.375211e-10	1.375141e-10	2.603066e-12
134	0.7110304	0.1005007	0.06188495	0.02170471	0.02148515	0.014947	0.01492019	0.003016799	0.00264716	0.0002173965	3.190161e-06	2.573321e-06	2.567373e-06	2.550642e-06	2.489694e-06	2.482894e-06	3.909588e-08	2.718281e-08	2.572071e-08	2.56224e-08	2.098694e-08	1.285371e-08	9.723362e-09	7.324193e-09	5.468939e-09	5.466685e-09	4.336643e-10	1.136973e-10	1.12187e-10	1.121804e-10
135	0.6505188	0.6421779	0.07145729	0.03572115	0.003118786	0.003040913	0.002114369	0.002095659	0.001295996	0.0008893745	0.0001154659	2.623906e-06	2.342939e-06	2.339441e-06	2.320618e-06	2.271664e-06	2.266333e-06	2.101253e-08	1.000263e-08	9.502158e-09	9.471176e-09	7.901126e-09	4.099535e-09	3.127528e-09	2.274836e-09	1.699742e-09	1.699043e-09	1.140068e-10	1.306858e-11	1.258929e-11
136	0.6118691	0.5929716	0.5856224	0.06622515	0.03479379	0.0005935492	0.0005193074	0.0005006016	0.0005002481	0.0004852726	2.845195e-05	4.719035e-06	2.052348e-06	2.044671e-06	2.043523e-06	2.043523e-06	2.00928e-06	2.004896e-06	1.047666e-08	5.88025e-10	5.260675e-10	5.255536e-10	3.647693e-10	7.987575e-11	6.331726e-11	4.347075e-11	3.369158e-11	3.367974e-11	3.963785e-12	2.016849e-12
137	0.5214006	0.5164453	0.5163567	0.5154108	0.06430092	0.03656179	0.000107691	2.8798e-05	2.226492e-05	2.216321e-05	1.763188e-05	1.720272e-05	2.84918e-06	1.682983e-06	1.679097e-06	1.678496e-06	1.678496e-06	1.657542e-06	1.65399e-06	8.932746e-09	4.291156e-10	3.806331e-10	3.804881e-10	2.524649e-10	2.849512e-11	2.380296e-11	1.423336e-11	1.147602e-11	1.14727e-11	2.444112e-12
138	0.4363886	0.4276753	0.4246283	0.4245766	0.4245378	0.06455962	0.04148366	9.31192e-05	3.932292e-06	2.21249e-06	2.181906e-06	1.872516e-06	1.838622e-06	1.673299e-06	1.191537e-06	1.189371e-06	1.18933e-06	1.18933e-06	1.187769e-06	1.185343e-06	6.994888e-09	3.41448e-10	3.037767e-10	3.037716e-10	2.028987e-10	9.297185e-12	9.129899e-12	2.871779e-12	2.780983e-12	2.780887e-12
139	0.314167	0.2968114	0.2918746	0.2899803	0.2899315	0.2899041	0.06556196	0.04907415	0.0001058168	1.895862e-06	8.060386e-07	7.914549e-07	5.760167e-07	5.595706e-07	5.39935e-07	4.933947e-07	4.922063e-07	4.921795e-07	4.921795e-07	4.915062e-07	4.907676e-07	4.227798e-09	3.349159e-10	3.095413e-10	3.095396e-10	2.374021e-10	1.032583e-11	1.02772e-11	3.013302e-12	2.991152e-12
140	0.1059163	0.09928947	0.0865287	0.085215	0.08499364	0.08493484	0.08490924	0.04246637	0.03684239	7.925464e-05	1.237143e-06	4.41517e-07	4.310223e-07	3.815103e-07	3.699577e-07	3.638417e-07	3.541542e-07	3.539584e-07	3.539469e-07	3.539469e-07	3.537087e-07	3.532573e-07	1.653039e-09	2.107826e-10	2.029072e-10	2.029062e-10	1.781184e-10	7.703739e-12	7.678962e-12	2.24459e-12
141	0.006542688	0.001771813	0.00165319	0.001400838	0.001379197	0.001376586	0.001375985	0.001375465	0.0008261566	0.0007303084	1.570338e-06	2.38792e-08	8.273234e-09	8.06896e-09	7.117644e-09	7.075398e-09	6.989694e-09	6.879936e-09	6.876857e-09	6.876571e-09	6.876571e-09	6.872473e-09	6.863957e-09	2.984801e-11	4.089801e-12	3.953656e-12	3.953637e-12	3.530305e-12	1.52562e-13	1.521057e-13
142	0.9162466	0.005886919	0.001582215	0.001472717	0.001227174	0.001207338	0.001205266	0.001205162	0.001205067	0.0007978345	0.0007114313	1.529338e-06	2.289163e-08	7.828878e-09	7.633354e-09	6.730151e-09	6.692834e-09	6.636038e-09	6.579465e-09	6.576706e-09	6.576555e-09	6.576555e-09	6.573194e-09	6.565221e-09	2.81624e-11	3.948404e-12	3.821001e-12	3.820983e-12	3.438683e-12	1.485114e-13
