#unpaired probabilities
 #i$	l=1	2	3	4	5	6	7	8	9	10	11	12	13	14	15	16	17	18	19	20	21	22	23	24	25	26	27	28	29	30	
1	0.9998634	NA	NA	NA	NA	NA	NA	NA	NA	NA	NA	NA	NA	NA	NA	NA	NA	NA	NA	NA	NA	NA	NA	NA	NA	NA	NA	NA	NA	NA
2	0.9999106	0.9997771	NA	NA	NA	NA	NA	NA	NA	NA	NA	NA	NA	NA	NA	NA	NA	NA	NA	NA	NA	NA	NA	NA	NA	NA	NA	NA	NA	NA
3	0.9996248	0.9995495	0.9994233	NA	NA	NA	NA	NA	NA	NA	NA	NA	NA	NA	NA	NA	NA	NA	NA	NA	NA	NA	NA	NA	NA	NA	NA	NA	NA	NA
4	0.9998806	0.9995925	0.9995183	0.9993929	NA	NA	NA	NA	NA	NA	NA	NA	NA	NA	NA	NA	NA	NA	NA	NA	NA	NA	NA	NA	NA	NA	NA	NA	NA	NA
5	0.9915614	0.9907014	0.9892613	0.9890146	0.9888016	NA	NA	NA	NA	NA	NA	NA	NA	NA	NA	NA	NA	NA	NA	NA	NA	NA	NA	NA	NA	NA	NA	NA	NA	NA
6	0.4265397	0.4103795	0.3612081	0.2797955	0.2686399	0.2615655	NA	NA	NA	NA	NA	NA	NA	NA	NA	NA	NA	NA	NA	NA	NA	NA	NA	NA	NA	NA	NA	NA	NA	NA
7	0.4585561	0.3932302	0.3777021	0.3246568	0.2367848	0.224563	0.2171155	NA	NA	NA	NA	NA	NA	NA	NA	NA	NA	NA	NA	NA	NA	NA	NA	NA	NA	NA	NA	NA	NA	NA
8	0.5472227	0.4383889	0.3843871	0.3687603	0.3150685	0.2259925	0.2136049	0.2061006	NA	NA	NA	NA	NA	NA	NA	NA	NA	NA	NA	NA	NA	NA	NA	NA	NA	NA	NA	NA	NA	NA
9	0.5747809	0.4817029	0.4168668	0.3750047	0.3592615	0.3045514	0.213827	0.2011804	0.1936228	NA	NA	NA	NA	NA	NA	NA	NA	NA	NA	NA	NA	NA	NA	NA	NA	NA	NA	NA	NA	NA
10	0.01862053	0.01429704	0.01176024	0.008830465	0.007187866	0.007174909	0.008327024	0.01028621	0.009737285	0.006974619	NA	NA	NA	NA	NA	NA	NA	NA	NA	NA	NA	NA	NA	NA	NA	NA	NA	NA	NA	NA
11	0.004838316	0.00339364	0.002014489	0.001663797	0.001254854	0.0003410522	0.0002894928	0.0002517741	0.0001885167	0.0001707625	0.0001541606	NA	NA	NA	NA	NA	NA	NA	NA	NA	NA	NA	NA	NA	NA	NA	NA	NA	NA	NA
12	0.003339686	0.0001019451	6.532114e-05	5.349846e-05	4.429046e-05	3.375958e-05	1.215793e-05	1.137507e-05	1.140141e-05	1.143488e-05	1.129197e-05	1.10519e-05	NA	NA	NA	NA	NA	NA	NA	NA	NA	NA	NA	NA	NA	NA	NA	NA	NA	NA
13	0.02127669	0.001195453	2.719978e-05	1.915622e-05	1.240714e-05	1.012643e-05	7.776268e-06	4.333391e-06	4.402733e-06	4.889686e-06	5.699018e-06	5.825143e-06	5.886859e-06	NA	NA	NA	NA	NA	NA	NA	NA	NA	NA	NA	NA	NA	NA	NA	NA	NA
14	0.04585339	0.009658308	0.0002703874	1.417058e-05	1.028234e-05	5.249523e-06	3.99428e-06	2.815447e-06	1.660797e-06	1.699285e-06	1.906804e-06	2.252014e-06	2.307026e-06	2.33379e-06	NA	NA	NA	NA	NA	NA	NA	NA	NA	NA	NA	NA	NA	NA	NA	NA
15	0.7631132	0.04350396	0.009433791	0.0002629313	1.39113e-05	1.011212e-05	5.096237e-06	3.869559e-06	2.727128e-06	1.635818e-06	1.680367e-06	1.890266e-06	2.239556e-06	2.295364e-06	2.322201e-06	NA	NA	NA	NA	NA	NA	NA	NA	NA	NA	NA	NA	NA	NA	NA
16	0.01130494	0.009682302	0.001416336	0.0003187906	8.599634e-06	3.729197e-07	2.346565e-07	2.105842e-07	1.543164e-07	1.043657e-07	4.625733e-08	4.300971e-08	4.672006e-08	5.289713e-08	5.388363e-08	5.434881e-08	NA	NA	NA	NA	NA	NA	NA	NA	NA	NA	NA	NA	NA	NA
17	0.1734242	0.004981053	0.004291752	0.000542587	0.0001208691	3.414216e-06	1.518326e-07	9.510729e-08	8.575461e-08	6.82123e-08	4.843223e-08	1.36678e-08	9.525938e-09	9.095494e-09	8.382607e-09	8.272325e-09	8.20154e-09	NA	NA	NA	NA	NA	NA	NA	NA	NA	NA	NA	NA	NA
18	0.3203033	0.05626684	0.002063149	0.001473121	0.0003542738	7.472952e-05	2.304651e-06	1.079634e-07	7.154849e-08	6.598931e-08	5.378938e-08	3.949261e-08	8.939977e-09	4.86269e-09	3.860787e-09	2.19434e-09	1.927907e-09	1.792838e-09	NA	NA	NA	NA	NA	NA	NA	NA	NA	NA	NA	NA
19	0.8705308	0.3058213	0.05268833	0.001481533	0.000949817	0.0002929575	6.176139e-05	1.913087e-06	9.188016e-08	6.192086e-08	5.756292e-08	4.73049e-08	3.529533e-08	7.749698e-09	3.947614e-09	3.07783e-09	1.632077e-09	1.421116e-09	1.324033e-09	NA	NA	NA	NA	NA	NA	NA	NA	NA	NA	NA
20	0.2439287	0.253351	0.2634983	0.03958352	0.0003529319	0.0002355663	1.063194e-05	2.232933e-06	6.760503e-08	3.043344e-09	2.002696e-09	1.833108e-09	1.496349e-09	1.100821e-09	2.692256e-10	1.598004e-10	1.293197e-10	7.854079e-11	7.001464e-11	6.664696e-11	NA	NA	NA	NA	NA	NA	NA	NA	NA	NA
21	0.2378931	0.2086847	0.2178852	0.2275971	0.002390367	0.0003226081	0.0002148024	3.2763e-06	6.655559e-07	1.990003e-08	7.720227e-10	4.772384e-10	4.186677e-10	3.358327e-10	2.390203e-10	8.193191e-11	6.176048e-11	5.124297e-11	3.363609e-11	3.014418e-11	2.980744e-11	NA	NA	NA	NA	NA	NA	NA	NA	NA
22	0.09410325	0.07645748	0.06574116	0.06841532	0.07137673	0.002195187	0.0002020371	0.0002103474	1.471414e-06	2.91112e-07	8.864383e-09	2.984898e-10	1.805017e-10	1.558339e-10	1.222618e-10	8.345385e-11	2.289575e-11	1.5059e-11	1.410205e-11	1.25226e-11	1.234822e-11	1.235443e-11	NA	NA	NA	NA	NA	NA	NA	NA
23	0.7638614	0.08747904	0.07324895	0.06423822	0.06695641	0.06994385	0.0006929	0.0001978033	0.0002060333	1.342426e-06	2.629853e-07	6.545445e-09	2.667709e-10	1.612547e-10	1.388507e-10	1.08623e-10	7.364274e-11	1.848083e-11	1.080236e-11	9.655504e-12	7.762553e-12	7.56686e-12	7.538787e-12	NA	NA	NA	NA	NA	NA	NA
24	0.6522504	0.6359955	0.02909802	0.01308546	0.00158806	0.001097049	0.0007672134	0.0006881001	0.0001948082	0.0002059129	1.292751e-06	2.52978e-07	6.279863e-09	2.509405e-10	1.543958e-10	1.347312e-10	1.055763e-10	7.186976e-11	1.79726e-11	1.046813e-11	9.345634e-12	7.492479e-12	7.302848e-12	7.278354e-12	NA	NA	NA	NA	NA	NA
25	0.8301201	0.6458883	0.6321691	0.02734037	0.01219603	0.001185526	0.0007102112	0.0003803406	0.0002820465	0.0001946744	0.0002058229	1.258638e-06	2.457222e-07	6.057169e-09	2.433184e-10	1.505762e-10	1.317954e-10	1.035233e-10	7.094563e-11	1.776624e-11	1.036776e-11	9.263224e-12	7.439338e-12	7.253575e-12	7.23086e-12	NA	NA	NA	NA	NA
26	0.9970341	0.827175	0.645737	0.6320563	0.02731786	0.0121874	0.001184641	0.0007097545	0.0003802109	0.0002820032	0.0001946712	0.0002058209	1.257819e-06	2.455545e-07	6.053777e-09	2.426587e-10	1.498991e-10	1.31057e-10	1.034958e-10	7.092886e-11	1.775697e-11	1.035866e-11	9.252694e-12	7.42661e-12	7.240438e-12	7.217562e-12	NA	NA	NA	NA
27	0.2690237	0.2465611	0.158729	0.05932965	0.03667784	0.01440476	0.005377161	0.0005756556	0.0003280347	0.0001285817	4.115019e-05	3.576991e-06	2.364112e-06	1.014274e-06	1.940044e-07	4.43682e-09	1.883983e-10	1.227686e-10	1.102346e-10	8.89783e-11	6.394691e-11	1.55655e-11	8.938852e-12	8.077573e-12	6.653638e-12	6.521042e-12	6.516695e-12	NA	NA	NA
28	0.1688741	0.1442792	0.1250669	0.09558531	0.01679744	0.01099533	0.004120586	0.001645899	0.0002148836	0.0001371992	6.799033e-05	2.095825e-05	1.727017e-06	1.127642e-06	4.584265e-07	9.92184e-08	2.96211e-09	1.470473e-10	1.012151e-10	9.407363e-11	7.72728e-11	5.755234e-11	1.241953e-11	5.945715e-12	4.5937e-12	2.348105e-12	2.067668e-12	2.016314e-12	NA	NA
29	0.2797993	0.1657155	0.1413584	0.1222426	0.0938162	0.01586832	0.0103851	0.003893521	0.001549343	0.0002068007	0.0001330013	6.649005e-05	2.045296e-05	1.686935e-06	1.100718e-06	4.459352e-07	9.405994e-08	2.926867e-09	1.45862e-10	1.005206e-10	9.34778e-11	7.680072e-11	5.72812e-11	1.233057e-11	5.876177e-12	4.518589e-12	2.26364e-12	1.981176e-12	1.928998e-12	NA
30	0.4624778	0.08332012	0.0494096	0.04779937	0.04855921	0.04628081	0.002043118	0.001448856	0.0004216025	0.000163124	1.976886e-05	1.035279e-05	1.652307e-06	5.064183e-07	4.196151e-08	2.770014e-08	1.091873e-08	2.291679e-09	6.489727e-11	2.635205e-12	1.535229e-12	1.333309e-12	9.695799e-13	6.335483e-13	3.7101e-13	3.619201e-13	3.772989e-13	4.03089e-13	4.083746e-13	4.119854e-13
31	0.116657	0.08884335	0.07878024	0.04621549	0.04661397	0.04769626	0.04588767	0.0019748	0.001409558	0.0004056567	0.0001568591	1.867385e-05	9.462344e-06	1.182572e-06	3.663017e-07	2.999568e-08	1.98848e-08	7.748143e-09	1.630452e-09	4.610927e-11	1.840105e-12	1.062339e-12	9.133849e-13	6.582062e-13	4.513639e-13	2.673461e-13	2.74772e-13	3.113706e-13	3.72341e-13	3.822673e-13
32	0.2188145	0.1146092	0.08748675	0.07787949	0.04540263	0.04631784	0.04747224	0.04578531	0.001892603	0.001362521	0.0003855188	0.0001491631	1.784461e-05	9.053377e-06	1.06615e-06	3.294057e-07	2.680332e-08	1.779185e-08	6.899196e-09	1.453491e-09	4.165478e-11	1.652936e-12	9.810405e-13	8.477332e-13	6.122065e-13	4.288392e-13	2.62708e-13	2.722626e-13	3.094021e-13	3.71241e-13
33	0.6672212	0.2129529	0.1120007	0.08483276	0.07518226	0.04535998	0.04627594	0.0474307	0.04574614	0.001883344	0.001356353	0.0003832491	0.000148273	1.775051e-05	9.010537e-06	1.055106e-06	3.258796e-07	2.651018e-08	1.759699e-08	6.823755e-09	1.437545e-09	4.117768e-11	1.633382e-12	9.692216e-13	8.374376e-13	6.03986e-13	4.240361e-13	2.617068e-13	2.717681e-13	3.090028e-13
34	0.8865038	0.5534161	0.1979972	0.1118135	0.08468113	0.07511247	0.04532209	0.04624152	0.04739909	0.04572075	0.001862329	0.001343525	0.0003779371	0.0001462517	1.755403e-05	8.908265e-06	1.018552e-06	3.135153e-07	2.561474e-08	1.702881e-08	6.594098e-09	1.390781e-09	4.039894e-11	1.546688e-12	8.853882e-13	7.475569e-13	5.982311e-13	4.208276e-13	2.601002e-13	2.702209e-13
35	0.5962835	0.5844186	0.3280069	0.1599867	0.08908499	0.06189993	0.05504296	0.04405378	0.04499962	0.04616871	0.04467932	0.001091634	0.000864488	0.0001680119	6.577402e-05	8.985908e-06	5.260538e-06	3.013205e-07	8.760214e-08	6.554787e-09	4.558098e-09	1.523458e-09	3.123306e-10	8.161424e-12	4.611283e-13	3.495195e-13	3.407003e-13	3.19544e-13	2.96498e-13	2.301397e-13
36	0.5379225	0.264041	0.2577877	0.209755	0.06625617	0.02507454	0.0114249	0.007253621	0.004374494	0.004176696	0.004041547	0.0009523197	0.0007695169	0.0006594262	8.169728e-05	3.187472e-05	4.377139e-06	2.606394e-06	2.259299e-07	6.417237e-08	4.802723e-09	3.11181e-09	1.256617e-09	2.563767e-10	6.516456e-12	3.618114e-13	2.728602e-13	2.652084e-13	2.402371e-13	2.118844e-13
37	0.06765807	0.06078697	0.05477326	0.05592951	0.05181806	0.02266757	0.00150391	0.00109474	0.0007431994	0.000568035	0.0005638695	0.0005638852	0.0005524534	0.0004648083	0.0004804108	3.00591e-06	1.116671e-06	1.640964e-07	1.113448e-07	3.534005e-08	1.091204e-08	8.213936e-10	5.316068e-10	2.140852e-10	4.430357e-11	1.283773e-12	6.721164e-14	4.830611e-14	4.590835e-14	3.900963e-14
38	0.3865337	0.04864278	0.04322321	0.03740676	0.03836151	0.03415874	0.006266203	0.0009856208	0.0008777177	0.000607776	0.0004924733	0.000492197	0.0004949155	0.0004824896	0.000458212	0.0004761947	1.264472e-06	4.361598e-07	7.12547e-08	5.750791e-08	3.368676e-08	1.053485e-08	7.933149e-10	5.135914e-10	2.068467e-10	4.280634e-11	1.252107e-12	6.528061e-14	4.675379e-14	4.435439e-14
39	0.2124391	0.01503088	0.00680794	0.006134918	0.005868746	0.006005383	0.004245642	0.004274414	0.0003260734	0.0002982798	4.885501e-05	4.302211e-05	3.737374e-05	3.239419e-05	1.727432e-05	8.503969e-07	5.363218e-07	3.314699e-07	5.429955e-08	7.150086e-09	4.783941e-09	1.58762e-09	4.888362e-10	4.133536e-11	2.697654e-11	1.09564e-11	2.306097e-12	7.631674e-14	3.323298e-15	2.174479e-15
40	0.03203455	0.0114885	0.008513348	0.003709057	0.003598365	0.003649168	0.003750652	0.003833406	0.003936676	1.950023e-05	7.079073e-06	5.757604e-06	3.464497e-06	2.627783e-06	1.876464e-06	1.021048e-06	1.331834e-07	8.1966e-08	3.873455e-08	1.950343e-08	1.545213e-09	8.156692e-10	2.492312e-10	8.051375e-11	6.707185e-12	4.324514e-12	1.75065e-12	3.625805e-13	1.593224e-14	4.939285e-16
41	0.4187233	0.02081613	0.001511779	0.0006765398	0.0002714867	9.386524e-05	5.07885e-05	4.72615e-05	3.048431e-05	2.151083e-05	1.600793e-05	4.197115e-06	3.363406e-06	2.488033e-06	1.789419e-06	1.15987e-06	6.006934e-07	2.316686e-08	1.209518e-08	4.578258e-09	1.857219e-09	3.517166e-10	2.518863e-10	1.039608e-10	3.468039e-11	2.811043e-12	1.771599e-12	7.110175e-13	1.386249e-13	3.776671e-15
42	0.01657967	0.01631318	0.0003237237	0.0001554297	2.70104e-05	9.314255e-06	7.861506e-06	7.044272e-06	7.204558e-06	1.998291e-06	6.541813e-07	3.677813e-07	3.041121e-07	2.061948e-07	5.218768e-08	4.627049e-08	4.152587e-08	2.734829e-08	1.063171e-08	6.556636e-09	2.857602e-09	1.099848e-09	1.252122e-10	6.070728e-11	1.884487e-11	5.864372e-12	4.903478e-13	3.192958e-13	1.292866e-13	2.732617e-14
43	0.03644471	0.005457501	0.005458109	5.743607e-05	2.271737e-05	1.493168e-05	3.061115e-06	2.582411e-06	2.372634e-06	2.430419e-06	1.413737e-06	3.960378e-07	2.212136e-07	2.165221e-07	1.761785e-07	2.877101e-08	2.812424e-08	2.780206e-08	2.315231e-08	1.007613e-08	6.27704e-09	2.737838e-09	1.049572e-09	1.126133e-10	4.819682e-11	9.685255e-12	3.087206e-12	2.578345e-13	1.693946e-13	6.837233e-14
44	0.5112534	0.02926806	0.003949677	0.003923057	5.011823e-05	1.916156e-05	1.148504e-05	2.952586e-06	2.503633e-06	2.300273e-06	2.356625e-06	1.35448e-06	3.810684e-07	2.190427e-07	2.149548e-07	1.747653e-07	2.833324e-08	2.778142e-08	2.754403e-08	2.297389e-08	1.006072e-08	6.265603e-09	2.735172e-09	1.048401e-09	1.123455e-10	4.793333e-11	9.491639e-12	3.026846e-12	2.5285e-13	1.660852e-13
45	0.8054565	0.3529573	0.02616134	0.003814761	0.00378738	4.820365e-05	1.811585e-05	1.048406e-05	2.39022e-06	1.934107e-06	1.716895e-06	1.756269e-06	7.404757e-07	3.50295e-07	1.909e-07	1.860514e-07	1.449311e-07	2.762981e-08	2.70791e-08	2.68386e-08	2.226504e-08	1.003528e-08	6.240587e-09	2.733969e-09	1.047693e-09	1.122353e-10	4.782645e-11	9.404513e-12	2.974976e-12	2.513831e-13
46	0.8003262	0.6033993	0.349509	0.02587682	0.003769917	0.003743686	4.632442e-05	1.680378e-05	9.191557e-06	2.233933e-06	1.784882e-06	1.565319e-06	1.600392e-06	5.840547e-07	3.336045e-07	1.870946e-07	1.822604e-07	1.412135e-07	2.742727e-08	2.691075e-08	2.670056e-08	2.214313e-08	9.987174e-09	6.207491e-09	2.722653e-09	1.043159e-09	1.117721e-10	4.76192e-11	9.35386e-12	2.958364e-12
47	0.4604339	0.2894151	0.2661195	0.2629708	0.0006067556	0.0001415214	0.0001323463	2.354772e-06	1.310938e-06	6.608105e-07	3.643193e-07	3.551931e-07	3.521039e-07	3.608396e-07	2.708795e-08	1.153354e-08	6.732975e-09	5.288084e-09	3.111949e-09	2.803096e-09	2.796103e-09	2.848229e-09	4.217818e-10	8.330636e-11	5.087421e-11	1.925213e-11	7.560515e-12	1.071398e-12	7.30436e-13	3.069137e-13
48	0.4321594	0.4254699	0.2569042	0.2577154	0.261289	0.0004150762	0.0001040656	0.0001047245	1.486176e-06	7.667478e-07	2.490512e-07	4.835777e-08	4.086639e-08	3.407575e-08	3.471939e-08	1.620804e-08	3.713144e-09	1.068099e-09	7.420834e-10	4.995849e-10	3.976434e-10	3.864886e-10	3.791387e-10	3.454759e-10	1.832289e-11	1.357402e-11	3.426026e-12	1.470025e-12	3.739481e-13	3.348736e-13
49	0.9362838	0.431588	0.4249764	0.2564033	0.2573858	0.2609971	0.0003796617	0.0001032841	0.0001039379	1.476585e-06	7.603415e-07	2.430906e-07	4.305511e-08	3.568012e-08	2.877151e-08	2.926074e-08	1.063008e-08	3.643582e-09	1.008815e-09	6.823592e-10	4.385245e-10	3.440091e-10	3.31164e-10	3.219467e-10	2.861085e-10	1.810545e-11	1.337958e-11	3.405524e-12	1.461761e-12	3.726563e-13
50	0.2287366	0.195995	0.1779946	0.1802767	0.006601777	0.002483308	0.0006032987	0.0002075974	8.648272e-06	7.927158e-06	7.855834e-07	6.170008e-07	1.604103e-07	2.518487e-08	2.10367e-08	1.708291e-08	1.744115e-08	5.294672e-09	1.787539e-09	6.104326e-10	4.899403e-10	3.393435e-10	3.069704e-10	2.976976e-10	2.910025e-10	2.678157e-10	9.533996e-12	8.077608e-12	1.091024e-12	5.266096e-13
51	0.2596668	0.2158617	0.1904216	0.1777228	0.1800624	0.006388253	0.002296577	0.0004525931	8.98301e-05	6.331213e-06	5.617461e-06	6.847489e-07	5.407547e-07	8.472064e-08	2.352598e-08	2.056918e-08	1.668496e-08	1.704603e-08	4.97953e-09	1.518013e-09	3.775452e-10	2.637448e-10	1.103336e-10	8.283504e-11	6.636338e-11	5.172967e-11	1.96023e-11	3.628154e-12	2.127797e-12	9.451705e-13
52	0.0541282	0.04777915	0.02783778	0.008153482	0.003064987	0.00205912	0.002072116	0.001692662	3.912371e-05	9.794448e-06	3.257197e-06	3.280589e-06	3.662072e-08	1.293254e-08	7.684754e-09	1.729309e-09	1.481724e-09	1.161172e-09	1.188782e-09	4.466328e-10	1.096823e-10	2.031083e-11	1.470604e-11	8.54929e-12	4.30155e-12	3.630765e-12	3.053067e-12	1.442207e-12	5.507702e-13	3.398484e-13
53	0.6720772	0.05153421	0.04565976	0.026769	0.00733133	0.003003175	0.002025588	0.002048082	0.001676175	2.764708e-05	6.192353e-06	2.696861e-06	2.724985e-06	2.574203e-08	6.771799e-09	3.465147e-09	1.09866e-09	9.881004e-10	7.533646e-10	7.722297e-10	3.186441e-10	6.580811e-11	1.142206e-11	8.680602e-12	5.274973e-12	2.283198e-12	1.984578e-12	1.735486e-12	7.990917e-13	3.20689e-13
54	0.4336798	0.4392205	0.005167606	0.004691774	0.003414605	0.003377399	0.0004482608	0.0003934585	0.0003990542	1.570738e-05	1.405831e-05	1.726018e-06	3.639916e-07	3.563102e-07	1.176443e-08	1.093006e-09	5.806204e-10	2.353587e-10	1.602078e-10	1.45205e-10	1.481362e-10	1.160085e-10	1.139542e-11	4.06532e-12	2.936616e-12	2.494246e-12	6.513688e-13	5.220333e-13	4.086493e-13	2.191027e-13
55	0.6788064	0.4311551	0.4372549	0.004256254	0.003939767	0.003140199	0.003140647	0.0004126059	0.0003845526	0.0003903433	7.349001e-06	5.703679e-06	1.555155e-06	2.590722e-07	2.495956e-07	1.125733e-08	9.06844e-10	4.819289e-10	2.087029e-10	1.355606e-10	1.258471e-10	1.282715e-10	1.081266e-10	9.013236e-12	3.8346e-12	2.768108e-12	2.408667e-12	6.081184e-13	4.826772e-13	3.721054e-13
56	0.5924882	0.5460547	0.4287407	0.4349066	0.00188542	0.00152318	0.0006775002	0.0006279342	0.0004124031	0.000384448	0.0003902394	7.28589e-06	5.641715e-06	1.540118e-06	2.577269e-07	2.48236e-07	1.124336e-08	8.988887e-10	4.756499e-10	2.060494e-10	1.349299e-10	1.253031e-10	1.277149e-10	1.077951e-10	8.918325e-12	3.8225e-12	2.759312e-12	2.403389e-12	6.060609e-13	4.807857e-13
57	0.9357359	0.5741268	0.5280162	0.4286504	0.43483	0.001882543	0.001520631	0.0006762797	0.0006275583	0.0004122875	0.000384379	0.000390171	7.228268e-06	5.590042e-06	1.530741e-06	2.569949e-07	2.475725e-07	1.115578e-08	8.195892e-10	3.958147e-10	1.257831e-10	5.305269e-11	4.114887e-11	4.111076e-11	1.863929e-11	8.579516e-12	3.74069e-12	2.694779e-12	2.356192e-12	5.620774e-13
58	0.115608	0.1150745	0.06258799	0.02903712	0.001350473	0.001239365	0.0007363173	0.0005786869	0.0003663805	0.0003686767	0.0003706025	0.0003767775	0.0003829268	1.763332e-06	8.421819e-07	1.503408e-07	1.128608e-08	9.750136e-09	4.067764e-10	8.813429e-11	5.355438e-11	1.65697e-11	9.943055e-12	7.76446e-12	7.677965e-12	3.292341e-12	1.557151e-12	6.350006e-13	3.373289e-13	1.799262e-13
59	0.03781653	0.02538569	0.02505717	0.009913412	0.006942134	0.0005650132	0.0005176404	4.477266e-05	3.491234e-05	1.056669e-05	6.965406e-06	2.52173e-06	1.275636e-06	1.234476e-06	1.167465e-06	4.170766e-07	3.853052e-08	5.446897e-09	5.233699e-09	9.033188e-11	4.125531e-11	2.604102e-11	6.795105e-12	5.207964e-12	4.404355e-12	4.504127e-12	1.719873e-12	6.623397e-13	1.853009e-13	1.612651e-13
60	0.05803654	0.02997409	0.01805449	0.01762655	0.008848007	0.006337691	0.0005426501	0.0005111691	4.140166e-05	3.190099e-05	9.567792e-06	6.140651e-06	1.775843e-06	5.692169e-07	5.141039e-07	4.392176e-07	3.867763e-07	3.060233e-08	4.956872e-09	4.840716e-09	8.333139e-11	3.963399e-11	2.517718e-11	6.29964e-12	5.010078e-12	4.230769e-12	4.331268e-12	1.656357e-12	6.275539e-13	1.737254e-13
61	0.5826241	0.04926049	0.02364119	0.01185989	0.01133825	0.007928716	0.005598573	0.0005291946	0.0004986485	4.016436e-05	3.083281e-05	9.007339e-06	5.739653e-06	1.484068e-06	2.991265e-07	2.416136e-07	1.646864e-07	1.09215e-07	2.886274e-08	4.798341e-09	4.690194e-09	8.021926e-11	3.799172e-11	2.401171e-11	5.821376e-12	4.602014e-12	3.821713e-12	3.912099e-12	1.342909e-12	5.416532e-13
62	0.5470657	0.1808181	0.03972445	0.02135283	0.009595919	0.009037636	0.006491372	0.004176653	0.0001517119	0.000114834	3.865375e-05	2.932694e-05	7.632488e-06	4.414361e-06	1.440432e-06	2.583806e-07	2.005355e-07	1.363056e-07	8.376154e-08	2.159095e-08	4.299978e-09	4.272364e-09	7.400672e-11	3.473018e-11	2.10709e-11	4.997729e-12	4.463401e-12	3.711216e-12	3.80726e-12	1.270268e-12
63	0.2302396	0.2135881	0.1642286	0.03230328	0.01628127	0.006710069	0.006226285	0.004997477	0.003263905	0.0001303346	0.0001019226	3.552625e-05	2.802171e-05	6.588013e-06	3.682121e-06	1.360684e-06	1.894697e-07	1.403328e-07	8.486644e-08	4.520657e-08	1.397431e-08	4.189197e-09	4.205859e-09	5.900803e-11	2.041807e-11	1.077543e-11	2.339272e-12	1.875639e-12	1.576075e-12	1.611249e-12
64	0.9621571	0.2301805	0.2135291	0.1641984	0.03230049	0.0162797	0.006708701	0.006224905	0.004996246	0.003263466	0.0001303311	0.0001019206	3.552517e-05	2.802066e-05	6.587015e-06	3.681798e-06	1.360607e-06	1.893956e-07	1.402847e-07	8.483767e-08	4.519841e-08	1.397079e-08	4.189104e-09	4.205791e-09	5.900073e-11	2.04112e-11	1.07714e-11	2.338928e-12	1.875435e-12	1.575868e-12
65	0.7340353	0.692285	0.10754	0.08964706	0.05473132	0.03029629	0.01511508	0.00569151	0.005199652	0.00405738	0.002934061	0.0001278868	0.0001006427	3.471741e-05	2.723342e-05	5.826594e-06	3.436133e-06	1.302425e-06	1.331853e-07	1.041898e-07	6.353968e-08	3.977892e-08	1.139265e-08	4.124139e-09	4.158748e-09	5.351782e-11	1.514493e-11	7.689869e-12	2.093931e-12	1.731914e-12
66	0.5239035	0.5173402	0.4768881	0.0837702	0.06644684	0.04026016	0.02370141	0.01208751	0.003284112	0.002790545	0.001883554	0.0009120741	9.326295e-05	6.864311e-05	3.219847e-05	2.520426e-05	4.870431e-06	3.003318e-06	1.241646e-06	9.402504e-08	7.891491e-08	4.616661e-08	2.902373e-08	8.60498e-09	3.498567e-09	3.530184e-09	4.267492e-11	9.580256e-12	4.777003e-12	1.388194e-12
67	0.1809264	0.1471634	0.1408032	0.1052122	0.02582081	0.02091113	0.01266286	0.007541439	0.003736617	0.001026335	0.0008746209	0.0005268303	0.0003412785	3.368998e-05	2.494544e-05	1.004442e-05	7.90117e-06	1.489875e-06	9.422071e-07	3.919096e-07	3.703761e-08	3.249999e-08	2.072101e-08	1.697474e-08	4.858113e-09	1.575428e-09	1.573688e-09	2.980568e-11	4.075928e-12	2.063923e-12
68	0.5583589	0.1712244	0.1387496	0.132456	0.09707147	0.02398498	0.0194305	0.01167121	0.006923612	0.00342089	0.0009070051	0.0007655631	0.0004757409	0.0003044735	3.133879e-05	2.312588e-05	9.297197e-06	7.311006e-06	1.379782e-06	8.725475e-07	3.61817e-07	3.271125e-08	2.850857e-08	1.997206e-08	1.643785e-08	4.628825e-09	1.416419e-09	1.4119e-09	2.886997e-11	3.55851e-12
69	0.3294037	0.2787136	0.06902925	0.06377565	0.05883154	0.02653196	0.00393527	0.003775587	0.0007890804	0.0005241879	0.0001927422	0.0001341713	0.0001330715	7.577343e-05	7.112758e-05	3.063881e-06	9.271959e-07	2.215032e-07	1.886835e-07	5.672647e-08	4.437416e-08	1.827518e-08	1.390132e-08	1.401359e-08	1.150575e-08	1.006501e-08	2.700841e-09	1.568943e-10	1.292993e-10	2.289951e-11
70	0.3426976	0.2154643	0.1982802	0.04645951	0.04611438	0.04561278	0.01346068	0.001923054	0.00185513	0.0003836327	0.0002437571	5.812816e-05	2.714115e-05	2.572299e-05	1.355946e-05	1.109439e-05	4.544511e-07	3.366189e-07	1.530834e-07	1.310936e-07	3.637518e-08	2.865131e-08	5.935946e-09	2.302226e-09	2.275659e-09	1.823919e-09	1.347551e-09	3.545759e-10	3.178556e-11	2.799058e-11
71	0.2892133	0.2835075	0.1767607	0.1612022	0.01295479	0.01246077	0.01213131	0.01225002	0.001692084	0.001655352	0.0003054753	0.0001969179	3.321247e-05	1.863478e-05	1.810066e-05	9.499533e-06	8.174708e-06	2.516033e-07	1.816905e-07	6.694434e-08	5.725488e-08	2.583294e-08	2.249004e-08	2.936215e-09	1.405689e-09	1.390598e-09	1.025702e-09	8.613967e-10	2.224466e-10	2.149388e-11
72	0.5832461	0.269855	0.2685503	0.1676225	0.1523943	0.0061024	0.005580609	0.005206893	0.005241551	0.001492851	0.00147717	0.0002254028	0.0001556072	1.682831e-05	1.398918e-05	1.410548e-05	7.012704e-06	6.480475e-06	1.085467e-07	8.564252e-08	2.379299e-08	2.328905e-08	1.926171e-08	1.826149e-08	1.183677e-09	1.175092e-09	1.177156e-09	8.560632e-10	7.126961e-10	1.905486e-10
73	0.4764391	0.1241855	0.1145514	0.1145161	0.01969895	0.003737701	0.0009248081	0.0007723022	0.0006735578	0.0006615046	0.000158831	0.0001540093	2.974873e-05	1.092689e-05	6.305899e-06	4.798413e-06	4.802798e-06	2.89166e-06	2.458302e-06	2.730323e-08	1.856322e-08	4.061088e-09	3.33209e-09	1.799823e-09	6.983867e-10	2.592059e-10	2.364924e-10	2.197715e-10	1.784353e-10	1.376957e-10
74	0.02224724	0.01416735	0.009076162	0.004808697	0.00388286	0.002777618	0.002629103	0.0005534441	0.0004718717	0.0004007227	0.0003937628	4.78373e-05	4.533042e-05	2.161698e-05	5.398008e-06	3.246486e-06	2.715966e-06	2.738545e-06	1.6461e-06	1.345156e-06	1.148846e-08	8.83751e-09	9.208159e-10	8.730312e-10	6.656641e-10	2.826447e-10	1.027637e-10	1.000115e-10	9.377186e-11	7.349681e-11
75	0.5510763	0.0215559	0.01351763	0.008601484	0.004408474	0.00348393	0.002668925	0.002521818	0.0005260001	0.0004448724	0.0003740452	0.0003667163	4.637844e-05	4.390105e-05	2.098503e-05	5.083353e-06	3.179846e-06	2.676627e-06	2.700219e-06	1.627277e-06	1.329809e-06	1.097569e-08	8.459154e-09	8.26359e-10	7.988442e-10	6.422099e-10	2.690099e-10	9.825311e-11	9.649701e-11	9.069643e-11
76	0.9614797	0.545266	0.02133144	0.01329491	0.008394727	0.004212771	0.003285909	0.002473162	0.002323322	0.0005241928	0.0004430845	0.0003722706	0.0003649161	4.627402e-05	4.379678e-05	2.091558e-05	5.055428e-06	3.177348e-06	2.674532e-06	2.698108e-06	1.625871e-06	1.328482e-06	1.095635e-08	8.445622e-09	8.240324e-10	7.967175e-10	6.407851e-10	2.677194e-10	9.809304e-11	9.63444e-11
77	0.9987635	0.9602667	0.5440866	0.02128216	0.01324611	0.008366432	0.004203291	0.003277032	0.002464681	0.002314818	0.0005183858	0.0004371978	0.0003662939	0.0003588469	4.037596e-05	3.780634e-05	1.487293e-05	5.048325e-06	3.173101e-06	2.670838e-06	2.694386e-06	1.622373e-06	1.327246e-06	1.094719e-08	8.440822e-09	8.210303e-10	7.937918e-10	6.379592e-10	2.668064e-10	9.787685e-11
78	0.7145608	0.7107431	0.6717323	0.3689006	0.01976903	0.01186082	0.007361778	0.003653433	0.002785473	0.002049047	0.001897348	0.0003185781	0.0002352469	0.0001614863	0.0001509719	2.905878e-05	2.65601e-05	6.966231e-06	4.379461e-06	2.818543e-06	2.374177e-06	2.39628e-06	1.344396e-06	1.221663e-06	9.742522e-09	7.624018e-09	5.073951e-10	4.972655e-10	3.837852e-10	1.601075e-10
79	0.4345858	0.3278045	0.3193033	0.2775879	0.02581995	0.001996486	0.001384168	0.001068698	0.0007588214	0.0006948609	0.0003547054	0.0002830542	8.595028e-05	6.972172e-05	5.503104e-05	5.523213e-05	1.84624e-05	1.846041e-05	1.7897e-06	1.431656e-06	9.684176e-07	9.551981e-07	9.707436e-07	3.420143e-07	2.992708e-07	2.37825e-09	1.9034e-09	1.722739e-10	1.698413e-10	6.099559e-11
80	0.1401432	0.1274387	0.1157727	0.104528	0.08247688	0.01902657	0.001554313	0.001149208	0.0009095658	0.000633383	0.0005738726	0.0002950642	0.0002535526	7.497767e-05	5.901502e-05	4.439321e-05	4.448289e-05	8.626126e-06	8.493933e-06	1.345956e-06	1.002315e-06	5.397441e-07	5.228731e-07	5.30956e-07	2.931744e-07	2.910472e-07	2.25756e-09	1.803977e-09	1.531909e-10	1.510901e-10
81	0.5558056	0.1298662	0.1168948	0.1050562	0.0935249	0.07121867	0.01581417	0.001271682	0.0009535618	0.00076084	0.0005490288	0.0004983375	0.0002730908	0.000232138	7.002606e-05	5.449527e-05	4.021145e-05	4.036458e-05	8.314137e-06	8.211167e-06	1.1782e-06	8.992366e-07	4.394438e-07	4.254032e-07	4.320773e-07	2.733096e-07	2.731487e-07	1.783636e-09	1.374938e-09	1.166949e-10
82	0.4728868	0.2190669	0.1075136	0.09461133	0.08259729	0.07063405	0.05795053	0.01160509	0.0005363345	0.0004419518	0.0003775621	0.0003102801	0.0002827727	0.0001236785	8.355905e-05	4.758945e-05	3.390948e-05	2.083774e-05	2.104437e-05	5.788937e-07	5.305279e-07	1.200995e-07	1.028216e-07	9.121996e-08	9.132217e-08	9.291401e-08	1.919653e-08	1.701863e-08	1.145423e-09	8.319142e-10
83	0.1595958	0.09260811	0.09216653	0.00365017	0.002071055	0.001780022	0.001491592	0.001119151	0.0004834729	4.981851e-05	4.715274e-05	1.369952e-05	1.080021e-05	9.746801e-06	4.088254e-06	2.80182e-06	1.420997e-06	1.09577e-06	7.883972e-07	7.977618e-07	3.986271e-08	3.740584e-08	1.257445e-08	1.043064e-08	7.047851e-09	6.260683e-09	6.322079e-09	3.54541e-09	3.437793e-09	2.366166e-10
84	0.3541176	0.07100307	0.002427273	0.001873527	0.00159112	0.0002777906	0.0002702217	0.0002723276	0.0002043334	3.901419e-05	4.480397e-06	3.925092e-06	2.860918e-06	1.951871e-06	1.846787e-06	5.134982e-07	4.956493e-07	9.135909e-08	9.04155e-08	9.093637e-08	9.203135e-08	1.136918e-08	1.068967e-08	6.184993e-09	5.378981e-09	4.860692e-09	4.519303e-09	4.578334e-09	3.054753e-09	3.02572e-09
85	0.03240333	0.02016561	0.003485503	0.0004938552	6.393136e-05	4.363796e-05	4.381933e-05	3.662121e-05	3.699598e-05	3.652884e-05	7.644771e-06	7.183903e-07	6.091244e-07	5.39981e-07	3.636266e-07	2.919427e-07	5.860979e-08	5.58392e-08	1.682637e-08	1.670989e-08	1.67847e-08	1.67232e-08	2.671828e-09	2.313475e-09	1.2806e-09	8.867849e-10	6.214785e-10	4.238403e-10	4.191657e-10	1.426216e-10
86	0.04536396	0.02923743	0.0168645	0.003454878	0.0004447357	1.456425e-05	6.102261e-06	6.020627e-06	5.933654e-06	5.896268e-06	5.54162e-06	3.925876e-06	2.773181e-07	2.267493e-07	1.98637e-07	1.393802e-07	7.150894e-08	1.302662e-08	1.188663e-08	4.413903e-09	4.203689e-09	4.078016e-09	3.799361e-09	1.638677e-09	1.28847e-09	8.948374e-10	5.332514e-10	2.693259e-10	6.406483e-11	5.239185e-11
87	0.5938619	0.04509311	0.02942311	0.01689393	0.003498594	0.0004492481	1.343462e-05	5.849658e-06	5.765264e-06	5.673858e-06	5.63245e-06	5.27397e-06	3.773147e-06	2.474517e-07	1.96402e-07	1.693642e-07	1.204675e-07	5.28946e-08	1.213499e-08	1.110885e-08	4.056276e-09	3.840019e-09	3.706205e-09	3.416406e-09	1.656943e-09	1.301764e-09	9.049858e-10	5.393333e-10	2.713098e-10	6.210252e-11
88	0.80794	0.5932281	0.0452877	0.02970259	0.01701324	0.00354446	0.0004546928	1.30463e-05	5.838438e-06	5.753638e-06	5.660852e-06	5.618677e-06	5.255758e-06	3.763384e-06	2.31446e-07	1.794672e-07	1.525594e-07	1.105402e-07	4.215617e-08	1.192368e-08	1.095713e-08	3.974326e-09	3.754376e-09	3.616734e-09	3.320285e-09	1.683982e-09	1.323058e-09	9.199472e-10	5.488695e-10	2.760063e-10
89	0.1967865	0.1987216	0.1598679	0.002152379	0.0007329808	0.0004991964	7.291434e-05	1.155411e-05	2.766472e-06	1.490343e-06	1.474889e-06	1.445222e-06	1.434756e-06	1.365586e-06	8.234534e-07	3.846461e-08	3.406707e-08	2.898191e-08	2.198235e-08	2.037202e-08	4.055795e-09	3.866621e-09	1.26125e-09	1.260154e-09	1.275621e-09	1.288346e-09	1.657894e-10	1.499889e-10	1.044481e-10	7.409285e-11
90	0.3813635	0.1521031	0.1537761	0.1284247	0.001061609	0.0001450471	0.0001325991	1.067202e-05	3.298073e-06	2.153954e-06	1.381228e-06	1.367155e-06	1.33747e-06	1.327018e-06	1.265215e-06	7.35873e-07	2.190753e-08	1.831425e-08	1.397154e-08	1.212405e-08	1.194485e-08	3.32386e-09	3.186375e-09	8.297253e-10	8.274765e-10	8.39181e-10	8.508085e-10	1.053568e-10	9.9947e-11	6.449552e-11
91	0.4075107	0.2954765	0.06992698	0.07056582	0.04819558	0.000736359	0.0001256095	0.0001209502	8.394381e-06	2.839442e-06	1.988312e-06	1.3825e-06	1.36844e-06	1.33845e-06	1.32793e-06	1.266083e-06	7.354615e-07	1.984719e-08	1.626436e-08	1.386752e-08	1.207397e-08	1.196207e-08	3.253364e-09	3.128661e-09	7.626791e-10	7.59494e-10	7.703152e-10	7.811065e-10	1.041589e-10	9.932443e-11
92	0.5753037	0.3870429	0.2781247	0.05889914	0.05940201	0.03834436	0.0006162246	0.0001131563	0.0001083752	8.355313e-06	2.76007e-06	1.912676e-06	1.384777e-06	1.370647e-06	1.340293e-06	1.329659e-06	1.269006e-06	7.338565e-07	1.846644e-08	1.482358e-08	1.337526e-08	1.185703e-08	1.17568e-08	2.954769e-09	2.831683e-09	7.467227e-10	7.442042e-10	7.549551e-10	7.656742e-10	9.66935e-11
93	0.8993391	0.5273221	0.3691125	0.2647435	0.04693588	0.04728723	0.0291873	0.0004908871	7.237416e-05	6.706124e-05	8.122281e-06	2.518867e-06	1.677087e-06	1.253623e-06	1.238979e-06	1.207064e-06	1.195021e-06	1.138696e-06	6.356177e-07	1.608502e-08	1.272199e-08	1.212098e-08	1.108071e-08	1.118966e-08	2.419553e-09	2.351041e-09	6.662744e-10	6.654619e-10	6.750018e-10	6.844434e-10
94	0.997293	0.8963689	0.5211523	0.3613157	0.2580092	0.0404102	0.04067826	0.02479135	0.0004277136	6.398838e-05	5.852547e-05	7.883134e-06	2.215021e-06	1.35962e-06	9.64183e-07	9.449393e-07	9.079693e-07	8.909885e-07	8.316796e-07	4.700274e-07	1.461261e-08	1.151117e-08	1.110684e-08	1.085591e-08	1.09685e-08	2.074839e-09	2.001037e-09	5.762148e-10	5.746661e-10	5.826245e-10
95	0.201405	0.203441	0.2009034	0.1955031	0.04739145	0.04125351	0.02541869	0.02574846	0.01688091	0.0002543601	3.512881e-05	2.952754e-05	2.91894e-06	1.197763e-06	5.669363e-07	4.769789e-07	4.830987e-07	4.894623e-07	4.962003e-07	4.985408e-07	2.868955e-07	2.450329e-09	1.753549e-09	1.597097e-09	1.458478e-09	1.465921e-09	1.425218e-09	1.40595e-09	3.596629e-10	3.620027e-10
96	0.1919252	0.1810058	0.1829666	0.1825103	0.1797203	0.0301087	0.0254858	0.01832994	0.01857663	0.01348944	0.0002010984	2.745328e-05	2.226816e-05	1.913648e-06	4.938735e-07	2.925571e-07	2.29041e-07	2.318697e-07	2.347823e-07	2.379485e-07	2.38734e-07	1.407407e-07	1.63209e-09	1.318345e-09	1.230897e-09	1.155422e-09	1.162051e-09	1.135622e-09	1.124859e-09	1.993942e-10
97	0.2691913	0.1746596	0.1681366	0.169978	0.1704591	0.1684103	0.01696486	0.01303445	0.01041746	0.01055748	0.008583299	0.0001317877	2.055644e-05	1.524303e-05	1.706046e-06	2.76313e-07	7.31799e-08	4.974711e-08	5.038135e-08	5.098777e-08	5.175043e-08	5.163492e-08	3.014064e-08	8.34455e-10	7.803704e-10	7.549485e-10	7.260116e-10	7.276703e-10	7.12762e-10	7.234576e-10
98	0.009006239	0.006124106	0.005078532	0.004483395	0.004529431	0.004528893	0.004442263	0.00445491	0.003911576	0.003421351	0.003468854	0.00309714	3.797179e-05	2.784978e-06	2.71241e-06	4.001126e-08	1.38732e-08	9.371375e-09	2.84614e-09	2.87408e-09	2.909794e-09	2.95261e-09	2.828958e-09	1.834386e-09	2.727657e-10	2.690572e-10	2.611734e-10	2.505579e-10	2.450874e-10	2.380383e-10
99	0.2146678	0.003996135	0.002489798	0.001686022	0.001307116	0.001315201	0.001307924	0.001233301	0.001226229	0.001160752	0.0009872447	0.001001464	0.0009003007	7.602566e-06	6.897604e-07	6.483916e-07	1.712358e-08	5.16939e-09	3.226382e-09	9.68878e-10	9.753819e-10	9.846127e-10	9.96336e-10	9.488749e-10	5.876514e-10	7.935388e-11	7.393266e-11	6.710419e-11	6.009403e-11	5.136771e-11
100	0.4508399	0.2020825	0.003427913	0.002040842	0.001303531	0.0009865635	0.0009919527	0.000987783	0.000913617	0.0009043554	0.0008670729	0.0007474942	0.0007584288	0.0006724467	4.284924e-06	4.453861e-07	4.243168e-07	1.020313e-08	3.814165e-09	2.696938e-09	8.253009e-10	8.307367e-10	8.382328e-10	8.480539e-10	8.046456e-10	4.877222e-10	5.909259e-11	5.342713e-11	4.657666e-11	3.946359e-11
101	0.8252069	0.4341155	0.1978907	0.002400981	0.001185159	0.000950701	0.0008367621	0.0008457493	0.0008421221	0.0007739329	0.0007654524	0.0007367237	0.0006358683	0.0006453033	0.0005733092	2.817362e-06	3.333399e-07	3.110357e-07	9.626944e-09	3.393483e-09	2.309039e-09	7.11713e-10	7.159428e-10	7.21855e-10	7.297969e-10	6.993574e-10	4.178954e-10	4.972299e-11	4.390199e-11	3.700892e-11
102	0.5510422	0.3859369	0.2725501	0.1783605	0.0004808511	0.0003319625	0.0003212448	0.0003032648	0.0003073827	0.0003052992	0.0002447668	0.0002339762	0.0002204019	0.0001492023	0.0001514402	0.0001015019	1.672817e-06	1.05105e-07	1.048941e-07	1.432927e-09	1.252517e-09	1.014983e-09	2.719062e-10	2.727731e-10	2.738134e-10	2.761706e-10	2.711871e-10	1.827647e-10	1.428285e-11	1.271761e-11
103	0.4479666	0.4150424	0.2479129	0.2090667	0.1777556	0.0003332145	0.0002076786	0.0002009417	0.0001912746	0.0001939079	0.000191974	0.000146092	0.0001387113	0.0001299745	8.720776e-05	8.85278e-05	6.239694e-05	9.255143e-07	5.547106e-08	5.500951e-08	7.722211e-10	6.783732e-10	4.556569e-10	6.989712e-11	6.939215e-11	6.866845e-11	6.893237e-11	6.697146e-11	3.932091e-11	7.51642e-12
104	0.2325642	0.2319032	0.2306415	0.2013986	0.1857203	0.1790501	0.0001996795	9.448269e-05	8.921263e-05	8.350511e-05	8.464337e-05	8.377421e-05	6.708022e-05	6.397069e-05	6.132181e-05	3.67563e-05	3.732182e-05	2.642685e-05	3.969179e-07	2.317113e-08	2.326399e-08	3.082862e-10	2.620835e-10	2.025741e-10	2.744897e-11	2.71891e-11	2.707205e-11	2.714849e-11	2.648803e-11	1.711047e-11
105	0.6294087	0.2237661	0.2235038	0.2225629	0.1929458	0.1791163	0.177747	0.0001522301	5.200021e-05	4.817551e-05	4.604636e-05	4.6704e-05	4.613757e-05	3.79956e-05	3.676645e-05	3.578173e-05	1.808277e-05	1.836138e-05	1.33466e-05	1.955536e-07	1.179996e-08	1.183476e-08	1.725904e-10	1.545749e-10	9.732871e-11	1.665297e-11	1.639961e-11	1.62096e-11	1.610676e-11	1.564081e-11
106	0.2845515	0.268315	0.1883581	0.1883169	0.1881252	0.1790159	0.1776746	0.1799006	0.0001074276	1.814383e-05	1.480657e-05	1.407998e-05	1.427945e-05	1.417408e-05	1.333427e-05	1.339501e-05	1.342258e-05	1.269387e-06	1.282771e-06	9.758066e-07	1.408856e-08	9.494663e-10	9.516852e-10	1.459678e-11	1.183845e-11	1.109773e-11	2.697172e-12	2.714236e-12	2.742805e-12	2.782802e-12
107	0.46452	0.09144146	0.09085366	0.01096565	0.01094982	0.01076278	0.0015289	0.0002243058	0.0001198067	0.0001071129	1.679279e-05	1.353562e-05	1.337436e-05	1.356825e-05	1.347072e-05	1.281822e-05	1.29255e-05	1.298996e-05	8.115587e-07	8.176692e-07	6.454613e-07	9.197039e-09	6.55963e-10	6.564931e-10	1.104286e-11	8.880686e-12	8.209226e-12	2.367798e-12	2.393529e-12	2.42884e-12
108	0.4363941	0.430781	0.08983515	0.08961139	0.009670541	0.009665862	0.009654681	0.0003934546	8.171462e-05	2.543745e-05	1.537236e-05	1.529663e-05	1.2e-05	1.187064e-05	1.204481e-05	1.22215e-05	1.238774e-05	1.255619e-05	1.266313e-05	3.908716e-07	3.901646e-07	2.917996e-07	4.118764e-09	3.727637e-10	3.715042e-10	8.144167e-12	6.530743e-12	5.920726e-12	2.151441e-12	2.17833e-12
109	0.7807467	0.4383418	0.4338528	0.09099159	0.09080159	0.0097928	0.009788193	0.009777049	0.0003853829	7.040893e-05	2.287568e-05	1.469818e-05	1.469551e-05	1.202688e-05	1.19455e-05	1.2126e-05	1.230787e-05	1.248072e-05	1.265427e-05	1.276648e-05	3.026222e-07	3.004101e-07	2.06155e-07	2.903146e-09	3.05945e-10	3.041405e-10	7.941553e-12	6.431807e-12	5.825407e-12	2.143669e-12
110	0.6188297	0.6127115	0.4202892	0.4168813	0.07891486	0.07873065	0.009925949	0.009921415	0.009910281	0.0003844492	6.585747e-05	2.225847e-05	1.471725e-05	1.474626e-05	1.205495e-05	1.202828e-05	1.221292e-05	1.239991e-05	1.257836e-05	1.27569e-05	1.287458e-05	2.14059e-07	2.102848e-07	1.198445e-07	1.668479e-09	2.348279e-10	2.32458e-10	7.695936e-12	6.291783e-12	5.691805e-12
111	0.883422	0.608899	0.6048187	0.4255094	0.4221417	0.08001845	0.07984529	0.0100545	0.01004992	0.0100387	0.0003748227	5.184978e-05	1.957729e-05	1.413623e-05	1.422587e-05	1.214317e-05	1.219661e-05	1.238902e-05	1.258242e-05	1.276878e-05	1.295422e-05	1.307882e-05	2.078474e-07	2.038984e-07	1.174569e-07	1.612189e-09	2.250687e-10	2.225834e-10	7.544644e-12	6.155681e-12
112	0.613412	0.4983113	0.2234414	0.2201695	0.07927629	0.07594204	0.04873637	0.04857405	0.01019342	0.01018946	0.01017833	0.0003723814	4.578808e-05	1.746189e-05	1.394169e-05	1.408888e-05	1.21315e-05	1.221559e-05	1.241186e-05	1.261075e-05	1.2803e-05	1.299568e-05	1.313923e-05	8.528052e-08	7.908143e-08	5.037703e-08	7.536711e-10	1.520957e-10	1.528994e-10	6.044878e-12
113	0.9193052	0.5547334	0.4379611	0.1604418	0.1572156	0.03700395	0.03366927	0.0145312	0.01436915	0.01033904	0.01033505	0.01032386	0.0003715542	4.032728e-05	1.520456e-05	1.200635e-05	1.213048e-05	1.227355e-05	1.236728e-05	1.256929e-05	1.277449e-05	1.297516e-05	1.317492e-05	1.332637e-05	7.761656e-08	7.116597e-08	4.659652e-08	7.056267e-10	1.477958e-10	1.487015e-10
114	0.4278937	0.3704623	0.3111093	0.1926591	0.1338577	0.1324061	0.02857856	0.02826837	0.01142139	0.01137697	0.01046702	0.0104633	0.01045439	0.0003512974	1.540132e-05	2.000454e-06	1.617766e-07	1.337555e-07	1.225233e-07	1.165906e-07	1.180855e-07	1.17323e-07	1.057765e-07	8.557905e-08	6.086653e-08	5.232443e-08	4.528685e-08	3.68599e-08	5.502555e-10	1.275894e-10
115	0.1664114	0.1445158	0.1385261	0.1343336	0.1343326	0.09564683	0.09454584	0.01411971	0.01387621	0.001052434	0.001021482	0.000355002	0.0003532269	0.0003513388	0.0003513385	1.067267e-05	1.461937e-06	1.042991e-07	8.266696e-08	7.144666e-08	6.590096e-08	6.689247e-08	6.571637e-08	5.895117e-08	5.748123e-08	4.301922e-08	3.873585e-08	3.946027e-08	3.455335e-08	5.059893e-10
116	0.07557647	0.06565293	0.06501452	0.06377075	0.06314879	0.06314846	0.06279903	0.0616939	0.006392666	0.006251584	0.0002118879	0.0001971174	8.660559e-06	8.285396e-06	7.906978e-06	7.906796e-06	7.422579e-06	9.936598e-07	7.129203e-08	5.377983e-08	4.337287e-08	3.960324e-08	4.023202e-08	3.943834e-08	3.640264e-08	3.613964e-08	3.453707e-08	3.192309e-08	3.253054e-08	3.014417e-08
117	0.2435011	0.04395104	0.03989079	0.03944167	0.03902841	0.03882375	0.03882349	0.03851626	0.03839842	0.002787577	0.00271487	5.65277e-05	5.309234e-05	2.384127e-06	2.290277e-06	2.16492e-06	2.164815e-06	1.785588e-06	5.672477e-07	4.613875e-08	3.691319e-08	3.320202e-08	3.058761e-08	3.109221e-08	3.074008e-08	2.891308e-08	2.877886e-08	2.865118e-08	2.738339e-08	2.791954e-08
118	0.04452463	0.02659357	0.005504367	0.004724157	0.004639859	0.004481375	0.004343504	0.004343254	0.004079515	0.004037024	0.001592017	0.0015436	2.311939e-05	2.155355e-05	6.029678e-07	5.636613e-07	5.128067e-07	5.127563e-07	3.313056e-07	6.07652e-08	1.999101e-08	1.546091e-08	1.385084e-08	1.268418e-08	1.289338e-08	1.27308e-08	1.202319e-08	1.197519e-08	1.188681e-08	1.146063e-08
119	0.02336742	0.02199054	0.007390464	0.002557694	0.001894716	0.001861331	0.001840425	0.001836042	0.001835971	0.001833991	0.001831633	0.00108507	0.001083449	1.938454e-06	1.418684e-06	9.79443e-08	9.554124e-08	9.320126e-08	9.318937e-08	8.955967e-08	1.678287e-08	1.201424e-09	9.152643e-10	7.355682e-10	5.259165e-10	5.272657e-10	5.045886e-10	5.003345e-10	5.015149e-10	4.60782e-10
120	0.2476684	0.02209125	0.02081208	0.006131335	0.002359922	0.001692252	0.001658563	0.001642245	0.001640272	0.001640204	0.00163838	0.001636503	0.001086229	0.00108466	9.284672e-07	4.29799e-07	8.659059e-08	8.596624e-08	8.515614e-08	8.515445e-08	8.195732e-08	1.411916e-08	8.756491e-10	6.676181e-10	5.910169e-10	4.718402e-10	4.747442e-10	4.517739e-10	4.483482e-10	4.490619e-10
121	0.2938724	0.04720882	0.01636436	0.01621011	0.00137836	0.001122537	0.0005696048	0.0005412818	0.0005261104	0.0005245101	0.0005245099	0.0005231485	0.0005224321	2.778389e-05	2.625426e-05	6.784255e-07	1.844257e-07	8.206576e-08	8.174693e-08	8.129644e-08	8.129554e-08	7.96284e-08	1.199948e-08	5.512648e-10	4.025704e-10	3.2804e-10	2.235192e-10	2.219003e-10	1.955838e-10	1.892524e-10
122	0.4525238	0.03841938	0.0138572	0.001000781	0.00089869	0.0008890125	0.0006920836	0.0001320826	0.0001063427	9.995586e-05	9.964529e-05	9.964523e-05	9.916171e-05	9.885673e-05	5.51269e-06	5.274285e-06	1.108151e-07	1.005608e-07	4.499846e-08	4.480024e-08	4.455548e-08	4.455494e-08	4.352433e-08	3.704999e-09	2.403558e-10	1.976613e-10	1.939581e-10	1.830422e-10	1.864122e-10	1.87504e-10
123	0.5046689	0.4278173	0.009548253	0.004673479	0.0001735095	8.698775e-05	8.081652e-05	3.979122e-05	3.930671e-05	1.316125e-05	6.80389e-06	6.547918e-06	6.547888e-06	6.289466e-06	6.18127e-06	1.230772e-06	1.214504e-06	4.623642e-08	4.323489e-08	2.843808e-08	2.828279e-08	2.810332e-08	2.810297e-08	2.7561e-08	1.847514e-09	1.48774e-10	1.270159e-10	1.263546e-10	1.217942e-10	1.241738e-10
124	0.02048781	0.00901703	0.004792719	0.001590454	0.0007161192	8.909586e-05	1.677904e-05	1.502818e-05	1.264747e-06	1.184235e-06	1.128491e-06	9.321046e-07	9.165301e-07	9.165217e-07	8.501842e-07	8.353442e-07	1.795355e-07	1.771216e-07	8.529154e-09	8.133318e-09	4.237763e-09	4.228445e-09	4.212201e-09	4.212134e-09	4.131738e-09	2.805337e-10	2.140788e-11	1.800192e-11	1.769818e-11	1.686241e-11
125	0.02283213	0.01262254	0.003470519	0.0004095248	0.0003695422	4.421474e-05	1.09033e-05	1.04167e-05	9.355369e-06	9.321275e-08	8.119047e-08	8.036668e-08	7.249505e-08	7.049058e-08	7.048674e-08	6.194207e-08	6.180875e-08	1.23957e-08	1.201047e-08	2.07194e-09	2.00051e-09	4.795069e-11	4.684076e-11	4.65517e-11	4.653211e-11	4.551243e-11	9.75334e-12	8.595486e-13	6.011972e-13	3.659775e-13
126	0.1282842	0.01593019	0.007763136	0.002777348	0.0002772815	0.0002720135	3.965602e-05	9.585464e-06	9.48438e-06	9.482347e-06	7.985383e-08	6.807625e-08	6.739856e-08	5.994738e-08	5.859303e-08	5.859083e-08	5.761607e-08	5.757023e-08	1.11449e-08	1.113648e-08	2.059555e-09	1.9904e-09	2.011095e-11	1.907477e-11	1.895754e-11	1.894603e-11	1.877823e-11	6.602568e-12	5.80977e-13	3.899494e-13
127	0.08544744	0.02622516	0.01177456	0.003642535	0.002332202	0.0002784196	0.0002749685	3.886602e-05	9.713719e-06	9.6114e-06	9.609572e-06	3.622846e-08	2.431139e-08	2.362922e-08	1.604403e-08	1.466684e-08	1.466479e-08	1.37022e-08	1.366348e-08	1.126088e-08	1.125328e-08	2.094707e-09	2.024562e-09	1.809978e-11	1.704944e-11	1.696743e-11	1.695664e-11	1.687936e-11	6.169947e-12	5.364985e-13
128	0.6207231	0.07406823	0.02498323	0.01188458	0.003613418	0.002337137	0.0002824389	0.0002789719	3.860928e-05	9.851791e-06	9.747842e-06	9.745998e-06	3.555109e-08	2.344415e-08	2.274992e-08	1.504169e-08	1.364966e-08	1.364758e-08	1.266887e-08	1.265582e-08	1.094548e-08	1.093894e-08	2.130359e-09	2.059189e-09	1.827031e-11	1.72084e-11	1.713363e-11	1.712268e-11	1.704852e-11	6.225446e-12
129	0.5482966	0.2977936	0.03258317	0.01581005	0.01180755	0.00361493	0.002319455	0.0002540881	0.0002520588	7.491671e-06	5.272496e-08	3.865404e-08	3.816257e-08	3.171087e-08	1.966397e-08	1.897277e-08	1.11224e-08	9.706888e-09	9.704824e-09	8.82738e-09	8.818277e-09	7.154098e-09	7.148332e-09	2.145448e-09	2.073284e-09	3.501515e-12	2.470719e-12	2.42936e-12	2.418548e-12	2.354806e-12
130	0.4559179	0.3489538	0.2316358	0.02800595	0.01322365	0.01183689	0.003486554	0.002165283	5.993265e-05	5.817515e-05	2.908834e-06	3.899876e-08	3.465808e-08	3.429872e-08	2.806941e-08	1.994562e-08	1.924448e-08	1.124277e-08	9.801585e-09	9.79948e-09	8.909225e-09	8.900357e-09	7.228664e-09	7.223886e-09	2.128756e-09	2.112145e-09	3.278241e-12	2.232023e-12	2.205237e-12	2.19422e-12
131	0.3627536	0.1962533	0.1641314	0.1368155	0.007031421	0.003048311	0.002143743	0.002138347	0.0007902386	3.31287e-06	1.672419e-06	3.029521e-07	1.502814e-08	1.355017e-08	1.342202e-08	1.14141e-08	1.138206e-08	1.070291e-08	2.609171e-09	1.150989e-09	1.14885e-09	2.485472e-10	2.403484e-10	8.350316e-11	8.209558e-11	4.776645e-12	3.980278e-12	3.075745e-12	2.010328e-12	1.98725e-12
132	0.3942042	0.3002197	0.1610323	0.1445483	0.1281003	0.006694902	0.003052604	0.002153791	0.002148729	0.00080597	2.703131e-06	1.210235e-06	2.840216e-07	4.4224e-09	3.471974e-09	3.391885e-09	1.391566e-09	1.363544e-09	1.081489e-09	1.07054e-09	1.058542e-09	1.056358e-09	1.408866e-10	1.326021e-10	2.509644e-11	2.419744e-11	3.505701e-12	2.860636e-12	2.040892e-12	2.025418e-12
133	0.422524	0.3227171	0.2762142	0.1358577	0.1244537	0.1120253	0.006127093	0.003014942	0.002160946	0.002156165	0.0008225363	2.333118e-06	1.217416e-06	2.839588e-07	2.745417e-09	2.142927e-09	2.070711e-09	1.848712e-10	1.582723e-10	1.550573e-10	1.473452e-10	1.460516e-10	1.438226e-10	1.386284e-10	1.303479e-10	2.375585e-11	2.299535e-11	3.385465e-12	2.756875e-12	1.945969e-12
134	0.520703	0.3763092	0.2958499	0.2592478	0.1165962	0.1060538	0.09362756	0.00450757	0.001707549	0.000845944	0.0008411933	0.0008403838	2.364669e-06	1.233117e-06	2.873623e-07	2.76421e-09	2.154987e-09	2.093302e-09	1.766199e-10	1.495697e-10	1.463814e-10	1.421897e-10	1.409176e-10	1.386994e-10	1.340231e-10	1.308396e-10	2.320627e-11	2.268583e-11	2.981136e-12	2.797851e-12
135	0.7389246	0.4704423	0.3438163	0.2765976	0.2441538	0.09843568	0.08788183	0.07549104	0.003298381	0.0008770034	8.530891e-06	4.287741e-06	3.464873e-06	2.351141e-06	1.200092e-06	2.489876e-07	2.69306e-09	2.158849e-09	2.104176e-09	1.657558e-10	1.386814e-10	1.354534e-10	1.313841e-10	1.301822e-10	1.279147e-10	1.235915e-10	1.206174e-10	2.033238e-11	1.982716e-11	2.641238e-12
136	0.3526162	0.3298457	0.2993375	0.1717379	0.1046445	0.07339787	0.06922776	0.06509657	0.05667706	0.002614888	0.0006975322	5.862904e-06	2.437148e-06	1.912906e-06	1.173438e-06	1.128512e-06	1.760614e-07	2.101542e-09	1.726489e-09	1.68573e-09	1.358919e-10	1.142095e-10	1.116175e-10	1.100975e-10	1.090971e-10	1.090906e-10	1.050643e-10	1.030347e-10	1.625634e-11	1.58803e-11
137	0.2963459	0.2833714	0.2712177	0.2485695	0.1206825	0.05389992	0.04182702	0.04155788	0.04117054	0.03650518	0.001952905	0.0005452935	3.368286e-06	6.659837e-07	6.300336e-07	2.381946e-07	2.205228e-07	1.004638e-07	1.554258e-09	1.340622e-09	1.31585e-09	1.071003e-10	9.020937e-11	8.893974e-11	8.802281e-11	8.755958e-11	8.755654e-11	8.583697e-11	8.471303e-11	1.20001e-11
138	0.4801202	0.197655	0.1859805	0.1745901	0.163333	0.03558834	0.0314873	0.02249556	0.02234312	0.02225332	0.02140665	0.0007342818	6.190851e-05	5.2543e-07	2.071838e-07	1.906702e-07	1.523198e-07	1.40037e-07	2.81253e-08	2.659129e-10	1.799308e-10	1.708021e-10	7.577477e-11	7.395553e-11	7.380794e-11	7.328496e-11	7.301115e-11	7.301091e-11	7.185501e-11	7.109485e-11
139	0.3332156	0.3237345	0.1760756	0.1645537	0.1590672	0.1484381	0.01790306	0.01553742	0.01111606	0.01104991	0.01104246	0.01092172	0.0003887351	3.518266e-05	2.341212e-07	5.110988e-08	4.179754e-08	2.461053e-08	1.853588e-08	3.54445e-09	5.732638e-11	4.978047e-11	4.576191e-11	7.296051e-12	6.672145e-12	6.622858e-12	6.53123e-12	6.49326e-12	6.49313e-12	6.004143e-12
140	0.4821395	0.3219376	0.3123831	0.1643347	0.1525606	0.1518433	0.1412436	0.007595682	0.006249289	0.004221249	0.004191798	0.004186656	0.004138537	0.0001604018	2.237047e-05	1.369239e-07	1.867311e-08	1.606131e-08	6.893475e-09	4.120046e-09	1.256694e-09	2.153367e-11	1.88951e-11	1.7384e-11	2.36584e-12	2.138136e-12	2.120181e-12	2.089239e-12	2.076252e-12	2.076224e-12
141	0.2376861	0.0582466	0.03765455	0.02895459	0.01968364	0.007647111	0.007085013	0.006805972	0.005481618	0.004355066	0.002814163	0.002791796	0.00278693	0.002753068	9.920353e-05	5.661998e-06	1.175201e-07	1.130242e-08	9.278771e-09	4.500939e-09	2.394767e-09	8.361642e-10	1.428153e-11	1.254548e-11	1.148311e-11	1.472668e-12	1.325936e-12	1.314346e-12	1.294063e-12	1.285343e-12
142	0.1073668	0.07429832	0.03352258	0.01584097	0.006952381	0.005857186	0.004226647	0.003655725	0.003594644	0.003213753	0.002355336	0.001366789	0.001353083	0.001348535	0.001329859	5.007931e-05	2.816831e-06	3.060109e-08	6.031014e-09	4.712932e-09	1.986118e-09	6.370455e-10	3.718821e-10	7.10121e-12	6.286668e-12	5.68739e-12	5.873351e-13	5.232697e-13	5.181008e-13	5.087049e-13
143	0.3608037	0.02875795	0.02266277	0.0165334	0.003227189	0.003171694	0.002669594	0.0009998787	0.0009231178	0.0009132267	0.000551066	9.994831e-05	7.643251e-05	7.542357e-05	7.151634e-05	6.870745e-05	2.604071e-06	1.147436e-07	1.068709e-09	1.692362e-10	1.441072e-10	6.048769e-11	2.999847e-11	2.392717e-11	4.415578e-13	3.9029e-13	1.961209e-13	2.738142e-14	2.515987e-14	2.489661e-14
144	0.4583165	0.2054072	0.00906402	0.005850593	0.0007434726	0.0005782131	0.0005273488	0.0005052913	0.0005051143	0.0004263525	0.0004244149	7.281863e-05	5.702666e-05	5.04119e-05	4.961182e-05	4.561132e-05	4.310087e-05	1.296468e-06	5.171608e-08	3.010387e-10	5.686894e-11	4.997381e-11	2.743475e-11	2.010624e-11	1.627754e-11	3.16232e-13	2.796071e-13	8.880385e-14	1.693645e-14	1.589916e-14
145	0.5357861	0.3310711	0.2094275	0.008237485	0.005039203	0.0005302826	0.0004168195	0.0004121821	0.0004022359	0.0004021529	0.0004020554	0.0004009443	3.987466e-05	2.539702e-05	2.377146e-05	2.300002e-05	1.892718e-05	1.667204e-05	3.884145e-07	9.362054e-09	6.756007e-11	2.401372e-11	2.213387e-11	1.366032e-11	1.14299e-11	9.25346e-12	4.418059e-14	2.391309e-14	1.818888e-14	8.312418e-15
146	0.7633383	0.3718018	0.3273501	0.2145452	0.007949097	0.004694977	0.0001408049	3.202857e-05	2.744259e-05	2.122728e-05	2.116316e-05	2.107188e-05	2.09082e-05	2.065491e-05	1.957989e-05	1.867922e-05	1.789528e-05	1.370317e-05	1.143001e-05	2.129492e-07	5.025389e-09	4.230962e-11	1.86123e-11	1.7534e-11	1.115125e-11	9.912434e-12	8.024886e-12	3.479349e-14	1.720307e-14	1.308619e-14
147	0.5892004	0.5268916	0.3184352	0.2729009	0.2209041	0.008084895	0.004733714	0.0001272034	2.199898e-05	1.733751e-05	1.406327e-05	1.401795e-05	1.392921e-05	1.384831e-05	1.374495e-05	1.355175e-05	1.313105e-05	1.233013e-05	8.011356e-06	5.719259e-06	1.079889e-07	2.536215e-09	2.364599e-11	1.207873e-11	1.156552e-11	8.932123e-12	8.350437e-12	6.68128e-12	2.640003e-14	1.171983e-14
148	0.5930421	0.3960799	0.3602046	0.2938802	0.2531478	0.2267594	0.008056066	0.004684623	0.0001142101	1.213833e-05	7.430827e-06	5.528074e-06	5.506075e-06	5.417681e-06	5.375368e-06	5.322143e-06	5.230161e-06	5.030432e-06	5.027745e-06	5.005236e-06	2.668199e-06	5.063172e-08	1.195169e-09	1.320307e-11	7.487119e-12	7.240529e-12	5.749544e-12	5.470183e-12	4.183547e-12	1.572046e-14
149	0.1055184	0.09654804	0.0947222	0.0932019	0.07459695	0.07163856	0.07106757	0.008081967	0.004777939	0.0001028472	1.141629e-06	7.25526e-07	2.186209e-07	2.103574e-07	1.237089e-07	1.14221e-07	1.059944e-07	1.000609e-07	8.672835e-08	8.654008e-08	8.646276e-08	8.572501e-08	2.385383e-09	6.417299e-11	4.116057e-12	3.389351e-12	3.369239e-12	2.883843e-12	2.863284e-12	1.908935e-12
150	0.04624942	0.01228676	0.0108592	0.01069356	0.01060522	0.005264272	0.005257331	0.004933122	0.004932251	0.004930571	0.0001002544	9.754092e-07	5.75156e-07	6.802951e-08	6.48899e-08	6.473997e-08	5.961594e-08	5.816121e-08	5.532116e-08	4.937219e-08	4.929477e-08	4.928899e-08	4.887863e-08	1.135151e-09	3.174236e-11	1.295483e-12	8.284646e-13	8.200534e-13	7.794423e-13	7.703395e-13
151	0.3489537	0.03499856	0.008346209	0.007142444	0.007060792	0.007020397	0.005198673	0.005196283	0.005093128	0.005092424	0.005091031	0.0001030284	9.282876e-07	5.17851e-07	1.421347e-08	1.218897e-08	1.209571e-08	1.1051e-08	1.058428e-08	9.687386e-09	7.824017e-09	7.80008e-09	7.79815e-09	7.727161e-09	1.808727e-10	9.334596e-12	4.361592e-13	2.537226e-13	2.50977e-13	2.360806e-13
152	0.2396156	0.1358635	0.006581579	0.001227404	0.001043899	0.001026678	0.0009952616	0.0001411957	0.000140355	0.000106462	0.0001058866	0.0001058071	0.0001057254	4.40475e-07	1.676435e-08	3.720049e-09	2.124714e-09	2.046412e-09	1.439619e-09	1.390163e-09	9.992039e-10	1.718164e-10	1.613613e-10	1.605773e-10	1.541324e-10	2.711046e-11	3.741424e-12	1.806449e-13	9.910151e-14	9.78985e-14
153	0.2505277	0.1471801	0.1314496	0.001652861	0.0004143521	0.0003793987	0.000366268	0.0003389744	2.676309e-05	2.652699e-05	5.664547e-07	5.054458e-07	4.635607e-07	4.577385e-07	4.53463e-07	1.463166e-08	1.772944e-09	1.452759e-09	1.377415e-09	9.394483e-10	9.146557e-10	6.652897e-10	1.100085e-10	1.029947e-10	1.026255e-10	9.835321e-11	1.76744e-11	2.622387e-12	5.983096e-14	2.46293e-14
154	0.1424793	0.1423034	0.1374361	0.1347665	0.0004722985	0.0001340079	0.000124282	0.0001239336	0.0001237204	1.856673e-05	1.852794e-05	8.848577e-08	4.247596e-08	1.591893e-08	1.449458e-08	1.376953e-08	1.370386e-08	4.682608e-10	3.011443e-10	2.999488e-10	2.377531e-11	1.604084e-11	1.377969e-11	7.500705e-12	7.343358e-12	7.320629e-12	7.052808e-12	2.922588e-12	5.704605e-13	5.627537e-15
155	0.2584057	0.1221704	0.1221057	0.1215688	0.1212449	0.0002009132	8.139063e-05	7.890816e-05	7.884907e-05	7.876081e-05	1.774668e-05	1.772725e-05	6.804584e-08	2.371712e-08	1.304266e-09	8.736733e-10	7.868227e-10	7.780318e-10	3.655112e-10	2.399705e-10	2.398386e-10	6.443366e-12	2.95184e-12	2.850358e-12	7.939597e-13	6.912498e-13	6.810739e-13	5.620146e-13	2.150986e-13	6.043945e-14
156	0.4192766	0.1409223	0.001096298	0.00103717	0.0006163387	0.0003612429	0.0001438477	8.123827e-05	7.946397e-05	7.941263e-05	7.935132e-05	1.842981e-05	1.841033e-05	6.869913e-08	2.383766e-08	7.493794e-10	3.58871e-10	2.81786e-10	2.746391e-10	2.532627e-10	2.475991e-10	2.474981e-10	6.212491e-12	2.865958e-12	2.774541e-12	6.45732e-13	5.389838e-13	5.289512e-13	4.118141e-13	1.646758e-13
157	0.8508531	0.3934252	0.1453199	0.000688524	0.0006306576	0.00033091	0.0001506112	9.135999e-05	7.180388e-05	7.112776e-05	7.108487e-05	7.102553e-05	1.917286e-05	1.915321e-05	7.140313e-08	2.471498e-08	7.012853e-10	3.340802e-10	2.665676e-10	2.611832e-10	2.592089e-10	2.556852e-10	2.55625e-10	6.078776e-12	2.728362e-12	2.650467e-12	4.414187e-13	3.302596e-13	3.225002e-13	2.346378e-13
158	0.3867139	0.3649941	0.3578732	0.1505089	0.0004628692	0.0004059717	0.0002443361	0.0001453393	8.676367e-05	7.29064e-05	7.252963e-05	7.250232e-05	7.245152e-05	1.998778e-05	1.996795e-05	7.417878e-08	2.54547e-08	4.241803e-10	7.298171e-11	1.465514e-11	1.117287e-11	9.75062e-12	7.803811e-12	7.779302e-12	6.000915e-12	2.63562e-12	2.567474e-12	2.70324e-13	1.543341e-13	1.466157e-13
159	0.4885339	0.3522481	0.3328043	0.3271079	0.155772	0.0001480641	9.161819e-05	7.413392e-05	6.381448e-05	6.335492e-05	6.253697e-05	6.238413e-05	6.23664e-05	6.231799e-05	2.081904e-05	2.079901e-05	7.749004e-08	2.65335e-08	3.864893e-10	5.563434e-11	5.029378e-12	3.601863e-12	3.250633e-12	3.017339e-12	3.002354e-12	2.74129e-12	2.698291e-12	2.636695e-12	2.385417e-13	1.173544e-13
160	0.1368478	0.1358609	0.1349247	0.1342829	0.1321383	0.003196446	7.44553e-05	1.992042e-05	8.368236e-06	1.846474e-06	1.623089e-06	1.190861e-06	1.175981e-06	1.159795e-06	1.113654e-06	1.05653e-07	8.527766e-08	8.1334e-08	2.784053e-08	3.906258e-10	4.645392e-11	1.899129e-12	5.526794e-13	3.248017e-13	1.744332e-13	1.702679e-13	7.145164e-14	4.688008e-14	2.824501e-14	7.934425e-15
161	0.08837679	0.08801264	0.08749911	0.08695085	0.08677093	0.08653733	0.00206449	1.310816e-05	8.476249e-06	3.901458e-06	1.026672e-06	9.2885e-07	7.416977e-07	7.348713e-07	7.265443e-07	7.191188e-07	8.034301e-08	7.793697e-08	7.616042e-08	2.92304e-08	4.0172e-10	4.067337e-11	1.615285e-12	3.140806e-13	1.495388e-13	8.241367e-14	8.003983e-14	3.816091e-14	2.302225e-14	1.346713e-14
162	0.06488711	0.0405384	0.04047505	0.04043624	0.04027176	0.04024166	0.04012305	0.0009631152	2.51662e-06	4.989579e-07	4.686036e-07	3.305732e-07	3.265156e-07	3.226092e-07	3.218421e-07	3.146741e-07	3.110244e-07	3.291297e-08	3.103606e-08	3.086071e-08	3.084148e-08	4.152421e-10	3.502911e-11	1.406928e-12	1.226074e-13	1.740772e-14	1.63116e-14	1.566602e-14	1.536984e-14	8.773248e-15
163	0.002109933	0.0004459278	2.605591e-05	2.026949e-05	1.930683e-05	1.554506e-05	1.50053e-05	1.467519e-05	3.277504e-06	3.325391e-08	3.064963e-08	3.003392e-08	8.929025e-09	6.518102e-09	3.118978e-09	2.84295e-09	2.837713e-09	2.420442e-09	6.064901e-10	6.056292e-10	4.451581e-10	4.451447e-10	4.382881e-10	3.575159e-11	2.815299e-13	1.146334e-13	4.182708e-15	3.175053e-15	3.102159e-15	2.974863e-15
164	0.4953775	0.001322733	0.0001805574	1.096466e-05	6.142629e-06	5.924007e-06	4.789501e-06	4.628641e-06	4.325239e-06	2.975309e-06	2.727348e-08	2.568689e-08	2.516692e-08	2.877291e-09	2.557792e-09	2.432881e-09	2.377045e-09	2.372509e-09	1.930048e-09	8.022924e-11	7.944893e-11	4.505009e-11	4.503617e-11	3.775124e-11	3.769427e-11	1.8656e-13	9.239145e-15	2.782889e-15	1.72934e-15	1.655579e-15
165	0.47341	0.3784501	0.0009726803	0.000117948	4.85178e-06	1.611567e-06	1.465068e-06	1.395919e-06	1.293975e-06	1.22653e-06	8.568564e-08	2.627341e-08	2.484469e-08	2.433913e-08	7.376743e-10	5.561987e-10	5.127475e-10	5.112829e-10	5.074898e-10	3.593862e-11	3.032208e-11	2.949878e-11	8.01755e-12	8.00353e-12	2.331555e-13	2.000682e-13	1.969702e-13	7.835644e-15	1.489339e-15	1.435281e-15
166	0.3359514	0.3232551	0.3143939	0.0007668979	9.469703e-05	3.913193e-06	6.491322e-07	6.006846e-07	5.960927e-07	5.77437e-07	5.711478e-07	7.860095e-08	2.153281e-08	2.115013e-08	2.104406e-08	2.589243e-10	7.466743e-11	3.178466e-11	3.043293e-11	3.006558e-11	2.902522e-11	2.306445e-11	2.305478e-11	5.854935e-14	4.739372e-14	4.677346e-14	1.158105e-14	8.298001e-15	8.278742e-15	1.488048e-15
167	0.5366601	0.2775812	0.2711695	0.261777	0.0006359287	8.178939e-05	4.098099e-06	6.858652e-07	6.348841e-07	6.313581e-07	6.12563e-07	6.059291e-07	7.734974e-08	2.311395e-08	2.271156e-08	2.259852e-08	2.147976e-10	5.277793e-11	3.058461e-11	2.96066e-11	2.925067e-11	2.814147e-11	2.475664e-11	2.474701e-11	1.893145e-14	6.970572e-15	6.305297e-15	4.638702e-15	1.145869e-15	1.125365e-15
168	0.3989029	0.2897673	0.1986699	0.1973649	0.1872641	0.0004587331	6.187765e-05	4.293167e-06	7.216585e-07	6.679388e-07	6.674342e-07	6.4799e-07	6.408551e-07	7.235831e-08	2.496093e-08	2.454349e-08	2.442453e-08	1.786425e-10	1.730863e-11	3.290898e-12	2.904714e-12	2.545836e-12	1.359354e-12	1.039497e-13	9.366337e-14	1.644536e-14	3.5577e-15	2.861648e-15	1.395383e-15	1.099721e-15
169	0.3469241	0.3254133	0.2124577	0.1150321	0.1147395	0.1144698	0.0002883155	4.447199e-05	4.509356e-06	7.370289e-07	6.880324e-07	6.87512e-07	6.685339e-07	6.668181e-07	4.84678e-08	7.035673e-10	2.601706e-10	2.025779e-10	1.824776e-10	1.752243e-11	2.368834e-12	1.980915e-12	1.628918e-12	1.407894e-12	7.827969e-14	6.817814e-14	4.927439e-15	2.994268e-15	2.750275e-15	1.445951e-15
170	0.5178852	0.2884884	0.2648918	0.1406535	0.0456664	0.04543238	0.04516471	0.0001256561	2.681831e-05	4.426617e-06	7.334269e-07	6.852431e-07	6.847276e-07	6.66149e-07	6.644247e-07	4.54006e-08	5.385567e-10	1.019748e-10	4.628476e-11	2.659658e-11	1.752943e-11	2.372238e-12	2.007893e-12	1.663157e-12	1.446654e-12	6.303176e-14	5.294923e-14	4.519551e-15	2.62574e-15	2.383112e-15
171	0.3944426	0.3057327	0.2580298	0.2321262	0.09413012	0.005320864	0.005183425	0.004920103	1.454534e-05	3.466274e-06	3.673494e-07	6.193587e-08	5.827238e-08	5.811951e-08	5.653111e-08	5.624041e-08	4.533662e-09	5.070562e-11	1.175305e-11	7.20637e-12	4.6607e-12	3.727999e-12	1.256472e-12	1.193324e-12	1.164765e-12	1.147623e-12	6.128434e-15	4.880275e-15	4.972512e-16	3.43382e-16
172	0.6626729	0.3516077	0.2698829	0.2192439	0.1901162	0.03489427	0.005189741	0.005155882	0.004862027	1.42918e-05	3.32721e-06	2.946745e-07	4.973627e-08	4.691488e-08	4.689075e-08	4.561148e-08	4.532801e-08	3.861109e-09	4.040419e-11	8.237725e-12	4.634431e-12	2.470876e-12	1.818616e-12	1.186079e-13	7.829871e-14	5.654328e-14	4.32538e-14	5.247718e-15	4.106237e-15	4.378327e-16
173	0.248843	0.2483882	0.09849472	0.09598815	0.03916351	0.0391457	0.03899931	0.005055581	0.005042081	0.005019379	1.452802e-05	3.224197e-06	2.015874e-07	3.398032e-08	3.242357e-08	3.240849e-08	3.155766e-08	3.148494e-08	3.093148e-09	2.974041e-11	6.039753e-12	3.45249e-12	2.197305e-12	1.603805e-12	9.389175e-14	5.801651e-14	4.407884e-14	3.612898e-14	3.981124e-15	3.557575e-15
174	0.2997543	0.1513989	0.1511523	0.1085835	0.1077847	0.04417067	0.04415106	0.04398097	0.005204049	0.005188881	0.005162487	1.45998e-05	3.002174e-06	5.769397e-08	1.125048e-08	1.080125e-08	1.079547e-08	1.054255e-08	1.051842e-08	2.558354e-09	1.605297e-11	4.260542e-12	3.154433e-12	2.416719e-12	1.762585e-12	7.375228e-14	3.481622e-14	2.857149e-14	2.597239e-14	3.126344e-15
175	0.500765	0.1422539	0.02409267	0.02387008	0.008007013	0.007523224	0.006453679	0.00643046	0.006226538	0.006060332	0.006042285	0.006010634	1.68952e-05	3.400198e-06	2.195963e-08	5.935108e-09	5.760066e-09	5.756335e-09	5.649812e-09	5.637028e-09	2.786439e-09	1.430454e-11	4.376742e-12	3.55838e-12	2.862103e-12	2.087629e-12	7.844688e-14	3.250433e-14	2.76755e-14	2.633409e-14
176	0.2300446	0.1528153	0.08102369	0.009707861	0.009591462	0.004943368	0.00476523	0.003862105	0.003861689	0.003861045	0.003662163	0.003646214	0.003639886	9.047461e-06	9.835328e-07	6.445171e-09	1.811351e-09	1.753436e-09	1.751988e-09	1.70594e-09	1.702111e-09	9.859447e-10	7.075613e-12	4.787316e-12	4.111e-12	3.379031e-12	2.459837e-12	6.393225e-14	1.323236e-14	8.60109e-15
177	0.9957642	0.2399358	0.1512461	0.07076804	0.008483498	0.008382086	0.004686877	0.004503249	0.003420429	0.003420011	0.003419186	0.003156919	0.003136032	0.003127722	7.687193e-06	8.352621e-07	4.898627e-09	9.570244e-10	9.05291e-10	9.039172e-10	8.558768e-10	8.520212e-10	3.853755e-10	7.271497e-12	6.214485e-12	5.375146e-12	4.428779e-12	3.223904e-12	7.875223e-14	1.284083e-14
178	0.8881063	0.8877707	0.25961	0.1457729	0.04552841	0.005032216	0.004962194	0.002657315	0.002458124	0.002257135	0.00225671	0.00225552	0.002044053	0.002013249	0.002000974	4.709299e-06	5.126025e-07	3.551234e-09	1.125791e-09	1.080427e-09	1.078785e-09	1.024822e-09	1.019565e-09	4.457731e-10	1.038521e-11	9.126943e-12	7.917048e-12	6.52756e-12	4.754994e-12	1.130971e-13
179	0.799413	0.7889006	0.7885613	0.2440888	0.1309471	0.03246677	0.003625191	0.003575739	0.00197366	0.001793462	0.001632094	0.00163184	0.001631709	0.001420427	0.001388714	0.001376607	3.235834e-06	3.524243e-07	2.744564e-09	1.072304e-09	1.033312e-09	1.031745e-09	9.804096e-10	9.752745e-10	4.29512e-10	1.054995e-11	9.328286e-12	8.088748e-12	6.658177e-12	4.906662e-12
