#unpaired probabilities
 #i$	l=1	2	3	4	5	6	7	8	9	10	11	12	13	14	15	16	17	18	19	
1	0.9873401	NA	NA	NA	NA	NA	NA	NA	NA	NA	NA	NA	NA	NA	NA	NA	NA	NA	NA
2	0.9496414	0.9493417	NA	NA	NA	NA	NA	NA	NA	NA	NA	NA	NA	NA	NA	NA	NA	NA	NA
3	0.9864529	0.9494453	0.9491457	NA	NA	NA	NA	NA	NA	NA	NA	NA	NA	NA	NA	NA	NA	NA	NA
4	0.9803304	0.9667833	0.9395382	0.9392386	NA	NA	NA	NA	NA	NA	NA	NA	NA	NA	NA	NA	NA	NA	NA
5	0.9902971	0.9775745	0.9640274	0.9368577	0.9365921	NA	NA	NA	NA	NA	NA	NA	NA	NA	NA	NA	NA	NA	NA
6	0.9870615	0.9777211	0.9650915	0.9515444	0.924634	0.9244915	NA	NA	NA	NA	NA	NA	NA	NA	NA	NA	NA	NA	NA
7	0.9515332	0.9388986	0.9298998	0.9172929	0.9171624	0.890698	0.8906564	NA	NA	NA	NA	NA	NA	NA	NA	NA	NA	NA	NA
8	0.8322053	0.8114081	0.809187	0.8019033	0.7893726	0.7892421	0.7681162	0.7680745	NA	NA	NA	NA	NA	NA	NA	NA	NA	NA	NA
9	0.5150213	0.4909393	0.4901296	0.4890664	0.4828647	0.4703426	0.4702121	0.4542352	0.4541936	NA	NA	NA	NA	NA	NA	NA	NA	NA	NA
10	0.6363669	0.4916363	0.4683049	0.467558	0.4665134	0.4603151	0.4478015	0.447671	0.4454124	0.4453708	NA	NA	NA	NA	NA	NA	NA	NA	NA
11	0.9713296	0.6228563	0.4783155	0.4552877	0.4545506	0.453509	0.4473113	0.4347978	0.4347978	0.4326723	0.4326723	NA	NA	NA	NA	NA	NA	NA	NA
12	0.9711645	0.9551228	0.6066622	0.4621551	0.4405604	0.4399753	0.4394039	0.4336907	0.4310877	0.4310877	0.4289622	0.4289622	NA	NA	NA	NA	NA	NA	NA
13	0.9974728	0.9706752	0.9546518	0.6061913	0.4616842	0.4400895	0.4395044	0.4389331	0.4332199	0.4306169	0.4306169	0.4289622	0.4289622	NA	NA	NA	NA	NA	NA
14	0.9956034	0.9930762	0.9696138	0.953592	0.6051315	0.4606243	0.4390297	0.4384447	0.4378734	0.4321602	0.4295571	0.4295571	0.4289622	0.4289622	NA	NA	NA	NA	NA
15	0.4900001	0.4856046	0.483078	0.4610067	0.4479878	0.4458429	0.440785	0.4306387	0.4302203	0.4300798	0.4300281	0.4294479	0.4294479	0.428853	0.428853	NA	NA	NA	NA
16	0.5022588	0.4865971	0.4822016	0.479675	0.4576646	0.4450622	0.4435959	0.4397006	0.4298915	0.4295908	0.4294768	0.4294479	0.4294479	0.4294479	0.428853	0.428853	NA	NA	NA
17	0.9769993	0.484971	0.4699	0.4655045	0.462978	0.4571106	0.4445085	0.4430423	0.4391469	0.4293378	0.4290372	0.4289232	0.4288942	0.4288942	0.4288942	0.428853	0.428853	NA	NA
18	0.9464443	0.9359655	0.4846674	0.4696958	0.4653003	0.4627737	0.4569066	0.4444612	0.4429949	0.4390996	0.4292905	0.4290082	0.4289098	0.4288942	0.4288942	0.4288942	0.428853	0.428853	NA
19	0.9990812	0.9456012	0.9351224	0.4840595	0.4692152	0.4648197	0.4622932	0.4568653	0.4444199	0.4429536	0.4390583	0.4292492	0.4289669	0.4288685	0.428853	0.428853	0.428853	0.428853	0.428853
