#unpaired probabilities
 #i$	l=1	2	3	4	5	6	7	8	9	10	11	12	13	14	15	16	17	18	19	20	21	22	23	24	25	26	27	28	29	30	
1	0.9999999	NA	NA	NA	NA	NA	NA	NA	NA	NA	NA	NA	NA	NA	NA	NA	NA	NA	NA	NA	NA	NA	NA	NA	NA	NA	NA	NA	NA	NA
2	0.9999992	0.9999993	NA	NA	NA	NA	NA	NA	NA	NA	NA	NA	NA	NA	NA	NA	NA	NA	NA	NA	NA	NA	NA	NA	NA	NA	NA	NA	NA	NA
3	0.00598462	0.006070734	0.006064722	NA	NA	NA	NA	NA	NA	NA	NA	NA	NA	NA	NA	NA	NA	NA	NA	NA	NA	NA	NA	NA	NA	NA	NA	NA	NA	NA
4	0.2138422	0.003514386	0.003592855	0.00358643	NA	NA	NA	NA	NA	NA	NA	NA	NA	NA	NA	NA	NA	NA	NA	NA	NA	NA	NA	NA	NA	NA	NA	NA	NA	NA
5	0.02609321	0.009320587	0.0002148892	0.0002198655	0.0002193979	NA	NA	NA	NA	NA	NA	NA	NA	NA	NA	NA	NA	NA	NA	NA	NA	NA	NA	NA	NA	NA	NA	NA	NA	NA
6	0.01527273	0.001139017	0.0002073196	4.623667e-06	4.957758e-06	4.914824e-06	NA	NA	NA	NA	NA	NA	NA	NA	NA	NA	NA	NA	NA	NA	NA	NA	NA	NA	NA	NA	NA	NA	NA	NA
7	0.06919995	0.001945241	0.0001651645	3.127958e-05	6.865392e-07	7.277468e-07	7.206288e-07	NA	NA	NA	NA	NA	NA	NA	NA	NA	NA	NA	NA	NA	NA	NA	NA	NA	NA	NA	NA	NA	NA	NA
8	0.000476832	0.0001693534	4.359192e-06	3.694995e-07	7.167119e-08	1.57944e-09	1.671854e-09	1.656187e-09	NA	NA	NA	NA	NA	NA	NA	NA	NA	NA	NA	NA	NA	NA	NA	NA	NA	NA	NA	NA	NA	NA
9	0.007108522	2.463448e-05	6.475441e-06	2.06947e-07	1.811982e-08	4.165354e-09	9.537438e-11	1.00868e-10	1.002155e-10	NA	NA	NA	NA	NA	NA	NA	NA	NA	NA	NA	NA	NA	NA	NA	NA	NA	NA	NA	NA	NA
10	0.01683512	0.001129699	3.158293e-06	1.960412e-07	1.342701e-08	1.315166e-09	4.789429e-10	1.099605e-11	1.122223e-11	1.118938e-11	NA	NA	NA	NA	NA	NA	NA	NA	NA	NA	NA	NA	NA	NA	NA	NA	NA	NA	NA	NA
11	0.1037681	0.01638695	0.00110254	3.070268e-06	1.780149e-07	1.287212e-08	1.253917e-09	4.634333e-10	1.06263e-11	1.082755e-11	1.079558e-11	NA	NA	NA	NA	NA	NA	NA	NA	NA	NA	NA	NA	NA	NA	NA	NA	NA	NA	NA
12	0.2611072	0.1022418	0.01614585	0.001086788	3.027715e-06	1.767733e-07	1.277951e-08	1.243766e-09	4.57371e-10	1.048058e-11	1.068e-11	1.064813e-11	NA	NA	NA	NA	NA	NA	NA	NA	NA	NA	NA	NA	NA	NA	NA	NA	NA	NA
13	0.9846931	0.2544087	0.1018653	0.01609058	0.001083211	3.014425e-06	1.724013e-07	1.191669e-08	1.22564e-09	4.557142e-10	1.044261e-11	1.064086e-11	1.060914e-11	NA	NA	NA	NA	NA	NA	NA	NA	NA	NA	NA	NA	NA	NA	NA	NA	NA
14	0.9917435	0.9803518	0.2528526	0.1011823	0.01598525	0.001076398	2.995229e-06	1.709551e-07	1.171411e-08	1.207329e-09	4.52896e-10	1.037709e-11	1.05741e-11	1.05425e-11	NA	NA	NA	NA	NA	NA	NA	NA	NA	NA	NA	NA	NA	NA	NA	NA
15	0.9451054	0.945717	0.9434994	0.2261034	0.08616731	0.01358674	0.0009139464	2.558476e-06	1.605893e-07	1.101394e-08	1.110754e-09	3.93697e-10	9.004056e-12	9.199388e-12	9.167836e-12	NA	NA	NA	NA	NA	NA	NA	NA	NA	NA	NA	NA	NA	NA	NA
16	0.8766336	0.8772498	0.8886179	0.8972171	0.1923844	0.06669215	0.01045888	0.0007019985	1.98993e-06	1.48557e-07	1.01946e-08	9.929047e-10	3.176131e-10	7.23987e-12	7.437416e-12	7.405657e-12	NA	NA	NA	NA	NA	NA	NA	NA	NA	NA	NA	NA	NA	NA
17	0.9154362	0.8673398	0.8692522	0.8818398	0.8918266	0.1884659	0.06446256	0.01010836	0.0006783468	1.926234e-06	1.46893e-07	1.007652e-08	9.771569e-10	3.08853e-10	7.037344e-12	7.234379e-12	7.202723e-12	NA	NA	NA	NA	NA	NA	NA	NA	NA	NA	NA	NA	NA
18	0.998711	0.9148347	0.8667038	0.868576	0.8811236	0.8910581	0.188461	0.06445986	0.01010795	0.000678319	1.926142e-06	1.468889e-07	1.007629e-08	9.771303e-10	3.088399e-10	7.037056e-12	7.234095e-12	7.20244e-12	NA	NA	NA	NA	NA	NA	NA	NA	NA	NA	NA	NA
19	0.5421113	0.5154307	0.4032102	0.3232032	0.288897	0.2602326	0.2225337	0.1883786	0.06441286	0.01010071	0.0006778247	1.912183e-06	1.468084e-07	1.007039e-08	9.762149e-10	3.082025e-10	7.028688e-12	7.229034e-12	7.197533e-12	NA	NA	NA	NA	NA	NA	NA	NA	NA	NA	NA
20	0.1514572	0.1410458	0.1291665	0.1088653	0.09316514	0.08139861	0.06976837	0.05599148	0.04231438	0.02295531	0.003539012	0.0002354001	7.203897e-07	1.158062e-07	7.864481e-09	6.893995e-10	1.433466e-10	3.180468e-12	3.354943e-12	3.326103e-12	NA	NA	NA	NA	NA	NA	NA	NA	NA	NA
21	0.2454446	0.14815	0.1379607	0.1263193	0.1065532	0.09128337	0.07975939	0.06843698	0.05489862	0.04144567	0.02237771	0.003460444	0.0002312234	7.091155e-07	1.154221e-07	7.834444e-09	6.8474e-10	1.408086e-10	3.110497e-12	3.279198e-12	3.25025e-12	NA	NA	NA	NA	NA	NA	NA	NA	NA
22	0.3810487	0.1478029	0.1138284	0.1051326	0.09514335	0.08312882	0.07065859	0.06170368	0.05353955	0.04402022	0.03291067	0.01839566	0.002829464	0.0001891082	5.9473e-07	1.113876e-07	7.54201e-09	6.508184e-10	1.244398e-10	2.73164e-12	2.896439e-12	2.86814e-12	NA	NA	NA	NA	NA	NA	NA	NA
23	0.5541341	0.3780157	0.1455746	0.1123075	0.1037326	0.09387764	0.08202276	0.06971448	0.06088497	0.05284593	0.04345602	0.03249643	0.01815606	0.002791678	0.0001865605	5.87896e-07	1.112321e-07	7.530721e-09	6.489695e-10	1.234824e-10	2.709415e-12	2.874124e-12	2.845824e-12	NA	NA	NA	NA	NA	NA	NA
24	0.7202482	0.5453425	0.3754823	0.1433474	0.1104129	0.1018399	0.09198692	0.08013783	0.06876126	0.05996403	0.05205986	0.04270117	0.03242222	0.01810852	0.002784116	0.0001860815	5.862664e-07	1.108348e-07	7.493986e-09	6.424142e-10	1.177933e-10	2.63788e-12	2.834576e-12	2.810672e-12	NA	NA	NA	NA	NA	NA
25	0.7966843	0.6994435	0.5344827	0.3684615	0.1405068	0.1079734	0.09944049	0.08963084	0.07817139	0.06689094	0.05819612	0.05038865	0.04146798	0.03122236	0.01710621	0.002619629	0.0001760662	4.994469e-07	4.131235e-08	1.450511e-09	1.623244e-10	7.452954e-11	1.761475e-12	1.801507e-12	1.798201e-12	NA	NA	NA	NA	NA
26	0.7816843	0.7002229	0.5993758	0.4305282	0.3666088	0.1388836	0.1064788	0.09829525	0.08921843	0.07780744	0.06657849	0.05792358	0.05015254	0.04127281	0.03107475	0.01701476	0.002605253	0.0001751852	4.967037e-07	4.081344e-08	1.408015e-09	1.587405e-10	7.39535e-11	1.748609e-12	1.787647e-12	1.784483e-12	NA	NA	NA	NA
27	0.5969042	0.4596245	0.3715771	0.338388	0.2636684	0.1924593	0.1378525	0.1054203	0.09718644	0.08805369	0.0766717	0.06538047	0.05678497	0.04894993	0.03998799	0.02968743	0.01699279	0.002601571	0.0001749626	4.753181e-07	1.697781e-08	1.292942e-09	1.487157e-10	7.195267e-11	1.680973e-12	1.70528e-12	1.701839e-12	NA	NA	NA
28	0.5154152	0.4902278	0.4180832	0.3627313	0.3321883	0.2584438	0.1892672	0.1352525	0.1034139	0.09523837	0.08617005	0.07485982	0.0636427	0.05508452	0.04726725	0.03832298	0.02804583	0.01628409	0.002571724	0.0001738328	4.683955e-07	1.232881e-08	8.865107e-10	1.144738e-10	6.492705e-11	1.516113e-12	1.527312e-12	1.526125e-12	NA	NA
29	0.7825373	0.4936681	0.4710672	0.406553	0.3592159	0.3295763	0.2561335	0.1879271	0.1340763	0.1029983	0.09482649	0.08576219	0.07445631	0.06324298	0.05468185	0.04685722	0.03789977	0.02760723	0.01593074	0.002558795	0.0001734588	4.655194e-07	1.009497e-08	6.917882e-10	9.870105e-11	6.311614e-11	1.475177e-12	1.480144e-12	1.480621e-12	NA
30	0.8145009	0.7618163	0.4897135	0.4670501	0.4030457	0.3583624	0.3287377	0.2554014	0.187739	0.1338957	0.1029521	0.09478224	0.0857201	0.07441662	0.0632057	0.05464592	0.0468222	0.03786568	0.02757423	0.01592596	0.002558519	0.0001734452	4.654223e-07	1.00234e-08	6.856032e-10	9.763338e-11	6.23416e-11	1.444317e-12	1.442818e-12	1.442915e-12
31	0.9762666	0.7917802	0.7397689	0.4884822	0.4660211	0.4028071	0.3581458	0.3285135	0.2551702	0.1875046	0.1336504	0.102695	0.0945117	0.08543457	0.07411434	0.06317319	0.05461127	0.04678513	0.03782579	0.02757416	0.0159259	0.002558512	0.0001734447	4.654172e-07	1.002063e-08	6.853609e-10	9.76071e-11	6.231912e-11	1.443666e-12	1.442106e-12
32	0.9223296	0.9196007	0.7368025	0.6978675	0.4818894	0.4594204	0.3972419	0.3529548	0.3232086	0.2529989	0.1852474	0.1325448	0.1015353	0.0932911	0.08414628	0.07392444	0.06297425	0.05443614	0.04662543	0.03781729	0.02756574	0.01592267	0.002557654	0.0001734162	4.651401e-07	9.788318e-09	6.651737e-10	9.600709e-11	6.217843e-11	1.441031e-12
33	0.9611231	0.9212091	0.9184443	0.7356141	0.696657	0.4807923	0.4582836	0.39724	0.3529529	0.3232067	0.2529969	0.1852453	0.1325426	0.101533	0.09328869	0.08414373	0.07392174	0.06297371	0.05443556	0.04662481	0.03781663	0.02756574	0.01592267	0.002557654	0.0001734162	4.65139e-07	9.788316e-09	6.651736e-10	9.600707e-11	6.217842e-11
34	0.9966241	0.957653	0.9178194	0.9149453	0.7320119	0.6929354	0.4769865	0.4543372	0.3972388	0.3529517	0.3232054	0.2529956	0.185244	0.1325412	0.1015316	0.09328717	0.08414213	0.07392005	0.06297342	0.05443525	0.04662448	0.03781628	0.02756574	0.01592267	0.002557654	0.0001734162	4.651383e-07	9.78831e-09	6.65173e-10	9.600701e-11
35	0.07462795	0.07602393	0.07632804	0.07670096	0.07821137	0.01915375	0.01595185	0.01072727	0.01070819	0.008286739	0.007284538	0.006444043	0.005283154	0.004122448	0.003144536	0.002315448	0.002081075	0.001820436	0.00152912	0.001216072	0.0009613789	0.0005987904	0.0003202955	0.0002385641	0.0001450278	2.331408e-05	1.529586e-06	4.336617e-09	3.566685e-10	3.248903e-11
36	0.06014132	0.04560661	0.04667863	0.04708599	0.04762504	0.04878292	0.009789351	0.007620017	0.005343449	0.005394811	0.003308064	0.002509368	0.002174099	0.001778107	0.001393923	0.001068901	0.0007973427	0.0007264575	0.0006477705	0.000559428	0.0004649736	0.0003886859	0.0001927254	0.0001053321	8.01856e-05	5.078189e-05	8.155994e-06	5.158982e-07	1.610681e-09	2.908049e-10
37	0.004738081	0.003052041	0.00276878	0.002818211	0.002346165	0.002130149	0.002185512	0.0007698455	0.0005836148	0.0002946448	0.0002984549	0.0002413616	0.0002168712	0.0002132942	0.0001893833	0.000163066	0.0001370928	0.0001153619	0.0001175281	0.0001199529	0.0001223263	0.0001255542	0.0001289283	7.325891e-06	5.20864e-06	4.848567e-06	4.083173e-06	6.480647e-07	1.673138e-08	5.165895e-11
38	0.01290087	0.000935813	0.0003282531	0.0002081788	0.0002111792	0.0002113848	0.0002046463	0.000207069	0.0001396273	0.0001304797	9.797644e-05	0.0001001511	9.29055e-05	9.170416e-05	9.300233e-05	7.489481e-05	5.422915e-05	3.117488e-05	1.089649e-05	9.79476e-06	8.586354e-06	6.930416e-06	5.513231e-06	4.366166e-06	3.352372e-06	2.967774e-06	3.106792e-06	2.961753e-06	4.676788e-07	4.849001e-09
39	0.02347956	0.007400971	0.0004831762	0.000207511	0.0001385574	0.0001408144	0.0001415426	0.0001359277	0.0001366089	9.718781e-05	9.134619e-05	6.544827e-05	6.693849e-05	6.210543e-05	6.13427e-05	6.224737e-05	5.065432e-05	3.781843e-05	2.218436e-05	9.664763e-06	8.616383e-06	7.45672e-06	6.182927e-06	4.817245e-06	3.704888e-06	2.694973e-06	2.781849e-06	2.919557e-06	2.788869e-06	4.395315e-07
40	0.9987993	0.02347017	0.007398225	0.0004826653	0.0002072668	0.0001383358	0.0001405871	0.0001413178	0.0001356994	0.0001363751	9.708863e-05	9.127046e-05	6.53953e-05	6.688387e-05	6.209087e-05	6.133557e-05	6.224126e-05	5.065086e-05	3.781555e-05	2.21816e-05	9.662091e-06	8.613624e-06	7.453862e-06	6.17996e-06	4.815033e-06	3.702541e-06	2.692468e-06	2.779157e-06	2.91947e-06	2.788826e-06
41	0.006973884	0.004848626	0.001908256	0.0005979245	3.422107e-05	1.349617e-05	8.037534e-06	8.128699e-06	8.093107e-06	7.889195e-06	7.961687e-06	5.068293e-06	4.161471e-06	2.748245e-06	2.698879e-06	2.055811e-06	1.686948e-06	1.556041e-06	1.225949e-06	9.113152e-07	6.118519e-07	4.216663e-07	3.89291e-07	3.534329e-07	3.134701e-07	2.707031e-07	2.376994e-07	2.085749e-07	1.820691e-07	1.509388e-07
42	0.02364608	0.005063153	0.003414686	0.001423704	0.0004451594	2.541529e-05	9.890227e-06	5.338619e-06	5.374029e-06	5.281145e-06	5.058373e-06	5.086955e-06	3.706638e-06	3.133723e-06	2.046248e-06	1.981777e-06	1.599706e-06	1.360869e-06	1.24618e-06	9.770016e-07	7.266538e-07	5.033693e-07	3.721424e-07	3.445836e-07	3.140508e-07	2.799346e-07	2.434178e-07	2.154252e-07	1.90785e-07	1.635489e-07
43	0.04736378	0.02288729	0.004901073	0.003300846	0.001368787	0.0004296341	2.438171e-05	9.363211e-06	4.866126e-06	4.889018e-06	4.783517e-06	4.585213e-06	4.604117e-06	3.517006e-06	3.003818e-06	1.960103e-06	1.899583e-06	1.565278e-06	1.349987e-06	1.238831e-06	9.71567e-07	7.229864e-07	5.009059e-07	3.705222e-07	3.430436e-07	3.12599e-07	2.785801e-07	2.421652e-07	2.142168e-07	1.896016e-07
44	0.9337217	0.04725516	0.0228192	0.004893413	0.003295511	0.001365967	0.0004287871	2.418609e-05	9.311898e-06	4.82183e-06	4.843579e-06	4.737002e-06	4.537619e-06	4.555425e-06	3.500196e-06	2.992624e-06	1.953282e-06	1.892562e-06	1.56297e-06	1.349341e-06	1.238436e-06	9.712372e-07	7.226867e-07	5.006175e-07	3.702324e-07	3.427413e-07	3.122828e-07	2.782483e-07	2.419382e-07	2.139753e-07
45	0.9327363	0.931248	0.04642956	0.02244307	0.004809585	0.003237782	0.001339846	0.0004202995	2.336779e-05	8.791107e-06	4.381907e-06	4.392656e-06	4.275211e-06	4.067033e-06	4.074105e-06	3.18535e-06	2.705757e-06	1.854981e-06	1.791435e-06	1.493661e-06	1.29016e-06	1.179581e-06	9.303947e-07	6.904541e-07	4.867842e-07	3.651109e-07	3.381191e-07	3.08209e-07	2.748162e-07	2.391454e-07
46	0.8288003	0.8452441	0.8637287	0.005434318	0.002226835	0.0007514357	0.0006270693	0.0001300087	4.059372e-05	2.476003e-06	1.056929e-06	6.154641e-07	6.228431e-07	6.309515e-07	5.941355e-07	6.078457e-07	4.560072e-07	2.019071e-07	1.483549e-07	1.496989e-07	1.275035e-07	1.185962e-07	1.168464e-07	9.392934e-08	7.118722e-08	3.625205e-08	1.551128e-08	1.471364e-08	1.385261e-08	1.292415e-08
47	0.876987	0.8217981	0.8395885	0.8584519	0.00245373	0.000564306	0.0001270704	8.853216e-05	3.866073e-05	1.182666e-05	1.026103e-06	5.859896e-07	4.262084e-07	4.35809e-07	4.43327e-07	4.251395e-07	4.37136e-07	3.631676e-07	1.229985e-07	9.501499e-08	9.702039e-08	8.78926e-08	8.490705e-08	8.562177e-08	6.91824e-08	5.309441e-08	2.373903e-08	7.529419e-09	7.556857e-09	7.610473e-09
48	0.8852333	0.8757869	0.8217149	0.8395392	0.858409	0.002424649	0.0005487978	0.0001227241	8.506635e-05	3.690634e-05	1.152626e-05	9.76451e-07	5.445039e-07	3.862318e-07	3.947239e-07	4.010547e-07	3.898679e-07	4.01062e-07	3.503148e-07	1.142097e-07	8.936011e-08	9.128976e-08	8.5541e-08	8.420808e-08	8.51168e-08	6.878824e-08	5.286696e-08	2.358593e-08	7.440556e-09	7.47805e-09
49	0.03461518	0.008474415	0.003964352	0.001585389	0.001531393	0.00154345	0.001474094	0.000113671	2.935038e-05	2.249973e-05	6.786581e-06	1.857401e-06	1.662134e-07	9.533387e-08	7.986931e-08	8.186202e-08	7.957244e-08	5.968364e-08	6.117453e-08	3.846123e-08	3.806222e-08	2.375267e-08	2.434339e-08	2.35365e-08	2.354126e-08	2.398144e-08	2.095704e-08	2.095514e-08	6.603598e-09	6.248589e-09
50	0.1296887	0.0328975	0.006936416	0.002586018	0.0005055397	0.0004299137	0.0004190107	0.0003410501	0.0001125033	2.908929e-05	2.231996e-05	6.699653e-06	1.823748e-06	1.575134e-07	8.910805e-08	7.62192e-08	7.8112e-08	7.572677e-08	5.57422e-08	5.712481e-08	3.470065e-08	3.427048e-08	2.084247e-08	2.133028e-08	2.069453e-08	2.065243e-08	2.098981e-08	1.929547e-08	1.927433e-08	6.528095e-09
51	0.1600515	0.1291137	0.0326166	0.0067053	0.002400595	0.000497064	0.0004242751	0.000413435	0.0003359423	0.0001087907	2.881966e-05	2.209886e-05	6.642165e-06	1.809246e-06	1.55987e-07	8.808592e-08	7.52896e-08	7.715785e-08	7.477379e-08	5.541774e-08	5.679582e-08	3.441939e-08	3.401233e-08	2.067815e-08	2.116541e-08	2.054703e-08	2.052154e-08	2.085983e-08	1.91765e-08	1.915847e-08
52	0.1279069	0.1162073	0.1101623	0.02573891	0.002582936	0.0008840951	9.314074e-05	6.043123e-05	5.219597e-05	3.042289e-05	1.436695e-05	3.001426e-06	1.979232e-06	9.348704e-07	3.01911e-07	4.297422e-08	3.400806e-08	3.178778e-08	3.264122e-08	3.343013e-08	2.600554e-08	2.669034e-08	4.333074e-09	3.396001e-09	2.487131e-09	2.51201e-09	1.668543e-09	1.274238e-09	1.133146e-09	9.742189e-10
53	0.1192652	0.04563427	0.03613938	0.030365	0.025007	0.002154933	0.0007474207	7.279222e-05	5.350323e-05	4.565375e-05	2.524516e-05	1.24891e-05	2.618521e-06	1.727742e-06	8.312391e-07	2.758462e-07	3.377644e-08	2.544562e-08	2.315883e-08	2.3762e-08	2.433291e-08	2.494231e-08	2.560878e-08	3.483222e-09	2.635839e-09	1.912112e-09	1.930694e-09	1.147084e-09	7.989565e-10	6.741691e-10
54	0.1325068	0.0904109	0.02942374	0.02332578	0.01802918	0.01308396	0.001692143	0.0005301052	6.145318e-05	4.445639e-05	3.743138e-05	2.457592e-05	1.218633e-05	2.563067e-06	1.694691e-06	8.116822e-07	2.627299e-07	2.369948e-08	1.52301e-08	1.273325e-08	1.303048e-08	1.327877e-08	1.354935e-08	1.386694e-08	2.941424e-09	2.30155e-09	1.652728e-09	1.66855e-09	1.003097e-09	7.496251e-10
55	0.1571576	0.1073264	0.07178495	0.01505384	0.01057297	0.00659678	0.002777864	0.001251068	0.000394561	5.293363e-05	4.041956e-05	3.415247e-05	2.378101e-05	1.182463e-05	2.49705e-06	1.655511e-06	7.898691e-07	2.486304e-07	1.339883e-08	4.786712e-09	2.039722e-09	2.02324e-09	1.940297e-09	1.866947e-09	1.850289e-09	1.255526e-09	1.207161e-09	7.802967e-10	7.702889e-10	7.228571e-10
56	0.1152315	0.08813898	0.07491272	0.05508334	0.005625166	0.003796796	0.002292292	0.0009289376	0.0004488921	0.0001452823	2.296198e-05	1.859389e-05	1.350959e-05	8.939725e-06	4.364522e-06	8.604258e-07	5.430709e-07	2.547565e-07	7.986935e-08	4.376086e-09	1.586505e-09	7.240756e-10	7.220151e-10	6.897742e-10	6.606116e-10	6.56549e-10	5.700092e-10	5.452426e-10	3.759539e-10	3.576811e-10
57	0.2898896	0.01648698	0.0055123	0.003400395	0.001874989	0.001177845	0.0006604827	0.0003127964	0.0001119203	6.535014e-05	2.125446e-05	2.183868e-06	1.515275e-06	1.414171e-06	1.022667e-06	5.177835e-07	1.131481e-07	7.669111e-08	3.682173e-08	1.162347e-08	7.065421e-10	3.165885e-10	2.121821e-10	2.156728e-10	2.127774e-10	2.103737e-10	2.118008e-10	1.308876e-10	1.020847e-10	6.453442e-11
58	0.110843	0.08462486	0.006362419	0.0008107865	0.0006124493	0.0004565767	0.0003281564	0.0002856997	8.415793e-05	3.007066e-05	1.795654e-05	6.377637e-06	2.688863e-07	7.957939e-08	5.60019e-08	3.453535e-08	1.652048e-08	3.343693e-09	2.171129e-09	1.002122e-09	3.225699e-10	5.548381e-11	4.661361e-11	4.560571e-11	4.690716e-11	4.801e-11	4.880315e-11	4.864134e-11	3.573098e-11	2.374814e-11
59	0.1910024	0.09311137	0.08321676	0.006301174	0.000786538	0.000600704	0.0004507228	0.0003248225	0.0002834241	8.276754e-05	2.957256e-05	1.766607e-05	6.284488e-06	2.551255e-07	6.871876e-08	4.554483e-08	2.68208e-08	1.247535e-08	2.50827e-09	1.610053e-09	7.428123e-10	2.580484e-10	5.108271e-11	4.447484e-11	4.405412e-11	4.532499e-11	4.660706e-11	4.756073e-11	4.737723e-11	3.470777e-11
60	0.2272187	0.1254579	0.08290993	0.07353024	0.001552487	0.0006328224	0.0004694249	0.0003185161	0.0001908396	0.0001469902	8.145733e-05	2.950003e-05	1.762314e-05	6.269697e-06	2.518854e-07	6.58973e-08	4.276081e-08	2.450295e-08	1.175653e-08	2.352614e-09	1.502671e-09	6.965542e-10	2.457367e-10	5.0194e-11	4.406194e-11	4.372368e-11	4.498687e-11	4.629124e-11	4.727297e-11	4.708298e-11
61	0.3106916	0.1601612	0.08577603	0.04616294	0.03776338	0.001360507	0.0005796395	0.0004375868	0.0002955311	0.0001712736	0.0001280245	7.954393e-05	2.913087e-05	1.740484e-05	6.195264e-06	2.34585e-07	5.054131e-08	2.792337e-08	1.360252e-08	6.159756e-09	1.129673e-09	6.737622e-10	3.007268e-10	1.201456e-10	4.316128e-11	4.118571e-11	4.127943e-11	4.248076e-11	4.372139e-11	4.464782e-11
62	0.2781955	0.1017947	0.006299042	0.004584013	0.002859998	0.002552373	0.0001724816	4.301011e-05	1.960533e-05	1.416591e-05	7.963496e-06	5.825877e-06	4.156008e-06	2.406648e-06	2.022128e-06	1.653827e-06	1.703035e-08	2.463123e-09	1.593203e-09	9.742982e-10	4.487707e-10	8.936133e-11	5.687427e-11	2.617653e-11	9.861716e-12	2.80337e-12	2.549572e-12	2.522898e-12	2.594761e-12	2.669382e-12
63	0.1940158	0.1814544	0.03047541	0.003389546	0.002901104	0.00186148	0.00173278	0.0001547364	3.292008e-05	1.32727e-05	9.907407e-06	5.504016e-06	3.992102e-06	3.019943e-06	2.005402e-06	1.791168e-06	1.585613e-06	1.371943e-08	1.693045e-09	1.150138e-09	7.460233e-10	3.496982e-10	7.039973e-11	4.515766e-11	2.128906e-11	7.722508e-12	1.835679e-12	1.603122e-12	1.56655e-12	1.610958e-12
64	0.1799505	0.02017429	0.0141338	0.007765702	0.001718338	0.001516351	0.001089313	0.001020831	0.0001042819	2.337105e-05	5.43639e-06	4.060854e-06	1.269019e-06	9.300148e-07	5.773004e-07	2.10021e-07	1.246505e-07	4.304074e-08	1.068942e-08	1.025696e-09	7.87638e-10	5.286203e-10	2.592379e-10	5.505984e-11	3.665713e-11	1.757643e-11	6.241877e-12	1.290187e-12	1.081587e-12	1.045381e-12
65	0.6518206	0.02193563	0.01096268	0.00752352	0.00584297	0.00111809	0.0009750617	0.0007244709	0.0007026433	1.222078e-05	6.430355e-06	3.961721e-06	3.062733e-06	6.89486e-07	4.93499e-07	3.053058e-07	1.090581e-07	6.313246e-08	1.907022e-08	1.596186e-09	9.273306e-10	7.351466e-10	5.029447e-10	2.49512e-10	5.293534e-11	3.520036e-11	1.692258e-11	5.907665e-12	1.079618e-12	9.286466e-13
66	0.1296939	0.08220755	0.01409884	0.005745759	0.003359017	0.001838374	0.0005285665	0.0004559336	0.0003195253	0.0003023446	6.907597e-06	4.204746e-06	2.968438e-06	2.412677e-06	3.125503e-07	2.125959e-07	1.315718e-07	4.724059e-08	2.749796e-08	8.455964e-09	9.575699e-10	6.764831e-10	6.25615e-10	4.372179e-10	2.186843e-10	4.719988e-11	3.174482e-11	1.522678e-11	5.043153e-12	5.737121e-13
67	0.1426398	0.00651613	0.004824136	0.003822124	0.0002523268	0.0001494494	6.82562e-05	3.280466e-05	2.988874e-05	1.724336e-05	6.465435e-06	4.358262e-07	1.74513e-07	1.426114e-07	3.604743e-08	1.65467e-08	4.066542e-09	2.492039e-09	9.040284e-10	5.208915e-10	1.677099e-10	2.612787e-11	2.10559e-11	1.95011e-11	1.38477e-11	6.974161e-12	1.513407e-12	1.022115e-12	4.885164e-13	1.554331e-13
68	0.1420446	0.1410532	0.005250109	0.003899671	0.003723148	0.00019322	0.0001128174	3.409968e-05	2.589923e-05	2.419151e-05	1.356363e-05	2.90489e-06	3.636405e-07	1.340354e-07	1.192706e-07	1.924116e-08	2.219502e-09	1.465679e-09	8.824823e-10	3.273095e-10	1.852095e-10	6.161222e-11	1.273073e-11	1.10503e-11	1.011208e-11	7.068999e-12	3.552912e-12	7.728636e-13	5.225391e-13	2.491156e-13
69	0.1518155	0.1411226	0.140918	0.005142033	0.003815357	0.003693371	0.0001689028	9.11395e-05	1.348493e-05	6.180384e-06	4.306121e-06	1.18342e-06	9.413294e-07	1.443574e-07	1.296751e-07	1.175245e-07	1.854111e-08	1.865241e-09	1.226317e-09	7.61305e-10	2.832804e-10	1.590191e-10	5.242295e-11	1.029187e-11	8.835816e-12	7.970987e-12	5.491836e-12	2.747461e-12	5.932884e-13	3.992054e-13
70	0.2543319	0.1465788	0.1408694	0.1407034	0.004927993	0.003657668	0.003662148	0.0001524514	8.375526e-05	6.893263e-06	2.322762e-06	1.758832e-06	6.938602e-07	6.179214e-07	1.273948e-07	1.216413e-07	1.159883e-07	1.78133e-08	1.4854e-09	9.485463e-10	5.904264e-10	2.231709e-10	1.245464e-10	4.20922e-11	9.694263e-12	8.61163e-12	7.769893e-12	5.351018e-12	2.680587e-12	5.759714e-13
71	0.9801825	0.2408411	0.1459217	0.1407662	0.1406075	0.004922413	0.003654471	0.003660479	0.0001518898	8.357891e-05	6.744151e-06	2.245847e-06	1.710671e-06	6.838416e-07	6.106056e-07	1.267923e-07	1.212398e-07	1.157778e-07	1.770569e-08	1.423687e-09	9.048204e-10	5.637779e-10	2.136414e-10	1.190204e-10	4.037993e-11	9.502725e-12	8.476997e-12	7.64163e-12	5.257641e-12	2.633636e-12
72	0.8516559	0.8392728	0.1010511	0.008040359	0.005035399	0.00489366	0.00347249	0.002185194	0.002170139	0.0001511599	8.330461e-05	6.50482e-06	2.10937e-06	1.622555e-06	6.666084e-07	5.980788e-07	1.260558e-07	1.208029e-07	1.156064e-07	1.761936e-08	1.375037e-09	8.703062e-10	5.427053e-10	2.06126e-10	1.146711e-10	3.904047e-11	9.365534e-12	8.38494e-12	7.554326e-12	5.194282e-12
73	0.81506	0.8112691	0.7990084	0.08901945	0.002951921	0.0005455347	0.0004319785	0.0004045292	0.0003166694	0.0002817029	0.0001403855	7.895395e-05	2.767119e-06	1.394574e-06	9.948352e-07	3.979938e-07	3.532554e-07	1.16202e-07	1.131989e-07	1.092177e-07	1.62102e-08	5.720318e-10	2.709292e-10	1.685916e-10	6.594214e-11	3.946909e-11	1.653989e-11	7.619558e-12	7.424025e-12	6.963316e-12
74	0.9483384	0.8056453	0.8039623	0.7917803	0.08555877	0.001457529	0.0004095608	0.0003043945	0.0002779784	0.000237649	0.0002032477	8.559253e-05	7.860095e-05	2.519071e-06	1.213756e-06	8.399776e-07	2.844739e-07	2.411825e-07	2.895404e-08	2.472596e-08	1.933798e-08	1.604645e-08	4.777885e-10	2.023807e-10	1.260379e-10	4.997054e-11	3.09248e-11	1.394043e-11	7.391223e-12	7.285978e-12
75	0.8413772	0.8149092	0.8051511	0.8035735	0.791393	0.08532213	0.00129698	0.0002867899	0.0001819828	0.0001729783	0.0001313332	9.546233e-05	8.552649e-05	7.858191e-05	2.503291e-06	1.204669e-06	8.34398e-07	2.833753e-07	2.404045e-07	2.888217e-08	2.467753e-08	1.931261e-08	1.603372e-08	4.705976e-10	1.973738e-10	1.229898e-10	4.887985e-11	3.029178e-11	1.37433e-11	7.36786e-12
76	0.09908979	0.09573399	0.08857565	0.08453369	0.08298479	0.07081529	0.05996035	0.0004638584	0.0001102538	2.345042e-05	2.296589e-05	1.220096e-05	5.515999e-06	2.917857e-06	1.240617e-06	1.109903e-06	4.165613e-07	3.267974e-07	1.838178e-07	1.740621e-07	4.108837e-09	2.426794e-09	1.050326e-09	3.940962e-10	2.62591e-10	1.244407e-10	7.696354e-11	2.805578e-11	1.665002e-11	5.79907e-12
77	0.09446691	0.09046896	0.08775376	0.08194396	0.07792428	0.07637567	0.06420625	0.05897073	0.000454426	0.0001091782	2.249728e-05	2.203114e-05	1.167684e-05	5.11952e-06	2.568671e-06	9.223499e-07	7.925878e-07	4.11002e-07	3.22912e-07	1.822796e-07	1.726993e-07	3.991296e-09	2.328863e-09	9.715726e-10	3.265169e-10	1.964484e-10	1.222356e-10	7.559118e-11	2.754228e-11	1.635485e-11
78	0.176913	0.07021909	0.0670368	0.06440761	0.06093329	0.05868377	0.05867808	0.05867766	0.05472535	0.000338453	9.732816e-05	1.254551e-05	1.210635e-05	6.437996e-06	2.873576e-06	1.521474e-06	6.482908e-07	5.851965e-07	2.91629e-07	2.498347e-07	1.731214e-07	1.686709e-07	2.942925e-09	1.400127e-09	5.963137e-10	2.928957e-10	1.732404e-10	1.185761e-10	7.344409e-11	2.628423e-11
79	0.1818857	0.1461267	0.06537362	0.06236615	0.059862	0.05796355	0.05783161	0.05782594	0.05782553	0.05410989	0.0003193874	9.438306e-05	1.102437e-05	1.059061e-05	5.634971e-06	2.531641e-06	1.361693e-06	6.060592e-07	5.529339e-07	2.728996e-07	2.377467e-07	1.709254e-07	1.674712e-07	2.702368e-09	1.229358e-09	5.355317e-10	2.832974e-10	1.670769e-10	1.159012e-10	7.171538e-11
80	0.2116293	0.03987293	0.02176137	0.00784021	0.007612167	0.005115879	0.003601809	0.003480342	0.003474704	0.003474307	0.0004360028	0.0002801019	8.910669e-05	6.379672e-06	5.965337e-06	3.274544e-06	1.441862e-06	7.793159e-07	3.516351e-07	3.245127e-07	2.248132e-07	2.120906e-07	1.666174e-07	1.648519e-07	2.188444e-09	8.654177e-10	4.047404e-10	2.646875e-10	1.534875e-10	1.143194e-10
81	0.7629616	0.1431619	0.03335896	0.01516745	0.006576979	0.006381904	0.004825707	0.00343959	0.003327278	0.00332667	0.003326539	0.0002654521	0.0001513945	9.024147e-05	6.299119e-06	5.882277e-06	3.203578e-06	1.38705e-06	7.288457e-07	3.031185e-07	2.760789e-07	1.769857e-07	1.644672e-07	1.204541e-07	1.183352e-07	1.745651e-09	7.433968e-10	4.054147e-10	2.690134e-10	1.560061e-10
82	0.1301178	0.1124502	0.07250294	0.01404182	0.01345561	0.006335425	0.006258292	0.00468365	0.00332316	0.003275741	0.003275159	0.003275033	0.0001765046	7.094989e-05	9.649897e-06	6.251573e-06	5.831777e-06	3.120622e-06	1.35286e-06	6.878539e-07	2.568783e-07	2.293111e-07	1.30049e-07	1.165809e-07	7.348024e-08	7.096929e-08	1.304527e-09	6.268899e-10	4.09741e-10	2.740713e-10
83	0.256875	0.1085487	0.09166813	0.05754503	0.01354318	0.01306723	0.00638363	0.006311276	0.004714281	0.003348809	0.003304551	0.003303975	0.00330385	0.0001611955	7.048447e-05	9.400092e-06	5.972557e-06	5.881734e-06	3.134852e-06	1.347825e-06	6.755352e-07	2.385249e-07	2.104916e-07	1.101926e-07	9.62158e-08	5.311622e-08	5.040224e-08	1.120638e-09	5.818058e-10	4.162135e-10
84	0.2043704	0.1928796	0.07148418	0.0636065	0.03619774	0.009788132	0.009389615	0.006349722	0.006287742	0.004667145	0.003322374	0.003281507	0.003280936	0.003280813	0.0001463968	6.846903e-05	9.14453e-06	5.76161e-06	5.672846e-06	2.996789e-06	1.244523e-06	5.736111e-07	1.366876e-07	1.073667e-07	7.621443e-08	6.179148e-08	3.347969e-08	3.149198e-08	9.418371e-10	5.325013e-10
85	0.6200774	0.1140945	0.1039859	0.05622186	0.05002482	0.02405225	0.007787597	0.00750344	0.004757042	0.004708507	0.004700514	0.003350382	0.003312976	0.003312949	0.003312934	0.0001388098	6.852887e-05	9.089344e-06	5.685241e-06	5.596715e-06	2.943881e-06	1.215435e-06	5.469838e-07	1.108997e-07	8.116906e-08	5.132785e-08	3.674606e-08	1.413459e-08	1.233751e-08	7.751941e-10
86	0.5478194	0.4459061	0.03672768	0.0342463	0.01423818	0.01407924	0.00268639	0.000754142	0.0006680272	0.0002076481	0.000194727	0.0001879894	0.0001317547	0.0001295544	0.0001295485	0.0001295465	5.291081e-05	3.447662e-06	3.550601e-07	2.431123e-07	2.407738e-07	1.38994e-07	7.345688e-08	4.82776e-08	3.211122e-08	2.068829e-08	5.043647e-09	4.23178e-09	1.67365e-09	1.430989e-09
87	0.5371645	0.5271153	0.4242505	0.02583607	0.02369369	0.006468746	0.00636175	0.001881847	0.0004559289	0.0004131681	0.0001268679	0.0001192116	0.0001125356	7.491065e-05	7.347439e-05	7.34698e-05	7.346853e-05	2.149116e-05	2.097883e-06	1.984668e-07	1.284928e-07	1.268354e-07	7.275582e-08	3.772729e-08	2.412469e-08	1.538691e-08	4.449503e-09	1.875107e-09	1.487883e-09	6.129238e-10
88	0.09503038	0.02045947	0.02021258	0.0197824	0.007238429	0.006740184	0.005512454	0.005490768	0.001227021	0.0003240434	0.0003099517	5.557363e-05	5.184544e-05	4.515611e-05	3.266234e-05	3.181186e-05	3.180757e-05	3.180652e-05	7.932295e-06	7.131954e-07	8.676437e-08	5.742821e-08	5.674066e-08	3.061891e-08	1.368706e-08	6.997072e-09	2.74195e-09	2.491182e-09	8.244195e-10	6.08329e-10
89	0.07097438	0.06840615	0.01666895	0.01653363	0.01646897	0.005839337	0.005402742	0.005289916	0.005283107	0.001046587	0.0002756278	0.000266661	2.38595e-05	2.055502e-05	1.375881e-05	9.697769e-06	9.069295e-06	9.065077e-06	9.064121e-06	4.575484e-06	2.167612e-07	2.774961e-08	2.064303e-08	2.051158e-08	1.126649e-08	5.277136e-09	2.888995e-09	1.39749e-09	1.279483e-09	4.642842e-10
90	0.2443774	0.04397249	0.0425117	0.01572865	0.01565034	0.01560174	0.005497653	0.005411432	0.005330149	0.005324843	0.001021851	0.0002595802	0.0002521098	1.427549e-05	1.111376e-05	1.052321e-05	8.282347e-06	7.669195e-06	7.665588e-06	7.664785e-06	3.625302e-06	1.740091e-07	2.261656e-08	1.76565e-08	1.754545e-08	9.427437e-09	4.165778e-09	2.082388e-09	7.582744e-10	6.630374e-10
91	0.08932177	0.07881665	0.01608656	0.01494382	0.006213381	0.006170491	0.006126728	0.005508115	0.005425227	0.005367365	0.005362777	0.001012359	0.0002541751	0.000247907	1.066802e-05	8.830953e-06	8.235332e-06	6.440221e-06	6.362837e-06	6.359206e-06	6.358402e-06	2.573531e-06	1.389619e-07	2.098464e-08	1.658559e-08	1.648394e-08	8.759266e-09	3.778703e-09	1.799125e-09	5.317809e-10
92	0.1720365	0.07511388	0.07071432	0.01363517	0.01252737	0.0061227	0.006084665	0.006044243	0.005542422	0.005502088	0.005450742	0.005446512	0.001023564	0.0002563368	0.0002506566	9.895033e-06	8.065324e-06	7.467051e-06	5.75659e-06	5.683677e-06	5.682983e-06	5.682316e-06	2.02575e-06	1.24744e-07	1.961107e-08	1.541525e-08	1.531642e-08	8.130132e-09	3.496631e-09	1.655128e-09
93	0.7299637	0.1461447	0.06805569	0.06403654	0.008949711	0.007909887	0.001730841	0.00169321	0.001653229	0.001160781	0.001135683	0.001085137	0.001080946	0.001040339	0.0002598203	0.0002541078	9.966422e-06	8.11477e-06	7.507702e-06	5.779605e-06	5.706136e-06	5.70575e-06	5.705643e-06	2.006366e-06	1.249968e-07	1.946889e-08	1.522939e-08	1.512943e-08	8.033379e-09	3.458394e-09
94	0.3797687	0.344854	0.05279126	0.0126331	0.01125748	0.004298957	0.004175448	0.0005815693	0.0005664371	0.000554408	0.000298286	0.0002896258	0.0002746211	0.0002734195	0.0002625513	0.0002490272	0.0002488535	2.887553e-06	1.134439e-06	5.199642e-07	3.103426e-07	2.805018e-07	2.801636e-07	2.800843e-07	4.141107e-08	1.289258e-08	4.568543e-09	4.239836e-09	4.232239e-09	2.299813e-09
95	0.5179193	0.3404645	0.3115439	0.0478299	0.01148781	0.01015678	0.003769499	0.003660912	0.0005747261	0.0005606156	0.0005489576	0.0002992753	0.0002910354	0.0002769975	0.0002758393	0.0002654589	0.0002525843	0.0002524352	2.560241e-06	7.787072e-07	4.000855e-07	2.532299e-07	2.237046e-07	2.235391e-07	2.234761e-07	2.274468e-08	1.170634e-08	4.392773e-09	4.106325e-09	4.099826e-09
96	0.4239682	0.4208761	0.2582766	0.2485121	0.0305819	0.008544033	0.00814615	0.002488505	0.002424243	0.0001420553	0.0001325334	0.0001287823	2.168676e-05	1.880652e-05	1.269663e-05	1.231727e-05	9.221035e-06	3.03416e-06	2.981012e-06	1.932613e-06	7.244814e-07	3.387391e-07	2.150169e-07	2.110455e-07	2.108866e-07	2.108308e-07	1.539223e-08	8.35482e-09	1.479145e-09	1.20455e-09
97	0.4392402	0.407034	0.4039311	0.2380992	0.2290484	0.02643839	0.008139699	0.007893825	0.002163231	0.00210052	0.000105839	9.735585e-05	9.502578e-05	1.561893e-05	1.372559e-05	8.578893e-06	8.326845e-06	6.495036e-06	1.593459e-06	1.557264e-06	7.421339e-07	7.299295e-07	3.389694e-07	2.162616e-07	2.12536e-07	2.125171e-07	2.124933e-07	1.420283e-08	7.825373e-09	9.692723e-10
98	0.5360594	0.4193121	0.3903437	0.3872045	0.2180862	0.2101791	0.02343432	0.007752559	0.007576215	0.001849172	0.001790065	8.840928e-05	8.05894e-05	7.891781e-05	1.267642e-05	1.125313e-05	6.734092e-06	6.546639e-06	5.296656e-06	1.082849e-06	1.054842e-06	3.521372e-07	3.41918e-07	3.413055e-07	2.182952e-07	2.147247e-07	2.147196e-07	2.147169e-07	1.328133e-08	7.602925e-09
99	0.3864321	0.3833859	0.2652789	0.2358312	0.2352158	0.1953511	0.1901101	0.01775404	0.004113256	0.003960639	0.0015658	0.001509487	8.18839e-05	7.452509e-05	7.295437e-05	1.171136e-05	1.038154e-05	6.237973e-06	6.064583e-06	4.883264e-06	9.199288e-07	8.941195e-07	3.163438e-07	3.069578e-07	3.06435e-07	2.178732e-07	2.144751e-07	2.144707e-07	2.144683e-07	9.797478e-09
100	0.5132424	0.3325949	0.329594	0.208984	0.1789551	0.1783453	0.1779934	0.1732187	0.01544436	0.003822086	0.003688414	0.001272227	0.001225659	7.643288e-05	6.95236e-05	6.799904e-05	1.102987e-05	9.757697e-06	5.94296e-06	5.778059e-06	4.632568e-06	8.798284e-07	8.565444e-07	3.179237e-07	3.092677e-07	3.088352e-07	2.196542e-07	2.165045e-07	2.165006e-07	2.164984e-07
101	0.6038739	0.1590955	0.1030755	0.1001144	0.09944321	0.06877214	0.06818625	0.06791208	0.06379129	0.01309907	0.003554711	0.003446254	0.0009845099	0.0009373609	6.325913e-05	5.681272e-05	5.541507e-05	1.011936e-05	9.011071e-06	5.567342e-06	5.422018e-06	4.293625e-06	7.643334e-07	7.444036e-07	3.165877e-07	3.092584e-07	3.089257e-07	2.201486e-07	2.171301e-07	2.17127e-07
102	0.542191	0.5403771	0.09714119	0.05041764	0.04842668	0.04788865	0.04608571	0.04551197	0.04525512	0.04182381	0.007941642	0.003212917	0.003130944	0.000678684	0.0006320746	4.193178e-05	4.020397e-05	3.896122e-05	5.990012e-06	5.066538e-06	3.13639e-06	3.00935e-06	1.924491e-06	6.440182e-07	6.260247e-07	3.146454e-07	3.08695e-07	3.08466e-07	2.200944e-07	2.172314e-07
103	0.5632838	0.5331294	0.5319933	0.0789403	0.03126654	0.02924496	0.02873058	0.02690662	0.02642374	0.02617863	0.02328534	0.005529162	0.002938602	0.002894463	0.0003915846	0.0003443619	2.596745e-05	2.479228e-05	2.372001e-05	4.933254e-06	4.210255e-06	2.686924e-06	2.580118e-06	1.518379e-06	5.08093e-07	4.929859e-07	3.173311e-07	3.129498e-07	3.128233e-07	2.243447e-07
104	0.592679	0.5527919	0.5256644	0.5251123	0.06228938	0.01385806	0.01181572	0.01131512	0.009475623	0.008987048	0.008758511	0.006358125	0.003319909	0.002684555	0.00266557	0.000128629	8.148222e-05	1.115604e-05	1.048734e-05	9.563183e-06	3.942868e-06	3.408892e-06	2.264347e-06	2.17462e-06	1.140526e-06	3.818077e-07	3.68334e-07	3.186593e-07	3.162255e-07	3.16193e-07
105	0.5040333	0.456348	0.4559768	0.451484	0.4514716	0.002172132	0.0007046395	0.0006875553	0.0006128373	0.0004418568	0.0003954114	0.000390631	0.0002869043	5.413103e-05	1.798544e-05	1.755463e-05	4.814424e-06	4.172941e-06	1.46028e-07	1.337744e-07	1.281159e-07	6.593064e-08	6.256455e-08	1.867786e-08	1.797622e-08	1.189214e-08	3.365026e-09	2.825058e-09	2.293027e-09	2.206627e-09
106	0.6123048	0.4699368	0.4619085	0.4618497	0.4618089	0.4618029	0.001418285	0.0004197411	0.0004161218	0.0003459841	0.0003043612	0.0002581691	0.0002578342	0.0001657482	2.237249e-05	3.025963e-06	2.813796e-06	2.477674e-06	2.470513e-06	6.423765e-08	5.892743e-08	5.817563e-08	4.161953e-08	4.111931e-08	4.210031e-09	4.007767e-09	3.368864e-09	4.235912e-10	3.248884e-10	1.578622e-10
107	0.08556888	0.07640673	0.007943916	0.001113709	0.001074057	0.001063455	0.001059656	0.001046524	0.0002050019	0.0002022369	0.0002015659	0.0001977895	0.0001974845	0.0001974181	0.0001047406	1.338702e-05	1.711373e-06	1.591163e-06	1.567357e-06	1.566469e-06	4.974641e-08	4.675294e-08	4.661052e-08	3.823933e-08	3.810658e-08	1.929494e-09	1.791092e-09	1.734456e-09	9.965353e-11	9.162315e-11
108	0.02861844	0.02799454	0.02753529	0.004792233	0.0001821145	0.0001609397	0.000156532	0.0001545465	0.00014679	0.0001461715	0.0001452155	0.0001446688	0.0001445821	0.0001445614	0.000144532	5.163589e-05	6.324469e-06	7.959752e-07	7.561103e-07	7.458525e-07	7.455202e-07	6.183085e-09	4.805461e-09	4.74994e-09	1.988342e-09	1.940372e-09	1.074598e-09	9.559115e-10	9.272112e-10	3.41323e-11
109	0.0229801	0.0110535	0.01069647	0.01050621	0.0006916961	3.982991e-05	3.343127e-05	3.192755e-05	3.093906e-05	2.375053e-05	2.348033e-05	2.347482e-05	2.311532e-05	2.305383e-05	2.304966e-05	2.303542e-05	2.254318e-05	2.709704e-06	3.313033e-07	3.181857e-07	3.117159e-07	3.115524e-07	2.37122e-09	1.818668e-09	1.791756e-09	9.235901e-10	9.036081e-10	5.56657e-10	5.493795e-10	5.306636e-10
110	0.150021	0.0129204	0.005108628	0.004985875	0.004864973	0.000228729	1.56816e-05	1.286324e-05	1.205015e-05	1.169014e-05	1.117958e-05	1.1023e-05	1.102075e-05	1.100643e-05	1.097018e-05	1.096799e-05	1.095562e-05	1.069814e-05	1.612429e-06	1.670351e-07	1.591675e-07	1.548241e-07	1.547211e-07	1.408232e-09	1.102261e-09	1.091621e-09	6.166237e-10	6.078382e-10	4.189069e-10	4.155693e-10
111	0.01573283	0.01059812	0.002748382	0.0008002796	0.0007731445	0.0007618097	3.471392e-05	3.724829e-06	2.490699e-06	2.172964e-06	2.116006e-06	1.805646e-06	1.710392e-06	1.709328e-06	1.705037e-06	1.700937e-06	1.699908e-06	1.688315e-06	1.640574e-06	2.067688e-07	2.980607e-08	2.713367e-08	2.449186e-08	2.4441e-08	2.134299e-10	1.665495e-10	1.624202e-10	6.466366e-11	6.179931e-11	2.961718e-11
112	0.3589555	0.01128049	0.006394329	0.001707915	0.0001627191	0.0001407828	0.0001349197	7.553578e-06	2.001551e-06	9.684807e-07	7.092942e-07	6.98435e-07	4.092012e-07	3.201844e-07	3.19243e-07	3.164263e-07	3.134428e-07	3.126648e-07	3.008926e-07	2.853528e-07	3.863263e-08	7.184137e-09	6.925406e-09	4.324669e-09	4.277748e-09	7.39092e-11	6.50359e-11	6.179134e-11	2.156337e-11	1.951914e-11
113	0.2680956	0.2284195	0.008889806	0.004248337	0.0002453064	3.36395e-05	1.529537e-05	1.050779e-05	2.137309e-06	1.662006e-06	6.483562e-07	4.075605e-07	4.059925e-07	1.305574e-07	4.094156e-08	4.030752e-08	3.78555e-08	3.594961e-08	3.544616e-08	2.356188e-08	1.584665e-08	3.545811e-09	9.986217e-10	9.098757e-10	2.881653e-10	2.768504e-10	4.050211e-11	3.953725e-11	3.706787e-11	1.052799e-11
114	0.8690787	0.236867	0.2306597	0.006217101	0.001471099	0.0001830582	1.62037e-05	1.400659e-05	9.0864e-06	2.126201e-06	1.700344e-06	6.560893e-07	4.15876e-07	4.144498e-07	1.307615e-07	3.84818e-08	3.783327e-08	3.532555e-08	3.345004e-08	3.293497e-08	2.086984e-08	1.305232e-08	3.183936e-09	9.206598e-10	8.320186e-10	2.402052e-10	2.314534e-10	3.551091e-11	3.462977e-11	3.246896e-11
115	0.8988441	0.8129256	0.2437354	0.2378401	0.006273497	0.001380417	0.0001764721	1.450354e-05	1.23601e-05	7.581663e-06	2.007598e-06	1.644542e-06	5.687678e-07	3.250314e-07	3.237272e-07	3.569529e-08	3.445426e-08	3.386521e-08	3.139436e-08	3.088052e-08	3.035517e-08	1.79264e-08	9.953808e-09	2.798293e-09	8.795486e-10	7.936555e-10	1.937365e-10	1.850374e-10	3.412029e-11	3.340573e-11
116	0.7531418	0.7160717	0.6327679	0.2487773	0.2455042	0.006465586	0.00141132	0.0001799954	1.440799e-05	1.221283e-05	7.27979e-06	2.003386e-06	1.693391e-06	5.825698e-07	3.308827e-07	3.295701e-07	3.205692e-08	3.079563e-08	3.051904e-08	2.797697e-08	2.744702e-08	2.69103e-08	1.408052e-08	9.283608e-09	2.767142e-09	8.911756e-10	8.030761e-10	1.839282e-10	1.749536e-10	3.480863e-11
117	0.7395542	0.6695068	0.6385932	0.5533118	0.2568111	0.2538659	0.006649852	0.001421919	0.0001808425	1.426264e-05	1.204354e-05	6.945586e-06	2.009824e-06	1.747306e-06	5.987132e-07	3.384942e-07	3.371731e-07	2.964248e-08	2.835811e-08	2.80771e-08	2.551645e-08	2.496929e-08	2.442012e-08	1.118886e-08	8.570488e-09	2.735599e-09	9.02027e-10	8.116941e-10	1.726763e-10	1.634184e-10
118	0.5290394	0.5251775	0.4756734	0.4529543	0.3762555	0.2647008	0.2621229	0.006245908	0.0008358458	9.505343e-05	7.337798e-06	5.9597e-06	5.914441e-06	1.951579e-06	1.781826e-06	5.928588e-07	3.39764e-07	3.387304e-07	2.662874e-08	2.535402e-08	2.510103e-08	2.252966e-08	2.20751e-08	2.17028e-08	9.243287e-09	8.001716e-09	2.538849e-09	8.258737e-10	7.644776e-10	1.417233e-10
119	0.5128457	0.2234842	0.2203515	0.1757679	0.1596712	0.104027	0.004705207	0.0024384	0.001997355	0.0007421076	8.033528e-05	6.16955e-06	5.510378e-06	5.471035e-06	1.942014e-06	1.790043e-06	5.577734e-07	3.334412e-07	3.324268e-07	2.301926e-08	2.175813e-08	2.157946e-08	1.894546e-08	1.849049e-08	1.823652e-08	8.302302e-09	7.547208e-09	2.296943e-09	7.422557e-10	6.939767e-10
120	0.4805369	0.4686546	0.1778611	0.1747783	0.1360949	0.1234523	0.08800317	0.002572964	0.0008216763	0.0005618957	0.000557729	5.442856e-05	5.342342e-06	4.966299e-06	4.934018e-06	1.956835e-06	1.824037e-06	5.533963e-07	3.259737e-07	3.252922e-07	1.720387e-08	1.594987e-08	1.584181e-08	1.314234e-08	1.269241e-08	1.255138e-08	7.316819e-09	6.768141e-09	1.819564e-09	5.885234e-10
121	0.45959	0.4403984	0.4359483	0.1355815	0.1325368	0.1029025	0.09250299	0.07765989	0.0009866063	0.0002850614	0.0001319546	0.000129446	4.409384e-05	3.607133e-06	3.333994e-06	3.30672e-06	6.758421e-07	5.548627e-07	5.534109e-07	3.192534e-07	3.190008e-07	1.16744e-08	1.042175e-08	1.038605e-08	7.606608e-09	7.148666e-09	7.122922e-09	6.71454e-09	6.418697e-09	1.584534e-09
122	0.09529874	0.0889921	0.07663616	0.0731867	0.07105782	0.070777	0.06492845	0.05821221	0.04916086	0.0006146057	0.0001673887	7.591387e-05	7.416793e-05	1.223878e-05	2.611572e-06	2.376143e-06	2.355891e-06	4.639292e-07	3.776184e-07	3.767305e-07	3.286926e-07	3.285015e-07	9.509123e-09	8.221665e-09	8.191148e-09	5.300617e-09	4.82786e-09	4.811629e-09	4.711834e-09	4.492773e-09
123	0.06126658	0.04309835	0.04283957	0.03616897	0.0345772	0.03345314	0.0333157	0.03066311	0.02894397	0.02391945	0.0002954704	7.774764e-05	3.358414e-05	3.262184e-05	5.650464e-06	1.3764e-06	1.316368e-06	1.305255e-06	3.83128e-07	3.413364e-07	3.408982e-07	3.395717e-07	3.394744e-07	7.190322e-09	5.865779e-09	5.8374e-09	2.828379e-09	2.344657e-09	2.33333e-09	2.284456e-09
124	0.06796655	0.01930599	0.009910659	0.009788549	0.008953029	0.008450382	0.007537171	0.007500709	0.006557992	0.00604949	0.004357948	5.712677e-05	1.718325e-05	8.78499e-06	8.387846e-06	1.294454e-06	1.774991e-07	1.534042e-07	1.514599e-07	1.020868e-08	2.63064e-09	2.512209e-09	2.22073e-09	2.203905e-09	1.589563e-09	9.494559e-10	9.295172e-10	9.256676e-10	4.311756e-10	4.236508e-10
125	0.1121757	0.06084594	0.01529129	0.005931747	0.005856413	0.005572016	0.005385192	0.004460281	0.00443641	0.003686128	0.003303548	0.002010433	3.061023e-05	1.173591e-05	7.521704e-06	7.232333e-06	1.059171e-06	7.299245e-08	5.00409e-08	4.925835e-08	4.641258e-09	1.299117e-09	1.218655e-09	9.339853e-10	9.249577e-10	3.448533e-10	3.239425e-10	3.164188e-10	3.129334e-10	1.936665e-10
126	0.9920096	0.1129941	0.06329667	0.01560814	0.005809347	0.005734819	0.005502117	0.005318167	0.004350566	0.004326819	0.003560988	0.003172911	0.001857885	2.925833e-05	1.16901e-05	7.761012e-06	7.462361e-06	1.085723e-06	6.549081e-08	4.158553e-08	4.086107e-08	4.369814e-09	1.320539e-09	1.240275e-09	9.42843e-10	9.342118e-10	3.293358e-10	3.07551e-10	3.03366e-10	3.011296e-10
127	0.9483807	0.9414172	0.11304	0.06451199	0.0146378	0.004396062	0.004319423	0.004121046	0.003940709	0.003542974	0.003519284	0.002830663	0.002570604	0.001708523	2.687001e-05	1.09251e-05	7.332183e-06	7.199085e-06	1.041679e-06	5.111654e-08	3.499143e-08	3.432138e-08	4.062527e-09	1.24114e-09	1.16214e-09	8.620622e-10	8.53473e-10	3.189186e-10	2.96481e-10	2.926763e-10
128	0.9383298	0.8977906	0.8977016	0.1148753	0.06656526	0.01428495	0.003746539	0.003681654	0.003510413	0.003436848	0.003044207	0.003021024	0.002404181	0.002156664	0.001668664	2.593337e-05	1.039538e-05	6.922402e-06	6.806175e-06	9.855605e-07	4.566416e-08	2.992216e-08	2.933865e-08	3.660413e-09	8.776638e-10	7.997422e-10	5.045786e-10	4.961205e-10	1.827839e-10	1.615457e-10
129	0.9839085	0.9348517	0.8925437	0.8924885	0.1178644	0.06949036	0.01423529	0.003131336	0.003064426	0.002921464	0.002853379	0.002468635	0.002446017	0.001914002	0.001677589	0.001633861	2.580037e-05	1.045432e-05	7.057789e-06	6.941403e-06	1.002657e-06	4.07525e-08	2.45978e-08	2.40797e-08	3.354703e-09	6.16295e-10	5.397869e-10	2.295201e-10	2.208037e-10	1.764174e-10
130	0.8439265	0.8414106	0.8238418	0.7814395	0.7814	0.08400892	0.07294029	0.01429731	0.002529739	0.002459377	0.002323045	0.002260244	0.001992894	0.001976285	0.001592065	0.001445475	0.001407055	2.248869e-05	9.278936e-06	6.310025e-06	6.227189e-06	9.020061e-07	3.270375e-08	2.297899e-08	2.245487e-08	2.890977e-09	5.558641e-10	4.988231e-10	2.052897e-10	1.973985e-10
131	0.6645835	0.636321	0.6352245	0.6189998	0.5940768	0.5940524	0.07446129	0.0644356	0.002009754	0.001861933	0.001847013	0.001715454	0.001661074	0.001518918	0.001508988	0.001285915	0.001182162	0.00114625	1.945286e-05	8.633368e-06	6.13131e-06	6.056554e-06	8.728494e-07	3.105723e-08	2.17508e-08	2.123479e-08	2.342162e-09	4.591739e-10	4.237906e-10	1.574833e-10
132	0.7985268	0.6456482	0.6175686	0.6172634	0.600202	0.573968	0.5739591	0.07800031	0.06823859	0.001385682	0.001256164	0.0012531	0.001127695	0.001077784	0.001065431	0.001062337	0.001003936	0.0009409478	0.000905154	1.720267e-05	8.504803e-06	6.400038e-06	6.326126e-06	9.119549e-07	3.077285e-08	2.116073e-08	2.062273e-08	1.853432e-09	4.232557e-10	4.102222e-10
133	0.4372621	0.4353264	0.3239607	0.3182654	0.3180631	0.3014941	0.2898595	0.2898534	0.007534645	0.001127295	0.0008602207	0.0007757958	0.0007738186	0.0006972691	0.0006747763	0.0006681613	0.0006658199	0.0006232926	0.0005825349	0.0005737092	1.041223e-05	5.219105e-06	3.868217e-06	3.838485e-06	5.215237e-07	1.958488e-08	1.410664e-08	1.395314e-08	1.080139e-09	1.216979e-10
134	0.4154609	0.3833021	0.3824249	0.2658832	0.2621069	0.2619554	0.2441409	0.2435846	0.2435804	0.005257505	0.00072344	0.0005290621	0.0004965257	0.000495359	0.0004437704	0.0004265263	0.0004206301	0.0004185018	0.0003763372	0.0003386895	0.0003337232	7.709695e-06	4.656161e-06	3.705632e-06	3.678728e-06	4.971945e-07	1.466131e-08	9.398942e-09	9.311532e-09	6.209913e-10
135	0.8657063	0.4292442	0.3967912	0.3960928	0.2699094	0.2663858	0.266241	0.2468457	0.246282	0.2462782	0.004935576	0.0006524744	0.0004634391	0.0004362821	0.0004353528	0.0003877185	0.000370781	0.0003647014	0.0003624978	0.0003175908	0.0002782314	0.0002735881	7.336581e-06	4.812862e-06	3.936586e-06	3.90877e-06	5.276893e-07	1.423137e-08	8.632589e-09	8.551421e-09
136	0.9069501	0.8625019	0.4525313	0.4192029	0.4187044	0.2808718	0.277619	0.2774809	0.2561866	0.2556062	0.2556028	0.004674499	0.0005811418	0.0003934808	0.0003722549	0.0003714576	0.0003265347	0.0003095898	0.0003032402	0.0003009282	0.0002526238	0.0002105704	0.0002062553	7.043449e-06	5.11347e-06	4.317904e-06	4.288866e-06	5.777357e-07	1.408745e-08	7.943219e-09
137	0.9781108	0.9001207	0.8635471	0.4718185	0.443567	0.443262	0.2933402	0.2902892	0.290166	0.2679627	0.2673722	0.2673698	0.003496698	0.0004669819	0.0003100933	0.0002949866	0.0002944144	0.0002650764	0.0002506425	0.000244522	0.0002422773	0.0001917532	0.0001486233	0.0001448637	6.586955e-06	5.190727e-06	4.762117e-06	4.738543e-06	6.324726e-07	1.162949e-08
138	0.7617095	0.7522035	0.7006398	0.6726087	0.3103618	0.2862187	0.2861269	0.2835934	0.2806965	0.2806666	0.2802408	0.279613	0.2796124	0.003548084	0.0003828983	0.0002151898	0.000206157	0.000205663	0.0001745264	0.0001588167	0.0001526261	0.0001517103	0.0001132987	7.64464e-05	7.287443e-05	6.291186e-06	5.4958e-06	5.173923e-06	5.152989e-06	6.883509e-07
139	0.7033169	0.676006	0.6684353	0.6544883	0.6448731	0.2469234	0.2249873	0.2249253	0.2225448	0.2224605	0.2224446	0.2219729	0.221752	0.2217517	0.002800938	0.0002946878	0.0001634487	0.000155606	0.0001552009	0.0001293983	0.0001236666	0.0001221004	0.0001215088	9.602352e-05	6.852455e-05	6.575372e-05	5.132068e-06	4.361001e-06	4.023461e-06	4.001677e-06
140	0.7098893	0.5414898	0.5190744	0.5134712	0.5015459	0.4931985	0.1902638	0.1785155	0.178458	0.1771515	0.1770837	0.1770716	0.1767221	0.1765503	0.1765501	0.002231555	0.0002451757	0.0001432705	0.000135606	0.0001352562	0.0001134416	0.0001086357	0.0001077375	0.0001073045	9.186725e-05	7.088152e-05	6.870723e-05	4.234038e-06	3.390529e-06	3.080576e-06
141	0.4239701	0.3120177	0.2037647	0.1858188	0.181002	0.1700744	0.1624374	0.1450967	0.1360284	0.1359705	0.1349384	0.1348803	0.1348692	0.1346286	0.1345028	0.1345025	0.001704743	0.0002035649	0.0001295366	0.0001216616	0.0001213559	0.000102989	9.892828e-05	9.825922e-05	9.79576e-05	9.219711e-05	7.731448e-05	7.568053e-05	3.379138e-06	2.412105e-06
142	0.4674851	0.3490301	0.2475348	0.1628138	0.1457855	0.1408707	0.1286815	0.1202533	0.1038403	0.09809475	0.09802836	0.09723879	0.09718556	0.09717388	0.09708027	0.09699633	0.09699607	0.001256035	0.000188914	0.0001406623	0.0001316487	0.0001313632	0.0001154635	0.0001118994	0.0001113872	0.000111178	0.0001046713	9.394649e-05	9.209225e-05	2.799498e-06
143	0.9999214	0.4845291	0.3691172	0.2551911	0.1684029	0.1489122	0.1432268	0.1286735	0.1186888	0.1002057	0.09455822	0.09447878	0.09356708	0.09350815	0.09349459	0.09338609	0.09330234	0.09330204	0.001234042	0.0002117952	0.000165352	0.000154567	0.000154261	0.0001375556	0.0001340542	0.0001335471	0.0001333307	0.0001254904	0.000115052	0.0001129075
144	0.9998907	0.9998465	0.5116195	0.4009481	0.2670361	0.1770093	0.1535356	0.1466076	0.1282489	0.11577	0.09414514	0.08866633	0.08856655	0.08746068	0.08739198	0.08737551	0.0872518	0.08715773	0.08715736	0.00120554	0.0002531569	0.0002050043	0.0001912806	0.000190931	0.0001734855	0.0001697461	0.0001692712	0.0001690163	0.0001590324	0.0001490059
145	0.993386	0.9932571	0.9932045	0.5379273	0.4329633	0.2785658	0.1856735	0.1581049	0.149892	0.1275307	0.1123551	0.08748259	0.08229346	0.08217193	0.08087636	0.08079554	0.08077569	0.08072834	0.08062202	0.08062158	0.001286444	0.0003007424	0.0002488535	0.0002321191	0.0002317025	0.0002112342	0.0002068378	0.0002063173	0.0002060266	0.0001940336
