#unpaired probabilities
 #i$	l=1	2	3	4	5	6	7	8	9	10	11	12	13	14	15	16	17	18	19	20	21	22	23	24	25	26	27	28	29	30	
1	0.995774	NA	NA	NA	NA	NA	NA	NA	NA	NA	NA	NA	NA	NA	NA	NA	NA	NA	NA	NA	NA	NA	NA	NA	NA	NA	NA	NA	NA	NA
2	0.9711774	0.9660999	NA	NA	NA	NA	NA	NA	NA	NA	NA	NA	NA	NA	NA	NA	NA	NA	NA	NA	NA	NA	NA	NA	NA	NA	NA	NA	NA	NA
3	0.9789013	0.9639787	0.9589435	NA	NA	NA	NA	NA	NA	NA	NA	NA	NA	NA	NA	NA	NA	NA	NA	NA	NA	NA	NA	NA	NA	NA	NA	NA	NA	NA
4	0.9848788	0.9722717	0.9579689	0.9527877	NA	NA	NA	NA	NA	NA	NA	NA	NA	NA	NA	NA	NA	NA	NA	NA	NA	NA	NA	NA	NA	NA	NA	NA	NA	NA
5	0.9766111	0.9635384	0.9455329	0.9267924	0.9208074	NA	NA	NA	NA	NA	NA	NA	NA	NA	NA	NA	NA	NA	NA	NA	NA	NA	NA	NA	NA	NA	NA	NA	NA	NA
6	0.005461914	0.004625674	0.002884206	0.002874536	0.002895517	0.002909373	NA	NA	NA	NA	NA	NA	NA	NA	NA	NA	NA	NA	NA	NA	NA	NA	NA	NA	NA	NA	NA	NA	NA	NA
7	0.002821598	9.778015e-05	4.391378e-05	1.56519e-05	1.575854e-05	1.614628e-05	1.633225e-05	NA	NA	NA	NA	NA	NA	NA	NA	NA	NA	NA	NA	NA	NA	NA	NA	NA	NA	NA	NA	NA	NA	NA
8	0.005750037	0.0001105419	5.847336e-05	1.122642e-06	9.840395e-07	7.979732e-07	8.160524e-07	8.311524e-07	NA	NA	NA	NA	NA	NA	NA	NA	NA	NA	NA	NA	NA	NA	NA	NA	NA	NA	NA	NA	NA	NA
9	0.003884093	7.477138e-05	2.668628e-05	5.595207e-07	5.172804e-08	8.54993e-09	4.958121e-09	5.033796e-09	5.100314e-09	NA	NA	NA	NA	NA	NA	NA	NA	NA	NA	NA	NA	NA	NA	NA	NA	NA	NA	NA	NA	NA
10	0.0724955	0.001278182	4.342473e-05	9.145797e-06	3.20074e-07	4.246228e-09	3.081869e-09	2.852209e-09	2.886294e-09	2.924556e-09	NA	NA	NA	NA	NA	NA	NA	NA	NA	NA	NA	NA	NA	NA	NA	NA	NA	NA	NA	NA
11	0.01284828	0.005923725	0.0008061153	1.481526e-05	4.709174e-07	3.162611e-07	9.558659e-10	3.092422e-10	3.15964e-10	3.184978e-10	3.251689e-10	NA	NA	NA	NA	NA	NA	NA	NA	NA	NA	NA	NA	NA	NA	NA	NA	NA	NA	NA
12	0.7716795	0.00133284	0.0004912885	2.296539e-05	1.269369e-05	2.19077e-07	3.514462e-08	7.026872e-10	4.601636e-11	3.697035e-11	3.411565e-11	3.494287e-11	NA	NA	NA	NA	NA	NA	NA	NA	NA	NA	NA	NA	NA	NA	NA	NA	NA	NA
13	0.04752237	0.006443453	0.0005238553	0.0002432954	7.661087e-06	2.139839e-07	1.380523e-07	3.445782e-08	8.747659e-11	2.713815e-11	2.134319e-11	1.903256e-11	1.973549e-11	NA	NA	NA	NA	NA	NA	NA	NA	NA	NA	NA	NA	NA	NA	NA	NA	NA
14	0.1065145	0.03860313	0.005075612	0.0004118081	0.0001898212	7.375924e-06	1.127674e-07	3.018646e-08	3.445524e-08	8.513773e-11	2.444356e-11	2.046361e-11	1.8157e-11	1.884718e-11	NA	NA	NA	NA	NA	NA	NA	NA	NA	NA	NA	NA	NA	NA	NA	NA
15	0.840378	0.08393158	0.03097976	0.00427691	0.0003078972	0.0001400087	1.735949e-06	7.845862e-08	6.990909e-10	1.242351e-10	8.310294e-11	2.212393e-11	1.767813e-11	1.614477e-11	1.674506e-11	NA	NA	NA	NA	NA	NA	NA	NA	NA	NA	NA	NA	NA	NA	NA
16	0.1463633	0.0970423	0.05336276	0.0225445	0.002330686	0.0002215723	0.0001009593	1.262875e-06	4.555108e-08	3.198281e-10	6.568977e-11	1.78262e-11	1.925612e-11	1.478056e-11	1.321746e-11	1.376703e-11	NA	NA	NA	NA	NA	NA	NA	NA	NA	NA	NA	NA	NA	NA
17	0.1714903	0.09868763	0.06970023	0.03720666	0.0135917	0.001876834	0.0001673372	7.612073e-05	9.620806e-07	3.493493e-08	2.38942e-10	6.189418e-11	1.355189e-11	1.609709e-11	1.159116e-11	9.790699e-12	1.017078e-11	NA	NA	NA	NA	NA	NA	NA	NA	NA	NA	NA	NA	NA
18	0.3470307	0.1061106	0.07152446	0.05065541	0.02784175	0.009835385	0.001020403	0.0001265573	5.754616e-05	7.47085e-07	2.39414e-08	1.761895e-10	6.027794e-11	1.227453e-11	1.478299e-11	1.021645e-11	8.402012e-12	8.769452e-12	NA	NA	NA	NA	NA	NA	NA	NA	NA	NA	NA	NA
19	0.7019687	0.1672801	0.0880598	0.06184958	0.04286373	0.02375909	0.00867159	0.0008977274	0.0001107763	5.075075e-05	6.170015e-07	2.127991e-08	1.169387e-10	8.772901e-12	1.007685e-11	1.21053e-11	6.7438e-12	7.397529e-12	7.711304e-12	NA	NA	NA	NA	NA	NA	NA	NA	NA	NA	NA
20	0.6152466	0.5492634	0.1107625	0.08754044	0.06143255	0.04271479	0.02366961	0.008636399	0.000894369	0.000110362	5.05604e-05	6.146767e-07	2.118517e-08	1.160048e-10	8.720572e-12	1.001627e-11	1.206209e-11	6.716449e-12	7.367341e-12	7.681159e-12	NA	NA	NA	NA	NA	NA	NA	NA	NA	NA
21	0.936843	0.6148147	0.5488725	0.1104127	0.0874879	0.06137816	0.04271032	0.0236668	0.008635187	0.0008942689	0.0001103495	5.055466e-05	6.146071e-07	2.118305e-08	1.15791e-10	8.719005e-12	1.001444e-11	1.206116e-11	6.715539e-12	7.366301e-12	7.680123e-12	NA	NA	NA	NA	NA	NA	NA	NA	NA
22	0.9740229	0.9365276	0.6146608	0.5487513	0.1103218	0.08743624	0.06133957	0.04268044	0.0236531	0.008630093	0.0008937472	0.0001102848	5.052501e-05	6.142553e-07	2.117179e-08	1.157249e-10	8.716387e-12	1.001154e-11	1.205784e-11	6.711536e-12	7.361787e-12	7.675364e-12	NA	NA	NA	NA	NA	NA	NA	NA
23	0.995372	0.9692926	0.9351218	0.6137314	0.547951	0.1096382	0.08706862	0.06100536	0.04236403	0.02361779	0.008617296	0.0008924333	0.0001101266	5.045263e-05	6.134033e-07	2.11398e-08	1.155363e-10	8.710331e-12	1.000495e-11	1.205044e-11	6.702826e-12	7.352366e-12	7.66601e-12	NA	NA	NA	NA	NA	NA	NA
24	0.7146106	0.7065325	0.6915792	0.6632655	0.3896417	0.366175	0.09180969	0.0781377	0.05493338	0.03837079	0.0212188	0.00772005	0.0007996731	9.877138e-05	4.525123e-05	5.507984e-07	1.868396e-08	8.848458e-11	3.940418e-12	4.323025e-12	5.00642e-12	6.108035e-12	6.68837e-12	6.976446e-12	NA	NA	NA	NA	NA	NA
25	0.3960908	0.3089729	0.3077349	0.3067815	0.303663	0.2959383	0.2935398	0.03801425	0.03167877	0.02811456	0.01789469	0.01081437	0.004037561	0.0004184655	5.17175e-05	2.369903e-05	2.893636e-07	9.469224e-09	4.67003e-11	2.090342e-12	2.319988e-12	2.690082e-12	3.282953e-12	3.540945e-12	3.733064e-12	NA	NA	NA	NA	NA
26	0.1116046	0.02755398	0.01555687	0.01529615	0.01502253	0.01207736	0.009512982	0.007652456	0.005932855	0.002743328	0.001791503	0.001297379	0.0007797605	0.0002891091	2.970017e-05	3.669803e-06	1.681285e-06	1.994325e-08	6.436415e-10	4.043902e-12	1.627907e-13	1.633622e-13	1.869694e-13	2.248039e-13	2.528286e-13	2.667255e-13	NA	NA	NA	NA
27	0.2275706	0.01905824	0.01730852	0.006864329	0.006680532	0.006482619	0.004353691	0.003280177	0.002741345	0.002244507	0.0005610633	0.0003368544	0.0002425242	0.0001345409	4.831002e-05	5.020795e-06	5.906579e-07	2.702399e-07	3.190116e-09	1.262572e-10	1.009304e-12	3.68545e-14	2.36069e-14	2.62304e-14	3.019142e-14	3.267309e-14	3.290603e-14	NA	NA	NA
28	0.3149429	0.1522106	0.0178105	0.01639654	0.006027015	0.005854535	0.005667242	0.003603678	0.002675229	0.002277668	0.001912059	0.0003352314	0.0001702146	0.0001206416	6.1047e-05	2.271568e-05	2.397288e-06	2.630686e-07	1.201279e-07	1.403494e-09	6.89435e-11	6.719613e-13	2.283067e-14	8.071545e-15	8.363697e-15	8.567602e-15	8.551446e-15	8.675581e-15	NA	NA
29	0.2871516	0.1992022	0.1327598	0.01342161	0.01318227	0.003162748	0.003135579	0.003099659	0.002524235	0.001791934	0.001678189	0.00158091	0.0001247449	5.680582e-05	3.75768e-05	2.215667e-05	8.20829e-06	9.088479e-07	9.548848e-08	4.358595e-08	5.111475e-10	2.61477e-11	4.209927e-13	1.775637e-14	2.841691e-15	2.891471e-15	2.671326e-15	2.343406e-15	2.324268e-15	NA
30	0.2328888	0.2002285	0.1834845	0.122919	0.01042072	0.01040921	0.002441532	0.002452452	0.002464768	0.002141898	0.001500259	0.001459247	0.001431195	7.110575e-05	3.531678e-05	2.357786e-05	1.370536e-05	5.137042e-06	5.800575e-07	5.923699e-08	2.70514e-08	3.238521e-10	1.604283e-11	3.622685e-13	1.673152e-14	1.844825e-15	1.902806e-15	1.691679e-15	1.37896e-15	1.366263e-15
31	0.5382576	0.1703421	0.1625731	0.1549012	0.09624331	0.00396545	0.00384839	0.002047598	0.002079411	0.002113903	0.00196148	0.001347785	0.001345827	0.00135446	4.053564e-05	1.854342e-05	1.237857e-05	7.253642e-06	2.735219e-06	3.309136e-07	3.088896e-08	1.409722e-08	1.711256e-10	8.676459e-12	3.186165e-13	1.586115e-14	1.024379e-15	1.067046e-15	8.322117e-16	7.653806e-16
32	0.2772032	0.1436705	0.1418211	0.143129	0.1453588	0.09031444	0.001266859	0.001233587	0.0006310351	0.0006489111	0.0006670179	0.0006684023	3.805297e-05	2.510926e-05	1.330909e-05	8.213985e-06	3.492357e-06	2.293369e-06	1.394406e-06	5.149616e-07	5.32755e-08	6.464789e-09	2.946207e-09	3.31948e-11	1.855794e-12	2.680513e-13	2.510787e-15	4.229617e-16	4.817771e-16	2.674283e-16
33	0.2031438	0.1682613	0.06363808	0.06027941	0.06015662	0.05969639	0.001510656	0.0006534553	0.0005982424	0.0006067028	0.0006236756	0.000640798	0.000658459	3.58356e-05	2.324384e-05	1.177586e-05	7.253521e-06	3.249026e-06	2.102409e-06	1.272374e-06	4.73764e-07	4.896718e-08	5.90908e-09	2.703652e-09	3.136051e-11	1.780166e-12	2.672811e-13	2.014574e-15	3.857782e-16	4.369047e-16
34	0.2884753	0.1517191	0.1172046	0.01139847	0.006569905	0.004617896	0.002225333	0.001470775	0.0006147444	0.0005975285	0.0006059826	0.0006229356	0.0006400382	0.0006576898	3.505871e-05	2.247172e-05	1.173999e-05	7.224507e-06	3.22472e-06	2.084349e-06	1.261318e-06	4.696058e-07	4.853986e-08	5.855063e-09	2.678803e-09	3.101967e-11	1.550697e-12	1.028926e-14	1.854284e-15	1.935318e-16
35	0.2395675	0.1666204	0.1365923	0.1092673	0.00921642	0.005456137	0.003617318	0.00135443	0.0006195635	0.0001109094	7.63841e-05	6.437638e-05	5.80605e-05	4.977719e-05	3.971286e-05	3.261516e-05	2.076259e-05	1.073781e-05	6.515073e-06	2.867703e-06	1.833559e-06	1.108016e-06	4.137653e-07	4.274387e-08	5.135084e-09	2.349654e-09	2.709845e-11	1.384235e-12	8.051714e-15	1.626702e-16
36	0.272011	0.1446321	0.07372069	0.04152714	0.0142336	0.008382622	0.004753057	0.002896185	0.001319238	0.0006160818	0.0001092462	7.496609e-05	6.294593e-05	5.660311e-05	4.829121e-05	3.819324e-05	3.10748e-05	2.060533e-05	1.062635e-05	6.41011e-06	2.767692e-06	1.755975e-06	1.061452e-06	3.963666e-07	4.093474e-08	4.906844e-09	2.245006e-09	2.582336e-11	1.354535e-12	7.862506e-15
37	0.3473764	0.2543322	0.1358453	0.0696395	0.03939528	0.01332516	0.007800811	0.004504748	0.002708836	0.001270701	0.0005942354	0.0001051502	7.218819e-05	6.056116e-05	5.442559e-05	4.638e-05	3.660693e-05	2.974298e-05	1.979746e-05	1.016546e-05	6.078494e-06	2.553467e-06	1.602098e-06	9.690458e-07	3.618454e-07	3.734611e-08	4.454363e-09	2.037597e-09	2.33431e-11	1.274838e-12
38	0.4983445	0.1453335	0.1029899	0.05268914	0.02520722	0.01411759	0.004891481	0.00286647	0.001673475	0.001043907	0.0004572984	0.0002132865	3.825032e-05	2.648899e-05	2.215932e-05	1.975728e-05	1.722599e-05	1.360242e-05	1.08615e-05	7.324065e-06	3.978499e-06	2.396367e-06	1.175118e-06	7.882884e-07	4.795061e-07	1.789833e-07	1.836354e-08	2.064696e-09	9.430056e-10	1.099105e-11
39	0.1994465	0.1973302	0.02584525	0.01254446	0.00439286	0.0006812658	0.0002182969	0.0001434654	8.113026e-05	5.638261e-05	5.505312e-05	4.059573e-06	2.320128e-06	9.754701e-07	8.763976e-07	8.173083e-07	8.261225e-07	8.41203e-07	4.806845e-07	4.022299e-07	4.019159e-07	4.07075e-07	1.673416e-07	1.727555e-07	1.36556e-07	8.407524e-08	3.1418e-08	3.268227e-09	4.118745e-10	1.888403e-10
40	0.205409	0.09082901	0.09014379	0.01701635	0.005383638	0.0001870803	8.027346e-06	2.996828e-06	1.779166e-06	1.092175e-06	8.737578e-07	8.703521e-07	5.066778e-07	5.082995e-07	5.015455e-07	5.202029e-07	5.406402e-07	5.639164e-07	5.893422e-07	2.377808e-07	2.239001e-07	2.354777e-07	2.450939e-07	1.38249e-09	1.278544e-09	1.002118e-09	5.965198e-10	2.225151e-10	2.314023e-11	2.914831e-12
41	0.2786062	0.1893758	0.07531204	0.07598055	0.003570884	0.0030323	0.000126877	2.504459e-06	9.484958e-07	5.169442e-07	3.228167e-07	2.791494e-07	2.780755e-07	2.07379e-07	2.096406e-07	2.000714e-07	2.075105e-07	2.150804e-07	2.243885e-07	2.345495e-07	2.36323e-07	2.227952e-07	2.344575e-07	2.44114e-07	3.863601e-10	2.565591e-10	1.952062e-10	1.011032e-10	3.73866e-11	3.887371e-12
42	0.2485709	0.2110299	0.1527026	0.04757229	0.04788249	7.104042e-05	1.256958e-05	7.022235e-06	2.028374e-07	8.330025e-08	4.616116e-08	3.048787e-08	2.390699e-08	2.252819e-08	8.174211e-09	7.310752e-09	3.143515e-09	3.101271e-09	3.201913e-09	3.33533e-09	3.483077e-09	3.630888e-09	3.17674e-09	3.331729e-09	1.898262e-10	1.708073e-10	4.36737e-11	2.596413e-11	1.450813e-11	5.276523e-12
43	0.8925414	0.2069818	0.2081095	0.1511254	0.04615759	0.0470544	5.055477e-05	4.034882e-06	1.108656e-06	9.418733e-08	4.562592e-08	2.323478e-08	1.530928e-08	1.189774e-08	1.093834e-08	4.34318e-09	3.63002e-09	2.398559e-09	2.4633e-09	2.556421e-09	2.663602e-09	2.782626e-09	2.900175e-09	3.037464e-09	3.189839e-09	4.40147e-11	2.077275e-11	1.951257e-11	9.115644e-12	5.501779e-12
44	0.2411776	0.228107	0.1940808	0.1967347	0.1404778	0.04613124	0.04703419	3.430789e-05	3.763775e-07	1.498799e-07	4.16273e-08	2.178715e-08	8.935685e-09	4.981645e-09	3.161774e-09	2.335756e-09	1.08686e-09	8.352783e-10	6.29147e-11	4.882987e-11	4.474352e-11	4.599756e-11	4.739708e-11	3.580243e-11	3.327989e-11	3.079532e-11	2.852059e-11	5.063202e-12	3.437271e-12	2.482146e-12
45	0.2021142	0.196899	0.2003676	0.1843043	0.1886796	0.1327983	0.03826251	0.0389918	3.388413e-05	1.755933e-07	3.233594e-08	4.801382e-09	2.394297e-09	1.879834e-09	9.375381e-10	7.947755e-10	7.831971e-10	5.907351e-10	5.928378e-10	3.270587e-12	2.330976e-12	2.217973e-12	2.257079e-12	2.300142e-12	2.356177e-12	1.04219e-12	9.354914e-13	7.812157e-13	7.482874e-13	6.94167e-13
46	0.2176853	0.1998854	0.1965018	0.2001591	0.1842203	0.1886095	0.1327311	0.03819364	0.0389805	2.320058e-05	1.543559e-07	1.54593e-08	3.146263e-09	1.579667e-09	1.1929e-09	3.211292e-10	1.958239e-10	1.701296e-10	2.580766e-11	9.660916e-12	1.713847e-12	9.426239e-13	8.206027e-13	8.269869e-13	8.302144e-13	8.350055e-13	7.385963e-13	6.525545e-13	5.100746e-13	4.786343e-13
47	0.7029855	0.0606052	0.04180477	0.03491815	0.03534458	0.03587754	0.03665015	0.03748581	0.0381936	0.03898046	2.31635e-05	1.163046e-07	1.496523e-08	3.064752e-09	1.51647e-09	1.146143e-09	2.819762e-10	1.857336e-10	1.60481e-10	1.69944e-11	9.195339e-12	1.408663e-12	8.980563e-13	7.789472e-13	7.86554e-13	7.913423e-13	7.98119e-13	7.03154e-13	6.251183e-13	5.046448e-13
48	0.2026123	0.080412	0.05539988	0.04082276	0.03457889	0.03508156	0.03566618	0.03644504	0.03727889	0.03798142	0.03897944	2.309992e-05	1.123873e-07	1.167088e-08	2.813878e-09	1.392063e-09	1.095694e-09	2.525202e-10	1.672716e-10	1.466184e-10	1.428179e-11	7.863713e-12	1.1605e-12	7.250298e-13	6.347516e-13	6.413485e-13	6.449755e-13	6.504949e-13	5.990516e-13	5.462467e-13
49	0.3732037	0.1902802	0.07476002	0.05348226	0.04030398	0.03409604	0.03464166	0.03530911	0.03613807	0.037032	0.03798142	0.03897943	2.309933e-05	1.118909e-07	1.147263e-08	2.736945e-09	1.351318e-09	1.080276e-09	2.430257e-10	1.61017e-10	1.418899e-10	1.298474e-11	7.290212e-12	1.024961e-12	6.179866e-13	5.35368e-13	5.455739e-13	5.570671e-13	5.679032e-13	5.201173e-13
50	0.118929	0.1021534	0.02621787	0.01282206	0.006634107	0.006238773	3.258311e-05	2.484994e-05	2.131319e-05	2.107106e-05	2.137758e-05	2.192189e-05	2.249678e-05	2.304693e-05	1.014058e-07	5.899963e-09	9.266758e-10	7.184671e-10	7.135074e-10	4.036046e-11	2.837082e-11	1.993268e-11	2.23161e-12	1.970384e-12	8.490572e-14	5.332925e-14	5.167995e-14	5.356072e-14	5.564922e-14	5.796878e-14
51	0.1164539	0.09861881	0.08881537	0.01620776	0.005380227	0.0003372525	9.084573e-06	5.405415e-06	1.606227e-06	3.23677e-07	1.348278e-07	9.095737e-08	9.179496e-08	9.417395e-08	9.643524e-08	9.878289e-08	3.988324e-09	6.957823e-10	6.539935e-10	6.648293e-10	1.320639e-11	9.284961e-12	5.76943e-13	4.67519e-14	2.178271e-14	4.361801e-15	2.39175e-15	2.021719e-15	2.000364e-15	1.974985e-15
52	0.6759645	0.0357683	0.01684767	0.01578684	0.01566082	0.005119686	8.158048e-05	6.002243e-06	2.471981e-06	1.43493e-06	2.279737e-07	4.713842e-08	4.275341e-09	3.721487e-09	3.789531e-09	3.613427e-09	3.383304e-09	3.378248e-09	7.431852e-11	1.47477e-11	9.191391e-12	9.144254e-12	9.19165e-12	4.857743e-13	3.979772e-14	1.825353e-14	3.107939e-15	2.012896e-15	1.66895e-15	1.649107e-15
53	0.4869605	0.4620035	0.02209179	0.006272871	0.005246934	0.004985774	0.005021095	3.748491e-05	1.64468e-06	9.612602e-07	7.30178e-07	7.629451e-08	9.797497e-09	6.793542e-10	4.836742e-10	4.763188e-10	2.439622e-10	2.34511e-10	1.432e-10	7.219594e-11	1.360281e-11	8.783468e-12	8.908756e-12	9.054332e-12	3.978133e-13	7.866388e-15	3.509459e-15	8.126722e-16	5.672787e-16	5.405453e-16
54	0.650808	0.4704761	0.4609148	0.02119497	0.00538489	0.005156656	0.004943788	0.00501872	3.662636e-05	1.595619e-06	9.17615e-07	6.885652e-07	3.563691e-08	9.648674e-09	6.471349e-10	4.548306e-10	4.52919e-10	2.315311e-10	2.217961e-10	1.31038e-10	5.968532e-11	5.608819e-12	6.60753e-13	5.260173e-13	3.967294e-13	3.975523e-13	7.762961e-15	3.461974e-15	8.053609e-16	5.626572e-16
55	0.1247889	0.1055995	0.03641883	0.01894983	0.01591353	0.000587858	0.0003657453	7.308353e-05	4.58199e-05	3.3872e-05	1.516406e-06	8.659061e-07	6.764643e-07	3.225371e-08	7.922668e-09	5.795217e-10	3.96755e-10	4.004495e-10	1.785396e-10	1.67399e-10	7.538747e-11	2.541759e-12	1.776706e-12	3.656883e-13	2.430396e-13	1.065808e-13	9.81681e-14	7.18301e-15	3.189079e-15	7.499393e-16
56	0.2917311	0.1080814	0.09054003	0.0218899	0.004212024	0.0009623953	0.0003056339	8.001267e-05	4.952592e-05	2.203317e-05	9.748407e-06	1.481236e-06	8.335964e-07	6.743189e-07	3.182232e-08	7.743472e-09	4.922239e-10	3.131766e-10	3.147712e-10	9.10664e-11	7.753826e-11	7.416553e-11	1.413306e-12	6.364848e-13	3.463772e-13	2.398401e-13	1.040468e-13	9.567085e-14	5.841375e-15	3.135202e-15
57	0.3200613	0.1254821	0.03376818	0.02051431	0.006831305	0.002821028	0.0005786296	0.0001274262	4.283812e-05	2.58231e-05	1.493807e-05	6.551821e-06	9.295409e-07	7.305568e-07	6.293906e-07	2.234986e-08	5.498304e-09	4.140027e-10	2.637397e-10	2.687525e-10	6.410535e-11	6.287213e-11	6.35723e-11	5.951728e-13	3.733822e-13	1.704299e-13	1.38913e-13	3.239225e-14	2.516658e-14	2.428091e-15
58	0.2013982	0.1591771	0.1189087	0.03329116	0.02011901	0.006769782	0.002769441	0.0005674894	0.0001222448	3.7683e-05	2.527043e-05	1.441427e-05	6.041767e-06	4.232671e-07	2.131591e-07	1.005602e-07	2.216574e-08	5.337255e-09	3.753414e-10	2.63416e-10	2.684379e-10	6.387053e-11	6.263758e-11	6.338393e-11	4.158067e-13	2.010421e-13	8.30953e-14	4.983136e-14	3.213537e-14	2.491379e-14
59	0.7698466	0.1999352	0.1582841	0.1186206	0.03310222	0.01999149	0.006734167	0.002748974	0.0005644453	0.0001219827	3.747487e-05	2.514984e-05	1.433613e-05	6.007629e-06	4.200799e-07	2.109342e-07	9.90653e-08	2.108616e-08	5.164047e-09	3.742404e-10	2.633803e-10	2.684079e-10	6.385525e-11	6.262406e-11	6.337942e-11	4.134882e-13	1.996989e-13	8.242955e-14	4.948371e-14	3.185971e-14
60	0.3985637	0.3648669	0.194317	0.1547639	0.1157765	0.0307755	0.01817788	0.006477911	0.002593756	0.0005378431	0.0001180778	3.398642e-05	2.247813e-05	1.27805e-05	5.724984e-06	4.011575e-07	2.008794e-07	9.434175e-08	1.999269e-08	4.806521e-09	3.139698e-10	2.613233e-10	2.669629e-10	6.346005e-11	6.229078e-11	6.321042e-11	3.745422e-13	1.786463e-13	6.791383e-14	3.797892e-14
61	0.4110169	0.3781562	0.345657	0.176528	0.1541952	0.1153186	0.03041023	0.01790018	0.006341983	0.002474567	0.0005336106	0.0001174964	3.348518e-05	2.220698e-05	1.263982e-05	5.650135e-06	3.979499e-07	1.991546e-07	9.356234e-08	1.9827e-08	4.767204e-09	3.125637e-10	2.608017e-10	2.664902e-10	6.328124e-11	6.213103e-11	6.31816e-11	3.684561e-13	1.759409e-13	6.62436e-14
62	0.1651965	0.136566	0.1273019	0.1181703	0.02260053	0.01433761	0.01162071	0.00746919	0.004056759	0.002521829	0.0004042297	0.0001380518	8.363542e-05	7.641211e-06	4.968757e-06	1.964219e-06	7.842887e-07	7.191256e-08	2.802404e-08	1.371824e-08	2.671469e-09	6.591786e-10	6.403128e-11	5.760811e-11	5.883706e-11	5.940494e-11	6.082185e-11	6.237115e-11	8.763047e-14	2.837569e-14
63	0.4947636	0.03497192	0.02724644	0.02335923	0.02039173	0.01487782	0.008590343	0.007272622	0.003221602	0.001940612	0.0005491931	0.0003027887	5.81175e-05	7.150199e-06	5.239764e-06	2.771551e-06	1.791054e-06	6.958255e-07	4.61373e-08	2.557518e-08	1.258165e-08	2.388842e-09	5.517596e-10	8.193327e-12	1.099166e-12	9.307389e-13	3.541448e-13	3.035098e-13	1.824401e-13	7.447063e-14
64	0.1998557	0.1080588	0.03370627	0.02643789	0.02260375	0.01971509	0.01425333	0.008547904	0.00723383	0.003184432	0.001904958	0.0005463699	0.0003003313	5.66801e-05	6.049332e-06	4.118786e-06	2.764062e-06	1.785628e-06	6.923307e-07	4.550308e-08	2.496329e-08	1.198623e-08	2.384955e-09	5.508345e-10	8.152923e-12	1.071507e-12	9.031768e-13	3.274509e-13	2.762471e-13	1.552618e-13
65	0.4975455	0.1986787	0.107791	0.03367373	0.02640928	0.0225765	0.01969498	0.01423591	0.008546228	0.007232383	0.003183192	0.001903914	0.0005461557	0.0003001548	5.66592e-05	6.041993e-06	4.111632e-06	2.763443e-06	1.785225e-06	6.922056e-07	4.549326e-08	2.495686e-08	1.198332e-08	2.383529e-09	5.507461e-10	8.150559e-12	1.070285e-12	9.020149e-13	3.266033e-13	2.754096e-13
66	0.4175043	0.2948266	0.1458212	0.092283	0.02756244	0.02090182	0.01726911	0.01459487	0.01051024	0.008089944	0.00687827	0.002918238	0.001725385	0.0005028662	0.0002735464	5.224586e-05	5.175355e-06	3.31172e-06	2.219555e-06	1.40466e-06	6.431029e-07	4.218978e-08	2.316426e-08	1.120808e-08	2.219026e-09	5.11733e-10	6.936121e-12	3.974911e-13	2.849972e-13	1.710117e-13
67	0.3923633	0.3711263	0.2652795	0.1283432	0.08458584	0.02601004	0.01964585	0.01609491	0.01354966	0.009689424	0.007977859	0.006791301	0.002852832	0.001680791	0.0004903038	0.0002650523	5.109186e-05	4.980024e-06	3.132903e-06	2.143977e-06	1.372621e-06	6.26059e-07	4.143036e-08	2.276232e-08	1.102255e-08	2.180211e-09	5.026262e-10	6.726949e-12	3.052223e-13	2.094966e-13
68	0.5131003	0.2568093	0.2375733	0.179247	0.1203625	0.07795167	0.02203917	0.01589017	0.01314774	0.01062755	0.006874131	0.005153792	0.003971442	0.002789748	0.001643428	0.0004791839	0.0002592118	4.996261e-05	4.868064e-06	3.043705e-06	2.085415e-06	1.342118e-06	6.122207e-07	4.04393e-08	2.227849e-08	1.079748e-08	2.132903e-09	4.916746e-10	6.553303e-12	2.719261e-13
69	0.7456262	0.4223203	0.2295696	0.2107163	0.1532285	0.10532	0.0656068	0.0206899	0.01516519	0.01256706	0.01009051	0.006768699	0.00507174	0.003906248	0.002740828	0.001619875	0.0004718009	0.0002548271	4.846467e-05	3.984213e-06	3.002449e-06	2.05697e-06	1.323733e-06	6.03832e-07	3.990278e-08	2.199264e-08	1.066484e-08	2.106591e-09	4.856402e-10	6.465391e-12
70	0.7538761	0.6827692	0.4067308	0.2199438	0.2012276	0.1457978	0.1000444	0.06286396	0.02032255	0.01491822	0.01235918	0.009909921	0.006686172	0.005013504	0.003861388	0.002709025	0.001600663	0.0004664661	0.0002518926	4.78792e-05	3.925335e-06	2.954362e-06	2.03084e-06	1.306638e-06	5.949585e-07	3.876751e-08	2.104032e-08	9.825901e-09	2.083566e-09	4.803257e-10
71	0.9892391	0.7517728	0.6816404	0.4060189	0.219396	0.2006807	0.1454762	0.09980957	0.06277038	0.02030717	0.01490826	0.01235091	0.009903927	0.006683404	0.00501152	0.003859861	0.002707948	0.001600019	0.0004662797	0.0002517887	4.786009e-05	3.923626e-06	2.95303e-06	2.029997e-06	1.306098e-06	5.947257e-07	3.87509e-08	2.10305e-08	9.821303e-09	2.081962e-09
72	0.7847385	0.7777378	0.7068609	0.6500762	0.3794994	0.1959988	0.1770829	0.1224989	0.07829983	0.06068792	0.01977581	0.01469221	0.01221596	0.009785753	0.006641764	0.004981076	0.003836568	0.002691421	0.001590019	0.0004633646	0.0002501122	4.757251e-05	3.896762e-06	2.931786e-06	2.015397e-06	1.295725e-06	5.912185e-07	3.847866e-08	2.085968e-08	9.760604e-09
73	0.7471035	0.6719192	0.6636566	0.593314	0.5487102	0.3712656	0.1916651	0.1727941	0.1188208	0.07614011	0.0589827	0.0194477	0.01451947	0.01208094	0.009661688	0.006580164	0.004958861	0.003819507	0.002679296	0.001582656	0.0004613528	0.0002490073	4.736041e-05	3.877232e-06	2.916368e-06	2.005782e-06	1.289852e-06	5.885727e-07	3.830573e-08	2.076353e-08
74	0.06985401	0.0667201	0.06680836	0.06737895	0.0572098	0.05383828	0.02469079	0.004748881	0.004507273	0.00299298	0.001356275	0.001065065	0.0002873569	0.0002238062	0.0001809246	0.0001488993	8.875116e-05	6.781694e-05	5.245238e-05	3.797204e-05	2.397414e-05	9.351682e-06	3.204394e-06	6.226203e-07	6.479591e-08	5.210119e-08	3.238292e-08	1.725275e-08	7.783187e-09	5.222539e-10
75	0.08161569	0.03093059	0.03047325	0.03071447	0.03109457	0.03119832	0.03027242	0.012262	0.0009334056	0.0008689793	0.000773001	0.000404656	0.0003285813	6.857844e-05	4.778171e-05	4.023385e-05	3.381695e-05	1.754638e-05	1.332297e-05	1.00257e-05	7.143543e-06	4.365078e-06	1.186128e-06	6.502936e-07	1.331323e-07	1.979818e-08	1.749651e-08	9.047919e-09	3.605067e-09	1.577331e-09
76	0.1518596	0.04571694	0.03060332	0.03018621	0.03042769	0.03080666	0.03091756	0.02999663	0.01214379	0.0008999646	0.0008386713	0.0007493791	0.0003885282	0.0003175615	6.523331e-05	4.525706e-05	3.808856e-05	3.209022e-05	1.637382e-05	1.246405e-05	9.364918e-06	6.678462e-06	4.088666e-06	1.105621e-06	6.057229e-07	1.247161e-07	1.905452e-08	1.691698e-08	8.641175e-09	3.364437e-09
77	0.4480528	0.1445792	0.04518863	0.03012464	0.02970366	0.02993867	0.03031091	0.03041534	0.02998468	0.01213972	0.0008980066	0.0008368795	0.0007479145	0.0003875032	0.0003170302	6.505998e-05	4.511924e-05	3.797024e-05	3.199457e-05	1.630842e-05	1.241471e-05	9.326238e-06	6.650498e-06	4.071032e-06	1.098636e-06	6.006639e-07	1.242559e-07	1.90144e-08	1.68859e-08	8.620379e-09
78	0.9073242	0.3956375	0.1080225	0.04293026	0.02965238	0.02932009	0.02956613	0.02994679	0.0300878	0.02966638	0.01194711	0.0007871042	0.0007429301	0.0006673132	0.0003361146	0.0002804142	5.019413e-05	3.258661e-05	2.711653e-05	2.334222e-05	1.026315e-05	7.893303e-06	5.8275e-06	4.194478e-06	2.620379e-06	6.768115e-07	3.70237e-07	7.894147e-08	1.536504e-08	1.411492e-08
79	0.9462532	0.8984743	0.3870654	0.1000066	0.04234076	0.02919827	0.02886537	0.02910554	0.02948008	0.02961564	0.02965771	0.01194175	0.0007842204	0.00074049	0.0006652236	0.0003347115	0.0002795577	4.98084e-05	3.225469e-05	2.682743e-05	2.311078e-05	1.009709e-05	7.767923e-06	5.730455e-06	4.126075e-06	2.579605e-06	6.643025e-07	3.629782e-07	7.772427e-08	1.525396e-08
80	0.8255141	0.8073721	0.7704699	0.2994634	0.08350605	0.03221746	0.02875811	0.02846541	0.02870645	0.02908096	0.02922679	0.02927028	0.01170866	0.000662266	0.0006234098	0.0005529693	0.0002698035	0.0002279195	4.147904e-05	2.611593e-05	2.149804e-05	1.851022e-05	7.763619e-06	5.958211e-06	4.27924e-06	3.025194e-06	1.816241e-06	5.19378e-07	2.832336e-07	6.091952e-08
81	0.09457116	0.08776999	0.08298187	0.06189697	0.05016216	0.03709406	0.01853427	0.01665578	0.01660484	0.01679575	0.01702427	0.017192	0.01715932	0.006490512	0.0002684552	0.000247204	0.0002060714	9.744385e-05	8.063652e-05	1.509159e-05	9.951962e-06	8.319456e-06	6.934768e-06	3.7883e-06	2.904352e-06	2.147737e-06	1.527553e-06	9.294148e-07	2.544508e-07	1.389523e-07
82	0.1193889	0.0821861	0.07544798	0.07051415	0.05414335	0.04341451	0.03036114	0.0126496	0.01102536	0.01096146	0.01107665	0.01122569	0.01131116	0.01120676	0.004404073	0.0002644108	0.0002484995	0.0002069561	9.757019e-05	8.082856e-05	1.512294e-05	9.990094e-06	8.352132e-06	6.960926e-06	3.801504e-06	2.924565e-06	2.168227e-06	1.542819e-06	9.392383e-07	2.571023e-07
83	0.8566586	0.1116228	0.07613579	0.06937986	0.0643085	0.0506835	0.03984034	0.0266533	0.009038404	0.00739971	0.007325508	0.007390971	0.007488005	0.007519014	0.007402122	0.003074155	0.0002650836	0.0002522845	0.000210157	9.907284e-05	8.210825e-05	1.535115e-05	1.014689e-05	8.484894e-06	7.072921e-06	3.859835e-06	2.973297e-06	2.20835e-06	1.571943e-06	9.573296e-07
84	0.9366421	0.8021397	0.1053348	0.07351397	0.06689766	0.06190068	0.0491788	0.0383186	0.02508855	0.008024731	0.006431418	0.006355684	0.006408473	0.006492514	0.006509597	0.006378574	0.002720986	0.0002648193	0.0002530708	0.0002105195	9.881659e-05	8.200283e-05	1.528038e-05	1.008241e-05	8.431207e-06	7.031478e-06	3.830545e-06	2.954895e-06	2.194177e-06	1.56292e-06
85	0.9617163	0.906808	0.7925643	0.09137938	0.06902446	0.06302373	0.05839646	0.0467185	0.03599452	0.02289987	0.006885257	0.005386104	0.005310266	0.0053492	0.005418967	0.005421757	0.005437389	0.00239868	0.0002651763	0.0002545297	0.000211693	9.896253e-05	8.239562e-05	1.502109e-05	9.788839e-06	8.162992e-06	6.790322e-06	3.603325e-06	2.765256e-06	2.045427e-06
86	0.8390197	0.8337443	0.8179511	0.7124361	0.08298027	0.06593481	0.06008946	0.05560589	0.04478542	0.03437494	0.02130154	0.00545032	0.004438562	0.004360585	0.00438632	0.004442563	0.004430849	0.004434041	0.002057554	0.0002608732	0.0002510479	0.0002076533	9.626965e-05	8.031053e-05	1.477875e-05	9.583985e-06	7.969485e-06	6.600978e-06	3.50649e-06	2.676557e-06
87	0.1380124	0.1315172	0.1276357	0.1182391	0.052819	0.03682206	0.03048002	0.02908039	0.02787383	0.02351422	0.01635824	0.01436268	0.003454313	0.003107454	0.003066593	0.003098729	0.003142522	0.003144331	0.003135195	0.001467699	0.0001523222	0.0001492522	0.000109251	5.687132e-05	4.895441e-05	7.563768e-06	3.940308e-06	3.089862e-06	2.60498e-06	1.0205e-06
88	0.2013041	0.1238365	0.1176668	0.1136383	0.1050702	0.0475635	0.03282005	0.0285596	0.02718044	0.02596107	0.02216465	0.01491555	0.0129134	0.002623438	0.002294146	0.002250118	0.002270696	0.002302139	0.002291942	0.002271045	0.00118213	0.0001524497	0.0001500434	0.0001093948	5.706007e-05	4.930677e-05	7.61658e-06	3.959782e-06	3.1021e-06	2.614806e-06
89	0.8223328	0.1768149	0.1094607	0.103466	0.09933723	0.09210515	0.04460743	0.03101047	0.02710752	0.02577234	0.02457176	0.02111637	0.01378354	0.01179201	0.002107894	0.001790455	0.00174887	0.00176745	0.001792213	0.001793903	0.001779184	0.001015308	0.0001422307	0.0001400264	9.851713e-05	5.578896e-05	4.842453e-05	7.580478e-06	3.889367e-06	3.023132e-06
90	0.954175	0.8002948	0.1505067	0.09789254	0.09197305	0.08776037	0.08167705	0.04288388	0.03012213	0.02644552	0.02512003	0.02391464	0.02065881	0.01322549	0.01122291	0.001746237	0.001435942	0.001398486	0.001413446	0.001433136	0.00143397	0.001454001	0.0008917575	0.0001409525	0.0001390674	9.680927e-05	5.600244e-05	4.874873e-05	7.650295e-06	3.903732e-06
91	0.96163	0.9434383	0.7933662	0.140006	0.09392648	0.0881525	0.08387912	0.07811054	0.04174259	0.02931208	0.02596388	0.02464274	0.02343018	0.02034786	0.01281382	0.010796	0.001456082	0.001156522	0.001124982	0.001136138	0.001151607	0.001148795	0.001165057	0.0008010512	0.0001419451	0.0001403162	9.732995e-05	5.640657e-05	4.938325e-05	7.740744e-06
92	0.9896135	0.961007	0.9426153	0.7942905	0.1360736	0.09012715	0.08448251	0.08011297	0.0746476	0.0406321	0.02851849	0.02523389	0.02390299	0.02267776	0.01979403	0.01215081	0.01012779	0.001138439	0.0008473047	0.0008206667	0.0008301158	0.0008411838	0.0008452787	0.0008573778	0.0006828483	0.0001341663	0.0001326437	8.871063e-05	5.425541e-05	4.767443e-05
93	0.3297035	0.316494	0.3029956	0.2929862	0.2733609	0.0717282	0.04687062	0.04125452	0.03853136	0.03487083	0.02620601	0.01577866	0.01251104	0.01102059	0.009661787	0.006991207	0.005728566	0.003651549	0.0007818492	0.0005027828	0.0004798879	0.0004848632	0.0004909937	0.0004908521	0.0004970733	0.0003672151	8.029283e-05	7.843951e-05	7.7791e-05	4.716475e-05
94	0.2237705	0.2158868	0.2056277	0.1955427	0.1873171	0.1734829	0.04858223	0.03155178	0.0287921	0.0265629	0.02400908	0.01890386	0.01123761	0.008602319	0.007416954	0.006353427	0.004369113	0.003377336	0.002397203	0.0005166226	0.0003035682	0.0002895335	0.0002921932	0.0002955873	0.0002945267	0.0002979556	0.0002215024	4.842837e-05	4.679849e-05	4.598943e-05
95	0.2529783	0.2136553	0.2057566	0.1954335	0.1857367	0.1774134	0.165319	0.0436372	0.02735267	0.0247832	0.02250039	0.02017653	0.01681991	0.009578966	0.00700228	0.005846101	0.00486513	0.003249962	0.002327245	0.001452456	0.0003066029	0.0001120953	0.0001020579	0.0001018902	0.0001020925	9.893365e-05	9.906528e-05	7.381771e-05	2.195485e-05	2.010736e-05
96	0.4181251	0.219354	0.1960645	0.1892394	0.1803878	0.1719848	0.1647751	0.1542788	0.03657013	0.02332894	0.02113797	0.0191232	0.0171436	0.01464251	0.00801154	0.005745216	0.004735354	0.003883806	0.002565352	0.001763624	0.001020048	0.0002142837	4.753231e-05	3.906715e-05	3.811367e-05	3.740331e-05	3.375006e-05	3.294525e-05	2.364809e-05	1.210395e-05
97	0.9014309	0.3830207	0.203601	0.1854087	0.1794848	0.1718538	0.1642776	0.1578691	0.148482	0.03226894	0.02123342	0.01926587	0.0174477	0.0156617	0.01341535	0.007092676	0.005198735	0.004284801	0.003514054	0.002322171	0.00159563	0.0009210639	0.0001927152	4.167304e-05	3.40163e-05	3.313682e-05	3.247562e-05	2.913964e-05	2.83909e-05	2.043042e-05
98	0.05534955	0.05498278	0.01809949	0.009938797	0.009261307	0.009130794	0.009024928	0.008629445	0.008587953	0.008544642	0.0008604938	0.0005092054	0.0004695486	0.0004476308	0.0004097599	0.0003554484	0.0001979619	0.0001647716	0.0001516336	0.0001385508	0.0001076387	9.606255e-05	7.074048e-05	6.683552e-06	3.234787e-06	3.093918e-06	3.125439e-06	3.163537e-06	3.15871e-06	3.197568e-06
99	0.1139394	0.04146942	0.04128759	0.01648511	0.009092765	0.008787317	0.008677738	0.008599366	0.008224817	0.008206078	0.008196267	0.000553622	0.0004058826	0.0003732333	0.0003566934	0.0003252923	0.0002873182	0.0001435003	0.0001224784	0.0001127189	0.000103535	7.950732e-05	7.126337e-05	4.953879e-05	4.700022e-06	2.221341e-06	2.123711e-06	2.144195e-06	2.169593e-06	2.161634e-06
100	0.0924332	0.03628905	0.01813695	0.01793417	0.006445294	0.003342422	0.003060995	0.002901343	0.002794906	0.002709923	0.002657828	0.002612684	0.000386437	0.0002860339	0.0002646968	0.0002535975	0.0002356019	0.000212868	8.832702e-05	7.401133e-05	6.738666e-05	6.119265e-05	4.968405e-05	4.418716e-05	2.620841e-05	2.721809e-06	1.185492e-06	1.119262e-06	1.12769e-06	1.13883e-06
101	0.2958792	0.05650755	0.01514116	0.01030564	0.01015527	0.004852182	0.002337061	0.00228618	0.002299433	0.002301554	0.002271176	0.002285191	0.002293143	0.0001992324	0.000174495	0.0001644452	0.0001624118	0.0001538552	0.0001462812	3.943264e-05	3.509418e-05	3.313197e-05	3.109842e-05	2.71029e-05	2.538272e-05	1.144303e-05	1.0807e-06	5.375101e-07	5.133274e-07	5.184959e-07
102	0.8062985	0.1730159	0.0458749	0.007520916	0.004950763	0.004801453	0.001182696	0.0008864861	0.0008447579	0.0008483069	0.0008489609	0.0008510608	0.0008556626	0.0008571658	0.0001295651	0.0001168312	0.0001160069	0.0001158598	0.0001125421	0.0001085681	1.648569e-05	1.438243e-05	1.33692e-05	1.216072e-05	9.848162e-06	8.862728e-06	7.501572e-06	6.551272e-07	3.617451e-07	3.480317e-07
103	0.8646943	0.802394	0.1717367	0.04473203	0.00596968	0.003837766	0.003684151	0.001123911	0.0008677828	0.0008397137	0.0008434462	0.000844207	0.0008467391	0.0008514385	0.0008532678	0.0001231725	0.0001131426	0.0001124303	0.0001122439	0.0001090112	0.0001060876	1.312048e-05	1.110797e-05	1.010624e-05	8.953e-06	7.015151e-06	6.062234e-06	4.913025e-06	4.841489e-07	2.474972e-07
104	0.9266086	0.8585535	0.8000434	0.1698378	0.04344772	0.004454714	0.002795095	0.002638647	0.001026858	0.0008199537	0.0008187455	0.0008239253	0.0008285272	0.0008328997	0.0008391123	0.0008431632	0.0001137973	0.0001069001	0.0001066331	0.0001067477	0.0001039086	0.0001023184	8.949051e-06	7.386213e-06	6.576509e-06	5.618107e-06	4.167227e-06	3.337573e-06	2.481796e-06	3.093016e-07
105	0.9561508	0.8994812	0.8310978	0.7724144	0.1353273	0.04342496	0.003952203	0.002589459	0.002430881	0.0010221	0.000824332	0.0008246098	0.0008305352	0.0008355974	0.0008404131	0.00084701	0.00085151	0.0001132528	0.0001070342	0.0001068495	0.0001070167	0.0001042163	0.0001028814	8.118937e-06	6.60749e-06	5.804766e-06	4.862568e-06	3.502095e-06	2.682385e-06	1.885279e-06
106	0.2203356	0.2037934	0.1616871	0.09078759	0.07183001	0.06384797	0.005254137	0.002324581	0.001277411	0.001271354	0.0001938817	8.824253e-05	7.901152e-05	7.412598e-05	6.813412e-05	6.229849e-05	5.719262e-05	4.978752e-05	2.348044e-05	1.667277e-05	1.52117e-05	1.389729e-05	1.24585e-05	9.928436e-06	6.602896e-06	5.11186e-06	4.335864e-06	3.400405e-06	2.32702e-06	1.512976e-06
107	0.1655353	0.1397652	0.1288476	0.09566287	0.02397624	0.01394382	0.006607639	0.004576276	0.001661988	0.0007460837	0.000739783	0.0001736891	8.030492e-05	7.159988e-05	6.689693e-05	6.131674e-05	5.570779e-05	5.075331e-05	4.374142e-05	2.039444e-05	1.443406e-05	1.303011e-05	1.173982e-05	1.039261e-05	8.480385e-06	5.353238e-06	3.986312e-06	3.328956e-06	2.730185e-06	1.812127e-06
108	0.09769467	0.07655245	0.06289422	0.05161952	0.02786538	0.01826742	0.008950658	0.0037432	0.001973182	0.001134225	0.0004571252	0.000450297	0.0001315583	7.181411e-05	6.352896e-05	5.889156e-05	5.333036e-05	4.821739e-05	4.325528e-05	3.629364e-05	1.859255e-05	1.282331e-05	1.147957e-05	1.02035e-05	8.949816e-06	7.327797e-06	4.97588e-06	3.642317e-06	3.006288e-06	2.465546e-06
109	0.2638914	0.0934614	0.07305762	0.05967279	0.04823696	0.02711699	0.01750625	0.008444709	0.003654752	0.001917646	0.00107034	0.0004049106	0.0003978641	0.0001323411	7.246665e-05	6.41831e-05	5.949412e-05	5.386862e-05	4.871561e-05	4.3692e-05	3.665011e-05	1.874589e-05	1.290991e-05	1.155757e-05	1.026288e-05	9.00055e-06	7.414877e-06	5.037615e-06	3.686343e-06	3.040595e-06
110	0.8652252	0.1913299	0.09149693	0.07162592	0.05847245	0.04790331	0.02705668	0.01742746	0.008373419	0.003630679	0.001916765	0.001065041	0.0003991186	0.0003920548	0.0001326538	7.258139e-05	6.42572e-05	5.953842e-05	5.396043e-05	4.877238e-05	4.371311e-05	3.687835e-05	1.883639e-05	1.295367e-05	1.159269e-05	1.029712e-05	9.025996e-06	7.478406e-06	5.079055e-06	3.711885e-06
111	0.7395067	0.7015838	0.1573954	0.08375314	0.06611009	0.05408175	0.04424095	0.02494179	0.01600768	0.007674433	0.003321132	0.001740034	0.0009824846	0.0003679446	0.0003627646	0.0001225984	6.706642e-05	5.938574e-05	5.507437e-05	4.990962e-05	4.515261e-05	4.048166e-05	3.413906e-05	1.750647e-05	1.2088e-05	1.084396e-05	9.651519e-06	8.481449e-06	7.005963e-06	4.762547e-06
112	0.8582958	0.7168245	0.6796727	0.1522377	0.08147332	0.06425065	0.05273436	0.04309661	0.02442718	0.01567575	0.007493951	0.003259532	0.001707534	0.0009619394	0.0003572392	0.000352214	0.000120581	6.598782e-05	5.843149e-05	5.421255e-05	4.912369e-05	4.446078e-05	3.987853e-05	3.365438e-05	1.725765e-05	1.191831e-05	1.069593e-05	9.522939e-06	8.372238e-06	6.925501e-06
113	0.9181942	0.8349176	0.7022532	0.6718015	0.1516403	0.08154215	0.06426216	0.0527726	0.04305188	0.02458025	0.01575394	0.00749667	0.003276466	0.001716096	0.0009627999	0.0003538626	0.0003488207	0.000121834	6.671861e-05	5.909672e-05	5.48431e-05	4.970662e-05	4.499977e-05	4.037207e-05	3.408189e-05	1.747781e-05	1.207152e-05	1.083604e-05	9.64952e-06	8.485965e-06
114	0.9842104	0.9057938	0.825388	0.6968586	0.6664757	0.1513686	0.08175173	0.0643926	0.05288601	0.04307552	0.024757	0.01584902	0.007510577	0.00329859	0.001726345	0.000964947	0.0003513802	0.0003463225	0.0001232034	6.750719e-05	5.981826e-05	5.552709e-05	5.033781e-05	4.558347e-05	4.090677e-05	3.454422e-05	1.771661e-05	1.223847e-05	1.098888e-05	9.787828e-06
115	0.9792501	0.9652487	0.8983108	0.8177482	0.6900126	0.6596642	0.1505914	0.08168892	0.06430487	0.05285863	0.0429846	0.02487205	0.01590606	0.007506001	0.003313019	0.001732536	0.0009647935	0.0003479379	0.0003428769	0.0001242555	6.813635e-05	6.039648e-05	5.607907e-05	5.084983e-05	4.605976e-05	4.134598e-05	3.492715e-05	1.791459e-05	1.237692e-05	1.111615e-05
116	0.4767456	0.459586	0.4527975	0.4107738	0.3916454	0.3320224	0.31967	0.06614003	0.03241034	0.02533497	0.0213822	0.01794971	0.009954178	0.006770109	0.003372088	0.001479234	0.0007992347	0.0004726814	0.000175084	0.0001734785	5.047117e-05	2.688548e-05	2.361937e-05	2.210009e-05	1.972313e-05	1.790911e-05	1.625412e-05	1.409364e-05	7.223548e-06	5.025268e-06
117	0.4701775	0.4543448	0.4380854	0.4314591	0.3913159	0.3731476	0.3151419	0.3033795	0.06316911	0.03093115	0.0241339	0.02038563	0.01708398	0.009603981	0.006539887	0.003234467	0.001436683	0.0007760329	0.000456981	0.0001660894	0.0001645484	4.911687e-05	2.615063e-05	2.296253e-05	2.150328e-05	1.917123e-05	1.741626e-05	1.582272e-05	1.374851e-05	7.044663e-06
118	0.4785989	0.4513927	0.4354472	0.4188098	0.4119431	0.3726229	0.354303	0.3068655	0.2950375	0.06220722	0.03064036	0.02386791	0.02014976	0.01682039	0.009620672	0.006534584	0.003196796	0.001438334	0.0007756492	0.0004532001	0.0001611098	0.000159546	4.959927e-05	2.643643e-05	2.322019e-05	2.175088e-05	1.939269e-05	1.762215e-05	1.601514e-05	1.392226e-05
119	0.9957917	0.4683995	0.442385	0.4262856	0.4093562	0.4023304	0.3639266	0.345555	0.2987137	0.2868175	0.06127614	0.03037749	0.02362316	0.01992598	0.01656152	0.009637879	0.006533853	0.003161708	0.001440717	0.0007758675	0.0004497281	0.0001561413	0.0001545613	5.01274e-05	2.674143e-05	2.351564e-05	2.203375e-05	1.964565e-05	1.785853e-05	1.62344e-05
120	0.9968193	0.993147	0.4592565	0.4332171	0.4168684	0.3996309	0.3925295	0.3544495	0.3363942	0.2914616	0.2798624	0.05948377	0.03023392	0.02358699	0.01987545	0.01646432	0.00961788	0.006517301	0.0031255	0.00140879	0.0007774093	0.000449405	0.000152765	0.000151146	4.848544e-05	2.613162e-05	2.293319e-05	2.141533e-05	1.897211e-05	1.714158e-05
121	0.9115652	0.9082534	0.9045911	0.3704372	0.3473934	0.3307249	0.3125828	0.3053962	0.2729084	0.2569648	0.222493	0.2122229	0.04806434	0.02681778	0.02077694	0.01730593	0.01399483	0.008496947	0.00571389	0.002555876	0.001121737	0.0005606457	0.0003112937	0.0001142247	0.0001123662	4.53031e-05	2.468722e-05	2.202088e-05	2.048912e-05	1.800347e-05
122	0.3110266	0.3019142	0.2927797	0.2826888	0.2606223	0.2386529	0.2295292	0.2271363	0.2241518	0.2096435	0.1978773	0.1712659	0.1632741	0.03900649	0.02250187	0.01737895	0.01427033	0.01122154	0.006541614	0.004087833	0.001849649	0.0008326836	0.0004256373	0.0002303737	8.678249e-05	8.53722e-05	3.600494e-05	1.961918e-05	1.763639e-05	1.645121e-05
123	0.3459192	0.2884975	0.2797672	0.2706664	0.260343	0.238003	0.2258767	0.2165648	0.2140237	0.2111349	0.1974102	0.1864174	0.1612278	0.1532571	0.03754947	0.02198279	0.01708318	0.0139344	0.0111029	0.006551965	0.004084847	0.001842869	0.0008262645	0.000421669	0.0002247024	8.048783e-05	7.900141e-05	3.424127e-05	1.870501e-05	1.673933e-05
124	0.3516458	0.2792606	0.2510514	0.2422531	0.2332882	0.2241395	0.2137285	0.2017955	0.1931443	0.1920098	0.1901947	0.1804292	0.1703973	0.1468547	0.1390998	0.03496068	0.02059081	0.01624657	0.01318655	0.01045925	0.006296323	0.003900965	0.001756529	0.0007864841	0.0004003205	0.0002099583	7.239845e-05	7.108709e-05	3.223774e-05	1.807952e-05
125	0.9592657	0.3518646	0.2788461	0.2506147	0.2417078	0.232632	0.223363	0.2128372	0.2008339	0.1920621	0.1909026	0.1890556	0.1795617	0.1694536	0.1457493	0.1378878	0.03509621	0.02077487	0.01638972	0.01328365	0.01051672	0.006390265	0.003957069	0.001781381	0.0007968753	0.0004050022	0.0002114529	7.155114e-05	7.021816e-05	3.278192e-05
126	0.9525655	0.9146675	0.3513607	0.277813	0.2498899	0.2408758	0.2316852	0.2222935	0.2116454	0.1995847	0.1906876	0.1895004	0.1876234	0.1783161	0.1686777	0.1449536	0.1369946	0.03525179	0.02098082	0.01655605	0.01340718	0.01059808	0.006482682	0.004010881	0.001800074	0.00080724	0.0004100194	0.0002131487	7.093791e-05	6.958385e-05
127	0.8945037	0.8895098	0.8547824	0.3311406	0.2601824	0.2350632	0.2259737	0.2166607	0.2071586	0.1964695	0.1844314	0.1754644	0.1741564	0.1721578	0.1632349	0.1546499	0.1328136	0.1250484	0.03024216	0.01691039	0.01295035	0.01026824	0.008313435	0.005144113	0.003720517	0.001688612	0.000763513	0.0003939925	0.0002053635	6.608416e-05
128	0.7931514	0.7479458	0.7462135	0.7172585	0.2608731	0.1964179	0.181601	0.1774622	0.1732826	0.169067	0.1639068	0.1576607	0.1525678	0.1511036	0.1489939	0.1407055	0.1337395	0.1143511	0.1071869	0.02301574	0.01221338	0.009410184	0.0078949	0.006832342	0.004674104	0.003532819	0.001562944	0.0006742674	0.0003341044	0.0001853886
129	0.8192119	0.7838021	0.7398368	0.7381306	0.7093261	0.2590477	0.1941629	0.1794196	0.1753005	0.1711448	0.1669493	0.1618226	0.1556473	0.1505786	0.1491322	0.1470416	0.1390622	0.1321546	0.1127263	0.1055111	0.02289988	0.01221179	0.009409827	0.007893856	0.006828047	0.004737826	0.003583105	0.001582452	0.0006821002	0.0003370301
130	0.8848396	0.7488646	0.7215634	0.6775972	0.6753807	0.6587611	0.2123443	0.1921552	0.1775042	0.1734335	0.1693316	0.1651874	0.1601254	0.1540318	0.1489689	0.1474862	0.1453534	0.1376281	0.1307274	0.111211	0.1038985	0.0227759	0.01219774	0.009396937	0.007883552	0.006820761	0.004806929	0.003641181	0.001605942	0.0006910463
131	0.6563807	0.6438458	0.6209387	0.6093767	0.5763465	0.5761622	0.5634703	0.1707747	0.1548406	0.1449616	0.1428187	0.1407222	0.1386417	0.1357769	0.1320333	0.1292081	0.1285922	0.1274321	0.1210845	0.115589	0.09901774	0.09285863	0.01890032	0.009889753	0.007791884	0.006778067	0.006059054	0.004402368	0.003524876	0.001539791
132	0.4826955	0.4466636	0.4482311	0.4382091	0.4374024	0.4145268	0.4170771	0.410328	0.1056827	0.09663259	0.09195542	0.09253737	0.09327612	0.0941142	0.09438441	0.0939965	0.09477177	0.09590276	0.09666356	0.09293444	0.08942885	0.07832498	0.07446072	0.01250554	0.006243283	0.005314451	0.005067043	0.004859017	0.003782803	0.003301777
133	0.4679767	0.4488919	0.4202382	0.4221935	0.4119043	0.411211	0.3896914	0.3921074	0.3858693	0.09824998	0.08984928	0.08560303	0.08615964	0.08687483	0.08768584	0.08796261	0.08762085	0.08837617	0.08946172	0.09030636	0.08689484	0.08371579	0.07395984	0.07018836	0.01159365	0.005823341	0.005049764	0.0048258	0.004630093	0.003636881
134	0.3880098	0.3303505	0.31752	0.2926974	0.2937174	0.2818524	0.2802765	0.2610145	0.2619129	0.2557122	0.08281653	0.07553072	0.07196699	0.07245616	0.07302152	0.07366099	0.07385258	0.07353762	0.07412584	0.07503134	0.07585715	0.07276536	0.07033047	0.0627406	0.05916549	0.01042621	0.005498975	0.004926044	0.004712343	0.004525128
135	0.4421591	0.3637448	0.3082645	0.295621	0.2725098	0.2733925	0.2612739	0.2596386	0.2413285	0.2428454	0.2377985	0.07569982	0.06962897	0.06618896	0.06661218	0.06711236	0.06768026	0.06782587	0.06749672	0.06801093	0.06883877	0.06959018	0.0666117	0.06419707	0.05936759	0.05582025	0.01003862	0.005378413	0.004825851	0.004610926
136	0.4302613	0.2951125	0.2808279	0.2627337	0.2528861	0.2321859	0.2331219	0.2347987	0.2333433	0.2179702	0.219378	0.214993	0.06756837	0.06220666	0.05914991	0.05960487	0.06012342	0.06070398	0.06091093	0.06067562	0.06118922	0.06193153	0.06259916	0.05983638	0.05744514	0.05297833	0.05078287	0.008966423	0.00483564	0.00437691
137	0.1485424	0.1427107	0.1231826	0.1208701	0.1175908	0.1174114	0.1085403	0.109308	0.1106358	0.1107414	0.1031902	0.1045125	0.1027216	0.03148245	0.02952869	0.02831389	0.0286355	0.02896803	0.02934287	0.02951928	0.02947393	0.02985557	0.03032011	0.03075758	0.0289621	0.02890248	0.02740737	0.02698033	0.003987138	0.001487574
138	0.5940654	0.1365094	0.1317538	0.1130041	0.1110429	0.1081308	0.1082154	0.1000759	0.1008172	0.1020871	0.102225	0.09524742	0.0965137	0.0948964	0.02898836	0.02724107	0.02613025	0.02644043	0.02676339	0.02712645	0.02730575	0.02728033	0.02765343	0.02809948	0.02853023	0.02675796	0.02674171	0.02552779	0.02510236	0.003715638
139	0.786059	0.5710789	0.1288254	0.1245268	0.1057994	0.1038691	0.101036	0.1011122	0.09349289	0.09419649	0.09539626	0.09553761	0.08902779	0.09023184	0.08873184	0.02717875	0.02555144	0.02450177	0.02479444	0.02510233	0.0254476	0.02562176	0.02560602	0.02596303	0.02638959	0.02680423	0.02504561	0.02504475	0.02394868	0.0235048
140	0.7864329	0.7395151	0.5556941	0.1203546	0.1164822	0.09779093	0.09585472	0.09305772	0.0931417	0.0861278	0.0867871	0.08791152	0.08805595	0.08206402	0.08320076	0.08183193	0.02511343	0.02364559	0.02267515	0.02294809	0.0232379	0.02356238	0.02372949	0.02372287	0.02406001	0.02446335	0.02485524	0.02310809	0.02312281	0.02216755
141	0.2904726	0.267627	0.256442	0.1037073	0.06025046	0.05833037	0.05708647	0.05621612	0.05488646	0.05501087	0.05088635	0.05133142	0.05202396	0.05212854	0.04869049	0.0493762	0.04864473	0.01475939	0.01393039	0.0134967	0.0136754	0.01386081	0.01406704	0.0141812	0.01418835	0.01440149	0.01464853	0.0148857	0.01376501	0.01375626
142	0.3060413	0.2443818	0.2244647	0.2158925	0.08229205	0.0492484	0.04765938	0.04658062	0.0457213	0.04452503	0.04466345	0.04142209	0.0417994	0.0423692	0.04248615	0.03975737	0.04032673	0.03974742	0.01202807	0.01135659	0.0109853	0.01113438	0.01129023	0.01146253	0.01156083	0.01157324	0.01175327	0.01196022	0.01215698	0.01111371
143	0.316793	0.2946957	0.2341264	0.2142937	0.2057086	0.07085838	0.04232764	0.0408827	0.03973084	0.03879599	0.037572	0.03767707	0.0349515	0.03527447	0.03576136	0.03586146	0.03354814	0.03403995	0.0335596	0.01015906	0.009603297	0.009287197	0.009413476	0.009547732	0.009695916	0.009781495	0.009794287	0.009949745	0.01012851	0.0103002
144	0.8237745	0.3052971	0.2854151	0.2264018	0.2063174	0.1976153	0.06122917	0.03648591	0.03515589	0.03393542	0.03293075	0.03167775	0.03175138	0.02946123	0.02973704	0.03015261	0.03023762	0.02828032	0.02870324	0.02830461	0.008577615	0.00811135	0.007842361	0.007948849	0.008064301	0.008191536	0.008265924	0.008278698	0.008412675	0.008566825
145	0.8039902	0.7940299	0.2963638	0.2766965	0.2180959	0.197711	0.1888564	0.05085013	0.03052307	0.02930756	0.02801435	0.02693614	0.02565067	0.02568948	0.02384214	0.02406713	0.02440695	0.02447372	0.0228786	0.02322812	0.02291049	0.006951199	0.006575854	0.006356767	0.006441984	0.006537142	0.006641805	0.006703618	0.00671531	0.006825991
146	0.9735678	0.8004682	0.7905563	0.2890355	0.2697233	0.2103431	0.1896493	0.1806398	0.04096536	0.02438911	0.02329289	0.02197626	0.02081989	0.01949776	0.01949816	0.01809989	0.01827165	0.01853125	0.01857665	0.01735034	0.01762185	0.01738449	0.005285272	0.005002438	0.004827058	0.004889401	0.004962633	0.005042956	0.005090668	0.005102319
147	0.2884995	0.2666057	0.0992826	0.09582501	0.08324058	0.07455852	0.03352233	0.03236864	0.03079494	0.02102392	0.01281204	0.01257104	0.01245061	0.01253832	0.01248647	0.01256954	0.01167946	0.01179522	0.01196952	0.01201923	0.01122826	0.0114096	0.01125885	0.003415403	0.003227012	0.003122002	0.003163475	0.003212464	0.003266864	0.003299919
148	0.2680816	0.2298451	0.232562	0.07696312	0.07349281	0.06315398	0.06212781	0.02167619	0.0209457	0.01975547	0.01067986	0.006565705	0.006447429	0.006274843	0.006310221	0.006247361	0.006290692	0.005848534	0.0059045	0.005993225	0.006017897	0.005613242	0.005705673	0.005628056	0.001716645	0.001610924	0.001564292	0.00158102	0.001605832	0.001633552
149	0.3679841	0.2086152	0.2056619	0.208148	0.05146288	0.0512982	0.05038262	0.04938796	0.008400097	0.007725378	0.007111955	0.006137779	0.003749441	0.003686353	0.003482665	0.003491755	0.00341863	0.003443261	0.003204308	0.003232845	0.003281341	0.003295742	0.003077298	0.003128874	0.003083995	0.0009507538	0.0008820353	0.0008543635	0.0008596163	0.0008733935
150	0.8075859	0.2820354	0.2066743	0.2039224	0.2064854	0.04774218	0.04754686	0.04700099	0.0461133	0.005734087	0.005537465	0.005368469	0.005019753	0.003059968	0.003009789	0.002795763	0.002797548	0.002720638	0.002740752	0.002549525	0.002571258	0.002610909	0.002622669	0.002445225	0.002486981	0.002457511	0.0007462674	0.0007108764	0.0006901679	0.0006929096
151	0.473147	0.41688	0.273366	0.2013427	0.2033076	0.2059061	0.04501869	0.04478817	0.04444076	0.044888	0.004132768	0.004006807	0.003903497	0.00367176	0.002426402	0.002388422	0.002164289	0.00215892	0.002078221	0.002093868	0.001948623	0.001964344	0.001995067	0.002004159	0.00186704	0.00189952	0.001877524	0.0005718155	0.0005449354	0.0005297109
152	0.5042804	0.3360129	0.3193499	0.253683	0.2022055	0.2045772	0.207264	0.04419781	0.04395664	0.04381063	0.04430184	0.002953328	0.002814198	0.002698065	0.002473707	0.001589163	0.001564405	0.001581906	0.001569579	0.001484976	0.001496194	0.001393604	0.001403203	0.00142517	0.00143136	0.001330665	0.001354248	0.001338937	0.0004093946	0.0003903563
153	0.2019243	0.2003678	0.1947606	0.1938012	0.1882822	0.1622907	0.1644371	0.1666283	0.002569113	0.002514293	0.002435825	0.00244413	0.0006037209	0.0005893471	0.0005923491	0.0005833725	0.000358613	0.0003512137	0.0003553055	0.000359549	0.0003613328	0.0003640718	0.0003385552	0.0003426821	0.0003484854	0.0003507168	0.0003288483	0.000334793	0.0003312039	9.991956e-05
154	0.04617359	0.03543497	0.03346508	0.03155857	0.03011515	0.02987865	0.003089018	0.003126695	0.003112571	0.0001158749	2.913586e-05	2.044488e-05	2.005823e-05	1.180803e-05	1.091279e-05	1.063751e-05	9.984741e-06	5.798152e-06	5.561713e-06	5.623311e-06	5.68842e-06	5.714157e-06	5.758784e-06	5.348e-06	5.422378e-06	5.518057e-06	5.560277e-06	5.361375e-06	5.449816e-06	5.405543e-06
155	0.01691431	0.008078568	0.006399754	0.004072371	0.002458482	0.0009107378	0.0005163771	8.88881e-05	8.649119e-05	2.942862e-05	1.496104e-05	8.706318e-06	8.827671e-07	7.869963e-07	4.643561e-07	3.34564e-07	2.136801e-07	1.746658e-07	7.235788e-08	5.68204e-08	5.349514e-08	5.013925e-08	4.654439e-08	4.340164e-08	3.978649e-08	3.998537e-08	4.032756e-08	4.038507e-08	3.922067e-08	3.94938e-08
156	0.07120942	0.01492899	0.007043857	0.005628741	0.003262457	0.002130799	0.0005931462	0.000196516	7.255777e-05	6.993617e-05	1.18227e-05	9.131943e-06	8.34458e-06	7.064414e-07	6.190918e-07	3.365913e-07	2.215079e-07	1.13997e-07	8.55854e-08	3.38003e-08	2.494707e-08	2.126224e-08	1.747607e-08	1.367442e-08	1.024615e-08	8.935448e-09	8.707478e-09	8.49763e-09	8.21546e-09	7.820409e-09
157	0.3777684	0.03061967	0.01185558	0.004220799	0.002862804	0.00287484	0.00185878	0.0004113291	0.0001182206	1.433519e-05	1.181116e-05	1.195457e-05	9.235783e-06	8.439409e-06	6.889093e-07	6.112475e-07	3.30081e-07	2.151978e-07	1.078111e-07	7.982398e-08	3.010106e-08	2.157172e-08	1.88088e-08	1.598038e-08	1.313755e-08	9.732886e-09	8.454447e-09	8.21992e-09	8.002628e-09	7.71359e-09
158	0.4457298	0.2052847	0.0232016	0.007681976	0.002064692	0.001383775	0.001389983	0.0007936242	0.0002842139	5.991921e-05	4.580003e-06	2.394894e-06	2.407306e-06	2.323794e-06	2.26057e-06	1.844606e-07	1.212823e-07	8.461804e-08	7.076095e-08	5.750725e-08	4.689284e-08	2.07161e-08	1.62308e-08	1.36875e-08	1.105916e-08	8.402815e-09	5.758613e-09	4.843875e-09	4.636359e-09	4.475308e-09
159	0.5276639	0.2200984	0.08337021	0.003787802	0.001790525	0.0009088912	0.0006644713	0.0006683352	0.0003822221	0.000137854	5.017259e-05	4.116667e-06	2.355586e-06	2.371856e-06	2.290795e-06	2.227474e-06	1.201513e-07	9.002782e-08	6.2065e-08	5.151634e-08	4.131041e-08	3.39802e-08	1.26137e-08	8.712619e-09	6.739782e-09	4.697471e-09	2.653011e-09	2.35024e-09	2.131254e-09	2.138324e-09
160	0.4508762	0.2531426	0.1781761	0.05208197	0.001857561	0.0008294201	0.0004247947	0.0003057114	0.0003074395	0.0001748908	6.206056e-05	2.119815e-05	9.979256e-07	1.918758e-07	1.862767e-07	1.737438e-07	8.686806e-08	7.639394e-08	5.707059e-08	4.279418e-08	3.752422e-08	3.179299e-08	2.672094e-08	7.963386e-09	4.420142e-09	3.525468e-09	2.612139e-09	1.700531e-09	1.558992e-09	1.441557e-09
161	0.3277509	0.1374935	0.09332547	0.04052532	0.0319825	0.001194111	0.0006350851	0.0003595317	0.0002727926	0.0002746866	0.0001563915	5.566858e-05	1.945937e-05	8.842139e-07	1.438254e-07	1.382098e-07	1.255517e-07	3.746585e-08	2.776991e-08	1.987071e-08	1.411751e-08	1.20462e-08	9.2518e-09	7.717606e-09	4.117796e-09	3.538789e-09	2.735464e-09	1.890681e-09	1.050432e-09	9.373444e-10
162	0.2131685	0.1436631	0.09914574	0.05571373	0.02901916	0.02199434	0.001109791	0.0006342118	0.0003598863	0.0002733366	0.0002752954	0.0001570522	5.585704e-05	1.948218e-05	8.036965e-07	5.772747e-08	5.075381e-08	4.355947e-08	3.506088e-08	2.540287e-08	1.75278e-08	1.223769e-08	1.031056e-08	8.514186e-09	7.084347e-09	3.899402e-09	3.388695e-09	2.577267e-09	1.729388e-09	8.831811e-10
163	0.09160927	0.06037992	0.03502612	0.01338027	0.0116254	0.005256287	0.004885636	9.606554e-05	1.249814e-05	4.844397e-06	2.959062e-06	2.960745e-06	1.623451e-06	4.809827e-07	6.287015e-08	3.967649e-09	1.655573e-09	1.655276e-09	1.651509e-09	1.645089e-09	1.395933e-09	1.336405e-09	9.341433e-10	7.646021e-10	6.015562e-10	3.664325e-10	1.876848e-10	1.84028e-10	1.839054e-10	1.836171e-10
164	0.321967	0.0482404	0.03850082	0.02656908	0.007863999	0.006089819	0.002674096	0.00241615	4.583707e-05	8.776896e-06	3.554509e-06	2.101099e-06	2.100205e-06	1.143042e-06	3.254711e-07	2.671685e-08	1.991385e-09	1.036066e-09	1.041561e-09	1.04643e-09	1.048893e-09	9.726726e-10	9.37369e-10	6.011232e-10	4.630176e-10	3.296549e-10	1.498801e-10	9.46847e-11	9.284011e-11	9.299179e-11
165	0.4327865	0.2956147	0.02940902	0.01962187	0.008178543	0.006236708	0.004426175	0.002125079	0.001894025	3.115415e-05	2.699832e-06	8.025913e-07	3.810415e-07	3.777536e-07	2.043924e-07	5.746979e-08	2.21487e-09	5.433568e-10	4.889179e-10	4.955049e-10	5.017144e-10	5.077549e-10	4.561744e-10	4.478331e-10	3.099935e-10	2.536692e-10	1.966507e-10	1.154793e-10	7.034506e-11	6.883349e-11
166	0.7109424	0.3508762	0.2673559	0.01913405	0.009678974	0.005558185	0.003896903	0.003808054	0.001828172	0.001631188	2.692552e-05	2.241879e-06	6.023482e-07	2.559976e-07	2.525793e-07	1.364312e-07	3.84224e-08	9.756105e-10	4.217314e-10	4.089987e-10	4.149477e-10	4.206407e-10	4.268476e-10	3.977466e-10	3.904194e-10	2.661758e-10	2.151186e-10	1.673149e-10	1.000406e-10	6.067205e-11
167	0.1782087	0.09531965	0.0809283	0.02348008	0.01182887	0.003647256	0.003277394	0.002307069	0.002204028	0.001093606	0.0009236894	1.398434e-05	8.460197e-07	3.672764e-07	2.433146e-07	2.44595e-07	1.314665e-07	3.525409e-08	2.345962e-10	6.978049e-11	6.545649e-11	6.611531e-11	6.67479e-11	6.748155e-11	6.278856e-11	6.089224e-11	5.952072e-11	5.963165e-11	5.976416e-11	5.926959e-11
168	0.159217	0.1197115	0.06964927	0.05823601	0.008528174	0.003153486	0.002904756	0.002547808	0.001867877	0.00175961	0.0008894853	0.000726191	1.10153e-05	6.793654e-07	2.908994e-07	1.913624e-07	1.924264e-07	1.033179e-07	2.769383e-08	1.814998e-10	5.081129e-11	4.736331e-11	4.782321e-11	4.820261e-11	4.869544e-11	4.509384e-11	4.405446e-11	4.345764e-11	4.373843e-11	4.40222e-11
169	0.2659046	0.1113557	0.08249671	0.04423902	0.03316923	0.006691232	0.002464828	0.002269873	0.002023947	0.001501039	0.001392074	0.0007209267	0.0005632941	8.747229e-06	6.744461e-07	2.942597e-07	1.935132e-07	1.946486e-07	1.046859e-07	2.798102e-08	1.588696e-10	4.03498e-11	3.734696e-11	3.771942e-11	3.802651e-11	3.839478e-11	3.554757e-11	3.47294e-11	3.406962e-11	3.422333e-11
170	0.9619754	0.2599185	0.1041132	0.07765294	0.03966795	0.02842766	0.005785162	0.002134013	0.001970725	0.001729023	0.001295787	0.001183463	0.0006260225	0.0004702368	7.456506e-06	6.769243e-07	2.987326e-07	1.965062e-07	1.977177e-07	1.063327e-07	2.837797e-08	1.470306e-10	3.469335e-11	3.193905e-11	3.226917e-11	3.250455e-11	3.279126e-11	3.03314e-11	2.965092e-11	2.890761e-11
171	0.5683675	0.561271	0.1754184	0.07267032	0.05028279	0.02909435	0.02064557	0.004571944	0.001547688	0.001413166	0.001371848	0.001030936	0.0009658387	0.0005265784	0.0003732037	6.103991e-06	6.759909e-07	3.015369e-07	1.982526e-07	1.995327e-07	1.074803e-07	2.86387e-08	1.331918e-10	2.820099e-11	2.571706e-11	2.598896e-11	2.616745e-11	2.636781e-11	2.435058e-11	2.380641e-11
172	0.9905055	0.563794	0.5565983	0.172484	0.06918976	0.04767804	0.02702715	0.0184601	0.004141119	0.001387361	0.00126811	0.001230088	0.0009326834	0.0008657529	0.0004816822	0.0003280953	5.485262e-06	6.827422e-07	3.063316e-07	2.014588e-07	2.028185e-07	1.092644e-07	2.909659e-08	1.279594e-10	2.547436e-11	2.310701e-11	2.335977e-11	2.350329e-11	2.366339e-11	2.183103e-11
173	0.8878107	0.8882531	0.4775669	0.4755771	0.1000857	0.04564966	0.03189116	0.01823445	0.01474315	0.003529595	0.001118364	0.001015994	0.0009915336	0.000741401	0.0007492327	0.0004274843	0.0002741989	4.429509e-06	4.353306e-07	1.798556e-07	1.126338e-07	1.134019e-07	6.123717e-08	1.636275e-08	9.259543e-11	2.118135e-11	1.935253e-11	1.957364e-11	1.967888e-11	1.98512e-11
174	0.747014	0.635553	0.6328412	0.3570905	0.3535852	0.09279146	0.03880064	0.02799613	0.01602972	0.01251419	0.00297776	0.000827025	0.0007370542	0.0007137586	0.0005038495	0.0005087214	0.0002386179	0.0002299725	3.816864e-06	4.384708e-07	1.826811e-07	1.144186e-07	1.152358e-07	6.222778e-08	1.66035e-08	8.089393e-11	1.823224e-11	1.675678e-11	1.695783e-11	1.702723e-11
175	0.578148	0.5847816	0.5592952	0.5661169	0.3050673	0.3085769	0.06332908	0.01872914	0.01489899	0.008934082	0.008497717	0.001985571	0.0006151176	0.0005538935	0.0005399899	0.0003815744	0.0003854708	0.000178473	0.0001721651	2.512898e-06	5.093189e-08	7.032253e-09	3.609266e-09	3.593986e-09	1.995579e-09	6.261354e-10	3.208259e-11	1.323793e-11	1.260701e-11	1.277048e-11
176	0.4726956	0.4482415	0.4535271	0.4278977	0.4332594	0.2978853	0.3015716	0.05945885	0.01497896	0.01225634	0.006573634	0.006166772	0.001434437	0.0004459663	0.000401565	0.0003909698	0.000276633	0.0002795123	0.0001295259	0.0001249823	1.825779e-06	3.753086e-08	5.260252e-09	2.537786e-09	2.520496e-09	1.402083e-09	4.448583e-10	2.438504e-11	1.024797e-11	9.782743e-12
177	0.4948231	0.3511284	0.3488933	0.3533873	0.3347463	0.339164	0.2859336	0.2897473	0.04800881	0.01102861	0.009424802	0.004005528	0.003696264	0.000761791	0.0002791557	0.0002511024	0.0002439746	0.0001727329	0.0001745608	8.091363e-05	7.810309e-05	1.102837e-06	1.106442e-08	1.306806e-09	1.599039e-10	1.314017e-10	9.816871e-11	7.538595e-11	1.638637e-11	7.193388e-12
178	0.1264444	0.07130084	0.04361903	0.04303643	0.04359247	0.04343125	0.04399981	0.04051061	0.04102434	0.03991038	0.002665763	0.001953271	0.001792605	0.001466329	0.0003003735	0.0001103826	0.0001005785	9.685885e-05	6.900306e-05	6.972698e-05	3.244834e-05	3.133133e-05	4.458823e-07	7.32579e-09	1.219724e-09	9.30236e-11	6.761111e-11	4.882159e-11	3.78872e-11	8.574282e-12
179	0.395439	0.1204121	0.06557081	0.03817302	0.0378296	0.03832817	0.03845562	0.03897179	0.03765035	0.03814646	0.03788513	0.001145231	0.0007830284	0.0006857344	0.0006342802	0.0001322445	4.825393e-05	4.400685e-05	4.146416e-05	2.958976e-05	2.990842e-05	1.392088e-05	1.344216e-05	1.949841e-07	6.011954e-09	1.216058e-09	7.808878e-11	5.365174e-11	3.533232e-11	2.458069e-11
180	0.464978	0.2784348	0.1178755	0.06336469	0.03575844	0.03554298	0.03602002	0.03632769	0.03682612	0.03684175	0.03734265	0.03761427	0.0003848422	0.0002380845	0.0001814824	0.0001261769	3.042211e-05	1.050906e-05	9.619585e-06	7.767792e-06	5.485948e-06	5.545395e-06	2.547986e-06	2.454957e-06	4.09297e-08	5.244047e-09	1.223699e-09	6.99934e-11	4.598415e-11	2.764754e-11
181	0.7210222	0.2968812	0.2791305	0.1190991	0.06391809	0.03596457	0.03575143	0.03623814	0.03657367	0.03708304	0.03723808	0.03775289	0.03808889	0.0003145876	0.000187263	0.0001339686	7.7401e-05	2.055883e-05	6.857769e-06	6.295389e-06	4.482027e-06	3.154811e-06	3.18756e-06	1.455815e-06	1.400249e-06	2.623868e-08	5.254589e-09	1.245111e-09	7.026206e-11	4.589227e-11
182	0.2441198	0.1372551	0.07200578	0.05614183	0.007083097	0.001772191	0.001301467	0.001002599	0.001013748	0.0009207449	0.0009285095	0.0006841966	0.000669867	0.0005051549	0.0001999634	8.870851e-05	3.896748e-05	3.433431e-05	1.182617e-05	3.663895e-06	3.388879e-06	1.6125e-06	1.119491e-06	1.131028e-06	5.014366e-07	4.783127e-07	1.337455e-08	5.260525e-09	1.261932e-09	6.868281e-11
183	0.2531111	0.07437003	0.06540895	0.03446509	0.02467061	0.003135856	0.001096911	0.00103531	0.0008431355	0.0008529669	0.0007683489	0.0007746601	0.0005809399	0.0005656503	0.0004210652	0.0001285503	4.374188e-05	6.798069e-06	2.783107e-06	6.325035e-07	1.450765e-07	1.249844e-07	1.168137e-07	7.951771e-08	8.034355e-08	3.756363e-08	3.612492e-08	6.16763e-10	8.262438e-11	3.945497e-11
184	0.1193131	0.04606398	0.04439967	0.03883138	0.0105131	0.009092295	0.0008632624	0.0005961629	0.0005904892	0.0004232768	0.0004284628	0.0004318556	0.0004340411	0.0004372958	0.0004203648	0.0004166275	0.0001256394	4.083602e-05	4.130473e-06	3.94331e-07	2.823936e-08	4.175327e-09	3.158842e-09	2.55815e-09	1.806242e-09	1.777522e-09	9.116892e-10	7.220334e-10	5.177489e-11	3.387649e-11
185	0.4602021	0.05852729	0.04553585	0.04397948	0.03843183	0.009859369	0.008621632	0.0006433706	0.0004257612	0.0004227719	0.0004245081	0.0004298242	0.0004333817	0.0004356447	0.0004390303	0.0004218885	0.0004181529	0.000125987	4.130722e-05	4.082944e-06	3.394729e-07	1.729532e-08	2.963849e-09	2.189142e-09	1.786931e-09	1.308495e-09	1.304585e-09	6.766778e-10	5.142424e-10	4.724347e-11
186	0.7246456	0.4296566	0.05391797	0.04506722	0.04357061	0.03832231	0.00951424	0.008310751	0.0006136656	0.0003984871	0.0003952796	0.0003967367	0.0004024349	0.0004057303	0.0004117719	0.0004162244	0.0004226111	0.0004247155	0.000127952	4.193296e-05	4.113321e-06	3.337867e-07	1.566203e-08	2.41153e-09	1.683314e-09	1.29011e-09	9.557292e-10	9.474809e-10	5.10159e-10	3.516617e-10
187	0.9327205	0.7134834	0.4154552	0.05436163	0.04550781	0.04399578	0.0387325	0.009557566	0.008346382	0.0006210432	0.0004040983	0.0004009535	0.0004025332	0.0004084035	0.0004118421	0.0004180713	0.0004227045	0.0004292962	0.0004315477	0.0001300332	4.261943e-05	4.172541e-06	3.324583e-07	1.42038e-08	2.058116e-09	1.366037e-09	9.916169e-10	7.535663e-10	7.43049e-10	4.163909e-10
188	0.4449407	0.4272548	0.3146206	0.1235515	0.05071103	0.04373517	0.04247737	0.03718281	0.008025861	0.007416538	0.0001292695	4.742794e-05	4.435556e-05	4.379188e-05	4.441631e-05	4.422131e-05	4.486283e-05	4.385799e-05	4.450781e-05	4.056046e-05	4.101345e-05	4.152662e-05	2.843858e-06	4.671349e-08	6.721401e-09	5.473257e-10	4.490403e-10	3.99969e-10	2.878121e-10	2.891137e-10
189	0.2858173	0.2428011	0.2418458	0.2332375	0.05259661	0.02217099	0.02102757	0.02083248	0.02078179	0.0002465571	0.0001689569	5.280601e-05	4.162085e-05	3.990765e-05	4.019462e-05	4.080537e-05	4.081396e-05	4.145702e-05	4.20472e-05	4.273146e-05	4.027083e-05	4.088804e-05	4.158626e-05	2.540087e-06	1.400149e-08	1.929787e-09	1.797216e-10	1.339581e-10	1.079241e-10	7.193819e-11
190	0.07591526	0.04101974	0.02184483	0.02119813	0.01975171	0.01877896	0.0003381184	0.0002927456	0.000144134	0.0001407665	2.116833e-05	1.545735e-05	5.542204e-06	4.040139e-06	2.35823e-06	2.332283e-06	2.36771e-06	2.381407e-06	2.419126e-06	2.434419e-06	2.474215e-06	2.508983e-06	2.492703e-06	2.534154e-06	2.578514e-06	1.096602e-08	8.613145e-10	7.634025e-11	6.227087e-11	5.139059e-11
191	0.07338091	0.04344811	0.02470721	0.005516789	0.005028721	0.00416368	0.00324444	0.0002016447	0.0001708088	2.069257e-05	1.813736e-05	1.406244e-05	9.370888e-06	1.391929e-06	1.229893e-07	8.917793e-08	6.051624e-08	6.058224e-08	4.646265e-08	4.660785e-08	2.382634e-08	2.35308e-08	1.709522e-08	1.417585e-08	1.243391e-08	1.186331e-08	1.072803e-08	7.72461e-10	5.007359e-11	3.887302e-11
192	0.4281948	0.03857655	0.02580697	0.02054172	0.001214101	0.0008121741	0.0005721149	0.0005319606	0.0001646526	0.0001579194	9.562277e-06	8.273644e-06	7.396031e-06	4.889299e-06	7.112464e-07	7.436286e-08	5.780847e-08	4.650551e-08	4.678905e-08	3.331366e-08	3.350775e-08	1.114464e-08	1.090126e-08	4.674383e-09	2.028301e-09	8.991778e-10	6.62121e-10	5.216585e-10	1.494804e-10	1.76477e-11
193	0.05502066	0.051291	0.008817189	0.002070928	0.0006941162	0.0006772434	0.0003227595	0.0002301627	0.0002104183	1.122976e-05	7.699095e-06	7.564206e-06	6.490746e-06	5.867501e-06	3.853572e-06	5.384311e-07	3.429622e-08	2.083447e-08	1.14871e-08	1.130281e-08	1.072993e-08	1.060567e-08	9.69833e-09	9.489556e-09	4.303027e-09	1.68721e-09	6.302045e-10	4.428574e-10	3.274453e-10	1.026969e-10
194	0.1445097	0.04854792	0.04531463	0.004371268	0.001152329	0.0002696497	0.0002590618	0.0002492995	0.0001763405	0.0001635085	6.608578e-06	3.268238e-06	3.15982e-06	2.834565e-06	2.555804e-06	1.570713e-06	2.325298e-07	1.917526e-08	1.350145e-08	9.558328e-09	9.584073e-09	9.270929e-09	9.351106e-09	8.964577e-09	9.041926e-09	3.923889e-09	1.407376e-09	4.429522e-10	3.58149e-10	3.048677e-10
195	0.3698967	0.08139621	0.04538209	0.04254904	0.002275158	0.0004960681	0.0001693962	0.0001640129	0.0001596109	0.0001451748	0.0001342831	4.251685e-06	1.048997e-06	9.550678e-07	9.066828e-07	8.097574e-07	3.655026e-07	7.070101e-08	1.073681e-08	9.173847e-09	8.163249e-09	8.276294e-09	8.079474e-09	8.206246e-09	7.894515e-09	8.022461e-09	2.87123e-09	3.750232e-10	3.441151e-10	3.128783e-10
196	0.04537281	0.042315	0.01929333	0.004312908	0.003653922	0.001520619	0.0002108209	0.0001406848	0.0001395311	0.000138679	0.0001339428	0.0001246227	3.758663e-06	5.690906e-07	4.806169e-07	4.617553e-07	3.86411e-07	2.326915e-07	4.864461e-08	4.717504e-09	3.51047e-09	2.713665e-09	2.746831e-09	2.75339e-09	2.794609e-09	2.819367e-09	2.863329e-09	2.885126e-09	3.503888e-10	3.27902e-10
197	0.3290076	0.04099467	0.03852545	0.0164922	0.003870193	0.003225073	0.001144104	0.0001699961	0.0001386319	0.0001379675	0.0001376462	0.0001342441	0.0001249414	3.799878e-06	5.687575e-07	4.793469e-07	4.610801e-07	3.854212e-07	2.310453e-07	4.86814e-08	4.597895e-09	3.428851e-09	2.63472e-09	2.667432e-09	2.673561e-09	2.714294e-09	2.741323e-09	2.784876e-09	2.806942e-09	3.543913e-10
198	0.5768699	0.2186906	0.02542766	0.02501903	0.003430049	0.001538352	0.0009264621	0.0008701599	2.636383e-05	3.418232e-06	3.19255e-06	2.889669e-06	1.856959e-06	1.718851e-06	1.975839e-07	1.799121e-07	1.779742e-07	1.594632e-07	1.463065e-07	9.738449e-08	1.628871e-08	2.852594e-09	2.51472e-09	2.299745e-09	2.331282e-09	2.362844e-09	2.400921e-09	2.438165e-09	2.479148e-09	2.521099e-09
199	0.8481153	0.5444911	0.2097424	0.01496956	0.01456328	0.003244134	0.00154806	0.0009272091	0.0008788216	2.256363e-05	2.690883e-06	2.49328e-06	2.235771e-06	1.50935e-06	1.400823e-06	1.919637e-07	1.813771e-07	1.796672e-07	1.608549e-07	1.476677e-07	9.842652e-08	1.642415e-08	2.89379e-09	2.55454e-09	2.339023e-09	2.371904e-09	2.404967e-09	2.444591e-09	2.483582e-09	2.526294e-09
200	0.5570854	0.5527499	0.4357935	0.1915517	0.008874316	0.008537128	0.00141589	0.0001773596	0.0001657964	0.0001240619	1.869112e-05	2.349816e-06	2.182609e-06	1.974304e-06	1.34403e-06	1.247791e-06	1.891704e-07	1.803058e-07	1.786505e-07	1.595635e-07	1.463264e-07	9.682803e-08	1.431449e-08	6.916443e-10	3.199848e-10	6.431321e-11	5.57947e-11	4.598085e-11	4.106968e-11	3.396018e-11
201	0.4216676	0.3250852	0.3243598	0.254105	0.06330286	0.008347843	0.008216428	0.001004601	0.0001367248	0.0001276366	9.099588e-05	1.347243e-05	1.471149e-06	1.338521e-06	1.176266e-06	8.07527e-07	7.324044e-07	1.722884e-07	1.645975e-07	1.63083e-07	1.437539e-07	1.308214e-07	8.832565e-08	1.214916e-08	5.823391e-10	2.689121e-10	5.214382e-11	4.488891e-11	3.66407e-11	3.242213e-11
202	0.2991879	0.2000402	0.1933861	0.1930851	0.1543282	0.04443532	0.008247045	0.008210903	0.000878433	0.0001149923	0.000106972	8.226026e-05	1.150165e-05	1.122145e-06	1.00944e-06	8.689553e-07	5.541989e-07	5.028833e-07	1.622651e-07	1.592027e-07	1.583805e-07	1.387566e-07	1.258367e-07	8.681787e-08	1.164039e-08	5.581048e-10	2.576228e-10	4.972104e-11	4.27685e-11	3.489527e-11
203	0.6167574	0.2885736	0.1880892	0.181387	0.1810812	0.1418234	0.04418804	0.008322855	0.008287699	0.0008274427	0.000112376	0.0001046737	8.206624e-05	1.0522e-05	1.017978e-06	9.182362e-07	7.899089e-07	5.102499e-07	4.628329e-07	1.647384e-07	1.619384e-07	1.611137e-07	1.411465e-07	1.280087e-07	8.834098e-08	1.184829e-08	5.680284e-10	2.622476e-10	5.049582e-11	4.34235e-11
204	0.9844559	0.5985729	0.2811999	0.1791965	0.1723863	0.1720752	0.1322277	0.04459177	0.00841472	0.008380225	0.0007886101	0.000110879	0.0001034153	8.245526e-05	9.743488e-06	9.374129e-07	8.482514e-07	7.296597e-07	4.785718e-07	4.340322e-07	1.674791e-07	1.648047e-07	1.639725e-07	1.436493e-07	1.302821e-07	8.994014e-08	1.206596e-08	5.785376e-10	2.671288e-10	5.135165e-11
205	0.9949158	0.9791051	0.5930237	0.2732312	0.1697051	0.162796	0.1624794	0.1220343	0.04497915	0.008482934	0.008449198	0.0007475571	0.0001092366	0.0001020295	8.283757e-05	8.925601e-06	8.518053e-07	7.738393e-07	6.654731e-07	4.442552e-07	4.029223e-07	1.702206e-07	1.677313e-07	1.668934e-07	1.462013e-07	1.325977e-07	9.157576e-08	1.228639e-08	5.89186e-10	2.720768e-10
206	0.9636813	0.9628535	0.947522	0.5617137	0.2593367	0.1546833	0.1476959	0.1473736	0.1063137	0.04029752	0.008572866	0.008539885	0.0007032936	0.0001067412	9.980238e-05	8.242386e-05	8.05967e-06	7.638107e-07	6.975207e-07	5.999278e-07	4.098923e-07	3.717441e-07	1.730518e-07	1.707109e-07	1.698655e-07	1.487967e-07	1.349513e-07	9.320381e-08	1.251784e-08	6.00396e-10
207	0.8621392	0.8322988	0.8314605	0.8158556	0.4820009	0.2430682	0.1367632	0.1296529	0.1293247	0.08760411	0.03277372	0.0007934236	0.0007611694	0.0006609311	0.0001050429	9.837078e-05	8.283089e-05	7.208318e-06	6.750431e-07	6.205866e-07	5.336408e-07	3.756622e-07	3.407089e-07	1.761143e-07	1.739139e-07	1.7306e-07	1.515957e-07	1.374948e-07	9.499388e-08	1.276311e-08
208	0.4831427	0.4815716	0.4632929	0.4626816	0.4473435	0.352642	0.1994156	0.1187557	0.11251	0.1121772	0.07258012	0.03235952	0.0004093937	0.000379613	0.000362638	3.475368e-05	2.943206e-05	1.566198e-05	5.643702e-06	4.750788e-07	4.355558e-07	3.65327e-07	2.482366e-07	2.206663e-07	9.003937e-08	8.882539e-08	8.867518e-08	8.850786e-08	8.820903e-08	4.980489e-08
209	0.5162277	0.2929403	0.2928822	0.275199	0.274589	0.2589861	0.1826905	0.1143275	0.0864701	0.08418711	0.08384812	0.06017519	0.03174253	0.0002869494	0.0002682024	0.000262272	2.248964e-05	2.026775e-05	8.668307e-06	4.103662e-06	3.082001e-07	2.793252e-07	2.286044e-07	1.435481e-07	1.266583e-07	2.925716e-08	2.847142e-08	2.835049e-08	2.825918e-08	2.800499e-08
210	0.2263469	0.2028323	0.1809745	0.1809707	0.1764147	0.1763987	0.1763513	0.1537452	0.08730288	0.06008727	0.05789569	0.05789515	0.05032697	0.03196478	0.0001946976	0.0001769602	0.0001712471	1.142612e-05	9.537611e-06	6.752638e-06	2.663716e-06	2.229381e-07	2.044833e-07	1.737492e-07	1.184933e-07	1.042599e-07	2.852646e-08	2.785955e-08	2.775222e-08	2.766305e-08
211	0.5553443	0.1818187	0.1594097	0.1390588	0.1390571	0.1349977	0.1349873	0.1349557	0.1157914	0.08058397	0.05357709	0.05137065	0.05137029	0.04377706	0.03231676	0.0001333574	0.0001160425	0.0001107226	7.875995e-06	6.202881e-06	4.278769e-06	1.634924e-06	1.637506e-07	1.526074e-07	1.361853e-07	1.018751e-07	8.939462e-08	2.860174e-08	2.802708e-08	2.792701e-08
212	0.4318033	0.3055734	0.04079851	0.02429032	0.02230591	0.02230517	0.02086857	0.02086453	0.0208522	0.01166999	0.007532925	0.004757875	0.004360198	0.004360061	0.004194049	0.0001820179	5.340755e-05	4.123434e-05	4.093083e-05	1.580745e-06	1.389545e-06	7.869735e-07	5.000288e-07	7.033059e-08	6.625948e-08	6.489652e-08	5.128891e-08	4.445707e-08	9.263403e-10	5.678191e-10
213	0.02010539	0.01589192	0.01236244	0.005422106	0.00527009	0.005172759	0.005172617	0.004892276	0.004891276	0.004888241	0.003030596	0.001687134	0.0007026508	0.0006710265	0.0006709918	0.0006028072	2.864657e-05	1.140139e-05	1.127807e-05	1.112599e-05	2.139746e-07	1.620624e-07	9.092368e-08	5.79913e-08	9.386354e-09	8.902738e-09	8.839952e-09	7.087938e-09	5.992641e-09	2.918825e-10
214	0.5649607	0.01756533	0.01335215	0.009759931	0.004825872	0.004704999	0.004616541	0.004616419	0.004338485	0.004337587	0.004334862	0.002750932	0.001495999	0.0005651939	0.0005347506	0.0005347193	0.0004683454	2.337026e-05	1.033075e-05	1.022953e-05	1.016791e-05	1.707022e-07	1.232392e-07	7.278041e-08	4.206626e-08	7.034496e-09	6.68737e-09	6.637473e-09	5.338837e-09	4.478266e-09
215	0.2271237	0.2264673	0.009139043	0.007504966	0.005756899	0.001517449	0.001467897	0.001427557	0.001427519	0.001408037	0.001407831	0.001407208	0.0005103127	0.0003710061	0.0003154799	0.0003135001	0.0003134933	0.0003091942	8.858894e-06	2.079762e-06	2.031775e-06	2.01099e-06	7.001976e-08	6.164455e-08	3.372456e-08	2.41543e-08	4.031006e-09	3.830974e-09	3.795233e-09	3.042516e-09
216	0.02218315	0.02145367	0.02135068	0.0003322244	0.0002902698	0.0002732254	0.0002057688	0.0002015974	0.0001989239	0.0001989135	0.0001958313	0.0001957839	0.0001956405	9.108283e-05	5.926601e-05	5.005061e-05	4.97389e-05	4.973736e-05	4.853662e-05	2.51486e-06	4.464978e-07	4.340909e-07	4.151757e-07	2.289441e-08	2.107976e-08	1.346317e-08	6.181643e-09	1.29789e-09	1.250187e-09	1.228695e-09
217	0.6054223	0.009335156	0.008739164	0.00867802	0.0001162075	9.631956e-05	8.526532e-05	5.595062e-05	5.375363e-05	5.24743e-05	5.246812e-05	5.197656e-05	5.19576e-05	5.190045e-05	3.74014e-05	2.62849e-05	2.526077e-05	2.519879e-05	2.519823e-05	2.464728e-05	8.385694e-07	1.308824e-07	1.252192e-07	1.064734e-07	1.469933e-08	1.391922e-08	9.263647e-09	2.446742e-09	9.397004e-10	9.149818e-10
218	0.505199	0.4536271	0.004525355	0.004175959	0.004144737	4.255987e-05	3.366687e-05	2.952644e-05	1.905615e-05	1.827547e-05	1.79134e-05	1.791023e-05	1.770177e-05	1.769434e-05	1.767183e-05	1.329582e-05	8.295096e-06	7.876431e-06	7.857708e-06	7.857502e-06	7.596111e-06	2.749598e-07	4.506289e-08	4.36998e-08	2.473896e-08	9.050543e-09	8.802206e-09	7.289639e-09	7.345333e-10	4.694202e-10
219	0.7970262	0.4612222	0.4585687	0.003715961	0.003365576	0.003339862	3.251309e-05	2.53167e-05	2.19342e-05	1.413671e-05	1.355515e-05	1.330073e-05	1.329822e-05	1.312243e-05	1.311641e-05	1.309838e-05	9.678312e-06	5.665443e-06	5.329757e-06	5.315523e-06	5.315355e-06	5.118447e-06	1.994218e-07	4.070832e-08	3.979299e-08	2.049064e-08	8.148589e-09	7.980244e-09	6.978292e-09	5.833697e-10
220	0.840275	0.7005814	0.4689923	0.4669149	0.003083911	0.002728712	0.002707173	2.511432e-05	1.923941e-05	1.592794e-05	1.045549e-05	1.002972e-05	9.859078e-06	9.856966e-06	9.700693e-06	9.695645e-06	9.680518e-06	6.907607e-06	3.577589e-06	3.291449e-06	3.278568e-06	3.278425e-06	3.119692e-06	1.25571e-07	1.987991e-08	1.926664e-08	1.856957e-08	7.787963e-09	7.681534e-09	6.999168e-09
221	0.3165758	0.3123822	0.299197	0.1193223	0.1184498	0.002257605	0.001924028	0.001907872	1.438358e-05	1.0182e-05	7.207302e-06	4.671311e-06	4.461615e-06	4.422046e-06	4.420774e-06	4.365035e-06	4.362e-06	4.353016e-06	2.507252e-06	6.190426e-07	4.684632e-07	4.624046e-07	4.623286e-07	3.649254e-07	3.607342e-08	5.782139e-09	5.412827e-09	5.362691e-09	7.326171e-10	7.141979e-10
222	0.008991536	0.008326868	0.008298272	0.007615331	0.0006386829	0.0006132574	0.0001175022	0.0001169306	0.0001131499	1.091075e-06	7.59976e-07	7.446846e-07	1.822679e-07	1.650377e-07	1.618511e-07	1.617627e-07	1.592555e-07	1.590666e-07	1.585305e-07	1.132115e-07	1.410907e-08	9.604713e-09	9.41077e-09	9.40656e-09	4.169704e-09	1.141712e-09	1.125752e-10	1.056951e-10	9.368874e-11	3.179477e-11
223	0.01093432	0.004567373	0.004410571	0.004398455	0.004278369	0.000129939	0.0001191964	1.463441e-05	1.45084e-05	1.440746e-05	6.562076e-07	5.299941e-07	5.262736e-07	4.975223e-08	4.239676e-08	3.975215e-08	3.974119e-08	3.807491e-08	3.805205e-08	3.798398e-08	2.25893e-08	4.674366e-09	1.785889e-09	1.676122e-09	1.675502e-09	8.151642e-10	2.444427e-10	5.343374e-11	5.109121e-11	3.983134e-11
224	0.01762918	0.005130037	0.00386687	0.003743227	0.003732408	0.003674266	4.346324e-05	3.503965e-05	3.501662e-06	3.44257e-06	3.42165e-06	6.141111e-07	5.081771e-07	5.066294e-07	2.803031e-08	2.16415e-08	1.901985e-08	1.901635e-08	1.759641e-08	1.759019e-08	1.757137e-08	1.049081e-08	3.115063e-09	9.876499e-10	9.123392e-10	9.121171e-10	6.324528e-10	1.165084e-10	4.108119e-11	4.048705e-11
225	0.5502153	0.01149708	0.004535261	0.003885466	0.003790127	0.003780363	0.003733696	3.589993e-05	2.805673e-05	1.483043e-06	1.430357e-06	1.423874e-06	6.221228e-07	5.174782e-07	5.160351e-07	2.607336e-08	1.971337e-08	1.703148e-08	1.702929e-08	1.558891e-08	1.55856e-08	1.557535e-08	8.807733e-09	2.962393e-09	8.137855e-10	7.392448e-10	7.390895e-10	5.472981e-10	8.818876e-11	3.217274e-11
226	0.6622659	0.5446864	0.01123751	0.004557163	0.003965039	0.003884191	0.003880895	0.003834489	3.611017e-05	2.80807e-05	1.262331e-06	1.208816e-06	1.203153e-06	6.377273e-07	5.30291e-07	5.28821e-07	2.579223e-08	1.926371e-08	1.650762e-08	1.650555e-08	1.50272e-08	1.502406e-08	1.501452e-08	8.155575e-09	2.944863e-09	7.587358e-10	6.836975e-10	6.835452e-10	4.982428e-10	8.656047e-11
227	0.305185	0.28405	0.1918103	0.008217399	0.004479166	0.004080616	0.003999566	0.003996174	0.00394909	3.626445e-05	2.800658e-05	6.545954e-07	5.999351e-07	5.950437e-07	1.406216e-07	3.019881e-08	2.868976e-08	2.641616e-08	1.970291e-08	1.686418e-08	1.686213e-08	1.533991e-08	1.533686e-08	1.532761e-08	8.286226e-09	3.02139e-09	7.702024e-10	6.929645e-10	6.928122e-10	5.074947e-10
228	0.2499613	0.24709	0.226786	0.1614058	0.007892058	0.004447097	0.004076933	0.004053269	0.004049982	0.004022004	3.558802e-05	2.838941e-05	4.13373e-07	3.629897e-07	3.591315e-07	2.151464e-08	2.005917e-08	1.889767e-08	1.673269e-08	1.6488e-08	1.629356e-08	1.629156e-08	1.478055e-08	1.477766e-08	1.476886e-08	8.24729e-09	2.900142e-09	7.3909e-10	6.652243e-10	6.650732e-10
229	0.419981	0.07301756	0.07029616	0.04953541	0.01135722	0.006851604	0.003752534	0.003419432	0.003407943	0.003405646	0.003393431	3.280571e-05	2.67519e-05	2.809809e-07	2.335627e-07	2.307864e-07	1.808515e-08	1.709664e-08	1.667501e-08	1.465692e-08	1.446257e-08	1.432867e-08	1.432672e-08	1.368016e-08	1.367749e-08	1.366936e-08	7.783481e-09	2.700014e-09	6.875457e-10	6.22511e-10
230	0.8344561	0.4176872	0.05925629	0.05644475	0.03504529	0.008098301	0.004271872	0.002461053	0.002157936	0.002146259	0.002143889	0.002132947	2.736711e-05	2.356431e-05	2.17926e-07	1.760608e-07	1.737732e-07	1.623596e-08	1.538158e-08	1.496019e-08	1.303485e-08	1.285272e-08	1.27265e-08	1.272455e-08	1.208708e-08	1.208458e-08	1.207695e-08	7.372227e-09	2.578549e-09	6.480925e-10
231	0.7606348	0.7529104	0.3918811	0.02164488	0.018791	0.01802642	0.004421778	0.00222817	0.001044839	0.000902783	0.000898086	0.0008975973	0.0008914397	1.759413e-05	1.60131e-05	1.160554e-07	8.764738e-08	8.670144e-08	5.375269e-09	5.07847e-09	4.81128e-09	4.381497e-09	4.3145e-09	4.273862e-09	4.272049e-09	4.156964e-09	4.155966e-09	4.152883e-09	1.595074e-09	5.876076e-10
232	0.4018042	0.4005928	0.4004353	0.3903593	0.008310694	0.005361636	0.004850048	0.001220503	0.0006160645	0.0001038308	3.322485e-05	2.882997e-05	2.833886e-05	2.560362e-05	7.297014e-06	7.253849e-06	4.022539e-08	2.733602e-08	2.702611e-08	1.355024e-09	1.278036e-09	1.254428e-09	1.028476e-09	1.006785e-09	9.87579e-10	9.857876e-10	9.434062e-10	9.429408e-10	9.414745e-10	6.641594e-10
233	0.1675638	0.01809959	0.01694686	0.01680582	0.008367047	0.008346095	0.005288103	0.004759345	0.001205072	0.0005963289	7.723707e-05	2.146133e-05	1.690978e-05	1.640157e-05	1.36039e-05	7.405945e-06	7.388758e-06	3.991593e-08	2.678684e-08	2.647891e-08	1.305305e-09	1.229368e-09	1.205308e-09	9.757476e-10	9.537559e-10	9.342215e-10	9.323655e-10	8.901559e-10	8.896842e-10	8.881969e-10
234	0.03939341	0.03631916	0.009416168	0.008534076	0.008489428	0.003956518	0.003945368	0.003936764	0.003393831	0.0006467421	0.0001765398	2.675394e-05	9.929763e-06	5.407489e-06	5.28014e-06	3.274696e-06	2.021643e-06	2.012733e-06	1.961993e-08	1.604915e-08	1.589403e-08	7.579316e-10	7.106641e-10	6.92136e-10	5.300319e-10	5.172145e-10	5.041373e-10	5.040969e-10	4.914155e-10	4.912e-10
235	0.009742317	0.007752771	0.006704158	0.0007250591	0.0007148236	0.0007092497	0.0003138835	0.0003129003	0.0003040731	0.0003023661	3.416986e-05	3.689703e-06	7.673203e-07	3.616786e-07	3.579032e-07	2.277542e-07	1.076595e-07	3.382446e-08	3.149864e-08	1.479844e-09	1.439876e-09	1.428932e-09	4.906176e-11	4.565316e-11	4.16139e-11	2.975e-11	2.892458e-11	2.83261e-11	2.830798e-11	2.805371e-11
236	0.1186884	0.004685048	0.003715022	0.002687432	0.000321855	0.0003174721	0.0003168497	9.990477e-05	9.93515e-05	9.931533e-05	9.840427e-05	8.484018e-06	1.22082e-06	2.3164e-07	1.058144e-07	1.036522e-07	1.03592e-07	7.882076e-08	1.821392e-08	1.612582e-08	5.811405e-10	5.691846e-10	5.654932e-10	1.398588e-11	1.272247e-11	9.360411e-12	7.54185e-12	7.388985e-12	7.295253e-12	7.294836e-12
237	0.102917	0.02542718	0.001283057	0.0008680757	0.0008545655	0.0002649107	0.0002645619	0.0002643086	7.245222e-05	7.195868e-05	7.195731e-05	7.153446e-05	4.957751e-06	9.583836e-07	1.604086e-07	6.48331e-08	6.440606e-08	6.439243e-08	6.22512e-08	1.583143e-08	1.545687e-08	4.690211e-10	4.596396e-10	4.568991e-10	8.340121e-12	7.505622e-12	4.137855e-12	3.711768e-12	3.663908e-12	3.647358e-12
238	0.3853586	0.1061001	0.02586111	0.0009586092	0.0005445604	0.0005312549	0.0001282363	0.0001279818	0.0001277343	7.508725e-05	7.477141e-05	7.477063e-05	7.433169e-05	5.121e-06	9.72223e-07	1.472087e-07	5.424685e-08	5.380676e-08	5.379349e-08	5.162518e-08	1.632901e-08	1.597481e-08	4.873458e-10	4.776001e-10	4.747577e-10	8.46445e-12	7.60493e-12	4.087463e-12	3.665228e-12	3.619808e-12
239	0.4669927	0.3475848	0.1045413	0.02086045	0.0008587519	0.0004377372	0.0004238784	0.000133642	0.0001334217	0.0001331662	7.852338e-05	7.825575e-05	7.825497e-05	7.779554e-05	5.352651e-06	1.008995e-06	1.455016e-07	4.844495e-08	4.798473e-08	4.797094e-08	4.570348e-08	1.702268e-08	1.665349e-08	5.101183e-10	4.999144e-10	4.969385e-10	8.846311e-12	7.946881e-12	4.262246e-12	3.82494e-12
240	0.8870027	0.3548902	0.2296499	0.02406448	0.02176397	0.0007909356	0.0004570274	0.0004425162	0.0001384176	0.0001381877	0.0001379212	8.073416e-05	8.045362e-05	8.045281e-05	7.997706e-05	5.539231e-06	1.035828e-06	1.503508e-07	5.067417e-08	5.020152e-08	5.018727e-08	4.789039e-08	1.780655e-08	1.741941e-08	5.281298e-10	5.175221e-10	5.144272e-10	9.237569e-12	8.308852e-12	4.440603e-12
241	0.6999859	0.6722014	0.1895238	0.169667	0.00318886	0.0015958	0.0007121807	0.0003747355	0.0003598177	9.6581e-05	9.638246e-05	9.612956e-05	6.312315e-05	6.292834e-05	6.292754e-05	6.250913e-05	4.308689e-06	7.675483e-07	1.134807e-07	4.186234e-08	4.152253e-08	4.150974e-08	3.964158e-08	1.601345e-08	1.561469e-08	3.801558e-10	3.718408e-10	3.694006e-10	9.032586e-12	8.253581e-12
242	0.3005316	0.1829962	0.1607549	0.1331424	0.1232068	0.001892682	0.0006418418	0.0001525297	0.000138832	0.0001234157	6.809091e-05	6.79418e-05	6.770407e-05	3.646102e-05	3.630179e-05	3.630109e-05	3.597359e-05	2.49212e-06	4.312524e-07	5.478213e-08	1.387466e-08	1.367172e-08	1.366121e-08	1.235846e-08	9.708221e-10	5.626982e-10	2.700748e-10	2.618215e-10	2.603473e-10	8.681675e-12
243	0.1084212	0.1071611	0.1040334	0.1037391	0.07923317	0.07435073	0.001284598	0.0003809128	0.0001026959	9.12166e-05	8.85104e-05	3.688953e-05	3.679599e-05	3.657471e-05	6.990132e-06	6.830021e-06	6.829344e-06	6.617917e-06	5.031877e-07	9.517754e-08	2.22074e-08	1.303347e-08	1.298664e-08	1.297809e-08	1.23414e-08	5.903197e-10	1.768471e-10	1.381684e-10	1.37871e-10	1.374738e-10
244	0.09484525	0.05488531	0.05410293	0.05338379	0.05307767	0.03203335	0.02958597	0.0007807151	0.0002411014	6.987105e-05	6.227208e-05	5.985693e-05	2.394085e-05	2.38738e-05	2.372334e-05	3.572075e-06	3.524945e-06	3.524374e-06	3.313949e-06	2.608787e-07	4.7912e-08	1.303389e-08	9.278797e-09	9.25052e-09	9.243193e-09	8.905213e-09	4.985457e-11	3.167778e-11	1.657308e-11	1.648146e-11
245	0.04004638	0.03799576	0.007585921	0.007471907	0.006800798	0.006519054	0.004810417	0.004321754	9.200667e-05	3.063667e-05	8.49625e-06	7.410607e-06	5.578574e-06	8.576723e-07	8.465613e-07	8.408114e-07	1.055778e-07	1.037966e-07	1.034592e-07	3.894264e-08	9.22675e-09	2.214712e-09	1.756834e-09	1.529015e-09	1.521404e-09	1.516925e-09	1.474989e-09	5.695931e-12	2.74814e-12	2.948002e-13
246	0.3340295	0.03637184	0.03576784	0.004418699	0.004373532	0.003743566	0.003442931	0.002152457	0.00187777	6.690469e-05	2.24061e-05	5.063988e-06	4.193441e-06	4.099537e-06	3.600276e-07	3.51062e-07	3.48416e-07	2.119555e-08	2.037434e-08	2.001905e-08	1.987276e-08	7.437177e-09	1.698625e-09	1.457657e-09	1.240507e-09	1.233049e-09	1.228464e-09	1.226091e-09	4.201223e-12	2.004108e-12
247	0.2311809	0.07552654	0.03693628	0.03660486	0.004469021	0.004420976	0.003742978	0.003419254	0.002180854	0.001967943	6.393494e-05	2.114687e-05	4.586573e-06	3.80815e-06	3.737232e-06	2.533426e-07	2.447434e-07	2.429078e-07	2.049549e-08	1.994168e-08	1.956089e-08	1.94107e-08	7.360088e-09	1.445586e-09	1.216342e-09	1.189939e-09	1.181944e-09	1.177018e-09	1.174639e-09	4.01365e-12
248	0.1272733	0.1134485	0.06166288	0.03930059	0.03914319	0.004396083	0.004370028	0.003884912	0.003534216	0.002231183	0.002112974	6.294325e-05	2.185103e-05	4.679151e-06	3.869501e-06	3.828985e-06	1.292623e-07	1.201228e-07	1.191896e-07	1.644169e-08	1.616834e-08	1.575767e-08	1.561203e-08	2.668978e-09	1.553224e-09	1.313239e-09	1.2853e-09	1.277108e-09	1.271781e-09	1.269744e-09
249	0.9240974	0.1213189	0.1170905	0.0658408	0.04284734	0.04268582	0.00478289	0.004754524	0.004225335	0.003842768	0.002422579	0.002302105	6.776157e-05	2.373103e-05	5.078892e-06	4.19926e-06	4.158317e-06	1.29602e-07	1.19639e-07	1.187076e-07	1.787152e-08	1.760003e-08	1.715221e-08	1.699354e-08	2.885818e-09	1.685787e-09	1.431919e-09	1.401503e-09	1.392567e-09	1.386757e-09
250	0.8741042	0.8678521	0.08330744	0.07909562	0.02892066	0.005780321	0.005612984	0.005146745	0.005115616	0.004533583	0.004112763	0.002588821	0.002466389	7.256544e-05	2.538842e-05	5.42811e-06	4.485838e-06	4.44454e-06	1.285456e-07	1.178574e-07	1.169369e-07	1.912971e-08	1.887964e-08	1.838722e-08	1.821451e-08	3.084352e-09	1.807342e-09	1.535601e-09	1.503799e-09	1.493974e-09
251	0.988907	0.8600849	0.8538595	0.08429729	0.07988138	0.03041146	0.006397273	0.006219685	0.005705197	0.005670627	0.005023948	0.00455637	0.002864046	0.002738292	7.990229e-05	2.809127e-05	6.002389e-06	4.959411e-06	4.917475e-06	1.290096e-07	1.171382e-07	1.162204e-07	2.118506e-08	2.093957e-08	2.039262e-08	2.020093e-08	3.397768e-09	1.999244e-09	1.706013e-09	1.670739e-09
252	0.9997807	0.9873595	0.8426542	0.8364615	0.08554255	0.08087064	0.03227681	0.007168625	0.006978215	0.006403229	0.006364358	0.00563687	0.005110845	0.003208044	0.003078188	8.90741e-05	3.14692e-05	6.719402e-06	5.551386e-06	5.508672e-06	1.296057e-07	1.162552e-07	1.153408e-07	2.376021e-08	2.352042e-08	2.29053e-08	2.26899e-08	3.795331e-09	2.244842e-09	1.91903e-09
253	0.9028628	0.902837	0.8889793	0.8171252	0.8116136	0.08539248	0.0806126	0.03316091	0.006840197	0.006639144	0.005987485	0.005946919	0.005878185	0.005785829	0.003649763	0.003515033	0.000100859	3.580434e-05	7.639313e-06	6.309709e-06	6.266074e-06	1.297716e-07	1.146889e-07	1.137922e-07	2.666044e-08	2.6428e-08	2.610127e-08	2.587279e-08	4.295131e-09	2.549714e-09
254	0.8643873	0.8620467	0.8620192	0.8464053	0.7858632	0.7808308	0.08716602	0.08209956	0.03586161	0.007753921	0.007534132	0.006785747	0.00677283	0.006694787	0.006694675	0.004225892	0.004096114	0.0001160989	4.151486e-05	8.843046e-06	7.300469e-06	7.260393e-06	1.308216e-07	1.132573e-07	1.123713e-07	3.04812e-08	3.025771e-08	3.025631e-08	3.009154e-08	4.964417e-09
255	0.8277458	0.8232632	0.8211362	0.8211054	0.8028525	0.7430232	0.7382983	0.08978988	0.08433718	0.03985892	0.009178821	0.008945587	0.00805421	0.008044073	0.00797178	0.007971647	0.005025079	0.004909706	0.0001374378	4.952354e-05	1.054081e-05	8.700012e-06	8.674249e-06	1.326496e-07	1.116101e-07	1.107377e-07	3.63464e-08	3.613576e-08	3.613441e-08	3.599882e-08
256	0.9997593	0.790861	0.7853992	0.7827759	0.7827378	0.7600918	0.6856633	0.6811454	0.09406045	0.08863963	0.04434797	0.01122604	0.01097987	0.00988141	0.009869345	0.009779143	0.009778979	0.006107509	0.005995228	0.0001269848	5.669157e-05	1.288452e-05	1.079488e-05	1.077492e-05	1.41636e-07	1.154135e-07	1.145246e-07	4.508392e-08	4.487784e-08	4.48765e-08
257	0.9880481	0.9879266	0.7234508	0.7165268	0.7131223	0.7130728	0.683333	0.591244	0.5870947	0.09979414	0.09511971	0.05129651	0.01433256	0.01409605	0.01265821	0.01265331	0.01264773	0.01264752	0.007779489	0.007722808	8.388265e-05	6.583554e-05	1.681201e-05	1.426422e-05	1.425979e-05	1.55831e-07	1.210567e-07	1.20143e-07	5.894034e-08	5.87419e-08
258	0.9976119	0.9888478	0.9886892	0.783429	0.776023	0.7719367	0.771872	0.732933	0.6127217	0.608067	0.0926453	0.08745167	0.05188992	0.01004137	0.009771028	0.008306523	0.00830056	0.008293347	0.008293066	0.001909048	0.00184479	8.957853e-05	8.374308e-05	2.196407e-05	1.867715e-05	1.867521e-05	1.841559e-07	1.385506e-07	1.374672e-07	6.929354e-08
259	0.9957263	0.9952299	0.9867185	0.9865554	0.7869137	0.7794456	0.7752906	0.7752239	0.7350755	0.6111493	0.6064533	0.09130258	0.08606545	0.05171575	0.00961635	0.009343355	0.007872145	0.007866053	0.007858624	0.007858333	0.001274364	0.001208943	9.047194e-05	8.614132e-05	2.264266e-05	1.925741e-05	1.925574e-05	1.864671e-07	1.394333e-07	1.383313e-07
