#unpaired probabilities
 #i$	l=1	2	3	4	5	6	7	8	9	10	11	12	13	14	15	16	17	18	19	20	21	22	23	24	25	26	27	28	29	30	
1	0.343293	NA	NA	NA	NA	NA	NA	NA	NA	NA	NA	NA	NA	NA	NA	NA	NA	NA	NA	NA	NA	NA	NA	NA	NA	NA	NA	NA	NA	NA
2	0.3437703	0.3414672	NA	NA	NA	NA	NA	NA	NA	NA	NA	NA	NA	NA	NA	NA	NA	NA	NA	NA	NA	NA	NA	NA	NA	NA	NA	NA	NA	NA
3	0.6099386	0.3437546	0.341459	NA	NA	NA	NA	NA	NA	NA	NA	NA	NA	NA	NA	NA	NA	NA	NA	NA	NA	NA	NA	NA	NA	NA	NA	NA	NA	NA
4	0.5025746	0.3708047	0.3172336	0.3160147	NA	NA	NA	NA	NA	NA	NA	NA	NA	NA	NA	NA	NA	NA	NA	NA	NA	NA	NA	NA	NA	NA	NA	NA	NA	NA
5	0.4541439	0.450384	0.352595	0.3002682	0.2998084	NA	NA	NA	NA	NA	NA	NA	NA	NA	NA	NA	NA	NA	NA	NA	NA	NA	NA	NA	NA	NA	NA	NA	NA	NA
6	0.3751173	0.2804416	0.2802853	0.2526651	0.2428713	0.242431	NA	NA	NA	NA	NA	NA	NA	NA	NA	NA	NA	NA	NA	NA	NA	NA	NA	NA	NA	NA	NA	NA	NA	NA
7	0.1273105	0.09832468	0.08343124	0.08336327	0.05664623	0.04690452	0.04688907	NA	NA	NA	NA	NA	NA	NA	NA	NA	NA	NA	NA	NA	NA	NA	NA	NA	NA	NA	NA	NA	NA	NA
8	0.5315141	0.03228893	0.02040654	0.01126683	0.01123691	0.01087472	0.01084291	0.01082888	NA	NA	NA	NA	NA	NA	NA	NA	NA	NA	NA	NA	NA	NA	NA	NA	NA	NA	NA	NA	NA	NA
9	0.6765777	0.4452507	0.02989383	0.01814532	0.00912413	0.009119421	0.009107742	0.009099596	0.009097378	NA	NA	NA	NA	NA	NA	NA	NA	NA	NA	NA	NA	NA	NA	NA	NA	NA	NA	NA	NA	NA
10	0.6349572	0.4873805	0.3881882	0.01949861	0.009177189	0.000213065	0.0002084614	0.0001970815	0.0001890072	0.0001889896	NA	NA	NA	NA	NA	NA	NA	NA	NA	NA	NA	NA	NA	NA	NA	NA	NA	NA	NA	NA
11	0.6615513	0.4970621	0.4816744	0.3825476	0.01933407	0.009018533	5.508083e-05	5.06766e-05	3.929671e-05	3.4758e-05	3.474319e-05	NA	NA	NA	NA	NA	NA	NA	NA	NA	NA	NA	NA	NA	NA	NA	NA	NA	NA	NA
12	0.2899264	0.2899134	0.1335264	0.1212748	0.02385134	0.01929317	0.008978367	2.00196e-05	1.580375e-05	7.960128e-06	5.536563e-06	5.524509e-06	NA	NA	NA	NA	NA	NA	NA	NA	NA	NA	NA	NA	NA	NA	NA	NA	NA	NA
13	0.4062075	0.2676139	0.2676074	0.111238	0.09899578	0.02367457	0.01911715	0.008978193	1.985352e-05	1.563799e-05	7.797134e-06	5.37463e-06	5.36524e-06	NA	NA	NA	NA	NA	NA	NA	NA	NA	NA	NA	NA	NA	NA	NA	NA	NA
14	0.4747664	0.1833663	0.1815732	0.1815667	0.02577927	0.01353956	0.01353505	0.008978147	0.008977823	1.952591e-05	1.531223e-05	7.471385e-06	5.052947e-06	5.04834e-06	NA	NA	NA	NA	NA	NA	NA	NA	NA	NA	NA	NA	NA	NA	NA	NA
15	0.5303163	0.2496159	0.09536596	0.09374186	0.09373532	0.01007395	0.009712752	0.009708314	0.008587152	0.008586828	1.868159e-05	1.510109e-05	7.260236e-06	4.852464e-06	4.847858e-06	NA	NA	NA	NA	NA	NA	NA	NA	NA	NA	NA	NA	NA	NA	NA
16	0.1618717	0.1066708	0.06252748	0.002017219	0.0011579	0.001151372	0.001117186	0.0009765959	0.0009726795	8.315952e-05	8.28384e-05	1.686889e-05	1.38722e-05	6.031356e-06	3.640433e-06	3.635839e-06	NA	NA	NA	NA	NA	NA	NA	NA	NA	NA	NA	NA	NA	NA
17	0.1438705	0.008569186	0.00505194	0.001246119	0.0008977034	4.516184e-05	3.863426e-05	3.766002e-05	2.368343e-05	1.978568e-05	1.334674e-05	1.302567e-05	1.301468e-05	1.301359e-05	5.172741e-06	3.624802e-06	3.62021e-06	NA	NA	NA	NA	NA	NA	NA	NA	NA	NA	NA	NA	NA
18	0.6024527	0.1416013	0.007661952	0.004199104	0.0003934813	4.610668e-05	4.453397e-05	3.800639e-05	3.70372e-05	2.306438e-05	1.947053e-05	1.30331e-05	1.302157e-05	1.301059e-05	1.300949e-05	5.168647e-06	3.620709e-06	3.617881e-06	NA	NA	NA	NA	NA	NA	NA	NA	NA	NA	NA	NA
19	0.263295	0.03076276	0.02379375	0.00210583	0.0004413021	9.19901e-05	2.663027e-05	2.625548e-05	2.625547e-05	2.560045e-05	1.165661e-05	1.158069e-05	5.160514e-06	5.153038e-06	5.142123e-06	5.141027e-06	5.141027e-06	3.593093e-06	3.590333e-06	NA	NA	NA	NA	NA	NA	NA	NA	NA	NA	NA
20	0.1700717	0.1687122	0.005893945	0.004546822	0.001703515	0.0001015846	3.918604e-05	1.182896e-05	1.152591e-05	1.152591e-05	1.139251e-05	7.851094e-06	7.775944e-06	3.548752e-06	3.541334e-06	3.532397e-06	3.532391e-06	3.532391e-06	3.532176e-06	3.529415e-06	NA	NA	NA	NA	NA	NA	NA	NA	NA	NA
21	0.2205905	0.1674303	0.1660894	0.005679565	0.004376255	0.001685793	0.0001001153	3.845416e-05	1.152646e-05	1.133523e-05	1.133523e-05	1.12028e-05	7.712694e-06	7.686547e-06	3.491312e-06	3.487208e-06	3.478398e-06	3.478392e-06	3.478392e-06	3.478176e-06	3.478176e-06	NA	NA	NA	NA	NA	NA	NA	NA	NA
22	0.9959679	0.2205904	0.1674302	0.1660893	0.005679564	0.004376254	0.001685793	0.0001001153	3.845415e-05	1.152645e-05	1.133523e-05	1.133522e-05	1.12028e-05	7.712691e-06	7.686544e-06	3.49131e-06	3.487207e-06	3.478397e-06	3.478391e-06	3.478391e-06	3.478175e-06	3.478175e-06	NA	NA	NA	NA	NA	NA	NA	NA
23	0.01962602	0.01955499	0.01113792	0.003379242	0.002588999	0.001572853	0.001568276	0.001551452	2.44601e-06	1.500084e-07	7.902451e-08	7.421521e-08	7.421393e-08	2.597597e-08	1.627932e-08	1.607922e-08	1.004365e-08	9.177485e-09	9.126432e-09	9.124212e-09	9.124212e-09	9.118294e-09	9.117911e-09	NA	NA	NA	NA	NA	NA	NA
24	0.01023457	0.008465707	0.008394794	0.001449214	0.001424645	0.0006349969	1.214345e-05	1.085381e-05	2.19705e-06	2.179712e-06	5.817666e-08	5.053372e-08	5.047208e-08	5.04708e-08	2.459691e-09	1.353502e-09	1.263323e-09	5.780653e-10	5.772017e-10	5.474441e-10	5.452246e-10	5.452243e-10	5.393087e-10	5.392896e-10	NA	NA	NA	NA	NA	NA
25	0.2860267	0.008555302	0.006837823	0.006767229	0.0001164015	9.287101e-05	9.22328e-05	9.781774e-06	8.589004e-06	1.249052e-07	1.102208e-07	7.492478e-09	2.037302e-09	1.990644e-09	1.989372e-09	1.354525e-09	7.266091e-10	6.387183e-10	3.044977e-10	3.040464e-10	3.027117e-10	3.026355e-10	3.026352e-10	2.969711e-10	2.96952e-10	NA	NA	NA	NA	NA
26	0.2851547	0.2831384	0.006779074	0.005105839	0.00510547	5.578805e-05	3.269306e-05	3.235578e-05	9.457383e-06	8.40086e-06	1.016421e-07	8.922133e-08	1.928072e-09	1.06924e-09	1.036652e-09	1.036623e-09	5.039441e-10	1.724743e-10	1.501559e-10	9.207797e-11	9.184341e-11	9.160122e-11	9.1575e-11	9.157499e-11	9.082227e-11	9.080317e-11	NA	NA	NA	NA
27	0.3400482	0.2842934	0.2828337	0.006493543	0.005092538	0.005092247	4.265649e-05	2.478014e-05	2.444291e-05	1.571212e-06	6.35326e-07	1.012273e-07	8.919059e-08	1.911023e-09	1.056529e-09	1.034661e-09	1.034632e-09	5.020072e-10	1.711326e-10	1.491344e-10	9.143149e-11	9.125668e-11	9.101591e-11	9.09897e-11	9.098969e-11	9.023697e-11	9.022809e-11	NA	NA	NA
28	0.3286266	0.3240239	0.2834923	0.2821718	0.005866845	0.005070317	0.005070027	2.878328e-05	2.192851e-05	2.159326e-05	1.497921e-06	5.782683e-07	9.142566e-08	8.855144e-08	1.277941e-09	8.707727e-10	8.545101e-10	8.544816e-10	3.229157e-10	5.279726e-11	5.032647e-11	3.046091e-11	3.042993e-11	3.033904e-11	3.031283e-11	3.031282e-11	2.956012e-11	2.955877e-11	NA	NA
29	0.6657372	0.01446219	0.01315476	0.007022095	0.005765395	0.003716416	0.002920112	0.002920068	2.60743e-05	1.931392e-05	1.927277e-05	1.487539e-06	5.699468e-07	9.072046e-08	8.795282e-08	8.943504e-10	5.999443e-10	5.842342e-10	5.842277e-10	5.457176e-11	3.356751e-11	3.23036e-11	1.985135e-11	1.982995e-11	1.976826e-11	1.976735e-11	1.976735e-11	1.974895e-11	1.97476e-11	NA
30	0.6626491	0.6573531	0.008276223	0.007113999	0.005044096	0.004949958	0.002915582	0.002914679	0.002914636	2.292748e-05	1.853253e-05	1.849191e-05	1.467013e-06	5.557987e-07	8.958831e-08	8.778221e-08	7.254102e-10	5.540218e-10	5.393136e-10	5.393073e-10	9.941907e-12	5.585118e-12	5.265822e-12	3.176462e-12	3.172734e-12	3.15209e-12	3.151182e-12	3.15118e-12	3.132801e-12	3.13275e-12
31	0.6272125	0.6221168	0.6184549	0.003715493	0.003420563	0.002116256	0.002029487	6.801124e-06	5.914733e-06	5.905667e-06	5.889458e-06	1.497238e-06	1.467835e-06	1.463914e-06	5.532696e-07	8.940206e-08	8.762824e-08	5.886795e-10	5.451959e-10	5.3065e-10	5.306478e-10	1.383631e-12	3.249226e-13	2.467024e-13	1.020117e-13	1.01226e-13	8.817119e-14	8.728607e-14	8.728566e-14	8.407236e-14
32	0.6550063	0.6245213	0.6220671	0.6184079	0.003682827	0.003395901	0.002096432	0.002023155	2.352716e-06	1.492288e-06	1.48333e-06	1.468157e-06	1.465706e-06	1.436302e-06	1.432722e-06	5.52132e-07	8.9144e-08	8.762756e-08	5.88001e-10	5.448096e-10	5.306241e-10	5.30622e-10	1.358166e-12	3.10865e-13	2.344213e-13	9.457522e-14	9.385179e-14	8.081515e-14	7.993012e-14	7.992972e-14
33	0.6926815	0.654988	0.6245089	0.6220668	0.6184077	0.003682586	0.00339586	0.002096404	0.002023126	2.324376e-06	1.463948e-06	1.45499e-06	1.439825e-06	1.437374e-06	1.4363e-06	1.432722e-06	5.52132e-07	8.9144e-08	8.762756e-08	5.880005e-10	5.448094e-10	5.306239e-10	5.306218e-10	1.357984e-12	3.107593e-13	2.34316e-13	9.45239e-14	9.380054e-14	8.076403e-14	7.987901e-14
34	0.7303925	0.6807537	0.6501656	0.6207568	0.6186653	0.617059	0.002352653	0.002077107	0.002027637	0.002021553	9.935268e-07	1.563168e-07	1.474248e-07	1.326999e-07	1.319537e-07	1.308799e-07	1.274387e-07	9.453811e-08	8.797758e-08	8.761832e-08	5.78768e-10	5.356229e-10	5.306136e-10	5.306115e-10	1.347743e-12	3.041341e-13	2.292245e-13	9.140677e-14	9.092831e-14	7.789889e-14
35	0.6886889	0.6586897	0.649449	0.6199439	0.6190606	0.6170148	0.6170106	0.002315412	0.002040359	0.002021693	0.002021508	9.520099e-07	1.156809e-07	1.067905e-07	9.237906e-08	9.209582e-08	9.102207e-08	8.768331e-08	8.766978e-08	8.761432e-08	8.761349e-08	5.739399e-10	5.308114e-10	5.306067e-10	5.306046e-10	1.340865e-12	2.995008e-13	2.252884e-13	8.886984e-14	8.867551e-14
36	0.9998867	0.6886863	0.6586874	0.6494466	0.6199435	0.6190603	0.6170148	0.6170106	0.002315405	0.002040352	0.002021693	0.002021508	9.519994e-07	1.156705e-07	1.067801e-07	9.237293e-08	9.208973e-08	9.102066e-08	8.768328e-08	8.766976e-08	8.761432e-08	8.761349e-08	5.739396e-10	5.308113e-10	5.306066e-10	5.306045e-10	1.340768e-12	2.994438e-13	2.252316e-13	8.884125e-14
37	0.9999958	0.9998826	0.6886834	0.6586845	0.6494437	0.6199434	0.6190601	0.6170148	0.6170106	0.002315402	0.002040349	0.002021692	0.002021508	9.517352e-07	1.154064e-07	1.06516e-07	9.211068e-08	9.18275e-08	9.102003e-08	8.768326e-08	8.766975e-08	8.761432e-08	8.761349e-08	5.739395e-10	5.308112e-10	5.306065e-10	5.306044e-10	1.340729e-12	2.994203e-13	2.252081e-13
38	0.0604587	0.06045811	0.06040444	0.05708815	0.03094852	0.02509995	0.004207318	0.003928252	0.002302534	0.002300046	0.002290421	0.002035217	0.002017256	0.002017081	8.623652e-07	2.610658e-08	1.721618e-08	3.591669e-09	3.313627e-09	3.310206e-09	1.127505e-10	9.978061e-11	4.642061e-11	4.562487e-11	4.459428e-11	1.623713e-12	1.41921e-12	1.417101e-12	1.31317e-12	2.810844e-13
39	0.008969471	0.008603841	0.008603266	0.00855004	0.008521021	0.008516135	0.002669919	0.001036175	0.0008197279	2.142532e-05	2.007455e-05	1.893128e-05	1.856984e-05	1.044339e-06	8.766831e-07	8.591862e-07	2.29384e-08	1.404801e-08	3.325155e-09	3.253173e-09	3.250816e-09	6.776562e-11	5.485941e-11	1.839216e-12	1.055066e-12	1.047926e-12	5.345793e-13	3.301886e-13	3.280796e-13	3.267175e-13
40	0.03749858	0.008858792	0.008558116	0.008557543	0.008504328	0.008478688	0.00847421	0.002628002	0.0009951503	0.0008177595	1.961763e-05	1.835296e-05	1.721661e-05	1.685541e-05	2.05583e-07	4.073217e-08	2.323879e-08	2.292885e-08	1.403846e-08	3.31768e-09	3.251902e-09	3.249547e-09	6.71803e-11	5.430315e-11	1.588346e-12	8.508031e-13	8.436652e-13	3.304388e-13	3.266981e-13	3.24589e-13
41	0.0348855	0.003177474	0.002601754	0.002492775	0.002492762	0.002490799	0.002465406	0.002460944	0.002459734	0.0008318109	0.0008176688	1.956721e-05	1.832712e-05	1.719408e-05	1.683683e-05	1.874286e-07	3.182732e-08	1.433712e-08	1.403146e-08	1.403146e-08	3.310713e-09	3.251498e-09	3.249201e-09	6.684053e-11	5.407871e-11	1.515087e-12	7.784829e-13	7.71345e-13	2.581194e-13	2.544361e-13
42	0.006235927	0.005634091	0.001837285	0.001618991	0.001542702	0.001542691	0.001540868	0.00152725	0.001525225	0.001524094	0.000731401	0.0007173006	1.950551e-05	1.826863e-05	1.715018e-05	1.683197e-05	1.825774e-07	2.699025e-08	1.30161e-08	1.271051e-08	1.271051e-08	3.264061e-09	3.211737e-09	3.209528e-09	6.674098e-11	5.398757e-11	1.435339e-12	6.989416e-13	6.920224e-13	1.861323e-13
43	0.03325947	0.006034078	0.005537394	0.00177129	0.001557317	0.001541274	0.001541263	0.00153944	0.001525823	0.001523799	0.001522667	0.0007299768	0.0007171477	1.935266e-05	1.826798e-05	1.714957e-05	1.683137e-05	1.821448e-07	2.698165e-08	1.300753e-08	1.270818e-08	1.270818e-08	3.261737e-09	3.211691e-09	3.209481e-09	6.670267e-11	5.397181e-11	1.423426e-12	6.986909e-13	6.917718e-13
44	0.7625121	0.03037386	0.006022129	0.005529827	0.001766558	0.001552614	0.001536574	0.001536563	0.00153474	0.00152489	0.001523498	0.001522366	0.0007299657	0.0007171367	1.934666e-05	1.826198e-05	1.714794e-05	1.683136e-05	1.821425e-07	2.697946e-08	1.300713e-08	1.270778e-08	1.270778e-08	3.261714e-09	3.211669e-09	3.209476e-09	6.670258e-11	5.397172e-11	1.423338e-12	6.986023e-13
