#unpaired probabilities
 #i$	l=1	2	3	4	5	6	7	8	9	10	11	12	13	14	15	16	17	18	19	20	21	22	23	24	25	
1	0.9656698	NA	NA	NA	NA	NA	NA	NA	NA	NA	NA	NA	NA	NA	NA	NA	NA	NA	NA	NA	NA	NA	NA	NA	NA
2	0.3060953	0.3046756	NA	NA	NA	NA	NA	NA	NA	NA	NA	NA	NA	NA	NA	NA	NA	NA	NA	NA	NA	NA	NA	NA	NA
3	0.02772994	0.008153916	0.008109366	NA	NA	NA	NA	NA	NA	NA	NA	NA	NA	NA	NA	NA	NA	NA	NA	NA	NA	NA	NA	NA	NA
4	0.01480147	0.001306218	0.001080234	0.001057029	NA	NA	NA	NA	NA	NA	NA	NA	NA	NA	NA	NA	NA	NA	NA	NA	NA	NA	NA	NA	NA
5	0.6935753	0.01299786	0.001229402	0.001041784	0.001018887	NA	NA	NA	NA	NA	NA	NA	NA	NA	NA	NA	NA	NA	NA	NA	NA	NA	NA	NA	NA
6	0.1013995	0.0343601	0.009036385	0.001179442	0.001038255	0.001015985	NA	NA	NA	NA	NA	NA	NA	NA	NA	NA	NA	NA	NA	NA	NA	NA	NA	NA	NA
7	0.3161768	0.0717122	0.0303782	0.008629859	0.001142237	0.001017897	0.001013183	NA	NA	NA	NA	NA	NA	NA	NA	NA	NA	NA	NA	NA	NA	NA	NA	NA	NA
8	0.9999668	0.3161496	0.07171089	0.03037781	0.008629813	0.001142224	0.001017894	0.00101318	NA	NA	NA	NA	NA	NA	NA	NA	NA	NA	NA	NA	NA	NA	NA	NA	NA
9	1	0.9999668	0.3161496	0.07171089	0.03037781	0.008629813	0.001142224	0.001017894	0.00101318	NA	NA	NA	NA	NA	NA	NA	NA	NA	NA	NA	NA	NA	NA	NA	NA
10	0.1133528	0.1133528	0.1133195	0.03450791	0.02051373	0.003655563	0.0005378174	0.0001142537	7.595252e-05	7.572488e-05	NA	NA	NA	NA	NA	NA	NA	NA	NA	NA	NA	NA	NA	NA	NA
11	0.5412723	0.0851361	0.0851361	0.08510286	0.02523149	0.01944534	0.003179343	0.0003296932	8.18701e-05	4.6238e-05	4.602513e-05	NA	NA	NA	NA	NA	NA	NA	NA	NA	NA	NA	NA	NA	NA
12	0.5539798	0.516572	0.06348273	0.06348273	0.06348273	0.00571449	0.004284967	0.003082608	0.0002954276	6.851959e-05	3.358804e-05	3.337801e-05	NA	NA	NA	NA	NA	NA	NA	NA	NA	NA	NA	NA	NA
13	0.7176791	0.5451544	0.5106501	0.05762058	0.05762058	0.05762058	0.001964023	0.0006021636	0.000537787	0.0002787579	6.613098e-05	3.142812e-05	3.134454e-05	NA	NA	NA	NA	NA	NA	NA	NA	NA	NA	NA	NA
14	0.9975894	0.7165586	0.5440757	0.5095834	0.05688382	0.05688382	0.05688382	0.001382873	0.0005843155	0.000520244	0.0002614743	4.906787e-05	1.454715e-05	1.446643e-05	NA	NA	NA	NA	NA	NA	NA	NA	NA	NA	NA
15	0.9787977	0.9784184	0.7163176	0.5438664	0.5094046	0.05670886	0.05670886	0.05670886	0.001234737	0.000447902	0.0004107579	0.00019509	1.73528e-05	1.40691e-05	1.401809e-05	NA	NA	NA	NA	NA	NA	NA	NA	NA	NA
16	0.9801464	0.9787468	0.9783922	0.7163133	0.5438626	0.5094012	0.05670555	0.05670555	0.05670555	0.001231446	0.0004450188	0.0004088739	0.0001941475	1.70902e-05	1.385079e-05	1.383402e-05	NA	NA	NA	NA	NA	NA	NA	NA	NA
17	0.1723276	0.1527947	0.151396	0.1510625	0.09740444	0.09365106	0.05959559	0.0561699	0.0561699	0.0561699	0.001230993	0.0004447852	0.0004086411	0.0001939152	1.685844e-05	1.361945e-05	1.360268e-05	NA	NA	NA	NA	NA	NA	NA	NA
18	0.5865109	0.1355425	0.1160096	0.1146109	0.1142775	0.0606195	0.06042151	0.05959468	0.05616899	0.05616899	0.05616899	0.001230087	0.0004447852	0.0004086411	0.0001939152	1.685844e-05	1.361945e-05	1.360268e-05	NA	NA	NA	NA	NA	NA	NA
19	0.5385506	0.532866	0.08235218	0.06379448	0.06247727	0.06214553	0.05589848	0.05579749	0.05577872	0.05572814	0.05572814	0.05572814	0.001228422	0.0004440811	0.000407937	0.0001932112	1.615453e-05	1.29156e-05	1.289884e-05	NA	NA	NA	NA	NA	NA
20	0.1015048	0.02355241	0.02281598	0.02200826	0.003597004	0.002333785	0.00230488	0.001312905	0.001298304	0.001282286	0.001278987	0.001278987	0.001278987	0.001226863	0.0004440538	0.0004079097	0.0001931839	1.612723e-05	1.288831e-05	1.287154e-05	NA	NA	NA	NA	NA
21	0.2864428	0.09905739	0.02329153	0.02257024	0.02188306	0.003471805	0.002208586	0.00218378	0.001191805	0.001179701	0.001168796	0.001165497	0.001165497	0.001165497	0.001113373	0.0004440538	0.0004079097	0.0001931839	1.612723e-05	1.288831e-05	1.287154e-05	NA	NA	NA	NA
22	0.6998095	0.03664805	0.02569114	0.02087211	0.02032453	0.01989059	0.001519261	0.001464999	0.001456894	0.0004704733	0.0004584307	0.0004475553	0.0004446244	0.0004446244	0.0004446244	0.0004440595	0.0004440538	0.0004079097	0.0001931839	1.612723e-05	1.288831e-05	1.287154e-05	NA	NA	NA
23	0.0219026	0.02069279	0.0203632	0.01933614	0.01913334	0.01913191	0.01890959	0.001072523	0.001021396	0.001020607	3.711357e-05	2.530294e-05	1.630346e-05	1.437577e-05	1.437577e-05	1.437577e-05	1.381114e-05	1.380536e-05	1.366042e-05	1.338288e-05	1.310556e-05	1.28763e-05	1.287154e-05	NA	NA
24	0.02163807	0.02008196	0.01911598	0.01907947	0.01896684	0.01892661	0.01892576	0.01890475	0.00107081	0.001019752	0.001019551	3.609002e-05	2.430014e-05	1.53637e-05	1.344678e-05	1.344678e-05	1.344678e-05	1.288222e-05	1.287645e-05	1.287588e-05	1.287461e-05	1.287352e-05	1.287244e-05	1.287154e-05	NA
25	0.04422915	0.02153841	0.02000491	0.01904062	0.01900429	0.01891708	0.01890564	0.01890479	0.01890454	0.001070664	0.001019608	0.001019542	3.608377e-05	2.429453e-05	1.535873e-05	1.344187e-05	1.344187e-05	1.344187e-05	1.287732e-05	1.287154e-05	1.287154e-05	1.287154e-05	1.287154e-05	1.287154e-05	1.287154e-05
