#unpaired probabilities
 #i$	l=1	2	3	4	5	6	7	8	9	10	11	12	13	14	15	16	17	18	19	20	21	22	23	24	25	26	27	28	29	30	
1	0.9973645	NA	NA	NA	NA	NA	NA	NA	NA	NA	NA	NA	NA	NA	NA	NA	NA	NA	NA	NA	NA	NA	NA	NA	NA	NA	NA	NA	NA	NA
2	0.997247	0.9957228	NA	NA	NA	NA	NA	NA	NA	NA	NA	NA	NA	NA	NA	NA	NA	NA	NA	NA	NA	NA	NA	NA	NA	NA	NA	NA	NA	NA
3	0.9943912	0.9937776	0.9932127	NA	NA	NA	NA	NA	NA	NA	NA	NA	NA	NA	NA	NA	NA	NA	NA	NA	NA	NA	NA	NA	NA	NA	NA	NA	NA	NA
4	0.9527517	0.9491292	0.9485784	0.9480303	NA	NA	NA	NA	NA	NA	NA	NA	NA	NA	NA	NA	NA	NA	NA	NA	NA	NA	NA	NA	NA	NA	NA	NA	NA	NA
5	0.8893964	0.8891796	0.8891202	0.8890952	0.8890843	NA	NA	NA	NA	NA	NA	NA	NA	NA	NA	NA	NA	NA	NA	NA	NA	NA	NA	NA	NA	NA	NA	NA	NA	NA
6	0.6851769	0.6619253	0.6617535	0.6617007	0.6616791	0.6616688	NA	NA	NA	NA	NA	NA	NA	NA	NA	NA	NA	NA	NA	NA	NA	NA	NA	NA	NA	NA	NA	NA	NA	NA
7	0.1305032	0.0655291	0.06336256	0.06321589	0.0631987	0.06317964	0.06316932	NA	NA	NA	NA	NA	NA	NA	NA	NA	NA	NA	NA	NA	NA	NA	NA	NA	NA	NA	NA	NA	NA	NA
8	0.1203986	0.09784565	0.0527407	0.05061597	0.05050848	0.05049271	0.05048159	0.0504713	NA	NA	NA	NA	NA	NA	NA	NA	NA	NA	NA	NA	NA	NA	NA	NA	NA	NA	NA	NA	NA	NA
9	0.1271988	0.1130145	0.09083527	0.04937085	0.04732495	0.04722352	0.04720945	0.04719843	0.04718818	NA	NA	NA	NA	NA	NA	NA	NA	NA	NA	NA	NA	NA	NA	NA	NA	NA	NA	NA	NA	NA
10	0.873281	0.07409755	0.06952202	0.04772373	0.03671988	0.0356165	0.03554615	0.03553368	0.03552296	0.03551271	NA	NA	NA	NA	NA	NA	NA	NA	NA	NA	NA	NA	NA	NA	NA	NA	NA	NA	NA	NA
11	0.9182963	0.8634156	0.07335962	0.06879989	0.04731307	0.03651007	0.03545755	0.03538827	0.03537617	0.03537449	0.03536427	NA	NA	NA	NA	NA	NA	NA	NA	NA	NA	NA	NA	NA	NA	NA	NA	NA	NA	NA
12	0.1958419	0.1713098	0.152738	0.06121083	0.05875324	0.03769785	0.03098875	0.0300493	0.0299837	0.02997209	0.02997049	0.02996026	NA	NA	NA	NA	NA	NA	NA	NA	NA	NA	NA	NA	NA	NA	NA	NA	NA	NA
13	0.2165046	0.1602392	0.1481466	0.1317407	0.05771972	0.05542545	0.03445631	0.02909097	0.0282253	0.02816156	0.02815062	0.02814906	0.02813887	NA	NA	NA	NA	NA	NA	NA	NA	NA	NA	NA	NA	NA	NA	NA	NA	NA
14	0.242567	0.108254	0.07405703	0.07019981	0.06539997	0.04463803	0.04349566	0.02302985	0.01889829	0.018106	0.01804461	0.01803716	0.01803567	0.01802566	NA	NA	NA	NA	NA	NA	NA	NA	NA	NA	NA	NA	NA	NA	NA	NA
15	0.08240534	0.07055359	0.05260022	0.04622609	0.04575974	0.04256646	0.0374972	0.03742433	0.01706918	0.01389329	0.01312952	0.01307265	0.0130673	0.01306599	0.0130566	NA	NA	NA	NA	NA	NA	NA	NA	NA	NA	NA	NA	NA	NA	NA
16	0.03739218	0.03654264	0.03628523	0.03435547	0.03339023	0.03313452	0.03097977	0.03034677	0.03030436	0.01211222	0.01204665	0.01131551	0.01126877	0.01126804	0.01126752	0.01126724	NA	NA	NA	NA	NA	NA	NA	NA	NA	NA	NA	NA	NA	NA
17	0.04405572	0.03496246	0.03449539	0.03433702	0.03359929	0.03291377	0.03268696	0.03057798	0.03015815	0.03011828	0.01192636	0.01186301	0.01114663	0.01109991	0.01109922	0.01109869	0.01109842	NA	NA	NA	NA	NA	NA	NA	NA	NA	NA	NA	NA	NA
18	0.1402596	0.04316993	0.03446987	0.03407805	0.03394199	0.03327766	0.03267067	0.03246049	0.03036721	0.02999215	0.02995568	0.01178653	0.01172411	0.01101104	0.01096439	0.01096371	0.01096319	0.01096292	NA	NA	NA	NA	NA	NA	NA	NA	NA	NA	NA	NA
19	0.9581094	0.1329164	0.04199047	0.03358426	0.03322228	0.03309511	0.03249633	0.03196733	0.03177428	0.0296906	0.02935963	0.02932584	0.01116835	0.01110879	0.01039786	0.01035125	0.01035059	0.01035007	0.0103498	NA	NA	NA	NA	NA	NA	NA	NA	NA	NA	NA
20	0.9596808	0.93408	0.1306984	0.04154481	0.03325107	0.03289531	0.03276998	0.03218397	0.03166859	0.03150219	0.02942075	0.02910396	0.02907201	0.01091837	0.01086044	0.0101503	0.01010372	0.01010306	0.01010254	0.01010228	NA	NA	NA	NA	NA	NA	NA	NA	NA	NA
21	0.8911951	0.8568175	0.8351657	0.1189372	0.03661052	0.03193061	0.03174087	0.03163895	0.0314233	0.03116953	0.03102562	0.02896695	0.02880724	0.02877655	0.01062309	0.01057405	0.009866218	0.009819926	0.009819347	0.009818924	0.009818677	NA	NA	NA	NA	NA	NA	NA	NA	NA
22	0.8901561	0.8830725	0.8488966	0.8272786	0.1120359	0.03402454	0.03111032	0.03092269	0.03082147	0.03060953	0.03035802	0.03021454	0.02815928	0.02800171	0.02797116	0.009817718	0.00976904	0.009064647	0.00901836	0.009017783	0.00901736	0.009017113	NA	NA	NA	NA	NA	NA	NA	NA
23	0.9928366	0.8849817	0.8780178	0.8438554	0.8222602	0.1098873	0.03257468	0.02991466	0.02972777	0.02962703	0.02941695	0.02916588	0.0290269	0.02697643	0.02682016	0.02679136	0.008638208	0.008589554	0.007885684	0.007839397	0.007838821	0.007838398	0.007838151	NA	NA	NA	NA	NA	NA	NA
24	0.9975062	0.9920564	0.88421	0.8772613	0.8431033	0.8215094	0.1091406	0.03206027	0.02945749	0.02927085	0.02917035	0.02896089	0.02870999	0.0286138	0.02656498	0.02640918	0.02638277	0.008229621	0.008180993	0.007477375	0.007431089	0.007430512	0.00743009	0.007429843	NA	NA	NA	NA	NA	NA
25	0.9955642	0.9952858	0.9898774	0.882036	0.8751952	0.8410472	0.819455	0.1070877	0.03008928	0.02930396	0.02911744	0.02901735	0.02880808	0.02855725	0.02851031	0.0264619	0.02630626	0.02628401	0.008130862	0.008082258	0.007378816	0.00733253	0.007331953	0.007331531	0.007331284	NA	NA	NA	NA	NA
26	0.9631138	0.9626425	0.9623816	0.9569937	0.8491769	0.8423562	0.8238282	0.8190438	0.1068774	0.02989489	0.02911251	0.0290071	0.02894612	0.02873694	0.02851971	0.02847278	0.02642452	0.02626924	0.026247	0.008093854	0.008045255	0.007341824	0.007295539	0.007294962	0.00729464	0.007294393	NA	NA	NA	NA
27	0.9484671	0.9340898	0.9337365	0.9335143	0.9322764	0.8245607	0.8184792	0.8181548	0.8163199	0.1044314	0.02812608	0.02741648	0.0273978	0.02735562	0.02714918	0.02710952	0.02706295	0.02502057	0.02486789	0.02484588	0.006692856	0.006644404	0.005941394	0.005895109	0.005894533	0.005894292	0.005894045	NA	NA	NA
28	0.9941111	0.9469525	0.9326313	0.9323557	0.9321508	0.9309305	0.8232262	0.8171611	0.8168397	0.8150058	0.10312	0.02716493	0.02649661	0.0264785	0.02643684	0.02623159	0.02619245	0.026165	0.02412627	0.02397504	0.02396859	0.005815571	0.005767245	0.005064603	0.005018319	0.005017743	0.005017502	0.005017255	NA	NA
29	0.9968141	0.992476	0.9455916	0.9314087	0.9311776	0.930989	0.9298684	0.8221736	0.8161939	0.8158802	0.8140495	0.1021663	0.02647902	0.02585608	0.02583854	0.0258	0.02559583	0.02555694	0.02553108	0.02349494	0.0233446	0.02333923	0.005186242	0.005137955	0.00443702	0.004390735	0.004390159	0.004389918	0.004389672	NA
30	0.9878518	0.9860381	0.9857087	0.9393324	0.9253046	0.9251107	0.9249603	0.9239806	0.8163242	0.8104974	0.8102034	0.8083807	0.09650823	0.02219309	0.02178073	0.02176557	0.02173022	0.02153103	0.02150137	0.02149931	0.01947665	0.01939605	0.01939542	0.001242556	0.001195256	0.001194552	0.001148316	0.001147741	0.0011475	0.001147253
31	0.08380245	0.08374826	0.08369433	0.08367968	0.07647159	0.07578426	0.0757196	0.07570246	0.07567165	0.07560362	0.07554149	0.07547878	0.07545547	0.07477537	0.001129161	0.0008073022	0.0007977976	0.0007893294	0.000669281	0.0006462644	0.0006444704	0.0006357227	0.0005662559	0.0005657533	0.0005647398	0.0005196404	0.000519133	0.0005171711	0.0005169992	0.000516889
32	0.004873592	0.003226945	0.003180898	0.003157147	0.003147013	0.002178286	0.001982395	0.001948238	0.001936366	0.00190924	0.001901881	0.00189075	0.001888498	0.001885108	0.001217418	0.0009727417	0.0006574563	0.0006500359	0.0006419996	0.0005245234	0.0005023278	0.0005005619	0.0004945246	0.0004290661	0.0004285804	0.0004281971	0.0004155257	0.0004150502	0.0004143681	0.0004142745
33	0.1230979	0.003995127	0.002764987	0.002719377	0.002696199	0.002686765	0.001732205	0.001538096	0.001504145	0.001492466	0.001465426	0.001458548	0.001447648	0.001445539	0.001442222	0.0007747745	0.0005705161	0.0005544458	0.000547081	0.0005390859	0.0004217422	0.0003995799	0.0003978445	0.0003922184	0.0003268655	0.0003263983	0.0003260151	0.0003133449	0.000313053	0.0003123709
34	0.05554963	0.02475594	0.002536569	0.002043778	0.001999669	0.001977083	0.00196844	0.001018966	0.0008283315	0.0007965251	0.0007859029	0.0007842074	0.0007773522	0.0007664697	0.0007647924	0.0007631028	0.0007620084	0.0005587083	0.0005427432	0.0005375998	0.0005364499	0.0004191093	0.0003970852	0.0003953504	0.000389734	0.0003243858	0.000323919	0.0003235358	0.0003108656	0.0003105744
35	0.1570978	0.03556429	0.01484944	0.002189798	0.001779627	0.001773735	0.001760838	0.001757483	0.0008317669	0.0006460039	0.0006146094	0.0006042085	0.0006028919	0.000598924	0.0005889138	0.0005873455	0.0005857632	0.0005847655	0.000453676	0.0004396092	0.0004385178	0.0004378615	0.0003213408	0.0003191729	0.0003174407	0.0003124492	0.0003039977	0.0003035324	0.0003033479	0.0003014876
36	0.8136362	0.1402786	0.02433402	0.01217887	0.0004956593	0.0003863833	0.0003825223	0.0003790298	0.0003787311	0.0003574388	0.0003531781	0.0003519263	0.0003511436	0.000350762	0.0003488399	0.0003449113	0.0003445191	0.0003434539	0.0003428874	0.0002772329	0.0002708148	0.0002698763	0.0002692916	0.0001532984	0.0001511829	0.0001509718	0.0001466771	0.0001383801	0.000138312	0.0001381275
37	0.05572282	0.04645088	0.02268602	0.01533287	0.01124614	0.0002299471	0.0001367623	0.0001359749	0.0001353978	0.0001352144	0.0001327852	0.0001320944	0.0001319656	0.000131874	0.000131789	0.0001310372	0.0001300237	0.0001298588	0.0001295893	0.0001292943	9.249785e-05	8.885171e-05	8.829706e-05	8.817019e-05	8.757011e-05	8.548837e-05	8.529405e-05	8.166081e-05	7.346729e-05	7.340934e-05
38	0.1488999	0.0535934	0.0454373	0.02239106	0.01520097	0.01119027	0.0002269568	0.0001340959	0.0001333176	0.0001327513	0.0001325798	0.0001302717	0.0001296151	0.0001295162	0.0001294561	0.0001293847	0.000128639	0.0001276306	0.0001274818	0.0001272191	0.0001269507	9.063136e-05	8.70384e-05	8.698956e-05	8.689244e-05	8.629405e-05	8.430202e-05	8.4108e-05	8.047954e-05	7.228752e-05
39	0.9603688	0.1361217	0.04308469	0.03494325	0.01193266	0.00475112	0.0007604105	0.0002214094	0.0001332966	0.0001325198	0.0001319584	0.0001317874	0.000129494	0.0001288417	0.0001287434	0.0001286836	0.0001286124	0.0001278679	0.0001268602	0.0001267121	0.0001264496	0.0001261821	9.001706e-05	8.663593e-05	8.65873e-05	8.649039e-05	8.589251e-05	8.390059e-05	8.37067e-05	8.007979e-05
40	0.9845125	0.9562434	0.1325756	0.04259247	0.03449666	0.01169477	0.004549843	0.0006688366	0.0001374367	0.0001296583	0.0001288982	0.0001283897	0.0001282212	0.000126039	0.0001254157	0.0001253196	0.0001252609	0.0001251906	0.0001244525	0.0001234492	0.0001233042	0.0001230433	0.000122781	8.745988e-05	8.434083e-05	8.42934e-05	8.419743e-05	8.360232e-05	8.161105e-05	8.14177e-05
41	0.1276999	0.1267078	0.09894743	0.03485886	0.01435602	0.01049968	0.006569077	0.003478234	0.0003298317	0.0001056355	0.0001004607	0.0001000985	9.980448e-05	9.971437e-05	9.809483e-05	9.756564e-05	9.748439e-05	9.743756e-05	9.738059e-05	9.696707e-05	9.670513e-05	9.65904e-05	9.635351e-05	9.611976e-05	6.49891e-05	6.237786e-05	6.23408e-05	6.226427e-05	6.210222e-05	6.19058e-05
42	0.1782282	0.1116706	0.1108084	0.08331002	0.02834718	0.01201569	0.008487701	0.005394215	0.002632297	0.000255512	8.066425e-05	7.725852e-05	7.695185e-05	7.677012e-05	7.670076e-05	7.578131e-05	7.544494e-05	7.539289e-05	7.536129e-05	7.53113e-05	7.495354e-05	7.472551e-05	7.463216e-05	7.440587e-05	7.420788e-05	4.901978e-05	4.705191e-05	4.702314e-05	4.695221e-05	4.680965e-05
43	0.06439894	0.05559011	0.04706569	0.04630252	0.01919958	0.01432283	0.00612727	0.005765761	0.004311613	0.001951285	0.00012534	6.000109e-05	5.770195e-05	5.752566e-05	5.738875e-05	5.736043e-05	5.665198e-05	5.638354e-05	5.634059e-05	5.631953e-05	5.628075e-05	5.610882e-05	5.593761e-05	5.587024e-05	5.583778e-05	5.573624e-05	3.585934e-05	3.437077e-05	3.434825e-05	3.428282e-05
44	0.7834222	0.05777838	0.04947605	0.04372505	0.04301391	0.01596274	0.01172899	0.003987744	0.00368111	0.002313788	0.001853696	0.0001179789	5.688149e-05	5.497158e-05	5.480124e-05	5.467473e-05	5.46482e-05	5.40111e-05	5.377982e-05	5.373966e-05	5.372005e-05	5.368204e-05	5.351646e-05	5.334901e-05	5.328411e-05	5.325289e-05	5.315553e-05	3.397476e-05	3.256232e-05	3.254077e-05
45	0.5679299	0.5065287	0.02932733	0.02144826	0.01608926	0.01569633	0.01527158	0.01123827	0.003756542	0.003465059	0.002146225	0.00170181	0.0001053672	4.863497e-05	4.679221e-05	4.666358e-05	4.654897e-05	4.653025e-05	4.592059e-05	4.569681e-05	4.56602e-05	4.564517e-05	4.561126e-05	4.551287e-05	4.535762e-05	4.529481e-05	4.526826e-05	4.518567e-05	3.284803e-05	3.148035e-05
46	0.3174887	0.1972492	0.1651828	0.01119808	0.007334197	0.005358347	0.005092728	0.004951898	0.003686172	0.001241764	0.001131506	0.0007003127	0.0005533915	3.484119e-05	1.625902e-05	1.553965e-05	1.546905e-05	1.539834e-05	1.539214e-05	1.513193e-05	1.503246e-05	1.500803e-05	1.499964e-05	1.497304e-05	1.493485e-05	1.481936e-05	1.478526e-05	1.477299e-05	1.474001e-05	1.073249e-05
47	0.2687625	0.2316625	0.1453569	0.1173528	0.008596545	0.005289254	0.003843474	0.003595885	0.003495239	0.002600207	0.0008839796	0.0007992861	0.0004955177	0.0003906983	2.471736e-05	1.157199e-05	1.109028e-05	1.102789e-05	1.096339e-05	1.095839e-05	1.074771e-05	1.066577e-05	1.064314e-05	1.063573e-05	1.061014e-05	1.058047e-05	1.047061e-05	1.044057e-05	1.043032e-05	1.040436e-05
48	0.2226136	0.2080602	0.1765688	0.1112383	0.08773625	0.006855536	0.003911916	0.002912824	0.002679251	0.002603557	0.001936642	0.0006608042	0.0005925166	0.0003659384	0.0002906344	1.838203e-05	8.626336e-06	8.252662e-06	8.195858e-06	8.138328e-06	8.134299e-06	7.954452e-06	7.900686e-06	7.88522e-06	7.879179e-06	7.876685e-06	7.852498e-06	7.746308e-06	7.728774e-06	7.720153e-06
49	0.2534721	0.2047142	0.1964539	0.1659327	0.1043165	0.08222627	0.00621703	0.003341332	0.002550152	0.002516772	0.002448869	0.001822805	0.000622077	0.0005566383	0.0003440395	0.0002732392	1.708001e-05	7.933008e-06	7.577035e-06	7.558669e-06	7.537436e-06	7.533624e-06	7.36461e-06	7.313011e-06	7.305266e-06	7.300733e-06	7.298474e-06	7.277755e-06	7.267563e-06	7.259902e-06
50	0.4902521	0.2512222	0.2039201	0.1957686	0.1653098	0.1038673	0.08198124	0.006196037	0.003329724	0.002542523	0.002509265	0.002441561	0.00181732	0.0006200856	0.0005550074	0.0003430269	0.0002724353	1.70234e-05	7.905677e-06	7.550502e-06	7.532181e-06	7.511004e-06	7.507347e-06	7.338586e-06	7.287092e-06	7.280214e-06	7.276144e-06	7.274017e-06	7.253342e-06	7.243179e-06
51	0.9482719	0.4398958	0.2045697	0.1581455	0.1502425	0.1476538	0.08626482	0.07996328	0.00424722	0.003304976	0.002518968	0.002485746	0.002418105	0.00179443	0.0005982823	0.0005545007	0.0003427124	0.0002721865	1.700671e-05	7.897683e-06	7.542756e-06	7.524448e-06	7.503288e-06	7.499765e-06	7.331083e-06	7.279622e-06	7.272884e-06	7.268891e-06	7.266844e-06	7.246182e-06
52	0.938196	0.9321888	0.4248506	0.1897209	0.1452714	0.1376328	0.1351776	0.08147682	0.07550809	0.004013644	0.003121052	0.002381792	0.002350193	0.002286138	0.001695545	0.0005661658	0.0005246606	0.0003243502	0.0002575811	1.601576e-05	7.414408e-06	7.141643e-06	7.124069e-06	7.103463e-06	7.100048e-06	6.935785e-06	6.885889e-06	6.879317e-06	6.875416e-06	6.87346e-06
53	0.9523448	0.9378384	0.9318507	0.4246044	0.1894936	0.1450729	0.1374427	0.1350384	0.08137841	0.07544705	0.004009502	0.003117861	0.002379946	0.002348385	0.002284379	0.001694231	0.0005657116	0.0005242584	0.0003240993	0.0002573826	1.600092e-05	7.407091e-06	7.134522e-06	7.116958e-06	7.096367e-06	7.09315e-06	6.928947e-06	6.879075e-06	6.873063e-06	6.869498e-06
54	0.9991189	0.951665	0.9374139	0.9314377	0.4242197	0.1891159	0.1447216	0.1370997	0.1347826	0.08119634	0.07533231	0.003993702	0.003112693	0.002375968	0.002344449	0.002280531	0.001691192	0.0005642268	0.0005235362	0.000323651	0.0002570261	1.59772e-05	7.395398e-06	7.123175e-06	7.10563e-06	7.085054e-06	7.082923e-06	6.918828e-06	6.868994e-06	6.863117e-06
55	0.4913244	0.4910054	0.4448992	0.4311357	0.4295676	0.4238108	0.1887885	0.1446489	0.1370295	0.1347135	0.08115494	0.0752938	0.003988335	0.003107731	0.002371457	0.002339953	0.002276064	0.001690339	0.0005639044	0.0005232324	0.0003234436	0.0002568946	1.595689e-05	7.390462e-06	7.119748e-06	7.102209e-06	7.081637e-06	7.079507e-06	6.91556e-06	6.865817e-06
56	0.3990127	0.3903987	0.3901014	0.3461748	0.3325024	0.3309351	0.325179	0.1884608	0.1444171	0.1367994	0.1344835	0.08112794	0.07526684	0.003982015	0.003101412	0.002369553	0.002338049	0.002274161	0.001688436	0.0005625564	0.0005218844	0.0003233881	0.0002568391	1.590142e-05	7.38231e-06	7.119748e-06	7.102209e-06	7.081637e-06	7.079507e-06	6.91556e-06
57	0.5299099	0.2515465	0.2494182	0.249123	0.205773	0.192635	0.191548	0.1890823	0.1871982	0.1443749	0.1367754	0.1344598	0.08111353	0.0752534	0.00397885	0.003098361	0.002368751	0.002337286	0.002273405	0.001687981	0.0005622421	0.0005215747	0.0003232423	0.0002567059	1.579549e-05	7.294843e-06	7.033562e-06	7.016024e-06	6.995453e-06	6.993323e-06
58	0.5532043	0.2301341	0.2142545	0.2131462	0.2129137	0.178512	0.1654771	0.1644953	0.1621108	0.1604117	0.1443314	0.1367349	0.1344197	0.08109384	0.07523566	0.003962485	0.003082006	0.002368513	0.002337056	0.002273175	0.001687847	0.0005621363	0.000521469	0.0003231488	0.0002566725	1.576208e-05	7.261562e-06	7.010877e-06	6.993339e-06	6.972769e-06
59	0.2805155	0.2779524	0.2211722	0.2087659	0.2077574	0.2075284	0.1732802	0.1621679	0.1611865	0.1588107	0.1571137	0.1410734	0.1366999	0.1343895	0.08107221	0.07521844	0.003957068	0.003076832	0.00236459	0.0023362	0.002272762	0.001687529	0.0005620002	0.0005213495	0.0003230615	0.0002565959	1.573203e-05	7.233029e-06	6.982391e-06	6.969424e-06
60	0.3876915	0.2799176	0.2774179	0.2210153	0.2086507	0.2077	0.2074711	0.1732436	0.1621353	0.1611538	0.1587784	0.1570814	0.1410479	0.1366746	0.1343692	0.08105197	0.0752177	0.003956386	0.003076735	0.002364528	0.002336138	0.0022727	0.001687467	0.0005619386	0.0005213487	0.0003230607	0.0002565951	1.573123e-05	7.232231e-06	6.981593e-06
61	0.9865745	0.3790641	0.2771721	0.2752963	0.2205641	0.208293	0.2076068	0.207378	0.1732013	0.1620952	0.1611138	0.1587384	0.1570414	0.1410086	0.1366356	0.1343483	0.08103102	0.07521382	0.003952528	0.003076377	0.00236418	0.002335791	0.002272353	0.00168712	0.0005615914	0.0005213482	0.0003230602	0.0002565946	1.573078e-05	7.231776e-06
62	0.9864887	0.9805401	0.3775762	0.2766085	0.2747668	0.2200555	0.2077908	0.2071052	0.2068964	0.1727737	0.1616679	0.160694	0.1587146	0.1570206	0.1410071	0.1366342	0.1343468	0.0810307	0.07521351	0.003952261	0.00307611	0.002363943	0.002335554	0.002272116	0.001687103	0.0005615767	0.0005213335	0.0003230483	0.0002565937	1.572983e-05
63	0.9928673	0.9806139	0.9747273	0.3772125	0.2764664	0.2746483	0.2199938	0.2077336	0.2070482	0.2068394	0.1727208	0.1616152	0.1606413	0.1586618	0.1570079	0.1409951	0.1366222	0.1343348	0.0810298	0.07521261	0.003951825	0.003075674	0.002363877	0.002335488	0.00227205	0.001687037	0.0005615451	0.0005213019	0.0003230477	0.0002565932
