#unpaired probabilities
 #i$	l=1	2	3	4	5	6	7	8	9	10	11	12	13	14	15	16	17	18	19	20	21	22	23	24	25	26	27	28	29	30	
1	0.9672023	NA	NA	NA	NA	NA	NA	NA	NA	NA	NA	NA	NA	NA	NA	NA	NA	NA	NA	NA	NA	NA	NA	NA	NA	NA	NA	NA	NA	NA
2	0.9158181	0.9154969	NA	NA	NA	NA	NA	NA	NA	NA	NA	NA	NA	NA	NA	NA	NA	NA	NA	NA	NA	NA	NA	NA	NA	NA	NA	NA	NA	NA
3	0.9502813	0.8973387	0.8970556	NA	NA	NA	NA	NA	NA	NA	NA	NA	NA	NA	NA	NA	NA	NA	NA	NA	NA	NA	NA	NA	NA	NA	NA	NA	NA	NA
4	0.9890455	0.9466443	0.8937227	0.8934405	NA	NA	NA	NA	NA	NA	NA	NA	NA	NA	NA	NA	NA	NA	NA	NA	NA	NA	NA	NA	NA	NA	NA	NA	NA	NA
5	0.9996373	0.9888733	0.9464843	0.8935629	0.8932807	NA	NA	NA	NA	NA	NA	NA	NA	NA	NA	NA	NA	NA	NA	NA	NA	NA	NA	NA	NA	NA	NA	NA	NA	NA
6	0.9933715	0.9930254	0.9822626	0.9398738	0.8935006	0.8932185	NA	NA	NA	NA	NA	NA	NA	NA	NA	NA	NA	NA	NA	NA	NA	NA	NA	NA	NA	NA	NA	NA	NA	NA
7	0.9931859	0.9924145	0.9921242	0.981364	0.9390786	0.8929335	0.892919	NA	NA	NA	NA	NA	NA	NA	NA	NA	NA	NA	NA	NA	NA	NA	NA	NA	NA	NA	NA	NA	NA	NA
8	0.9957222	0.988968	0.9882073	0.9879221	0.9771632	0.9348785	0.8887336	0.8887193	NA	NA	NA	NA	NA	NA	NA	NA	NA	NA	NA	NA	NA	NA	NA	NA	NA	NA	NA	NA	NA	NA
9	0.8374303	0.835576	0.8299682	0.8293531	0.829071	0.8183128	0.7760285	0.7298837	0.7298695	NA	NA	NA	NA	NA	NA	NA	NA	NA	NA	NA	NA	NA	NA	NA	NA	NA	NA	NA	NA	NA
10	0.825201	0.8180851	0.8165707	0.8110989	0.8105024	0.8102409	0.7994883	0.757207	0.7110635	0.7110508	NA	NA	NA	NA	NA	NA	NA	NA	NA	NA	NA	NA	NA	NA	NA	NA	NA	NA	NA	NA
11	0.9010459	0.7262471	0.7191333	0.7176189	0.7121482	0.7115518	0.7112903	0.7112071	0.7110946	0.7110391	0.7110264	NA	NA	NA	NA	NA	NA	NA	NA	NA	NA	NA	NA	NA	NA	NA	NA	NA	NA	NA
12	0.1798436	0.1705661	0.1538764	0.1530524	0.1527312	0.1515751	0.1514496	0.151424	0.1514082	0.1513924	0.151376	0.1513726	NA	NA	NA	NA	NA	NA	NA	NA	NA	NA	NA	NA	NA	NA	NA	NA	NA	NA
13	0.03149864	0.02370987	0.02238209	0.02203179	0.02197318	0.02193798	0.0217761	0.021758	0.02175661	0.02175623	0.02175527	0.0217542	0.02175404	NA	NA	NA	NA	NA	NA	NA	NA	NA	NA	NA	NA	NA	NA	NA	NA	NA
14	0.0001284407	8.496481e-05	6.824824e-05	6.538006e-05	6.450649e-05	6.420936e-05	4.657493e-05	4.620297e-05	4.616389e-05	4.615969e-05	4.61309e-05	4.610167e-05	4.607209e-05	4.607161e-05	NA	NA	NA	NA	NA	NA	NA	NA	NA	NA	NA	NA	NA	NA	NA	NA
15	2.101082e-05	1.138244e-06	8.353611e-07	6.51081e-07	5.695793e-07	5.597844e-07	5.578111e-07	5.005485e-07	4.728222e-07	4.709096e-07	4.707524e-07	4.70437e-07	4.702712e-07	4.701094e-07	4.701024e-07	NA	NA	NA	NA	NA	NA	NA	NA	NA	NA	NA	NA	NA	NA	NA
16	0.0004893463	1.110016e-06	2.321927e-07	1.912228e-07	1.708741e-07	1.190084e-07	1.1585e-07	1.152932e-07	5.967728e-08	5.701744e-08	5.597531e-08	5.585474e-08	5.562533e-08	5.554887e-08	5.548381e-08	5.548087e-08	NA	NA	NA	NA	NA	NA	NA	NA	NA	NA	NA	NA	NA	NA
17	2.887166e-05	6.993745e-07	1.316564e-07	1.261299e-07	1.157994e-07	1.100645e-07	6.867557e-08	6.849071e-08	6.831672e-08	1.331606e-08	1.119981e-08	1.066129e-08	1.065647e-08	1.056573e-08	1.052506e-08	1.049572e-08	1.04941e-08	NA	NA	NA	NA	NA	NA	NA	NA	NA	NA	NA	NA	NA
18	0.0008132685	2.346025e-06	4.500756e-07	1.256385e-07	1.216931e-07	1.126419e-07	1.075272e-07	6.629854e-08	6.62616e-08	6.613745e-08	1.130009e-08	9.206242e-09	8.672394e-09	8.670654e-09	8.589043e-09	8.554543e-09	8.527897e-09	8.527187e-09	NA	NA	NA	NA	NA	NA	NA	NA	NA	NA	NA	NA
19	0.0004765154	1.874544e-05	2.702791e-07	1.071937e-07	8.073055e-08	7.701366e-08	6.944812e-08	6.553891e-08	6.503654e-08	6.500333e-08	6.488008e-08	1.004559e-08	7.959833e-09	7.917756e-09	7.916124e-09	7.834791e-09	7.800421e-09	7.773906e-09	7.773203e-09	NA	NA	NA	NA	NA	NA	NA	NA	NA	NA	NA
20	0.01480438	0.0003151978	1.424135e-05	2.515872e-07	1.033536e-07	7.798416e-08	7.688904e-08	6.934232e-08	6.544557e-08	6.494594e-08	6.493422e-08	6.481947e-08	1.000077e-08	7.915582e-09	7.873589e-09	7.872341e-09	7.791683e-09	7.75878e-09	7.733323e-09	7.733254e-09	NA	NA	NA	NA	NA	NA	NA	NA	NA	NA
21	0.9999995	0.01480437	0.0003151909	1.423925e-05	2.497293e-07	1.014987e-07	7.614027e-08	7.504525e-08	6.79291e-08	6.543649e-08	6.493735e-08	6.492563e-08	6.481088e-08	9.99218e-09	7.907558e-09	7.865572e-09	7.864324e-09	7.783667e-09	7.750763e-09	7.725307e-09	7.725238e-09	NA	NA	NA	NA	NA	NA	NA	NA	NA
22	0.9999998	0.9999995	0.01480435	0.0003151759	1.423619e-05	2.471964e-07	9.897254e-08	7.36406e-08	7.254579e-08	6.786692e-08	6.54151e-08	6.491701e-08	6.49053e-08	6.479054e-08	9.971843e-09	7.890258e-09	7.848286e-09	7.847038e-09	7.766381e-09	7.733478e-09	7.708022e-09	7.707952e-09	NA	NA	NA	NA	NA	NA	NA	NA
23	0.9999998	0.9999996	0.9999993	0.01480421	0.0003150345	1.423473e-05	2.470043e-07	9.879658e-08	7.348816e-08	7.239383e-08	6.779534e-08	6.53683e-08	6.487277e-08	6.486105e-08	6.47463e-08	9.9276e-09	7.848299e-09	7.80636e-09	7.805112e-09	7.724455e-09	7.691552e-09	7.666096e-09	7.666027e-09	NA	NA	NA	NA	NA	NA	NA
24	0.9986836	0.9986836	0.9986835	0.9986833	0.01476547	0.0003101876	1.371254e-05	1.748667e-07	2.979005e-08	6.634973e-09	6.565507e-09	4.673113e-09	4.077439e-09	3.949367e-09	3.937973e-09	3.926844e-09	3.843463e-09	1.807936e-09	1.770777e-09	1.769698e-09	1.691067e-09	1.667115e-09	1.650794e-09	1.650755e-09	NA	NA	NA	NA	NA	NA
25	0.9999632	0.9986612	0.9986612	0.9986611	0.9986609	0.01476542	0.0003101382	1.370978e-05	1.738184e-07	2.876329e-08	6.431329e-09	6.363137e-09	4.500044e-09	3.980835e-09	3.856213e-09	3.844822e-09	3.833701e-09	3.750366e-09	1.752065e-09	1.714973e-09	1.713896e-09	1.635269e-09	1.611321e-09	1.595006e-09	1.594968e-09	NA	NA	NA	NA	NA
26	0.9999364	0.9999128	0.9986108	0.9986107	0.9986107	0.9986105	0.01476498	0.0003097011	1.370231e-05	1.715433e-07	2.745959e-08	5.237569e-09	5.169911e-09	4.435008e-09	3.92805e-09	3.811858e-09	3.800544e-09	3.78943e-09	3.706132e-09	1.710775e-09	1.676927e-09	1.675857e-09	1.597239e-09	1.573295e-09	1.556985e-09	1.556947e-09	NA	NA	NA	NA
27	0.9998347	0.9997711	0.9997476	0.9984456	0.9984456	0.9984456	0.9984454	0.01476464	0.0003093584	1.369929e-05	1.693235e-07	2.524976e-08	3.171342e-09	3.104075e-09	2.388308e-09	1.920555e-09	1.805956e-09	1.794644e-09	1.783532e-09	1.700243e-09	1.68476e-09	1.650937e-09	1.649867e-09	1.571251e-09	1.547309e-09	1.531001e-09	1.530963e-09	NA	NA	NA
28	0.9972062	0.997041	0.9969774	0.9969539	0.9969512	0.9969511	0.9969511	0.9969509	0.01476457	0.0003092882	1.369824e-05	1.690336e-07	2.509839e-08	3.075009e-09	3.008067e-09	2.324607e-09	1.864706e-09	1.754845e-09	1.743544e-09	1.732432e-09	1.649147e-09	1.634845e-09	1.625695e-09	1.624627e-09	1.546012e-09	1.522071e-09	1.505763e-09	1.505725e-09	NA	NA
29	0.01654537	0.01501948	0.01485639	0.01479279	0.01476935	0.01476659	0.01476654	0.01476654	0.01476636	0.01476398	0.0003087035	1.369719e-05	1.689428e-07	2.501956e-08	3.008246e-09	2.941664e-09	2.27752e-09	1.82791e-09	1.719978e-09	1.708677e-09	1.697565e-09	1.61428e-09	1.60319e-09	1.594065e-09	1.592997e-09	1.514382e-09	1.490441e-09	1.474133e-09	1.474096e-09	NA
30	0.0004781494	0.0003424993	0.0003381839	0.0003289137	0.0003153313	0.0003138812	0.00031113	0.0003110826	0.000311078	0.0003109007	0.0003086121	0.0003086069	1.369059e-05	1.68626e-07	2.473385e-08	2.743e-09	2.688624e-09	2.049669e-09	1.61715e-09	1.512646e-09	1.501346e-09	1.492488e-09	1.466532e-09	1.455845e-09	1.446765e-09	1.445697e-09	1.439871e-09	1.430346e-09	1.418161e-09	1.418124e-09
31	0.0008337358	3.759826e-05	3.278868e-05	3.246033e-05	3.147543e-05	1.834387e-05	1.703871e-05	1.687567e-05	1.682827e-05	1.682367e-05	1.664642e-05	1.449771e-05	1.449245e-05	1.368917e-05	1.675272e-07	2.364036e-08	2.70296e-09	2.648709e-09	2.014702e-09	1.586155e-09	1.496306e-09	1.485005e-09	1.476147e-09	1.450192e-09	1.439687e-09	1.436095e-09	1.435026e-09	1.429201e-09	1.419675e-09	1.407491e-09
32	3.372624e-05	7.120249e-06	3.715841e-06	3.686251e-06	3.625312e-06	3.612158e-06	3.543217e-06	3.464974e-06	3.323278e-06	3.321962e-06	3.319685e-06	3.142515e-06	1.004099e-06	1.002962e-06	2.10174e-07	1.674792e-07	2.359609e-08	2.660238e-09	2.607669e-09	1.975272e-09	1.547901e-09	1.458296e-09	1.446995e-09	1.44621e-09	1.424853e-09	1.414373e-09	1.410784e-09	1.409716e-09	1.407727e-09	1.405931e-09
33	0.0004925073	3.922791e-06	3.625754e-06	3.191206e-06	3.188437e-06	3.135887e-06	3.130085e-06	3.063561e-06	3.059694e-06	2.974299e-06	2.973496e-06	2.972164e-06	2.967208e-06	8.507996e-07	8.497496e-07	6.618575e-08	2.40784e-08	2.35504e-08	2.619566e-09	2.567266e-09	1.941406e-09	1.518464e-09	1.429748e-09	1.429625e-09	1.428916e-09	1.407616e-09	1.397242e-09	1.393664e-09	1.393577e-09	1.393131e-09
34	2.491105e-05	4.40858e-06	3.312152e-06	3.260279e-06	3.127388e-06	3.125509e-06	3.073526e-06	3.068296e-06	3.002564e-06	2.99963e-06	2.922041e-06	2.921248e-06	2.919921e-06	2.914991e-06	8.263304e-07	8.252806e-07	4.550609e-08	3.599736e-09	3.074412e-09	2.600846e-09	2.548621e-09	1.925783e-09	1.504939e-09	1.420568e-09	1.420445e-09	1.419736e-09	1.398436e-09	1.388128e-09	1.387026e-09	1.386939e-09
35	0.0001277642	4.908059e-06	3.433107e-06	3.213522e-06	3.1697e-06	3.039293e-06	3.037466e-06	3.03147e-06	3.026252e-06	2.998789e-06	2.996006e-06	2.918505e-06	2.917713e-06	2.916392e-06	2.911468e-06	8.2379e-07	8.236944e-07	4.54023e-08	3.536415e-09	3.011519e-09	2.538072e-09	2.522384e-09	1.899624e-09	1.478847e-09	1.394492e-09	1.394369e-09	1.39433e-09	1.394288e-09	1.38398e-09	1.382879e-09
36	0.04245006	0.000109361	4.859587e-06	3.430719e-06	3.21312e-06	3.16932e-06	3.038943e-06	3.037117e-06	3.031122e-06	3.025904e-06	2.998444e-06	2.995661e-06	2.918169e-06	2.917377e-06	2.916055e-06	2.911132e-06	8.237029e-07	8.236073e-07	4.539726e-08	3.53573e-09	3.010888e-09	2.537492e-09	2.521805e-09	1.899379e-09	1.47867e-09	1.394324e-09	1.394201e-09	1.394162e-09	1.394119e-09	1.383837e-09
37	0.2365747	0.04014729	0.0001026457	4.825582e-06	3.428263e-06	3.213037e-06	3.169255e-06	3.038893e-06	3.037067e-06	3.031073e-06	3.025855e-06	2.998396e-06	2.995613e-06	2.918121e-06	2.917329e-06	2.916008e-06	2.911085e-06	8.236924e-07	8.235967e-07	4.539584e-08	3.534324e-09	3.009483e-09	2.536087e-09	2.520401e-09	1.899139e-09	1.478466e-09	1.39412e-09	1.393997e-09	1.393958e-09	1.393916e-09
38	0.9975046	0.2354364	0.04009289	0.0001023102	4.813294e-06	3.427523e-06	3.212622e-06	3.168873e-06	3.03854e-06	3.036714e-06	3.030721e-06	3.025503e-06	2.998043e-06	2.995261e-06	2.91777e-06	2.916977e-06	2.915656e-06	2.910733e-06	8.235416e-07	8.234459e-07	4.539532e-08	3.533954e-09	3.009114e-09	2.535721e-09	2.520035e-09	1.898996e-09	1.478345e-09	1.393999e-09	1.393876e-09	1.393838e-09
39	0.7891515	0.7869709	0.2093269	0.03806898	9.708688e-05	4.597679e-06	3.277713e-06	3.071876e-06	3.029994e-06	2.90511e-06	2.904314e-06	2.899056e-06	2.898052e-06	2.872058e-06	2.869759e-06	2.795486e-06	2.795254e-06	2.794423e-06	2.789744e-06	7.892364e-07	7.891501e-07	4.350337e-08	3.38676e-09	2.883873e-09	2.430122e-09	2.415104e-09	1.819831e-09	1.416635e-09	1.335789e-09	1.335764e-09
40	0.7986918	0.7471064	0.7451852	0.1991286	0.03629957	9.25339e-05	4.38577e-06	3.126801e-06	2.92987e-06	2.891562e-06	2.77234e-06	2.771893e-06	2.767006e-06	2.7664e-06	2.741673e-06	2.739704e-06	2.668787e-06	2.668674e-06	2.668032e-06	2.663665e-06	7.535249e-07	7.534926e-07	4.153666e-08	3.232931e-09	2.75349e-09	2.320229e-09	2.305915e-09	1.737528e-09	1.352543e-09	1.275349e-09
41	0.006327125	0.005193649	0.005029578	0.005016304	0.001337791	0.0002435778	6.280802e-07	3.049397e-08	2.179035e-08	1.987652e-08	1.962931e-08	1.882793e-08	1.882474e-08	1.867779e-08	1.867219e-08	1.841146e-08	1.837268e-08	1.789368e-08	1.789286e-08	1.788848e-08	1.785918e-08	5.05224e-09	5.051961e-09	2.785008e-10	2.167894e-11	1.846194e-11	1.555738e-11	1.54612e-11	1.165033e-11	9.069105e-12
42	0.0002624305	0.0002201862	0.0001801367	0.000175641	0.0001749441	4.668543e-05	8.513365e-06	2.871367e-08	2.07163e-09	1.524392e-09	8.021542e-10	7.914982e-10	7.604927e-10	7.60191e-10	7.559135e-10	7.542166e-10	6.710567e-10	6.448723e-10	6.246451e-10	6.245495e-10	6.24326e-10	6.232838e-10	1.76323e-10	1.763075e-10	9.725852e-12	7.594687e-13	6.447984e-13	5.430968e-13	5.397358e-13	4.067427e-13
43	0.002005318	0.0001537439	0.0001439554	0.0001176203	0.0001147426	0.0001142832	3.053266e-05	5.571087e-06	2.106241e-08	1.610346e-09	1.166764e-09	4.836654e-10	4.759057e-10	4.546134e-10	4.545144e-10	4.535709e-10	4.525765e-10	4.487559e-10	4.227976e-10	4.083144e-10	4.082777e-10	4.081642e-10	4.074824e-10	1.152705e-10	1.152587e-10	6.356592e-12	4.975296e-13	4.217118e-13	3.551025e-13	3.529036e-13
44	0.001979244	0.000172934	0.0001153479	0.0001119441	9.193867e-05	8.969945e-05	8.946662e-05	2.390666e-05	4.369269e-06	1.782765e-08	1.313149e-09	1.034023e-09	3.593889e-10	3.544594e-10	3.371753e-10	3.371189e-10	3.363532e-10	3.362728e-10	3.332939e-10	3.321916e-10	3.200529e-10	3.200305e-10	3.199521e-10	3.194239e-10	9.035475e-11	9.03486e-11	4.981293e-12	3.885111e-13	3.306839e-13	2.783935e-13
45	5.942643e-05	2.211456e-05	1.481801e-05	1.084656e-05	9.572409e-06	7.834024e-06	7.646749e-06	7.625294e-06	2.05082e-06	3.834741e-07	7.032074e-09	1.857747e-10	4.76911e-11	3.384128e-11	3.271028e-11	2.950637e-11	2.949889e-11	2.925684e-11	2.924275e-11	2.896626e-11	2.807759e-11	2.725298e-11	2.724303e-11	2.72351e-11	2.7186e-11	7.68319e-12	7.680577e-12	4.237702e-13	3.338718e-14	2.816074e-14
46	0.004220387	2.924154e-05	1.820024e-05	1.3481e-05	9.870684e-06	8.640049e-06	7.066521e-06	6.896946e-06	6.879123e-06	1.851091e-06	3.473463e-07	6.936473e-09	1.803851e-10	4.371595e-11	3.006409e-11	2.927986e-11	2.619474e-11	2.619012e-11	2.595394e-11	2.594654e-11	2.56955e-11	2.533689e-11	2.458287e-11	2.458168e-11	2.45756e-11	2.45352e-11	6.933018e-12	6.930508e-12	3.821101e-13	2.984041e-14
47	0.008351871	0.0002344189	1.425248e-05	1.323843e-05	1.174075e-05	9.483146e-06	8.260391e-06	6.757386e-06	6.596845e-06	6.57979e-06	1.767635e-06	3.329247e-07	6.895273e-09	1.740727e-10	4.14247e-11	2.864161e-11	2.787078e-11	2.509497e-11	2.509053e-11	2.48562e-11	2.484904e-11	2.460752e-11	2.424966e-11	2.355134e-11	2.35502e-11	2.354436e-11	2.350565e-11	6.641907e-12	6.63941e-12	3.660098e-13
48	0.001063188	0.0005465569	3.993831e-05	1.313005e-05	1.263348e-05	1.128287e-05	9.433584e-06	8.211299e-06	6.738337e-06	6.578893e-06	6.56187e-06	1.758061e-06	3.254542e-07	6.892763e-09	1.726553e-10	4.018021e-11	2.770299e-11	2.693259e-11	2.505294e-11	2.504851e-11	2.481424e-11	2.480708e-11	2.456586e-11	2.420802e-11	2.351937e-11	2.351822e-11	2.35124e-11	2.347374e-11	6.632946e-12	6.630449e-12
49	0.9999807	0.001044056	0.0005293869	3.874183e-05	1.294831e-05	1.257059e-05	1.124073e-05	9.395484e-06	8.173605e-06	6.719136e-06	6.560464e-06	6.543489e-06	1.753121e-06	3.245565e-07	6.889781e-09	1.719981e-10	4.006749e-11	2.7595e-11	2.682573e-11	2.494913e-11	2.494471e-11	2.471057e-11	2.470343e-11	2.446282e-11	2.410503e-11	2.341812e-11	2.341698e-11	2.341117e-11	2.337262e-11	6.613501e-12
50	0.001036935	0.001036419	3.020365e-05	2.25509e-05	1.281008e-05	1.164072e-05	1.141233e-05	1.012327e-05	8.293438e-06	8.159466e-06	6.706453e-06	6.547938e-06	6.53098e-06	1.745416e-06	3.18291e-07	9.434794e-10	1.713015e-10	3.939103e-11	2.692128e-11	2.658168e-11	2.470614e-11	2.470172e-11	2.465971e-11	2.465257e-11	2.443648e-11	2.407871e-11	2.339243e-11	2.339129e-11	2.338548e-11	2.334697e-11
51	0.0001783271	7.56722e-05	7.552167e-05	4.966196e-06	4.658903e-06	4.548408e-06	4.241736e-06	4.14304e-06	3.918241e-06	2.850124e-06	2.80372e-06	2.306144e-06	2.249625e-06	2.243717e-06	5.996055e-07	1.093156e-07	2.904161e-10	2.512907e-11	2.131966e-11	1.006746e-11	9.926987e-12	8.749516e-12	8.747664e-12	8.733118e-12	8.729458e-12	8.655088e-12	8.3085e-12	8.036898e-12	8.03641e-12	8.034302e-12
52	0.0003298535	0.0001319532	7.225157e-05	7.212106e-05	4.400807e-06	4.195086e-06	4.138881e-06	3.856761e-06	3.818696e-06	3.621671e-06	2.63201e-06	2.589093e-06	2.129665e-06	2.078665e-06	2.073196e-06	5.54027e-07	1.009967e-07	2.578162e-10	1.269004e-11	9.180552e-12	8.569865e-12	8.437317e-12	8.075335e-12	8.073585e-12	8.060131e-12	8.05661e-12	7.987877e-12	7.641735e-12	7.426129e-12	7.425666e-12
53	0.02357646	0.0001986344	1.384934e-05	6.156997e-06	6.032782e-06	4.297795e-06	4.182722e-06	4.127705e-06	3.846917e-06	3.808926e-06	3.616854e-06	2.62782e-06	2.585116e-06	2.126371e-06	2.075445e-06	2.070073e-06	5.531961e-07	1.00846e-07	2.570411e-10	1.228526e-11	8.78761e-12	8.17843e-12	8.082219e-12	7.720798e-12	7.719488e-12	7.706145e-12	7.704107e-12	7.635605e-12	7.630021e-12	7.414708e-12
54	0.9998673	0.02356825	0.0001918743	8.264849e-06	3.038557e-06	2.968164e-06	2.109777e-06	2.037833e-06	2.002421e-06	1.840459e-06	1.819142e-06	1.708844e-06	1.508893e-06	1.484254e-06	1.220706e-06	1.192329e-06	1.189227e-06	3.178022e-07	5.793392e-08	1.475814e-10	6.972487e-12	4.963506e-12	4.670677e-12	4.615381e-12	4.425358e-12	4.424575e-12	4.416874e-12	4.415551e-12	4.376167e-12	4.37288e-12
55	0.9998732	0.9998672	0.02356817	0.0001918186	8.21725e-06	3.008337e-06	2.939535e-06	2.087368e-06	2.022836e-06	1.987593e-06	1.828162e-06	1.806983e-06	1.697398e-06	1.498745e-06	1.474576e-06	1.212737e-06	1.184544e-06	1.181499e-06	3.157388e-07	5.755804e-08	1.46621e-10	6.926187e-12	4.930262e-12	4.639336e-12	4.584454e-12	4.395664e-12	4.394956e-12	4.387389e-12	4.386431e-12	4.347373e-12
56	0.9998774	0.9998731	0.9998671	0.02356816	0.0001918124	8.211326e-06	3.004493e-06	2.935705e-06	2.084013e-06	2.019486e-06	1.986849e-06	1.827437e-06	1.806434e-06	1.697239e-06	1.498586e-06	1.474418e-06	1.21264e-06	1.184544e-06	1.181498e-06	3.157387e-07	5.755803e-08	1.466208e-10	6.926011e-12	4.930251e-12	4.639325e-12	4.584443e-12	4.395653e-12	4.394946e-12	4.387378e-12	4.38642e-12
57	0.9996467	0.9996464	0.9996463	0.9996406	0.02356271	0.0001866578	3.223738e-06	8.261211e-07	8.259616e-07	1.817163e-08	8.507407e-09	4.465876e-09	3.901488e-09	3.85385e-09	3.621564e-09	3.184742e-09	3.128987e-09	2.573453e-09	2.513835e-09	2.507372e-09	6.700673e-10	1.221506e-10	3.111821e-13	1.471064e-14	1.047173e-14	9.84765e-15	9.729338e-15	9.328485e-15	9.326983e-15	9.310869e-15
58	0.0239019	0.02356525	0.0235649	0.02356481	0.02356109	0.02356103	0.0001849768	1.543057e-06	8.201651e-07	8.201505e-07	1.27175e-08	4.236422e-09	2.646776e-10	4.602849e-11	4.4007e-11	4.180006e-11	2.402785e-11	2.360962e-11	1.941942e-11	1.896968e-11	1.892089e-11	5.063776e-12	9.226671e-13	2.356903e-15	1.179039e-16	8.25487e-17	7.470832e-17	7.348875e-17	7.043349e-17	7.042204e-17
59	0.0003176947	0.0003058564	0.0001844289	0.0001840782	0.0001840046	0.0001813152	0.000181257	0.0001811465	1.349993e-06	6.271031e-07	6.270892e-07	1.242488e-08	4.21594e-09	2.444549e-10	2.789862e-11	2.608647e-11	2.496237e-11	9.159829e-12	8.990379e-12	7.395726e-12	7.224518e-12	7.205929e-12	1.933118e-12	3.51959e-13	9.026378e-16	4.919623e-17	3.363224e-17	2.867668e-17	2.802065e-17	2.683704e-17
60	0.0001737053	0.0001231929	0.0001227903	1.846484e-06	1.495761e-06	1.422274e-06	1.408519e-06	1.350377e-06	1.348421e-06	1.347775e-06	6.248871e-07	6.248732e-07	1.151677e-08	4.214219e-09	2.427364e-10	2.770537e-11	2.589579e-11	2.478298e-11	9.002272e-12	8.839802e-12	7.271883e-12	7.103543e-12	7.085266e-12	1.900872e-12	3.460803e-13	8.872315e-16	4.813846e-17	3.277974e-17	2.78571e-17	2.751817e-17
61	0.001095628	0.0001294149	0.0001223715	0.0001219895	1.048296e-06	6.975808e-07	6.454639e-07	6.322218e-07	6.283572e-07	6.264017e-07	6.257564e-07	6.24867e-07	6.248534e-07	1.149732e-08	4.196242e-09	2.330956e-10	1.881516e-11	1.713992e-11	1.653763e-11	2.041241e-12	1.996849e-12	1.643867e-12	1.605932e-12	1.601788e-12	4.353778e-13	7.880059e-14	2.056774e-16	1.492185e-17	8.826425e-18	6.303292e-18
62	0.001069712	3.440443e-05	5.132786e-07	4.282566e-07	4.262459e-07	4.197114e-07	6.899635e-08	2.627707e-08	1.398561e-08	1.019085e-08	1.001379e-08	9.925795e-09	9.036588e-09	9.023019e-09	8.878502e-09	4.195761e-09	2.326152e-10	1.876831e-11	1.70936e-11	1.649405e-11	2.002771e-12	1.959763e-12	1.613365e-12	1.576137e-12	1.572069e-12	4.274356e-13	7.735247e-14	2.016412e-16	1.471772e-17	8.672538e-18
63	0.008334226	0.0005313892	2.786248e-05	1.10093e-07	5.701301e-08	5.598564e-08	5.255937e-08	5.255425e-08	9.856738e-09	9.2528e-09	5.460507e-09	5.288678e-09	5.216303e-09	4.327105e-09	4.327007e-09	4.198442e-09	4.195705e-09	2.325599e-10	1.872919e-11	1.705485e-11	1.645711e-11	1.969121e-12	1.926561e-12	1.584491e-12	1.547728e-12	1.543752e-12	4.134664e-13	7.640068e-14	1.992085e-16	1.45994e-17
64	0.004220697	0.0002257523	4.145306e-05	1.881948e-05	1.335675e-08	2.807162e-09	2.65839e-09	2.232532e-09	2.227733e-09	2.135207e-09	1.532773e-09	1.479976e-09	1.308287e-09	1.23593e-09	3.498068e-10	3.497157e-10	2.211514e-10	2.184168e-10	2.18355e-10	4.525776e-12	2.853596e-12	2.258302e-12	1.954008e-12	1.911674e-12	1.572035e-12	1.535578e-12	1.531631e-12	4.09311e-13	7.462096e-14	1.958462e-16
65	5.913473e-05	3.112646e-05	1.960629e-05	1.886657e-05	1.852853e-05	1.059627e-08	1.261111e-09	1.250308e-09	1.235777e-09	1.233713e-09	1.144196e-09	1.074091e-09	1.021507e-09	1.020598e-09	1.020329e-09	1.342059e-10	1.341148e-10	5.597529e-12	4.788501e-12	4.726743e-12	4.516208e-12	2.844029e-12	2.248734e-12	1.94444e-12	1.911672e-12	1.572033e-12	1.535576e-12	1.531628e-12	4.093088e-13	7.461872e-14
66	0.001848982	2.241077e-05	2.054038e-05	1.887164e-05	1.871961e-05	1.852622e-05	1.050459e-08	1.180042e-09	1.169511e-09	1.155889e-09	1.15383e-09	1.13915e-09	1.069046e-09	1.01985e-09	1.018942e-09	1.018673e-09	1.325571e-10	1.32466e-10	3.948776e-12	3.139749e-12	3.079965e-12	2.86943e-12	2.837357e-12	2.248652e-12	1.944358e-12	1.91159e-12	1.572018e-12	1.535576e-12	1.531628e-12	4.093088e-13
67	0.00198328	4.618763e-05	8.568277e-07	4.115537e-07	2.057018e-07	1.743407e-07	2.26348e-08	9.910647e-09	7.614326e-10	7.512075e-10	7.381651e-10	7.362692e-10	7.221335e-10	6.520494e-10	6.035919e-10	6.026986e-10	6.024573e-10	1.318925e-10	1.318099e-10	3.296427e-12	2.492681e-12	2.435739e-12	2.240554e-12	2.215228e-12	2.084094e-12	1.799645e-12	1.769205e-12	1.455039e-12	1.421319e-12	1.417665e-12
68	0.0002612531	0.0001160665	7.989602e-06	6.116763e-07	2.724521e-07	1.724321e-07	1.565673e-07	8.256812e-09	3.53726e-10	2.326115e-10	2.225148e-10	2.095539e-10	2.076609e-10	2.060432e-10	1.359595e-10	1.330164e-10	1.321252e-10	1.318844e-10	1.318192e-10	1.317367e-10	3.223311e-12	2.419647e-12	2.386543e-12	2.191578e-12	2.166415e-12	2.035561e-12	1.797497e-12	1.76709e-12	1.453349e-12	1.419678e-12
69	0.03044687	0.0001642267	4.559986e-05	6.505281e-06	6.54668e-08	4.836221e-08	2.049827e-08	7.735502e-09	4.732331e-10	1.752183e-10	8.310263e-11	8.21282e-11	7.91659e-11	7.727292e-11	7.667385e-11	6.789443e-12	3.85532e-12	3.631125e-12	3.41909e-12	3.353834e-12	3.271411e-12	3.202482e-12	2.419096e-12	2.385992e-12	2.191367e-12	2.166204e-12	2.03535e-12	1.797285e-12	1.76709e-12	1.453349e-12
70	0.9757387	0.006325678	0.0001484538	4.254556e-05	6.252539e-06	5.871574e-08	4.492907e-08	1.84485e-08	6.894454e-09	3.908437e-10	1.047022e-10	1.264595e-11	1.168737e-11	8.7951e-12	6.90217e-12	6.304512e-12	6.058763e-12	3.124767e-12	2.903057e-12	2.696151e-12	2.630896e-12	2.548475e-12	2.483557e-12	2.414363e-12	2.381259e-12	2.190255e-12	2.165092e-12	2.034238e-12	1.796173e-12	1.76709e-12
71	0.9298401	0.923828	0.006272961	0.0001481647	4.247696e-05	6.247279e-06	5.844189e-08	4.468039e-08	1.843533e-08	6.887505e-09	3.901368e-10	1.041383e-10	1.209014e-11	1.11316e-11	8.239515e-12	6.346621e-12	5.766165e-12	5.520423e-12	3.121836e-12	2.900126e-12	2.693222e-12	2.627968e-12	2.545547e-12	2.48063e-12	2.411436e-12	2.381193e-12	2.190188e-12	2.165051e-12	2.034219e-12	1.796154e-12
72	0.9998441	0.9298157	0.9238039	0.006248845	0.0001466206	4.243828e-05	6.2453e-06	5.830663e-08	4.462971e-08	1.840132e-08	6.856279e-09	3.893384e-10	1.037878e-10	1.174184e-11	1.101876e-11	8.159912e-12	6.267021e-12	5.686784e-12	5.442308e-12	3.043723e-12	2.868964e-12	2.669839e-12	2.604585e-12	2.522165e-12	2.476769e-12	2.411043e-12	2.3808e-12	2.190044e-12	2.164907e-12	2.034074e-12
73	0.9999864	0.9998408	0.9298125	0.9238007	0.006245706	0.0001465425	4.243594e-05	6.24512e-06	5.828098e-08	4.462698e-08	1.840023e-08	6.855725e-09	3.893259e-10	1.037843e-10	1.173839e-11	1.101581e-11	8.15874e-12	6.26585e-12	5.685615e-12	5.441421e-12	3.042836e-12	2.868204e-12	2.669436e-12	2.604182e-12	2.521762e-12	2.476543e-12	2.410964e-12	2.380721e-12	2.190024e-12	2.164887e-12
