#unpaired probabilities
 #i$	l=1	2	3	4	5	6	7	8	9	10	11	12	13	14	15	16	17	18	19	20	21	22	23	24	25	26	27	28	29	30	
1	0.9995318	NA	NA	NA	NA	NA	NA	NA	NA	NA	NA	NA	NA	NA	NA	NA	NA	NA	NA	NA	NA	NA	NA	NA	NA	NA	NA	NA	NA	NA
2	0.9310465	0.9307858	NA	NA	NA	NA	NA	NA	NA	NA	NA	NA	NA	NA	NA	NA	NA	NA	NA	NA	NA	NA	NA	NA	NA	NA	NA	NA	NA	NA
3	0.873659	0.811399	0.8111761	NA	NA	NA	NA	NA	NA	NA	NA	NA	NA	NA	NA	NA	NA	NA	NA	NA	NA	NA	NA	NA	NA	NA	NA	NA	NA	NA
4	0.7344934	0.6907541	0.6733115	0.6731223	NA	NA	NA	NA	NA	NA	NA	NA	NA	NA	NA	NA	NA	NA	NA	NA	NA	NA	NA	NA	NA	NA	NA	NA	NA	NA
5	0.9071945	0.7121876	0.6755314	0.6585206	0.6583351	NA	NA	NA	NA	NA	NA	NA	NA	NA	NA	NA	NA	NA	NA	NA	NA	NA	NA	NA	NA	NA	NA	NA	NA	NA
6	0.9023388	0.820781	0.6956961	0.6599331	0.6433017	0.6431198	NA	NA	NA	NA	NA	NA	NA	NA	NA	NA	NA	NA	NA	NA	NA	NA	NA	NA	NA	NA	NA	NA	NA	NA
7	0.9831652	0.9017986	0.8204877	0.6954743	0.6596599	0.6432453	0.6430634	NA	NA	NA	NA	NA	NA	NA	NA	NA	NA	NA	NA	NA	NA	NA	NA	NA	NA	NA	NA	NA	NA	NA
8	0.9932857	0.9772155	0.8980532	0.8176565	0.6928463	0.6572465	0.6408834	0.6407329	NA	NA	NA	NA	NA	NA	NA	NA	NA	NA	NA	NA	NA	NA	NA	NA	NA	NA	NA	NA	NA	NA
9	0.9412844	0.9335906	0.925081	0.8397027	0.8127293	0.6881494	0.6546598	0.638359	0.6382091	NA	NA	NA	NA	NA	NA	NA	NA	NA	NA	NA	NA	NA	NA	NA	NA	NA	NA	NA	NA	NA
10	0.9144049	0.9044065	0.8945813	0.8810775	0.8297387	0.801677	0.6861444	0.6526875	0.6364855	0.636336	NA	NA	NA	NA	NA	NA	NA	NA	NA	NA	NA	NA	NA	NA	NA	NA	NA	NA	NA	NA
11	0.9119258	0.844946	0.8335991	0.8220301	0.804886	0.7602631	0.7274751	0.6534617	0.6214581	0.60638	0.6062377	NA	NA	NA	NA	NA	NA	NA	NA	NA	NA	NA	NA	NA	NA	NA	NA	NA	NA	NA
12	0.8918788	0.8552911	0.8194018	0.8053152	0.7903499	0.7687347	0.7395993	0.7027577	0.6530987	0.621073	0.6060892	0.6059469	NA	NA	NA	NA	NA	NA	NA	NA	NA	NA	NA	NA	NA	NA	NA	NA	NA	NA
13	0.049274	0.03443956	0.02135588	0.01557025	0.01325401	0.01252622	0.01221667	0.01175891	0.01084849	0.01006722	0.009585774	0.009353089	0.009350884	NA	NA	NA	NA	NA	NA	NA	NA	NA	NA	NA	NA	NA	NA	NA	NA	NA
14	0.1300253	0.04287456	0.02859667	0.01578587	0.01057599	0.008348325	0.007697883	0.007477753	0.007144472	0.006771239	0.006275905	0.005981448	0.005835577	0.005834198	NA	NA	NA	NA	NA	NA	NA	NA	NA	NA	NA	NA	NA	NA	NA	NA
15	0.2040905	0.1091866	0.03537591	0.02188436	0.009456122	0.004480851	0.002394851	0.001855044	0.001789417	0.001706471	0.001600227	0.001475003	0.001415794	0.001380185	0.001379852	NA	NA	NA	NA	NA	NA	NA	NA	NA	NA	NA	NA	NA	NA	NA
16	0.8758988	0.1674599	0.08917437	0.02957429	0.01885394	0.008024061	0.002968473	0.002344539	0.001808488	0.001742195	0.00166444	0.001557486	0.001447744	0.001389786	0.001354877	0.00135455	NA	NA	NA	NA	NA	NA	NA	NA	NA	NA	NA	NA	NA	NA
17	0.9979869	0.8745409	0.1661572	0.0891693	0.02957371	0.01885335	0.008023458	0.002967812	0.002343805	0.001808422	0.001742121	0.001664354	0.001557382	0.001447616	0.001389615	0.001354874	0.001354547	NA	NA	NA	NA	NA	NA	NA	NA	NA	NA	NA	NA	NA
18	0.850095	0.8594904	0.8109839	0.1189223	0.05751178	0.02110709	0.01473533	0.007531337	0.002639302	0.002026888	0.001500615	0.001439861	0.001369348	0.00127264	0.001175682	0.001121095	0.00109251	0.001092243	NA	NA	NA	NA	NA	NA	NA	NA	NA	NA	NA	NA
19	0.8711165	0.8308206	0.8399077	0.791685	0.09903046	0.05657726	0.02082534	0.01464372	0.007523979	0.002636151	0.002024062	0.001497948	0.001438769	0.001368256	0.001271618	0.001174649	0.00112011	0.001091543	0.001091288	NA	NA	NA	NA	NA	NA	NA	NA	NA	NA	NA
20	0.9612561	0.8694472	0.829921	0.8389567	0.7906923	0.09797327	0.05657183	0.02082415	0.01464303	0.007523672	0.00263589	0.002023806	0.001497821	0.00143864	0.001368124	0.001271481	0.001174507	0.001119953	0.001091403	0.001091148	NA	NA	NA	NA	NA	NA	NA	NA	NA	NA
21	0.1168693	0.117583	0.09969049	0.08494969	0.08553637	0.03767718	0.02481197	0.01035923	0.004545985	0.004024361	0.00207935	0.001752604	0.001583339	0.001442188	0.001395337	0.001330787	0.001266276	0.001171014	0.001117056	0.001088713	0.001088458	NA	NA	NA	NA	NA	NA	NA	NA	NA
22	0.08228895	0.04443471	0.04651634	0.04605249	0.03739957	0.03910393	0.01355486	0.01375955	0.003992456	0.001462012	0.001520014	0.001525227	0.001465564	0.001427001	0.001401191	0.001363907	0.001310353	0.001247069	0.001155408	0.001099857	0.001073338	0.001073086	NA	NA	NA	NA	NA	NA	NA	NA
23	0.1143535	0.06278021	0.02623604	0.02744835	0.02641019	0.02722734	0.02837354	0.01275237	0.01295296	0.003885476	0.001404508	0.00146514	0.001482395	0.00143136	0.001410646	0.001385554	0.001347715	0.001296007	0.001232121	0.001144939	0.001088776	0.00106251	0.001062261	NA	NA	NA	NA	NA	NA	NA
24	0.01162065	0.003322619	0.0001762384	0.0001037452	0.0001025863	8.656154e-05	7.845596e-05	7.691136e-05	5.561504e-05	4.636297e-05	2.443432e-05	6.562349e-06	5.851442e-06	5.20027e-06	5.006159e-06	4.95036e-06	4.917794e-06	4.908721e-06	3.766375e-06	3.591876e-06	3.167154e-06	3.030852e-06	2.958617e-06	2.957926e-06	NA	NA	NA	NA	NA	NA
25	0.07082778	0.003287925	0.0007779622	4.353231e-05	2.542175e-05	2.473835e-05	2.355474e-05	1.847832e-05	1.798572e-05	1.50858e-05	7.627138e-06	6.173647e-06	9.337278e-07	6.731478e-07	3.224027e-07	2.414629e-07	2.09086e-07	1.812721e-07	1.773018e-07	1.706925e-07	1.639497e-07	1.579079e-07	1.594388e-07	1.558868e-07	1.558518e-07	NA	NA	NA	NA	NA
26	0.1845208	0.06895471	0.002718107	0.0007613994	3.808797e-05	1.994198e-05	1.899982e-05	1.768205e-05	1.230965e-05	1.147189e-05	8.391557e-06	7.475545e-06	6.04666e-06	8.419879e-07	5.912443e-07	2.514054e-07	1.951911e-07	1.743085e-07	1.589441e-07	1.567116e-07	1.518252e-07	1.484706e-07	1.438249e-07	1.459747e-07	1.42739e-07	1.42707e-07	NA	NA	NA	NA
27	0.9258214	0.1167957	0.03240251	0.002271348	0.0005936862	2.610301e-05	1.201728e-05	1.106618e-05	9.834826e-06	8.208416e-06	7.449911e-06	4.632686e-06	3.760539e-06	2.380488e-06	6.460361e-07	4.413259e-07	1.554111e-07	1.168454e-07	1.034535e-07	9.404817e-08	9.376038e-08	9.355403e-08	9.318e-08	9.278334e-08	9.725996e-08	9.518936e-08	9.51685e-08	NA	NA	NA
28	0.03088842	0.03121358	0.0007484181	0.0002565941	8.670768e-05	1.179236e-05	2.114772e-06	1.474039e-06	1.525045e-06	1.445328e-06	1.037397e-06	1.080986e-06	5.980203e-07	6.056223e-07	1.164505e-07	1.001861e-07	1.033832e-07	5.711415e-08	2.490516e-08	1.194211e-08	2.568527e-09	2.20893e-09	1.89996e-09	1.405694e-09	1.263772e-09	1.280822e-09	1.250437e-09	1.250147e-09	NA	NA
29	0.04978855	0.02852135	0.0291511	0.0003661189	0.0001508708	6.923888e-05	5.4804e-06	1.223447e-06	1.077617e-06	1.119497e-06	1.03205e-06	6.130175e-07	6.402637e-07	1.414023e-07	1.316818e-07	1.013367e-07	9.4585e-08	1.002346e-07	5.564638e-08	2.387018e-08	1.098345e-08	1.667703e-09	1.265565e-09	8.966815e-10	8.054387e-10	6.567668e-10	6.348802e-10	6.198538e-10	6.19702e-10	NA
30	0.09053478	0.04585602	0.0281173	0.02888291	0.0003154111	0.00011568	4.174049e-05	4.586165e-06	7.258468e-07	6.054146e-07	6.243903e-07	5.261832e-07	5.358889e-07	5.593459e-07	6.072541e-08	4.725088e-08	2.073619e-08	1.208734e-08	1.116198e-08	1.901806e-09	9.442813e-10	8.185521e-10	7.369574e-10	6.988288e-10	6.495282e-10	5.856901e-10	5.199075e-10	5.01322e-10	4.894569e-10	4.89335e-10
31	0.1499792	0.08590673	0.04573853	0.02807508	0.02884816	0.0002859402	8.706596e-05	1.538682e-05	4.042603e-06	3.453241e-07	2.077198e-07	2.068544e-07	8.678231e-08	7.215044e-08	6.837391e-08	5.120381e-08	3.900762e-08	1.318147e-08	3.982252e-09	2.39901e-09	9.748368e-10	8.257752e-10	7.755406e-10	7.324306e-10	6.958506e-10	6.475657e-10	5.839688e-10	5.183393e-10	4.997568e-10	4.879258e-10
32	0.1522041	0.1138328	0.07758009	0.04532258	0.02802534	0.02882444	0.0002797419	8.469271e-05	1.507901e-05	3.981914e-06	3.362005e-07	1.988224e-07	1.988624e-07	7.983959e-08	6.495591e-08	6.086743e-08	4.629674e-08	3.806277e-08	1.227753e-08	3.31407e-09	1.69093e-09	6.722297e-10	6.065233e-10	5.782403e-10	5.569461e-10	5.374732e-10	5.075511e-10	4.701029e-10	4.103691e-10	3.933856e-10
33	0.946823	0.1456838	0.1079232	0.0735935	0.04261815	0.02799179	0.02879301	0.0002767159	8.36611e-05	1.472586e-05	3.927763e-06	3.203578e-07	1.950367e-07	1.949882e-07	7.615093e-08	6.170767e-08	5.758614e-08	4.318221e-08	3.489967e-08	1.099341e-08	2.490319e-09	1.156041e-09	3.21655e-10	2.775301e-10	2.659902e-10	2.559487e-10	2.494844e-10	2.386689e-10	2.282806e-10	2.123055e-10
34	0.9996911	0.9466135	0.1455891	0.1078288	0.07359024	0.04261792	0.02799177	0.028793	0.0002767026	8.36493e-05	1.47143e-05	3.916075e-06	3.081801e-07	1.822842e-07	1.815982e-07	7.614838e-08	6.170515e-08	5.758368e-08	4.317975e-08	3.489717e-08	1.099246e-08	2.489542e-09	1.15523e-09	3.208187e-10	2.767346e-10	2.652813e-10	2.553593e-10	2.489927e-10	2.383076e-10	2.280423e-10
35	0.7517257	0.7733327	0.7864534	0.01185835	0.001377548	0.00088137	0.0002453945	2.376834e-05	2.136761e-05	1.924343e-05	1.382021e-05	5.878449e-06	2.644118e-07	1.353308e-07	1.247394e-07	1.308324e-07	3.297923e-08	2.76305e-08	2.912316e-08	2.133281e-08	1.836941e-08	2.460026e-10	1.039472e-10	7.363457e-11	2.455461e-11	2.033965e-11	1.830097e-11	1.644835e-11	1.624573e-11	1.58846e-11
36	0.7376325	0.7488645	0.7706528	0.7851265	0.01079914	0.0005936767	0.0004354323	8.418857e-05	3.398841e-06	2.38793e-06	1.373104e-06	4.988713e-07	1.926501e-07	1.494335e-07	1.32343e-07	1.224489e-07	1.285152e-07	3.063405e-08	2.525137e-08	2.667433e-08	2.10826e-08	1.819259e-08	1.254587e-10	6.132075e-11	4.791939e-11	1.874508e-11	1.521537e-11	1.324621e-11	1.14359e-11	1.126172e-11
37	0.7387402	0.7292901	0.7406422	0.7621927	0.7851049	0.01078227	0.0005808949	0.0004288902	8.195827e-05	3.275555e-06	2.29417e-06	1.302473e-06	4.52898e-07	1.769244e-07	1.425761e-07	1.322629e-07	1.223954e-07	1.284604e-07	3.057779e-08	2.519342e-08	2.661401e-08	2.105899e-08	1.818169e-08	1.237257e-10	6.071613e-11	4.751374e-11	1.860805e-11	1.51223e-11	1.316013e-11	1.135546e-11
38	0.9959707	0.7385296	0.7291575	0.7405063	0.7620527	0.7849612	0.010782	0.0005807084	0.000428801	8.187298e-05	3.274174e-06	2.293556e-06	1.302118e-06	4.525423e-07	1.765632e-07	1.422399e-07	1.319129e-07	1.220288e-07	1.280754e-07	3.057717e-08	2.519278e-08	2.661338e-08	2.105834e-08	1.818108e-08	1.231307e-10	6.059136e-11	4.738616e-11	1.847646e-11	1.499101e-11	1.302438e-11
39	0.3405125	0.3191395	0.04795155	0.01944647	0.01052741	0.01060396	0.01074783	0.01077372	0.0005723974	0.0004283776	8.16964e-05	3.194761e-06	2.214612e-06	1.225012e-06	3.724516e-07	9.32252e-08	5.619287e-08	4.196506e-08	2.779801e-08	2.913312e-08	3.057359e-08	2.518916e-08	2.661006e-08	2.105504e-08	1.81778e-08	1.196695e-10	5.772753e-11	4.429392e-11	1.521041e-11	1.188063e-11
40	0.2578341	0.2410792	0.2233014	0.03429157	0.009649453	0.001268036	0.001083616	0.0009725371	0.0007253297	0.0005295135	0.0003995045	6.951058e-05	2.841862e-06	1.971246e-06	1.098064e-06	3.165667e-07	6.026074e-08	3.483601e-08	2.114727e-08	2.172472e-08	2.275988e-08	2.39102e-08	2.512575e-08	2.654801e-08	2.099561e-08	1.81205e-08	6.423186e-11	2.251905e-11	1.351758e-11	4.317396e-12
41	0.2293933	0.1573883	0.1414087	0.1244705	0.02911131	0.008092776	0.000915807	0.000839075	0.000747873	0.0006411071	0.0004636054	0.000360917	5.981505e-05	2.444295e-06	1.700394e-06	9.359872e-07	2.664825e-07	4.634259e-08	2.484415e-08	1.292068e-08	1.316426e-08	1.3788e-08	1.447238e-08	1.516995e-08	1.603469e-08	1.700032e-08	1.810869e-08	5.579262e-11	1.867545e-11	1.027135e-11
42	0.15926	0.1262102	0.1087538	0.09441038	0.07917229	0.02481719	0.006883554	0.0007251305	0.0006575127	0.000579102	0.0004960801	0.0004149312	0.0003287942	5.028947e-05	2.111077e-06	1.474027e-06	8.038462e-07	2.292386e-07	3.989842e-08	2.238971e-08	1.221261e-08	1.247953e-08	1.307392e-08	1.37286e-08	1.445864e-08	1.52855e-08	1.620849e-08	1.726778e-08	4.576574e-11	1.296582e-11
43	0.1356657	0.08688512	0.07138793	0.05826239	0.04617011	0.03329231	0.01959843	0.005345672	0.0004433769	0.0003856612	0.0003192574	0.000253831	0.0001848534	0.0001118149	3.954791e-05	1.689099e-06	1.182094e-06	6.309987e-07	1.733465e-07	2.174012e-08	8.849177e-09	3.556633e-10	1.49473e-10	1.33403e-10	1.152381e-10	9.577448e-11	8.255636e-11	6.049271e-11	4.756392e-11	3.361776e-11
44	0.1667118	0.01076569	0.001770603	0.001310225	0.0008116385	0.0006920632	0.0005597487	0.0003446476	6.212944e-05	1.001073e-05	9.567437e-06	5.591169e-06	4.055848e-06	3.001492e-06	1.889489e-06	7.010401e-07	2.617889e-08	1.691437e-08	1.069615e-08	5.525556e-09	5.550767e-10	1.038304e-10	1.190568e-11	1.004406e-11	1.030637e-11	1.031686e-11	1.056638e-11	1.072423e-11	3.585047e-12	3.279418e-12
45	0.2399893	0.1188081	0.007084508	0.001010323	0.0007359049	0.0003456553	0.000321999	0.0002919728	0.0001856926	1.939925e-05	6.356999e-06	6.368385e-06	3.009754e-06	1.986818e-06	1.521007e-06	9.986307e-07	3.813061e-07	1.318121e-08	8.311996e-09	5.604067e-09	4.109993e-09	3.508992e-10	3.305726e-11	8.793954e-12	8.550412e-12	8.924863e-12	9.071899e-12	9.458917e-12	9.710121e-12	2.891729e-12
46	0.2883578	0.201132	0.0832172	0.003896557	0.0009937369	0.0007229047	0.0003386022	0.0003156412	0.000286467	0.0001813591	1.866208e-05	5.972942e-06	5.977692e-06	2.972697e-06	1.955858e-06	1.499596e-06	9.848138e-07	3.72436e-07	1.224929e-08	8.117776e-09	5.451568e-09	4.095521e-09	3.465553e-10	3.23521e-11	8.72901e-12	8.49899e-12	8.872375e-12	9.020709e-12	9.407182e-12	9.660012e-12
47	0.7854577	0.2798751	0.1966807	0.08080165	0.001932664	0.0005660034	0.0005122358	0.0002164577	0.0001930014	0.0001672798	6.427553e-05	1.434909e-05	3.229705e-06	3.172194e-06	2.263698e-06	1.246163e-06	1.01596e-06	7.176035e-07	1.308266e-07	7.942043e-09	6.503208e-09	5.154687e-09	3.844382e-09	1.263353e-10	2.516833e-11	6.532471e-12	6.346179e-12	6.613975e-12	6.854276e-12	7.168404e-12
48	0.4317493	0.3979288	0.03557241	0.0100511	0.005086566	0.0006958333	0.0005074438	0.0004708095	0.0001955255	0.0001723293	0.0001475075	4.545198e-05	1.321998e-05	2.684372e-06	2.616376e-06	2.125889e-06	1.109023e-06	9.133638e-07	6.684012e-07	8.907437e-08	3.626523e-09	2.512836e-09	1.333313e-09	3.832079e-10	7.175858e-11	2.366319e-11	6.101694e-12	5.92532e-12	6.172752e-12	6.439704e-12
49	0.3883646	0.3645587	0.3317046	0.02939406	0.004861986	0.0006361287	0.0003731223	0.0002681744	0.0002291229	0.0001915934	0.0001683548	0.000143619	4.169289e-05	1.270084e-05	2.563588e-06	2.492473e-06	2.10685e-06	1.08994e-06	9.004395e-07	6.607735e-07	8.212202e-08	3.472847e-09	2.420148e-09	1.304402e-09	3.576793e-10	5.068282e-11	1.835423e-11	7.423982e-13	3.164925e-13	2.835574e-13
50	0.4289505	0.3635242	0.3429731	0.3232066	0.02599179	0.004774632	0.0005627636	0.0003488606	0.0002549668	0.0002156463	0.0001911471	0.0001679094	0.0001431741	4.126417e-05	1.229074e-05	2.181718e-06	2.099431e-06	2.009643e-06	9.897559e-07	7.971154e-07	6.605209e-07	8.19877e-08	3.441081e-09	2.402816e-09	1.299108e-09	3.526275e-10	4.582626e-11	1.827355e-11	7.086111e-13	2.821353e-13
51	0.464479	0.3798626	0.3224423	0.3015523	0.2818581	0.02576692	0.004755217	0.0005557989	0.0003435477	0.0002500336	0.0002108206	0.0001863014	0.0001630335	0.0001382546	4.108714e-05	1.221199e-05	2.130989e-06	2.047634e-06	1.956808e-06	9.388791e-07	7.883904e-07	6.520222e-07	8.046253e-08	3.428818e-09	2.393536e-09	1.294726e-09	3.509181e-10	4.500482e-11	1.821434e-11	7.038353e-13
52	0.3594948	0.204133	0.1640908	0.117876	0.09595115	0.07665158	0.02396039	0.004679037	0.0004833879	0.0002809226	0.0001859553	0.0001457263	0.0001195901	9.46166e-05	6.80421e-05	3.992304e-05	1.103473e-05	9.216705e-07	8.027697e-07	6.742532e-07	5.416162e-07	3.785547e-07	2.286819e-07	8.040595e-08	3.416008e-09	2.380709e-09	1.29347e-09	3.497635e-10	4.39119e-11	1.820179e-11
53	0.4237721	0.3463429	0.1998448	0.1624559	0.1169181	0.09531246	0.07620222	0.02362602	0.004668971	0.0004731288	0.0002709449	0.0001757934	0.000145558	0.0001194178	9.444002e-05	6.78611e-05	3.97544e-05	1.101461e-05	9.009878e-07	7.814788e-07	6.523193e-07	5.190484e-07	3.781336e-07	2.282475e-07	8.003533e-08	3.220478e-09	2.177942e-09	1.293465e-09	3.497596e-10	4.39083e-11
54	0.6419389	0.3934301	0.3420975	0.1993348	0.1621702	0.1168251	0.09522812	0.07612237	0.02357659	0.004624439	0.0004296313	0.0002287706	0.0001756147	0.0001453851	0.0001193805	9.440982e-05	6.783858e-05	3.974e-05	1.100873e-05	8.985972e-07	7.790604e-07	6.520421e-07	5.188074e-07	3.779312e-07	2.281806e-07	8.001132e-08	3.218624e-09	2.177143e-09	1.292919e-09	3.495711e-10
55	0.9886703	0.6342696	0.3933387	0.3420271	0.1993188	0.1621679	0.116825	0.09522807	0.07612231	0.02357655	0.004624397	0.0004295879	0.0002287262	0.0001755693	0.0001453851	0.0001193805	9.440981e-05	6.783857e-05	3.973999e-05	1.100872e-05	8.985885e-07	7.790515e-07	6.520329e-07	5.188074e-07	3.779312e-07	2.281806e-07	8.001131e-08	3.218624e-09	2.177143e-09	1.292919e-09
56	0.07039977	0.07074319	0.05242997	0.0399412	0.01779248	0.0103256	0.008804877	0.006852081	0.006067194	0.00539368	0.0009094194	0.0001803971	1.816518e-05	1.001526e-05	7.282864e-06	5.924835e-06	4.75728e-06	3.634871e-06	2.613538e-06	1.52817e-06	4.249407e-07	3.674565e-08	3.222054e-08	2.743471e-08	2.244178e-08	1.716241e-08	1.159158e-08	5.183597e-09	1.280307e-10	8.887569e-11
57	0.01436737	0.01334452	0.01348674	0.009968641	0.00931664	0.001856903	0.000956484	0.0009422007	0.000857196	0.0008701445	0.000886933	4.952857e-06	7.118161e-07	3.55451e-07	2.561749e-08	1.824506e-08	1.526627e-08	1.27964e-08	1.043764e-08	8.295193e-09	3.35662e-09	9.294177e-10	8.863732e-11	7.909769e-11	6.795499e-11	5.572453e-11	4.424654e-11	3.041971e-11	1.57421e-11	4.67816e-12
58	0.185194	0.001937427	0.0009190341	0.0009225116	0.0007455952	0.0005697121	9.089243e-05	5.192047e-05	4.339184e-05	3.447858e-05	3.497525e-05	3.569524e-05	2.343413e-07	1.11038e-07	1.079123e-07	9.75007e-10	6.246354e-10	5.790622e-10	5.488049e-10	5.225815e-10	4.982896e-10	5.77876e-11	1.74992e-11	4.166601e-12	4.091566e-12	3.900567e-12	3.751558e-12	3.682515e-12	1.914577e-12	6.924737e-13
59	0.1931181	0.1844185	0.001424971	0.0004019161	0.0003963817	0.0002506801	0.0001204002	2.902024e-05	1.579725e-05	1.37733e-05	1.074788e-05	1.087705e-05	1.109433e-05	5.119846e-08	7.004978e-09	4.324657e-09	5.107603e-10	2.632579e-10	2.310484e-10	2.07223e-10	1.859966e-10	1.65365e-10	3.864967e-11	1.195629e-11	2.975266e-12	2.9282e-12	2.792333e-12	2.756009e-12	2.734481e-12	1.048103e-12
60	0.2163078	0.1925118	0.1844019	0.001417436	0.00039447	0.0003888013	0.0002435004	0.0001139286	2.714792e-05	1.486183e-05	1.299833e-05	1.020731e-05	1.033209e-05	1.053853e-05	4.850319e-08	6.535225e-09	3.984954e-09	3.813522e-10	2.503289e-10	2.193723e-10	1.96375e-10	1.757451e-10	1.557351e-10	3.723429e-11	1.151533e-11	2.842957e-12	2.796483e-12	2.67372e-12	2.640156e-12	2.621315e-12
61	0.9998988	0.2162807	0.1924892	0.1843833	0.001417337	0.0003944178	0.0003887485	0.0002434475	0.0001139282	2.714759e-05	1.486175e-05	1.299829e-05	1.020729e-05	1.033207e-05	1.053851e-05	4.849819e-08	6.53389e-09	3.984454e-09	3.808783e-10	2.498576e-10	2.193424e-10	1.963508e-10	1.757256e-10	1.557208e-10	3.722542e-11	1.151304e-11	2.842709e-12	2.796258e-12	2.673544e-12	2.640046e-12
62	0.0594321	0.04982713	0.02842455	0.009276496	0.001900185	0.001351826	0.0003289975	0.0003221472	0.0001801642	5.245897e-05	1.087981e-05	5.688657e-06	5.426833e-06	4.674659e-06	4.738492e-06	4.830599e-06	2.505122e-08	3.330276e-09	1.558931e-09	1.688924e-10	1.170331e-10	9.819247e-11	8.35081e-11	6.981007e-11	5.696411e-11	2.172211e-11	6.194897e-12	1.04789e-12	1.000891e-12	8.594121e-13
63	0.7772271	0.01427498	0.01238335	0.002564592	0.001195221	0.0006177038	0.0001435824	0.0001459329	0.000135765	0.0001375648	1.080996e-05	2.470737e-06	1.382263e-06	1.146745e-06	7.567965e-07	7.615352e-07	7.771138e-07	3.125747e-09	4.793512e-10	3.87898e-10	5.119712e-11	3.257972e-11	2.766732e-11	2.456746e-11	2.194264e-11	1.91496e-11	5.296476e-12	1.862186e-12	6.497967e-13	6.47907e-13
64	0.1740352	0.002727962	0.001244825	0.0007393966	0.0004764312	0.0001926996	0.0001343708	0.0001347327	0.0001371261	0.0001267992	0.000129103	2.564769e-06	1.09318e-07	5.218345e-08	4.305288e-08	2.664438e-08	2.672173e-08	2.724658e-08	1.739215e-10	3.844027e-11	2.143785e-11	7.237046e-12	3.119583e-12	1.9002e-12	1.597354e-12	1.38247e-12	1.154258e-12	5.237932e-13	2.226613e-13	1.325391e-13
65	0.1698528	0.1669284	0.002057424	0.001132348	0.0006473062	0.0004427344	0.0001735407	0.0001210655	0.0001222123	0.0001243849	0.0001266464	0.0001289572	2.453624e-06	7.62523e-08	3.399287e-08	2.794163e-08	1.694477e-08	1.697233e-08	1.729845e-08	1.338359e-10	3.232318e-11	1.629525e-11	6.572988e-12	2.747047e-12	1.580612e-12	1.314877e-12	1.125531e-12	9.244049e-13	4.63648e-13	1.992044e-13
66	0.2092463	0.003526033	0.001673173	0.001140351	0.0009259029	0.0004771017	0.000299228	5.093308e-05	3.01607e-06	2.250606e-06	2.283123e-06	2.324593e-06	2.339336e-06	2.372374e-06	5.497304e-08	2.244902e-08	1.83801e-08	1.089963e-08	1.090248e-08	1.110633e-08	1.059272e-10	2.669724e-11	1.260045e-11	5.839045e-12	2.208294e-12	1.130499e-12	9.305686e-13	8.006288e-13	6.629683e-13	3.580392e-13
67	0.2029025	0.000573346	0.0004709495	0.0004452948	7.816219e-05	3.674087e-05	2.675612e-05	7.258945e-06	1.427594e-06	2.188964e-07	1.085603e-08	1.016903e-08	1.03452e-08	1.018123e-08	1.0281e-08	9.756723e-09	3.59286e-10	1.619268e-10	9.588061e-11	9.539945e-11	9.669084e-11	1.852052e-12	5.802061e-13	2.154357e-13	1.193414e-13	6.136358e-14	3.760565e-14	2.110046e-14	1.977967e-14	1.849888e-14
68	0.3529904	0.001408409	0.0001077616	9.665123e-05	7.788163e-05	7.052294e-05	2.970097e-05	2.284399e-05	4.876264e-06	9.262659e-07	2.023535e-07	1.288124e-09	4.899564e-10	4.9689e-10	3.87887e-10	3.66637e-10	2.774e-10	2.038928e-10	3.41144e-11	2.057706e-11	2.033187e-11	2.045727e-11	8.191742e-13	3.215001e-13	9.563081e-14	7.104376e-14	4.342606e-14	2.704008e-14	1.278591e-14	1.289891e-14
69	0.2028538	0.1551638	0.001127387	4.590934e-05	3.690008e-05	3.556476e-05	2.827016e-05	2.423114e-05	1.912697e-05	3.719951e-06	7.480753e-07	2.000201e-07	1.048955e-09	2.838248e-10	2.870704e-10	1.925765e-10	1.716801e-10	9.503065e-11	2.891862e-11	2.183005e-11	1.121514e-11	1.102214e-11	1.101386e-11	6.377595e-13	2.472772e-13	7.66539e-14	5.575973e-14	3.395782e-14	2.170638e-14	1.107057e-14
70	0.7866444	0.1717196	0.1338951	0.0008924238	2.253726e-05	1.79195e-05	1.694194e-05	9.663195e-06	6.629065e-06	3.301649e-06	2.37591e-06	5.23886e-07	1.972194e-07	9.217933e-10	2.224792e-10	2.247107e-10	1.504181e-10	1.33322e-10	7.474486e-11	2.074999e-11	1.601816e-11	7.963034e-12	7.850159e-12	7.88366e-12	3.819797e-13	1.570459e-13	5.49076e-14	3.846856e-14	2.320146e-14	1.556109e-14
71	0.05258593	0.04834768	0.004528032	0.0006386355	1.143153e-05	8.898956e-06	8.220754e-06	7.999966e-06	7.330974e-07	5.269662e-07	3.520275e-07	3.066601e-07	2.123555e-07	1.933182e-07	6.971765e-10	2.661233e-11	2.537584e-11	2.037255e-11	1.908236e-11	9.080407e-12	2.451199e-12	1.941445e-12	1.083109e-12	1.072006e-12	1.086946e-12	2.514832e-14	1.014514e-14	4.69831e-15	2.305051e-15	1.233107e-15
72	0.02489645	0.003709708	0.002313337	0.001061411	0.0001757724	9.961252e-06	8.848683e-06	8.181658e-06	7.967067e-06	7.013506e-07	4.959461e-07	3.367789e-07	2.962981e-07	2.105841e-07	1.932884e-07	6.906698e-10	2.031931e-11	1.897155e-11	1.488808e-11	1.384188e-11	7.258645e-12	1.563116e-12	1.216015e-12	6.548348e-13	6.432542e-13	6.501233e-13	2.030963e-14	7.99551e-15	3.011635e-15	2.065516e-15
73	0.1450531	0.02095668	0.003332309	0.002089821	0.0009853181	0.0001578236	9.878357e-06	8.829536e-06	8.166112e-06	7.951807e-06	6.872903e-07	4.819208e-07	3.276774e-07	2.885064e-07	2.054748e-07	1.932686e-07	6.891224e-10	1.882762e-11	1.745309e-11	1.359492e-11	1.260529e-11	6.827401e-12	1.358522e-12	1.046876e-12	5.536996e-13	5.42057e-13	5.470625e-13	1.91046e-14	7.542085e-15	2.710888e-15
74	0.9986073	0.1450487	0.02095569	0.003331657	0.002089173	0.0009846703	0.0001571758	9.230539e-06	8.18172e-06	8.166111e-06	7.951806e-06	6.872893e-07	4.819198e-07	3.276768e-07	2.88506e-07	2.054746e-07	1.932686e-07	6.891219e-10	1.882733e-11	1.74528e-11	1.359488e-11	1.260525e-11	6.827357e-12	1.358477e-12	1.046861e-12	5.536912e-13	5.420491e-13	5.470546e-13	1.910365e-14	7.541344e-15
75	0.9011368	0.9010092	0.08673705	0.01266511	0.002145934	0.001012158	0.0003037276	0.0001486298	1.150845e-06	7.163671e-07	7.026411e-07	4.935112e-07	4.920685e-07	2.868517e-07	1.373545e-07	9.73482e-08	1.543133e-08	8.495247e-10	6.854883e-10	1.526984e-11	1.383132e-11	1.058969e-11	9.760418e-12	5.73962e-12	8.94117e-13	6.716828e-13	3.333383e-13	3.216414e-13	3.224959e-13	1.689969e-14
76	0.90513	0.898189	0.8981508	0.08423295	0.01238025	0.00212814	0.001005563	0.0002971913	0.0001455226	7.241782e-07	2.944617e-07	2.821191e-07	2.781539e-07	2.767229e-07	2.760712e-07	1.318175e-07	9.328661e-08	1.425713e-08	1.854079e-10	1.603972e-11	1.486304e-11	1.341723e-11	1.046349e-11	9.644882e-12	5.67966e-12	8.681899e-13	6.503188e-13	3.181703e-13	3.135103e-13	3.143859e-13
77	0.9201418	0.9018197	0.8978595	0.8978217	0.08401183	0.01231038	0.002103606	0.000987034	0.0002964471	0.0001455133	7.210537e-07	2.93554e-07	2.812292e-07	2.772674e-07	2.761533e-07	2.755021e-07	1.317835e-07	9.326226e-08	1.425106e-08	1.831721e-10	1.43745e-11	1.316866e-11	1.34038e-11	1.045213e-11	9.634123e-12	5.674582e-12	8.668163e-13	6.492228e-13	3.175013e-13	3.128432e-13
78	0.1852244	0.1062999	0.08811947	0.08419356	0.08418265	0.08381365	0.01228837	0.002101436	0.0009850848	0.0002944999	0.0001454077	7.146659e-07	2.903918e-07	2.78105e-07	2.761011e-07	2.74988e-07	2.74594e-07	1.311952e-07	9.29562e-08	1.417241e-08	1.816256e-10	1.382818e-11	1.27099e-11	1.293677e-11	1.044505e-11	9.627599e-12	5.670863e-12	8.649324e-13	6.480802e-13	3.168137e-13
79	0.185129	0.1824353	0.1035192	0.08534141	0.08141606	0.08140532	0.08103634	0.01228793	0.002101432	0.0009850848	0.0002944999	0.0001454077	7.14639e-07	2.903649e-07	2.78094e-07	2.760903e-07	2.749771e-07	2.745831e-07	1.311867e-07	9.295115e-08	1.417038e-08	1.815989e-10	1.3828e-11	1.270981e-11	1.293667e-11	1.0445e-11	9.627556e-12	5.670824e-12	8.649066e-13	6.480592e-13
80	0.2254284	0.1812047	0.1792209	0.1006523	0.08263122	0.07873241	0.0787217	0.07835429	0.01079571	0.001048622	0.0009196707	0.0002944931	0.0001454069	7.143213e-07	2.900605e-07	2.777974e-07	2.758183e-07	2.749297e-07	2.745363e-07	1.311592e-07	9.293176e-08	1.416417e-08	1.797489e-10	1.206844e-11	1.092044e-11	1.111478e-11	8.596798e-12	7.925552e-12	5.651215e-12	8.557792e-13
81	0.9225704	0.1359288	0.09112598	0.08937066	0.08618498	0.06787913	0.06434776	0.06433814	0.06397028	0.00906724	0.001047864	0.0009345317	0.0002993105	0.0001477856	7.211343e-07	2.904529e-07	2.813746e-07	2.798725e-07	2.790454e-07	2.787222e-07	1.330271e-07	9.425089e-08	1.439331e-08	1.801649e-10	1.005455e-11	9.04017e-12	9.204121e-12	7.254389e-12	6.803246e-12	4.942588e-12
82	0.232055	0.2319937	0.05548976	0.05451642	0.05357038	0.05047732	0.04997976	0.04684407	0.04683944	0.04647225	0.006251519	0.0003605289	0.0003048622	0.0003042862	0.0001502418	7.264923e-07	2.892041e-07	2.834426e-07	2.824873e-07	2.822909e-07	2.820418e-07	1.341785e-07	9.51507e-08	1.444409e-08	1.747624e-10	5.192796e-12	4.274333e-12	4.352526e-12	2.951769e-12	2.678048e-12
83	0.08099871	0.06406319	0.06405597	0.03344811	0.03314396	0.0327284	0.02990871	0.02990206	0.02780382	0.02780362	0.02759843	0.00361804	0.0001879943	0.000156156	0.0001558915	5.327101e-07	4.52874e-07	1.05871e-08	8.240395e-09	7.832709e-09	7.741035e-09	7.588647e-09	3.680185e-09	2.584311e-09	4.228741e-10	7.064424e-12	1.762334e-12	1.720882e-12	1.753634e-12	1.438352e-12
84	0.1274746	0.07210989	0.05634478	0.05633943	0.02639735	0.02614223	0.02580505	0.02340678	0.02340194	0.02260714	0.02260699	0.0225218	0.002979743	0.0001842541	0.0001583082	0.0001580944	9.051718e-08	1.055094e-08	9.877714e-09	7.535871e-09	7.169286e-09	7.095207e-09	6.963388e-09	3.373654e-09	2.372177e-09	3.876627e-10	6.178555e-12	1.348673e-12	1.314529e-12	1.340029e-12
85	0.1540472	0.1135228	0.0667898	0.05092665	0.05092206	0.02058978	0.02037429	0.02010183	0.01915394	0.01915114	0.01835221	0.01835207	0.01826601	0.002443298	0.0001819815	0.0001610282	0.0001608592	8.450496e-08	3.157433e-09	2.536728e-09	2.344245e-09	2.002775e-09	1.943996e-09	1.811993e-09	9.210407e-10	6.356804e-10	1.246995e-10	2.725111e-12	1.014116e-12	9.933081e-13
86	0.08306924	0.06535509	0.05058599	0.01995916	0.0166001	0.01659837	0.01558087	0.01544351	0.01522677	0.01504932	0.01504731	0.01458846	0.01458838	0.01454266	0.001833618	1.748073e-05	6.629478e-07	5.306239e-07	8.190898e-08	2.100858e-09	1.636155e-09	1.499952e-09	1.402013e-09	1.356523e-09	1.249806e-09	6.441866e-10	4.430733e-10	9.213448e-11	2.043225e-12	7.586496e-13
87	0.9087274	0.06040946	0.04800194	0.03701596	0.01410971	0.01231706	0.01231581	0.01184199	0.01173543	0.01156757	0.01152193	0.01152084	0.01131967	0.01131965	0.01129647	0.001423344	1.314977e-05	1.077536e-07	7.248209e-09	1.013317e-09	7.961936e-10	3.762398e-10	3.389289e-10	2.761192e-10	2.415765e-10	1.931187e-10	1.244059e-10	7.150361e-11	2.06694e-11	9.30508e-13
88	0.07143755	0.05455472	0.04372891	0.03404818	0.02638283	0.009788315	0.008823688	0.008822786	0.008500213	0.008422864	0.008300943	0.00828044	0.008279582	0.008208307	0.00820829	0.008198853	0.00103289	9.524414e-06	7.256512e-08	2.116495e-09	3.311241e-10	3.088399e-10	2.484824e-10	2.189353e-10	1.73012e-10	1.487638e-10	1.459414e-10	9.630978e-11	5.320413e-11	1.58323e-11
89	0.04910678	0.03147333	0.02866536	0.02527737	0.02164928	0.01650406	0.005825167	0.005586369	0.00558578	0.005437521	0.00538773	0.00530917	0.005290873	0.005290261	0.005278478	0.005278468	0.005277745	0.0006646733	6.109728e-06	4.411578e-08	1.199816e-09	1.250574e-10	1.126221e-10	8.468206e-11	7.571409e-11	4.702702e-11	3.221298e-11	3.06743e-11	2.689015e-11	1.649177e-11
90	0.02115294	0.01799516	0.01519048	0.01411929	0.01240046	0.01066572	0.007812766	0.002731744	0.002639644	0.002639366	0.002571772	0.002548079	0.002510542	0.002509917	0.002509471	0.002508632	0.002508628	0.002508582	0.0003158878	2.8781e-06	1.752366e-08	4.914256e-10	5.925928e-11	5.429004e-11	4.398564e-11	3.997979e-11	2.672037e-11	2.076327e-11	2.014302e-11	1.672246e-11
91	0.02827847	0.006513455	0.004515541	0.002776396	0.002548944	0.002075114	0.001748901	0.001377506	0.0004808519	0.0004646326	0.0004645733	0.0004526548	0.0004484321	0.0004418285	0.0004417156	0.0004416004	0.0004414608	0.0004414578	0.0004414446	5.566562e-05	5.070886e-07	2.733467e-09	7.72089e-11	2.169541e-11	2.100747e-11	1.95709e-11	1.896524e-11	1.652468e-11	1.553922e-11	1.545178e-11
92	0.09825416	0.01781879	0.003617773	0.001839543	0.0003282422	0.0002757613	5.354814e-05	2.452278e-05	1.608574e-05	5.848456e-06	5.637902e-06	5.624662e-06	5.430952e-06	5.317314e-06	5.194392e-06	5.151514e-06	5.125855e-06	5.04723e-06	5.044279e-06	5.035189e-06	7.328017e-07	7.848358e-09	7.031053e-11	1.710552e-11	1.580415e-11	1.576421e-11	1.558638e-11	1.517114e-11	1.495338e-11	1.493158e-11
93	0.1469192	0.08378556	0.01691238	0.003488755	0.001757211	0.0003206237	0.0002698226	4.562831e-05	1.733925e-05	1.046036e-05	3.856797e-06	3.729269e-06	3.716093e-06	3.578234e-06	3.480283e-06	3.38362e-06	3.34165e-06	3.316047e-06	3.243196e-06	3.240225e-06	3.238544e-06	5.075622e-07	5.813562e-09	5.857073e-11	1.607844e-11	1.50162e-11	1.49854e-11	1.487812e-11	1.44652e-11	1.426416e-11
94	0.9944823	0.1489807	0.08542682	0.01724225	0.003558296	0.001792213	0.0003271868	0.0002753699	4.653423e-05	1.766405e-05	1.065145e-05	3.926919e-06	3.79705e-06	3.783603e-06	3.643276e-06	3.543394e-06	3.444852e-06	3.402889e-06	3.376765e-06	3.302566e-06	3.299535e-06	3.297822e-06	5.166835e-07	5.917289e-09	5.944488e-11	1.638593e-11	1.530949e-11	1.527825e-11	1.516896e-11	1.474855e-11
95	0.9864077	0.9821283	0.1495403	0.0863364	0.01742386	0.003602347	0.001811854	0.0003333555	0.0002808007	4.739927e-05	1.794715e-05	1.0828e-05	3.98618e-06	3.854142e-06	3.840412e-06	3.698785e-06	3.597176e-06	3.496866e-06	3.459799e-06	3.433215e-06	3.360166e-06	3.357081e-06	3.355362e-06	5.225056e-07	5.970925e-09	5.970978e-11	1.647802e-11	1.539985e-11	1.536861e-11	1.52577e-11
96	0.9524234	0.9497663	0.9456655	0.1478254	0.08637759	0.01672215	0.002737456	0.001448462	0.0001258582	7.523158e-05	4.675817e-05	1.81731e-05	1.094634e-05	4.027257e-06	3.893699e-06	3.88066e-06	3.737438e-06	3.636966e-06	3.535438e-06	3.498568e-06	3.471754e-06	3.398556e-06	3.395441e-06	3.393755e-06	5.28306e-07	6.038233e-09	6.025886e-11	1.670301e-11	1.561838e-11	1.55869e-11
97	0.8973331	0.8828856	0.8817527	0.8780098	0.1434742	0.08544422	0.01602747	0.002595004	0.001315011	8.026688e-05	4.785789e-05	1.947868e-05	1.67452e-05	9.798763e-06	3.578108e-06	3.457175e-06	3.444146e-06	3.321937e-06	3.287386e-06	3.190718e-06	3.153752e-06	3.127202e-06	3.053275e-06	3.050127e-06	3.048457e-06	4.499758e-07	5.103908e-09	5.449276e-11	1.656778e-11	1.561861e-11
98	0.7237307	0.7224197	0.7114589	0.7103731	0.7067074	0.1270756	0.07723019	0.0141222	0.002089038	0.001195462	5.574933e-05	3.356169e-05	1.305373e-05	1.113425e-05	7.005139e-06	2.572543e-06	2.484036e-06	2.47082e-06	2.39162e-06	2.367991e-06	2.300607e-06	2.264024e-06	2.246276e-06	2.175543e-06	2.172341e-06	2.170716e-06	3.040731e-07	3.214441e-09	4.115702e-11	1.521077e-11
99	0.5036927	0.4618156	0.4612568	0.4592424	0.4590068	0.4583373	0.07391906	0.04388474	0.007453633	0.001065715	0.0006104529	3.257608e-05	2.115493e-05	1.01728e-05	8.725356e-06	5.843018e-06	2.109211e-06	2.034573e-06	2.030165e-06	1.965641e-06	1.9467e-06	1.912934e-06	1.881854e-06	1.87364e-06	1.83738e-06	1.835124e-06	1.83388e-06	2.502595e-07	2.613814e-09	2.838307e-11
100	0.3282047	0.1926949	0.1564224	0.1561678	0.1560479	0.155968	0.1559179	0.009675066	0.002838609	0.0005424973	9.784773e-05	6.179967e-05	1.129485e-05	9.638505e-06	7.6155e-06	6.557141e-06	4.821756e-06	1.69532e-06	1.63734e-06	1.632871e-06	1.586275e-06	1.571695e-06	1.547098e-06	1.545153e-06	1.542165e-06	1.539154e-06	1.536958e-06	1.536297e-06	1.94046e-07	1.956213e-09
101	0.2061842	0.2036803	0.1668483	0.1310184	0.1307853	0.1306768	0.1305959	0.1305471	0.007619841	0.001888371	0.0003666224	6.643587e-05	4.250191e-05	9.963503e-06	8.769129e-06	7.32307e-06	6.250192e-06	4.887782e-06	1.721724e-06	1.662745e-06	1.658168e-06	1.611019e-06	1.596208e-06	1.572508e-06	1.570587e-06	1.568992e-06	1.566049e-06	1.5638e-06	1.56313e-06	1.971257e-07
102	0.3189411	0.1842009	0.1822178	0.1445218	0.1078667	0.1076308	0.1075204	0.1075197	0.1075173	0.006258095	0.001447201	0.0002675157	5.886019e-05	3.915702e-05	9.950716e-06	8.8099e-06	7.407514e-06	6.32042e-06	4.945245e-06	1.738555e-06	1.678787e-06	1.678619e-06	1.631053e-06	1.616081e-06	1.592094e-06	1.590158e-06	1.589577e-06	1.586761e-06	1.586756e-06	1.586072e-06
103	0.2621573	0.1289231	0.09748242	0.09718279	0.08303361	0.0789161	0.07871748	0.07869647	0.07869644	0.07869623	0.003548603	0.0001512146	3.096516e-05	1.038076e-05	8.251786e-06	5.370694e-06	4.953477e-06	4.361991e-06	3.720223e-06	2.926728e-06	1.027062e-06	9.923267e-07	9.922269e-07	9.669163e-07	9.5806e-07	9.437161e-07	9.420367e-07	9.41563e-07	9.397617e-07	9.397603e-07
104	0.8160886	0.2399564	0.1038059	0.0722964	0.07213692	0.05779202	0.05759042	0.05756239	0.05754557	0.05754555	0.05754544	0.002629709	0.0001176689	2.056408e-05	4.059603e-06	2.518471e-06	3.101292e-07	2.472742e-07	1.85313e-07	1.594209e-07	1.169878e-07	4.387855e-08	4.240393e-08	4.239992e-08	4.128812e-08	4.094262e-08	3.994026e-08	3.828012e-08	3.783082e-08	3.611026e-08
105	0.8084757	0.7995908	0.2089746	0.06923981	0.03689889	0.03674937	0.0361155	0.03592498	0.03590924	0.03590707	0.03590705	0.03590695	0.001703299	0.000112714	1.987145e-05	3.727449e-06	2.242763e-06	1.149484e-07	7.314533e-08	3.372874e-08	2.936027e-08	2.002444e-08	9.25639e-09	8.91911e-09	8.9184e-09	8.635073e-09	8.57989e-09	8.403299e-09	6.982934e-09	6.833098e-09
106	0.6927416	0.6661951	0.6629576	0.05669405	0.05477207	0.02176197	0.02166251	0.02163331	0.02160368	0.02160276	0.02160218	0.02160218	0.02160217	0.0008820216	2.451601e-05	4.108561e-06	7.005705e-07	3.942342e-07	3.187891e-08	2.379262e-08	1.606592e-08	1.392482e-08	1.036173e-08	4.859585e-09	4.718624e-09	4.718259e-09	4.540251e-09	4.511474e-09	4.424703e-09	3.559034e-09
107	0.6698017	0.6577521	0.6391535	0.637202	0.01403981	0.0121388	0.01200858	0.01190757	0.01189386	0.01188702	0.01188684	0.01188677	0.01188677	0.01188676	0.0005151236	2.320086e-05	3.989839e-06	6.778958e-07	3.781437e-07	2.230836e-08	1.504649e-08	8.311951e-09	7.151079e-09	5.040735e-09	2.46881e-09	2.401535e-09	2.401353e-09	2.285041e-09	2.269712e-09	2.227379e-09
108	0.01869854	0.01427406	0.009702976	0.005548978	0.004871195	0.004728942	0.003363882	0.003239751	0.003239048	0.003235084	0.003232638	0.003232555	0.003232506	0.003232505	0.0032325	0.0001788691	1.460884e-05	2.319453e-06	4.695172e-07	2.613075e-07	1.276655e-08	7.855095e-09	3.384322e-09	2.767597e-09	1.688537e-09	7.222026e-10	6.989052e-10	6.988379e-10	6.597431e-10	6.517601e-10
109	0.1711379	0.008743928	0.005866435	0.003271073	0.00120106	0.0008291424	0.0007911543	0.0007769025	0.0006501285	0.0006497211	0.0006487648	0.0006480671	0.0006480473	0.0006480322	0.0006480315	0.0006480257	4.402147e-05	9.621689e-06	1.534646e-06	2.526101e-07	1.380301e-07	6.16917e-09	3.564501e-09	1.258576e-09	1.017097e-09	5.73761e-10	2.245611e-10	2.174453e-10	2.17423e-10	1.987453e-10
110	0.1674522	0.1614131	0.005269458	0.00270048	0.001526293	0.0004281499	0.0001267222	0.0001133093	0.0001035502	9.851301e-05	9.820623e-05	9.791158e-05	9.765077e-05	9.763948e-05	9.76284e-05	9.762775e-05	9.762178e-05	1.225327e-05	6.498776e-06	1.141478e-06	1.58292e-07	8.539541e-08	3.652089e-09	2.013027e-09	6.035398e-10	4.990565e-10	2.823233e-10	1.090872e-10	1.057138e-10	1.057034e-10
111	0.2205231	0.1654555	0.1637667	0.004037997	0.001530749	0.001337153	0.0002832466	4.460542e-05	4.234307e-05	4.065278e-05	3.568921e-05	3.552854e-05	3.541378e-05	3.524346e-05	3.523983e-05	3.523094e-05	3.523037e-05	3.522454e-05	8.434959e-06	5.568944e-06	9.186031e-07	1.313488e-07	7.359053e-08	2.976992e-09	1.559511e-09	3.66155e-10	3.024496e-10	1.446461e-10	5.531901e-11	5.35002e-11
112	0.3254837	0.04064747	0.005627354	0.004376158	0.003977827	0.001423898	0.001322119	0.000272486	2.967292e-05	2.790368e-05	2.630631e-05	2.576547e-05	2.562737e-05	2.552705e-05	2.539732e-05	2.53948e-05	2.538632e-05	2.538572e-05	2.53797e-05	6.174429e-06	3.991468e-06	7.780933e-07	1.232166e-07	7.062868e-08	2.868469e-09	1.499866e-09	3.537008e-10	2.962273e-10	1.434646e-10	5.46821e-11
113	0.4199995	0.1962261	0.02444812	0.002273934	0.001474761	0.001296825	0.001163023	0.001126549	4.944939e-05	1.820309e-05	1.70598e-05	1.659458e-05	1.620751e-05	1.611112e-05	1.604285e-05	1.597821e-05	1.597693e-05	1.59691e-05	1.596851e-05	1.596236e-05	2.279966e-06	1.154179e-06	2.069774e-07	4.123934e-08	2.513825e-08	9.815668e-10	4.977248e-10	9.320872e-11	7.241788e-11	2.414603e-11
114	0.3913692	0.3898652	0.181227	0.0224684	0.00220054	0.001454752	0.001287414	0.001184626	0.001162669	4.859223e-05	1.658207e-05	1.576159e-05	1.530402e-05	1.490676e-05	1.485846e-05	1.478979e-05	1.472473e-05	1.472344e-05	1.471534e-05	1.471473e-05	1.470836e-05	2.225089e-06	1.135962e-06	2.035656e-07	4.074057e-08	2.48218e-08	9.705964e-10	4.913758e-10	9.228337e-11	7.125078e-11
115	0.7788198	0.3526345	0.3511038	0.1672871	0.02106898	0.002197905	0.001491823	0.001330014	0.001224327	0.001202742	4.863535e-05	1.562078e-05	1.483055e-05	1.435876e-05	1.394714e-05	1.389719e-05	1.382813e-05	1.376139e-05	1.376052e-05	1.375465e-05	1.375401e-05	1.374741e-05	2.249957e-06	1.177478e-06	2.110203e-07	4.223585e-08	2.573296e-08	1.005755e-09	5.089566e-10	9.526078e-11
116	0.8788744	0.6677956	0.3229837	0.3216212	0.1535042	0.01938735	0.002080275	0.001456586	0.001302207	0.001258494	0.001245427	4.849047e-05	1.445101e-05	1.372161e-05	1.323794e-05	1.281157e-05	1.276202e-05	1.269213e-05	1.262431e-05	1.262343e-05	1.261733e-05	1.261702e-05	1.261057e-05	2.220456e-06	1.207306e-06	2.156796e-07	4.358251e-08	2.659751e-08	1.037185e-09	5.242909e-10
117	0.9774021	0.8706093	0.6514449	0.2946307	0.2932536	0.1405411	0.01794531	0.002075564	0.001496481	0.001348985	0.001304468	0.001292116	4.85861e-05	1.337772e-05	1.268397e-05	1.218487e-05	1.174249e-05	1.16912e-05	1.162049e-05	1.155204e-05	1.155147e-05	1.155114e-05	1.155081e-05	1.15441e-05	2.155308e-06	1.251946e-06	2.236779e-07	4.526288e-08	2.762779e-08	1.073014e-09
118	0.7454205	0.7370812	0.6346301	0.408052	0.2590757	0.2580639	0.1243334	0.01480908	0.0007099739	0.0002495352	0.0001101112	6.78365e-05	5.711853e-05	4.863221e-05	1.22038e-05	1.155332e-05	1.104224e-05	1.058303e-05	1.05301e-05	1.045823e-05	1.038912e-05	1.038855e-05	1.038821e-05	1.038807e-05	1.038729e-05	2.076691e-06	1.295829e-06	2.30522e-07	4.637418e-08	2.833978e-08
119	0.6059262	0.6021621	0.598438	0.5554572	0.3198723	0.2063126	0.2054819	0.09901756	0.01166332	0.0005239751	0.0001579306	3.533929e-05	2.939606e-05	2.220346e-05	1.544844e-05	9.994837e-06	9.460283e-06	8.941582e-06	8.465878e-06	8.413466e-06	8.341635e-06	8.273348e-06	8.272796e-06	8.272452e-06	8.272327e-06	8.271525e-06	1.879126e-06	1.290593e-06	2.258702e-07	4.69173e-08
120	0.6212477	0.5860831	0.583157	0.579377	0.5366425	0.2907113	0.1727723	0.1719297	0.0828767	0.009737322	0.0004462496	0.0001402961	2.652907e-05	2.184136e-05	1.635239e-05	1.070969e-05	8.489711e-06	8.136712e-06	7.597056e-06	7.100849e-06	7.053108e-06	6.979785e-06	6.910578e-06	6.910024e-06	6.909667e-06	6.909536e-06	6.908698e-06	1.793842e-06	1.346833e-06	2.357776e-07
121	0.6996383	0.344197	0.3083552	0.3060356	0.3057913	0.2631244	0.2619561	0.1388511	0.1379855	0.0667507	0.007832011	0.000373882	0.0001277288	2.202735e-05	1.812439e-05	1.371897e-05	9.192826e-06	7.07645e-06	6.790516e-06	6.227704e-06	5.708598e-06	5.692655e-06	5.61753e-06	5.546456e-06	5.545887e-06	5.545514e-06	5.545512e-06	5.545508e-06	1.765888e-06	1.405305e-06
122	0.4341106	0.3978367	0.2498892	0.2171513	0.2157407	0.2156002	0.1749985	0.1742556	0.09026228	0.08987513	0.04334591	0.005139143	0.0002512726	8.993531e-05	1.451689e-05	1.18695e-05	8.976327e-06	6.009991e-06	4.410393e-06	4.211902e-06	3.758707e-06	3.692913e-06	3.680171e-06	3.66092e-06	3.632661e-06	3.632225e-06	3.632053e-06	3.632051e-06	3.632047e-06	1.366174e-06
123	0.5436619	0.3188813	0.2823336	0.1336724	0.1127861	0.1121043	0.1120472	0.1076715	0.1073824	0.03269681	0.03248107	0.01569173	0.001858103	9.202054e-05	3.371076e-05	5.540112e-06	4.525904e-06	3.475276e-06	2.40331e-06	1.69059e-06	1.609739e-06	1.375859e-06	1.349e-06	1.343272e-06	1.326268e-06	1.31225e-06	1.311996e-06	1.311849e-06	1.311847e-06	1.311843e-06
124	0.639127	0.3237561	0.3121077	0.273837	0.1254962	0.1041407	0.1036692	0.1036224	0.1014681	0.1012379	0.0250805	0.02488156	0.01200895	0.001422089	6.930664e-05	2.460652e-05	4.256287e-06	3.466751e-06	2.660431e-06	1.839142e-06	1.264545e-06	1.199996e-06	1.046071e-06	1.026032e-06	1.021537e-06	1.017947e-06	1.005147e-06	1.004936e-06	1.004835e-06	1.004833e-06
125	0.1506837	0.1404016	0.06470228	0.06351514	0.02692475	0.01333536	0.01074065	0.01042309	0.01040052	0.008987434	0.0088936	0.007664691	0.007540806	0.003640462	0.0004301175	1.759552e-05	3.978579e-06	1.102908e-06	9.094002e-07	6.62638e-07	4.115501e-07	3.536749e-07	3.327147e-07	3.216524e-07	3.159949e-07	3.153809e-07	3.131987e-07	3.066014e-07	3.065489e-07	3.065045e-07
126	0.2319658	0.1187174	0.1137941	0.05430988	0.05338018	0.01535397	0.009276548	0.007562937	0.007514968	0.007493951	0.007160965	0.00707814	0.0059807	0.005973799	0.002880594	0.0003403406	1.372564e-05	2.934181e-06	8.553422e-07	7.061493e-07	5.116345e-07	3.12711e-07	2.765009e-07	2.628657e-07	2.539975e-07	2.518941e-07	2.516069e-07	2.495224e-07	2.427442e-07	2.427093e-07
127	0.4690874	0.2001734	0.1056674	0.102542	0.05087775	0.05010717	0.009890655	0.008407916	0.006628863	0.006586826	0.00657932	0.006283176	0.006242267	0.005167504	0.005160969	0.002486378	0.0002936984	1.183533e-05	2.527487e-06	7.35399e-07	6.065966e-07	4.411692e-07	2.699286e-07	2.381323e-07	2.29042e-07	2.208062e-07	2.188647e-07	2.187699e-07	2.166204e-07	2.094823e-07
128	0.5053267	0.4281177	0.1719864	0.09377198	0.0912703	0.04991165	0.04940058	0.006372657	0.005867979	0.005723603	0.005689535	0.005683293	0.00542406	0.005390074	0.004280751	0.004275978	0.002071926	0.0002448331	9.84495e-06	2.132933e-06	6.10071e-07	5.018452e-07	3.639906e-07	2.212077e-07	1.934324e-07	1.861841e-07	1.776243e-07	1.771888e-07	1.771202e-07	1.748749e-07
129	0.8792303	0.3861587	0.3108973	0.159483	0.09101387	0.08877148	0.05240287	0.05195299	0.005744052	0.005341466	0.005193757	0.005165656	0.005160163	0.004970881	0.004941067	0.00375451	0.003749601	0.001817044	0.0002146292	8.668135e-06	1.907124e-06	5.391727e-07	4.434702e-07	3.225744e-07	1.973851e-07	1.716829e-07	1.653175e-07	1.561899e-07	1.557306e-07	1.556618e-07
130	0.9407544	0.8154516	0.3116154	0.2376615	0.09447945	0.03749938	0.03556663	0.005499977	0.005126605	0.005088848	0.004722297	0.004574355	0.004551262	0.004546672	0.004405428	0.004380684	0.00311972	0.003114821	0.001508248	0.0001783789	7.208918e-06	1.589145e-06	4.486705e-07	3.683313e-07	2.677945e-07	1.637074e-07	1.413101e-07	1.359995e-07	1.281413e-07	1.277035e-07
131	0.6903493	0.6869936	0.6840817	0.1964708	0.1268844	0.07100421	0.02758037	0.02614494	0.00307592	0.002790091	0.002785247	0.002625907	0.002579687	0.002561493	0.002557941	0.002449686	0.002430724	0.002388724	0.002384985	0.001154843	0.0001365937	5.524793e-06	1.220861e-06	3.407764e-07	2.781474e-07	2.010573e-07	1.212751e-07	1.027365e-07	9.863337e-08	9.814e-08
132	0.6671443	0.6590972	0.6569064	0.6550034	0.1531783	0.08467616	0.04650562	0.01819807	0.01718181	0.00202434	0.00183535	0.001831548	0.001727195	0.001685866	0.001675008	0.001672642	0.00160252	0.00159019	0.001554302	0.001553035	0.000751732	8.893148e-05	3.645258e-06	8.431774e-07	2.271885e-07	1.844118e-07	1.340949e-07	8.209102e-08	6.703213e-08	6.427776e-08
133	0.5113574	0.4426591	0.4366174	0.4352031	0.4342356	0.1287836	0.05786943	0.03055273	0.0120027	0.01146897	0.001357969	0.001231836	0.00122828	0.00115818	0.001118021	0.001110744	0.001109282	0.001063233	0.001055153	0.001021295	0.001020066	0.0004935517	5.838748e-05	2.455099e-06	6.161407e-07	1.548891e-07	1.245728e-07	9.158534e-08	5.762887e-08	4.434866e-08
134	0.6610658	0.4536889	0.3979793	0.3916155	0.3904639	0.3896731	0.05605238	0.04905164	0.02505251	0.009926108	0.009491361	0.001129317	0.001024362	0.001020703	0.0009623634	0.0009197625	0.0009137343	0.0009125432	0.0008750194	0.0008684349	0.0008330362	0.0008317327	0.0004022729	4.758904e-05	2.048302e-06	5.497934e-07	1.307935e-07	1.043831e-07	7.745087e-08	4.980472e-08
135	0.6089771	0.6014744	0.4522442	0.411197	0.4059912	0.4051628	0.4045907	0.03610418	0.03069145	0.01779435	0.006950417	0.006637476	0.000845345	0.0007695314	0.0007656906	0.0007217893	0.0006759649	0.000671454	0.0006705966	0.0006435457	0.0006388015	0.0006013625	0.0005999613	0.00028997	3.429881e-05	1.543092e-06	4.634394e-07	9.545939e-08	7.729555e-08	5.7919e-08
136	0.1426025	0.1387648	0.1348675	0.05667267	0.03460241	0.02956664	0.02915888	0.02886993	0.01873444	0.015374	0.008897018	0.003558492	0.003403997	0.0004767156	0.0004384345	0.0004343325	0.0004092048	0.0003590213	0.0003564826	0.0003560594	0.0003426303	0.0003402806	0.0003000227	0.000298489	0.0001438693	1.701472e-05	8.931001e-07	3.583898e-07	5.606574e-08	4.466455e-08
137	0.4937054	0.1083072	0.1061086	0.1028995	0.04731626	0.02879121	0.02293424	0.02261479	0.02238385	0.01411828	0.0122051	0.007035319	0.002848273	0.002727086	0.0003926578	0.0003612035	0.0003564196	0.0003356309	0.00029726	0.000295283	0.0002949513	0.0002844002	0.0002825542	0.0002359048	0.0002346396	0.0001127577	1.338085e-05	7.517628e-07	3.331063e-07	5.039875e-08
138	0.2603462	0.2569396	0.0656541	0.06447313	0.06228431	0.02826495	0.01738183	0.01432277	0.01412768	0.01397885	0.008876865	0.007586802	0.004375114	0.001823618	0.001749343	0.0002700496	0.0002508072	0.0002450582	0.0002304622	0.0002087233	0.0002075325	0.0002073297	0.0002008276	0.000199694	0.0001440464	0.0001431591	6.895415e-05	8.258731e-06	5.51809e-07	2.965423e-07
139	0.04337698	0.0397191	0.03920891	0.01031874	0.01013703	0.009755737	0.004468349	0.002646088	0.002193866	0.002163514	0.002138972	0.001356865	0.001150452	0.0006718666	0.0002759667	0.0002643752	4.703093e-05	4.416009e-05	4.275455e-05	4.020712e-05	3.699456e-05	3.681101e-05	3.677945e-05	3.576214e-05	3.558588e-05	2.235552e-05	2.221073e-05	1.070798e-05	1.283119e-06	8.740789e-08
140	0.1092779	0.01160339	0.01062797	0.01049177	0.00276263	0.002714269	0.00261126	0.001200387	0.0007094891	0.0005848333	0.000576742	0.0005701856	0.0003612009	0.0003072418	0.0001794894	7.384043e-05	7.074599e-05	1.273894e-05	1.197045e-05	1.157939e-05	1.090541e-05	1.001819e-05	9.968849e-06	9.960452e-06	9.688585e-06	9.641627e-06	5.967855e-06	5.929501e-06	2.856889e-06	3.41653e-07
141	0.1619182	0.03042019	0.003233688	0.002961977	0.002924018	0.000769895	0.0007564168	0.0007277059	0.0003345049	0.0001977386	0.0001629977	0.000160742	0.0001589144	0.0001006711	8.56308e-05	5.002384e-05	2.057971e-05	1.971721e-05	3.550677e-06	3.336547e-06	3.227536e-06	3.03976e-06	2.792414e-06	2.778659e-06	2.776318e-06	2.700525e-06	2.687436e-06	1.663235e-06	1.652542e-06	7.961945e-07
