#unpaired probabilities
 #i$	l=1	2	3	4	5	6	7	8	9	10	11	12	13	14	15	16	17	18	19	20	21	22	23	24	25	26	27	28	29	30	
1	0.6839466	NA	NA	NA	NA	NA	NA	NA	NA	NA	NA	NA	NA	NA	NA	NA	NA	NA	NA	NA	NA	NA	NA	NA	NA	NA	NA	NA	NA	NA
2	0.7597345	0.6171968	NA	NA	NA	NA	NA	NA	NA	NA	NA	NA	NA	NA	NA	NA	NA	NA	NA	NA	NA	NA	NA	NA	NA	NA	NA	NA	NA	NA
3	0.8889945	0.754693	0.6130178	NA	NA	NA	NA	NA	NA	NA	NA	NA	NA	NA	NA	NA	NA	NA	NA	NA	NA	NA	NA	NA	NA	NA	NA	NA	NA	NA
4	0.6842959	0.6530185	0.5876698	0.4774262	NA	NA	NA	NA	NA	NA	NA	NA	NA	NA	NA	NA	NA	NA	NA	NA	NA	NA	NA	NA	NA	NA	NA	NA	NA	NA
5	0.788213	0.6674933	0.6382827	0.5758367	0.4676669	NA	NA	NA	NA	NA	NA	NA	NA	NA	NA	NA	NA	NA	NA	NA	NA	NA	NA	NA	NA	NA	NA	NA	NA	NA
6	0.9365761	0.7818129	0.6627117	0.6338472	0.5724609	0.4648753	NA	NA	NA	NA	NA	NA	NA	NA	NA	NA	NA	NA	NA	NA	NA	NA	NA	NA	NA	NA	NA	NA	NA	NA
7	0.004823101	0.00465033	0.004308108	0.003789291	0.003634033	0.003266417	0.002652974	NA	NA	NA	NA	NA	NA	NA	NA	NA	NA	NA	NA	NA	NA	NA	NA	NA	NA	NA	NA	NA	NA	NA
8	0.003263094	0.0001365688	0.0001207312	9.974559e-05	8.733904e-05	8.392938e-05	7.338645e-05	5.967573e-05	NA	NA	NA	NA	NA	NA	NA	NA	NA	NA	NA	NA	NA	NA	NA	NA	NA	NA	NA	NA	NA	NA
9	0.09627795	0.0003317512	3.27291e-05	2.06814e-05	5.558097e-06	4.922437e-06	4.892388e-06	4.23348e-06	3.440609e-06	NA	NA	NA	NA	NA	NA	NA	NA	NA	NA	NA	NA	NA	NA	NA	NA	NA	NA	NA	NA	NA
10	0.1451158	0.05655991	0.0001787987	2.844882e-05	1.785109e-05	3.117335e-06	2.713206e-06	2.796585e-06	2.495045e-06	2.037683e-06	NA	NA	NA	NA	NA	NA	NA	NA	NA	NA	NA	NA	NA	NA	NA	NA	NA	NA	NA	NA
11	0.2956351	0.142502	0.0548767	0.0001239529	1.4387e-05	1.645224e-05	1.823395e-06	1.545002e-06	1.705256e-06	1.527067e-06	1.253717e-06	NA	NA	NA	NA	NA	NA	NA	NA	NA	NA	NA	NA	NA	NA	NA	NA	NA	NA	NA
12	0.2939718	0.2326364	0.1361775	0.05244916	9.955077e-05	1.433682e-06	1.434349e-06	1.498204e-06	1.243154e-06	1.411046e-06	1.269187e-06	1.044508e-06	NA	NA	NA	NA	NA	NA	NA	NA	NA	NA	NA	NA	NA	NA	NA	NA	NA	NA
13	0.4132422	0.2911283	0.2302769	0.135056	0.05184281	9.868315e-05	1.211661e-06	1.176461e-06	1.189583e-06	1.236046e-06	1.402391e-06	1.263224e-06	1.039565e-06	NA	NA	NA	NA	NA	NA	NA	NA	NA	NA	NA	NA	NA	NA	NA	NA	NA
14	0.4873762	0.3097188	0.2268699	0.1766369	0.1129236	0.04334682	8.404234e-05	1.060268e-06	1.016241e-06	1.005323e-06	1.023758e-06	1.127412e-06	1.130442e-06	9.294397e-07	NA	NA	NA	NA	NA	NA	NA	NA	NA	NA	NA	NA	NA	NA	NA	NA
15	0.4344925	0.3958963	0.2804485	0.211474	0.1648724	0.1052852	0.04048894	6.239533e-05	4.034809e-07	3.898757e-07	4.167211e-07	4.78039e-07	5.955644e-07	6.41593e-07	5.31973e-07	NA	NA	NA	NA	NA	NA	NA	NA	NA	NA	NA	NA	NA	NA	NA
16	0.05614947	0.03494764	0.02599307	0.02681452	0.001423995	0.0006136325	0.000373009	0.000150042	4.473363e-07	4.167604e-09	1.11901e-09	1.143644e-09	1.296159e-09	1.60486e-09	1.694334e-09	1.402852e-09	NA	NA	NA	NA	NA	NA	NA	NA	NA	NA	NA	NA	NA	NA
17	0.08327565	0.04634554	0.03026875	0.0249992	0.02618354	0.0008961237	0.0002048799	0.0001128846	5.005088e-05	2.87586e-07	2.674746e-10	1.222311e-10	6.788409e-11	7.22475e-11	8.802316e-11	7.933624e-11	6.559922e-11	NA	NA	NA	NA	NA	NA	NA	NA	NA	NA	NA	NA	NA
18	0.1279928	0.0771523	0.04054783	0.02866369	0.02490098	0.02616404	0.0008824715	0.0001988596	0.0001092469	4.872826e-05	2.793101e-07	2.234263e-10	1.06487e-10	5.443153e-11	5.699691e-11	6.917431e-11	6.009827e-11	4.968204e-11	NA	NA	NA	NA	NA	NA	NA	NA	NA	NA	NA	NA
19	0.1751614	0.1213867	0.07212316	0.03544685	0.02362612	0.02482303	0.02615621	0.0008774928	0.0001976854	0.0001086192	4.850843e-05	2.776904e-07	2.209965e-10	1.046206e-10	5.292095e-11	5.525494e-11	6.718709e-11	5.804014e-11	4.797652e-11	NA	NA	NA	NA	NA	NA	NA	NA	NA	NA	NA
20	0.9643151	0.1675795	0.1174538	0.07125815	0.03515771	0.02358285	0.02478292	0.02612057	0.0008660725	0.0001934039	0.0001066708	4.790012e-05	2.752564e-07	2.145456e-10	9.981391e-11	4.978608e-11	5.195918e-11	6.325505e-11	5.393118e-11	4.456932e-11	NA	NA	NA	NA	NA	NA	NA	NA	NA	NA
21	0.9580925	0.9330076	0.1412951	0.09459854	0.05191829	0.01495083	0.002198563	0.001874244	0.001453319	0.0008458061	0.0001758166	9.531793e-05	4.35421e-05	2.695919e-07	2.134433e-10	9.926424e-11	4.926109e-11	5.157412e-11	6.279819e-11	5.348765e-11	4.420174e-11	NA	NA	NA	NA	NA	NA	NA	NA	NA
22	0.9390785	0.9283328	0.9275965	0.1368369	0.09221345	0.05177512	0.01493848	0.002187244	0.001863295	0.001442904	0.0008359625	0.0001700681	9.181262e-05	4.261837e-05	2.683778e-07	2.113646e-10	9.731785e-11	4.712402e-11	4.911628e-11	5.971168e-11	5.015312e-11	4.143599e-11	NA	NA	NA	NA	NA	NA	NA	NA
23	0.9486661	0.9280072	0.9208873	0.9216533	0.1317308	0.08970426	0.05149751	0.01478857	0.002084074	0.00175401	0.001326658	0.000828069	0.0001634317	8.789003e-05	4.116719e-05	2.664697e-07	2.09673e-10	9.582044e-11	4.547794e-11	4.745735e-11	5.763827e-11	4.79465e-11	3.960586e-11	NA	NA	NA	NA	NA	NA	NA
24	0.9463443	0.9093387	0.90518	0.9025975	0.906468	0.1216318	0.08430485	0.05111563	0.01475712	0.002055924	0.001727211	0.001301773	0.0008054086	0.0001437597	7.516256e-05	3.644972e-05	2.603904e-07	2.089887e-10	9.558803e-11	4.530829e-11	4.728731e-11	5.744531e-11	4.775874e-11	3.945042e-11	NA	NA	NA	NA	NA	NA
25	0.3650387	0.3155385	0.2522621	0.2192073	0.1849823	0.153963	0.1190671	0.08292316	0.05101607	0.01474911	0.002048663	0.001720327	0.001295419	0.0007996633	0.0001389126	7.2248e-05	3.576554e-05	2.594688e-07	2.078986e-10	9.49136e-11	4.513287e-11	4.710519e-11	5.723689e-11	4.765965e-11	3.936903e-11	NA	NA	NA	NA	NA
26	0.1546353	0.1346963	0.099178	0.07848742	0.05234634	0.04399315	0.03676132	0.03250098	0.02254317	0.01227825	0.01229336	3.739718e-05	2.871962e-05	2.342929e-05	1.787797e-05	1.075423e-05	6.585841e-06	2.517619e-06	1.876617e-08	9.996815e-11	3.345542e-11	2.775466e-11	3.116769e-11	3.872751e-11	3.872693e-11	3.206708e-11	NA	NA	NA	NA
27	0.1746824	0.140982	0.1216617	0.08692563	0.0671141	0.04107014	0.03278197	0.02549004	0.02106955	0.01100387	0.0004731453	2.68207e-05	2.334924e-05	1.687228e-05	1.444618e-05	1.225241e-05	9.517724e-06	6.140974e-06	2.360797e-06	3.685659e-09	7.222346e-11	2.292123e-11	2.438168e-11	2.772811e-11	3.465946e-11	3.735091e-11	3.094322e-11	NA	NA	NA
28	0.2340343	0.1659535	0.1327295	0.1134977	0.07893278	0.06357993	0.03747394	0.03187694	0.02528891	0.02091707	0.01094286	0.0004597969	2.202785e-05	1.835584e-05	1.655276e-05	1.428672e-05	1.218978e-05	9.506091e-06	6.134089e-06	2.358682e-06	3.594794e-09	2.25216e-11	2.196107e-11	2.372499e-11	2.710318e-11	3.402843e-11	3.676975e-11	3.049814e-11	NA	NA
29	0.8008562	0.2132741	0.1571333	0.1236084	0.1040708	0.07875925	0.06347474	0.03742853	0.03184125	0.02527518	0.02090628	0.01093778	0.0004586131	2.195096e-05	1.828155e-05	1.647971e-05	1.427084e-05	1.217949e-05	9.502495e-06	6.131861e-06	2.357852e-06	3.590412e-09	2.192318e-11	2.127342e-11	2.363263e-11	2.699796e-11	3.396384e-11	3.674075e-11	3.04746e-11	NA
30	0.6499244	0.555286	0.2113184	0.156743	0.1233777	0.1038791	0.07861731	0.06334868	0.03731326	0.03172925	0.025165	0.02080141	0.01087719	0.0004516281	2.115292e-05	1.791964e-05	1.617009e-05	1.402876e-05	1.203858e-05	9.467714e-06	6.12497e-06	2.355765e-06	3.547562e-09	2.154519e-11	2.086689e-11	2.318225e-11	2.688216e-11	3.385646e-11	3.666506e-11	3.041202e-11
31	0.2607143	0.2011332	0.1333566	0.03697739	0.0286578	0.02230914	0.01858054	0.01375441	0.01081803	0.007794841	0.006772123	0.004759834	0.003932073	0.002055647	8.592192e-05	4.485111e-06	3.736377e-06	3.429257e-06	2.680603e-06	2.303145e-06	1.818506e-06	1.158874e-06	4.45579e-07	6.724731e-10	4.108827e-12	3.976192e-12	4.399977e-12	5.098134e-12	6.417176e-12	6.943141e-12
32	0.2997025	0.07329691	0.03576007	0.03535027	0.0009593228	0.0008651951	0.000858271	0.0008761812	0.0008927586	0.0009143673	0.0009418546	0.0009770822	2.122627e-05	1.468881e-05	7.331165e-06	8.064174e-07	4.092377e-07	4.18344e-07	4.447329e-07	1.76629e-08	1.264213e-08	1.010111e-08	5.866714e-09	2.083222e-09	4.269297e-12	4.40811e-14	3.90607e-14	2.376262e-14	2.443579e-14	2.819653e-14
33	0.04760109	0.03255222	0.002208268	0.0008314896	0.0002658416	4.64958e-05	3.598615e-05	2.985078e-05	2.614073e-05	2.126169e-05	1.832109e-05	1.596682e-05	1.395539e-05	8.797377e-06	4.468821e-06	1.933248e-06	1.727028e-07	2.419728e-08	1.044021e-08	9.849532e-09	9.079093e-09	5.503294e-09	4.289442e-09	2.078675e-09	6.347711e-10	2.025674e-12	2.27264e-14	1.721116e-14	1.077904e-14	1.036352e-14
34	0.08314808	0.02066878	0.005690971	0.0007352703	0.0006326996	9.612201e-05	3.441588e-05	2.71725e-05	2.166948e-05	1.817653e-05	1.361924e-05	1.122048e-05	9.252955e-06	7.932256e-06	3.456262e-06	2.812371e-06	1.140004e-06	7.214504e-08	1.506371e-08	1.951766e-09	1.654496e-09	1.302405e-09	9.665246e-10	6.996014e-10	4.513024e-10	1.762826e-10	7.761656e-13	1.2585e-14	1.062482e-14	9.080537e-15
35	0.09918657	0.07161086	0.01576148	0.001726097	0.0001729197	9.674649e-05	7.268142e-05	3.108085e-05	2.438033e-05	1.914515e-05	1.581643e-05	1.148512e-05	9.76676e-06	8.284552e-06	7.186147e-06	2.934373e-06	2.327884e-06	1.061485e-06	5.571014e-08	9.025869e-09	1.50925e-09	1.286293e-09	1.027676e-09	8.187174e-10	6.436848e-10	4.154788e-10	1.595615e-10	4.630371e-13	9.304857e-15	8.911018e-15
36	0.7627974	0.08525265	0.06165171	0.01258505	0.0003242131	0.0001205591	4.70516e-05	2.604855e-05	1.83845e-05	1.449347e-05	1.151527e-05	9.523608e-06	6.920701e-06	6.253469e-06	5.853124e-06	5.128421e-06	1.249434e-06	9.344186e-07	3.311208e-07	1.88859e-08	4.829248e-10	3.432696e-10	2.390389e-10	9.468188e-11	1.817435e-11	1.409673e-11	8.556079e-12	3.027741e-12	2.021395e-13	7.559656e-15
37	0.1343014	0.1103581	0.08411493	0.06084865	0.01230963	0.0002423272	8.041847e-05	4.113836e-05	2.023913e-05	1.351425e-05	9.678878e-06	6.770655e-06	4.726759e-06	2.092345e-06	1.563345e-06	1.106178e-06	1.116409e-06	1.143813e-06	8.588018e-07	3.236981e-07	1.78197e-08	3.774287e-10	2.434597e-10	1.4379e-10	8.390461e-11	1.332848e-11	1.012749e-11	5.979455e-12	2.017111e-12	1.55145e-13
38	0.1682989	0.1329337	0.1091404	0.0836212	0.06039815	0.01227726	0.0002362976	7.870185e-05	3.945795e-05	1.941556e-05	1.296966e-05	9.247818e-06	6.452958e-06	4.495988e-06	1.974306e-06	1.48007e-06	1.054775e-06	1.066136e-06	1.093587e-06	8.327278e-07	3.207788e-07	1.730334e-08	3.625138e-10	2.326815e-10	1.359962e-10	7.706986e-11	8.036599e-12	5.770862e-12	3.405881e-12	1.329359e-12
39	0.823713	0.1656527	0.1321317	0.1083771	0.08287673	0.05966345	0.01226066	0.000234896	7.778731e-05	3.852517e-05	1.919548e-05	1.282424e-05	9.130873e-06	6.365202e-06	4.427038e-06	1.92958e-06	1.436274e-06	1.010943e-06	1.020611e-06	1.04611e-06	8.299445e-07	3.204372e-07	1.718819e-08	3.569695e-10	2.285636e-10	1.324171e-10	7.352246e-11	6.835366e-12	4.819564e-12	2.964251e-12
40	0.9720221	0.8025764	0.1480069	0.1143958	0.09021181	0.06421041	0.04046412	0.01225135	0.0002335261	7.670505e-05	3.742089e-05	1.882757e-05	1.25605e-05	8.932053e-06	6.233728e-06	4.347205e-06	1.91621e-06	1.426964e-06	1.003675e-06	1.013223e-06	1.038484e-06	8.276977e-07	3.201375e-07	1.69601e-08	3.526188e-10	2.267407e-10	1.32033e-10	7.321716e-11	6.663835e-12	4.700014e-12
41	0.9769658	0.9566017	0.7988149	0.1464562	0.1135112	0.08945632	0.06345472	0.03970684	0.01223934	0.0002321969	7.561341e-05	3.632949e-05	1.782135e-05	1.181856e-05	8.374404e-06	5.867138e-06	4.130561e-06	1.892732e-06	1.415731e-06	9.989478e-07	1.008858e-06	1.034215e-06	8.244917e-07	3.19375e-07	1.630951e-08	3.421421e-10	2.219459e-10	1.313559e-10	7.270527e-11	6.396245e-12
42	0.9765364	0.9618186	0.9564618	0.7987345	0.1463825	0.1134401	0.08938437	0.06338143	0.03963212	0.01216416	0.0001550339	7.560352e-05	3.631939e-05	1.781801e-05	1.18161e-05	8.372587e-06	5.86599e-06	4.129848e-06	1.892573e-06	1.415604e-06	9.98836e-07	1.008744e-06	1.034096e-06	8.24481e-07	3.193718e-07	1.630756e-08	3.421086e-10	2.219272e-10	1.313496e-10	7.269986e-11
43	0.2187457	0.2128876	0.1998164	0.1930933	0.05279657	0.01637468	0.006682815	0.005068798	0.00446566	0.003893619	0.0003409862	1.292596e-05	1.057908e-05	9.894521e-06	8.938643e-06	6.819005e-06	5.355035e-06	3.859607e-06	2.702261e-06	1.20368e-06	7.613893e-07	3.521685e-07	3.424972e-07	3.463087e-07	2.473332e-07	1.670714e-08	5.416078e-09	9.979558e-11	4.864634e-11	1.459544e-11
44	0.04480584	0.03800148	0.03848224	0.03654285	0.03656327	0.006267102	0.001809435	0.0003547163	0.000297151	0.0002288676	0.0002037497	1.466743e-05	1.009316e-06	4.422477e-07	4.13271e-07	3.898423e-07	3.074464e-07	2.64547e-07	2.212105e-07	1.915686e-07	1.52438e-07	6.568822e-08	3.089911e-08	2.94959e-08	2.973424e-08	2.105062e-08	9.331667e-10	1.478446e-10	1.297845e-11	2.279824e-12
45	0.5327354	0.01950346	0.01711212	0.01739446	0.01622327	0.01616594	0.001063244	0.0004219824	7.775748e-05	6.473968e-05	1.648841e-05	1.11289e-05	3.140858e-06	5.326782e-07	9.681284e-08	7.080443e-08	6.292542e-08	4.192779e-08	3.059801e-08	2.050192e-08	1.300284e-08	3.355226e-09	1.887202e-09	1.326211e-09	1.14823e-09	9.849878e-10	7.817181e-10	3.196323e-10	3.372702e-11	1.046485e-12
46	0.007651803	0.005527855	0.003180771	0.001988971	0.002001262	0.001809055	0.001635428	0.0009006665	0.0003267021	1.205558e-05	7.632991e-06	5.955008e-06	4.250097e-06	1.517325e-06	4.648602e-07	3.803536e-08	1.32241e-08	1.210858e-08	4.861754e-09	3.771314e-09	2.974873e-09	2.491679e-09	1.864106e-09	1.364725e-09	9.993401e-10	8.426483e-10	6.854689e-10	5.541445e-10	2.575533e-10	1.372504e-11
47	0.06212182	0.006029691	0.004603138	0.002468325	0.00128106	0.001288293	0.001108263	0.0009361681	0.0005251511	0.0003057608	1.098553e-05	6.855993e-06	5.252447e-06	3.687624e-06	1.233471e-06	4.633991e-07	3.691168e-08	1.215251e-08	1.113332e-08	4.301342e-09	3.400181e-09	2.727407e-09	2.337314e-09	1.829262e-09	1.338154e-09	9.801836e-10	8.255156e-10	6.70163e-10	5.430418e-10	2.545404e-10
48	0.3671353	0.05238105	0.004930404	0.003709301	0.001693537	0.0007319283	0.0007275222	0.0005379614	0.0003544867	0.0003255876	0.000289586	8.507781e-06	4.892907e-06	3.71511e-06	2.575058e-06	6.096143e-07	3.940014e-08	3.372571e-08	9.411756e-09	8.597217e-09	3.524781e-09	2.722128e-09	2.123286e-09	1.775205e-09	1.325052e-09	1.059509e-09	7.889744e-10	6.378471e-10	4.811416e-10	3.957339e-10
49	0.348087	0.1956418	0.03531297	0.002904148	0.001793528	0.001502985	0.0005716872	0.0005698713	0.000389202	0.0002332296	0.0002187411	0.0001963394	6.546603e-06	3.915454e-06	3.021392e-06	2.148009e-06	4.568762e-07	1.277587e-08	8.058179e-09	7.513952e-09	6.914995e-09	3.175372e-09	2.475238e-09	1.910517e-09	1.576831e-09	1.145511e-09	8.820552e-10	6.103419e-10	5.161022e-10	4.220098e-10
50	0.6359124	0.3382048	0.1955441	0.03527276	0.002900658	0.001792703	0.001502858	0.0005715919	0.0005697837	0.0003891234	0.0002331583	0.0002187147	0.0001963257	6.537144e-06	3.908134e-06	3.015393e-06	2.143382e-06	4.559473e-07	1.258933e-08	7.871176e-09	7.32098e-09	6.907987e-09	3.170155e-09	2.471384e-09	1.908097e-09	1.575345e-09	1.145212e-09	8.818785e-10	6.102609e-10	5.160242e-10
51	0.07943866	0.02985243	0.01512838	0.003729884	0.001414825	0.0004029562	0.000329555	0.0003132511	0.0003196026	0.0003264936	0.0001619606	8.868834e-06	6.156468e-06	1.884915e-06	4.4089e-07	2.033617e-07	1.598672e-07	1.177654e-07	2.275446e-08	1.569667e-09	1.05548e-09	1.030596e-09	1.007087e-09	2.349409e-10	1.313684e-10	9.256612e-11	6.774045e-11	3.614085e-11	9.861314e-12	8.428663e-12
52	0.02452402	0.01995369	0.003964291	0.0001765155	0.0001117949	5.59917e-05	3.317644e-05	3.181024e-05	3.144454e-05	3.205587e-05	3.269726e-05	4.407711e-06	3.194034e-06	2.567799e-06	7.956283e-07	7.972129e-08	1.200633e-08	8.177264e-09	5.096924e-09	1.663053e-09	4.788531e-10	3.115978e-10	3.016944e-10	3.076552e-10	1.801686e-11	3.901664e-12	3.181151e-12	2.849251e-12	2.500643e-12	2.174633e-12
53	0.02639008	0.009419915	0.009095549	0.002532177	5.97672e-05	3.163303e-05	1.334816e-05	4.15143e-06	3.584891e-06	3.032455e-06	3.020537e-06	3.004696e-06	2.61507e-06	2.203313e-06	1.890158e-06	6.326449e-07	5.456065e-08	6.812202e-09	4.443704e-09	2.617324e-09	9.812955e-10	3.357851e-10	2.179062e-10	2.109362e-10	2.157385e-10	1.077931e-11	1.711379e-12	1.492358e-12	1.450083e-12	1.450408e-12
54	0.06758844	0.005032632	0.0009955678	0.000816794	0.0002437744	2.820245e-05	1.931301e-05	7.796636e-06	1.256323e-06	9.712438e-07	7.206155e-07	6.855299e-07	6.368219e-07	5.640657e-07	5.434756e-07	5.315781e-07	4.488007e-07	6.935998e-09	8.223331e-10	4.113055e-10	2.305317e-10	7.248134e-11	2.825267e-11	1.754784e-11	1.68212e-11	1.712995e-11	1.404164e-12	8.342964e-13	7.999123e-13	8.102955e-13
55	0.2162913	0.04310558	0.00362046	0.0005623757	0.0004203286	0.0001228919	1.907638e-05	1.297734e-05	4.662793e-06	7.254552e-07	5.805454e-07	4.073167e-07	3.852605e-07	3.615598e-07	3.188973e-07	3.10916e-07	3.082534e-07	2.682733e-07	4.163459e-09	4.607579e-10	2.171734e-10	1.215668e-10	3.386941e-11	1.330425e-11	8.294957e-12	7.950557e-12	8.077991e-12	8.311395e-13	5.871849e-13	5.529295e-13
56	0.4817207	0.1840691	0.02422499	0.002490398	0.0003044722	0.0002002187	5.060341e-05	9.140873e-06	6.0122e-06	3.130437e-06	3.764752e-07	3.047335e-07	2.409937e-07	2.266302e-07	2.194542e-07	2.042553e-07	2.034238e-07	2.047517e-07	1.873187e-07	1.720029e-09	2.186704e-10	9.675984e-11	5.714277e-11	1.459829e-11	5.201162e-12	3.33913e-12	3.21504e-12	3.261716e-12	4.162359e-13	3.217903e-13
57	0.367955	0.02027299	0.006246512	0.002215223	0.0001662438	8.695382e-06	5.290263e-06	1.801483e-06	4.386339e-07	3.232519e-07	1.210023e-07	2.021568e-08	1.31102e-08	1.104955e-08	1.097053e-08	1.104912e-08	1.096747e-08	1.104275e-08	1.101749e-08	2.608895e-09	8.244227e-11	5.137527e-11	7.550129e-12	4.274459e-12	1.244381e-12	1.535984e-13	1.114749e-13	1.084751e-13	1.045757e-13	3.509479e-14
58	0.3529767	0.3569548	0.01240107	0.0007283569	0.0003160516	2.929225e-05	1.702433e-06	5.462878e-07	1.956564e-07	6.246671e-08	4.33622e-08	1.255926e-08	1.09833e-09	3.890928e-10	2.285262e-10	2.229842e-10	2.241486e-10	2.177201e-10	2.120635e-10	1.266123e-10	3.18431e-11	2.706012e-12	9.176294e-13	6.607636e-13	3.496806e-13	8.257929e-14	1.280943e-14	1.034047e-14	1.010992e-14	9.900317e-15
59	0.3609713	0.3523172	0.3566555	0.01228475	0.0006549929	0.0002560709	2.775929e-05	1.544172e-06	4.202736e-07	1.640377e-07	5.412803e-08	3.687838e-08	1.089414e-08	8.533999e-10	2.073123e-10	6.79552e-11	6.117162e-11	5.976322e-11	5.221119e-11	4.440047e-11	3.164748e-11	1.324014e-11	1.746424e-12	4.041969e-13	2.915334e-13	1.809305e-13	5.833493e-14	1.015071e-14	8.216693e-15	8.23297e-15
60	0.9146983	0.359921	0.3520917	0.3565597	0.0122009	0.0005844777	0.0002503078	2.766761e-05	1.535212e-06	4.156718e-07	1.613646e-07	5.359593e-08	3.670736e-08	1.085188e-08	8.472547e-10	2.024427e-10	6.334436e-11	5.661605e-11	5.51207e-11	4.7491e-11	3.958742e-11	2.980575e-11	1.291529e-11	1.728227e-12	3.929963e-13	2.837118e-13	1.760208e-13	5.784973e-14	1.007432e-14	8.166597e-15
61	0.7697934	0.6848932	0.3589589	0.3513674	0.3558279	0.0121972	0.0005817278	0.0002499922	2.76385e-05	1.533484e-06	4.147424e-07	1.609634e-07	5.350182e-08	3.664526e-08	1.08264e-08	8.447824e-10	2.015917e-10	6.286251e-11	5.632432e-11	5.483741e-11	4.722404e-11	3.932388e-11	2.959933e-11	1.274665e-11	1.72342e-12	3.908242e-13	2.817727e-13	1.742566e-13	5.776178e-14	1.005651e-14
62	0.9379689	0.7073761	0.6838605	0.3579571	0.3503522	0.3547953	0.01217208	0.0005815642	0.0002498359	2.761926e-05	1.532081e-06	4.142074e-07	1.606682e-07	5.34213e-08	3.657517e-08	1.08205e-08	8.44179e-10	2.013189e-10	6.265966e-11	5.612239e-11	5.463176e-11	4.701769e-11	3.911436e-11	2.954704e-11	1.274309e-11	1.722853e-12	3.904674e-13	2.815002e-13	1.740624e-13	5.764734e-14
63	0.6289577	0.6219573	0.3863372	0.3579004	0.02700777	0.01396468	0.01251081	0.01215827	0.0005786686	0.0002493748	2.757462e-05	1.526883e-06	4.108537e-07	1.589515e-07	5.333427e-08	3.652086e-08	1.080441e-08	8.426194e-10	2.007271e-10	6.226744e-11	5.591414e-11	5.442645e-11	4.68217e-11	3.891994e-11	2.941837e-11	1.26489e-11	1.715263e-12	3.8943e-13	2.807501e-13	1.735065e-13
64	0.6837798	0.6174138	0.6111434	0.3754337	0.3468236	0.01574513	0.002507891	0.0008530278	0.0006230252	0.000578667	0.0002493732	2.757417e-05	1.526711e-06	4.106852e-07	1.588531e-07	5.329511e-08	3.648111e-08	1.080436e-08	8.426142e-10	2.007248e-10	6.226582e-11	5.591257e-11	5.442486e-11	4.682011e-11	3.891832e-11	2.941794e-11	1.264884e-11	1.715224e-12	3.893929e-13	2.807128e-13
65	0.6453687	0.6465445	0.5871123	0.5855823	0.3517892	0.3244674	0.0114721	0.001672727	0.0003252302	0.000181584	0.0001506305	0.0001075466	7.346598e-06	4.324066e-07	2.790913e-07	9.784751e-08	2.070065e-08	1.589017e-08	5.05436e-09	4.148967e-10	1.237669e-10	5.53693e-11	5.267761e-11	5.216465e-11	4.513082e-11	3.77312e-11	2.895217e-11	1.230877e-11	1.54442e-12	3.074684e-13
66	0.3576382	0.3229128	0.319826	0.3154376	0.3107131	0.07483872	0.04443318	0.009930769	0.001439014	0.0002908523	0.0001641369	0.0001372819	9.824367e-05	6.759221e-06	3.802259e-07	2.528555e-07	8.908645e-08	1.835751e-08	1.414795e-08	4.789004e-09	3.960686e-10	1.160853e-10	5.030474e-11	4.808809e-11	4.752945e-11	4.114041e-11	3.448678e-11	2.682728e-11	1.195242e-11	1.384859e-12
67	0.290354	0.2707146	0.2675536	0.2677689	0.267539	0.2697082	0.04709071	0.02873855	0.002141327	0.0002487883	0.0001020181	6.70258e-05	6.107277e-05	5.530217e-05	5.288781e-06	1.465783e-07	6.668296e-08	2.701406e-08	1.365287e-08	1.054952e-08	4.078235e-09	3.375185e-10	7.604084e-11	1.671642e-11	1.431282e-11	1.323835e-11	1.198508e-11	1.135723e-11	1.0489e-11	9.408801e-12
68	0.03612922	0.03076037	0.0260123	0.02578725	0.02589371	0.02599542	0.02604337	0.02529379	0.02534024	0.0007660519	0.0001153595	1.773775e-05	1.059923e-05	8.803111e-06	4.148076e-06	4.281602e-07	3.073269e-08	1.046436e-08	4.156384e-09	1.424996e-09	9.495311e-10	1.782705e-10	2.421407e-11	1.581289e-11	1.177174e-11	1.100283e-11	1.065685e-11	9.938825e-12	9.897079e-12	9.906261e-12
69	0.6552033	0.03152406	0.02847224	0.02520689	0.02517292	0.02537543	0.0255791	0.02569498	0.02498462	0.02506177	0.0006570751	9.636814e-05	9.239561e-06	3.769141e-06	2.204825e-06	1.630856e-06	7.535847e-08	1.151876e-08	8.066931e-09	3.047782e-09	8.60782e-10	6.058453e-10	7.794841e-11	1.678973e-11	1.446975e-11	1.164237e-11	1.093778e-11	1.060852e-11	9.901816e-12	9.870411e-12
70	0.3267355	0.1897272	0.007341402	0.005315492	0.002361434	0.002025708	0.001878129	0.001735028	0.001485117	0.0004969071	0.0002902039	0.0001399983	1.942359e-05	3.106754e-06	1.646145e-06	1.240317e-06	7.065937e-07	3.341027e-08	7.44226e-09	6.320634e-09	2.039224e-09	2.267815e-10	1.530834e-10	6.315698e-11	1.620612e-11	1.426645e-11	1.152622e-11	1.086833e-11	1.053976e-11	9.835599e-12
71	0.1103442	0.08225436	0.06915255	0.005413889	0.004034066	0.001383819	0.001181024	0.001083037	0.0009997422	0.0008527805	4.569555e-05	2.284197e-05	8.717814e-06	3.549444e-07	1.075283e-07	7.689087e-08	4.269202e-08	2.143835e-08	8.155051e-10	2.252672e-10	2.004142e-10	9.199606e-11	1.845655e-11	6.029427e-12	2.308215e-12	6.716287e-13	5.557729e-13	4.766885e-13	4.786128e-13	4.877386e-13
72	0.1090965	0.08946408	0.07685685	0.06403582	0.001275221	0.0008394279	0.000615116	0.0004205437	0.0003126053	0.0002208165	6.423626e-05	4.11512e-05	1.899908e-05	7.949968e-06	2.512109e-07	6.507289e-08	5.685715e-08	2.560684e-08	5.944527e-09	5.646809e-10	1.749701e-10	1.560211e-10	7.805258e-11	1.548337e-11	3.547419e-12	1.221861e-12	1.245603e-13	5.824987e-14	2.346777e-14	1.938012e-14
73	0.4328479	0.1025568	0.0860453	0.07465717	0.06297024	0.001092885	0.0007111767	0.000524018	0.0003546901	0.0002598207	0.0001845475	5.547548e-05	3.398665e-05	1.599132e-05	6.708138e-06	2.196478e-07	6.251271e-08	5.522413e-08	2.410436e-08	5.349283e-09	5.333245e-10	1.632714e-10	1.449891e-10	6.741035e-11	1.314706e-11	3.195457e-12	1.135139e-12	1.091972e-13	4.519927e-14	1.413123e-14
74	0.3166924	0.1370422	0.09024183	0.07579484	0.06832161	0.06205554	0.000987606	0.000639583	0.0004691787	0.0003149988	0.0002287649	0.0001636843	5.225476e-05	3.175718e-05	1.410387e-05	5.891627e-06	1.772173e-07	2.225568e-08	1.532205e-08	1.301425e-08	5.206811e-09	5.151293e-10	1.587725e-10	1.410579e-10	6.39054e-11	1.171405e-11	3.007325e-12	1.094028e-12	1.047859e-13	4.181217e-14
75	0.4502261	0.2131951	0.07709954	0.06185277	0.05730514	0.05669254	0.05626436	0.0001791146	0.0001144941	8.258044e-05	5.664609e-05	4.213917e-05	3.021357e-05	1.028177e-05	6.913078e-06	4.084803e-06	1.661739e-06	1.23855e-07	1.363519e-08	7.626006e-09	5.810373e-09	4.851245e-09	3.891479e-10	7.584073e-11	5.851827e-11	2.059804e-11	4.511447e-12	2.204272e-12	9.561207e-13	8.933277e-14
76	0.4063776	0.2255143	0.163754	0.0615869	0.05594518	0.0539335	0.05433462	0.05484734	4.43539e-05	2.714851e-05	1.83359e-05	1.304499e-05	1.004949e-05	6.65398e-06	1.421659e-06	9.381551e-07	6.331278e-07	2.618867e-07	8.622631e-09	4.363755e-09	4.058317e-09	3.907674e-09	3.554862e-09	2.935472e-10	3.549182e-11	2.060148e-11	8.373065e-12	2.990856e-12	1.977389e-12	9.202379e-13
77	0.3075964	0.0984519	0.05531799	0.01141493	0.00713582	0.00355338	0.0009222068	0.0006172704	0.0003963726	3.79813e-05	2.306443e-05	1.529536e-05	1.096553e-05	8.508788e-06	5.564736e-06	1.110959e-06	7.452918e-07	5.362066e-07	2.2156e-07	7.507391e-09	4.19663e-09	3.962478e-09	3.828076e-09	3.512412e-09	2.831841e-10	3.026624e-11	1.543343e-11	6.906807e-12	2.919339e-12	1.964001e-12
78	0.1900408	0.07071746	0.06120294	0.0377857	0.008020795	0.006237415	0.003381639	0.0007993264	0.0005245786	0.0003244222	3.011399e-05	2.085703e-05	1.383226e-05	9.967009e-06	7.803078e-06	5.044663e-06	9.184643e-07	6.32996e-07	4.957221e-07	2.045376e-07	7.260577e-09	4.165705e-09	3.936134e-09	3.803414e-09	3.501357e-09	2.782529e-10	2.662792e-11	1.181985e-11	6.103624e-12	2.883128e-12
79	0.277686	0.1595741	0.05635125	0.04872539	0.03063041	0.006098358	0.004903049	0.002699368	0.0003592446	0.0002364614	0.0001766636	5.795539e-06	3.331987e-06	2.434266e-06	1.714474e-06	1.327561e-06	7.043344e-07	2.728397e-07	1.861948e-07	1.105738e-07	4.309339e-08	6.729555e-09	4.000844e-09	3.780924e-09	3.650572e-09	3.466712e-09	2.719087e-10	2.438704e-11	9.656172e-12	4.530752e-12
80	0.8951802	0.2757584	0.1593681	0.05620048	0.04857976	0.03053251	0.006052447	0.004866382	0.002680735	0.0003469651	0.0002283709	0.0001726446	5.232833e-06	2.966535e-06	2.165205e-06	1.534702e-06	1.19773e-06	6.115044e-07	2.437039e-07	1.689821e-07	1.036807e-07	4.017564e-08	6.696572e-09	3.995451e-09	3.776097e-09	3.648161e-09	3.466574e-09	2.718292e-10	2.432949e-11	9.598465e-12
81	0.5573316	0.5553805	0.2353245	0.1352694	0.0324278	0.02618271	0.02380295	0.005189954	0.004715673	0.002631653	0.0003378894	0.0002224616	0.0001681495	5.155577e-06	2.920822e-06	2.132342e-06	1.507269e-06	1.173166e-06	5.844551e-07	2.195687e-07	1.464599e-07	8.354211e-08	3.79964e-08	6.324816e-09	3.796214e-09	3.620022e-09	3.496361e-09	3.451848e-09	2.583194e-10	2.400459e-11
82	0.03112944	0.03017403	0.03014705	0.0109475	0.00806885	0.00724957	0.005409334	0.005324035	0.0003143902	0.0002110753	0.0001614017	1.418865e-05	8.224031e-06	5.573079e-06	1.997021e-07	1.127877e-07	7.782361e-08	5.738513e-08	4.651525e-08	3.524885e-08	2.595126e-08	2.283717e-08	1.683664e-08	6.124761e-09	7.723664e-10	3.999376e-10	2.511633e-10	2.297905e-10	2.225072e-10	2.467991e-11
83	0.3481059	0.01920097	0.0186497	0.0186392	0.005557898	0.003960733	0.003356217	0.003042457	0.002969869	0.0001694655	0.0001185559	9.341659e-05	7.75823e-06	4.420314e-06	3.011018e-06	1.089772e-07	5.712525e-08	3.945838e-08	3.110673e-08	2.682642e-08	2.224609e-08	1.894968e-08	1.692195e-08	1.1837e-08	3.685019e-09	5.480961e-10	2.561548e-10	1.500489e-10	1.353379e-10	1.297725e-10
84	0.550922	0.3422751	0.01506178	0.0146323	0.01463118	0.003057073	0.002716609	0.002668494	0.002457667	0.00239752	6.139664e-05	2.05305e-05	1.604942e-05	1.390894e-06	8.559546e-07	6.284513e-07	1.610482e-08	1.315255e-08	1.150675e-08	1.129172e-08	1.13404e-08	1.133142e-08	1.128067e-08	1.081778e-08	6.85973e-09	1.175748e-09	1.936729e-10	7.810489e-11	3.135547e-11	2.487527e-11
85	0.3940439	0.3930791	0.3398414	0.01254618	0.01225239	0.01225193	0.001728501	0.00157104	0.001563236	0.001559911	0.001516386	3.440847e-05	1.610631e-06	8.822983e-07	1.413108e-07	9.700109e-08	7.696971e-08	3.310762e-09	2.337705e-09	1.655447e-09	1.618017e-09	1.626142e-09	1.629199e-09	1.622733e-09	1.494892e-09	1.356848e-09	5.778905e-10	8.634003e-11	7.246539e-12	2.622686e-12
86	0.4038214	0.3782332	0.3772952	0.3346198	0.003900636	0.003663049	0.003662674	0.001240623	0.001113774	0.001109291	0.001106417	0.001057173	2.33374e-05	5.138032e-07	1.216291e-07	3.284427e-08	2.670888e-08	2.466991e-08	2.095313e-10	9.428975e-11	7.116253e-11	6.329117e-11	6.083512e-11	5.775462e-11	5.322621e-11	4.290575e-11	3.215365e-11	9.103075e-12	1.476726e-12	3.96794e-13
87	0.5048164	0.06118954	0.03699495	0.03605567	0.003940867	0.002169744	0.001990651	0.001990554	0.0006945894	0.0006521707	0.0006495798	0.000646931	0.0005913231	1.513316e-05	2.827439e-07	6.211149e-08	1.881439e-08	1.635983e-08	1.547874e-08	8.797937e-11	3.921583e-11	3.166288e-11	2.843177e-11	2.783824e-11	2.710092e-11	2.660501e-11	2.230533e-11	1.886433e-11	3.114194e-12	5.258854e-13
88	0.04547338	0.0429384	0.0423457	0.02207807	0.02206965	0.0008289874	0.00024388	0.0002404583	0.000240444	7.24286e-05	6.267859e-05	6.199028e-05	6.148474e-05	3.879308e-05	6.982764e-06	1.828388e-07	2.103029e-08	1.283101e-08	1.241483e-08	1.237823e-08	4.857507e-11	1.203616e-11	8.65297e-12	8.086232e-12	7.979611e-12	7.898487e-12	7.744901e-12	7.152965e-12	6.179402e-12	1.639778e-12
89	0.4352252	0.0447759	0.04243925	0.0420847	0.02167225	0.02166409	0.0006581068	0.0001248532	0.0001236891	0.0001236796	5.248625e-05	4.501485e-05	4.446179e-05	4.396187e-05	2.070346e-05	6.231499e-06	1.548458e-07	1.577726e-08	1.0765e-08	1.057978e-08	1.064671e-08	3.61028e-11	6.660792e-12	4.87422e-12	4.363554e-12	4.228619e-12	4.127908e-12	3.950208e-12	3.547291e-12	2.862904e-12
90	0.1339892	0.1246068	0.02147104	0.02125863	0.02092175	0.0006532503	0.0006461361	0.0005728408	5.540582e-05	5.453601e-05	5.452878e-05	4.573267e-05	4.004464e-05	3.960106e-05	3.909919e-05	1.541436e-05	2.5117e-06	1.236699e-07	1.214508e-08	8.633122e-09	8.493207e-09	8.561969e-09	2.660034e-11	3.296204e-12	2.131772e-12	1.811185e-12	1.758826e-12	1.712223e-12	1.648947e-12	1.312488e-12
91	0.5973883	0.07611624	0.073383	0.0005807912	0.0004290316	0.0001125238	0.0001006751	9.377627e-05	5.316564e-05	4.890463e-05	4.824944e-05	4.824915e-05	4.278055e-05	3.907798e-05	3.876734e-05	3.826662e-05	1.420388e-05	2.488146e-06	8.693278e-08	8.232283e-09	6.203068e-09	6.129016e-09	6.19201e-09	1.842646e-11	2.351103e-12	1.60368e-12	1.381647e-12	1.38503e-12	1.39484e-12	1.404292e-12
92	0.5793846	0.5266907	0.04169828	0.04055103	0.000156347	6.679809e-05	5.773195e-05	5.195163e-05	5.157094e-05	1.745598e-05	1.414323e-05	1.39987e-05	1.399848e-05	9.119533e-06	6.225469e-06	6.003289e-06	5.981864e-06	3.574831e-06	2.50388e-06	6.833152e-08	6.641393e-09	4.794224e-09	4.798453e-09	4.859377e-09	1.432944e-11	1.601269e-12	9.388785e-13	8.492405e-13	8.469099e-13	8.502906e-13
93	0.9371201	0.5575335	0.5247863	0.03355397	0.03259265	0.0001220828	5.707013e-05	5.001092e-05	4.561796e-05	4.532348e-05	1.418792e-05	1.125537e-05	1.112689e-05	1.112669e-05	8.222078e-06	6.04065e-06	5.877118e-06	5.859626e-06	3.41262e-06	2.46499e-06	5.140615e-08	4.677884e-09	3.618793e-09	3.630515e-09	3.680315e-09	1.07778e-11	1.34828e-12	8.727857e-13	7.85449e-13	7.852409e-13
94	0.7478686	0.7441061	0.546424	0.5206569	0.02372943	0.02287177	8.394157e-05	3.694929e-05	3.20149e-05	3.049846e-05	3.029774e-05	9.830689e-06	7.243006e-06	7.130995e-06	7.130815e-06	4.999694e-06	3.558611e-06	3.450288e-06	3.434913e-06	9.08776e-07	4.94642e-08	3.45345e-08	3.285713e-09	2.434486e-09	2.432173e-09	2.463004e-09	7.510486e-12	1.189597e-12	7.706689e-13	6.819447e-13
95	0.7574508	0.7266105	0.72479	0.5384566	0.5163565	0.0118136	0.01098194	4.039192e-05	7.538063e-06	4.675846e-06	4.228434e-06	4.116391e-06	3.715579e-06	3.650449e-06	3.647603e-06	3.647569e-06	3.542399e-06	2.695153e-06	2.630382e-06	2.616615e-06	3.703558e-08	2.050752e-08	2.041678e-08	2.193693e-09	1.456001e-09	1.440865e-09	1.45564e-09	4.922685e-12	1.012723e-12	6.548189e-13
96	0.04508358	0.02796493	0.02502246	0.02380391	0.01765467	0.003337161	0.002866953	0.002143321	1.614582e-05	1.501632e-06	5.444751e-07	2.672809e-07	2.449324e-07	1.924687e-07	1.745091e-07	1.738813e-07	1.738514e-07	1.56816e-07	2.070446e-08	9.578934e-09	9.026267e-09	8.958504e-09	3.859254e-09	3.807134e-09	8.681725e-10	2.731382e-10	2.535203e-10	2.474256e-10	1.656737e-12	8.206873e-13
97	0.03384304	0.02988398	0.0125272	0.01017725	0.00923655	0.004235145	0.0005613035	0.0004409359	0.0003285322	6.712114e-06	5.855959e-07	9.464672e-08	1.289616e-08	1.108257e-08	8.268806e-09	6.086253e-09	6.048314e-09	6.04228e-09	4.182183e-09	1.187704e-09	5.831088e-10	4.582655e-10	3.635471e-10	3.116585e-10	2.493696e-10	1.813698e-10	2.591168e-11	1.67679e-11	1.246895e-11	7.771002e-13
98	0.1547905	0.00887327	0.00858449	0.008068009	0.007989302	0.007043221	0.002249138	0.0002059733	0.0001389586	9.11414e-05	1.533834e-06	2.862989e-07	5.327802e-08	4.761788e-09	4.036359e-09	2.83081e-09	1.470398e-09	1.457684e-09	1.454348e-09	1.266315e-09	2.998972e-10	2.145166e-10	1.56657e-10	1.50191e-10	1.15612e-10	1.163085e-10	9.423484e-11	7.744003e-12	4.710727e-12	3.433269e-12
99	0.5870387	0.01391198	0.002049913	0.001954509	0.001865879	0.001814898	0.0008542864	0.0008352524	9.010709e-05	6.463321e-05	3.441768e-05	7.094094e-07	2.461484e-07	2.564107e-08	2.386175e-09	2.073924e-09	1.227595e-09	6.196246e-10	6.127504e-10	6.113633e-10	5.071775e-10	1.563562e-10	1.238247e-10	7.217778e-11	6.915789e-11	4.272094e-11	4.262886e-11	3.454964e-11	2.98204e-12	1.806073e-12
100	0.008068324	0.006177846	0.002295616	0.0001593766	0.0001164167	0.0001149069	0.0001123133	9.741308e-05	8.726164e-05	1.142876e-05	7.52236e-06	5.584852e-06	8.105838e-08	9.398564e-09	6.46858e-09	2.520143e-10	2.22952e-10	1.227388e-10	5.66424e-11	5.582103e-11	5.565411e-11	4.893195e-11	1.509348e-11	9.021534e-12	7.995184e-12	6.832528e-12	4.729331e-12	4.651837e-12	3.802751e-12	5.296637e-13
101	0.2002884	0.002671026	0.001996318	0.001033409	7.106424e-05	6.82647e-05	6.752223e-05	6.513496e-05	5.009202e-05	4.93728e-05	3.753965e-06	2.25112e-06	1.62119e-06	3.150539e-08	5.024397e-09	4.003534e-09	1.528347e-10	1.363382e-10	7.176338e-11	3.209962e-11	3.153322e-11	3.142109e-11	2.848377e-11	9.739929e-12	5.104657e-12	4.266903e-12	4.026585e-12	2.52624e-12	2.534562e-12	2.101568e-12
102	0.05280737	0.01252805	0.0008607975	0.0006837515	0.0006481163	1.479635e-05	1.340443e-05	1.292746e-05	1.246201e-05	1.244246e-05	1.190297e-05	9.1931e-07	5.161443e-07	3.90417e-07	1.017498e-08	3.721827e-09	3.451433e-09	1.003004e-10	9.599805e-11	3.545281e-11	1.237798e-11	1.19365e-11	1.187611e-11	1.053405e-11	5.24326e-12	1.645505e-12	9.598398e-13	8.8035e-13	6.571037e-13	6.383387e-13
103	0.1224105	0.00746822	0.006825653	0.0005753314	0.000494315	0.0004710525	7.629717e-06	6.692734e-06	6.573451e-06	6.157019e-06	6.146502e-06	5.670411e-06	4.836774e-07	2.702299e-07	2.101973e-07	6.678959e-09	3.606724e-09	3.393254e-09	8.94645e-11	8.720149e-11	2.618538e-11	6.060811e-12	5.645566e-12	5.588593e-12	4.475429e-12	1.412445e-12	8.135704e-13	5.908632e-13	5.529825e-13	3.394622e-13
104	0.1349347	0.07523877	0.002905797	0.002599565	0.0001881772	0.0001604503	0.0001457927	3.128888e-06	2.489821e-06	2.382421e-06	1.974205e-06	1.969462e-06	1.598095e-06	1.892803e-07	9.782206e-08	8.209696e-08	4.413373e-09	3.551052e-09	3.383056e-09	8.631783e-11	8.510368e-11	2.35332e-11	4.501406e-12	4.091551e-12	4.037877e-12	3.033746e-12	8.82643e-13	4.190292e-13	3.597012e-13	3.434781e-13
105	0.6708993	0.09523892	0.06110463	0.001627779	0.001530579	5.490358e-05	4.514765e-05	3.67512e-05	1.725888e-06	1.415589e-06	1.410201e-06	1.011131e-06	1.007971e-06	6.5763e-07	1.154757e-07	5.085352e-08	4.489155e-08	5.345779e-10	1.827535e-10	1.634363e-10	7.999371e-11	7.965634e-11	1.711714e-11	2.559275e-12	2.45531e-12	2.450686e-12	1.542898e-12	3.734244e-13	2.759065e-13	2.68161e-13
106	0.4792425	0.3439667	0.08628736	0.05751411	0.001185438	0.001091948	2.379712e-05	2.130591e-05	1.378496e-05	1.106731e-06	8.352804e-07	8.317188e-07	4.271168e-07	4.247198e-07	9.304916e-08	7.883873e-08	2.972284e-08	2.942266e-08	1.88091e-10	1.341729e-10	1.217922e-10	8.063996e-11	8.046511e-11	1.683078e-11	2.308308e-12	2.207624e-12	2.204254e-12	1.319067e-12	3.248322e-13	2.439867e-13
107	0.3743238	0.2861262	0.2652889	0.04792672	0.0247949	0.001074455	0.001014375	1.716169e-05	1.502381e-05	1.168717e-05	1.093586e-06	8.316968e-07	8.30323e-07	4.20637e-07	4.189111e-07	8.144137e-08	7.678855e-08	2.701334e-08	2.679646e-08	9.167388e-11	4.75515e-11	4.440311e-11	8.850297e-12	8.741322e-12	3.515304e-12	1.494792e-12	1.460304e-12	1.459911e-12	9.249388e-13	2.826214e-13
108	0.4365388	0.1584377	0.1446706	0.1416275	0.02376431	0.01108448	0.0007968316	0.0007432811	1.150459e-05	9.553525e-06	7.919122e-06	5.248652e-07	5.036936e-07	5.029036e-07	8.797002e-08	8.649815e-08	6.698242e-08	6.397375e-08	1.321724e-08	1.301239e-08	6.950316e-11	3.108786e-11	2.892297e-11	1.278964e-12	1.19852e-12	6.877357e-13	5.686476e-13	5.62615e-13	5.623586e-13	4.858989e-13
109	0.1028792	0.05230118	0.0473754	0.03830904	0.03594167	0.02147243	0.009262892	0.0007471811	0.0006964913	8.888711e-06	7.101303e-06	5.657973e-06	5.146225e-08	3.444482e-08	3.43162e-08	3.326204e-08	3.213098e-08	1.253437e-08	1.109329e-08	1.091e-08	1.07544e-08	5.875881e-11	3.035397e-11	2.882169e-11	6.3066e-13	5.799148e-13	3.499023e-13	2.640206e-13	2.628817e-13	2.626225e-13
110	0.1988335	0.05519263	0.03804976	0.03537358	0.02811631	0.02607377	0.02023072	0.008195619	0.0006738886	0.0006733899	7.76289e-06	6.026475e-06	4.613827e-06	4.57201e-08	3.1026e-08	3.092576e-08	3.044823e-08	3.007172e-08	1.016998e-08	9.641323e-09	9.475691e-09	9.414693e-09	5.616756e-11	3.034896e-11	2.922287e-11	4.373788e-13	4.024525e-13	1.835755e-13	9.786699e-14	9.678041e-14
111	0.2831276	0.07504571	0.02392219	0.02098918	0.01928709	0.01738193	0.0169984	0.0138432	0.005860872	0.0004434507	0.0004430969	4.909413e-06	3.797839e-06	2.787737e-06	2.944093e-08	2.039671e-08	2.033121e-08	2.004609e-08	1.979153e-08	6.134893e-09	5.833004e-09	5.700108e-09	5.647297e-09	4.575746e-11	3.056622e-11	2.966787e-11	3.332561e-13	3.069987e-13	1.113583e-13	5.531115e-14
112	0.4622268	0.2685504	0.07319508	0.02236908	0.01961898	0.01806022	0.0165943	0.01630675	0.01389736	0.005875406	0.0004495695	0.0004492679	4.843577e-06	3.726974e-06	2.746311e-06	2.949921e-08	2.04967e-08	2.04317e-08	2.020695e-08	1.99619e-08	6.023817e-09	5.806408e-09	5.677674e-09	5.634382e-09	4.635296e-11	3.117633e-11	3.032055e-11	3.22285e-13	2.969988e-13	9.818424e-14
113	0.6050325	0.2287513	0.1447375	0.02632338	0.004879363	0.003528073	0.002662417	0.002268896	0.002200349	0.0006785383	0.0004149557	2.250787e-05	2.237623e-05	4.149891e-07	3.859291e-07	1.573715e-07	1.769304e-09	1.252814e-09	1.248897e-09	1.156345e-09	1.14354e-09	5.056606e-10	4.466889e-10	3.853059e-10	3.575884e-10	3.182236e-11	3.134674e-11	3.073658e-11	2.204543e-13	2.074237e-13
114	0.5759321	0.531413	0.1829075	0.109878	0.01323772	0.001855201	0.001683236	0.001350732	0.00115061	0.0011307	0.000114499	8.419983e-05	1.78066e-06	1.678789e-06	1.727514e-07	1.698047e-07	6.481018e-08	6.338945e-10	4.374774e-10	4.359905e-10	3.675834e-10	3.627084e-10	2.926579e-10	2.649818e-10	2.640025e-10	2.63256e-10	3.144116e-11	3.124374e-11	3.118602e-11	1.65324e-13
115	0.6175363	0.5366685	0.5130769	0.1592782	0.08873082	0.009434523	0.001175388	0.001165411	0.000907774	0.000842923	0.0008273782	5.93404e-05	4.193178e-05	7.592271e-07	6.778465e-07	1.320829e-07	1.307696e-07	3.802949e-08	2.467525e-10	1.327299e-10	1.320483e-10	8.045112e-11	7.630589e-11	3.11738e-11	2.066868e-11	2.01957e-11	1.962336e-11	3.591807e-13	2.171267e-13	1.904263e-13
116	0.514768	0.489746	0.4395697	0.4374834	0.07537604	0.06905753	0.007217349	0.0007829045	0.0007786924	0.0005872187	0.0005528487	0.0005476838	3.152496e-05	2.119112e-05	1.893701e-07	1.411483e-07	3.721132e-08	3.700923e-08	1.961004e-08	1.374397e-10	7.189663e-11	7.154797e-11	3.788738e-11	3.705597e-11	2.921321e-12	2.231606e-12	2.072159e-12	1.668681e-12	1.729017e-13	1.48695e-13
117	0.5077861	0.4429922	0.4369978	0.4259368	0.4240339	0.05309366	0.04744102	0.005191587	0.0005453673	0.0005424173	0.0004065115	0.0003827775	0.000379219	1.810341e-05	1.321925e-05	8.93172e-08	5.858984e-08	2.463196e-08	2.457523e-08	1.343055e-08	9.372192e-11	4.811117e-11	4.788277e-11	2.431672e-11	2.38679e-11	1.052481e-12	6.483384e-13	5.462215e-13	4.629927e-13	1.16388e-13
118	0.1311492	0.1017455	0.04682938	0.04674514	0.03551174	0.03366616	0.03192209	0.02691101	0.00284426	0.0003072564	0.0003057588	0.0002282936	0.0002147528	0.0002126078	9.918014e-06	7.221557e-06	4.767669e-08	3.067695e-08	1.37972e-08	1.376638e-08	7.616566e-09	5.246769e-11	2.696057e-11	2.683031e-11	1.358688e-11	1.332942e-11	4.483897e-13	2.407404e-13	1.908545e-13	1.770158e-13
119	0.4021973	0.0918535	0.06915502	0.01728705	0.01725129	0.007869116	0.007795377	0.006128844	0.005914757	0.0006529302	6.856936e-05	6.822623e-05	5.113167e-05	4.831659e-05	4.790817e-05	2.156045e-06	1.570297e-06	1.21841e-08	8.50986e-09	3.002336e-09	2.995151e-09	1.660525e-09	1.198614e-11	6.010234e-12	5.975538e-12	2.967848e-12	2.906209e-12	9.486804e-14	4.605373e-14	3.764471e-14
120	0.4916373	0.360173	0.09180408	0.06853151	0.01557587	0.01554024	0.005903973	0.005836059	0.004136319	0.003989518	0.0004552358	4.722407e-05	4.696343e-05	3.534551e-05	3.344445e-05	3.316278e-05	1.455408e-06	1.058994e-06	9.060159e-09	6.586283e-09	2.024808e-09	2.019536e-09	1.119932e-09	8.355002e-12	4.129184e-12	4.102644e-12	2.009439e-12	1.964223e-12	6.704247e-14	3.218861e-14
121	0.1555761	0.1519228	0.04792686	0.0369356	0.01327913	0.01210553	0.01207003	0.002165917	0.00210408	0.002083696	0.00200612	0.0002485313	2.545335e-05	2.528031e-05	1.935897e-05	1.839923e-05	1.824695e-05	7.298911e-07	5.270633e-07	3.282857e-09	2.049065e-09	1.008976e-09	1.005664e-09	5.569979e-10	3.93252e-12	2.192405e-12	2.174218e-12	1.005026e-12	9.766462e-13	3.718051e-14
122	0.1765701	0.07423477	0.07170725	0.03283208	0.02458992	0.0002865462	0.0001475379	0.000145957	0.0001363065	0.0001244528	0.0001146457	0.0001113848	4.933389e-05	1.211823e-06	1.124628e-06	6.401629e-07	5.810112e-07	5.720169e-07	5.500199e-08	2.954073e-08	1.828168e-10	1.100754e-10	4.294165e-11	4.270902e-11	2.029669e-11	1.713058e-13	9.813039e-14	9.033054e-14	5.605242e-14	4.32538e-14
123	0.5395385	0.1791089	0.07391616	0.07134202	0.03242639	0.02512157	0.0001962435	6.548206e-05	6.435923e-05	5.470381e-05	5.418531e-05	4.44879e-05	4.371904e-05	4.346298e-05	4.979231e-07	4.113346e-07	1.167173e-07	8.946051e-08	8.469802e-08	2.291567e-08	1.17379e-08	7.106616e-11	4.049161e-11	7.994119e-12	7.824578e-12	7.604318e-13	4.047024e-14	2.768672e-14	2.615004e-14	2.155516e-14
124	0.7224183	0.4068826	0.1226461	0.04607441	0.04403426	0.02808356	0.0257981	0.0001098074	1.337871e-05	1.224348e-05	2.337041e-06	1.84524e-06	1.829087e-06	1.049142e-06	9.598759e-07	4.675832e-07	3.783357e-07	7.499373e-08	4.715199e-08	4.245468e-08	1.69501e-08	6.089927e-09	6.089794e-11	3.429157e-11	6.23129e-12	6.066392e-12	6.701281e-13	3.422432e-14	2.520611e-14	2.363502e-14
125	0.6051708	0.4914202	0.3897545	0.09961248	0.02093994	0.01883629	0.002451193	0.0001522926	0.0001113795	1.234587e-05	1.121878e-05	1.109985e-06	1.079904e-06	1.068871e-06	9.734153e-07	9.102983e-07	4.08751e-07	3.472285e-07	3.566297e-08	9.850269e-09	5.325551e-09	7.186514e-10	4.580545e-10	2.013699e-11	1.97287e-11	7.061164e-13	5.716991e-13	4.710466e-13	1.894565e-14	1.110266e-14
126	0.769747	0.5691297	0.4623995	0.3597906	0.08592421	0.00478937	0.002624518	0.002419172	6.309589e-05	2.105004e-05	1.223383e-05	1.106985e-05	6.343572e-07	6.038233e-07	5.94047e-07	4.986666e-07	4.452365e-07	4.210391e-07	3.574761e-07	3.57246e-08	9.100397e-09	4.43332e-09	7.142693e-10	4.592506e-10	2.009672e-11	1.970582e-11	7.025067e-13	5.653179e-13	4.689996e-13	1.267134e-14
127	0.7464602	0.6534734	0.5180109	0.4076854	0.3070584	0.08830764	0.004550557	0.002598036	0.002475149	6.38791e-05	2.053987e-05	1.210964e-05	1.10285e-05	2.898879e-07	2.605544e-07	2.528209e-07	1.672618e-07	1.268192e-07	1.035783e-07	3.831301e-08	3.561605e-08	8.393493e-09	3.587395e-09	5.667139e-10	3.660286e-10	1.658654e-11	1.629806e-11	5.738378e-13	4.421766e-13	3.776929e-13
128	0.5510905	0.5240992	0.5003476	0.4051742	0.3248993	0.2644606	0.03884611	0.004698812	0.002677017	0.002553948	6.095566e-05	2.051532e-05	1.182214e-05	1.117109e-05	1.537215e-07	1.315552e-07	1.261954e-07	8.160616e-08	5.607762e-08	3.392293e-08	2.704383e-08	2.436848e-08	7.634132e-09	2.777224e-09	3.94439e-10	2.566089e-10	1.24604e-11	1.229136e-11	4.253529e-13	2.998927e-13
129	0.6352016	0.483173	0.4625155	0.4382268	0.3615716	0.2791303	0.2718933	0.03876137	0.003374021	0.002769348	0.002646632	6.288681e-05	2.099515e-05	1.202154e-05	1.153569e-05	1.217604e-07	9.984153e-08	9.557381e-08	5.950708e-08	4.157135e-08	1.966331e-08	1.254226e-08	1.159466e-08	7.178665e-09	2.205862e-09	3.196437e-10	1.887621e-10	9.262627e-12	9.106705e-12	3.452338e-13
130	0.5813283	0.4973064	0.4339528	0.4264679	0.4144322	0.3647675	0.2859136	0.2807245	0.03876392	0.002320547	0.001692632	0.001570473	6.403049e-05	2.114471e-05	1.187547e-05	1.182789e-05	9.486575e-08	7.709937e-08	7.387807e-08	4.97479e-08	3.640771e-08	1.42465e-08	6.908362e-09	5.996828e-09	1.674823e-09	1.556774e-09	2.340303e-10	1.114651e-10	6.942914e-12	6.798245e-12
131	0.3380046	0.3217443	0.3067077	0.296473	0.2929012	0.2859137	0.2582295	0.2575723	0.2529564	0.001366013	0.001204943	0.0005519364	0.0004268345	4.537194e-05	2.191092e-05	1.228934e-05	1.226092e-05	6.818169e-08	5.075743e-08	4.863035e-08	3.740923e-08	2.888432e-08	6.433229e-09	6.232581e-09	5.357984e-09	9.86542e-10	8.772747e-10	1.444418e-10	3.036424e-11	4.511578e-12
132	0.5804565	0.3188188	0.3071122	0.2917735	0.2826892	0.2794513	0.2790641	0.2671488	0.2670363	0.2627186	0.0007138014	0.0005492623	0.0005492125	0.0004231057	2.584878e-05	2.275041e-05	1.277378e-05	1.276097e-05	6.032604e-08	4.252623e-08	4.045072e-08	3.637947e-08	2.822137e-08	5.074027e-09	5.048423e-09	4.918359e-09	4.676461e-10	3.661183e-10	5.262393e-11	2.586532e-11
133	0.142784	0.1100939	0.01971237	0.01812634	0.0167647	0.01174286	0.01017267	0.009797556	0.005134738	0.005055763	0.0007689373	0.0006263234	0.0004570294	0.0004570021	0.0004312312	1.685568e-05	1.362656e-05	1.329704e-05	1.328409e-05	3.128356e-08	1.317485e-08	1.198787e-08	1.028705e-08	5.589146e-09	5.019881e-09	4.995117e-09	4.978242e-09	3.54322e-10	2.715577e-10	3.217877e-11
134	0.04642092	0.03562085	0.02616124	0.005228685	0.004948883	0.004854022	0.003495891	0.002944295	0.002664815	0.0007371352	0.0007086234	0.0004589114	0.0004473167	0.0004374703	0.0004374557	0.0004364244	3.455859e-06	8.799652e-08	2.469202e-08	2.43648e-08	1.87602e-08	7.733016e-10	5.872779e-10	4.965862e-10	4.053279e-10	3.500429e-10	3.40658e-10	3.398035e-10	3.003344e-10	2.545962e-10
135	0.648535	0.04190266	0.03299915	0.02459489	0.004254109	0.004042475	0.003959507	0.003014919	0.002558154	0.00236653	0.0006787907	0.0006755917	0.0004651065	0.0004589275	0.0004579072	0.000457892	0.0004571667	3.597521e-06	7.021946e-08	6.67348e-09	6.501408e-09	6.86205e-10	5.978477e-10	4.407387e-10	4.108661e-10	3.559954e-10	3.056805e-10	2.975205e-10	2.967895e-10	2.845829e-10
136	0.8855065	0.6698995	0.04280055	0.03349589	0.02498994	0.004066307	0.003853909	0.00377935	0.002970952	0.002603513	0.002402556	0.0007017075	0.0006984354	0.0004873207	0.0004818042	0.0004807377	0.0004807218	0.0004800242	3.776783e-06	7.31234e-08	6.895248e-09	6.71548e-09	6.096147e-10	5.268233e-10	4.481128e-10	4.200086e-10	3.712997e-10	3.201136e-10	3.115478e-10	3.108223e-10
137	0.2255012	0.2235891	0.1394535	0.01830342	0.017735	0.009477803	0.002082133	0.001932627	0.001905437	0.001304484	0.001000363	0.0007962124	3.344578e-05	3.302985e-05	7.552683e-06	5.648926e-06	4.75091e-06	4.734288e-06	4.076544e-06	3.926453e-06	6.89456e-08	4.534858e-10	3.001317e-10	2.930053e-10	2.311361e-10	1.564616e-10	1.381567e-10	9.784433e-11	4.633821e-11	4.384102e-11
138	0.2989202	0.1662336	0.1653738	0.08806225	0.01398464	0.01367396	0.008353219	0.001507553	0.001381926	0.001358098	0.0008158774	0.0005443827	0.0005424035	1.869466e-05	1.847984e-05	3.037372e-06	1.789239e-06	8.738544e-07	8.564026e-07	2.308065e-07	7.490631e-08	7.194749e-08	3.4595e-10	1.857894e-10	1.788153e-10	1.358628e-10	8.764692e-11	8.291214e-11	6.292042e-11	3.273822e-11
139	0.1171105	0.0896955	0.07732969	0.07696019	0.05751142	0.009406975	0.009195325	0.005628387	0.0009975451	0.0009136983	0.0008976184	0.0005348572	0.0003581249	0.0003568688	1.362687e-05	1.341238e-05	1.959066e-06	1.215961e-06	2.506766e-07	2.323182e-07	1.685748e-07	4.181998e-09	1.05588e-09	2.617866e-10	9.304969e-11	8.5856e-11	7.603395e-11	4.470001e-11	4.166055e-11	3.236625e-11
140	0.03657259	0.035725	0.02817544	0.02801922	0.02801348	0.02016802	0.003399256	0.003326866	0.002017586	0.0003657323	0.0003360508	0.0003303857	0.0001971811	0.0001332839	0.0001325624	5.015331e-06	4.80516e-06	1.443828e-06	1.24317e-06	2.210306e-07	2.015685e-07	1.772309e-07	3.675848e-09	3.885824e-10	7.0315e-11	3.349576e-11	2.967209e-11	2.56939e-11	1.346151e-11	1.179682e-11
141	0.1227762	0.02413583	0.02361892	0.01890229	0.01882169	0.01881829	0.01266582	0.002035198	0.001989212	0.001192197	0.0002253112	0.000207644	0.0002042816	0.0001206496	8.262494e-05	8.220366e-05	3.762053e-06	3.556684e-06	1.433453e-06	1.299273e-06	2.096951e-07	1.889419e-07	1.732379e-07	3.785292e-09	2.86991e-10	6.141698e-11	2.389982e-11	2.101292e-11	1.814255e-11	1.021246e-11
142	0.04829888	0.04419072	0.01113817	0.01089616	0.009183809	0.00914607	0.009142926	0.004737458	0.0005919226	0.0005740527	0.0003196136	7.712078e-05	7.216885e-05	7.124299e-05	4.000062e-05	2.939597e-05	2.920135e-05	2.429174e-06	2.340425e-06	1.43413e-06	1.367772e-06	2.139655e-07	1.917363e-07	1.85153e-07	3.683944e-09	1.827231e-10	5.47223e-11	1.513173e-11	1.209718e-11	1.03877e-11
143	0.8190966	0.0436053	0.03985573	0.01037225	0.01013948	0.008641724	0.00860522	0.008604107	0.004106035	0.0004585834	0.0004427094	0.0002362629	6.45294e-05	6.077176e-05	6.007629e-05	3.300784e-05	2.498334e-05	2.478674e-05	2.410943e-06	2.355437e-06	1.533809e-06	1.47112e-06	2.289731e-07	2.053031e-07	1.993688e-07	3.951038e-09	1.818188e-10	5.679476e-11	1.511497e-11	1.185721e-11
144	0.7754522	0.636591	0.04104069	0.03817306	0.01014771	0.009936046	0.008542294	0.008505568	0.008504396	0.003797127	0.0003798754	0.0003649527	0.0001854183	5.772437e-05	5.468189e-05	5.412534e-05	2.908984e-05	2.261338e-05	2.249067e-05	2.466082e-06	2.438858e-06	1.649629e-06	1.587431e-06	2.470524e-07	2.214103e-07	2.157372e-07	4.224978e-09	1.463395e-10	1.928206e-11	1.497983e-11
145	0.9818584	0.7510608	0.630683	0.03970106	0.03694264	0.01006191	0.009865069	0.008556262	0.008518901	0.008517685	0.003532084	0.0003049409	0.0002907938	0.0001362381	5.156317e-05	4.920692e-05	4.878413e-05	2.548837e-05	2.049907e-05	2.038728e-05	2.490225e-06	2.482657e-06	1.716266e-06	1.653782e-06	2.685526e-07	2.405798e-07	2.350996e-07	4.592798e-09	1.482196e-10	1.746982e-11
146	0.9886706	0.9699783	0.728042	0.6223398	0.0351143	0.03236442	0.009604432	0.009462333	0.008220813	0.008182684	0.008181991	0.002869594	0.0002772518	0.0002657183	0.0001307748	4.949849e-05	4.738572e-05	4.698072e-05	2.251584e-05	1.748169e-05	1.737626e-05	1.125997e-06	1.118546e-06	3.590806e-07	2.953039e-07	2.940793e-07	2.633097e-07	2.585567e-07	5.032653e-09	1.472518e-10
147	0.9993558	0.9877289	0.9676787	0.7110594	0.6248861	0.03009607	0.02731823	0.009195076	0.009068252	0.007913753	0.007874211	0.007873809	0.002078487	0.0002451081	0.0002365454	0.0001276455	4.895573e-05	4.712643e-05	4.673799e-05	2.043461e-05	1.52796e-05	1.51721e-05	1.111239e-06	1.103261e-06	3.566065e-07	2.914894e-07	2.911253e-07	2.911197e-07	2.872222e-07	5.572829e-09
148	0.9988865	0.998661	0.9868727	0.965571	0.6986747	0.6693047	0.03201056	0.029142	0.009572013	0.009452595	0.008539788	0.00849864	0.008498351	0.002175815	0.0001625216	0.000154261	0.000118279	4.377002e-05	4.228166e-05	4.192474e-05	1.342851e-05	8.036605e-06	7.932317e-06	7.069383e-07	7.014878e-07	7.192984e-08	1.066631e-08	1.036622e-08	1.03607e-08	6.262906e-09
149	0.9970381	0.9964993	0.9963082	0.9840978	0.9616002	0.6834228	0.6755067	0.0277077	0.02505737	0.007014276	0.006922409	0.00613892	0.006104241	0.006103958	0.001791968	5.148946e-05	4.438636e-05	3.790783e-05	2.524479e-05	2.472027e-05	2.457963e-05	7.38865e-06	4.727868e-06	4.690167e-06	5.59465e-07	5.547691e-07	5.51324e-08	4.049298e-09	3.810938e-09	3.805258e-09
150	0.9926984	0.9921411	0.9915713	0.9913688	0.9790303	0.957254	0.6666393	0.6603947	0.01804259	0.01563295	0.002113516	0.002039315	0.001323232	0.001302492	0.00130221	0.001052596	2.186323e-05	1.764078e-05	1.410592e-05	7.18515e-06	6.885309e-06	6.811928e-06	4.695264e-06	3.236178e-06	3.217756e-06	3.525354e-07	3.495842e-07	3.458976e-08	2.180911e-09	2.029219e-09
151	0.9987282	0.9920117	0.9913825	0.9907552	0.9905309	0.977431	0.9543138	0.6460285	0.6411536	0.01049162	0.008140479	0.0009402569	0.0008920153	0.0002011573	0.0001811127	0.0001808237	1.969949e-05	4.41331e-06	4.300279e-06	3.865019e-06	2.083223e-06	2.048607e-06	2.002818e-06	1.432562e-06	1.405469e-06	1.396657e-06	5.260486e-08	5.225887e-08	5.111886e-09	2.015728e-10
152	0.9987708	0.9984652	0.9909816	0.9902596	0.9895698	0.989315	0.9758421	0.9522045	0.6373136	0.6323195	0.01057536	0.008276734	0.0009421883	0.0008944122	0.0002199515	0.0001994817	0.000199179	1.710293e-05	4.798893e-06	4.709097e-06	4.263962e-06	2.29542e-06	2.261635e-06	2.216014e-06	1.574569e-06	1.550109e-06	1.54829e-06	4.956469e-08	4.951455e-08	5.230419e-09
153	0.9997891	0.9985876	0.9982577	0.9894993	0.9886234	0.9878306	0.987684	0.9735808	0.949116	0.6234318	0.6182562	0.01080409	0.008546935	0.000965543	0.0009174441	0.0002578121	0.0002366378	0.0002363111	1.864598e-05	5.665234e-06	5.571751e-06	5.077712e-06	2.7368e-06	2.700332e-06	2.654766e-06	1.886074e-06	1.862263e-06	1.86016e-06	5.949098e-08	5.944458e-08
154	0.992127	0.9919109	0.9907213	0.9903377	0.9868428	0.9856753	0.9847018	0.9845258	0.9699006	0.9452022	0.6170023	0.6116984	0.01091116	0.00866968	0.001029547	0.0009813436	0.0003276996	0.0003061456	0.0003057656	2.118162e-05	7.320164e-06	7.219757e-06	6.626857e-06	3.583016e-06	3.54119e-06	3.494357e-06	2.487007e-06	2.456936e-06	2.455094e-06	7.832549e-08
155	0.9822421	0.9804987	0.9803014	0.9790798	0.9787413	0.9752418	0.9749646	0.9745564	0.9743347	0.9612594	0.9382505	0.6309429	0.6256772	0.01071715	0.008419932	0.001250434	0.001200388	0.0005283222	0.0005072261	0.0005067059	2.776897e-05	1.217296e-05	1.204621e-05	1.115096e-05	6.050695e-06	5.992886e-06	5.94015e-06	4.239625e-06	4.190776e-06	4.187753e-06
