#unpaired probabilities
 #i$	l=1	2	3	4	5	6	7	8	9	10	11	12	13	14	15	16	17	18	19	20	21	22	23	24	25	26	27	28	29	30	
1	0.9709286	NA	NA	NA	NA	NA	NA	NA	NA	NA	NA	NA	NA	NA	NA	NA	NA	NA	NA	NA	NA	NA	NA	NA	NA	NA	NA	NA	NA	NA
2	0.6699845	0.6744607	NA	NA	NA	NA	NA	NA	NA	NA	NA	NA	NA	NA	NA	NA	NA	NA	NA	NA	NA	NA	NA	NA	NA	NA	NA	NA	NA	NA
3	0.782119	0.6674148	0.6715345	NA	NA	NA	NA	NA	NA	NA	NA	NA	NA	NA	NA	NA	NA	NA	NA	NA	NA	NA	NA	NA	NA	NA	NA	NA	NA	NA
4	0.93243	0.7229356	0.6186909	0.6269807	NA	NA	NA	NA	NA	NA	NA	NA	NA	NA	NA	NA	NA	NA	NA	NA	NA	NA	NA	NA	NA	NA	NA	NA	NA	NA
5	0.8953063	0.8497208	0.7192798	0.6156984	0.6242466	NA	NA	NA	NA	NA	NA	NA	NA	NA	NA	NA	NA	NA	NA	NA	NA	NA	NA	NA	NA	NA	NA	NA	NA	NA
6	0.9480972	0.8633042	0.8200532	0.6991326	0.5974101	0.6018856	NA	NA	NA	NA	NA	NA	NA	NA	NA	NA	NA	NA	NA	NA	NA	NA	NA	NA	NA	NA	NA	NA	NA	NA
7	0.9637026	0.9367036	0.8541715	0.8114631	0.6917856	0.5913277	0.5962627	NA	NA	NA	NA	NA	NA	NA	NA	NA	NA	NA	NA	NA	NA	NA	NA	NA	NA	NA	NA	NA	NA	NA
8	0.1385633	0.1369973	0.1186769	0.1036616	0.09916649	0.08285478	0.07148019	0.07289035	NA	NA	NA	NA	NA	NA	NA	NA	NA	NA	NA	NA	NA	NA	NA	NA	NA	NA	NA	NA	NA	NA
9	0.03890786	0.03041286	0.03273571	0.01581982	0.01633091	0.01694044	0.009115523	0.008119532	0.008864844	NA	NA	NA	NA	NA	NA	NA	NA	NA	NA	NA	NA	NA	NA	NA	NA	NA	NA	NA	NA	NA
10	0.02491438	0.008937651	0.007861501	0.008499433	0.006932716	0.007857941	0.008897914	0.001618885	0.001507433	0.001800183	NA	NA	NA	NA	NA	NA	NA	NA	NA	NA	NA	NA	NA	NA	NA	NA	NA	NA	NA	NA
11	0.104876	0.01945379	0.005243495	0.003972891	0.004092712	0.001915911	0.001888062	0.001499379	0.001447267	0.001361985	0.001658091	NA	NA	NA	NA	NA	NA	NA	NA	NA	NA	NA	NA	NA	NA	NA	NA	NA	NA	NA
12	0.8747939	0.1042344	0.01934899	0.005202279	0.003935422	0.004051187	0.001895605	0.001865794	0.001490907	0.001438724	0.00135658	0.001652257	NA	NA	NA	NA	NA	NA	NA	NA	NA	NA	NA	NA	NA	NA	NA	NA	NA	NA
13	0.9893585	0.8707211	0.1041377	0.01930804	0.00516822	0.003900972	0.004013674	0.001852202	0.00186418	0.001489908	0.001437773	0.00135579	0.001651473	NA	NA	NA	NA	NA	NA	NA	NA	NA	NA	NA	NA	NA	NA	NA	NA	NA
14	0.9950245	0.9848513	0.8691571	0.1033084	0.01916303	0.005139965	0.003884891	0.003997444	0.001835747	0.001847433	0.001478041	0.001426352	0.00134725	0.00164308	NA	NA	NA	NA	NA	NA	NA	NA	NA	NA	NA	NA	NA	NA	NA	NA
15	0.9950308	0.9925002	0.9827192	0.8674608	0.1021482	0.01888984	0.00495235	0.00370801	0.003982849	0.001820887	0.001832652	0.001468752	0.001417776	0.001340087	0.001636381	NA	NA	NA	NA	NA	NA	NA	NA	NA	NA	NA	NA	NA	NA	NA
16	0.9300336	0.9278428	0.9245578	0.9169104	0.8605461	0.09816644	0.01794857	0.004819127	0.003632644	0.003906903	0.001762707	0.001776641	0.001415846	0.001371217	0.00130157	0.001601035	NA	NA	NA	NA	NA	NA	NA	NA	NA	NA	NA	NA	NA	NA
17	0.9857226	0.9268478	0.9244873	0.9210184	0.9167678	0.860443	0.09810883	0.01793818	0.004817276	0.00363171	0.003905991	0.001761825	0.001775795	0.001415052	0.001370481	0.00130096	0.001600472	NA	NA	NA	NA	NA	NA	NA	NA	NA	NA	NA	NA	NA
18	0.4841296	0.4428144	0.4037789	0.3671733	0.3245595	0.2751443	0.1661262	0.09629088	0.01777938	0.0047883	0.003616569	0.003891072	0.001747177	0.00176144	0.001402721	0.001358941	0.001291482	0.001591223	NA	NA	NA	NA	NA	NA	NA	NA	NA	NA	NA	NA
19	0.5083529	0.4801036	0.4385802	0.3993981	0.3625322	0.31961	0.2698469	0.1604173	0.09031624	0.01761659	0.004612309	0.003419156	0.003665536	0.001484144	0.001445908	0.00139972	0.001355104	0.001286427	0.001581439	NA	NA	NA	NA	NA	NA	NA	NA	NA	NA	NA
20	0.5126836	0.4659884	0.4387391	0.395277	0.3542093	0.3149588	0.2701207	0.2177161	0.1578262	0.0881562	0.01590077	0.002849009	0.001448997	0.001415752	0.001374346	0.001316615	0.001241168	0.001156438	0.0009945296	0.001004509	NA	NA	NA	NA	NA	NA	NA	NA	NA	NA
21	0.6096896	0.5028178	0.4557232	0.4279242	0.395079	0.3541296	0.3148785	0.2700396	0.2176398	0.1577512	0.0881429	0.01589513	0.002843803	0.001443315	0.001409384	0.001366937	0.001315189	0.001239447	0.001154179	0.0009912124	0.0009979682	NA	NA	NA	NA	NA	NA	NA	NA	NA
22	0.9383815	0.5998725	0.4973561	0.4513371	0.4235376	0.3905425	0.3532437	0.314048	0.269271	0.2170987	0.1573561	0.08793215	0.01584956	0.002819094	0.001418532	0.001381469	0.001334894	0.001277289	0.00119408	0.001094533	0.0009035289	0.0008243688	NA	NA	NA	NA	NA	NA	NA	NA
23	0.9703695	0.9115443	0.5982789	0.4969269	0.450939	0.4231272	0.3902775	0.3532169	0.3140225	0.2692471	0.2170809	0.1573421	0.08792545	0.01584757	0.002817611	0.00141702	0.001380041	0.001333242	0.001276219	0.001192833	0.001092894	0.0009011197	0.0008196173	NA	NA	NA	NA	NA	NA	NA
24	0.03522419	0.02177361	0.02144998	0.006905295	0.005103754	0.004592326	0.004266676	0.003928593	0.003555594	0.003176196	0.002747262	0.00224508	0.001551123	0.0008677165	0.0001577993	2.970755e-05	1.618776e-05	1.614678e-05	1.610766e-05	1.61474e-05	1.622332e-05	1.307646e-05	1.238559e-05	1.516675e-05	NA	NA	NA	NA	NA	NA
25	0.03259412	0.005836072	0.005775949	0.005475896	0.003615516	0.002977069	0.00276	0.002593529	0.002374317	0.002136339	0.001898874	0.001630327	0.001319335	0.000957135	0.0005348867	9.631008e-05	1.711519e-05	8.612579e-06	8.389418e-06	8.10725e-06	7.763598e-06	7.25632e-06	6.688115e-06	5.584192e-06	5.250793e-06	NA	NA	NA	NA	NA
26	0.9575361	0.03120562	0.005698433	0.005653772	0.005350034	0.003579614	0.002964823	0.002747564	0.002580519	0.002360588	0.002135357	0.001897877	0.001629311	0.001318367	0.0009561695	0.0005343214	9.628798e-05	1.710199e-05	8.599053e-06	8.374139e-06	8.089655e-06	7.742727e-06	7.235414e-06	6.660612e-06	5.545842e-06	5.174866e-06	NA	NA	NA	NA
27	0.04881165	0.0419779	0.003696927	0.0007162447	0.0007106503	0.0006728307	0.0004500639	0.0003725467	0.0003448716	0.0003237135	0.0002983087	0.0002699825	0.0002400845	0.0002062652	0.0001671039	0.000121201	6.772876e-05	1.220191e-05	2.163311e-06	1.084983e-06	1.055764e-06	1.018757e-06	9.734569e-07	9.071645e-07	8.355432e-07	6.968638e-07	6.530391e-07	NA	NA	NA
28	0.0003125552	0.0001161681	7.895398e-05	1.744094e-05	3.401784e-06	3.374935e-06	3.195747e-06	2.139165e-06	1.769158e-06	1.638027e-06	1.537609e-06	1.417797e-06	1.283042e-06	1.141206e-06	9.807711e-07	7.949778e-07	5.760117e-07	3.218745e-07	5.797132e-08	1.025892e-08	5.14907e-09	5.011585e-09	4.83747e-09	4.624623e-09	4.313075e-09	3.977871e-09	3.329551e-09	3.14875e-09	NA	NA
29	0.0001978719	1.709416e-06	7.608597e-07	3.308152e-07	9.217785e-08	1.857062e-08	1.845499e-08	1.74849e-08	1.195965e-08	9.271698e-09	8.575216e-09	8.047914e-09	7.425791e-09	6.722147e-09	5.983849e-09	5.148608e-09	4.17665e-09	3.027979e-09	1.689982e-09	3.041309e-10	5.359423e-11	2.709707e-11	2.643867e-11	2.560654e-11	2.460694e-11	2.301282e-11	2.14864e-11	1.854185e-11	1.89366e-11	NA
30	0.003025193	1.668364e-05	2.884214e-07	2.130871e-07	2.07222e-08	8.865925e-09	2.207707e-09	2.223052e-09	2.113433e-09	1.686706e-09	7.710812e-10	7.066325e-10	6.630023e-10	6.138019e-10	5.554091e-10	4.969237e-10	4.306206e-10	3.508912e-10	2.525425e-10	1.410899e-10	2.528273e-11	4.356832e-12	2.24695e-12	2.20887e-12	2.159809e-12	2.10846e-12	1.900017e-12	1.802084e-12	1.613375e-12	1.847886e-12
31	0.03252691	0.002705089	1.491778e-05	2.601422e-07	1.926186e-07	1.817463e-08	7.961188e-09	2.041039e-09	2.057925e-09	1.956699e-09	1.583562e-09	6.903912e-10	6.32443e-10	5.9339e-10	5.49386e-10	4.97902e-10	4.4567e-10	3.864429e-10	3.149644e-10	2.265797e-10	1.26571e-10	2.262856e-11	3.83711e-12	1.947056e-12	1.904485e-12	1.848826e-12	1.786863e-12	1.695938e-12	1.607448e-12	1.436953e-12
32	0.004461911	0.001988526	0.000156145	8.377013e-07	7.280682e-09	3.074283e-09	1.211505e-09	6.058078e-10	1.035748e-10	1.036261e-10	6.395331e-11	5.15238e-11	4.524211e-11	4.167658e-11	3.902225e-11	3.664572e-11	3.397745e-11	3.126573e-11	2.817803e-11	2.454318e-11	1.778601e-11	9.896779e-12	1.612964e-12	1.079697e-13	5.524355e-14	5.48625e-14	5.138304e-14	5.069444e-14	4.885831e-14	4.855908e-14
33	0.03499302	0.003776505	0.001861658	0.0001454748	7.781276e-07	6.218981e-09	2.278353e-09	8.470687e-10	3.549166e-10	9.681749e-11	9.686657e-11	5.750033e-11	4.697809e-11	4.24657e-11	3.911776e-11	3.660859e-11	3.439864e-11	3.199795e-11	2.948727e-11	2.662699e-11	2.327396e-11	1.684189e-11	9.340818e-12	1.52502e-12	9.119409e-14	4.583915e-14	4.540129e-14	4.182943e-14	4.096196e-14	3.968798e-14
34	0.04065577	0.008708442	0.001017482	0.0004697003	5.201805e-05	2.589772e-07	2.353934e-09	9.382284e-10	2.764974e-10	1.359409e-10	5.277072e-11	5.395145e-11	1.835297e-11	1.217936e-11	1.004321e-11	9.165609e-12	8.603411e-12	7.958928e-12	7.231066e-12	6.463704e-12	5.594092e-12	4.531622e-12	3.269731e-12	1.826391e-12	3.277126e-13	5.676336e-14	2.883539e-14	2.810044e-14	2.729827e-14	2.639653e-14
35	0.03125654	0.01391117	0.004625773	0.0006058642	0.0002535645	2.119948e-05	1.168113e-07	9.099922e-10	3.295811e-10	1.643594e-10	8.736407e-11	4.437971e-11	4.566662e-11	1.052643e-11	6.973953e-12	5.766413e-12	5.234987e-12	4.920149e-12	4.557986e-12	4.148168e-12	3.71056e-12	3.214103e-12	2.586133e-12	1.871517e-12	1.045368e-12	1.878861e-13	3.295285e-14	1.674681e-14	1.638648e-14	1.590355e-14
36	0.001505737	0.0005064653	0.000174092	0.0001006889	7.898951e-06	3.822877e-06	3.106812e-07	1.751495e-09	2.390999e-11	1.582465e-11	2.212928e-12	9.853382e-13	3.134945e-13	3.180625e-13	3.105429e-13	1.277321e-13	8.649937e-14	7.852528e-14	7.382714e-14	6.879687e-14	6.170438e-14	5.561883e-14	4.725723e-14	3.89261e-14	2.599654e-14	1.455142e-14	2.672136e-15	5.332862e-16	3.168943e-16	3.235875e-16
37	0.04395728	0.0007323587	0.0002449726	7.558509e-05	4.035141e-05	4.424579e-06	2.241468e-06	1.801255e-07	1.011806e-09	1.46514e-11	1.008446e-11	1.233068e-12	5.08197e-13	1.141074e-13	1.139036e-13	1.090648e-13	7.006094e-14	5.169243e-14	4.792207e-14	4.507001e-14	4.202498e-14	3.721213e-14	3.351086e-14	2.841664e-14	2.333635e-14	1.569657e-14	8.783259e-15	1.608123e-15	3.171385e-16	1.863261e-16
38	0.9047978	0.04371821	0.0007241397	0.0002383017	7.417001e-05	3.912266e-05	4.388767e-06	2.230685e-06	1.792504e-07	1.003812e-09	1.457988e-11	1.004009e-11	1.210881e-12	4.906173e-13	1.012861e-13	1.006605e-13	9.529165e-14	6.233199e-14	5.141162e-14	4.766309e-14	4.481868e-14	4.178148e-14	3.704807e-14	3.336026e-14	2.828122e-14	2.322332e-14	1.560866e-14	8.725524e-15	1.582874e-15	2.950428e-16
39	0.8110027	0.8222793	0.02939261	0.0003198539	4.349749e-05	8.647098e-06	4.342805e-06	4.872228e-07	2.454811e-07	1.97962e-08	1.14593e-10	4.187009e-12	3.816403e-12	1.767757e-13	6.183912e-14	1.503964e-14	1.503318e-14	1.408433e-14	7.898373e-15	6.326089e-15	6.044371e-15	5.916555e-15	5.802668e-15	4.36784e-15	4.159433e-15	3.016906e-15	2.534179e-15	1.256293e-15	7.053653e-16	1.3776e-16
40	0.8916824	0.807517	0.8196568	0.02892112	0.0003061497	3.696427e-05	6.449897e-06	3.170377e-06	3.543024e-07	1.782462e-07	1.457772e-08	8.567365e-11	3.858617e-12	3.607763e-12	1.383783e-13	4.535311e-14	1.119403e-14	1.120509e-14	1.045494e-14	6.344119e-15	5.148251e-15	4.953124e-15	4.898581e-15	4.859674e-15	3.538335e-15	3.412066e-15	2.355005e-15	2.028488e-15	9.027394e-16	5.074158e-16
41	0.1503998	0.1324556	0.0370072	0.02942551	0.02851122	0.0002967876	3.23927e-05	4.968168e-06	2.404937e-06	2.687503e-07	1.349198e-07	1.099529e-08	6.597515e-11	3.66763e-12	3.508044e-12	7.733191e-14	3.515618e-14	8.796231e-15	8.806418e-15	8.14068e-15	4.754039e-15	3.752208e-15	3.602064e-15	3.573415e-15	3.558858e-15	2.903083e-15	2.844985e-15	1.864735e-15	1.635894e-15	6.186983e-16
42	0.2049796	0.123975	0.1070756	0.01134467	0.003151944	0.001627423	0.0002859949	2.164853e-05	4.86254e-06	2.345976e-06	2.625766e-07	1.317663e-07	1.073662e-08	6.375873e-11	3.655582e-12	3.502648e-12	7.453021e-14	3.359748e-14	8.251532e-15	8.246623e-15	7.567128e-15	4.191533e-15	3.220473e-15	3.050561e-15	2.993829e-15	2.947687e-15	2.887076e-15	2.83061e-15	1.852196e-15	1.626124e-15
43	0.2096235	0.1634421	0.0989801	0.09356516	0.006916163	0.001277373	0.0007616546	1.808114e-05	1.272821e-05	1.610947e-06	7.295975e-07	8.032641e-08	3.976397e-08	3.227203e-09	2.200893e-11	3.191098e-12	3.219448e-12	2.662043e-14	9.120892e-15	2.045805e-15	2.029066e-15	1.617753e-15	1.280542e-15	8.727854e-16	8.025774e-16	8.001447e-16	8.149812e-16	8.233773e-16	8.434307e-16	8.661183e-16
44	0.1604483	0.1284475	0.08406902	0.01796891	0.01075526	0.006444389	0.0008125771	0.0003089157	9.511443e-06	4.085873e-06	1.561723e-06	7.030172e-07	7.734505e-08	3.82423e-08	3.102527e-09	2.001505e-11	3.185142e-12	3.216602e-12	2.547269e-14	8.412261e-15	1.992453e-15	1.977577e-15	1.569859e-15	1.253788e-15	8.56497e-16	7.891972e-16	7.870221e-16	8.021258e-16	8.164872e-16	8.371961e-16
45	0.1541948	0.09187375	0.06831313	0.06559197	0.004461674	0.00242002	0.001023296	0.000259491	9.637567e-05	2.895544e-06	1.412603e-06	4.746507e-07	2.489841e-07	2.522301e-08	1.14536e-08	9.319866e-10	5.198009e-12	5.040791e-14	2.595681e-14	1.225987e-14	2.940156e-15	7.994707e-16	8.070114e-16	7.519155e-16	5.960925e-16	2.601348e-16	2.289978e-16	2.15302e-16	2.000007e-16	1.80035e-16
46	0.4825368	0.1340171	0.09021199	0.0671961	0.06464328	0.003872446	0.002117823	0.000950073	0.0002099672	8.029697e-05	2.264326e-06	1.091871e-06	4.09387e-07	2.34178e-07	2.40709e-08	1.086694e-08	8.837054e-10	4.924517e-12	4.190136e-14	1.823945e-14	6.030677e-15	2.696267e-15	7.653295e-16	7.731004e-16	7.196573e-16	5.844677e-16	2.528274e-16	2.224206e-16	2.09233e-16	1.94123e-16
47	0.5671864	0.1437667	0.1210967	0.07766888	0.06696572	0.06449328	0.003768411	0.002049955	0.0009415872	0.000204548	7.824727e-05	2.171293e-06	1.025272e-06	3.631887e-07	1.906286e-07	2.359653e-08	1.062402e-08	8.63958e-10	4.812101e-12	4.077391e-14	1.761271e-14	5.637735e-15	2.363384e-15	5.120192e-16	5.094867e-16	4.449613e-16	2.997353e-16	2.498693e-16	2.19927e-16	2.067201e-16
48	0.109471	0.07993381	0.06359758	0.05111421	0.0123478	0.00511234	0.003761493	0.002605707	0.001506156	0.0008190395	0.000127993	4.892596e-05	1.358915e-06	6.417989e-07	2.292132e-07	1.173072e-07	1.315501e-08	6.654247e-09	5.42003e-10	3.018211e-12	2.776693e-14	1.331978e-14	3.494649e-15	1.433005e-15	2.761951e-16	2.730755e-16	2.578468e-16	1.719522e-16	1.415445e-16	1.299247e-16
49	0.08724184	0.06467226	0.04439079	0.03072799	0.01807996	0.0109137	0.003920692	0.002701617	0.001639634	0.0008190556	0.0001842881	0.0001156387	4.418694e-05	1.222166e-06	5.754416e-07	1.985064e-07	1.070533e-07	1.198091e-08	6.056093e-09	4.937241e-10	2.748034e-12	1.963117e-14	6.216998e-15	3.213132e-15	1.323949e-15	2.626239e-16	2.605369e-16	2.468363e-16	1.650641e-16	1.366946e-16
50	0.2469312	0.08447881	0.06410795	0.04401911	0.03046075	0.01795946	0.01082952	0.003893786	0.002682132	0.001627644	0.0008128598	0.0001827665	0.0001145951	4.387055e-05	1.21363e-06	5.713913e-07	1.971389e-07	1.063133e-07	1.189666e-08	6.013188e-09	4.902221e-10	2.728562e-12	1.943269e-14	6.103866e-15	3.17744e-15	1.3139e-15	2.604168e-16	2.583569e-16	2.448008e-16	1.639065e-16
51	0.382557	0.2440438	0.08363494	0.06378625	0.04384384	0.03033558	0.01791089	0.01079501	0.003879602	0.002671317	0.001620976	0.0008094587	0.0001820199	0.0001141198	4.369289e-05	1.209089e-06	5.692352e-07	1.9643e-07	1.059289e-07	1.185303e-08	5.990913e-09	4.884097e-10	2.718413e-12	1.935873e-14	6.077795e-15	3.16619e-15	1.309491e-15	2.597453e-16	2.577176e-16	2.44226e-16
52	0.4392436	0.3769716	0.2400099	0.08297856	0.06327017	0.04347566	0.03005923	0.01775191	0.01069989	0.003849604	0.002650885	0.001608574	0.0008032611	0.0001806345	0.0001132477	4.336017e-05	1.200141e-06	5.650503e-07	1.949904e-07	1.051549e-07	1.177233e-08	5.95084e-09	4.851657e-10	2.700089e-12	1.923068e-14	6.038713e-15	3.14491e-15	1.300369e-15	2.572248e-16	2.551929e-16
53	0.9713691	0.4186438	0.3575759	0.2223563	0.08253263	0.06299367	0.04328258	0.02991861	0.01767066	0.01065101	0.003833468	0.002639791	0.001601836	0.0007998899	0.0001798785	0.0001127708	4.317909e-05	1.195125e-06	5.626867e-07	1.941823e-07	1.047215e-07	1.172636e-08	5.927923e-09	4.833382e-10	2.689802e-12	1.914735e-14	6.003639e-15	3.132794e-15	1.29488e-15	2.557138e-16
54	0.3677283	0.3638052	0.289578	0.2472942	0.1149996	0.08183988	0.06290849	0.04321483	0.02986297	0.01765951	0.01064331	0.003830471	0.00263754	0.001600427	0.0007991373	0.0001796733	0.0001126192	4.314241e-05	1.193999e-06	5.620824e-07	1.940203e-07	1.04634e-07	1.171617e-08	5.922533e-09	4.825373e-10	2.687559e-12	1.912096e-14	5.986602e-15	3.126712e-15	1.293632e-15
55	0.370446	0.3578784	0.3540292	0.2819761	0.2398329	0.1086331	0.07829337	0.06285793	0.04317337	0.0298271	0.01765115	0.01063695	0.003828706	0.002636207	0.001599568	0.0007986499	0.0001795764	0.000112553	4.312106e-05	1.193395e-06	5.617547e-07	1.939369e-07	1.045889e-07	1.171129e-08	5.920043e-09	4.82327e-10	2.678024e-12	1.911243e-14	5.983422e-15	3.125139e-15
56	0.9252452	0.3535159	0.3416933	0.3379045	0.2682039	0.2296519	0.1035748	0.07447496	0.05972925	0.0408637	0.02802289	0.01675709	0.01010531	0.003660321	0.002521578	0.00152962	0.0007632166	0.0001718748	0.0001077073	4.126993e-05	1.143557e-06	5.383514e-07	1.859553e-07	1.002962e-07	1.126553e-08	5.698929e-09	4.643839e-10	2.576557e-12	1.837687e-14	5.787557e-15
57	0.08385446	0.06285702	0.03390532	0.03286269	0.03247753	0.02222768	0.01883361	0.006302259	0.004173471	0.003125151	0.001792017	0.0009011599	0.0005873218	0.0004081895	0.0002461478	0.0001914704	0.0001172978	5.857127e-05	1.317339e-05	8.275081e-06	3.167947e-06	7.993364e-08	3.688679e-08	1.274521e-08	6.880834e-09	7.863542e-10	4.022353e-10	3.273862e-11	1.791224e-13	1.624495e-15
58	0.07385243	0.0634267	0.04273847	0.02621914	0.02551234	0.02515314	0.0199078	0.01736839	0.005551535	0.003674148	0.002754319	0.001536721	0.0007228951	0.0004821681	0.0003442954	0.0002236959	0.0001761389	0.0001079985	5.392058e-05	1.211923e-05	7.619389e-06	2.91681e-06	7.291958e-08	3.357789e-08	1.160149e-08	6.261121e-09	7.171686e-10	3.673631e-10	2.989613e-11	1.628344e-13
59	0.1890829	0.07183286	0.06168928	0.04100548	0.02502727	0.02432689	0.02409112	0.01972553	0.01719564	0.00554023	0.003666492	0.002748323	0.001532819	0.0007205005	0.0004807296	0.0003434102	0.0002233445	0.0001758949	0.0001078506	5.384669e-05	1.210251e-05	7.608931e-06	2.912786e-06	7.27926e-08	3.351695e-08	1.158042e-08	6.249728e-09	7.158884e-10	3.667105e-10	2.984279e-11
60	0.1586316	0.09341835	0.0354327	0.03409329	0.01625466	0.009205421	0.008952365	0.008939431	0.007056623	0.006010721	0.002389469	0.001577068	0.001179491	0.0006595549	0.0003087778	0.0002059558	0.000148765	9.764336e-05	7.613056e-05	4.671844e-05	2.33252e-05	5.239387e-06	3.2966e-06	1.261969e-06	3.151601e-08	1.450778e-08	5.011054e-09	2.705667e-09	3.099563e-10	1.588963e-10
61	0.06720088	0.004641114	0.001717849	0.001135981	0.001082499	0.001073469	0.0001836276	0.0001741283	0.0001737987	0.0001071588	8.81918e-05	2.996291e-05	1.808275e-05	1.379334e-05	8.271779e-06	4.568985e-06	2.846043e-06	1.876758e-06	9.469998e-07	6.988832e-07	4.247427e-07	2.121288e-07	4.782315e-08	3.001464e-08	1.152593e-08	3.287715e-10	1.557092e-10	5.381006e-11	2.907366e-11	3.325181e-12
62	0.06964698	0.0003249365	5.374218e-05	3.023805e-05	1.896751e-05	1.643743e-05	1.605073e-05	9.800104e-06	6.662782e-06	6.623432e-06	5.317937e-06	4.978867e-06	3.956207e-06	4.161449e-07	3.02556e-07	1.914085e-07	1.177762e-07	7.151933e-08	4.524738e-08	1.930622e-08	1.36542e-08	8.296056e-09	4.146674e-09	9.363112e-10	5.881622e-10	2.251098e-10	6.664867e-12	3.172336e-12	1.08919e-12	5.827066e-13
63	0.6265945	0.007660064	0.0002347178	2.183313e-05	1.78291e-05	1.211943e-05	1.000903e-05	9.899157e-06	5.493557e-06	5.18093e-06	5.166357e-06	4.428072e-06	4.242228e-06	3.706813e-06	2.473146e-07	1.708259e-07	1.076821e-07	6.619596e-08	4.002269e-08	2.531062e-08	1.060103e-08	7.567211e-09	4.597176e-09	2.301449e-09	5.193707e-10	3.272437e-10	1.249047e-10	3.808754e-12	1.819582e-12	6.212874e-13
64	0.8980001	0.6262828	0.007647883	0.0002343709	2.151988e-05	1.752545e-05	1.19661e-05	9.860792e-06	9.840656e-06	5.461185e-06	5.149321e-06	5.137688e-06	4.406535e-06	4.22371e-06	3.698699e-06	2.415017e-07	1.661526e-07	1.04497e-07	6.401614e-08	3.871229e-08	2.450246e-08	1.029201e-08	7.355273e-09	4.468428e-09	2.237165e-09	5.049239e-10	3.181498e-10	1.214181e-10	3.714047e-12	1.778011e-12
65	0.1022154	0.0253823	0.01836214	0.0005325293	1.789914e-05	1.176783e-05	1.140121e-05	8.686918e-06	6.963733e-06	6.950039e-06	4.220752e-06	3.937453e-06	3.92805e-06	3.804719e-06	3.748717e-06	3.532296e-06	1.319703e-07	8.220726e-08	5.154123e-08	3.222014e-08	1.956065e-08	1.249476e-08	5.336571e-09	3.892468e-09	2.367733e-09	1.183646e-09	2.681278e-10	1.699165e-10	6.425683e-11	1.833123e-12
66	0.1414089	0.08645249	0.01058714	0.003803256	0.0005059099	1.721826e-05	1.126505e-05	1.124954e-05	8.599401e-06	6.885629e-06	6.872081e-06	4.165981e-06	3.883263e-06	3.873902e-06	3.75847e-06	3.704511e-06	3.527849e-06	1.288531e-07	7.995813e-08	5.046442e-08	3.155716e-08	1.914662e-08	1.222002e-08	5.194138e-09	3.778715e-09	2.298134e-09	1.148857e-09	2.602479e-10	1.649534e-10	6.233112e-11
67	0.0811288	0.0745987	0.04972424	0.006723981	0.001829899	0.0002712793	1.280991e-05	1.114548e-05	1.113145e-05	8.553779e-06	6.851542e-06	6.838279e-06	4.142863e-06	3.860549e-06	3.85124e-06	3.738724e-06	3.686453e-06	3.516621e-06	1.250259e-07	7.721231e-08	4.898299e-08	3.061271e-08	1.856058e-08	1.183695e-08	5.009427e-09	3.637124e-09	2.210743e-09	1.103924e-09	2.48145e-10	1.563165e-10
68	0.1168855	0.07149787	0.06519988	0.04046178	0.005862036	0.001679992	0.0002657727	1.112557e-05	1.017388e-05	1.016058e-05	7.958114e-06	6.718754e-06	6.705831e-06	4.068824e-06	3.788704e-06	3.779503e-06	3.679832e-06	3.636405e-06	3.493194e-06	1.086054e-07	6.439046e-08	4.054672e-08	2.526262e-08	1.533821e-08	9.826409e-09	4.197169e-09	3.07759e-09	1.87148e-09	9.344472e-10	2.100079e-10
69	0.9407336	0.09676824	0.06297362	0.05697177	0.03692539	0.005437108	0.00161158	0.0002642916	1.082677e-05	9.907727e-06	9.896824e-06	7.876151e-06	6.642629e-06	6.634921e-06	4.028641e-06	3.749493e-06	3.743166e-06	3.653605e-06	3.614109e-06	3.482847e-06	1.013079e-07	5.864177e-08	3.676327e-08	2.284777e-08	1.38842e-08	8.920971e-09	3.83056e-09	2.823967e-09	1.71764e-09	8.576396e-10
70	0.9460635	0.9196311	0.07674091	0.04298484	0.03700501	0.01711122	0.003778745	0.001186269	1.914732e-05	5.860277e-06	5.499663e-06	5.489384e-06	3.484547e-06	3.281304e-06	3.273612e-06	6.701013e-07	3.910523e-07	3.847301e-07	2.957608e-07	2.566642e-07	1.265561e-07	9.992733e-08	5.785505e-08	3.617154e-08	2.239491e-08	1.375338e-08	8.837378e-09	3.796596e-09	2.800417e-09	1.703348e-09
71	0.8801529	0.8640567	0.8634156	0.02198697	0.008627237	0.003259019	0.00184737	0.001505744	0.0008125762	8.493254e-06	3.243267e-06	3.168687e-06	3.166636e-06	2.746797e-06	2.734627e-06	2.728289e-06	4.390582e-07	1.664625e-07	1.604217e-07	1.06506e-07	9.057249e-08	3.611845e-08	2.756315e-08	2.020862e-08	1.015517e-08	4.250296e-09	2.818841e-09	2.028651e-09	1.320084e-09	1.093934e-09
72	0.01553005	0.01544191	0.01387666	0.01383326	0.01369715	0.001317437	0.00126932	0.0007803719	0.0007656994	0.0006669144	2.36355e-06	1.055717e-07	9.130904e-08	8.997683e-08	5.171096e-08	5.019425e-08	4.551694e-08	3.767583e-08	3.279859e-08	2.81808e-08	2.493402e-08	1.914939e-08	4.25931e-09	3.4416e-09	2.361483e-09	6.871361e-10	4.404446e-10	3.185901e-10	2.389062e-10	1.731737e-10
73	0.003589199	0.002439034	0.002378743	0.000929805	0.0008915883	0.0008348655	0.0008314256	0.0007878217	0.0007672727	0.0007583346	0.0006655133	2.303901e-06	8.407113e-08	7.054461e-08	6.922785e-08	3.532826e-08	3.394785e-08	2.930646e-08	2.22098e-08	2.20211e-08	2.198883e-08	1.933917e-08	1.843507e-08	3.920805e-09	3.184085e-09	2.164724e-09	5.838101e-10	3.919236e-10	2.876918e-10	2.181463e-10
74	0.0376998	0.001968816	0.001177774	0.001146794	0.0007111903	0.0007020566	0.0006855223	0.0006836413	0.0006827856	0.0006730255	0.0006674956	0.0006477016	1.953752e-06	4.916382e-08	3.942037e-08	3.81105e-08	2.230205e-08	2.113234e-08	2.11042e-08	1.506303e-08	1.492397e-08	1.491486e-08	1.282919e-08	1.229303e-08	1.097897e-09	7.977287e-10	5.75447e-10	2.752368e-10	1.699307e-10	1.073534e-10
75	0.05209756	0.01172475	0.001500042	0.0008378226	0.0008187202	0.000669189	0.000666494	0.0006603406	0.0006599663	0.0006598788	0.0006557895	0.000653714	0.0006450092	1.878246e-06	2.938059e-08	2.079237e-08	1.948901e-08	1.107397e-08	1.01196e-08	1.010328e-08	4.56786e-09	4.473381e-09	4.466236e-09	2.429511e-09	1.996545e-09	5.548694e-10	3.595717e-10	2.767808e-10	1.753549e-10	1.057288e-10
76	0.0961459	0.02897097	0.002947841	0.000239425	0.0001863624	0.0001706972	2.427919e-05	2.16146e-05	1.63699e-05	1.60845e-05	1.599806e-05	1.192247e-05	9.860274e-06	2.610646e-06	9.121475e-07	2.904855e-08	2.070073e-08	1.939743e-08	1.101088e-08	1.006377e-08	1.004749e-08	4.519375e-09	4.425078e-09	4.417946e-09	2.383493e-09	1.95147e-09	5.135591e-10	3.557388e-10	2.748377e-10	1.744401e-10
77	0.1393857	0.08565311	0.02843868	0.002904806	0.000229011	0.0001796985	0.0001658137	2.296979e-05	2.036706e-05	1.530821e-05	1.502908e-05	1.494401e-05	1.089047e-05	8.842252e-06	1.741302e-06	8.193574e-08	2.767592e-08	2.058004e-08	1.927685e-08	1.096843e-08	1.002715e-08	1.001097e-08	4.492551e-09	4.398604e-09	4.39149e-09	2.358629e-09	1.928287e-09	4.995535e-10	3.489835e-10	2.700946e-10
78	0.1493699	0.1367803	0.08316753	0.02780542	0.00288726	0.0002284049	0.0001792617	0.0001654484	2.288788e-05	2.029962e-05	1.525834e-05	1.498061e-05	1.489569e-05	1.08452e-05	8.823097e-06	1.734415e-06	7.792158e-08	2.37505e-08	2.056336e-08	1.926387e-08	1.096422e-08	1.002342e-08	1.000725e-08	4.490173e-09	4.396263e-09	4.389151e-09	2.356451e-09	1.926353e-09	4.985237e-10	3.482885e-10
79	0.1507873	0.139362	0.1315965	0.0804512	0.02748165	0.002730682	0.0002046355	0.0001603026	0.000147629	2.116732e-05	1.894089e-05	1.436644e-05	1.410428e-05	1.402546e-05	1.00665e-05	8.098651e-06	1.591911e-06	7.251265e-08	2.195536e-08	1.882534e-08	1.877847e-08	1.080977e-08	9.8766e-09	9.86083e-09	4.361312e-09	4.268049e-09	4.260978e-09	2.22909e-09	1.817963e-09	4.467581e-10
80	0.1164825	0.09925716	0.09329898	0.09025084	0.07690321	0.02690991	0.002455638	0.0001229762	9.271049e-05	8.737844e-05	1.502576e-05	1.37092e-05	1.082593e-05	1.061933e-05	1.056147e-05	6.996318e-06	5.519567e-06	1.087627e-06	5.70922e-08	1.889354e-08	1.600315e-08	1.595744e-08	9.377727e-09	8.485645e-09	8.471393e-09	3.065062e-09	2.975161e-09	2.968327e-09	9.595974e-10	5.952937e-10
81	0.1486099	0.1111419	0.09722939	0.09359315	0.09135956	0.07785099	0.02743274	0.002444753	0.0001203362	9.229522e-05	8.744594e-05	1.431464e-05	1.298751e-05	1.013207e-05	9.922528e-06	9.865594e-06	6.23319e-06	5.403832e-06	1.059135e-06	4.008386e-08	9.379564e-09	8.331173e-09	8.305528e-09	2.50976e-09	2.252783e-09	2.247e-09	8.980415e-10	8.674502e-10	8.660922e-10	6.977892e-10
82	0.6754322	0.09831702	0.09378228	0.0879641	0.08534189	0.08388338	0.07730269	0.02776097	0.002246991	6.944433e-05	5.057308e-05	4.80795e-05	9.620562e-06	8.86863e-06	7.236114e-06	7.065185e-06	7.024138e-06	3.602914e-06	3.027786e-06	5.935544e-07	2.450558e-08	6.206938e-09	5.467555e-09	5.445423e-09	1.686892e-09	1.49701e-09	1.493062e-09	4.628469e-10	4.449666e-10	4.442397e-10
83	0.650192	0.6335334	0.09781029	0.09347557	0.0891204	0.0870502	0.08559428	0.07904921	0.02839382	0.002290381	6.953081e-05	5.054734e-05	4.806613e-05	9.678449e-06	8.927101e-06	7.293953e-06	7.122489e-06	7.08385e-06	3.599012e-06	3.022002e-06	5.924533e-07	2.444893e-08	6.135105e-09	5.416861e-09	5.394722e-09	1.625645e-09	1.443452e-09	1.439627e-09	4.591064e-10	4.420968e-10
84	0.6969036	0.6361305	0.6197845	0.09701139	0.09277104	0.09055017	0.08903185	0.08755401	0.08091323	0.02906658	0.002342214	7.066532e-05	5.133239e-05	4.881908e-05	9.845213e-06	9.082138e-06	7.422929e-06	7.248122e-06	7.218729e-06	3.6551e-06	3.068855e-06	6.015449e-07	2.474429e-08	6.140353e-09	5.435241e-09	5.412925e-09	1.584575e-09	1.408182e-09	1.404542e-09	4.636839e-10
85	0.8555031	0.6359271	0.5765006	0.5599775	0.04675441	0.04289328	0.04065489	0.03912877	0.03761992	0.03082109	0.02945001	0.002398672	7.227795e-05	5.251032e-05	4.994336e-05	1.004613e-05	9.265492e-06	7.568214e-06	7.389194e-06	7.359126e-06	3.708832e-06	3.139912e-06	6.156319e-07	2.518768e-08	6.170274e-09	5.479494e-09	5.457207e-09	1.548772e-09	1.378611e-09	1.375009e-09
86	0.8748589	0.7844059	0.5604124	0.5023612	0.4873866	0.01923745	0.01553999	0.01350245	0.01210598	0.01066301	0.003700098	0.002445796	0.002385097	7.304099e-05	5.340175e-05	5.083284e-05	9.960386e-06	9.161221e-06	7.570246e-06	7.388018e-06	7.359058e-06	3.618468e-06	3.188862e-06	6.248439e-07	2.31286e-08	5.630428e-09	4.990541e-09	4.968138e-09	1.48507e-09	1.327475e-09
87	0.865126	0.8648569	0.7725357	0.5433052	0.4861431	0.4712	0.01690863	0.01334922	0.01133606	0.009962682	0.008535103	0.001656238	0.0003792337	0.000317171	7.352731e-05	5.459892e-05	5.198511e-05	1.014858e-05	9.330343e-06	7.726203e-06	7.53961e-06	7.510266e-06	3.675059e-06	3.236616e-06	6.359455e-07	2.238311e-08	5.543474e-09	4.930992e-09	4.908338e-09	1.437552e-09
88	0.8513782	0.8495847	0.8493269	0.7548362	0.5200546	0.4644234	0.4496751	0.0163986	0.01320655	0.01121204	0.009856164	0.008429235	0.001630435	0.0003692707	0.0003063485	6.284856e-05	5.275223e-05	5.022083e-05	1.012232e-05	9.329853e-06	7.761253e-06	7.572161e-06	7.543063e-06	3.622706e-06	3.180565e-06	6.261856e-07	2.212898e-08	5.47248e-09	4.890858e-09	4.867983e-09
89	0.7943123	0.7855103	0.7841766	0.7839834	0.7236069	0.4836878	0.4300788	0.4196683	0.01580433	0.01278843	0.01083004	0.009498936	0.008103724	0.001577749	0.0003641357	0.0003007757	5.712891e-05	4.767818e-05	4.529096e-05	9.771241e-06	9.039545e-06	7.606494e-06	7.443797e-06	7.415987e-06	3.455286e-06	3.009952e-06	5.926262e-07	2.149758e-08	5.376541e-09	4.825075e-09
90	0.9750559	0.7880107	0.7790776	0.7777108	0.7775125	0.7154597	0.4694318	0.4167089	0.4062634	0.01591248	0.01300024	0.011062	0.009743331	0.008322503	0.001617081	0.0003705548	0.0003089356	5.861892e-05	4.892854e-05	4.650347e-05	1.003239e-05	9.284523e-06	7.815242e-06	7.648067e-06	7.619555e-06	3.548946e-06	3.092055e-06	6.084124e-07	2.160468e-08	5.321125e-09
91	0.7294811	0.7065919	0.5344934	0.5254154	0.5240123	0.5238086	0.4599842	0.4543919	0.4025721	0.3920935	0.01593093	0.01313345	0.01125097	0.01000655	0.008555845	0.001661345	0.0003807679	0.0003174573	6.022536e-05	5.026943e-05	4.77943e-05	1.029857e-05	9.541935e-06	8.033596e-06	7.86168e-06	7.832427e-06	3.645633e-06	3.178467e-06	6.251602e-07	2.183833e-08
92	0.7099244	0.6858428	0.6630201	0.5025852	0.4940846	0.492664	0.4924554	0.4267547	0.4216031	0.3867806	0.3763047	0.01586929	0.01319819	0.01142107	0.01022731	0.008749574	0.0016993	0.0003905278	0.0003255187	6.147044e-05	5.131725e-05	4.880248e-05	1.041899e-05	9.778787e-06	8.235357e-06	8.058837e-06	8.028899e-06	3.722257e-06	3.243292e-06	6.376457e-07
93	0.583702	0.5799337	0.5754469	0.5694244	0.4685104	0.4642287	0.4635359	0.4634758	0.4016909	0.3965529	0.3636176	0.3538928	0.01468635	0.01217896	0.01049909	0.009371631	0.008452122	0.001701015	0.0003871141	0.000323145	5.663106e-05	4.65507e-05	4.408439e-05	6.305911e-06	5.67542e-06	4.171364e-06	4.117959e-06	4.097593e-06	3.723073e-06	3.235286e-06
94	0.9422519	0.5825158	0.5787981	0.5742862	0.5681663	0.4647502	0.4603455	0.4596326	0.4595708	0.3958553	0.3906919	0.3582262	0.3483763	0.01486818	0.01240838	0.01075444	0.009643955	0.008703259	0.001749223	0.0003985836	0.0003327885	5.832346e-05	4.794204e-05	4.541363e-05	6.492009e-06	5.842743e-06	4.294913e-06	4.239889e-06	4.218954e-06	3.832961e-06
95	0.9238998	0.8980531	0.5680168	0.5643754	0.56067	0.5573045	0.4599111	0.4554959	0.4547682	0.4547048	0.3889345	0.38407	0.3521183	0.3421568	0.01484429	0.01243673	0.01081539	0.009726233	0.008765187	0.001600528	0.0004082137	0.0003412957	5.98891e-05	4.920222e-05	4.660926e-05	6.475665e-06	5.806396e-06	4.215287e-06	4.158571e-06	4.137072e-06
96	0.8375836	0.8253506	0.8034689	0.532454	0.5290296	0.5264724	0.5239351	0.4395984	0.4353713	0.4347305	0.4346684	0.3667076	0.3619753	0.3316253	0.3231418	0.01392404	0.01167094	0.01043741	0.009599895	0.008777464	0.001386281	0.0002520954	0.0002357029	6.027952e-05	5.024315e-05	4.767065e-05	6.225786e-06	5.534712e-06	4.139025e-06	4.082523e-06
97	0.7752931	0.7700609	0.7624911	0.7509746	0.490362	0.4870405	0.4845966	0.4823401	0.4301839	0.4258749	0.4252336	0.4251702	0.3548667	0.3500711	0.3205917	0.3123016	0.01346093	0.01129513	0.01017554	0.009412536	0.008602627	0.001395818	0.0002362072	0.000219342	6.186566e-05	5.171017e-05	4.908728e-05	6.337588e-06	5.624795e-06	4.226981e-06
98	0.7923059	0.740396	0.7352719	0.7279235	0.7171074	0.4692312	0.4660416	0.4636724	0.4614469	0.4167233	0.4124409	0.4118123	0.4117479	0.3389344	0.3341079	0.3057787	0.2979105	0.01252205	0.01046843	0.009519443	0.008867775	0.008091651	0.001382181	0.00020058	0.0001832522	6.325576e-05	5.311927e-05	5.046051e-05	6.443444e-06	5.709556e-06
99	0.8585818	0.7728844	0.7196652	0.7145208	0.7072513	0.6974251	0.4595992	0.4564967	0.4541692	0.4519822	0.4087469	0.4043769	0.4037338	0.4036674	0.3281575	0.3232404	0.2957453	0.2878889	0.01251412	0.01054579	0.009662837	0.009054559	0.008267319	0.001412446	0.0001997195	0.0001819213	6.446187e-05	5.416557e-05	5.147168e-05	6.600889e-06
100	0.8934883	0.7777512	0.7094078	0.6555484	0.6505881	0.6440536	0.6350193	0.4233501	0.4205622	0.4184444	0.4163835	0.3758061	0.3717354	0.3711072	0.3710399	0.292627	0.2880602	0.2643096	0.2569355	0.009653684	0.007906562	0.007178492	0.006681046	0.006050618	0.001008718	0.0001760986	0.0001635092	6.346892e-05	5.334246e-05	5.065523e-05
101	0.6526441	0.6519268	0.5545001	0.515801	0.497962	0.496904	0.4921595	0.4861518	0.3021964	0.2999128	0.2982607	0.2963918	0.2615802	0.2587924	0.2583547	0.2583375	0.2581635	0.2538235	0.2327113	0.2263174	0.008044434	0.006517002	0.005870959	0.005436038	0.004911921	0.0007993657	0.0001569903	0.000146985	5.727608e-05	4.801412e-05
102	0.8143545	0.634487	0.6337913	0.5363265	0.4972904	0.4797395	0.478796	0.4741405	0.4679824	0.2916636	0.2894647	0.2878551	0.2859387	0.2498857	0.246987	0.2465314	0.2465135	0.2463323	0.2435785	0.2233055	0.2168198	0.008180381	0.00673415	0.006087592	0.005656547	0.005113938	0.0008320356	0.0001633613	0.0001529984	5.962992e-05
103	0.8166398	0.7694094	0.6030557	0.6023807	0.5070042	0.4740169	0.456074	0.4551801	0.4506427	0.4443573	0.2777468	0.2756611	0.2741138	0.2721549	0.2359339	0.2329335	0.2324613	0.2324428	0.2322539	0.2295202	0.2109949	0.204457	0.008206157	0.006842705	0.006198472	0.005767791	0.005212747	0.000845435	0.0001685826	0.0001580843
104	0.6113644	0.6088289	0.5731397	0.5376121	0.5371105	0.4537928	0.4237192	0.4204728	0.4197756	0.4166805	0.4106215	0.2574952	0.2556256	0.2544043	0.2526783	0.2167243	0.213896	0.2134577	0.2134422	0.2134321	0.2107032	0.1936745	0.1873817	0.007976354	0.006722163	0.006099101	0.005682396	0.005168243	0.0008286266	0.0001669647
105	0.8548019	0.6013762	0.5990172	0.5616768	0.5248249	0.524319	0.4464328	0.4170823	0.4137804	0.413094	0.4100515	0.4037811	0.2541406	0.2523126	0.2511148	0.2493314	0.2118166	0.2088575	0.2083992	0.208383	0.2083726	0.2055845	0.1890257	0.1825861	0.00812728	0.006903507	0.006327693	0.005937544	0.005406219	0.0008625544
106	0.929814	0.7796191	0.5607179	0.5585351	0.5202475	0.5044399	0.5039462	0.4250756	0.3950794	0.3917328	0.3910694	0.3881268	0.3816351	0.2416707	0.239921	0.2387689	0.2369261	0.202581	0.1994817	0.1990017	0.1989848	0.198974	0.1961636	0.180464	0.1738764	0.008343621	0.007179665	0.006596992	0.006200875	0.00564804
107	0.8665237	0.8294541	0.6772787	0.5150527	0.5134789	0.4956699	0.4802192	0.4799377	0.4011858	0.3724334	0.3693039	0.3686973	0.3659323	0.3629708	0.2309423	0.2293045	0.2282186	0.2271556	0.1914118	0.1882331	0.187754	0.1877393	0.1877309	0.184901	0.1701601	0.1634689	0.008202298	0.007100008	0.006511306	0.006109699
108	0.9137126	0.8528285	0.8149062	0.6543395	0.4971329	0.4956353	0.4768925	0.4635443	0.4632655	0.3844415	0.3551566	0.3519763	0.3513966	0.3487504	0.3457282	0.2216171	0.2200703	0.2190378	0.2179495	0.1805009	0.1771522	0.1766503	0.176635	0.1766262	0.1740161	0.1602632	0.1534217	0.00837012	0.007332134	0.006744809
109	0.8936564	0.8312508	0.7724637	0.7353547	0.5655356	0.4303785	0.4290637	0.4093205	0.3966044	0.3963638	0.3411007	0.3164771	0.313355	0.3128415	0.3105091	0.3075926	0.1995696	0.1982209	0.1973131	0.1962506	0.1571652	0.1536985	0.1532225	0.153208	0.1531998	0.1509569	0.1390215	0.1327982	0.006865765	0.005961719
110	0.8805262	0.8628689	0.8030634	0.7449746	0.7068747	0.5264876	0.4044702	0.4032314	0.3822956	0.3761931	0.3759539	0.3209025	0.2957723	0.29259	0.292108	0.2899113	0.2869169	0.1879517	0.1867075	0.1858608	0.1847661	0.1446328	0.1409759	0.1404798	0.1404647	0.1404563	0.1384616	0.1276522	0.1213081	0.007028682
111	0.6190913	0.5819993	0.5777051	0.542719	0.4895378	0.4757168	0.4735462	0.3593712	0.3583105	0.3566843	0.3505441	0.3503374	0.2975563	0.2730126	0.2702776	0.2698408	0.2677997	0.2658177	0.1752555	0.1741232	0.1733452	0.172835	0.131555	0.1279106	0.1274804	0.1274681	0.1274613	0.1256531	0.1158766	0.1102721
112	0.6570099	0.5482555	0.5109295	0.5067534	0.4724539	0.4484677	0.4348561	0.4325778	0.3347428	0.333771	0.332079	0.3262032	0.3260024	0.2754144	0.2511879	0.2484923	0.248092	0.2461979	0.2441926	0.1624996	0.1614834	0.160775	0.1602692	0.1177812	0.1140946	0.1137217	0.1137108	0.1137045	0.1120893	0.1034173
113	0.9807663	0.6331803	0.5185365	0.4885256	0.4843242	0.4501524	0.4267793	0.4132283	0.4108122	0.3118229	0.3108687	0.3090874	0.303097	0.3029151	0.2531676	0.2335686	0.2315052	0.2311224	0.2292072	0.2271034	0.1453644	0.1443626	0.1436535	0.1431286	0.1165383	0.1135102	0.1131572	0.1131467	0.1131406	0.1115347
114	0.9856944	0.9770561	0.6113097	0.4891035	0.467737	0.4634826	0.4291897	0.4067886	0.3932008	0.3906203	0.2896296	0.2886772	0.2867871	0.2806603	0.2804934	0.2299882	0.2155002	0.2141716	0.2137989	0.2118355	0.2096062	0.1267084	0.1257056	0.1249856	0.1244345	0.1167914	0.1145406	0.1142017	0.1141915	0.1141855
115	0.6181962	0.615991	0.6074649	0.5283629	0.4064779	0.384629	0.380321	0.3499707	0.3318996	0.3189507	0.3161895	0.2547879	0.253927	0.2519307	0.2485374	0.2483761	0.2001978	0.1863301	0.1850635	0.1847291	0.1829083	0.1806143	0.1110515	0.1101721	0.1095293	0.1089791	0.1019513	0.09979452	0.09957122	0.09956379
116	0.6394929	0.5711266	0.5705019	0.5616257	0.4961658	0.3676651	0.3448825	0.3405271	0.3113104	0.2942344	0.2811887	0.2807124	0.2271985	0.2265227	0.2260967	0.222701	0.2225515	0.1748099	0.1610271	0.1597974	0.1595045	0.1578293	0.1564577	0.0957846	0.09504395	0.09449611	0.09410446	0.0872137	0.08505303	0.08496704
117	0.9606112	0.6283711	0.5621365	0.5615626	0.5521348	0.4898194	0.3516088	0.3270728	0.3224025	0.2923808	0.27573	0.2622232	0.2617355	0.2134821	0.2128582	0.2124384	0.2091644	0.2090135	0.16099	0.1469727	0.1457485	0.1454756	0.1438672	0.1424692	0.08762641	0.08695645	0.08645197	0.08605846	0.07892525	0.07656463
118	0.9478787	0.9060751	0.6148777	0.5516543	0.5511034	0.5408561	0.4828416	0.3321484	0.3054474	0.3003764	0.2693877	0.2531362	0.2390988	0.2386015	0.1971663	0.1966098	0.1962034	0.193679	0.1935253	0.1430595	0.1283293	0.1271339	0.1268883	0.1253876	0.1239798	0.07695873	0.07638061	0.07593393	0.07554231	0.06816342
119	0.9767145	0.9181187	0.8746749	0.5946517	0.5345855	0.5340689	0.5227341	0.4697403	0.3071629	0.2776316	0.2720397	0.239844	0.224136	0.2094105	0.2088999	0.1761121	0.1756412	0.1752499	0.1740631	0.1739056	0.1202436	0.1045775	0.103417	0.1032059	0.1018416	0.1004158	0.06323518	0.06277405	0.06240025	0.06200973
120	0.7527172	0.726859	0.6611608	0.6233174	0.3780877	0.322503	0.3220251	0.3114676	0.2661487	0.2579965	0.2258863	0.2197661	0.1996747	0.1880657	0.1748706	0.1744871	0.1477598	0.1473478	0.1471773	0.1465087	0.1463551	0.0946868	0.08042607	0.07991752	0.07976379	0.07900261	0.07817897	0.04794067	0.04756048	0.0473139
121	0.3070015	0.3068318	0.3057526	0.3033505	0.2977245	0.212475	0.1828324	0.182631	0.1765306	0.1523143	0.1476154	0.1454835	0.145043	0.1330033	0.1252052	0.1136869	0.1134222	0.0959685	0.09565646	0.0955506	0.0951183	0.09505908	0.05857439	0.05069999	0.05039193	0.05029998	0.04980467	0.04924649	0.02945237	0.02920377
122	0.1412803	0.1317676	0.1317186	0.1313189	0.1305116	0.128488	0.08888331	0.07786236	0.07778925	0.07286778	0.06226982	0.06045244	0.05973667	0.05956365	0.0556937	0.05317203	0.05139532	0.05131921	0.04494883	0.04485268	0.04481343	0.04465873	0.04462466	0.02350365	0.01878641	0.01867959	0.018645	0.01847357	0.01831458	0.01115298
123	0.5395458	0.1244667	0.1166483	0.1166069	0.116275	0.1155571	0.1137688	0.0776756	0.06763928	0.0675903	0.06172339	0.05256557	0.05117831	0.05052749	0.05037563	0.04808278	0.04658182	0.0455323	0.04550038	0.04098927	0.04091568	0.04089044	0.04078367	0.04075252	0.0185414	0.01356891	0.0134891	0.01346341	0.01334952	0.0132775
124	0.9773663	0.5034447	0.1120943	0.104844	0.1048061	0.1044962	0.1038622	0.1022631	0.07074376	0.06197047	0.06192475	0.05549217	0.0470508	0.04572755	0.04514473	0.04500931	0.04295511	0.0415623	0.04064583	0.04061614	0.03580636	0.03572704	0.03570121	0.03558776	0.03555751	0.018487	0.01452695	0.01445098	0.0144238	0.01430414
125	0.9919328	0.9758749	0.4199514	0.07956599	0.07377019	0.07374166	0.0734864	0.07307725	0.07198055	0.05277481	0.04740045	0.04736291	0.03921598	0.0326048	0.03142109	0.03100934	0.03091711	0.02943593	0.02827548	0.02768924	0.02766343	0.02185746	0.02175979	0.02172986	0.02159242	0.02156342	0.01862451	0.0177134	0.01764325	0.01761073
