#unpaired probabilities
 #i$	l=1	2	3	4	5	6	7	8	9	10	11	12	13	14	15	16	17	18	19	20	21	22	23	24	25	26	27	28	29	30	
1	0.02824442	NA	NA	NA	NA	NA	NA	NA	NA	NA	NA	NA	NA	NA	NA	NA	NA	NA	NA	NA	NA	NA	NA	NA	NA	NA	NA	NA	NA	NA
2	0.4894732	0.02675157	NA	NA	NA	NA	NA	NA	NA	NA	NA	NA	NA	NA	NA	NA	NA	NA	NA	NA	NA	NA	NA	NA	NA	NA	NA	NA	NA	NA
3	0.190824	0.1240434	0.006646268	NA	NA	NA	NA	NA	NA	NA	NA	NA	NA	NA	NA	NA	NA	NA	NA	NA	NA	NA	NA	NA	NA	NA	NA	NA	NA	NA
4	0.5194218	0.1873165	0.1221581	0.006551903	NA	NA	NA	NA	NA	NA	NA	NA	NA	NA	NA	NA	NA	NA	NA	NA	NA	NA	NA	NA	NA	NA	NA	NA	NA	NA
5	0.9520206	0.491568	0.1753374	0.1134124	0.006147186	NA	NA	NA	NA	NA	NA	NA	NA	NA	NA	NA	NA	NA	NA	NA	NA	NA	NA	NA	NA	NA	NA	NA	NA	NA
6	0.9090649	0.91054	0.4652075	0.1638989	0.1050493	0.00576115	NA	NA	NA	NA	NA	NA	NA	NA	NA	NA	NA	NA	NA	NA	NA	NA	NA	NA	NA	NA	NA	NA	NA	NA
7	0.7993728	0.7651472	0.7813163	0.3612355	0.1133348	0.07281769	0.00398861	NA	NA	NA	NA	NA	NA	NA	NA	NA	NA	NA	NA	NA	NA	NA	NA	NA	NA	NA	NA	NA	NA	NA
8	0.8208559	0.717546	0.6719146	0.672749	0.2289127	0.1118056	0.07168476	0.003936531	NA	NA	NA	NA	NA	NA	NA	NA	NA	NA	NA	NA	NA	NA	NA	NA	NA	NA	NA	NA	NA	NA
9	0.6867018	0.562003	0.4920592	0.4109306	0.3627634	0.2115986	0.09789539	0.06821	0.00374509	NA	NA	NA	NA	NA	NA	NA	NA	NA	NA	NA	NA	NA	NA	NA	NA	NA	NA	NA	NA	NA
10	0.7906766	0.6832128	0.5593121	0.4898777	0.4093674	0.3614534	0.2102331	0.09774619	0.06808819	0.003740051	NA	NA	NA	NA	NA	NA	NA	NA	NA	NA	NA	NA	NA	NA	NA	NA	NA	NA	NA	NA
11	0.9249101	0.7184598	0.6714426	0.5477835	0.4830801	0.4025553	0.3549698	0.2050291	0.09537539	0.06630993	0.003627295	NA	NA	NA	NA	NA	NA	NA	NA	NA	NA	NA	NA	NA	NA	NA	NA	NA	NA	NA
12	0.2702086	0.2862842	0.1774641	0.1802356	0.1879504	0.2017623	0.2222006	0.2148866	0.1712661	0.07675223	0.05686311	0.00319296	NA	NA	NA	NA	NA	NA	NA	NA	NA	NA	NA	NA	NA	NA	NA	NA	NA	NA
13	0.3343146	0.2648174	0.2809627	0.1731829	0.1767889	0.1848504	0.2003192	0.2213381	0.2143408	0.170836	0.07661293	0.05675835	0.003187435	NA	NA	NA	NA	NA	NA	NA	NA	NA	NA	NA	NA	NA	NA	NA	NA	NA
14	0.5687629	0.3263031	0.2625322	0.2787279	0.1714112	0.1759231	0.183986	0.1994522	0.2204061	0.2134524	0.1701223	0.07628719	0.05651362	0.003171695	NA	NA	NA	NA	NA	NA	NA	NA	NA	NA	NA	NA	NA	NA	NA	NA
15	0.9868442	0.5657619	0.324283	0.2610844	0.2772166	0.1698641	0.1753721	0.1834017	0.1992437	0.2202037	0.2132761	0.1699698	0.07623854	0.05647697	0.003169479	NA	NA	NA	NA	NA	NA	NA	NA	NA	NA	NA	NA	NA	NA	NA
16	0.9880378	0.9767288	0.561731	0.3207097	0.2592691	0.2752939	0.1680587	0.1745469	0.1825044	0.1987419	0.2196485	0.2127988	0.1695897	0.07607487	0.05635423	0.003161801	NA	NA	NA	NA	NA	NA	NA	NA	NA	NA	NA	NA	NA	NA
17	0.574726	0.5538739	0.5274404	0.4897659	0.2959709	0.2504302	0.2672798	0.1611028	0.1686965	0.1776308	0.1952003	0.2176256	0.2117942	0.1689363	0.07579347	0.05614741	0.003151562	NA	NA	NA	NA	NA	NA	NA	NA	NA	NA	NA	NA	NA
18	0.5870724	0.5597922	0.5413477	0.5183859	0.4830487	0.2912614	0.2478795	0.2646092	0.1590145	0.1673405	0.1762589	0.1939677	0.2163557	0.2106321	0.1680045	0.0753809	0.05583736	0.003131874	NA	NA	NA	NA	NA	NA	NA	NA	NA	NA	NA	NA
19	0.533988	0.5043275	0.4753337	0.4534703	0.4268395	0.3868469	0.224082	0.1786681	0.1892208	0.1161683	0.1209357	0.1247958	0.1353521	0.148146	0.1397926	0.108619	0.04943878	0.03698506	0.002300898	NA	NA	NA	NA	NA	NA	NA	NA	NA	NA	NA
20	0.5525765	0.5159312	0.4862932	0.4569373	0.4344629	0.4071327	0.3663439	0.2095017	0.1638633	0.1734714	0.1055649	0.1093839	0.1119505	0.1207386	0.1311595	0.1234009	0.09868644	0.04510062	0.03383281	0.002162134	NA	NA	NA	NA	NA	NA	NA	NA	NA	NA
21	0.5962729	0.5377847	0.5029506	0.473908	0.4450825	0.4229203	0.3959153	0.3556576	0.2018438	0.1575893	0.1667527	0.09984793	0.1031976	0.1051466	0.1131167	0.1224323	0.1195548	0.09635537	0.04408257	0.03309296	0.002129528	NA	NA	NA	NA	NA	NA	NA	NA	NA
22	0.6237852	0.3906415	0.3366439	0.3210339	0.311695	0.3062602	0.302656	0.2965606	0.2801523	0.1554621	0.1405483	0.1509475	0.08601769	0.09116798	0.09539817	0.1062454	0.11913	0.1181039	0.09547634	0.04369873	0.03281378	0.002117221	NA	NA	NA	NA	NA	NA	NA	NA
23	0.2818825	0.2795956	0.2534494	0.2465626	0.2453353	0.2440605	0.2466672	0.2493902	0.2496086	0.2544663	0.1397799	0.1346036	0.1456809	0.08146015	0.0872182	0.09218713	0.1039562	0.1179831	0.1175557	0.09512783	0.04354491	0.03270096	0.002111798	NA	NA	NA	NA	NA	NA	NA
24	0.2428139	0.2399577	0.2391157	0.2280234	0.2248651	0.2259902	0.226719	0.2315721	0.2360723	0.2382488	0.2458229	0.134342	0.1321475	0.1432769	0.07964315	0.08554032	0.09066596	0.1026235	0.1168716	0.1166228	0.09440104	0.04321745	0.03245903	0.002098876	NA	NA	NA	NA	NA	NA
25	0.1897073	0.1812643	0.1798115	0.1795253	0.1747953	0.172995	0.1725787	0.1728549	0.1755916	0.1794963	0.1829796	0.1871643	0.1281657	0.1260389	0.1366557	0.07442863	0.07982073	0.0876917	0.09928472	0.1150426	0.1147738	0.09304893	0.04253222	0.03197644	0.002076258	NA	NA	NA	NA	NA
26	0.5557702	0.1893277	0.1809434	0.1794939	0.1792091	0.1744899	0.1726954	0.1723381	0.1726273	0.1753701	0.179287	0.1827843	0.1870059	0.1280338	0.1260054	0.1366415	0.07442192	0.07981516	0.08768605	0.09928006	0.1150376	0.1147705	0.09304641	0.04253067	0.03197467	0.002075748	NA	NA	NA	NA
27	0.8956767	0.5494635	0.1886209	0.1802952	0.1788814	0.1785987	0.1739055	0.1721313	0.1718932	0.1721949	0.1749397	0.1788663	0.1823748	0.1867965	0.1278728	0.1259333	0.1366076	0.07441106	0.07980741	0.08767877	0.09927365	0.1150306	0.1147655	0.09304214	0.04252706	0.03196994	0.002074134	NA	NA	NA
28	0.9954989	0.8916195	0.5463371	0.186258	0.1780669	0.1767337	0.1764535	0.1717869	0.1700288	0.1702591	0.1707094	0.173538	0.1776164	0.1812987	0.1860335	0.1274375	0.125778	0.1364674	0.07438072	0.07977778	0.08765067	0.09924357	0.114996	0.1147324	0.09301701	0.04250765	0.03194623	0.002066682	NA	NA
29	0.872719	0.8709308	0.8563502	0.5331859	0.1764069	0.1682258	0.1668943	0.1666198	0.1620388	0.1603083	0.1605269	0.1608545	0.1634048	0.1672556	0.1707082	0.1751433	0.1205509	0.1203136	0.1305079	0.07376371	0.07931187	0.08737138	0.09894448	0.11465	0.1143242	0.09250942	0.04183804	0.03095652	0.001687292	NA
30	0.898454	0.859898	0.8582005	0.8438059	0.5306738	0.1741317	0.1660071	0.1647429	0.1644687	0.1598884	0.1581717	0.1585893	0.1591043	0.1617624	0.1658055	0.1694785	0.1741729	0.1200037	0.1200922	0.130311	0.07373151	0.07928171	0.08734534	0.09891664	0.1146182	0.1142928	0.09248264	0.04181312	0.03092348	0.001675871
31	0.8895402	0.8527724	0.8393928	0.8379485	0.8288919	0.5201115	0.1668117	0.158689	0.157425	0.157156	0.1526863	0.1510038	0.1512372	0.1515469	0.1539052	0.1576491	0.1610096	0.1653121	0.1147885	0.1147366	0.1244691	0.07289981	0.07874291	0.08696889	0.09863398	0.1142901	0.1139041	0.09199865	0.04118243	0.02999108
32	0.4381306	0.4208382	0.4173599	0.4159028	0.4157646	0.4148771	0.4006298	0.05365075	0.04558323	0.04432593	0.04414586	0.04014563	0.03862489	0.03683911	0.03537573	0.03392296	0.03305837	0.03205784	0.02999114	0.02065347	0.01799488	0.01910782	0.01390045	0.01491307	0.01628011	0.0181688	0.02072039	0.01660379	0.01005407	0.00439168
33	0.4848258	0.4197212	0.4033195	0.4002821	0.3994968	0.3994097	0.3988855	0.3864241	0.03974546	0.03177534	0.030524	0.03035396	0.02636181	0.02485462	0.02280571	0.02110098	0.01919639	0.01777277	0.01614674	0.01330414	0.008877788	0.005900849	0.005938919	0.00504165	0.005249327	0.005525433	0.005920558	0.006471922	0.002844056	0.001722502
34	0.1589586	0.1277065	0.0842272	0.06926956	0.06659045	0.06597654	0.06590888	0.06551938	0.05731312	0.0333488	0.02538031	0.02412912	0.02396269	0.01997476	0.01847249	0.01649617	0.01487704	0.01303933	0.01160117	0.009958399	0.007071712	0.004455437	0.001667292	0.001353956	0.001140528	0.0009852466	0.0007914438	0.0005639551	0.0002806987	0.0001277721
35	0.4568115	0.1359693	0.1049895	0.0622172	0.04733301	0.04467585	0.04407049	0.04400673	0.04362418	0.03545889	0.0305225	0.02288848	0.02164732	0.02148112	0.01749346	0.01599204	0.01424862	0.0128706	0.01131787	0.0101061	0.008718612	0.006131018	0.003875402	0.001449152	0.001150171	0.0009636282	0.000829493	0.0006627292	0.0004692284	0.0002280452
36	0.6709103	0.4254182	0.1233098	0.09262921	0.05018708	0.03555434	0.03291068	0.03231384	0.03226219	0.03188243	0.02373093	0.02295642	0.02245859	0.02126765	0.02110147	0.01711387	0.01561277	0.01387379	0.01249271	0.01093673	0.00971687	0.008320167	0.005724563	0.003459029	0.001435984	0.001138317	0.0009534883	0.0008201963	0.0006544689	0.0004622572
37	0.889358	0.6113394	0.3827404	0.08138439	0.0511456	0.04607835	0.0320039	0.0294303	0.0288374	0.02880833	0.02843393	0.02029842	0.02000367	0.01997903	0.01997715	0.01981101	0.01582349	0.01432243	0.0129212	0.01149449	0.009887692	0.008608712	0.007144878	0.005511464	0.003237843	0.001204283	0.0011244	0.000939113	0.0008168461	0.0006515833
38	0.6082011	0.6009825	0.345723	0.3176893	0.01837027	0.01754154	0.01277588	0.0108391	0.008396176	0.008057961	0.008051232	0.007735788	0.006550961	0.006419879	0.006419134	0.006418672	0.006393382	0.00242394	0.0009255916	0.0007536261	0.0006229433	0.0005318636	0.0004631726	0.0003636913	0.0002814788	0.0001665048	6.566315e-05	6.02847e-05	4.838741e-05	4.317626e-05
39	0.7359124	0.6038952	0.5966781	0.3414414	0.3134581	0.01414175	0.01331862	0.01257673	0.0106413	0.008199139	0.007861103	0.00785451	0.007539247	0.006358168	0.006325645	0.006324932	0.006324474	0.006299191	0.002329757	0.0008314157	0.0006689878	0.0005482206	0.0004652714	0.000405823	0.000316837	0.0002465508	0.0001463554	6.086155e-05	5.566198e-05	4.498344e-05
40	0.3908324	0.3787928	0.3669445	0.3650988	0.3101094	0.3058172	0.007182274	0.006692097	0.006015669	0.004163637	0.00404285	0.003706603	0.003702991	0.00338914	0.002215663	0.002184721	0.002184036	0.002183689	0.002182883	0.002179408	0.0006839023	0.0005354103	0.000429131	0.000363292	0.0003174965	0.0002439083	0.0001911138	0.0001123589	4.845846e-05	4.411838e-05
41	0.336012	0.3139614	0.307832	0.3062374	0.3060977	0.3013422	0.3003289	0.004426446	0.004148804	0.003490897	0.002313187	0.002203433	0.002104568	0.002102618	0.001789489	0.0006179484	0.0005878238	0.0005871842	0.0005868397	0.0005867702	0.0005866672	0.0005865513	0.0004384932	0.0003670519	0.0003067701	0.0002625357	0.0002188152	0.0001680078	0.0001019103	4.120634e-05
42	0.6208318	0.330127	0.3090769	0.3031184	0.3022482	0.3022139	0.3003803	0.2995534	0.003665022	0.0033887	0.003364708	0.002189448	0.002080621	0.001981838	0.001979936	0.001666862	0.0004954228	0.0004655074	0.0004650063	0.0004647967	0.0004647285	0.0004646272	0.0004645128	0.0004285575	0.0003577931	0.0002983065	0.0002546615	0.0002116074	0.0001617573	9.710225e-05
43	0.246353	0.2449019	0.02790699	0.007565932	0.00275401	0.002596386	0.002591509	0.002460516	0.002436313	0.002418045	0.002167541	0.002148152	0.00143181	0.001426939	0.001413059	0.001412559	0.001409134	0.0002394848	0.000211858	0.0002114035	0.0002113229	0.0002112933	0.0002112576	0.0002112265	0.0001919559	0.0001720647	0.0001486693	0.0001300492	0.0001091077	8.33454e-05
44	0.2348484	0.2252649	0.2248344	0.02381581	0.003508363	0.001512159	0.001448481	0.001446701	0.00139777	0.001382625	0.001378986	0.001365577	0.00134693	0.001344341	0.001342957	0.001341504	0.001341231	0.001338383	0.0002008047	0.000173559	0.0001731514	0.0001730734	0.0001730533	0.0001730254	0.0001730016	0.0001566882	0.0001401191	0.0001204518	0.0001047725	8.708582e-05
45	0.6102674	0.2328787	0.2247863	0.2243603	0.02377472	0.003467841	0.001483998	0.001431195	0.001429451	0.001380735	0.001365658	0.00136216	0.001349917	0.001344185	0.00134162	0.001340242	0.0013388	0.001338529	0.00133569	0.0001981285	0.0001729172	0.0001725097	0.0001724317	0.0001724119	0.0001723842	0.0001723608	0.0001560666	0.0001395187	0.0001198738	0.0001042074
46	0.9175175	0.609367	0.2325173	0.2244499	0.2240243	0.02376607	0.003464734	0.001482324	0.001429888	0.001428148	0.001379528	0.001364477	0.001360992	0.001348836	0.001343623	0.001341062	0.001339686	0.001338245	0.001337974	0.001335136	0.0001975771	0.0001726222	0.0001722354	0.000172161	0.0001721413	0.0001721136	0.0001720902	0.0001558215	0.0001392977	0.0001196814
47	0.7304928	0.7113481	0.4041877	0.03657649	0.02858069	0.0281554	0.02365086	0.003462051	0.001480357	0.001428175	0.00142644	0.001378748	0.001363777	0.001360307	0.001348202	0.001343247	0.001340691	0.001339316	0.001337875	0.001337605	0.001334768	0.0001972099	0.0001723133	0.0001720372	0.000171966	0.0001719463	0.0001719187	0.0001718953	0.0001556559	0.0001391462
48	0.4937205	0.4336817	0.4160575	0.109193	0.01501968	0.008314649	0.007896728	0.003480302	0.00344835	0.001467699	0.001416853	0.001415418	0.001374448	0.001359989	0.001356567	0.001344491	0.001341289	0.001338754	0.001337386	0.001335946	0.001335677	0.001332841	0.0001952857	0.0001704091	0.0001701398	0.0001700896	0.0001700698	0.0001700422	0.0001700188	0.0001540762
49	0.1380374	0.1372579	0.09004459	0.0732591	0.06028427	0.004997159	0.0006613034	0.0005931678	0.0004628188	0.0004602547	0.0002914628	0.0002712379	0.0002701954	0.0002301497	0.0002158469	0.000213199	0.0002025425	0.0001995097	0.0001971492	0.0001958005	0.0001953723	0.0001951327	0.0001946973	0.0001937915	0.0001689265	0.0001686574	0.0001686071	0.0001685895	0.0001685675	0.0001685481
50	0.1502381	0.1332722	0.1325039	0.0852978	0.06851524	0.05981057	0.004821451	0.0005433939	0.0004758128	0.0004349794	0.0004329103	0.0002649905	0.0002479493	0.0002469129	0.0002068712	0.0001925693	0.0001899229	0.0001792762	0.000176358	0.0001739976	0.0001726489	0.0001722209	0.0001719812	0.000171546	0.0001706403	0.0001689193	0.0001686501	0.0001685998	0.0001685823	0.0001685602
51	0.6728922	0.1460684	0.1296338	0.1288773	0.08325118	0.06686407	0.05839744	0.004765392	0.000534093	0.0004668674	0.0004276634	0.0004256834	0.0002587297	0.0002421024	0.0002410899	0.0002020127	0.0001880213	0.0001854152	0.0001747822	0.0001718819	0.0001695739	0.0001682561	0.0001678315	0.0001675972	0.0001671669	0.0001662769	0.0001646073	0.0001645842	0.0001645363	0.0001645189
52	0.6818085	0.6702342	0.1445446	0.1282942	0.1275432	0.08270921	0.06651556	0.05810448	0.004752217	0.0005318782	0.0004647253	0.0004259785	0.0004240454	0.0002572896	0.0002408838	0.0002398763	0.0002009956	0.0001870751	0.0001844767	0.0001738467	0.0001709633	0.0001686657	0.0001673546	0.0001669306	0.0001666975	0.0001662681	0.0001653813	0.0001637298	0.0001637112	0.0001637112
53	0.5028155	0.4817111	0.4706014	0.1434075	0.1272221	0.1266448	0.08204432	0.06649277	0.05810245	0.004750549	0.0005303718	0.0004632535	0.0004245516	0.0004226193	0.0002558704	0.0002394697	0.0002384877	0.0001996436	0.0001869961	0.0001843978	0.0001737706	0.0001708874	0.0001685899	0.0001673223	0.0001668984	0.0001666695	0.0001662488	0.000165368	0.0001637165	0.0001636979
54	0.05180253	0.04803533	0.04770062	0.04741519	0.005472291	0.004840728	0.004807023	0.004043218	0.0035852	0.002884089	0.00154056	9.719879e-05	7.799872e-05	7.39935e-05	7.39488e-05	1.409509e-05	1.345276e-05	1.34262e-05	1.276906e-05	1.246902e-05	1.167515e-05	5.018542e-06	3.128735e-06	3.019911e-06	2.992964e-06	2.934554e-06	2.927605e-06	2.874733e-06	2.783251e-06	2.739557e-06
55	0.05150892	0.02851725	0.02692408	0.0267858	0.0266108	0.002827926	0.002520037	0.002508561	0.00217748	0.00195295	0.001628929	0.000986716	6.810815e-05	5.637797e-05	5.404093e-05	5.401646e-05	9.164188e-06	8.728636e-06	8.713854e-06	8.427835e-06	8.255001e-06	7.577262e-06	2.229537e-06	1.368449e-06	1.319791e-06	1.307366e-06	1.28094e-06	1.277353e-06	1.247543e-06	1.199162e-06
56	0.08372599	0.03954702	0.02273934	0.02151412	0.02140679	0.02125828	0.002244653	0.002010053	0.002001483	0.001743483	0.001565878	0.001339509	0.0008356157	5.78798e-05	4.962951e-05	4.773333e-05	4.771883e-05	6.863462e-06	6.468764e-06	6.456691e-06	6.23372e-06	6.094228e-06	5.446461e-06	1.638522e-06	1.058057e-06	1.02365e-06	1.013934e-06	9.958933e-07	9.931621e-07	9.69307e-07
57	0.1675476	0.04337537	0.01931487	0.01301737	0.01231335	0.01224878	0.01214258	0.001002729	0.0008837555	0.0008798379	0.0007265628	0.0006209482	0.0005534094	0.0002661364	3.996298e-05	3.798973e-05	3.687336e-05	3.686521e-05	2.582358e-06	2.381847e-06	2.374243e-06	2.241803e-06	2.157062e-06	1.558615e-06	7.247891e-07	6.061045e-07	5.943748e-07	5.886863e-07	5.843044e-07	5.829668e-07
58	0.1114911	0.1089117	0.02252016	0.01136529	0.008068527	0.007602361	0.007558507	0.007496122	0.000599027	0.0005328517	0.0005303691	0.0004276782	0.0003596859	0.0003205696	0.0001333715	2.097416e-05	1.998737e-05	1.900969e-05	1.90041e-05	1.447777e-06	1.304196e-06	1.299824e-06	1.211416e-06	1.161662e-06	8.654578e-07	4.600384e-07	4.032762e-07	3.961604e-07	3.92423e-07	3.900377e-07
59	0.05142441	0.04987154	0.04887588	0.01002399	0.004873641	0.003617149	0.00338075	0.003359432	0.003345971	0.0002496836	0.0002200882	0.0002190224	0.0001658321	0.0001329793	0.0001189879	2.006845e-05	3.830194e-06	3.673176e-06	3.528002e-06	3.524856e-06	3.933403e-07	3.605741e-07	3.591137e-07	3.137722e-07	2.958405e-07	2.605851e-07	2.128001e-07	2.058189e-07	2.030649e-07	2.012108e-07
60	0.01048991	0.007510341	0.007444766	0.007275702	0.001135917	0.0002885464	0.0001017776	6.195711e-05	5.837881e-05	5.691206e-05	2.92089e-05	2.655859e-05	2.646621e-05	1.774507e-05	1.480463e-05	1.179155e-05	5.426391e-07	8.901346e-08	8.521777e-08	7.814792e-08	7.693278e-08	4.801889e-08	4.482507e-08	4.463402e-08	3.700744e-08	3.453319e-08	3.396791e-08	3.35099e-08	3.337904e-08	3.297109e-08
61	0.01882846	0.009835503	0.007322696	0.007261422	0.007095892	0.001096351	0.000269648	8.744004e-05	4.857821e-05	4.507566e-05	4.366167e-05	2.829934e-05	2.576158e-05	2.567309e-05	1.713791e-05	1.432013e-05	1.135238e-05	4.629824e-07	7.307384e-08	6.989584e-08	6.339068e-08	6.302239e-08	4.658538e-08	4.351382e-08	4.332802e-08	3.585938e-08	3.344934e-08	3.302377e-08	3.27561e-08	3.265676e-08
62	0.9987577	0.01786597	0.009665215	0.007213845	0.007158991	0.007002644	0.001086156	0.0002660517	8.448935e-05	4.571183e-05	4.221967e-05	4.081667e-05	2.654311e-05	2.401306e-05	2.392581e-05	1.540998e-05	1.260266e-05	1.132295e-05	4.582931e-07	7.209224e-08	6.896579e-08	6.249749e-08	6.213e-08	4.643694e-08	4.337461e-08	4.318986e-08	3.573792e-08	3.333466e-08	3.292896e-08	3.267246e-08
63	0.0003568841	0.0003510608	9.966707e-05	6.465411e-05	4.77663e-05	4.693437e-05	4.587745e-05	7.373924e-06	2.005739e-06	8.072729e-07	5.544129e-07	5.198278e-07	5.114197e-07	1.797431e-07	1.626002e-07	1.619682e-07	1.060396e-07	8.666665e-08	7.434764e-08	4.252851e-09	7.394979e-10	7.087508e-10	6.582223e-10	6.557857e-10	3.110907e-10	2.903025e-10	2.890621e-10	2.404976e-10	2.24574e-10	2.192585e-10
64	0.0001267202	3.546062e-05	3.460984e-05	1.623019e-05	9.271902e-06	6.881643e-06	6.694614e-06	6.546433e-06	1.271148e-06	5.111045e-07	3.325311e-07	2.973055e-07	2.873711e-07	2.846202e-07	3.077828e-08	2.780785e-08	2.766795e-08	1.98939e-08	1.611565e-08	1.095974e-08	1.6911e-09	3.370339e-10	3.237288e-10	3.096378e-10	3.092635e-10	5.052207e-11	4.691442e-11	4.671048e-11	3.996891e-11	3.753102e-11
65	7.846775e-05	2.149481e-05	6.955453e-06	6.678214e-06	6.585413e-06	2.60823e-06	1.770426e-06	1.758147e-06	1.711014e-06	3.180931e-07	7.957878e-08	2.605682e-08	1.496873e-08	7.228246e-09	5.662603e-09	3.918156e-09	3.596007e-09	3.567806e-09	1.190495e-09	4.239838e-10	7.037211e-11	2.313874e-11	1.667941e-11	1.642105e-11	1.486692e-11	1.47267e-11	1.272263e-11	1.214684e-11	1.208475e-11	9.976734e-12
66	7.0508e-05	3.744028e-05	1.874627e-05	4.401646e-06	4.166701e-06	4.082284e-06	2.484096e-06	1.754372e-06	1.742303e-06	1.695498e-06	3.15017e-07	7.831881e-08	2.525287e-08	1.424546e-08	6.513744e-09	4.953022e-09	3.84026e-09	3.527995e-09	3.500087e-09	1.140697e-09	3.831363e-10	3.307995e-11	1.821409e-11	1.584346e-11	1.561819e-11	1.410354e-11	1.39641e-11	1.259934e-11	1.203654e-11	1.19749e-11
67	0.0006393648	3.994482e-05	3.69892e-05	1.837339e-05	4.054543e-06	3.841969e-06	3.757788e-06	2.466325e-06	1.750263e-06	1.738199e-06	1.691414e-06	3.116818e-07	7.520858e-08	2.523533e-08	1.423305e-08	6.501798e-09	4.941268e-09	3.836566e-09	3.525366e-09	3.49747e-09	1.139192e-09	3.820179e-10	3.213776e-11	1.803077e-11	1.576902e-11	1.554419e-11	1.408771e-11	1.394832e-11	1.258995e-11	1.202937e-11
68	0.1889164	0.0006023342	3.955278e-05	3.691773e-05	1.831594e-05	4.003526e-06	3.791698e-06	3.707599e-06	2.459796e-06	1.747452e-06	1.735391e-06	1.68862e-06	3.093649e-07	7.473074e-08	2.521509e-08	1.42302e-08	6.499269e-09	4.939166e-09	3.834879e-09	3.523868e-09	3.495978e-09	1.138482e-09	3.815588e-10	3.179495e-11	1.793369e-11	1.568038e-11	1.545564e-11	1.408204e-11	1.39434e-11	1.258552e-11
69	0.9999642	0.1889102	0.0005968444	3.809524e-05	3.596132e-05	1.736444e-05	3.973319e-06	3.766637e-06	3.682972e-06	2.438673e-06	1.740201e-06	1.728143e-06	1.681383e-06	3.024824e-07	7.436886e-08	2.507926e-08	1.422664e-08	6.495955e-09	4.936003e-09	3.832763e-09	3.52257e-09	3.494685e-09	1.137792e-09	3.810634e-10	3.140302e-11	1.786493e-11	1.562103e-11	1.539635e-11	1.40237e-11	1.392153e-11
70	0.9999614	0.9999589	0.1889054	0.0005938728	3.721975e-05	3.51299e-05	1.704603e-05	3.960395e-06	3.75444e-06	3.672124e-06	2.427938e-06	1.729532e-06	1.722531e-06	1.680213e-06	3.024055e-07	7.433531e-08	2.50515e-08	1.420026e-08	6.479358e-09	4.920487e-09	3.830802e-09	3.520648e-09	3.49378e-09	1.137398e-09	3.807602e-10	3.125298e-11	1.777108e-11	1.552965e-11	1.530522e-11	1.393274e-11
71	0.999994	0.9999608	0.9999584	0.1889051	0.0005935491	3.720701e-05	3.512297e-05	1.703947e-05	3.957674e-06	3.751739e-06	3.671728e-06	2.427639e-06	1.729284e-06	1.722284e-06	1.679969e-06	3.023023e-07	7.42492e-08	2.496937e-08	1.411894e-08	6.471163e-09	4.912699e-09	3.823173e-09	3.513058e-09	3.493209e-09	1.137084e-09	3.805101e-10	3.103078e-11	1.775794e-11	1.552117e-11	1.529877e-11
72	0.1889787	0.1889768	0.1889438	0.188942	0.1889047	0.0005934587	3.715354e-05	3.511101e-05	1.702897e-05	3.948187e-06	3.742268e-06	3.664911e-06	2.420859e-06	1.722523e-06	1.715524e-06	1.673211e-06	2.956016e-07	6.755507e-08	1.827687e-08	7.426756e-09	6.463396e-09	4.911678e-09	3.822252e-09	3.512152e-09	3.49286e-09	1.136954e-09	3.804131e-10	3.094451e-11	1.775187e-11	1.551799e-11
73	0.0006003172	0.0005821165	0.0005821011	0.0005539684	0.0005530648	0.0005527936	0.0005486682	1.502273e-06	1.468229e-07	1.00684e-07	4.987115e-08	4.908454e-08	4.417295e-08	3.947481e-08	7.254206e-09	7.062086e-09	6.903413e-09	1.235648e-09	3.865201e-10	2.021425e-10	1.618331e-10	1.581473e-10	1.571942e-10	1.681564e-11	1.468469e-11	1.459285e-11	5.829055e-12	3.010078e-12	1.701345e-12	2.009886e-13
74	4.390249e-05	3.160396e-05	3.156854e-05	3.156732e-05	3.454236e-06	2.667272e-06	2.413359e-06	1.487801e-06	1.435684e-06	8.379477e-08	3.921121e-08	3.240345e-08	3.229079e-08	3.192124e-08	3.123412e-08	1.16932e-09	1.002584e-09	9.803244e-10	1.529419e-10	3.718546e-11	1.155533e-11	6.075611e-12	5.490851e-12	5.340112e-12	4.076562e-12	3.227293e-12	3.200423e-12	1.998954e-12	1.609023e-12	1.429544e-12
75	3.979363e-05	2.304466e-06	2.076525e-06	2.074845e-06	2.073926e-06	2.071475e-06	1.284719e-06	1.030832e-06	1.058022e-07	5.397425e-08	5.360611e-08	9.034093e-09	2.529383e-09	2.42827e-09	2.060437e-09	1.449527e-09	1.123812e-09	9.572284e-10	9.35954e-10	1.454095e-10	3.494956e-11	1.057663e-11	5.34816e-12	4.785857e-12	4.640831e-12	3.400629e-12	3.108029e-12	3.081637e-12	1.934719e-12	1.562305e-12
76	0.0001073841	6.631947e-07	3.65521e-07	2.810064e-07	2.803013e-07	2.797969e-07	2.784927e-07	2.773761e-07	2.547808e-08	1.426642e-08	1.166558e-08	1.146108e-08	5.032326e-09	1.415968e-09	1.360781e-09	1.059502e-09	7.268578e-10	5.494387e-10	5.247814e-10	5.132968e-10	7.965953e-11	1.95462e-11	6.241532e-12	3.39888e-12	3.05117e-12	2.96514e-12	1.947818e-12	1.762918e-12	1.756326e-12	1.127314e-12
77	0.0007623328	5.480606e-05	2.692881e-07	1.098345e-07	2.675856e-08	2.606559e-08	2.557808e-08	2.429716e-08	2.426649e-08	2.415014e-08	1.314094e-08	1.100528e-08	1.080347e-08	4.893145e-09	1.378902e-09	1.324432e-09	1.025229e-09	6.968491e-10	5.216861e-10	5.178084e-10	5.067161e-10	7.856063e-11	1.921248e-11	6.076354e-12	3.269941e-12	3.018079e-12	2.933141e-12	1.919655e-12	1.736628e-12	1.730312e-12
78	0.9810339	0.0002231092	1.056835e-06	5.290616e-09	2.965208e-09	7.158094e-10	6.957051e-10	6.818379e-10	6.410655e-10	6.394592e-10	6.128179e-10	4.981697e-10	1.176392e-10	1.044065e-10	1.006134e-10	2.733929e-11	2.621246e-11	2.170157e-11	1.511068e-11	1.156034e-11	1.150827e-11	1.128494e-11	2.359639e-12	1.177025e-12	8.855306e-13	8.312293e-13	8.263222e-13	8.232141e-13	5.848308e-14	5.144139e-14
79	0.003701519	0.003655467	7.171789e-06	2.118369e-07	3.235083e-09	2.728246e-09	6.520481e-10	6.333393e-10	6.205039e-10	5.824632e-10	5.81158e-10	5.546951e-10	4.501212e-10	9.363938e-11	8.808005e-11	8.474862e-11	2.074219e-11	1.972626e-11	1.966612e-11	1.372066e-11	1.052016e-11	1.048508e-11	1.028447e-11	2.202977e-12	1.137542e-12	8.718813e-13	8.23125e-13	8.187308e-13	8.157631e-13	5.469754e-14
80	0.0006607504	0.0002980761	0.0002941778	6.757909e-06	2.05011e-07	3.036343e-09	2.563111e-09	6.400544e-10	6.213533e-10	6.085239e-10	5.821543e-10	5.808494e-10	5.543873e-10	4.49867e-10	9.340306e-11	8.792704e-11	8.459672e-11	2.062548e-11	1.961829e-11	1.955896e-11	1.368238e-11	1.051437e-11	1.047932e-11	1.027881e-11	2.201713e-12	1.136883e-12	8.718065e-13	8.230789e-13	8.186873e-13	8.157202e-13
81	0.007815263	7.317656e-05	3.442202e-05	3.396311e-05	1.026626e-06	2.987322e-08	8.510638e-10	7.783159e-10	2.394603e-10	2.330663e-10	2.301944e-10	2.243301e-10	2.238096e-10	2.023712e-10	1.882176e-10	1.564067e-11	1.41659e-11	1.291366e-11	2.346652e-12	2.209566e-12	2.196511e-12	1.554944e-12	1.207385e-12	1.202001e-12	1.179774e-12	2.98439e-13	1.690836e-13	1.178909e-13	1.124063e-13	1.119251e-13
82	0.001282832	0.0001363189	1.454378e-06	6.57508e-07	6.333846e-07	1.881154e-08	6.00933e-10	1.615612e-11	1.476742e-11	4.884732e-12	4.767756e-12	4.712252e-12	4.605736e-12	4.596616e-12	4.499986e-12	3.693439e-12	5.913115e-13	5.65078e-13	2.348375e-13	4.351347e-14	4.101923e-14	3.931125e-14	2.779667e-14	2.157752e-14	2.145985e-14	2.106142e-14	5.309753e-15	2.990079e-15	2.057451e-15	1.959037e-15
83	0.001482386	1.507365e-05	2.315913e-06	8.939675e-08	1.914817e-08	1.283966e-08	3.42284e-10	1.463918e-11	3.436615e-13	3.13106e-13	3.702325e-14	3.441928e-14	2.965795e-14	2.304916e-14	2.294656e-14	2.187938e-14	1.898298e-14	5.724886e-15	5.209784e-15	4.923678e-15	1.894138e-15	1.784995e-15	4.709336e-16	3.164329e-16	2.498082e-16	2.487717e-16	2.443399e-16	7.507184e-17	4.189772e-17	2.026238e-17
84	0.1062492	0.001114628	8.982253e-06	9.868699e-07	8.800082e-08	1.701718e-08	1.036621e-08	2.1014e-10	7.058454e-12	1.863168e-13	1.625573e-13	2.538418e-14	2.391433e-14	1.936293e-14	1.331627e-14	1.327457e-14	1.230593e-14	1.068703e-14	3.838858e-15	3.442367e-15	3.376878e-15	1.797621e-15	1.697362e-15	3.028615e-16	1.923129e-16	1.505267e-16	1.500109e-16	1.472642e-16	4.185384e-17	2.191215e-17
85	0.0760763	0.064282	0.000952613	5.729316e-06	5.961795e-07	7.777085e-08	1.555816e-08	8.714253e-09	1.208661e-10	4.79094e-12	5.756057e-14	3.895981e-14	1.392259e-14	1.37132e-14	1.359244e-14	7.872304e-15	7.852984e-15	6.939098e-15	6.111149e-15	2.628904e-15	2.323391e-15	2.294134e-15	1.755946e-15	1.661097e-15	1.742602e-16	9.682664e-17	7.414997e-17	7.388446e-17	7.242604e-17	1.628353e-17
86	0.07079663	0.05118965	0.04645887	0.0009111604	4.285411e-06	3.716904e-07	2.533503e-08	9.151453e-09	7.93672e-09	9.926763e-11	4.249473e-12	3.002667e-14	1.792936e-14	1.153479e-14	1.148239e-14	1.14452e-14	6.030779e-15	6.016595e-15	5.081577e-15	4.600741e-15	2.28911e-15	2.09334e-15	2.07594e-15	1.798568e-15	1.704424e-15	1.117055e-16	5.237289e-17	3.899637e-17	3.884525e-17	3.801662e-17
87	0.9698845	0.04705214	0.02862548	0.02365142	0.0009771664	4.569241e-06	3.823605e-07	1.324519e-08	8.381142e-09	8.147601e-09	1.059053e-10	4.546953e-12	2.673909e-14	1.67141e-14	1.015873e-14	1.010439e-14	1.006546e-14	6.388564e-15	6.373382e-15	5.367107e-15	4.856233e-15	2.388162e-15	2.236247e-15	2.217731e-15	1.923779e-15	1.831382e-15	1.161672e-16	5.548255e-17	4.129787e-17	4.113751e-17
88	0.9661456	0.9618799	0.04846485	0.02951299	0.02430087	0.0001238991	4.915253e-06	4.069839e-07	1.107587e-08	5.974713e-09	5.855483e-09	1.103482e-10	4.850292e-12	2.295801e-14	1.395438e-14	7.004244e-15	6.946349e-15	6.904974e-15	6.780676e-15	6.764287e-15	5.674492e-15	5.127772e-15	2.464386e-15	2.321749e-15	2.301847e-15	1.987341e-15	1.982619e-15	1.245117e-16	5.917665e-17	4.404683e-17
89	0.9533496	0.9482098	0.9439831	0.05184367	0.03181049	0.02621246	0.0001307701	2.382975e-06	4.41153e-07	1.204483e-08	6.496789e-09	6.366946e-09	1.200463e-10	5.276069e-12	2.372177e-14	1.392955e-14	6.424506e-15	6.362001e-15	6.317471e-15	6.183008e-15	6.17759e-15	6.169294e-15	5.578069e-15	2.683073e-15	2.527695e-15	2.506115e-15	2.165801e-15	2.160696e-15	1.348583e-16	6.387002e-17
90	0.8381332	0.8271924	0.8217402	0.8175898	0.04154522	0.02895825	0.02380987	0.0001190097	2.029246e-06	2.513265e-07	8.19419e-09	2.412997e-09	2.295409e-09	3.163386e-11	9.919517e-13	1.113437e-14	8.018345e-15	1.409953e-15	1.354173e-15	1.314338e-15	1.204893e-15	1.202874e-15	1.196098e-15	7.83896e-16	6.277918e-16	4.603638e-16	4.441043e-16	1.477406e-16	1.431362e-16	1.298371e-16
91	0.8242193	0.8193471	0.809672	0.8036591	0.7992823	0.04422618	0.03095131	0.02607596	0.0001304168	2.220217e-06	2.697257e-07	3.068989e-09	1.430965e-09	1.402878e-09	3.342726e-11	1.037995e-12	1.167987e-14	8.728812e-15	1.481077e-15	1.419915e-15	1.37642e-15	1.259891e-15	1.257691e-15	1.250326e-15	7.984656e-16	6.295424e-16	4.564868e-16	4.385266e-16	1.126976e-16	1.077002e-16
92	0.9483044	0.8016752	0.7975018	0.7893864	0.7826684	0.778005	0.04832627	0.0341707	0.02897568	0.0001449647	2.466488e-06	2.972116e-07	3.395948e-09	1.581103e-09	1.554667e-09	3.721399e-11	1.155035e-12	1.202026e-14	9.5264e-15	1.462322e-15	1.394249e-15	1.346044e-15	1.225604e-15	1.223167e-15	1.215052e-15	7.128458e-16	5.276318e-16	5.082353e-16	4.88137e-16	1.250085e-16
93	0.9907277	0.9377946	0.7704635	0.7662913	0.7585473	0.7564551	0.7537174	0.0476296	0.03368785	0.02854697	0.00014331	2.449516e-06	2.947459e-07	3.367414e-09	1.567023e-09	1.539892e-09	3.598407e-11	1.145167e-12	1.183061e-14	9.375553e-15	1.395392e-15	1.328004e-15	1.280298e-15	1.161277e-15	1.158943e-15	1.150712e-15	6.564152e-16	4.903542e-16	4.711927e-16	4.62076e-16
94	0.9941787	0.9851376	0.9349857	0.7400813	0.7359568	0.729519	0.7273924	0.7246249	0.04628714	0.03270132	0.02767948	0.0001357372	2.404635e-06	2.88708e-07	3.296045e-09	1.532202e-09	1.504788e-09	3.53104e-11	1.135741e-12	1.156932e-14	9.15831e-15	1.364359e-15	1.298652e-15	1.25209e-15	1.136233e-15	1.133941e-15	1.125579e-15	6.461232e-16	4.830082e-16	4.644148e-16
95	0.9938169	0.9924895	0.9834526	0.9326724	0.6991494	0.6949422	0.689125	0.6869466	0.6841353	0.04439413	0.03131153	0.02645564	0.0001296289	2.15609e-06	2.801835e-07	3.198805e-09	1.486153e-09	1.457806e-09	3.434534e-11	1.122003e-12	1.121071e-14	8.860281e-15	1.318811e-15	1.255234e-15	1.210209e-15	1.098339e-15	1.096167e-15	1.090089e-15	6.316115e-16	4.725757e-16
96	0.6804154	0.6797869	0.6789243	0.670663	0.6360739	0.6347533	0.6304185	0.6255201	0.6245764	0.6230099	0.04113887	0.02919573	0.02459269	0.0001205374	1.991236e-06	2.467983e-07	2.99917e-09	1.365091e-09	1.335609e-09	3.163737e-11	9.383099e-13	1.053005e-14	8.363941e-15	1.208236e-15	1.147903e-15	1.10522e-15	9.996589e-16	9.976331e-16	9.919152e-16	5.65488e-16
97	0.576296	0.5702584	0.5702311	0.5695034	0.562012	0.5326434	0.5314876	0.5294278	0.5260246	0.5253804	0.5241327	0.03635817	0.02573669	0.02156663	0.0001058121	1.750424e-06	2.188962e-07	2.572618e-09	1.203603e-09	1.187782e-09	2.881984e-11	8.502378e-13	9.536139e-15	7.625308e-15	1.085448e-15	1.030301e-15	9.913679e-16	8.958114e-16	8.939667e-16	8.888116e-16
98	0.9381615	0.5590304	0.5545613	0.5545373	0.5538149	0.5488285	0.5209049	0.5198413	0.5185554	0.5152734	0.514643	0.5134177	0.03438612	0.0239151	0.01980724	9.734886e-05	1.614685e-06	2.053209e-07	2.453029e-09	1.150028e-09	1.135798e-09	2.827895e-11	8.274189e-13	9.346522e-15	7.491096e-15	1.040381e-15	9.859779e-16	9.475452e-16	8.556437e-16	8.538309e-16
99	0.999904	0.9466795	0.563044	0.5585246	0.558503	0.557807	0.552776	0.5271818	0.5263193	0.5250082	0.5216551	0.5210177	0.5197667	0.0308267	0.02012434	0.01592962	7.882399e-05	1.320758e-06	1.786356e-07	2.2603e-09	1.067633e-09	1.055091e-09	2.826472e-11	8.082432e-13	9.369303e-15	7.565128e-15	9.773811e-16	9.218284e-16	8.825582e-16	7.926666e-16
