#unpaired probabilities
 #i$	l=1	2	3	4	5	6	7	8	9	10	11	12	13	14	15	16	17	18	19	20	21	22	23	24	25	26	27	28	29	30	
1	0.987799	NA	NA	NA	NA	NA	NA	NA	NA	NA	NA	NA	NA	NA	NA	NA	NA	NA	NA	NA	NA	NA	NA	NA	NA	NA	NA	NA	NA	NA
2	0.992692	0.9836623	NA	NA	NA	NA	NA	NA	NA	NA	NA	NA	NA	NA	NA	NA	NA	NA	NA	NA	NA	NA	NA	NA	NA	NA	NA	NA	NA	NA
3	0.9912062	0.9849598	0.9760998	NA	NA	NA	NA	NA	NA	NA	NA	NA	NA	NA	NA	NA	NA	NA	NA	NA	NA	NA	NA	NA	NA	NA	NA	NA	NA	NA
4	0.9302279	0.9242191	0.9198036	0.9114011	NA	NA	NA	NA	NA	NA	NA	NA	NA	NA	NA	NA	NA	NA	NA	NA	NA	NA	NA	NA	NA	NA	NA	NA	NA	NA
5	0.9470017	0.928918	0.922922	0.9185146	0.9101219	NA	NA	NA	NA	NA	NA	NA	NA	NA	NA	NA	NA	NA	NA	NA	NA	NA	NA	NA	NA	NA	NA	NA	NA	NA
6	0.9989944	0.9467362	0.9286576	0.9226618	0.9182539	0.9098676	NA	NA	NA	NA	NA	NA	NA	NA	NA	NA	NA	NA	NA	NA	NA	NA	NA	NA	NA	NA	NA	NA	NA	NA
7	0.9982782	0.9974107	0.9452145	0.9271646	0.9211739	0.9167702	0.9083958	NA	NA	NA	NA	NA	NA	NA	NA	NA	NA	NA	NA	NA	NA	NA	NA	NA	NA	NA	NA	NA	NA	NA
8	0.3755512	0.3756071	0.3740856	0.3593249	0.3529489	0.3510074	0.3497486	0.3475126	NA	NA	NA	NA	NA	NA	NA	NA	NA	NA	NA	NA	NA	NA	NA	NA	NA	NA	NA	NA	NA	NA
9	0.4417695	0.3650477	0.365146	0.3636743	0.3492858	0.3430814	0.3411795	0.3399576	0.337782	NA	NA	NA	NA	NA	NA	NA	NA	NA	NA	NA	NA	NA	NA	NA	NA	NA	NA	NA	NA	NA
10	0.5076967	0.4358119	0.3608486	0.360814	0.3593836	0.3454438	0.3394655	0.3381866	0.3370271	0.3348918	NA	NA	NA	NA	NA	NA	NA	NA	NA	NA	NA	NA	NA	NA	NA	NA	NA	NA	NA	NA
11	0.9949706	0.505313	0.4336894	0.3591419	0.3591096	0.3576972	0.343801	0.3378501	0.3365773	0.3354233	0.3332979	NA	NA	NA	NA	NA	NA	NA	NA	NA	NA	NA	NA	NA	NA	NA	NA	NA	NA	NA
12	0.3123814	0.295459	0.2517085	0.2187342	0.1823141	0.1829059	0.1829472	0.1709879	0.1678713	0.1672263	0.1666612	0.1655727	NA	NA	NA	NA	NA	NA	NA	NA	NA	NA	NA	NA	NA	NA	NA	NA	NA	NA
13	0.3833899	0.3094331	0.2925621	0.2491974	0.2163304	0.1812797	0.1818766	0.1819279	0.169981	0.1668813	0.16624	0.1656782	0.164596	NA	NA	NA	NA	NA	NA	NA	NA	NA	NA	NA	NA	NA	NA	NA	NA	NA
14	0.8629548	0.2583177	0.2008276	0.1885885	0.1724478	0.148534	0.1253658	0.1261745	0.1267408	0.1154057	0.113196	0.1127509	0.1123738	0.1116187	NA	NA	NA	NA	NA	NA	NA	NA	NA	NA	NA	NA	NA	NA	NA	NA
15	0.8572266	0.8473856	0.246652	0.1899379	0.1778199	0.1616526	0.1441017	0.1216432	0.1224728	0.1231596	0.1118615	0.1097127	0.1093126	0.1089543	0.1082211	NA	NA	NA	NA	NA	NA	NA	NA	NA	NA	NA	NA	NA	NA	NA
16	0.8665326	0.8536575	0.8438976	0.2433837	0.1869825	0.1749096	0.1588944	0.141415	0.1204381	0.121272	0.1219686	0.1106836	0.108554	0.1081582	0.1078038	0.1070777	NA	NA	NA	NA	NA	NA	NA	NA	NA	NA	NA	NA	NA	NA
17	0.9997766	0.8663413	0.8534814	0.8437159	0.2432037	0.1868065	0.1747279	0.1588411	0.141368	0.1203989	0.1212329	0.1219298	0.1106453	0.1085163	0.1081206	0.1077664	0.1070405	NA	NA	NA	NA	NA	NA	NA	NA	NA	NA	NA	NA	NA
18	0.9998616	0.9996427	0.8662142	0.8533667	0.8436	0.2430951	0.1867083	0.1746312	0.1587865	0.14132	0.1203587	0.1211929	0.1218901	0.110606	0.1084777	0.1080821	0.107728	0.1070023	NA	NA	NA	NA	NA	NA	NA	NA	NA	NA	NA	NA
19	0.9972497	0.9969949	0.9966455	0.8630763	0.8530551	0.843295	0.2428136	0.1864579	0.1743874	0.1586353	0.1411874	0.1202485	0.1210835	0.1217816	0.1104987	0.1083721	0.1079769	0.1076232	0.1068982	NA	NA	NA	NA	NA	NA	NA	NA	NA	NA	NA
20	0.3359476	0.3315608	0.3267109	0.3214189	0.1956831	0.1801972	0.179219	0.1599466	0.1297169	0.1207205	0.1086997	0.09566483	0.08001014	0.0797571	0.07914595	0.07820301	0.07684266	0.07656231	0.07631471	0.07579053	NA	NA	NA	NA	NA	NA	NA	NA	NA	NA
21	0.2753066	0.2289346	0.2199769	0.2100293	0.1990462	0.1829831	0.1679699	0.1671482	0.1493673	0.1247839	0.1161183	0.1044947	0.09193244	0.07684468	0.07657764	0.07596188	0.07513096	0.07390621	0.07362798	0.07337242	0.07292187	NA	NA	NA	NA	NA	NA	NA	NA	NA
22	0.4851526	0.2651613	0.2271961	0.2181973	0.2082033	0.1971662	0.18105	0.1667571	0.1658862	0.1480735	0.1234586	0.1147138	0.1042798	0.09174325	0.07668646	0.07641999	0.07580553	0.07497638	0.07375415	0.07347647	0.07322144	0.07277181	NA	NA	NA	NA	NA	NA	NA	NA
23	0.7151059	0.476509	0.2636751	0.2264007	0.2174436	0.207555	0.1966293	0.18057	0.166291	0.1655045	0.147713	0.123136	0.1144463	0.1040154	0.09160661	0.07656858	0.07630375	0.07569252	0.07486339	0.07364373	0.07337449	0.07312181	0.07267307	NA	NA	NA	NA	NA	NA	NA
24	0.1521205	0.1270787	0.1173952	0.06760635	0.05746825	0.05501354	0.05229903	0.04926831	0.04498983	0.04091249	0.03927933	0.03478169	0.02890692	0.02681168	0.02428997	0.02129819	0.0176464	0.01750657	0.01736712	0.01717512	0.01689519	0.01683322	0.01677511	0.01667213	NA	NA	NA	NA	NA	NA
25	0.3639316	0.1412667	0.1178367	0.1090028	0.06348113	0.05407211	0.05174609	0.0491736	0.0462995	0.04225541	0.03838553	0.03673584	0.03250613	0.02700828	0.02504586	0.02268417	0.01988219	0.01647035	0.01633465	0.01620457	0.01602526	0.01576406	0.01570622	0.01565198	0.0155559	NA	NA	NA	NA	NA
26	0.9995342	0.3635278	0.1410387	0.1177124	0.1088905	0.06341307	0.05401174	0.05168701	0.04911594	0.04624319	0.04220129	0.0383522	0.03670335	0.03247695	0.02698347	0.02502247	0.02266491	0.01986521	0.01645612	0.01632045	0.01619049	0.01601134	0.01575036	0.01569258	0.01563839	0.01554239	NA	NA	NA	NA
27	0.9920738	0.9920354	0.3570296	0.138387	0.1156066	0.1069264	0.06227313	0.0530451	0.05076436	0.04824185	0.04541835	0.04144642	0.03767725	0.03604861	0.03189517	0.02649798	0.02457089	0.02225544	0.01950424	0.01615357	0.0160186	0.01589114	0.01571538	0.01545922	0.0154025	0.0153493	0.01525507	NA	NA	NA
28	0.9697642	0.9693732	0.9702813	0.3367788	0.1295294	0.108631	0.10028	0.05861541	0.05015449	0.04796879	0.04555116	0.04284347	0.03904847	0.03559006	0.03395265	0.03002167	0.02493647	0.02311946	0.02093876	0.0183453	0.01521962	0.01509338	0.01497322	0.01480745	0.01456607	0.01451261	0.01446248	0.01437369	NA	NA
29	0.3940947	0.3840922	0.3838586	0.3840405	0.1285352	0.05142891	0.04301922	0.04020372	0.02350346	0.02010298	0.01922316	0.01825009	0.01717277	0.0156573	0.01427343	0.01362774	0.01205213	0.01001208	0.00928348	0.008408886	0.007368751	0.006115321	0.006065574	0.006016632	0.005948769	0.005851741	0.005830259	0.005810135	0.005774406	NA
30	0.00689389	0.005816111	0.005690794	0.005385281	0.005145976	0.002836124	0.00120183	0.00100474	0.0009297885	0.0005529297	0.0004619995	0.0004355768	0.0004063347	0.0003784046	0.0003412908	0.000306095	0.0002750621	0.0002406262	0.0002001259	0.0001856988	0.000168415	0.0001479182	0.0001232224	0.0001220351	0.000120651	0.0001189576	0.0001170191	0.0001165899	0.000116188	0.0001154752
31	0.02457165	0.002022666	0.001775322	0.001740393	0.001604105	0.001489677	0.0009396164	0.0004109303	0.0003464366	0.0003195895	0.0001922125	0.00015959	0.0001499113	0.0001392169	0.0001291136	0.0001159843	0.0001033004	8.865166e-05	7.696805e-05	6.39734e-05	5.93334e-05	5.377591e-05	4.719108e-05	3.925747e-05	3.899476e-05	3.840298e-05	3.777869e-05	3.716292e-05	3.702661e-05	3.689883e-05
32	0.01649356	0.001697502	0.0002598943	0.0002357138	0.0002316898	0.0001907263	0.0001662515	0.000128054	5.975221e-05	5.079197e-05	4.613934e-05	3.043957e-05	2.494353e-05	2.322062e-05	2.131234e-05	1.933337e-05	1.6904e-05	1.441297e-05	1.087537e-05	9.089067e-06	7.554512e-06	7.00794e-06	6.353047e-06	5.578222e-06	4.644826e-06	4.61638e-06	4.568874e-06	4.482684e-06	4.409451e-06	4.393222e-06
33	0.0007102706	0.0001032583	2.872973e-05	6.175493e-06	5.841635e-06	5.696986e-06	4.414459e-06	3.383687e-06	2.698153e-06	1.390319e-06	1.192042e-06	1.055072e-06	7.450179e-07	5.891369e-07	5.433749e-07	4.926736e-07	4.284812e-07	3.654512e-07	2.937058e-07	1.80973e-07	1.408117e-07	1.166278e-07	1.081508e-07	9.801864e-08	8.611889e-08	7.175011e-08	7.135504e-08	7.049443e-08	6.941242e-08	6.818425e-08
34	0.01836495	0.0003666889	6.06545e-05	1.772322e-05	4.105212e-06	3.905492e-06	3.879139e-06	2.984747e-06	2.170021e-06	1.783894e-06	9.414384e-07	8.082906e-07	7.09851e-07	5.080134e-07	3.972737e-07	3.657504e-07	3.308301e-07	2.832284e-07	2.406283e-07	1.898604e-07	1.10762e-07	8.366013e-08	6.937151e-08	6.43239e-08	5.829963e-08	5.125337e-08	4.273084e-08	4.252033e-08	4.194863e-08	4.133927e-08
35	0.0560525	0.01560666	0.0003110293	5.129852e-05	1.450927e-05	2.956435e-06	2.767503e-06	2.722044e-06	2.158395e-06	1.693481e-06	1.418941e-06	7.165778e-07	6.101946e-07	5.343762e-07	3.67719e-07	2.826563e-07	2.596233e-07	2.341513e-07	2.101654e-07	1.807223e-07	1.4451e-07	9.502646e-08	7.460589e-08	6.184193e-08	5.732098e-08	5.192685e-08	4.562149e-08	3.798753e-08	3.77753e-08	3.73469e-08
36	0.06940947	0.03840395	0.01392519	0.0002768498	4.57613e-05	1.270943e-05	2.425443e-06	2.24763e-06	2.229955e-06	1.828886e-06	1.444422e-06	1.215743e-06	6.036216e-07	5.11468e-07	4.471909e-07	3.006234e-07	2.287774e-07	2.102249e-07	1.897276e-07	1.71402e-07	1.496735e-07	1.206975e-07	8.527894e-08	6.811312e-08	5.648915e-08	5.235453e-08	4.74227e-08	4.165514e-08	3.466691e-08	3.446433e-08
37	0.2549346	0.05391055	0.02942208	0.01076976	0.0002130253	3.33177e-05	1.025592e-05	2.155512e-06	2.043802e-06	2.038646e-06	1.636911e-06	1.259247e-06	1.042757e-06	5.379961e-07	4.571476e-07	3.959201e-07	2.718683e-07	2.038806e-07	1.862529e-07	1.66777e-07	1.495981e-07	1.295945e-07	1.021073e-07	6.648585e-08	5.128487e-08	4.244593e-08	3.929291e-08	3.553976e-08	3.117464e-08	2.587669e-08
38	0.9638593	0.245844	0.0481999	0.02588706	0.009431291	0.0001857625	2.871502e-05	8.579968e-06	1.788633e-06	1.688671e-06	1.680291e-06	1.358972e-06	1.039437e-06	8.671738e-07	4.408125e-07	3.747018e-07	3.262673e-07	2.234257e-07	1.704912e-07	1.566253e-07	1.413016e-07	1.272697e-07	1.108262e-07	8.717844e-08	5.853823e-08	4.538874e-08	3.759727e-08	3.482725e-08	3.152606e-08	2.767544e-08
39	0.999899	0.9637801	0.2457809	0.04816432	0.02586721	0.00942317	0.0001855728	2.867236e-05	8.564283e-06	1.781939e-06	1.682974e-06	1.674464e-06	1.353662e-06	1.034303e-06	8.620539e-07	4.358899e-07	3.700506e-07	3.214711e-07	2.185142e-07	1.654034e-07	1.512999e-07	1.357123e-07	1.21386e-07	1.04612e-07	8.707366e-08	5.849003e-08	4.535421e-08	3.756825e-08	3.48001e-08	3.150289e-08
40	0.9288168	0.93367	0.9333032	0.2274678	0.03619051	0.01837282	0.006615698	0.0001290935	1.963715e-05	5.663439e-06	9.58046e-07	8.841945e-07	8.669804e-07	7.078755e-07	6.029862e-07	5.169725e-07	2.463735e-07	2.096384e-07	1.847572e-07	1.220042e-07	9.635992e-08	8.898014e-08	8.082479e-08	7.297453e-08	6.344074e-08	5.36704e-08	3.940889e-08	3.288431e-08	2.730975e-08	2.534299e-08
41	0.9014087	0.9036817	0.9120192	0.9203464	0.2181065	0.02963956	0.01441674	0.005091303	9.898587e-05	1.497199e-05	4.26355e-06	6.613054e-07	6.024159e-07	5.909023e-07	4.956998e-07	4.285051e-07	3.749756e-07	1.754362e-07	1.490104e-07	1.312682e-07	8.451914e-08	6.717755e-08	6.218102e-08	5.666666e-08	5.151014e-08	4.518654e-08	3.880533e-08	3.031776e-08	2.568704e-08	2.136505e-08
42	0.2054695	0.1975158	0.1957112	0.1957034	0.1955902	0.196158	0.01434457	0.005312039	0.001757512	3.42492e-05	5.194832e-06	1.489304e-06	2.417973e-07	2.218561e-07	2.183339e-07	1.801633e-07	1.532622e-07	1.333172e-07	6.366981e-08	5.417219e-08	4.871358e-08	3.126321e-08	2.474507e-08	2.266347e-08	2.036501e-08	1.844991e-08	1.612611e-08	1.376362e-08	1.045217e-08	8.773787e-09
43	0.06190524	0.02894649	0.02394423	0.0222634	0.02115496	0.01990301	0.01886535	0.004601389	0.002003302	0.0005829994	1.134344e-05	1.713567e-06	4.860487e-07	7.377869e-08	6.697994e-08	6.559863e-08	5.486385e-08	4.738595e-08	4.17356e-08	1.960805e-08	1.669746e-08	1.518572e-08	9.397676e-09	7.563392e-09	6.978067e-09	6.33151e-09	5.768387e-09	5.073453e-09	4.37411e-09	3.457724e-09
44	0.04212024	0.02890999	0.01806095	0.01638898	0.01571293	0.01531433	0.01488871	0.01454075	0.00132516	0.0007859922	0.0002738457	5.305374e-06	7.962953e-07	2.215201e-07	2.917418e-08	2.582917e-08	2.499983e-08	2.170514e-08	1.94082e-08	1.74662e-08	7.764527e-09	6.567693e-09	6.071361e-09	3.614173e-09	2.99989e-09	2.817317e-09	2.615346e-09	2.412224e-09	2.15006e-09	1.892955e-09
45	0.06278148	0.03362919	0.02596321	0.01623464	0.01492593	0.01450781	0.01428661	0.01404714	0.0138713	0.0009646616	0.0005581746	0.0002059227	4.027145e-06	6.053068e-07	1.69955e-07	2.383134e-08	2.134463e-08	2.077387e-08	1.750287e-08	1.535633e-08	1.365538e-08	6.197816e-09	5.232305e-09	4.798456e-09	2.987954e-09	2.46187e-09	2.30065e-09	2.122263e-09	1.944766e-09	1.720521e-09
46	0.229701	0.05158979	0.02246265	0.01461421	0.004725555	0.003688641	0.002998229	0.002486939	0.001942561	0.001444272	0.0009558343	0.0005525973	0.0002035446	3.958383e-06	5.982649e-07	1.67714e-07	2.342151e-08	2.095812e-08	2.038859e-08	1.7219e-08	1.512413e-08	1.345167e-08	6.076127e-09	5.150541e-09	4.724696e-09	2.936721e-09	2.420427e-09	2.262269e-09	2.087282e-09	1.913635e-09
47	0.2169209	0.1351467	0.04319588	0.01786955	0.01132257	0.00397897	0.003085722	0.002509896	0.002080826	0.001623879	0.001205646	0.0007786125	0.000461621	0.0001682309	3.257417e-06	4.876248e-07	1.354729e-07	1.68268e-08	1.472078e-08	1.416662e-08	1.273665e-08	1.155039e-08	1.040377e-08	4.493435e-09	3.797399e-09	3.513854e-09	2.067373e-09	1.716271e-09	1.612246e-09	1.497361e-09
48	0.2033477	0.1537124	0.08420285	0.03983262	0.01604979	0.01019366	0.003483374	0.002708132	0.002190743	0.001804551	0.00139323	0.001016763	0.0006874501	0.0004089318	0.0001479535	2.858916e-06	4.270912e-07	1.179811e-07	1.402086e-08	1.214705e-08	1.163378e-08	1.065691e-08	9.781788e-09	8.852843e-09	3.693786e-09	3.100964e-09	2.874833e-09	1.711848e-09	1.434331e-09	1.354312e-09
49	0.126313	0.09787766	0.07924331	0.04723763	0.02288671	0.00561877	0.002794739	0.001726244	0.001306541	0.001061343	0.0008784334	0.00068024	0.0005016933	0.0003263509	0.0001940332	7.014276e-05	1.356788e-06	2.021994e-07	5.548269e-08	6.014198e-09	5.099627e-09	4.831191e-09	4.57584e-09	4.309868e-09	3.920562e-09	1.572745e-09	1.315036e-09	1.231395e-09	7.194097e-10	6.157986e-10
50	0.5296985	0.1162291	0.09305454	0.07621779	0.04552843	0.02199122	0.005116156	0.002480914	0.001474454	0.001186952	0.0009576724	0.0007863924	0.0006003746	0.0004330279	0.0003042463	0.0001809039	6.546389e-05	1.266798e-06	1.888533e-07	5.181011e-08	5.638501e-09	4.784408e-09	4.534195e-09	4.283358e-09	4.03093e-09	3.661669e-09	1.472166e-09	1.231554e-09	1.152894e-09	6.749152e-10
51	0.913426	0.4896556	0.1021948	0.08259667	0.06938088	0.04147034	0.01973049	0.00396123	0.001865405	0.001171898	0.0009438793	0.0007620506	0.0006261929	0.0004772584	0.0003443799	0.000242115	0.0001442536	5.259246e-05	1.020213e-06	1.523826e-07	4.190078e-08	4.646106e-09	3.958996e-09	3.760112e-09	3.503643e-09	3.277508e-09	2.95723e-09	1.205655e-09	1.011012e-09	9.446079e-10
52	0.8822359	0.8643396	0.4789581	0.1002872	0.08117113	0.06821475	0.04114621	0.01957378	0.003886687	0.001829684	0.001149571	0.0009262104	0.0007479438	0.0006146103	0.000468326	0.0003379082	0.0002376187	0.000141574	5.161933e-05	1.001399e-06	1.495603e-07	4.110747e-08	4.536564e-09	3.869621e-09	3.673771e-09	3.427184e-09	3.208676e-09	2.895316e-09	1.178846e-09	9.88547e-10
53	0.3475601	0.3311936	0.3122307	0.1754891	0.05466739	0.03897843	0.02615393	0.01552075	0.007713145	0.003705451	0.001746893	0.0010971	0.000883677	0.0007133171	0.0005858863	0.0004463294	0.0003218987	0.0002262055	0.0001345779	4.876237e-05	9.434179e-07	1.402919e-07	3.816041e-08	3.735235e-09	3.089882e-09	2.886956e-09	2.870002e-09	2.763938e-09	2.593088e-09	1.009946e-09
54	0.3346603	0.2698124	0.2565251	0.2390986	0.1281031	0.04861434	0.03690988	0.02487607	0.01492578	0.007465419	0.003586976	0.001688844	0.001057654	0.0008501887	0.0006845367	0.0005605625	0.0004307534	0.0003100691	0.0002172422	0.0001283782	4.514565e-05	8.653003e-07	1.279876e-07	3.479916e-08	3.483767e-09	2.898177e-09	2.717888e-09	2.717768e-09	2.623853e-09	2.463479e-09
55	0.228374	0.08484934	0.05427579	0.05219497	0.04992713	0.020544	0.007990489	0.006359071	0.00469114	0.003101585	0.001044243	0.0005008691	0.0002358602	0.0001477418	0.0001187355	9.562515e-05	7.833192e-05	6.02071e-05	4.335757e-05	3.039514e-05	1.798986e-05	6.369084e-06	1.223357e-07	1.816227e-08	4.984218e-09	5.460513e-10	4.649353e-10	4.413253e-10	4.245224e-10	3.995154e-10
56	0.1729931	0.05125346	0.04369606	0.01972324	0.01945282	0.01950145	0.003691431	0.002023657	0.00187654	0.001732681	0.001370911	0.0001078219	5.07633e-05	2.391508e-05	1.4984e-05	1.205388e-05	9.713588e-06	7.96222e-06	6.120097e-06	4.408368e-06	3.091263e-06	1.830252e-06	6.491674e-07	1.249458e-08	1.857462e-09	5.106942e-10	5.79041e-11	4.964308e-11	4.72982e-11	4.420543e-11
57	0.1475944	0.1386133	0.02115688	0.01694343	0.01649318	0.01639049	0.01666329	0.002082505	0.001425131	0.001421453	0.001430466	0.001196596	1.3221e-05	5.300754e-06	2.511357e-06	1.579306e-06	1.277377e-06	1.036396e-06	8.563438e-07	6.596679e-07	4.773438e-07	3.368239e-07	2.021447e-07	7.596564e-08	1.505592e-09	2.316896e-10	6.845468e-11	1.330378e-11	1.250682e-11	1.243961e-11
58	0.1283699	0.0275093	0.01670472	0.004203905	0.003349752	0.002880135	0.002874827	0.002888014	0.0004095719	0.0001116065	8.50985e-05	6.688913e-05	3.186728e-05	1.168026e-05	4.98996e-06	2.366632e-06	1.488303e-06	1.204001e-06	9.770971e-07	8.075713e-07	6.222732e-07	4.502953e-07	3.17727e-07	1.906671e-07	7.162532e-08	1.4202e-09	2.185904e-10	6.461518e-11	1.259221e-11	1.184176e-11
59	0.2180061	0.05573091	0.02069145	0.01305919	0.001201678	0.0007377893	0.0003733299	0.0003563743	0.0003383298	0.000187953	8.907592e-05	6.813392e-05	5.520238e-05	2.531309e-05	8.219183e-06	3.955093e-06	1.876813e-06	1.178628e-06	9.532798e-07	7.734468e-07	6.390747e-07	4.911773e-07	3.536547e-07	2.474423e-07	1.456374e-07	5.026507e-08	9.745477e-10	1.444227e-10	3.955892e-11	4.336779e-12
60	0.2035711	0.1839624	0.02640834	0.0136574	0.01237503	0.000767059	0.0005028987	0.0001605863	0.0001565002	0.0001521766	8.450017e-05	5.157266e-05	3.967683e-05	3.650287e-05	1.44396e-05	2.314911e-06	1.106097e-06	5.268079e-07	3.23426e-07	2.600758e-07	2.096137e-07	1.718624e-07	1.322589e-07	9.543088e-08	6.675187e-08	3.963567e-08	1.424778e-08	2.750047e-10	4.114237e-11	1.148486e-11
61	0.3283828	0.2031398	0.1837577	0.0262268	0.01358276	0.01232987	0.0007649548	0.0005017777	0.0001595791	0.0001555464	0.0001512916	8.399775e-05	5.1385e-05	3.953327e-05	3.640772e-05	1.438377e-05	2.284532e-06	1.091486e-06	5.199191e-07	3.191204e-07	2.566141e-07	2.068297e-07	1.695829e-07	1.305068e-07	9.416902e-08	6.586743e-08	3.91152e-08	1.406782e-08	2.715343e-10	4.063546e-11
62	0.9079121	0.2704409	0.1845159	0.167474	0.01074878	0.0020589	0.0009625544	0.0006841633	0.0004583983	0.0001203085	0.0001183311	0.0001167223	6.441064e-05	4.410689e-05	3.396729e-05	3.272705e-05	1.222218e-05	1.105975e-06	5.196735e-07	2.450927e-07	1.535363e-07	1.234883e-07	9.964747e-08	8.18153e-08	6.306436e-08	4.561846e-08	3.18508e-08	1.902816e-08	7.013022e-09	1.363833e-10
63	0.5996743	0.5925477	0.2302044	0.1694085	0.1664846	0.009941498	0.001605035	0.0005287536	0.0002645505	0.0001776884	0.0001170595	0.0001152532	0.0001138512	6.281479e-05	4.354104e-05	3.353559e-05	3.244267e-05	1.205626e-05	1.01591e-06	4.761504e-07	2.24346e-07	1.403689e-07	1.129339e-07	9.107312e-08	7.471984e-08	5.751778e-08	4.151031e-08	2.922625e-08	1.747031e-08	6.4556e-09
64	0.8668183	0.5090103	0.5125276	0.2101499	0.1627922	0.1616613	0.005722521	0.0005112269	0.0002759581	0.0002056517	0.0001464676	8.902735e-05	8.870927e-05	8.914578e-05	4.899295e-05	3.855036e-05	2.972403e-05	2.992467e-05	1.058042e-05	2.143467e-07	9.077928e-08	4.276543e-08	2.682585e-08	2.166495e-08	1.759161e-08	1.455019e-08	1.128458e-08	8.230879e-09	5.911707e-09	3.695491e-09
65	0.7134884	0.6933676	0.356902	0.3587489	0.05563267	0.007014411	0.006223247	0.005431397	0.000430053	0.0002184177	0.0001494165	9.147021e-05	8.716672e-05	8.694334e-05	8.74965e-05	4.807415e-05	3.823145e-05	2.94807e-05	2.976411e-05	1.048648e-05	1.633666e-07	6.627557e-08	3.122561e-08	1.959777e-08	1.585577e-08	1.291399e-08	1.071925e-08	8.340282e-09	6.110704e-09	4.42594e-09
66	0.6242393	0.6120504	0.5960885	0.3257218	0.3274949	0.0245508	0.005371097	0.004782485	0.004132933	0.0003084176	0.0001239602	8.65582e-05	3.267653e-05	2.811728e-05	2.720602e-05	2.674849e-05	1.456313e-05	6.630784e-06	6.457544e-06	6.301373e-06	3.406833e-07	1.314619e-07	5.716905e-08	2.693288e-08	1.688384e-08	1.365849e-08	1.112927e-08	9.242649e-09	7.191083e-09	5.262766e-09
67	0.6973259	0.6106699	0.606634	0.5922985	0.3238252	0.3256055	0.02268072	0.004131501	0.003537926	0.002874006	0.0002835207	0.0001041359	7.473882e-05	2.437492e-05	1.991041e-05	1.888204e-05	1.838561e-05	8.007519e-06	9.906765e-07	7.159372e-07	4.472045e-07	2.479863e-07	1.168577e-07	5.654621e-08	2.663804e-08	1.66906e-08	1.349808e-08	1.09949e-08	9.127462e-09	7.100627e-09
68	0.6549	0.398803	0.3353809	0.3308532	0.3187761	0.3209118	0.3233141	0.02163579	0.003784697	0.003282811	0.002651298	0.0002481441	9.540431e-05	6.833476e-05	2.128884e-05	1.708002e-05	1.612921e-05	1.577531e-05	6.733302e-06	6.752026e-07	4.738235e-07	2.819097e-07	1.428738e-07	7.272281e-08	3.537888e-08	1.660676e-08	1.032906e-08	8.33761e-09	6.793442e-09	5.642036e-09
69	0.9385668	0.6333314	0.3902732	0.3286268	0.325283	0.3149251	0.3173065	0.3198756	0.01834836	0.003089209	0.002613255	0.002271907	0.0002087804	8.438924e-05	6.104689e-05	1.786758e-05	1.432587e-05	1.364178e-05	1.335492e-05	5.73716e-06	6.134703e-07	4.331669e-07	2.596075e-07	1.334347e-07	6.858045e-08	3.340073e-08	1.565176e-08	9.708909e-09	7.828106e-09	6.371551e-09
70	0.4539681	0.4193137	0.3515828	0.106572	0.04172121	0.03422104	0.02322129	0.02113287	0.02002703	0.01822172	0.00298596	0.002512332	0.002181982	0.0001755568	8.29696e-05	6.006772e-05	1.744292e-05	1.396705e-05	1.331743e-05	1.304231e-05	5.59802e-06	5.956237e-07	4.203488e-07	2.526962e-07	1.306507e-07	6.703926e-08	3.217619e-08	1.546891e-08	9.572625e-09	7.706077e-09
71	0.258372	0.2091132	0.1908242	0.1535819	0.09235502	0.0278588	0.02019802	0.009542797	0.007252666	0.00592952	0.003904383	0.00264148	0.002466054	0.002137429	0.0001369266	4.393835e-05	3.13716e-05	1.738569e-05	1.392135e-05	1.327411e-05	1.299987e-05	5.577609e-06	5.915686e-07	4.172825e-07	2.508834e-07	1.297934e-07	6.650645e-08	3.17314e-08	1.505933e-08	9.518439e-09
72	0.2126988	0.1937203	0.1441488	0.1262421	0.1059951	0.09107459	0.02760321	0.019949	0.009429179	0.007140911	0.005817739	0.003809719	0.002612397	0.002458576	0.002131921	0.0001354975	4.266823e-05	3.046952e-05	1.733365e-05	1.389277e-05	1.32468e-05	1.297294e-05	5.566439e-06	5.908034e-07	4.167563e-07	2.505955e-07	1.296715e-07	6.644042e-08	3.168224e-08	1.501745e-08
73	0.8353314	0.1459249	0.1375159	0.1061921	0.09883563	0.08608775	0.0787293	0.01883796	0.01394736	0.005927358	0.004203319	0.003341128	0.001593006	0.000613999	0.0004897998	0.0004039431	3.089085e-05	1.232501e-05	9.067734e-06	6.195125e-06	4.230568e-06	4.105235e-06	3.956709e-06	1.891432e-06	4.167436e-07	3.106741e-07	2.030653e-07	1.179587e-07	6.378807e-08	3.04325e-08
74	0.2480529	0.2248293	0.08672271	0.07909075	0.04950819	0.04387343	0.03127688	0.02486201	0.01826523	0.01352794	0.005645523	0.003953227	0.003114988	0.001380933	0.0004135064	0.0002897498	0.0002473819	2.101756e-05	6.967973e-06	4.452291e-06	2.401987e-06	2.178525e-06	2.063788e-06	1.920319e-06	1.08554e-06	3.99445e-07	3.029241e-07	2.001586e-07	1.172641e-07	6.362422e-08
75	0.1298041	0.1162381	0.1018061	0.08102357	0.07456472	0.04718105	0.04204781	0.03011136	0.02395071	0.01755651	0.01309252	0.00544046	0.003839105	0.00302619	0.001340155	0.0003994993	0.0002791785	0.0002380679	2.029454e-05	6.675482e-06	4.243614e-06	2.280256e-06	2.065188e-06	1.959918e-06	1.820616e-06	1.031557e-06	3.828958e-07	2.925421e-07	1.932439e-07	1.132055e-07
76	0.2323722	0.128644	0.1151816	0.1010619	0.0805109	0.07437949	0.0470215	0.04192062	0.03001927	0.02387814	0.01750418	0.01305515	0.005425481	0.003828906	0.003018702	0.001336657	0.0003982275	0.0002781899	0.0002371892	2.023397e-05	6.651479e-06	4.226768e-06	2.270354e-06	2.056015e-06	1.951126e-06	1.812229e-06	1.02708e-06	3.815876e-07	2.915726e-07	1.926786e-07
77	0.6599894	0.2150994	0.1284443	0.1150758	0.1009571	0.08045344	0.07432452	0.04700723	0.04190907	0.03001022	0.02387561	0.01750274	0.01305401	0.005424976	0.003828552	0.003018394	0.001336497	0.0003981529	0.0002781266	0.0002371355	2.018967e-05	6.607741e-06	4.189237e-06	2.244562e-06	2.031783e-06	1.926628e-06	1.787731e-06	1.017431e-06	3.814063e-07	2.915023e-07
78	0.9511144	0.6297886	0.1864782	0.108432	0.09482878	0.08047871	0.05973997	0.05332914	0.04692663	0.04184107	0.02996938	0.02384113	0.01747318	0.01302506	0.005412954	0.003819832	0.003009756	0.001333666	0.0003977419	0.0002777598	0.0002369004	2.012805e-05	6.57509e-06	4.167539e-06	2.232226e-06	2.020463e-06	1.915479e-06	1.777115e-06	1.012566e-06	3.803634e-07
79	0.8114692	0.8074458	0.4905995	0.1773282	0.1067866	0.09339036	0.07935979	0.05901969	0.05270919	0.04637567	0.04144821	0.02969085	0.02362998	0.01732623	0.01292531	0.00537249	0.003791806	0.002990245	0.001324027	0.0003924891	0.0002729014	0.0002323209	1.990777e-05	6.478338e-06	4.094509e-06	2.197476e-06	1.988034e-06	1.88455e-06	1.747147e-06	9.950696e-07
80	0.8379746	0.7804014	0.7765475	0.4718494	0.1692875	0.1048486	0.09177449	0.07806727	0.0580336	0.05179807	0.04561817	0.04079381	0.02941067	0.02340988	0.01713945	0.01275655	0.005277246	0.003717668	0.002918649	0.00129515	0.0003878348	0.0002688521	0.0002296075	1.946623e-05	6.33555e-06	4.034195e-06	2.164661e-06	1.960343e-06	1.85992e-06	1.72528e-06
81	0.978365	0.8258199	0.7687662	0.7649044	0.4675342	0.1685422	0.1046508	0.09167778	0.0780513	0.05815061	0.05189566	0.04577617	0.04097555	0.02965579	0.02361269	0.01726354	0.01282298	0.005284641	0.003717279	0.002906873	0.001291578	0.000388112	0.0002675148	0.0002286427	1.931808e-05	6.21619e-06	3.957232e-06	2.116651e-06	1.917459e-06	1.817361e-06
82	0.9813306	0.9682205	0.8146325	0.7607912	0.7569107	0.4662405	0.1687238	0.1050458	0.09206782	0.07841866	0.058584	0.05228873	0.0461648	0.04135057	0.02996939	0.02387456	0.01744579	0.01294393	0.005328941	0.00374658	0.002924333	0.001299726	0.0003894307	0.0002670136	0.0002280489	1.930839e-05	6.136765e-06	3.887767e-06	2.074017e-06	1.878726e-06
83	0.9897257	0.9736533	0.9614379	0.8068202	0.7524527	0.7485201	0.4644614	0.1688539	0.1053716	0.0923729	0.07871948	0.05895668	0.05262111	0.04649374	0.04167242	0.03024582	0.02409812	0.01759474	0.01302801	0.005361747	0.003768333	0.002933593	0.001306443	0.0003910956	0.0002667829	0.0002276817	1.931601e-05	6.057029e-06	3.819142e-06	2.030032e-06
84	0.9836002	0.9743481	0.9601499	0.9479962	0.7934934	0.7397194	0.7357241	0.4593899	0.1673251	0.1043672	0.09140862	0.07785688	0.05823662	0.05186671	0.04660951	0.04181414	0.03041749	0.02422445	0.01765809	0.01302496	0.005359369	0.003764713	0.002917085	0.001305307	0.0003919447	0.000265762	0.0002268458	1.922061e-05	5.941217e-06	3.735273e-06
85	0.3178323	0.3186252	0.3195228	0.320876	0.3223988	0.3039463	0.2800661	0.2809864	0.1497734	0.04299647	0.02503922	0.02215671	0.01994614	0.0128758	0.01158912	0.0100899	0.00921974	0.006460528	0.004813154	0.003271128	0.002101139	0.0007993509	0.0005175324	0.0003263886	0.0001999833	0.0001224857	0.0001171458	0.0001124014	5.025494e-06	2.362611e-06
86	0.3218363	0.2999116	0.3007556	0.3016015	0.3029182	0.3043703	0.286681	0.2636929	0.2645152	0.1422661	0.04098087	0.02387807	0.02106099	0.01895799	0.0123455	0.01115531	0.009733046	0.008905231	0.006242047	0.004639646	0.003139717	0.001988416	0.0007552468	0.0004854608	0.0002971894	0.0001875498	0.0001181891	0.0001136996	0.0001091386	4.777098e-06
87	0.4050335	0.3048241	0.2870814	0.2879121	0.2886778	0.2899401	0.2913017	0.2741611	0.2513727	0.2520905	0.1377376	0.03989574	0.02334617	0.02053689	0.0184528	0.01211563	0.01095995	0.009574393	0.008761545	0.006168922	0.004589882	0.003101356	0.001951848	0.000739312	0.0004728827	0.0002848066	0.0001815333	0.0001155778	0.0001114711	0.0001069041
88	0.597443	0.3758717	0.2753974	0.2578739	0.2583578	0.2587496	0.2596338	0.2606063	0.243471	0.2421151	0.2427311	0.135484	0.0395876	0.02334453	0.02052003	0.01841065	0.01221487	0.01105464	0.009665559	0.008850534	0.006229681	0.004648088	0.003140861	0.001974597	0.0007458028	0.0004756956	0.0002846517	0.0001804688	0.0001138115	0.0001096699
89	0.9956641	0.5903896	0.3661901	0.2651313	0.2473903	0.2477616	0.248022	0.2487741	0.2496121	0.232933	0.2327176	0.2332243	0.1341617	0.03928692	0.02320756	0.02039229	0.01824942	0.01224308	0.01106858	0.009786283	0.008962895	0.006302478	0.004717223	0.003186019	0.002000132	0.000750059	0.0004752203	0.0002806163	0.0001746104	0.0001066538
90	0.3904854	0.3931916	0.3768348	0.2036707	0.1240749	0.1198332	0.1205257	0.1216154	0.1227839	0.123964	0.1172547	0.118095	0.1191662	0.0619801	0.01335789	0.005753682	0.004455529	0.003736755	0.0009665624	0.000806994	0.0006549476	0.0004993148	0.0004097685	0.0002348471	0.0001629653	0.0001316744	0.0001028032	9.664519e-05	9.24207e-05	8.908436e-05
91	0.2724672	0.2625039	0.2647499	0.2662846	0.09031848	0.08177783	0.07805221	0.07830206	0.07883963	0.07943726	0.08003123	0.07362934	0.07388957	0.07435254	0.02748058	0.01245005	0.005313294	0.004063133	0.003342644	0.0008797776	0.0007277247	0.0005816185	0.0004319963	0.0003549528	0.0002084995	0.0001430397	0.0001162849	9.213659e-05	8.698756e-05	8.338013e-05
92	0.2612926	0.2511495	0.2417601	0.2442094	0.2463864	0.06821744	0.06471344	0.06167403	0.06173652	0.06205926	0.06243316	0.06279747	0.05705687	0.05710742	0.05734745	0.02097294	0.00881636	0.004900717	0.003688542	0.002958402	0.0007930395	0.0006437073	0.0005054612	0.0003586958	0.0002876268	0.000164253	0.0001300532	0.0001033633	8.184861e-05	7.716723e-05
93	0.09433258	0.08007981	0.06773001	0.05590194	0.05602177	0.05581314	0.05515742	0.05192843	0.04878013	0.04868178	0.04882585	0.04901501	0.04918954	0.04488651	0.04477572	0.04484682	0.01740089	0.007693354	0.004246557	0.003131501	0.002380461	0.0007546959	0.0006086974	0.0004690116	0.0003222758	0.0002517065	0.0001471869	0.0001130595	8.593904e-05	6.388612e-05
94	0.7105404	0.0818456	0.06893918	0.05641619	0.04431904	0.04431341	0.04400753	0.04333859	0.04127255	0.03801776	0.0377854	0.03778391	0.03782742	0.03786371	0.03478677	0.03453648	0.03446466	0.01444191	0.006753362	0.003692031	0.002651129	0.001879484	0.0007267055	0.0005818028	0.0004401849	0.0002928641	0.0002219137	0.0001328897	9.858642e-05	7.084141e-05
95	0.6177099	0.5024666	0.07826357	0.06590499	0.05363063	0.0419558	0.04193179	0.04160631	0.04093694	0.0389051	0.03571149	0.03545133	0.03542117	0.0354349	0.03544058	0.03278404	0.03250868	0.0324105	0.01369246	0.00644855	0.003511635	0.002490127	0.001707152	0.0007063073	0.0005649119	0.0004259506	0.0002813819	0.0002118071	0.0001263091	9.25174e-05
96	0.7552104	0.5700288	0.4589173	0.07764549	0.06523939	0.05283997	0.0410259	0.04099083	0.04065209	0.03997801	0.03794713	0.03470727	0.034431	0.03438594	0.03438476	0.03437502	0.03193717	0.03166602	0.03155463	0.01342972	0.006362966	0.003450734	0.002430779	0.00163351	0.0007107976	0.0005680574	0.0004272189	0.000280703	0.000210208	0.0001252229
97	0.9113147	0.7308872	0.5510878	0.454916	0.07487797	0.06308256	0.05119148	0.03966575	0.03963232	0.03929167	0.03862404	0.03662221	0.03337622	0.03308725	0.03303018	0.03301607	0.03299302	0.03083437	0.03060485	0.03048278	0.01294181	0.006131123	0.003319016	0.00231028	0.001504729	0.0006792775	0.0005430947	0.0004086834	0.0002682956	0.000200509
98	0.9854881	0.902448	0.7197693	0.5498076	0.4586439	0.07398503	0.0621256	0.05035039	0.03869436	0.03866499	0.03831633	0.03764337	0.03565197	0.03235553	0.03205036	0.03197882	0.03195449	0.03191681	0.02999056	0.0297466	0.0296107	0.01268445	0.006045179	0.003254655	0.00224739	0.001426483	0.0006842799	0.0005465012	0.0004098336	0.0002671193
99	0.7860716	0.7859899	0.7201219	0.5436496	0.4291372	0.4030285	0.02795595	0.02595867	0.02410442	0.02158838	0.02176371	0.02160837	0.0212294	0.02064291	0.0201968	0.02035495	0.02051994	0.02070341	0.02089259	0.02025364	0.02028857	0.02044292	0.00645364	0.002077084	0.0009577658	0.0006817616	0.0004627211	0.0001629656	0.000136326	0.0001127538
100	0.7242774	0.7326297	0.735592	0.6707098	0.4958055	0.4006879	0.3926607	0.01605017	0.01573477	0.01569195	0.01575085	0.01594382	0.0158032	0.01551908	0.01523377	0.01532513	0.01553357	0.01576613	0.01600807	0.01626251	0.01616388	0.01628734	0.01653672	0.004426665	0.0008375338	0.0001835861	0.0001801724	0.0001790401	5.404133e-05	4.837124e-05
101	0.6966431	0.6903813	0.6985192	0.7054816	0.6393765	0.4617466	0.3990334	0.3952439	0.01355243	0.01323836	0.01319338	0.01323616	0.01339701	0.01322321	0.01293568	0.01269599	0.01277452	0.01295059	0.0131466	0.01335056	0.01356612	0.0134689	0.0136738	0.01388658	0.003821252	0.0006661478	0.0001605782	0.0001592	0.0001590341	4.72611e-05
102	0.4981118	0.4884178	0.4809856	0.4865565	0.4912268	0.4851221	0.4520698	0.4006445	0.3978574	0.01089834	0.01057291	0.01052452	0.01053652	0.01066853	0.01079444	0.01049763	0.01030359	0.01036708	0.01051573	0.01068221	0.01085538	0.01103387	0.01092488	0.011091	0.01126735	0.003294558	0.0005924352	0.0001453768	0.000144172	0.0001450849
103	0.4768435	0.4311821	0.4216713	0.4139332	0.4187511	0.4229283	0.4269223	0.4323219	0.4025981	0.4008203	0.008441098	0.008193726	0.008133749	0.0081194	0.008230167	0.008328886	0.008070135	0.007919674	0.007967371	0.008084219	0.008215659	0.008352563	0.008493754	0.008372142	0.008498571	0.008640474	0.002768137	0.0005185715	0.0001309379	0.0001302816
104	0.6234048	0.4601777	0.4165961	0.4081124	0.401406	0.4063215	0.4107313	0.4162668	0.4219849	0.404755	0.4040194	0.006074773	0.005820536	0.005791718	0.005753288	0.00583385	0.005906717	0.005636151	0.005542136	0.005574353	0.00565769	0.005751292	0.005848837	0.005949544	0.005812864	0.005897596	0.005998843	0.002237385	0.0004457464	0.0001155678
105	0.07882348	0.06573068	0.053524	0.04252887	0.03201915	0.02107045	0.02103797	0.0205865	0.02079387	0.02103031	0.008345305	0.004211573	0.003985435	0.003723877	0.00368213	0.003624158	0.003673934	0.003718751	0.003512513	0.003452564	0.003471971	0.003524426	0.003583341	0.003644788	0.003708262	0.00361901	0.003672131	0.003736017	0.001406539	0.0002663238
106	0.07615971	0.06315945	0.05108335	0.03971907	0.02908274	0.01856857	0.009695341	0.009538232	0.00918712	0.009249194	0.009330759	0.003817092	0.001847421	0.001715375	0.001682491	0.001627968	0.001550988	0.001570073	0.0015867	0.001532671	0.001503779	0.001508603	0.00153117	0.001556577	0.001583121	0.001610548	0.001571037	0.001593903	0.00162151	0.0006170813
107	0.3544842	0.0686703	0.05615006	0.04410802	0.03282691	0.02219616	0.0115539	0.002628201	0.00238961	0.002098598	0.002067777	0.002050737	0.001126628	0.0005364762	0.0004660955	0.0004291144	0.0003673845	0.0002737693	0.0002732659	0.0002719083	0.000260307	0.0002513244	0.0002460659	0.0002488231	0.0002520437	0.0002554611	0.0002589767	0.0002504929	0.0002530977	0.000256507
108	0.1479556	0.1144738	0.05142123	0.04146037	0.03118489	0.02234859	0.0150331	0.007575431	0.001264771	0.001088838	0.0008180062	0.0007825102	0.0007591739	0.0005861988	0.0002715997	0.0002274997	0.000201094	0.0001486882	6.210056e-05	5.873464e-05	5.473306e-05	4.996086e-05	4.530128e-05	4.162953e-05	4.18047e-05	4.182893e-05	4.186989e-05	4.190597e-05	3.935566e-05	3.90984e-05
109	0.7101308	0.1086111	0.08222768	0.04873484	0.03906361	0.02918195	0.0210361	0.01417871	0.007156194	0.001194465	0.001028323	0.0007576638	0.0007229323	0.0007004715	0.0005572415	0.0002562832	0.000215048	0.0001900948	0.0001388435	5.354211e-05	5.00876e-05	4.599064e-05	4.139806e-05	3.704011e-05	3.389263e-05	3.407267e-05	3.411042e-05	3.415265e-05	3.419535e-05	3.20298e-05
110	0.9457387	0.7015959	0.1067013	0.08105099	0.04805696	0.03859667	0.02898679	0.02095688	0.01410683	0.007025324	0.0009961044	0.0008252067	0.0007365642	0.0007011869	0.0006781348	0.0005502486	0.0002547258	0.0002134456	0.000188146	0.000136111	4.945427e-05	4.587958e-05	4.165508e-05	3.714256e-05	3.28116e-05	2.964488e-05	2.976907e-05	2.973565e-05	2.970307e-05	2.966859e-05
111	0.228551	0.2236636	0.1821296	0.05911759	0.04693137	0.02741256	0.02406565	0.0206749	0.0166689	0.01156312	0.005778188	0.0006347954	0.0004838909	0.0004356688	0.0004144017	0.0003910833	0.0003057077	0.0001405915	0.0001084202	8.432039e-05	5.286337e-05	2.406206e-05	2.313234e-05	2.216125e-05	2.076843e-05	1.925784e-05	1.799465e-05	1.814321e-05	1.828002e-05	1.841213e-05
112	0.1815817	0.1479178	0.1441382	0.1130056	0.04971721	0.04049958	0.02349949	0.02135188	0.01917402	0.01593716	0.01113255	0.005552565	0.0005357267	0.0003869313	0.000349249	0.0003285828	0.0003092806	0.0002441704	0.0001141898	8.406233e-05	6.004712e-05	3.255345e-05	1.563433e-05	1.518707e-05	1.472422e-05	1.403585e-05	1.31339e-05	1.230989e-05	1.240638e-05	1.251012e-05
113	0.2154799	0.1475561	0.1175521	0.1139026	0.0853952	0.0458636	0.03832146	0.02185888	0.02008771	0.01828712	0.01533293	0.01072171	0.005328946	0.0004627194	0.0003175188	0.0002846402	0.0002641561	0.0002446905	0.0001949309	9.563474e-05	6.761366e-05	4.401176e-05	2.339283e-05	1.070924e-05	1.036536e-05	1.001236e-05	9.511614e-06	8.846786e-06	8.17418e-06	8.212117e-06
114	0.3548542	0.1904906	0.1272769	0.09792765	0.09447126	0.06630663	0.03848719	0.03559413	0.02075456	0.01907732	0.01736731	0.01456079	0.01016813	0.005024931	0.0003870419	0.0002476988	0.0002199489	0.0001999831	0.0001807262	0.0001432258	8.592574e-05	6.169568e-05	3.912873e-05	1.940153e-05	7.280663e-06	6.905708e-06	6.524061e-06	6.046179e-06	5.470382e-06	4.877988e-06
115	0.7046754	0.2326257	0.123612	0.07947401	0.05644035	0.05527723	0.02788776	0.01469837	0.01413389	0.0009836703	0.0008824237	0.0007963971	0.0006466756	0.0004349659	0.0002243766	4.614454e-05	3.942715e-05	3.565293e-05	3.51016e-05	3.471483e-05	2.394973e-05	7.697728e-06	5.740992e-06	4.95225e-06	4.136529e-06	3.34289e-06	3.362537e-06	3.380765e-06	3.352472e-06	3.184898e-06
116	0.6885214	0.6743792	0.2336409	0.1241138	0.07955459	0.05628193	0.05513043	0.02742939	0.01473037	0.01423654	0.0009194253	0.0008236391	0.0007429438	0.0006010528	0.0004013454	0.0002053083	4.086368e-05	3.649098e-05	3.306218e-05	3.257034e-05	3.222396e-05	2.194611e-05	7.272012e-06	5.484149e-06	4.759604e-06	3.997311e-06	3.229917e-06	3.250157e-06	3.269009e-06	3.242282e-06
117	0.6043678	0.565974	0.5506126	0.2276256	0.1168927	0.07214309	0.05642848	0.05527413	0.0271996	0.01480788	0.01436967	0.000874574	0.0007824109	0.0007056408	0.0005706767	0.0003806879	0.0001941912	3.824398e-05	3.408948e-05	3.105176e-05	3.059898e-05	3.027195e-05	2.044041e-05	6.959701e-06	5.295751e-06	4.606671e-06	3.873505e-06	3.120723e-06	3.140668e-06	3.159291e-06
118	0.9509639	0.5581979	0.5255344	0.5144611	0.2285315	0.1167123	0.07160888	0.05583213	0.05492788	0.02651794	0.01492911	0.01456171	0.000878248	0.000786191	0.0007090143	0.0005728026	0.0003807589	0.0001921101	3.505585e-05	3.081581e-05	2.818066e-05	2.772062e-05	2.742339e-05	1.847058e-05	6.588497e-06	5.039058e-06	4.381505e-06	3.637473e-06	2.874113e-06	2.890369e-06
119	0.8782639	0.8728529	0.4745732	0.442693	0.4347	0.2295007	0.1163927	0.07082145	0.0549007	0.0549672	0.02620175	0.01507024	0.01476386	0.000885207	0.0007926567	0.0007147682	0.0005769586	0.0003823992	0.0001912126	3.256342e-05	2.823797e-05	2.591993e-05	2.545204e-05	2.512522e-05	1.680494e-05	6.314751e-06	4.871884e-06	4.203577e-06	3.478531e-06	2.702275e-06
120	0.322798	0.2960751	0.2933532	0.242375	0.2253894	0.2240124	0.09403366	0.08679218	0.05219679	0.05079092	0.05124513	0.02247032	0.01424335	0.0141708	0.0001568242	0.0001315797	0.0001182943	9.677608e-05	6.776743e-05	3.931798e-05	1.528521e-05	1.478128e-05	1.347149e-05	1.348e-05	1.356965e-05	8.49426e-06	2.640178e-06	2.127029e-06	2.040352e-06	1.899247e-06
121	0.2674724	0.2234234	0.2105872	0.2098974	0.1679781	0.1552027	0.1557173	0.05156348	0.05024892	0.05034175	0.04993708	0.05053635	0.02148327	0.01423303	0.01424351	3.411626e-05	2.242046e-05	2.123744e-05	1.902798e-05	1.624526e-05	1.347136e-05	1.073768e-05	1.081144e-05	9.771894e-06	9.84107e-06	9.97389e-06	6.121497e-06	1.780258e-06	1.46831e-06	1.471369e-06
122	0.2744414	0.2484698	0.2043959	0.1928845	0.1922217	0.1495862	0.1435137	0.1439257	0.04959597	0.04955992	0.04976895	0.05022579	0.05083903	0.02135898	0.01439269	0.01445815	3.210521e-05	2.035634e-05	1.924587e-05	1.716821e-05	1.449991e-05	1.180822e-05	9.298401e-06	9.358883e-06	8.474523e-06	8.543396e-06	8.662679e-06	5.266041e-06	1.624043e-06	1.350231e-06
123	0.2255281	0.2065766	0.191204	0.160301	0.1508731	0.1511376	0.1077432	0.1020465	0.1022124	0.01779808	0.01738371	0.01717671	0.01718206	0.01731156	0.01738208	0.01457503	0.01467966	3.051155e-05	1.864596e-05	1.754602e-05	1.548138e-05	1.278974e-05	1.004693e-05	7.588961e-06	7.628531e-06	7.058682e-06	7.128623e-06	7.232555e-06	4.280374e-06	1.460904e-06
124	0.334336	0.2108492	0.1941699	0.1785606	0.1472247	0.1390276	0.1393027	0.09713338	0.09212248	0.09224599	0.01708771	0.01672987	0.01655505	0.01657102	0.01676341	0.01695866	0.01477032	0.01490908	2.929908e-05	1.730201e-05	1.621296e-05	1.414978e-05	1.142015e-05	8.614286e-06	6.135285e-06	6.155544e-06	5.812607e-06	5.880095e-06	5.970847e-06	3.453581e-06
125	0.9519385	0.2808668	0.1572199	0.141287	0.125871	0.09385541	0.08632815	0.08609997	0.08632987	0.0820904	0.08231209	0.01673839	0.01645747	0.01633341	0.01637514	0.01658674	0.01679594	0.01498176	0.01514628	2.780112e-05	1.576789e-05	1.473539e-05	1.280086e-05	1.027887e-05	7.542525e-06	5.071801e-06	5.077419e-06	4.800728e-06	4.857287e-06	4.932288e-06
126	0.670085	0.6660113	0.2027123	0.1140412	0.1041622	0.09424794	0.062841	0.05885963	0.05859787	0.05861073	0.05599579	0.0559195	0.001979208	0.001616396	0.001369628	0.001232014	0.001212041	0.001183462	6.733536e-05	2.137417e-05	1.791025e-05	6.217357e-06	5.662833e-06	5.049053e-06	4.33696e-06	3.691347e-06	3.12958e-06	3.162947e-06	2.974034e-06	3.013307e-06
127	0.6203322	0.612994	0.6089301	0.1411924	0.05243319	0.04171293	0.03116705	0.02918828	0.02614044	0.02557584	0.02513566	0.02293459	0.0224452	0.001477802	0.001177199	0.0009664308	0.0008409722	0.0008145813	0.0007808919	2.950701e-05	8.082869e-06	5.9704e-06	4.871318e-06	4.356898e-06	3.777246e-06	3.061036e-06	2.390643e-06	1.820289e-06	1.832831e-06	1.736521e-06
128	0.6491392	0.6200436	0.6130524	0.6090721	0.1361009	0.04644443	0.03561623	0.02494675	0.02288487	0.02048735	0.01992188	0.01940772	0.01757389	0.01701965	0.001210661	0.0009671135	0.0007745759	0.0006553374	0.0006259171	0.0005895242	2.120346e-05	6.935893e-06	5.302444e-06	4.220654e-06	3.79437e-06	3.23446e-06	2.526733e-06	1.854863e-06	1.288279e-06	1.293081e-06
129	0.2106787	0.1908587	0.1636942	0.1508016	0.1412232	0.131999	0.04133281	0.03034992	0.01951819	0.01737094	0.01556487	0.01499476	0.0144112	0.01289486	0.01227884	0.001000002	0.0007835294	0.0006104108	0.0004960051	0.0004637095	0.0004246705	1.499398e-05	6.171232e-06	4.868427e-06	3.795043e-06	3.370227e-06	2.836288e-06	2.125498e-06	1.441735e-06	8.672383e-07
130	0.04874628	0.03400706	0.02819442	0.01614415	0.01469325	0.01351585	0.0123412	0.01098581	0.00936926	0.008190877	0.008024147	0.007236862	0.007182314	0.007198336	0.00668779	0.006702865	0.0003450805	0.0002935797	0.0002594423	0.0002429392	0.0002431928	0.0002428775	9.949238e-06	4.270441e-06	3.577933e-06	3.180284e-06	2.840976e-06	2.341995e-06	1.688831e-06	1.058464e-06
131	0.05321631	0.03367685	0.02324067	0.01958417	0.01153067	0.01011896	0.008954697	0.007828388	0.006609132	0.005457875	0.004298897	0.004097268	0.003690433	0.003636071	0.003605804	0.003325606	0.003301141	0.0001929046	0.000161473	0.0001391482	0.0001269421	0.000125504	0.0001236027	6.980205e-06	3.712891e-06	3.219605e-06	2.875489e-06	2.578024e-06	2.103966e-06	1.45445e-06
132	0.1223614	0.03653235	0.01866993	0.01569535	0.01305	0.008167348	0.006781846	0.005608238	0.004501896	0.003376773	0.002210733	0.00105573	0.0008201694	0.000726525	0.0006698116	0.0005996507	0.000510905	0.0004531647	6.420593e-05	4.955023e-05	3.711183e-05	2.848707e-05	2.547916e-05	2.22053e-05	4.246881e-06	3.359489e-06	3.02208e-06	2.693336e-06	2.399418e-06	1.921405e-06
133	0.3809756	0.04235836	0.02266523	0.01266696	0.0105892	0.009030692	0.004849818	0.004013405	0.003283788	0.002607887	0.001925121	0.001242204	0.0005832913	0.0004440704	0.0003930603	0.0003607321	0.0003171369	0.0002701146	0.0002403094	3.641599e-05	2.876808e-05	2.228476e-05	1.782649e-05	1.633724e-05	1.476499e-05	3.793104e-06	3.104155e-06	2.861821e-06	2.605439e-06	2.359354e-06
134	0.5308231	0.12792	0.02240844	0.01341022	0.007510449	0.005998827	0.004836747	0.002601024	0.002121496	0.001705719	0.001333073	0.0009638534	0.0005948766	0.000266263	0.0002045258	0.0001792852	0.00016397	0.0001409821	0.0001226698	0.000114778	1.497728e-05	1.259576e-05	1.066539e-05	9.397889e-06	8.985402e-06	8.707037e-06	3.596427e-06	3.025166e-06	2.82294e-06	2.59325e-06
135	0.9730483	0.5137776	0.1253109	0.02228403	0.01328824	0.0074317	0.005956779	0.004796289	0.002588111	0.002107178	0.001689804	0.00131605	0.0009461351	0.0005760698	0.0002469917	0.0001849814	0.0001617254	0.0001463991	0.0001229318	0.0001057313	9.760932e-05	1.430426e-05	1.20204e-05	1.014569e-05	8.897064e-06	8.484285e-06	8.201039e-06	3.639307e-06	3.067688e-06	2.866497e-06
136	0.8855843	0.859636	0.394519	0.1222254	0.02230614	0.01326243	0.007383293	0.005960469	0.004795386	0.002593682	0.002108392	0.001687026	0.001309802	0.0009367498	0.000562883	0.0002304796	0.0001676408	0.0001459987	0.0001305045	0.0001070199	9.072771e-05	8.232588e-05	1.375243e-05	1.154027e-05	9.701198e-06	8.458888e-06	8.059117e-06	7.768207e-06	3.686556e-06	3.116169e-06
137	0.4108772	0.2933177	0.2705142	0.2507099	0.06638093	0.01704775	0.009891504	0.005288993	0.004280679	0.003268869	0.001911434	0.001547451	0.001232556	0.0009551768	0.0006781957	0.0003999822	0.0001458865	9.805225e-05	8.349181e-05	7.170486e-05	5.727121e-05	4.748188e-05	4.249372e-05	8.737272e-06	7.509507e-06	6.491533e-06	5.799622e-06	5.576117e-06	5.483033e-06	3.016771e-06
138	0.3917375	0.3798698	0.2637075	0.2420768	0.2254491	0.06059837	0.01584034	0.009403925	0.004963582	0.003994193	0.00301186	0.001710825	0.001382923	0.001101063	0.0008548609	0.0006085254	0.0003609023	0.0001266186	8.203456e-05	6.917109e-05	5.82382e-05	4.445582e-05	3.595303e-05	3.125435e-05	7.751503e-06	6.667503e-06	5.761653e-06	5.136688e-06	4.924943e-06	4.850483e-06
139	0.2621499	0.2510082	0.2385451	0.22921	0.2082014	0.1930684	0.05613911	0.01539155	0.009053384	0.004764903	0.003887852	0.002919954	0.001640873	0.001335246	0.001060335	0.0008206847	0.0005809617	0.0003396117	0.0001116486	7.035682e-05	5.833591e-05	4.761399e-05	3.381545e-05	2.589497e-05	2.111941e-05	6.752424e-06	5.717079e-06	4.840763e-06	4.22265e-06	3.997295e-06
140	0.2935377	0.09679004	0.09242322	0.08720732	0.08373146	0.07909863	0.07223631	0.01888348	0.00471116	0.003006091	0.001633709	0.001388149	0.001135118	0.0008442439	0.0007020831	0.000570717	0.0004499807	0.0003269141	0.0002031471	6.580594e-05	4.041977e-05	3.252548e-05	2.579817e-05	2.215809e-05	1.840762e-05	1.621586e-05	3.563661e-06	3.010414e-06	2.559147e-06	2.252762e-06
141	0.601274	0.2242686	0.06605227	0.06306105	0.05880416	0.0561173	0.05280392	0.04879125	0.01299721	0.003515847	0.00232709	0.001280237	0.001105654	0.0009314708	0.0007524081	0.0006289802	0.0005145324	0.000407413	0.0002979065	0.000187653	5.941614e-05	3.56085e-05	2.825602e-05	2.191753e-05	1.940098e-05	1.635428e-05	1.445498e-05	3.159467e-06	2.673725e-06	2.276586e-06
142	0.6225391	0.5845647	0.2032653	0.06386042	0.06087189	0.05771568	0.05511196	0.05183721	0.04784038	0.01287214	0.003540151	0.002343738	0.001287325	0.00111269	0.0009376334	0.0007589253	0.000634319	0.000519406	0.0004111903	0.0003005225	0.0001890009	5.885653e-05	3.467542e-05	2.73673e-05	2.09295e-05	1.836856e-05	1.536695e-05	1.342383e-05	3.148156e-06	2.666321e-06
143	0.801284	0.6147774	0.5774965	0.1914102	0.06251162	0.05953465	0.05686079	0.0544723	0.05120421	0.04720739	0.01282162	0.003576562	0.002368953	0.001299417	0.001123873	0.000947083	0.0007673934	0.0006412837	0.0005255424	0.0004159653	0.000303858	0.0001907904	5.858392e-05	3.400543e-05	2.670773e-05	2.016377e-05	1.755326e-05	1.457659e-05	1.259157e-05	3.135112e-06
144	0.7180735	0.6858443	0.5861514	0.5570802	0.16805	0.05155512	0.04869853	0.04627528	0.04401831	0.04122575	0.03756992	0.01075206	0.003364372	0.002255496	0.001239527	0.001078104	0.0009155799	0.0007569239	0.0006330285	0.0005196821	0.0004115086	0.0003006477	0.0001887212	5.67245e-05	3.215581e-05	2.505456e-05	1.85009e-05	1.609022e-05	1.332406e-05	1.135309e-05
145	0.6449179	0.6375714	0.6201102	0.5441531	0.5226013	0.1318703	0.04349041	0.04097999	0.03880816	0.0368323	0.03439142	0.03118135	0.009180808	0.003000759	0.002012692	0.001111092	0.000968074	0.0008199801	0.0006778765	0.0005667438	0.0004651543	0.0003681324	0.0002687112	0.0001683659	4.732905e-05	2.507497e-05	1.869287e-05	1.270844e-05	1.113653e-05	9.383718e-06
146	0.2492144	0.2387068	0.2280398	0.2094527	0.1421088	0.1192582	0.1083387	0.03831386	0.03596435	0.03386639	0.0319881	0.02972583	0.02672825	0.008244549	0.002830067	0.001888106	0.001028408	0.0008934686	0.0007833605	0.0006477135	0.0005413883	0.0004440851	0.0003511793	0.0002559731	0.0001598492	4.268471e-05	2.127211e-05	1.522357e-05	9.436334e-06	8.226818e-06
147	0.1674658	0.1595072	0.1539393	0.1482141	0.1364416	0.08963675	0.07408915	0.067334	0.02488171	0.02357661	0.02245703	0.02143017	0.02010915	0.01835593	0.005164255	0.001698623	0.001155898	0.0006728237	0.0005845201	0.0005152556	0.0004219886	0.0003502186	0.0002845336	0.0002219231	0.0001588518	9.461935e-05	2.487645e-05	1.350706e-05	1.021711e-05	7.220789e-06
148	0.1146268	0.0970903	0.09379078	0.09160977	0.08929673	0.0835368	0.05780632	0.04968966	0.04644582	0.01388855	0.01336141	0.01295411	0.0125452	0.01192737	0.01111005	0.002866359	0.0008085263	0.0005649277	0.0003629223	0.0003081764	0.0002711109	0.0002095641	0.0001708462	0.0001354192	0.000101819	6.878527e-05	3.523814e-05	1.220337e-05	8.203015e-06	6.939233e-06
149	0.1861572	0.07609117	0.06494487	0.06335826	0.0623338	0.06120957	0.05790754	0.04206405	0.03724381	0.03531613	0.008054965	0.00776146	0.007564411	0.007347379	0.007008612	0.006552979	0.001717427	0.0004164341	0.0002955662	0.0001861329	0.0001416395	0.0001233696	8.216048e-05	6.763084e-05	5.445011e-05	4.222819e-05	3.022228e-05	1.811378e-05	8.068288e-06	6.105346e-06
150	0.8225865	0.1759882	0.06707784	0.05700552	0.05566879	0.05504784	0.05417878	0.05146095	0.03782055	0.03406584	0.0323498	0.006710578	0.006443838	0.006265995	0.006071082	0.005788446	0.005401744	0.001470064	0.0003445619	0.0002359232	0.0001399414	0.0001190113	0.0001042962	6.58009e-05	5.479433e-05	4.484777e-05	3.5136e-05	2.559923e-05	1.600091e-05	7.439215e-06
151	0.8073224	0.8062547	0.1664008	0.05870698	0.04929583	0.04824419	0.04784314	0.04729831	0.04505714	0.03361734	0.03052749	0.02912049	0.005254981	0.005020122	0.004863381	0.004692492	0.004470315	0.004155743	0.001185734	0.0002815801	0.0001939874	0.0001155877	0.0001020357	9.152943e-05	5.494084e-05	4.618057e-05	3.827978e-05	3.018709e-05	2.225601e-05	1.427364e-05
152	0.2141124	0.204536	0.1978799	0.1415277	0.04983288	0.04174101	0.04089496	0.04058885	0.0401537	0.03827994	0.02846149	0.02581068	0.02454237	0.003676467	0.003465569	0.003323243	0.00317222	0.00301553	0.002776782	0.0007780953	0.0002283673	0.0001631114	9.762654e-05	8.737791e-05	7.975854e-05	4.679998e-05	3.955084e-05	3.302594e-05	2.667909e-05	2.006049e-05
153	0.3459405	0.1732084	0.1644492	0.1578679	0.1086581	0.04262027	0.03455284	0.03387786	0.03353374	0.03311211	0.03172505	0.02479123	0.02262377	0.02151067	0.00306471	0.002855389	0.002708409	0.002558198	0.002419051	0.00219519	0.0006308414	0.0002023201	0.0001389104	7.339466e-05	6.318973e-05	5.544427e-05	4.678352e-05	3.951571e-05	3.297038e-05	2.660563e-05
154	0.7041246	0.3369164	0.1698749	0.1613196	0.1546182	0.106313	0.03954383	0.03280775	0.03212433	0.03175385	0.03131245	0.02994565	0.02324412	0.0211276	0.0199998	0.002942584	0.002734166	0.002584604	0.002433724	0.002295842	0.002073894	0.000612576	0.0002048346	0.0001405434	7.395181e-05	6.377801e-05	5.596945e-05	4.736403e-05	4.003324e-05	3.337177e-05
155	0.7675954	0.5679806	0.2655515	0.1088192	0.09946856	0.091947	0.04425649	0.03756209	0.0307384	0.03005854	0.02966245	0.02920216	0.02786207	0.02142881	0.01933508	0.01819633	0.002822071	0.002617	0.002466535	0.002316538	0.002179643	0.001960746	0.0005928251	0.0002058091	0.000141321	7.405604e-05	6.401021e-05	5.620127e-05	4.773106e-05	4.031511e-05
156	0.7934797	0.7397324	0.5554674	0.2527229	0.1012832	0.09174647	0.08403011	0.03688525	0.03016207	0.02871874	0.02802859	0.02760081	0.0271162	0.02579922	0.01963736	0.01757577	0.01642001	0.002716854	0.002513806	0.002361193	0.002210937	0.002073958	0.00185656	0.0005761255	0.0002083257	0.0001429277	7.454278e-05	6.455642e-05	5.669247e-05	4.831289e-05
157	0.8432481	0.7618011	0.7112485	0.5308381	0.2314462	0.09192541	0.08352427	0.07679704	0.03273667	0.02677747	0.02549765	0.02488837	0.02451184	0.0240782	0.02285442	0.01706805	0.01518573	0.01414055	0.002378139	0.002199123	0.002063738	0.001930952	0.001809689	0.001618076	0.0005089572	0.0001878199	0.0001296537	6.775414e-05	5.894977e-05	5.189784e-05
158	0.8978552	0.793296	0.712969	0.6645766	0.4826432	0.2257703	0.08995541	0.08146566	0.07464563	0.03101782	0.02509647	0.02379436	0.02317534	0.02277299	0.02231913	0.02111091	0.01556379	0.01368956	0.01262888	0.002287668	0.002110576	0.001973513	0.001840637	0.001719317	0.001529167	0.0004949607	0.0001899844	0.0001310966	6.824047e-05	5.950244e-05
159	0.4114871	0.3864244	0.3256619	0.2893672	0.2551089	0.09826189	0.0750114	0.04318227	0.04159982	0.04043318	0.01229038	0.0102165	0.009935967	0.00980367	0.009780545	0.009729669	0.00938816	0.007419648	0.006955113	0.00677413	0.0007698384	0.0007238295	0.0006953451	0.0006644641	0.0006346223	0.0005880157	0.0001732163	5.850328e-05	4.581925e-05	2.590752e-05
160	0.4445901	0.3467313	0.3318195	0.2732188	0.2438502	0.2140391	0.06092652	0.05251156	0.0345744	0.03394036	0.03353454	0.008095436	0.006614514	0.006466182	0.006405334	0.006414346	0.00640747	0.006235676	0.005140986	0.004940025	0.004889465	0.0004758975	0.0004501847	0.0004362564	0.0004200015	0.0004032556	0.0003785883	0.000104731	3.216944e-05	2.578587e-05
161	0.6500847	0.431763	0.3336062	0.3231435	0.2644991	0.2368718	0.2080973	0.05408807	0.04687912	0.03263272	0.03202715	0.03163123	0.006597542	0.005188713	0.00503489	0.004972102	0.00496536	0.004947586	0.004800183	0.003920762	0.003748486	0.00369775	0.0003891534	0.0003665876	0.0003528854	0.0003379099	0.00032236	0.0003006285	8.901928e-05	3.133219e-05
162	0.6101596	0.3055633	0.2745532	0.2691234	0.2617087	0.2096098	0.1827767	0.1801868	0.0254941	0.01958297	0.009008599	0.008269018	0.00768832	0.004977655	0.003706399	0.003569275	0.00351458	0.003502308	0.003481826	0.003364444	0.002696658	0.002558762	0.002513953	0.0002864694	0.0002692115	0.000257929	0.0002460647	0.0002336192	0.0002169271	6.931433e-05
163	0.1492883	0.1493596	0.1442856	0.1426571	0.1430269	0.1399081	0.08760446	0.07920532	0.07908341	0.008241408	0.006695843	0.002609941	0.002583813	0.00257983	0.00177651	0.001681051	0.001647303	0.001644648	0.001665061	0.001678324	0.001634565	0.001289503	0.001239759	0.001233288	0.0001009471	9.784615e-05	9.776008e-05	9.658778e-05	9.485257e-05	9.177211e-05
164	0.1407986	0.1299042	0.1309787	0.1319283	0.1321412	0.1330106	0.1324361	0.07979077	0.0719838	0.07256186	0.002266119	0.001701015	0.000641532	0.0006352872	0.0006340157	0.0004256436	0.000400641	0.0004021866	0.0003961598	0.0004006342	0.0004016133	0.0003747491	0.0002050123	0.000176136	0.0001664443	2.553368e-05	2.525669e-05	2.537744e-05	2.53118e-05	2.467989e-05
165	0.2449225	0.1389216	0.1288762	0.1300231	0.1311248	0.1314238	0.1323508	0.1333311	0.08001261	0.07216161	0.07283143	0.001693239	0.001215813	0.0004537481	0.000446633	0.000443197	0.0002911925	0.0002720656	0.0002725728	0.0002661535	0.0002687271	0.0002681636	0.0002424503	8.848296e-05	6.100233e-05	5.05483e-05	1.817883e-05	1.817031e-05	1.827185e-05	1.828749e-05
166	0.2529403	0.2334624	0.1392341	0.1293051	0.130503	0.1316513	0.1320261	0.1329877	0.1343137	0.08040737	0.07247747	0.0732713	0.00115103	0.0007985834	0.0002613316	0.0002524002	0.0002461	0.0001347694	0.0001190144	0.0001176859	0.0001146571	0.0001151586	0.0001145021	0.0001035308	4.064728e-05	2.8948e-05	2.45953e-05	1.295439e-05	1.293443e-05	1.296424e-05
167	0.273061	0.193394	0.1773642	0.08618851	0.07781316	0.07837702	0.07885395	0.07854669	0.07878722	0.07950208	0.0805282	0.07250006	0.07344538	0.0009242184	0.0006285504	0.0001818135	0.0001724816	0.0001653034	7.055769e-05	5.625576e-05	5.426378e-05	5.268902e-05	5.250163e-05	5.184758e-05	4.707744e-05	2.236765e-05	1.716035e-05	1.532195e-05	1.086206e-05	1.084156e-05
168	0.4333852	0.1588581	0.1265687	0.1140083	0.07978283	0.07403718	0.07481388	0.07553116	0.07613674	0.07671548	0.07747634	0.07849353	0.07264815	0.07362171	0.0008732414	0.0005914824	0.0001637495	0.000155335	0.0001488691	5.83621e-05	4.475832e-05	4.279256e-05	4.157377e-05	4.131797e-05	4.073347e-05	3.710225e-05	1.910425e-05	1.508138e-05	1.368322e-05	1.041367e-05
169	0.5847485	0.2485335	0.1450747	0.1249918	0.1136801	0.08000162	0.07490426	0.07570546	0.07644858	0.07712357	0.07772597	0.07853589	0.07959047	0.07367605	0.07469167	0.0008463283	0.0005698614	0.0001520011	0.0001433493	0.0001365974	4.759635e-05	3.401272e-05	3.187424e-05	3.089226e-05	3.047324e-05	2.987313e-05	2.772994e-05	1.635304e-05	1.33966e-05	1.237377e-05
170	0.7425988	0.494946	0.1744832	0.1420767	0.1245782	0.1141934	0.08070978	0.07581151	0.07663832	0.07740666	0.07811183	0.07873816	0.07959751	0.08072169	0.0747365	0.07579654	0.0008193061	0.0005483235	0.0001403225	0.0001314312	0.0001243901	3.690934e-05	2.334409e-05	2.102899e-05	2.02868e-05	1.969992e-05	1.907905e-05	1.802148e-05	1.354211e-05	1.167371e-05
171	0.6884127	0.6611061	0.4119007	0.1621105	0.1378408	0.1209899	0.110595	0.08087093	0.07655145	0.07740379	0.07819811	0.07894046	0.07959049	0.0804876	0.08164449	0.07558296	0.07667653	0.000532961	0.0003067938	9.391284e-05	8.419518e-05	7.62706e-05	2.641577e-05	1.737222e-05	1.546071e-05	1.466851e-05	1.401508e-05	1.336392e-05	1.235659e-05	8.729693e-06
172	0.7849261	0.6809885	0.6541557	0.4090511	0.1589823	0.1364852	0.119825	0.1095386	0.08121381	0.07745375	0.0783337	0.07915562	0.07993016	0.08060607	0.08153643	0.08277107	0.07663346	0.07777783	0.000424748	0.000213717	7.567907e-05	6.560966e-05	5.731459e-05	2.278908e-05	1.547666e-05	1.372089e-05	1.289592e-05	1.222156e-05	1.155831e-05	1.052926e-05
173	0.981657	0.7802283	0.6763256	0.6493015	0.4091079	0.1558846	0.1335017	0.1206673	0.1103296	0.08196489	0.07818381	0.07911212	0.08012216	0.08092441	0.08162616	0.08277355	0.08404703	0.07783274	0.0790152	0.0004146544	0.0002030207	7.393795e-05	6.373886e-05	5.532953e-05	2.244282e-05	1.539113e-05	1.364163e-05	1.280669e-05	1.212546e-05	1.145635e-05
174	0.988347	0.9790029	0.7862394	0.6822686	0.6550741	0.4118279	0.157229	0.1348675	0.1219275	0.1114856	0.08298913	0.07929864	0.0802574	0.08130001	0.08213328	0.08286463	0.08404992	0.085364	0.07907091	0.08029326	0.0004041522	0.0001919083	7.249748e-05	6.21141e-05	5.354004e-05	2.225326e-05	1.534774e-05	1.360558e-05	1.275629e-05	1.206444e-05
175	0.8604423	0.8547684	0.8520783	0.6968951	0.598704	0.5722658	0.3815522	0.1271726	0.1065381	0.09563996	0.08603757	0.07152218	0.06802702	0.06885818	0.0697621	0.07068695	0.0717248	0.07282407	0.07398035	0.07510986	0.07628897	0.0003792128	0.000169922	6.524808e-05	5.570008e-05	4.780691e-05	2.013603e-05	1.393927e-05	1.235081e-05	1.155406e-05
176	0.8814025	0.8543068	0.8486136	0.8460307	0.7015256	0.6035132	0.5769431	0.385432	0.1279055	0.107407	0.09653123	0.08688022	0.07250519	0.06901247	0.06987223	0.0708066	0.07176386	0.07283577	0.07397153	0.07516579	0.07633435	0.07755451	0.0003580963	0.0001579693	6.341512e-05	5.37259e-05	4.570229e-05	1.981121e-05	1.379631e-05	1.221525e-05
177	0.9040884	0.8770516	0.8508202	0.8450938	0.8425523	0.7074723	0.6094462	0.5827001	0.3886899	0.1289805	0.1085199	0.0975675	0.08782346	0.07353095	0.07003921	0.07092853	0.07189453	0.0728854	0.07399296	0.07516696	0.07640121	0.07761075	0.07887418	0.000346777	0.0001460563	6.175533e-05	5.188582e-05	4.369882e-05	1.956992e-05	1.37242e-05
178	0.4898428	0.4127398	0.4052312	0.3963971	0.3939838	0.3930543	0.3079454	0.2955703	0.293139	0.2908069	0.03527038	0.02181853	0.01571247	0.0105343	0.001977071	0.0006339074	0.000566855	0.000512573	0.0004506028	0.0004263662	0.0004083502	0.000405271	0.0003725161	0.0003122315	0.0002787197	9.263169e-05	3.528429e-05	3.064614e-05	2.683351e-05	1.225956e-05
179	0.6463489	0.4797295	0.4025637	0.3949675	0.3867494	0.3842677	0.3833303	0.3086839	0.2974519	0.2951455	0.2931725	0.03482925	0.02153312	0.01541985	0.0102135	0.00183587	0.0004959597	0.000426545	0.0003698911	0.0003059709	0.0002793156	0.0002592421	0.0002537248	0.0002181652	0.000154311	0.0001176046	7.895813e-05	3.307192e-05	2.835218e-05	2.445936e-05
180	0.4373509	0.2796218	0.2423122	0.1623394	0.1516233	0.1433488	0.1376022	0.1334153	0.06505896	0.05139579	0.04563173	0.04007703	0.03456014	0.02145887	0.01531596	0.0100526	0.00180887	0.0004718451	0.0004013194	0.0003436996	0.0002792915	0.0002519345	0.000231887	0.0002259566	0.0001896422	0.0001244103	8.671855e-05	6.414016e-05	3.092669e-05	2.609155e-05
181	0.3300608	0.3031572	0.1880576	0.1759631	0.09899613	0.09132975	0.08621478	0.08290741	0.08084735	0.03669651	0.02849297	0.02544104	0.02251076	0.01960944	0.01275658	0.009246103	0.006461106	0.001011999	0.0003060873	0.0002701727	0.0002409422	0.0002076242	0.0001942363	0.0001809323	0.0001782083	0.0001478375	8.519047e-05	5.169125e-05	3.95753e-05	1.822587e-05
182	0.3034088	0.288914	0.2636224	0.1626629	0.1542002	0.07715493	0.07039479	0.06598943	0.06310615	0.0614122	0.02891591	0.02268309	0.02023795	0.01787478	0.01550887	0.01038642	0.007874513	0.005620218	0.0008299711	0.0002564577	0.0002278042	0.0002044203	0.0001777978	0.0001671801	0.0001599401	0.0001580165	0.0001327886	7.024817e-05	3.933888e-05	2.993832e-05
183	0.3052062	0.2746924	0.2632544	0.2381625	0.1453872	0.1386175	0.06089529	0.05615842	0.05361298	0.05081448	0.04918607	0.02502774	0.01999968	0.01777952	0.01561088	0.0134122	0.009411295	0.007180188	0.005145093	0.0006996837	0.0001783687	0.0001510089	0.0001284391	0.0001031114	9.227348e-05	8.610775e-05	8.377916e-05	6.322081e-05	5.968897e-05	3.143293e-05
184	0.2206279	0.1825933	0.1675937	0.1580223	0.1348099	0.1260037	0.1212151	0.04387552	0.0419897	0.03996014	0.03828829	0.0369355	0.01908228	0.0152604	0.01347725	0.01172041	0.009908226	0.006909999	0.005123939	0.003471228	0.000547677	0.0001226838	9.99504e-05	8.105353e-05	6.019011e-05	5.092388e-05	4.618123e-05	4.404283e-05	3.310649e-05	3.027214e-05
185	0.4719568	0.2176805	0.1818576	0.1671356	0.1578061	0.1343304	0.1254944	0.1207721	0.04240252	0.04048367	0.03843252	0.03672689	0.03534035	0.0188681	0.0151989	0.01340388	0.01162611	0.009786091	0.006960416	0.005175209	0.003501666	0.0005541403	0.0001226316	9.955735e-05	8.036768e-05	5.92484e-05	4.982252e-05	4.545656e-05	4.33404e-05	3.227643e-05
186	0.7393712	0.2926678	0.2046925	0.1738415	0.1606863	0.1517259	0.128081	0.1224339	0.1189651	0.03960683	0.03779196	0.03582497	0.03413889	0.03275755	0.01787668	0.01443084	0.01267375	0.01092334	0.009179835	0.006578401	0.004841821	0.00319611	0.0005411884	0.000116796	9.401269e-05	7.503456e-05	5.425581e-05	4.490409e-05	4.09762e-05	3.893134e-05
187	0.4998647	0.4358909	0.2818797	0.2034696	0.173806	0.1608645	0.1520118	0.1281229	0.122548	0.1191182	0.03868482	0.03686741	0.03489629	0.0331997	0.03180685	0.01770938	0.01435422	0.01259809	0.01084321	0.009091871	0.006592063	0.004860597	0.00320741	0.0005436512	0.0001164719	9.356092e-05	7.466205e-05	5.377929e-05	4.435812e-05	4.064888e-05
188	0.02726831	0.02568327	0.01810266	0.01450341	0.006899241	0.004494315	0.003888049	0.003508184	0.003372267	0.003204512	0.003067839	0.002986175	0.002915764	0.002876982	0.002747498	0.002730416	0.0009065314	0.0006275633	0.0005655411	0.0004977599	0.000445964	0.0002280255	0.000158217	0.0001058727	1.746109e-05	4.503017e-06	3.804913e-06	3.229188e-06	2.5627e-06	2.280323e-06
189	0.03333311	0.01336001	0.01249306	0.009363422	0.007847065	0.004316715	0.003113892	0.002682204	0.002392912	0.00229042	0.002164905	0.00205102	0.001996434	0.001957781	0.001917527	0.001889985	0.001868126	0.0006427912	0.0004516064	0.000399693	0.0003379844	0.0002908793	0.0001859775	0.0001353422	9.079302e-05	1.487312e-05	3.48028e-06	2.867426e-06	2.359357e-06	1.792184e-06
190	0.3890358	0.03227919	0.01230807	0.0114319	0.008768991	0.007296181	0.004147712	0.003047082	0.002625409	0.002339495	0.002236526	0.002109229	0.001995043	0.001940584	0.001900952	0.001859619	0.001831372	0.001808425	0.0006288225	0.0004437386	0.0003915234	0.0003288671	0.0002808497	0.0001868657	0.0001369968	9.19473e-05	1.50706e-05	3.481156e-06	2.858821e-06	2.342457e-06
191	0.9613029	0.347515	0.03114129	0.01136937	0.01048844	0.008222091	0.006792996	0.00399725	0.00298356	0.002574869	0.0022918	0.002188554	0.002059722	0.001945415	0.001891135	0.001850716	0.001808525	0.00177975	0.001756316	0.0006156694	0.0004358568	0.0003834067	0.0003199101	0.0002718203	0.0001875753	0.0001384341	9.299212e-05	1.523603e-05	3.482283e-06	2.852189e-06
192	0.9879275	0.9561648	0.3423313	0.03057279	0.0107191	0.009827269	0.007817351	0.006415714	0.00382513	0.002865255	0.002458919	0.002175014	0.00207012	0.001938278	0.001821943	0.001766098	0.001723433	0.001678905	0.001648019	0.001622191	0.0005963352	0.0004324965	0.0003805491	0.0003162797	0.0002673566	0.000189318	0.000140331	9.428293e-05	1.545756e-05	3.500554e-06
193	0.9817564	0.9749226	0.9436625	0.3343575	0.02965299	0.01002185	0.009126934	0.007315689	0.005964901	0.0035393	0.002670442	0.002268953	0.001986338	0.001880644	0.001746529	0.001628852	0.001571227	0.001526009	0.001478927	0.001445484	0.001416789	0.0005645961	0.0004256364	0.0003752431	0.0003109297	0.0002619348	0.0001889763	0.0001405864	9.457639e-05	1.546732e-05
194	0.9891335	0.9793862	0.9725635	0.9415202	0.3301433	0.02882329	0.009397697	0.008621256	0.00696018	0.005628383	0.003319317	0.002478597	0.002076583	0.001790886	0.001682408	0.00154391	0.001422676	0.001361805	0.00131279	0.001261918	0.00122467	0.001191979	0.000543548	0.0004252622	0.0003755435	0.0003104322	0.0002606622	0.0001911155	0.0001425335	9.586606e-05
195	0.9919842	0.9817409	0.9721425	0.965573	0.9351669	0.3231758	0.02793051	0.008716293	0.007969878	0.006487502	0.00519351	0.003043199	0.002244919	0.001849234	0.001565317	0.001455961	0.00131477	0.001192026	0.001128881	0.001076696	0.001022771	0.0009823032	0.0009461696	0.0005132157	0.0004177974	0.0003696923	0.0003046744	0.0002551372	0.0001902942	0.0001424191
196	0.4798788	0.4713448	0.4546369	0.4440413	0.4316273	0.3959201	0.3143368	0.02781696	0.008592701	0.007845975	0.006380095	0.005143665	0.002999293	0.002206653	0.001814502	0.001530626	0.00142026	0.001276772	0.001153092	0.001089459	0.001036005	0.0009817545	0.0009401279	0.0009029885	0.0004985328	0.0004051845	0.0003563915	0.0003075388	0.0002572853	0.0001922715
197	0.4743655	0.4597088	0.4508654	0.4341118	0.4232001	0.4104451	0.3753393	0.2946364	0.02729678	0.008556038	0.007808562	0.006354199	0.005116902	0.002977081	0.002187764	0.001798599	0.001514332	0.001402867	0.001256981	0.001133064	0.001069047	0.001014448	0.0009602156	0.0009175816	0.0008796194	0.0005010984	0.0004096529	0.0003602755	0.0003107076	0.0002601677
198	0.5243699	0.4657147	0.4510162	0.4422146	0.4256167	0.4144896	0.4015011	0.3671662	0.2868143	0.02696569	0.008216872	0.007463945	0.00601493	0.004771387	0.00295857	0.002171707	0.001785173	0.001500291	0.001387658	0.001239299	0.001114772	0.001050325	0.000994554	0.0009402908	0.0008966264	0.000857821	0.0005041697	0.0004144783	0.0003644748	0.0003141511
199	0.5052479	0.21115	0.2047054	0.2024045	0.2013144	0.196813	0.1934072	0.1907865	0.1760275	0.1323078	0.008880488	0.002663649	0.002349053	0.001924352	0.001423462	0.0009031978	0.0006797163	0.0005701245	0.0004882422	0.0004587262	0.0003855247	0.0003513279	0.0003342302	0.0003117635	0.0002968256	0.0002855772	0.0002761588	0.0001556802	0.0001294563	0.000116397
200	0.2703975	0.2661346	0.1479729	0.1461968	0.146141	0.1460472	0.1431898	0.1429761	0.1426823	0.1323072	0.09589801	0.005474128	0.001514809	0.001390533	0.001158619	0.0007936656	0.0005100731	0.0003902136	0.0003329866	0.0002936331	0.0002782868	0.0002167881	0.0001983727	0.0001894792	0.0001720904	0.0001640904	0.0001579038	0.000153134	9.350252e-05	8.0231e-05
201	0.1421186	0.1329588	0.1297573	0.09492801	0.09353592	0.09340785	0.09321358	0.09135177	0.0910247	0.09063905	0.08228547	0.07550231	0.004191683	0.001077429	0.0009848902	0.0008290094	0.0005252946	0.000326697	0.000243324	0.000203779	0.0001761385	0.0001655616	0.0001484682	0.0001350872	0.0001289125	0.0001194905	0.0001137784	0.0001092195	0.0001058543	7.099995e-05
202	0.2641716	0.1291697	0.1199023	0.1165679	0.08364401	0.08220051	0.08193255	0.08158319	0.07963969	0.07916106	0.07863768	0.07128709	0.06470225	0.003384699	0.001052113	0.000965921	0.0008119269	0.0005149784	0.0003186296	0.0002370739	0.000198046	0.0001704502	0.0001597335	0.0001424773	0.0001292334	0.0001230091	0.0001134723	0.0001078755	0.000103327	9.981066e-05
203	0.9600859	0.2567246	0.1218973	0.1125012	0.1090703	0.07675571	0.07525049	0.07492721	0.07447869	0.07248006	0.07192122	0.07132025	0.06464999	0.05818046	0.003273502	0.001039674	0.0009586673	0.0008050227	0.0005112968	0.0003147995	0.0002340019	0.0001954109	0.0001677383	0.0001568761	0.0001394266	0.0001260616	0.0001197732	0.0001101133	0.0001045477	9.999318e-05
204	0.9823938	0.9420719	0.2345643	0.1135802	0.1044307	0.1008688	0.06975491	0.06818797	0.06777028	0.06721714	0.0651587	0.06449721	0.06380335	0.05782782	0.05147295	0.003139688	0.001024065	0.0009471702	0.0007936428	0.0005030907	0.0003102825	0.0002301849	0.0001916717	0.0001638265	0.0001527826	0.0001351023	0.000122771	0.0001164079	0.0001066137	0.0001010849
205	0.9833555	0.9796742	0.9391314	0.2271632	0.1055857	0.09641324	0.09275775	0.06219535	0.06056637	0.06005706	0.05946219	0.05736196	0.05660174	0.05581934	0.05068978	0.04448479	0.003007915	0.001006301	0.0009342534	0.0007819855	0.0004958726	0.0003042319	0.0002255498	0.0001874667	0.0001597183	0.0001486149	0.0001308187	0.0001184682	0.0001120865	0.0001021971
206	0.2214909	0.2066615	0.1952798	0.1832473	0.1207925	0.0908087	0.08232347	0.07852723	0.05346888	0.05253576	0.05193163	0.05133333	0.04919019	0.0483293	0.0474558	0.04310056	0.03712778	0.002684134	0.0008026611	0.0007328223	0.000591651	0.0004748163	0.00028497	0.0002078981	0.0001698776	0.0001419621	0.0001306347	0.0001201536	0.0001076808	0.000101305
207	0.2134161	0.1976059	0.1830644	0.1716651	0.1601157	0.1015846	0.08157863	0.07322106	0.0694205	0.04504365	0.04403985	0.04334802	0.04265702	0.04045363	0.03949698	0.03853772	0.03505505	0.02921111	0.002495745	0.0007721989	0.0007079697	0.0005683018	0.0004590709	0.0002812028	0.000204596	0.0001670336	0.0001393408	0.0001281152	0.0001177784	0.0001054444
208	0.3462972	0.2035646	0.1892282	0.1744971	0.1628976	0.1512245	0.09489284	0.07476274	0.06629438	0.06236277	0.03809724	0.03699284	0.03619613	0.0354099	0.03446604	0.0334125	0.03236178	0.02947861	0.02364404	0.002411552	0.0007671817	0.0007062776	0.0005665881	0.0004619564	0.0002834267	0.0002063007	0.0001684431	0.0001404572	0.0001291011	0.0001186434
209	0.4362172	0.3419044	0.2002582	0.1858107	0.1709413	0.1591529	0.1472894	0.09191642	0.07157121	0.06295645	0.05892824	0.03457341	0.03340742	0.03255038	0.03169839	0.03071019	0.02978401	0.02875215	0.02622393	0.02035382	0.002377761	0.0007700776	0.0007109763	0.0005702565	0.0004676339	0.0002872634	0.0002091505	0.0001708162	0.0001424252	0.0001309056
210	0.8904677	0.433335	0.342327	0.2003323	0.185827	0.1709506	0.1590504	0.1470743	0.0915865	0.07113803	0.06243368	0.05837676	0.03379662	0.03260841	0.03174159	0.03086877	0.02986482	0.02893485	0.0279429	0.02550409	0.01956743	0.002389973	0.000778899	0.0007199496	0.0005774588	0.0004744736	0.000291571	0.0002123116	0.0001734634	0.000144668
211	0.9719551	0.8767175	0.4294719	0.3407032	0.1989357	0.1844219	0.1694048	0.1573501	0.1453436	0.08962306	0.06899374	0.06016062	0.0560183	0.03131127	0.03007196	0.02915541	0.02823149	0.02718109	0.02619522	0.0251458	0.02271513	0.01914762	0.002407666	0.0007835915	0.0007243742	0.0005816708	0.0004782916	0.0002941523	0.0002142705	0.000175107
212	0.9774709	0.9683028	0.8742141	0.4294049	0.3408462	0.1992771	0.18517	0.170069	0.157873	0.1457136	0.08973678	0.06893109	0.05997385	0.05576828	0.03091545	0.02965356	0.02871708	0.02777196	0.02670445	0.02569553	0.02462248	0.02223393	0.0186498	0.002427913	0.0007900816	0.0007305293	0.0005871296	0.0004829462	0.0002970864	0.000216423
213	0.9589352	0.953992	0.9452808	0.8675283	0.427164	0.339125	0.1979828	0.1847747	0.1697134	0.1573852	0.145079	0.08886972	0.0688589	0.05979408	0.05553393	0.03056102	0.02927964	0.0283256	0.02736187	0.02627995	0.02525067	0.02415684	0.02181418	0.01822072	0.002445599	0.0007950497	0.0007352041	0.0005911198	0.0004861646	0.000299702
214	0.9834376	0.9462281	0.9415786	0.9344694	0.85735	0.4258165	0.3386626	0.1985745	0.1852843	0.1701338	0.1576992	0.1452822	0.08894888	0.06877895	0.05962387	0.05531229	0.03026873	0.02897024	0.02800072	0.02702149	0.02592832	0.02488055	0.02376762	0.02145157	0.01795084	0.002464956	0.0007993753	0.0007392723	0.0005945862	0.0004889933
215	0.9836392	0.9809194	0.9444108	0.9398151	0.9329029	0.8566704	0.4252515	0.3381224	0.1998678	0.186485	0.171289	0.1587294	0.1461647	0.08951202	0.06916152	0.05988337	0.0555131	0.03045235	0.02913919	0.02815816	0.02716635	0.02605969	0.02499759	0.02386954	0.02153536	0.01805932	0.002493653	0.0008020919	0.0007413915	0.0005967395
216	0.9926869	0.9809893	0.9783643	0.9423728	0.9378206	0.9309523	0.8559027	0.424239	0.3368716	0.200596	0.1876378	0.1723655	0.159691	0.1469855	0.09003963	0.06952668	0.06012655	0.05569715	0.03062429	0.02929752	0.02830528	0.02730072	0.02618037	0.02510326	0.02395931	0.02160733	0.01815878	0.0025155	0.0008047597	0.0007433844
217	0.9880537	0.9870392	0.9755779	0.9730553	0.9376173	0.93312	0.9264483	0.8525632	0.4222836	0.3351207	0.2012372	0.1881931	0.1728858	0.1601212	0.1472988	0.09033426	0.06969922	0.06020116	0.05572571	0.03070538	0.02936835	0.02836719	0.02735244	0.02622129	0.02513227	0.02397645	0.02161236	0.01820144	0.002536759	0.000805497
218	0.9972872	0.9854818	0.984494	0.9733424	0.9708214	0.9365184	0.9320752	0.9253897	0.8526589	0.4216069	0.3340807	0.2027148	0.1896587	0.1742449	0.1613477	0.1483676	0.09096737	0.07021151	0.06058097	0.05604209	0.03100719	0.02965611	0.02864387	0.02761724	0.02647216	0.02536886	0.02419777	0.02180171	0.01843246	0.002569963
219	0.9022294	0.9005735	0.8964251	0.8956096	0.8869763	0.8847776	0.8536671	0.8496466	0.8439261	0.7791644	0.385042	0.304362	0.1867136	0.1746069	0.1604728	0.1485887	0.1365502	0.08481631	0.06538737	0.05631066	0.05204259	0.02859448	0.02735178	0.0264172	0.02542931	0.02432987	0.02326085	0.02212764	0.01987166	0.0167959
220	0.8877129	0.8855799	0.8841024	0.8802042	0.879406	0.8710172	0.8688546	0.8387435	0.8348148	0.8291819	0.7667311	0.3778388	0.2979284	0.1849134	0.1737039	0.1596677	0.1478127	0.1357717	0.08449561	0.06510134	0.05598631	0.05170037	0.02846664	0.02722692	0.02629322	0.02529927	0.02419309	0.02311512	0.02197265	0.01971004
221	0.8951374	0.8845982	0.882489	0.8810412	0.8771864	0.8763916	0.8679926	0.8660879	0.8364093	0.832477	0.8268739	0.7645264	0.3780094	0.2983499	0.185894	0.174574	0.1604203	0.1484445	0.1362609	0.08461222	0.06509087	0.05584559	0.05149255	0.02865339	0.02740372	0.02646025	0.025453	0.02433167	0.02323822	0.02208075
222	0.9958653	0.8897229	0.8792401	0.8772309	0.8757864	0.8720172	0.8712239	0.8630035	0.8611586	0.8318322	0.8278757	0.8223008	0.7594446	0.378555	0.2996301	0.1866688	0.1752467	0.1609329	0.1488199	0.1364781	0.08445271	0.06482273	0.05543561	0.05100566	0.02874528	0.02748436	0.02652774	0.02550424	0.0243649	0.02325216
223	0.9748288	0.9730969	0.8739209	0.8636497	0.8616972	0.8603459	0.8567793	0.8560068	0.8478537	0.8460276	0.8175241	0.8135894	0.8080621	0.7460724	0.3733128	0.2958806	0.1846028	0.1733629	0.1591783	0.1471721	0.1349085	0.08298684	0.06382224	0.05446531	0.05004343	0.0286208	0.02737741	0.02643053	0.02540952	0.02427122
224	0.9550242	0.9479199	0.9462032	0.846814	0.8368947	0.8350552	0.8337332	0.8305105	0.8297584	0.8228983	0.8211077	0.7938054	0.7900149	0.7845351	0.7253252	0.3634202	0.2882006	0.1803513	0.1695874	0.1560565	0.1445989	0.1328122	0.08138484	0.06250606	0.05320049	0.04879551	0.02843525	0.02724656	0.02635162	0.02532696
225	0.9433736	0.9411933	0.9352798	0.9336105	0.8330915	0.8234031	0.8217054	0.8203988	0.8172266	0.816485	0.8096882	0.8079374	0.7813453	0.7775673	0.7721344	0.7135618	0.3596478	0.2859004	0.1789521	0.1683452	0.1549852	0.1436635	0.1319704	0.08045797	0.06165152	0.05228432	0.04784048	0.02836201	0.02718952	0.02631172
226	0.9716501	0.9376636	0.9356394	0.9298573	0.9281833	0.8264274	0.816794	0.8153504	0.814051	0.8109106	0.8101732	0.8033817	0.8017869	0.775738	0.7719566	0.7665211	0.7075771	0.3593567	0.2865224	0.1791263	0.1684761	0.1550454	0.143662	0.1318772	0.07998771	0.06115378	0.05166066	0.04714721	0.02857031	0.02739524
227	0.7284574	0.7238317	0.7040347	0.7026992	0.6993668	0.698208	0.6042961	0.5965355	0.5955232	0.5944923	0.5920095	0.5914452	0.5857868	0.5845935	0.5662334	0.5631321	0.5587287	0.5194029	0.2548618	0.2019819	0.1277861	0.1214343	0.1131201	0.1062426	0.09896749	0.0561353	0.04426321	0.03881169	0.03626913	0.02315483
228	0.6593698	0.6577942	0.6550657	0.6361091	0.6349605	0.632067	0.6309506	0.5369959	0.5297321	0.5288342	0.5278835	0.5255997	0.52509	0.5197607	0.5186315	0.5030525	0.5001507	0.4959058	0.4636305	0.2245222	0.1773951	0.113504	0.1084818	0.1019052	0.09652616	0.09064246	0.05012242	0.03997074	0.035268	0.03308162
229	0.6501383	0.6442472	0.6428322	0.6401536	0.620984	0.619848	0.6170544	0.6159349	0.5206878	0.513757	0.5128896	0.5119761	0.5097342	0.5092433	0.5039908	0.5028792	0.4880077	0.4851368	0.4809465	0.4496856	0.2182499	0.1725688	0.1101974	0.1053859	0.09902797	0.09387479	0.08809452	0.04882169	0.03901704	0.03433194
230	0.5940599	0.5442437	0.5387288	0.5374278	0.5358818	0.5179849	0.5169032	0.5141286	0.5129986	0.5093005	0.5024733	0.5016457	0.5007404	0.4994594	0.4989731	0.493875	0.4927949	0.4781383	0.4752601	0.4712041	0.4404887	0.2151448	0.170479	0.1084623	0.1035853	0.09732064	0.09212723	0.08702983	0.04820527	0.03838476
231	0.7307862	0.4256042	0.4105617	0.4085888	0.4076743	0.4065927	0.3919827	0.3911059	0.3899495	0.3898301	0.387542	0.3839528	0.3832887	0.3828779	0.3818925	0.3815729	0.3773584	0.3764643	0.3650356	0.3633146	0.3600617	0.3377932	0.1642427	0.1307142	0.0837327	0.08061436	0.07652662	0.07323094	0.07000024	0.03588146
232	0.7571849	0.7225067	0.4150554	0.4000829	0.3981717	0.3972555	0.3961726	0.3816095	0.3807768	0.379623	0.379504	0.37723	0.3736193	0.3729755	0.3725673	0.3715952	0.3712766	0.3672283	0.3663757	0.3550343	0.3533107	0.3502824	0.3283476	0.1618273	0.1294188	0.0830616	0.07989872	0.07576795	0.07241318	0.06911816
233	0.8545162	0.7428073	0.7123448	0.3996469	0.3856539	0.3837797	0.3828922	0.3818411	0.3670856	0.366268	0.3651238	0.3650063	0.3628194	0.3592088	0.358579	0.3581786	0.3572328	0.3569177	0.3530613	0.3522516	0.3410686	0.3393521	0.3365772	0.3150055	0.1573336	0.1265163	0.08126567	0.07818476	0.0741286	0.07083465
234	0.8346799	0.8135302	0.7137818	0.6838453	0.3903222	0.3765311	0.3746503	0.3739337	0.3729271	0.3585273	0.3577073	0.3565563	0.3564384	0.3542547	0.3505991	0.3499735	0.3495734	0.3486455	0.3483284	0.3446767	0.3439046	0.3326233	0.3308888	0.3283533	0.3064459	0.1558505	0.1261843	0.08080211	0.07768236	0.07356187
235	0.8508883	0.8215389	0.8064575	0.7082959	0.6785249	0.3823854	0.368378	0.3667411	0.366021	0.3650067	0.3503855	0.3495779	0.3484177	0.348299	0.3460999	0.3423928	0.3417783	0.3413778	0.340458	0.3401383	0.336656	0.3359261	0.3245154	0.3227579	0.3204706	0.298137	0.15464	0.126119	0.08047868	0.07730889
236	0.9638508	0.8188387	0.7905986	0.7772539	0.6878042	0.6707528	0.3693141	0.3552344	0.3536032	0.3529005	0.3519049	0.3370668	0.3362604	0.3351033	0.3349853	0.3328293	0.3291021	0.3284984	0.3281034	0.3272046	0.3268862	0.3236043	0.3229191	0.3115657	0.3098039	0.307788	0.2855275	0.1509936	0.1240415	0.07905975
237	0.9690149	0.9458658	0.8125063	0.784564	0.7710578	0.6839178	0.6672556	0.3603166	0.3459886	0.3443446	0.343889	0.343427	0.3283696	0.3275591	0.3263925	0.3262738	0.3241228	0.3203425	0.3197427	0.3193474	0.3184656	0.3181446	0.3150478	0.3144022	0.3029215	0.3011369	0.2993764	0.2767559	0.1496391	0.1238894
238	0.9885275	0.9587227	0.9357331	0.8004512	0.7723985	0.7589256	0.6786684	0.6624653	0.3497581	0.3351763	0.3335208	0.3331594	0.3327313	0.317534	0.3167203	0.3155497	0.3154308	0.3132881	0.309465	0.3088723	0.3084794	0.3076221	0.3072999	0.3044422	0.3038395	0.2922997	0.2904985	0.289011	0.2661311	0.1472929
239	0.9780519	0.9762062	0.9459515	0.9259685	0.7883604	0.7629224	0.7493714	0.6714332	0.6558729	0.3390725	0.3242144	0.3234286	0.3230754	0.3226511	0.3071999	0.3063921	0.3052149	0.3050955	0.3029453	0.2990715	0.2985006	0.2981091	0.2972647	0.2969404	0.2942781	0.2937242	0.2820827	0.2802592	0.2790819	0.2558059
240	0.9597628	0.9463912	0.9447386	0.9139287	0.8940107	0.7761676	0.7504837	0.7367256	0.6673534	0.6521503	0.3291567	0.3140118	0.3132256	0.3129787	0.3126747	0.29727	0.2964572	0.2953099	0.2951932	0.2930864	0.2892003	0.2886329	0.2882613	0.2874588	0.2871377	0.2846143	0.2840834	0.2725527	0.2707158	0.2696913
241	0.9489458	0.9385215	0.9253351	0.9237972	0.8992098	0.8811924	0.7612272	0.7408217	0.7287464	0.6618583	0.6474495	0.3181907	0.3027483	0.3020334	0.3017909	0.3014906	0.2858126	0.2850057	0.283941	0.2838296	0.2818302	0.2779095	0.2773525	0.2769953	0.2762517	0.2759371	0.2734103	0.2728842	0.2617584	0.2599115
242	0.9700985	0.927314	0.9168353	0.9045411	0.9035036	0.8878219	0.87009	0.7478323	0.7311142	0.7192043	0.6546208	0.6430044	0.3071079	0.2913556	0.2911151	0.2908765	0.2905797	0.2746156	0.2738454	0.2728637	0.2727575	0.270868	0.2668973	0.2663496	0.266003	0.2653212	0.2650126	0.2624746	0.2619828	0.251261
243	0.8216582	0.8041736	0.7700583	0.7628798	0.7530526	0.7521447	0.7365029	0.7212614	0.7180581	0.7016326	0.6894976	0.6335556	0.622918	0.2800497	0.2639761	0.2637412	0.2635616	0.2633484	0.2622847	0.261509	0.2605939	0.2604922	0.2587242	0.2546955	0.2541488	0.2538117	0.2532099	0.2529075	0.2515525	0.2510574
244	0.3548947	0.3516421	0.3471203	0.3419222	0.3402917	0.3359326	0.3353092	0.3348371	0.3253654	0.3226101	0.3190908	0.3124387	0.2623943	0.2528986	0.2526383	0.236232	0.2360542	0.2358907	0.2356918	0.2346712	0.2345057	0.2337514	0.2336606	0.2321156	0.228169	0.2278183	0.2275151	0.2270031	0.2267176	0.2254752
245	0.2991099	0.2945676	0.2934265	0.2904264	0.289021	0.2876895	0.2849661	0.2844733	0.2840443	0.2782761	0.2764496	0.273213	0.2698325	0.2237479	0.2150323	0.2147976	0.2144177	0.2142495	0.2141009	0.2139407	0.2135254	0.2133702	0.2128158	0.2127567	0.2112531	0.2099108	0.2095909	0.2093453	0.2088594	0.2086868
246	0.5233183	0.2822417	0.2792622	0.2782425	0.2753136	0.273948	0.273074	0.2704438	0.2700134	0.2697177	0.2641375	0.2623922	0.2593754	0.2560752	0.212229	0.2039425	0.2037459	0.2033587	0.2032307	0.2030863	0.2029307	0.2025326	0.202397	0.2018604	0.2018028	0.2003096	0.1990315	0.1987347	0.198496	0.1980197
247	0.4458172	0.3558749	0.2696655	0.2669033	0.2659001	0.2631889	0.2620268	0.2611782	0.2586466	0.2582247	0.2579381	0.2524545	0.2507679	0.2478691	0.2445027	0.2037632	0.1957845	0.1955947	0.1951993	0.1950757	0.1949385	0.194798	0.1944285	0.1942972	0.1937717	0.193715	0.1922239	0.1909921	0.1907117	0.190476
248	0.8225898	0.4336832	0.345684	0.2638683	0.2611171	0.2601334	0.2574192	0.2562678	0.2554324	0.2529253	0.2525061	0.2522242	0.2467707	0.2451144	0.2422791	0.2388791	0.1990337	0.1914298	0.1912437	0.1908397	0.1907189	0.1905827	0.1904437	0.1900815	0.1899526	0.1894329	0.1893766	0.1878762	0.1866678	0.1863946
249	0.6616165	0.5278004	0.2931755	0.2284178	0.181871	0.1801716	0.1796941	0.1787641	0.177932	0.177391	0.1756053	0.1752754	0.1750797	0.1717454	0.1706323	0.1686318	0.1677604	0.1396773	0.1343084	0.1341768	0.1337889	0.1337061	0.1336058	0.133525	0.1332733	0.1331827	0.1328641	0.1328267	0.1323802	0.1314746
250	0.4617954	0.4490719	0.3872502	0.2214271	0.1682592	0.1322765	0.131544	0.1311799	0.1305071	0.1301205	0.1297244	0.1287898	0.1285175	0.1283745	0.1258738	0.125126	0.1236539	0.1231027	0.1023892	0.09840613	0.09830877	0.09829194	0.09823329	0.09815218	0.09809166	0.09792453	0.09785815	0.09763007	0.09760761	0.09726157
251	0.461148	0.4315147	0.4199216	0.3629084	0.2092733	0.1574869	0.1228386	0.1221513	0.1218087	0.1211729	0.1208128	0.1204457	0.1195772	0.1193323	0.1192032	0.1168117	0.1161114	0.1147474	0.1141958	0.09495668	0.09125345	0.09116794	0.09115111	0.09109729	0.09101866	0.0909616	0.09080495	0.09074299	0.09052086	0.09049892
252	0.5720818	0.4413126	0.4147229	0.4036733	0.3492009	0.2027102	0.1513666	0.1173264	0.1166621	0.1164487	0.1158313	0.1154859	0.1151551	0.1143237	0.1141779	0.1140586	0.111717	0.1110429	0.1097527	0.1091903	0.09077257	0.08723897	0.08715863	0.08714174	0.08709107	0.08701344	0.08695823	0.08680746	0.08675131	0.08653255
253	0.5982152	0.5543221	0.4280381	0.4023422	0.3920043	0.3394428	0.1983176	0.1470942	0.1133107	0.1126616	0.1124834	0.1118784	0.111544	0.111242	0.1104382	0.1103124	0.1102015	0.1078909	0.1072364	0.1060046	0.1054314	0.08762765	0.08421243	0.08413635	0.08411928	0.08407138	0.08399423	0.08394035	0.08379403	0.08374258
254	0.8622539	0.5706297	0.5264545	0.4029425	0.378992	0.3689888	0.3181403	0.1816403	0.1304327	0.1096467	0.1090116	0.1088389	0.1082447	0.1079201	0.1076273	0.1068487	0.1067265	0.1066188	0.1043333	0.1036962	0.1025048	0.1019172	0.08467189	0.08145403	0.08138029	0.08136299	0.08131668	0.08123983	0.08118713	0.08104476
255	0.9705217	0.856254	0.5566584	0.5113914	0.3917471	0.3683928	0.3587309	0.3095477	0.1775287	0.1265662	0.1062297	0.1056163	0.1054488	0.1048888	0.1045768	0.1042925	0.1035421	0.1034233	0.1033185	0.1010541	0.1004358	0.09928225	0.09867906	0.08196042	0.07884223	0.0787707	0.07875313	0.07870832	0.07863692	0.07858819
256	0.944733	0.9161843	0.8016436	0.4940721	0.4478951	0.3506513	0.3279183	0.3186047	0.2710734	0.1435639	0.1223304	0.1024845	0.101948	0.1017857	0.1012418	0.1009421	0.1006663	0.09994369	0.09982844	0.0997266	0.09748274	0.09688192	0.09576683	0.09514709	0.0792079	0.07619084	0.07612152	0.07610364	0.07606015	0.07599017
257	0.9288041	0.9263573	0.8983492	0.7826636	0.4664005	0.4190357	0.3267617	0.3083715	0.2995734	0.2547118	0.1343773	0.1143137	0.09686792	0.09635464	0.09620091	0.09567614	0.09539185	0.09513017	0.09444674	0.09433726	0.09424034	0.09204419	0.09146991	0.09041734	0.0897815	0.07472364	0.07189818	0.07183246	0.07181435	0.07177305
258	0.9587777	0.9222662	0.9198805	0.891984	0.7736578	0.4517095	0.4034063	0.3147505	0.2970209	0.2885465	0.2453814	0.1296017	0.1103034	0.09331409	0.09282495	0.09267648	0.0921937	0.09192179	0.09166871	0.09101273	0.09090677	0.09081283	0.0886349	0.08808379	0.08707027	0.08641586	0.07190669	0.06918473	0.06912123	0.06910277
259	0.6630955	0.6271951	0.5914778	0.5891237	0.561356	0.4396154	0.4365417	0.3879863	0.3026192	0.2855488	0.2773995	0.2359334	0.1247355	0.1061976	0.08970079	0.0892592	0.08911516	0.08870352	0.08844386	0.08819785	0.08756726	0.08746446	0.08737344	0.08521265	0.08467964	0.08370453	0.08303072	0.0690634	0.06644426	0.066383
260	0.5981873	0.5939928	0.5660765	0.5311808	0.5288569	0.5009225	0.3754732	0.373545	0.3718181	0.289878	0.2734941	0.2656886	0.2260139	0.1196434	0.1018946	0.08591667	0.08551527	0.08537589	0.0850213	0.08477692	0.08453834	0.08393531	0.08383585	0.08374791	0.08160503	0.08109096	0.08015645	0.07946196	0.06606813	0.06355774
261	0.5818194	0.573983	0.5716924	0.5447355	0.5114137	0.509127	0.4809751	0.3516006	0.3497365	0.3482129	0.2759027	0.2602538	0.2528256	0.2150482	0.1137734	0.09715727	0.08176867	0.08139741	0.08126299	0.08092872	0.08069875	0.08046806	0.07989558	0.07979966	0.07971498	0.07759091	0.07709578	0.07620432	0.07548781	0.06289685
262	0.351246	0.3439186	0.3397267	0.3384198	0.3188935	0.3043775	0.3027346	0.2785464	0.1516727	0.1503117	0.1494462	0.118676	0.1121233	0.1088792	0.09271484	0.04957473	0.04248939	0.03590019	0.03574043	0.03568258	0.03553784	0.03543978	0.03533975	0.03509293	0.03504664	0.03500578	0.03345879	0.03322107	0.03284131	0.03212336
263	0.5212529	0.3319671	0.324813	0.3208492	0.3197223	0.3012309	0.2878444	0.2871085	0.2630118	0.1318126	0.1304515	0.1296349	0.1030087	0.09730799	0.09448825	0.08051289	0.04327441	0.0371508	0.03134568	0.03120588	0.03115613	0.03102997	0.03094447	0.03086015	0.03064448	0.03061255	0.03058267	0.0290587	0.02884864	0.02851852
264	0.5498088	0.2943173	0.2552968	0.2485928	0.2452036	0.2443562	0.2301429	0.2209271	0.2205931	0.2172842	0.08872299	0.08744446	0.08675753	0.06891725	0.0652248	0.06342669	0.05403973	0.02911909	0.02501467	0.02166044	0.02156893	0.02153582	0.02145152	0.02139587	0.02133952	0.02119622	0.02117521	0.02115443	0.01972119	0.01956066
265	0.5049677	0.4884958	0.274934	0.2427736	0.2360617	0.23277	0.2319823	0.2178757	0.2099578	0.2096751	0.2067343	0.07338422	0.07211808	0.07147318	0.05683622	0.05380161	0.05232717	0.04460757	0.02417973	0.02081227	0.01815379	0.01807982	0.01805268	0.01798441	0.0179399	0.01789378	0.01778431	0.01776719	0.01774983	0.0163197
266	0.2795336	0.2678923	0.2559455	0.1023185	0.07866921	0.0755015	0.07315455	0.07251928	0.06492616	0.06075207	0.06053622	0.0581726	0.05468417	0.05343471	0.05284435	0.04186338	0.03957917	0.03847539	0.03270681	0.01739316	0.0148649	0.01291848	0.01286357	0.01284327	0.01279267	0.01275968	0.01272523	0.01264436	0.01263176	0.01261932
267	0.3189983	0.230989	0.2209724	0.2098259	0.08374075	0.0653928	0.06236713	0.06009052	0.05948816	0.05222945	0.04878608	0.04859767	0.04641968	0.04549496	0.04528747	0.04471168	0.03543147	0.03349638	0.03256503	0.02774267	0.01482403	0.01268759	0.01103211	0.01098576	0.01096849	0.01092599	0.0108981	0.01086893	0.01080101	0.01079036
268	0.273125	0.2537124	0.1709579	0.1665886	0.1560219	0.05714545	0.04257721	0.04219785	0.0417732	0.04159954	0.04038838	0.03803499	0.0379061	0.03704541	0.03665471	0.03649234	0.03636315	0.02866947	0.02706123	0.02628871	0.02229671	0.01156728	0.009793922	0.008470869	0.008434626	0.008420176	0.008386195	0.008363665	0.00833933	0.008282988
269	0.7853425	0.2356262	0.2188825	0.1352979	0.1317367	0.12093	0.04487287	0.03352303	0.03322881	0.03289778	0.03276138	0.03181416	0.02996196	0.02985933	0.02917948	0.02883577	0.02868445	0.02858123	0.02254714	0.02127245	0.02066523	0.01752749	0.009093955	0.007711696	0.006668992	0.006640848	0.006629285	0.006602568	0.006584852	0.00656554
270	0.6751747	0.6661928	0.2002379	0.1859516	0.1006472	0.09785104	0.08676691	0.03224339	0.02411043	0.02389938	0.02366171	0.0235634	0.02288487	0.02155577	0.02148056	0.02098927	0.02069445	0.0205537	0.02047563	0.01615328	0.01523417	0.01479923	0.01255195	0.006512406	0.005522263	0.004775558	0.004755349	0.00474686	0.004727641	0.004714923
271	0.9010888	0.5936506	0.5898805	0.1039012	0.09544903	0.0912693	0.08866031	0.07710491	0.02865967	0.02143492	0.0212476	0.02103655	0.02094898	0.0203461	0.01916442	0.01909677	0.01865816	0.01837144	0.01822987	0.01815841	0.0143195	0.01352796	0.01314168	0.0111459	0.005782608	0.004903201	0.004240733	0.004222759	0.004215114	0.004198003
272	0.8928932	0.8867939	0.6052941	0.6021148	0.09124535	0.08341011	0.08004029	0.07845975	0.06638334	0.02472119	0.01850294	0.01834288	0.01816284	0.01808917	0.01757123	0.01655112	0.01649772	0.01613292	0.01585498	0.01571247	0.01564824	0.01233916	0.01165716	0.01132456	0.009604149	0.004982909	0.004224854	0.0036539	0.003638375	0.003632335
273	0.9932937	0.8891957	0.883048	0.62124	0.6185869	0.07983153	0.0721169	0.06929941	0.06797749	0.05531732	0.0206601	0.01547862	0.01534529	0.01519529	0.01513391	0.01470232	0.01385032	0.01380584	0.01350194	0.01323256	0.01309119	0.01303679	0.01028012	0.009711837	0.009434776	0.008001013	0.004151372	0.003519748	0.003043814	0.003030876
274	0.8765309	0.8731145	0.8648409	0.8607574	0.6256889	0.6236434	0.05373899	0.04631863	0.04414047	0.04313805	0.04287566	0.01587052	0.01183657	0.01173261	0.01161574	0.01156791	0.0112312	0.01057253	0.01053784	0.01030087	0.01023017	0.01021068	0.01016566	0.008014959	0.007571589	0.007355528	0.006239266	0.00323712	0.0027443	0.002372936
275	0.8787886	0.8697342	0.8681229	0.8624715	0.8584176	0.6460947	0.644669	0.03966473	0.03236967	0.03083104	0.03013062	0.02994431	0.01108656	0.008266685	0.008194029	0.008112353	0.008078925	0.007843378	0.007382161	0.007357921	0.00719231	0.007142663	0.007129264	0.007106639	0.005602272	0.005292141	0.005141149	0.004360829	0.002262735	0.001917954
276	0.7217054	0.7187378	0.7125537	0.7116948	0.7087652	0.7084803	0.6701142	0.669355	0.02454525	0.01735888	0.01650568	0.01613042	0.01603524	0.005934856	0.004425193	0.004386275	0.00434252	0.004324616	0.004198035	0.003952202	0.003939214	0.003850477	0.003824246	0.003817097	0.003805006	0.003001251	0.002834625	0.002753719	0.002336035	0.001211863
277	0.1343051	0.04768299	0.04562979	0.04365716	0.04306286	0.04104475	0.04084796	0.01435686	0.01383262	0.01326322	0.01195806	0.0114001	0.01114092	0.01107518	0.004099288	0.003056621	0.003029743	0.002999524	0.002987157	0.00289944	0.002729611	0.002720641	0.002659348	0.002641227	0.00263629	0.00262794	0.002072862	0.001957746	0.001901868	0.001613411
278	0.06789473	0.06699808	0.02281951	0.0218012	0.02082841	0.02053539	0.01954812	0.01945132	0.00650353	0.006247167	0.006048274	0.005844616	0.005573345	0.005446647	0.005414513	0.002004545	0.00149486	0.001481721	0.001466948	0.001460902	0.001417538	0.001334455	0.001330071	0.0013001	0.001291235	0.001288822	0.001284742	0.001013504	0.0009569831	0.0009296731
279	0.00804819	0.007150631	0.007104547	0.001204113	0.001123082	0.001071508	0.001051598	0.0009989577	0.0009928312	0.0003323522	0.0003193012	0.0003101497	0.0002997175	0.0002859544	0.0002794478	0.0002778049	0.0001033593	7.727511e-05	7.660632e-05	7.585351e-05	7.554269e-05	7.240392e-05	6.802583e-05	6.780343e-05	6.62492e-05	6.578253e-05	6.566024e-05	6.545365e-05	5.177002e-05	4.894836e-05
280	0.01118062	0.0008812362	0.0007695441	0.0007635377	0.0001350389	0.0001264209	0.0001205331	0.0001136604	0.0001072469	0.000105495	3.5472e-05	3.408971e-05	3.31199e-05	3.20186e-05	3.05477e-05	2.981377e-05	2.963159e-05	1.106588e-05	8.274701e-06	8.204023e-06	8.124423e-06	8.09188e-06	7.862122e-06	7.259061e-06	7.235486e-06	7.039754e-06	6.974144e-06	6.961143e-06	6.939348e-06	5.50333e-06
281	0.01203648	0.001464918	0.0002584794	0.0002282743	0.000227512	2.101227e-05	1.898257e-05	1.789081e-05	1.19258e-05	1.047681e-05	9.141025e-06	3.143127e-06	3.024e-06	2.940169e-06	2.842262e-06	2.715279e-06	2.598673e-06	2.575809e-06	9.904286e-07	7.520085e-07	7.459832e-07	7.391845e-07	7.36382e-07	7.1468e-07	6.756438e-07	6.733432e-07	6.208105e-07	5.970753e-07	5.958274e-07	5.939217e-07
282	0.9165564	0.01053313	0.0009276359	0.0001065828	7.806441e-05	7.733942e-05	1.155282e-05	1.07119e-05	1.027097e-05	1.015618e-05	9.185664e-06	7.751738e-06	2.614105e-06	2.512832e-06	2.441891e-06	2.36112e-06	2.253057e-06	2.203497e-06	2.181758e-06	8.193628e-07	6.144855e-07	6.093186e-07	6.034914e-07	6.011082e-07	5.845241e-07	5.508303e-07	5.491183e-07	5.374266e-07	5.120656e-07	5.109525e-07
283	0.3569299	0.3487946	0.006821955	0.0006544618	8.068647e-05	7.400471e-05	7.351084e-05	8.362666e-06	7.577204e-06	7.220791e-06	7.129199e-06	6.254724e-06	6.182758e-06	2.080781e-06	1.999828e-06	1.943122e-06	1.878564e-06	1.792419e-06	1.752759e-06	1.736329e-06	6.502696e-07	4.880432e-07	4.839112e-07	4.792534e-07	4.773479e-07	4.640708e-07	4.375381e-07	4.361658e-07	4.268041e-07	4.089721e-07
284	0.7380862	0.30092	0.2988513	0.006135978	0.0005560873	2.635689e-05	2.008098e-05	1.980586e-05	7.466386e-06	7.168568e-06	6.887426e-06	6.800895e-06	5.90711e-06	5.840854e-06	1.951723e-06	1.875051e-06	1.821382e-06	1.76076e-06	1.679647e-06	1.641984e-06	1.631287e-06	6.023875e-07	4.487431e-07	4.448212e-07	4.404019e-07	4.385936e-07	4.259811e-07	4.009229e-07	3.996183e-07	3.907242e-07
285	0.8475023	0.7192182	0.2920184	0.2899799	0.006046478	0.0005382004	2.572556e-05	1.941364e-05	1.914533e-05	7.32613e-06	7.039611e-06	6.76875e-06	6.685365e-06	5.70375e-06	5.632284e-06	1.88139e-06	1.8074e-06	1.75561e-06	1.697182e-06	1.619143e-06	1.582758e-06	1.572195e-06	5.8096e-07	4.329184e-07	4.291318e-07	4.248667e-07	4.23121e-07	4.109317e-07	3.867579e-07	3.854958e-07
286	0.860606	0.8248052	0.7009068	0.2829453	0.2808223	0.005979045	0.000519196	2.519244e-05	1.877591e-05	1.851431e-05	7.203102e-06	6.928371e-06	6.668717e-06	6.588806e-06	5.482598e-06	5.403517e-06	1.804048e-06	1.732987e-06	1.683251e-06	1.627237e-06	1.552621e-06	1.517622e-06	1.507144e-06	5.574775e-07	4.15614e-07	4.119748e-07	4.07878e-07	4.062009e-07	3.944692e-07	3.712632e-07
287	0.9383004	0.8455921	0.8111268	0.6893455	0.2724326	0.2706428	0.004965216	0.0005063973	2.418143e-05	1.745509e-05	1.719524e-05	6.221114e-06	5.954345e-06	5.702635e-06	5.625122e-06	5.332806e-06	5.241397e-06	1.748152e-06	1.67908e-06	1.630727e-06	1.576425e-06	1.504369e-06	1.470234e-06	1.459578e-06	5.410278e-07	4.036198e-07	4.000776e-07	3.960946e-07	3.944636e-07	3.830131e-07
288	0.9342097	0.8803265	0.7903226	0.7568774	0.6391321	0.2583088	0.2566718	0.004781917	0.0004749142	2.12078e-05	1.684655e-05	1.660717e-05	5.953516e-06	5.694495e-06	5.449997e-06	5.374717e-06	5.116651e-06	5.089718e-06	1.696339e-06	1.629232e-06	1.582262e-06	1.529513e-06	1.459525e-06	1.426377e-06	1.41709e-06	5.25049e-07	3.916521e-07	3.882108e-07	3.843411e-07	3.827564e-07
289	0.9293279	0.8731681	0.8206327	0.7328782	0.700284	0.591512	0.2450917	0.2440246	0.00463341	0.0004613229	2.062681e-05	1.641019e-05	1.618674e-05	5.802354e-06	5.549817e-06	5.311419e-06	5.237994e-06	4.986613e-06	4.962201e-06	1.653086e-06	1.587637e-06	1.54183e-06	1.490399e-06	1.422158e-06	1.38983e-06	1.381627e-06	5.117968e-07	3.817569e-07	3.784005e-07	3.746263e-07
290	0.9613268	0.9108929	0.8558522	0.804365	0.7183564	0.6864031	0.5797628	0.2401475	0.2391505	0.004540971	0.0004521343	2.022051e-05	1.608794e-05	1.586885e-05	5.687823e-06	5.440225e-06	5.206555e-06	5.134529e-06	4.888201e-06	4.864274e-06	1.620203e-06	1.556025e-06	1.511108e-06	1.460694e-06	1.393821e-06	1.362116e-06	1.354071e-06	5.017163e-07	3.742815e-07	3.7099e-07
