#unpaired probabilities
 #i$	l=1	2	3	4	5	6	7	8	9	10	11	12	13	14	15	16	17	18	19	20	21	22	23	24	25	26	27	28	29	30	
1	0.9806042	NA	NA	NA	NA	NA	NA	NA	NA	NA	NA	NA	NA	NA	NA	NA	NA	NA	NA	NA	NA	NA	NA	NA	NA	NA	NA	NA	NA	NA
2	0.433582	0.4391622	NA	NA	NA	NA	NA	NA	NA	NA	NA	NA	NA	NA	NA	NA	NA	NA	NA	NA	NA	NA	NA	NA	NA	NA	NA	NA	NA	NA
3	0.5267933	0.3771186	0.3849603	NA	NA	NA	NA	NA	NA	NA	NA	NA	NA	NA	NA	NA	NA	NA	NA	NA	NA	NA	NA	NA	NA	NA	NA	NA	NA	NA
4	0.7885822	0.4498822	0.3284742	0.3356984	NA	NA	NA	NA	NA	NA	NA	NA	NA	NA	NA	NA	NA	NA	NA	NA	NA	NA	NA	NA	NA	NA	NA	NA	NA	NA
5	0.4557309	0.3894812	0.3196514	0.234523	0.2386719	NA	NA	NA	NA	NA	NA	NA	NA	NA	NA	NA	NA	NA	NA	NA	NA	NA	NA	NA	NA	NA	NA	NA	NA	NA
6	0.4725444	0.3750441	0.3239162	0.271857	0.2067246	0.2108984	NA	NA	NA	NA	NA	NA	NA	NA	NA	NA	NA	NA	NA	NA	NA	NA	NA	NA	NA	NA	NA	NA	NA	NA
7	0.4267396	0.3600325	0.2891907	0.2512135	0.2134528	0.1651949	0.168215	NA	NA	NA	NA	NA	NA	NA	NA	NA	NA	NA	NA	NA	NA	NA	NA	NA	NA	NA	NA	NA	NA	NA
8	0.677281	0.3393145	0.2897484	0.2525631	0.2232409	0.195421	0.1560364	0.1594867	NA	NA	NA	NA	NA	NA	NA	NA	NA	NA	NA	NA	NA	NA	NA	NA	NA	NA	NA	NA	NA	NA
9	0.4560846	0.2934618	0.232302	0.2009006	0.1772851	0.1564324	0.1367899	0.1090294	0.1103831	NA	NA	NA	NA	NA	NA	NA	NA	NA	NA	NA	NA	NA	NA	NA	NA	NA	NA	NA	NA	NA
10	0.4301535	0.3405815	0.2097013	0.1712713	0.1498046	0.1338397	0.1186909	0.1040944	0.0823842	0.08603335	NA	NA	NA	NA	NA	NA	NA	NA	NA	NA	NA	NA	NA	NA	NA	NA	NA	NA	NA	NA
11	0.872392	0.3351869	0.239685	0.2003966	0.1639574	0.1440287	0.1293727	0.1153617	0.1021645	0.08148307	0.08521495	NA	NA	NA	NA	NA	NA	NA	NA	NA	NA	NA	NA	NA	NA	NA	NA	NA	NA	NA
12	0.3172626	0.3196508	0.0604055	0.01383127	0.01206462	0.004391985	0.003503371	0.002831232	0.00237532	0.001884496	0.00128681	0.001315307	NA	NA	NA	NA	NA	NA	NA	NA	NA	NA	NA	NA	NA	NA	NA	NA	NA	NA
13	0.1014427	0.074745	0.07972017	0.03177092	0.009817532	0.009007119	0.002276312	0.001733597	0.001321548	0.001041426	0.0007155556	0.0004401662	0.0004342894	NA	NA	NA	NA	NA	NA	NA	NA	NA	NA	NA	NA	NA	NA	NA	NA	NA
14	0.3414396	0.07983977	0.05523943	0.0585996	0.008951715	0.008787696	0.008879162	0.002176559	0.001651599	0.001253817	0.0009791904	0.0006558395	0.0003838646	0.000375027	NA	NA	NA	NA	NA	NA	NA	NA	NA	NA	NA	NA	NA	NA	NA	NA
15	0.7196201	0.2846658	0.07915223	0.05500008	0.05836408	0.008884703	0.008732513	0.008832528	0.002145332	0.001629157	0.001238006	0.0009665904	0.0006470001	0.0003792722	0.0003705494	NA	NA	NA	NA	NA	NA	NA	NA	NA	NA	NA	NA	NA	NA	NA
16	0.8850249	0.6351468	0.223307	0.07408675	0.05039582	0.05339465	0.003810604	0.00313104	0.002559972	0.002090351	0.001589066	0.001210999	0.0009456678	0.0006333615	0.0003744007	0.0003661392	NA	NA	NA	NA	NA	NA	NA	NA	NA	NA	NA	NA	NA	NA
17	0.6696938	0.5603303	0.3217213	0.2032986	0.06432751	0.04087929	0.04327133	0.003576569	0.002910883	0.002344868	0.001880258	0.001535617	0.001169915	0.0009115433	0.0006070315	0.0003581081	0.0003496328	NA	NA	NA	NA	NA	NA	NA	NA	NA	NA	NA	NA	NA
18	0.31264	0.2722199	0.1987684	0.09129365	0.05490299	0.01882438	0.003429267	0.002999736	0.002534919	0.002054121	0.001618124	0.001282869	0.001021904	0.0007848672	0.0005706416	0.0003088068	0.0001217365	0.000103167	NA	NA	NA	NA	NA	NA	NA	NA	NA	NA	NA	NA
19	0.3150247	0.2692443	0.241405	0.1848759	0.08787459	0.05358855	0.01795679	0.003280128	0.00292112	0.002462244	0.001995481	0.001596495	0.001265601	0.00100792	0.0007737336	0.0005645044	0.0003044663	0.0001196985	0.0001013262	NA	NA	NA	NA	NA	NA	NA	NA	NA	NA	NA
20	0.3843942	0.3144146	0.2687674	0.2409638	0.1846447	0.08778801	0.05354397	0.0179367	0.003271802	0.002918594	0.002459974	0.001994233	0.001595548	0.00126485	0.001007317	0.0007732601	0.0005641355	0.0003042152	0.000119543	0.0001011691	NA	NA	NA	NA	NA	NA	NA	NA	NA	NA
21	0.8115218	0.3818803	0.3128463	0.2674792	0.2399668	0.1839727	0.08735415	0.05327719	0.01783952	0.003255425	0.002904621	0.002448164	0.001985329	0.001589074	0.001260076	0.00100386	0.0007710458	0.0005624514	0.0003031059	0.0001191211	0.0001007801	NA	NA	NA	NA	NA	NA	NA	NA	NA
22	0.9532392	0.7727689	0.354463	0.2956006	0.2553453	0.2280965	0.1723078	0.07859886	0.04797864	0.01592888	0.002918344	0.002602749	0.002187423	0.00177078	0.001407824	0.001110041	0.0008768994	0.0006668455	0.000482672	0.0002530261	0.0001052917	8.922465e-05	NA	NA	NA	NA	NA	NA	NA	NA
23	0.3934321	0.3871839	0.3375735	0.1449773	0.1028248	0.08548463	0.08450372	0.08368098	0.04952373	0.03053991	0.009593233	0.001700355	0.001519245	0.001227748	0.0009677144	0.0007714322	0.0005821251	0.0004287927	0.0002848818	0.0002189023	0.000139491	4.273507e-05	3.702938e-05	NA	NA	NA	NA	NA	NA	NA
24	0.6999015	0.3333515	0.3246734	0.2727359	0.1440027	0.1021238	0.08500017	0.08403122	0.08321851	0.0491773	0.03033042	0.009517485	0.001686596	0.001506829	0.001216903	0.0009588029	0.0007639174	0.0005759694	0.0004236398	0.0002805739	0.0002156038	0.00013742	4.216231e-05	3.655057e-05	NA	NA	NA	NA	NA	NA
25	0.8100873	0.5988831	0.3046187	0.2961692	0.2486153	0.1208394	0.09550545	0.07948811	0.07861757	0.0778951	0.04399173	0.02555267	0.009250701	0.001608891	0.001430081	0.001185349	0.0009328546	0.000741991	0.0005578322	0.0004082731	0.0002675006	0.0002052973	0.0001304086	3.916136e-05	3.370667e-05	NA	NA	NA	NA	NA
26	0.7123911	0.6692316	0.5239044	0.2648798	0.2592311	0.2163174	0.09359596	0.07165913	0.05816436	0.05704961	0.05562683	0.03883786	0.02245308	0.0081188	0.001400236	0.0012457	0.001024023	0.0008003913	0.0006304567	0.0004657943	0.0003306477	0.0002019681	0.0001551738	9.889972e-05	3.027807e-05	2.624596e-05	NA	NA	NA	NA
27	0.524306	0.3926719	0.3703331	0.3103603	0.08748423	0.08441338	0.04766048	0.03834804	0.02864051	0.02259418	0.02173758	0.02046879	0.01153752	0.007066994	0.002554528	0.000451288	0.0004038043	0.0003059472	0.0002376922	0.0001858543	0.0001366993	9.729839e-05	5.98771e-05	4.631461e-05	3.011575e-05	1.037519e-05	9.324012e-06	NA	NA	NA
28	0.3102852	0.312092	0.2588256	0.246614	0.2486256	0.04689212	0.04713182	0.0150685	0.01182465	0.01025159	0.008386529	0.007986036	0.007164924	0.001481265	0.0008516495	0.0002934263	4.142804e-05	3.43241e-05	2.624865e-05	1.985664e-05	1.508678e-05	1.117304e-05	8.175182e-06	5.377914e-06	4.417555e-06	3.334534e-06	2.029101e-06	2.042152e-06	NA	NA
29	0.241239	0.2300764	0.2357904	0.2287575	0.2306524	0.2358028	0.03614262	0.03700866	0.005671556	0.003254096	0.002416394	0.001514334	0.001193189	0.0006900679	0.0005126443	0.0002551742	8.255856e-05	8.19532e-06	5.869915e-06	2.890379e-06	2.292637e-06	1.869205e-06	1.497217e-06	1.240725e-06	1.034426e-06	9.813238e-07	9.618771e-07	9.40363e-07	9.929763e-07	NA
30	0.2756965	0.06799815	0.05652644	0.05648415	0.04383902	0.0385154	0.035793	0.02941321	0.03001492	0.005160544	0.002909253	0.002131041	0.001264281	0.0009503324	0.0004545612	0.0003253057	0.0001579729	4.934186e-05	5.345667e-06	4.023823e-06	2.204038e-06	1.774651e-06	1.476549e-06	1.207834e-06	1.031073e-06	8.995579e-07	8.689598e-07	8.743793e-07	8.826538e-07	9.340527e-07
31	0.7829831	0.1328838	0.04857206	0.04375267	0.04454333	0.0327282	0.02823899	0.02606962	0.02588975	0.02685007	0.002476408	0.001127533	0.0007977071	0.0005663699	0.0005022232	0.0002785513	0.0002011251	9.740775e-05	3.198794e-05	3.709134e-06	2.877137e-06	1.633655e-06	1.318737e-06	1.094617e-06	8.876936e-07	7.412817e-07	6.226427e-07	5.506409e-07	4.806966e-07	3.964016e-07
32	0.3530554	0.2005862	0.09080881	0.02561801	0.02348533	0.02375383	0.01155575	0.006317677	0.003319434	0.002544521	0.002478979	0.002215513	0.0008943561	0.0006372312	0.0004423106	0.0003869148	0.0001725748	0.0001202878	4.894295e-05	1.555738e-05	2.40151e-06	2.065706e-06	1.395699e-06	1.139409e-06	9.579973e-07	7.870341e-07	6.677601e-07	5.73045e-07	5.069735e-07	4.427883e-07
33	0.2952812	0.2507864	0.09905716	0.08109601	0.01742475	0.01527413	0.01529362	0.01051214	0.00524681	0.002222856	0.001419984	0.001314207	0.001011887	0.0008550122	0.0006068464	0.0004248841	0.0003724936	0.0001614109	0.0001119344	4.377718e-05	1.382126e-05	2.260012e-06	1.976236e-06	1.36592e-06	1.116896e-06	9.407809e-07	7.744578e-07	6.586104e-07	5.664157e-07	5.007798e-07
34	0.126402	0.07413552	0.05309969	0.03346823	0.03014333	0.009537156	0.008849208	0.008944074	0.009181777	0.004010455	0.001115501	0.0006287113	0.0006065413	0.000412795	0.000349695	0.0003094486	0.0002682097	0.0002639781	0.0001050311	7.278447e-05	2.027762e-05	6.946904e-06	1.222929e-06	1.085609e-06	7.986088e-07	6.491139e-07	5.405315e-07	4.340385e-07	3.57184e-07	2.918594e-07
35	0.09759806	0.0699802	0.0541612	0.04214891	0.02451513	0.02207306	0.004385931	0.00370872	0.003698258	0.003749721	0.003813345	0.0009457867	0.0004682335	0.0004476703	0.0002563587	0.000194209	0.0001545347	0.0001163745	0.0001092216	0.0001018675	7.069293e-05	1.903342e-05	6.568285e-06	1.169764e-06	1.041106e-06	7.641664e-07	6.205372e-07	5.158462e-07	4.127345e-07	3.379654e-07
36	0.1405923	0.08497667	0.060724	0.04679357	0.0359874	0.01901717	0.01662871	0.001818469	0.00109371	0.0009984356	0.0009559986	0.0009364818	0.000908121	0.0004348115	0.000417317	0.0002277363	0.0001669609	0.0001285876	9.291097e-05	8.576403e-05	7.834775e-05	6.980838e-05	1.850468e-05	6.397973e-06	1.142008e-06	1.018285e-06	7.454776e-07	6.052828e-07	5.028878e-07	4.018089e-07
37	0.3041127	0.1295767	0.08194125	0.05831597	0.0448069	0.03440211	0.01782083	0.01547646	0.001473274	0.0007577527	0.0006537685	0.0006015907	0.0005695142	0.0005278102	0.0004130596	0.0003957428	0.0002077483	0.0001503431	0.0001172048	8.228109e-05	7.501199e-05	6.742859e-05	5.853131e-05	1.80667e-05	6.26186e-06	1.121949e-06	1.001159e-06	7.326324e-07	5.944446e-07	4.932971e-07
38	0.8981044	0.261899	0.1010646	0.06251889	0.04486212	0.03440428	0.02655626	0.01474506	0.01292406	0.001127706	0.0005702703	0.0004869567	0.0004405955	0.0004134105	0.0003767437	0.000327696	0.0003111159	0.0001816143	0.0001297008	0.000100827	6.966338e-05	6.281527e-05	5.564288e-05	4.953351e-05	1.268739e-05	4.331071e-06	7.988399e-07	7.158827e-07	4.921357e-07	4.057477e-07
39	0.9145253	0.8709879	0.2536192	0.09643105	0.05990483	0.0429932	0.03294312	0.0254447	0.01433883	0.01258201	0.001019223	0.0004785735	0.0003952128	0.0003470113	0.0003174346	0.000278227	0.0002263574	0.0002057502	0.0001753102	0.0001271245	9.87687e-05	6.811019e-05	6.133313e-05	5.423298e-05	4.846815e-05	1.20296e-05	4.095277e-06	7.590179e-07	6.806242e-07	4.621044e-07
40	0.6934669	0.6207488	0.5744025	0.1227771	0.08107776	0.05711804	0.04110246	0.03128304	0.02401789	0.01315582	0.01143609	0.000944955	0.0004228492	0.0003413817	0.000298614	0.0002687085	0.0002297665	0.0001796597	0.0001585582	0.000127925	0.0001004049	7.260022e-05	4.2632e-05	3.490389e-05	2.671252e-05	1.93467e-05	1.16956e-05	4.017681e-06	7.174413e-07	6.368321e-07
41	0.6517464	0.5072028	0.496993	0.4964272	0.05712797	0.03521604	0.024328	0.01680626	0.01218078	0.008740471	0.003956643	0.002930677	0.0004747803	0.0002199605	0.0001786164	0.0001600652	0.0001456074	0.0001258129	9.941322e-05	8.780263e-05	6.963921e-05	5.50369e-05	4.103641e-05	2.365037e-05	1.781639e-05	1.159299e-05	8.042123e-06	4.82549e-06	1.599727e-06	2.617182e-07
42	0.5042177	0.4936639	0.3570416	0.3471242	0.3455196	0.04699106	0.02848109	0.01955871	0.01351388	0.009712228	0.006940023	0.003055382	0.002356214	0.0003788711	0.0001754597	0.0001434306	0.0001280855	0.0001164913	0.0001005824	7.933417e-05	7.009579e-05	5.522379e-05	4.346754e-05	3.227383e-05	1.860991e-05	1.406719e-05	9.216888e-06	6.574685e-06	3.937116e-06	1.293658e-06
43	0.6874542	0.496536	0.4865574	0.3500906	0.3409191	0.3395797	0.04120306	0.02687101	0.01865534	0.01281492	0.009297074	0.006645952	0.002943719	0.002267545	0.0003639999	0.0001675253	0.0001364849	0.0001214634	0.0001103628	9.506648e-05	7.497634e-05	6.599226e-05	5.344835e-05	4.233972e-05	3.1617e-05	1.818693e-05	1.372353e-05	8.937375e-06	6.369504e-06	3.815545e-06
44	0.5909113	0.5664306	0.461407	0.4615103	0.3284653	0.3236619	0.3253854	0.02927045	0.01840174	0.01277202	0.008659267	0.006315153	0.004457981	0.002150828	0.001637391	0.0002821907	0.0001349101	0.0001112677	9.918897e-05	9.110751e-05	7.918254e-05	6.30385e-05	5.537905e-05	4.484646e-05	3.593751e-05	2.697643e-05	1.495461e-05	1.056764e-05	5.84213e-06	4.047433e-06
45	0.5171618	0.4368898	0.4109137	0.3100724	0.3078793	0.3104273	0.3110853	0.3127644	0.02861128	0.01795688	0.01244739	0.008412658	0.006177719	0.004357274	0.002113984	0.001608352	0.0002782387	0.000133235	0.0001100084	9.805262e-05	9.011186e-05	7.835265e-05	6.240127e-05	5.482931e-05	4.443257e-05	3.563184e-05	2.675634e-05	1.480319e-05	1.04232e-05	5.702898e-06
46	0.7988103	0.5114926	0.4333415	0.4079225	0.3089259	0.3068475	0.3094338	0.3101843	0.3119264	0.02781543	0.01774636	0.01230767	0.008313958	0.006105155	0.00430333	0.002094603	0.001592685	0.0002763586	0.0001324769	0.0001094147	9.752144e-05	8.96457e-05	7.795263e-05	6.208547e-05	5.453146e-05	4.424489e-05	3.549255e-05	2.664786e-05	1.471728e-05	1.034025e-05
47	0.6652718	0.6129644	0.383971	0.3317478	0.3238687	0.2838841	0.2890598	0.2941548	0.298042	0.3020061	0.01953341	0.01167666	0.008071399	0.005327241	0.003952812	0.002723346	0.001519894	0.001135456	0.0002154283	0.0001070432	8.925131e-05	8.176826e-05	7.606662e-05	6.679015e-05	5.371994e-05	4.711501e-05	3.808289e-05	3.088454e-05	2.329075e-05	1.236082e-05
48	0.1901036	0.1806368	0.1441057	0.1138633	0.06246041	0.05847061	0.02301816	0.02285025	0.02250942	0.02018131	0.01741033	0.01537139	0.01033992	0.007263039	0.004691754	0.00353053	0.002398851	0.001356453	0.001044582	0.0002018969	9.968353e-05	8.390551e-05	7.671482e-05	7.139259e-05	6.250426e-05	5.021277e-05	4.369378e-05	3.65335e-05	2.970401e-05	2.231858e-05
49	0.3266365	0.1802081	0.1719299	0.1355829	0.106783	0.05583223	0.05366871	0.0210318	0.02090211	0.02056427	0.01838289	0.01569198	0.01369734	0.009958537	0.007031016	0.004520443	0.00341461	0.00231386	0.001316074	0.00101032	0.0001979659	9.765558e-05	8.215548e-05	7.509684e-05	6.988182e-05	6.112744e-05	4.910973e-05	4.263e-05	3.592713e-05	2.920247e-05
50	0.4867774	0.3227364	0.1781009	0.1698866	0.1335214	0.1063985	0.05550504	0.05338019	0.02089496	0.02076906	0.02043163	0.01825944	0.01557306	0.01358071	0.009890085	0.007017648	0.004510419	0.003407957	0.002308971	0.001313979	0.00100855	0.0001976512	9.743553e-05	8.194513e-05	7.501611e-05	6.980705e-05	6.10592e-05	4.905417e-05	4.257544e-05	3.590207e-05
51	0.4251663	0.4060534	0.2790122	0.1558295	0.1488645	0.1125917	0.09167188	0.04143007	0.03981872	0.01645373	0.01630872	0.01622574	0.01439848	0.01212854	0.01045543	0.007757533	0.005506035	0.003503318	0.002630674	0.001746353	0.0009353157	0.0006885665	0.0001539954	7.42324e-05	6.188674e-05	5.671857e-05	5.243987e-05	4.549642e-05	3.612675e-05	3.098e-05
52	0.4660824	0.2914089	0.2793098	0.1671881	0.07558105	0.07195668	0.03460648	0.02510055	0.02390372	0.02256028	0.007755422	0.00747669	0.007339929	0.00616756	0.00486837	0.003964133	0.002948797	0.002116741	0.001385561	0.001070643	0.0007306616	0.0003608302	0.0002763701	4.85283e-05	2.089823e-05	1.677633e-05	1.492782e-05	1.35413e-05	1.169537e-05	9.328123e-06
53	0.435562	0.4213956	0.2502816	0.239208	0.1490932	0.06524452	0.0624488	0.02596257	0.01943994	0.01863219	0.01836201	0.005605398	0.00529681	0.005162239	0.004158144	0.003104719	0.002394619	0.001781236	0.001293307	0.0008706651	0.0006891255	0.0004808286	0.0002218993	0.0001765858	2.348569e-05	8.335484e-06	6.182327e-06	5.128366e-06	4.357026e-06	3.763838e-06
54	0.6829459	0.3861335	0.3752926	0.2052236	0.1943137	0.1056851	0.0572219	0.05465005	0.01805907	0.01333348	0.01256451	0.01223333	0.003664424	0.003396231	0.003278931	0.002616684	0.001945763	0.001492344	0.001110157	0.0008067401	0.0005482595	0.0004355714	0.0003080577	0.0001363648	0.000109547	1.325998e-05	4.342419e-06	3.088038e-06	2.474037e-06	2.015706e-06
55	0.3184916	0.3024116	0.2765202	0.2650803	0.0929981	0.08033529	0.07048417	0.02145161	0.01815602	0.01791951	0.01321331	0.01244564	0.01217554	0.003646124	0.003378707	0.003262418	0.002603289	0.001935067	0.001483677	0.001103794	0.0008019705	0.0005448524	0.0004330357	0.0003061822	0.0001354387	0.0001089234	1.316136e-05	4.2967e-06	3.053504e-06	2.442466e-06
56	0.1725583	0.09173303	0.07523832	0.05775843	0.04608517	0.03889921	0.02632819	0.01804695	0.01016744	0.007041747	0.006629996	0.005226206	0.004466554	0.004089408	0.001181673	0.0009835481	0.0008980979	0.0007337846	0.0005911186	0.000485143	0.0003619554	0.0002580683	0.0001764248	0.0001372394	0.0001018758	3.82097e-05	3.041802e-05	3.859466e-06	1.47223e-06	1.113188e-06
57	0.1528135	0.1239939	0.08256623	0.06645371	0.04972796	0.03819144	0.03100854	0.02499958	0.01688474	0.009395353	0.00634563	0.005925125	0.004670767	0.003996053	0.003632021	0.001044656	0.0008476758	0.000767257	0.0006212155	0.0004993691	0.0004087571	0.0003049205	0.0002165865	0.0001484401	0.0001151923	8.609759e-05	3.110432e-05	2.500245e-05	2.915501e-06	1.068466e-06
58	0.2426386	0.1471622	0.1205693	0.08060696	0.06453343	0.04799915	0.03650189	0.02932624	0.02335247	0.0165827	0.009199468	0.006155934	0.005751452	0.004538226	0.003866871	0.003519451	0.001009364	0.000812572	0.0007331434	0.0005913852	0.0004745862	0.0003877772	0.000289328	0.0002053358	0.0001409502	0.000109324	8.193329e-05	2.916776e-05	2.354228e-05	2.643602e-06
59	0.5131786	0.1910152	0.118388	0.09592198	0.07398517	0.05827255	0.04368492	0.03270464	0.02595284	0.02008294	0.01362238	0.007169712	0.004149432	0.003726047	0.00284786	0.002249885	0.001963682	0.0006495465	0.00045685	0.0003910365	0.000309956	0.0002535612	0.0002121184	0.0001557615	0.0001097371	7.744876e-05	5.564664e-05	4.089498e-05	1.473125e-05	1.169977e-05
60	0.544815	0.4785206	0.1857462	0.1177194	0.09562663	0.07389183	0.05820235	0.04363477	0.03265831	0.02590831	0.02004158	0.01360039	0.007153796	0.004134045	0.003710881	0.002835155	0.002237629	0.001952631	0.000646615	0.000453962	0.0003885177	0.0003079317	0.0002519495	0.0002108275	0.0001548611	0.0001090753	7.697377e-05	5.526956e-05	4.060687e-05	1.462301e-05
61	0.7869653	0.4723559	0.4174051	0.1623499	0.1043991	0.08528305	0.06610109	0.05188424	0.03895172	0.02911004	0.02302259	0.01771131	0.01191033	0.006188818	0.003450572	0.003064364	0.00233063	0.001805486	0.001555254	0.0005285775	0.0003537023	0.0002955693	0.0002337821	0.0001912829	0.0001601224	0.0001147369	8.25175e-05	5.839739e-05	4.178184e-05	3.073882e-05
62	0.2839388	0.2491683	0.2092244	0.2060803	0.03210317	0.007148311	0.005329051	0.004098083	0.003269027	0.002443302	0.001854998	0.001492384	0.00118209	0.0008313999	0.0004608595	0.0003024032	0.0002805147	0.0002140126	0.000174919	0.0001552586	6.117206e-05	5.168429e-05	4.874853e-05	4.067121e-05	3.675878e-05	3.407559e-05	1.737103e-05	1.04469e-05	7.739756e-06	4.824369e-06
63	0.2214869	0.2206187	0.2040924	0.1856024	0.1871036	0.02209612	0.001075108	0.000565371	0.0003870555	0.0003226889	0.0002394188	0.0001908927	0.0001615508	0.0001378509	0.0001069734	6.916275e-05	5.769559e-05	5.643942e-05	4.574096e-05	4.108392e-05	3.592865e-05	1.632137e-05	1.583784e-05	1.577395e-05	1.41818e-05	1.355767e-05	1.320257e-05	3.7253e-06	2.081104e-06	1.597618e-06
64	0.2301655	0.216629	0.2166685	0.2006306	0.1834182	0.1850782	0.02176961	0.0009071896	0.0004336968	0.0002881899	0.0002430272	0.0001806021	0.0001458615	0.0001249742	0.0001084321	8.591794e-05	5.691305e-05	4.905538e-05	4.828373e-05	3.940271e-05	3.573958e-05	3.095681e-05	1.398374e-05	1.370986e-05	1.369624e-05	1.234955e-05	1.18503e-05	1.15698e-05	3.230526e-06	1.796639e-06
65	0.1575534	0.06812767	0.0568592	0.05556926	0.03759118	0.02419049	0.02343189	0.0214381	0.0007801281	0.0003428335	0.0002358244	0.0001982668	0.0001477795	0.0001193079	0.0001020886	8.841056e-05	6.990674e-05	4.685383e-05	4.030776e-05	3.965288e-05	3.258856e-05	2.953638e-05	2.495603e-05	1.155689e-05	1.133059e-05	1.132654e-05	1.023655e-05	9.889496e-06	9.704295e-06	2.589814e-06
66	0.1532859	0.1257231	0.0433544	0.03314209	0.03182752	0.01380869	0.004470473	0.003521666	0.001483953	0.0007367417	0.0003137632	0.0002176614	0.0001823689	0.0001359022	0.0001093664	9.328069e-05	8.044593e-05	6.31813e-05	4.217466e-05	3.601221e-05	3.536162e-05	2.90523e-05	2.616394e-05	2.164895e-05	1.074079e-05	1.052632e-05	1.052233e-05	9.511854e-06	9.208707e-06	9.051442e-06
67	0.005985534	0.004635565	0.004103941	0.003103088	0.002795999	0.002803582	0.001954252	0.00116336	0.0009185004	0.0003381254	8.159787e-05	3.989567e-05	2.281444e-05	2.07893e-05	1.44182e-05	1.196394e-05	1.059209e-05	9.717751e-06	8.089517e-06	4.483068e-06	4.093748e-06	4.094656e-06	2.747451e-06	2.587465e-06	2.543442e-06	1.181555e-06	1.189515e-06	1.184678e-06	1.083966e-06	9.643848e-07
68	0.01811794	0.002286259	0.001996639	0.00181696	0.001799908	0.001741791	0.001759765	0.001157407	0.0007811177	0.0006139338	0.0002217562	4.816891e-05	2.009963e-05	1.315561e-05	1.227027e-05	8.364827e-06	7.070723e-06	6.372782e-06	5.978714e-06	5.094509e-06	2.717185e-06	2.55943e-06	2.578623e-06	1.705448e-06	1.648809e-06	1.632967e-06	6.747285e-07	6.846019e-07	6.772706e-07	6.208658e-07
69	0.01536535	0.01355558	0.001771467	0.00165525	0.001568675	0.001556893	0.001533359	0.001550295	0.001020226	0.0007200763	0.0005710691	0.0002061565	4.344893e-05	1.693161e-05	1.115949e-05	1.061962e-05	7.178498e-06	6.030775e-06	5.415842e-06	5.072449e-06	4.348685e-06	2.306722e-06	2.15336e-06	2.165857e-06	1.368739e-06	1.311121e-06	1.293868e-06	5.806981e-07	5.894008e-07	5.834139e-07
70	0.3040088	0.01504875	0.01340388	0.001731311	0.001622333	0.001536762	0.001525237	0.001501857	0.001518443	0.0009960539	0.0007019838	0.0005564144	0.0002006095	4.222086e-05	1.647243e-05	1.083383e-05	1.030884e-05	6.973869e-06	5.863867e-06	5.269347e-06	4.937434e-06	4.23731e-06	2.252026e-06	2.103859e-06	2.116291e-06	1.344871e-06	1.289164e-06	1.272291e-06	5.61743e-07	5.701378e-07
71	0.8489032	0.301874	0.01456151	0.01294937	0.001638068	0.001551718	0.001500731	0.001489527	0.001467911	0.001484307	0.0009655754	0.0006870602	0.0005434963	0.0001970413	4.096404e-05	1.57163e-05	1.031013e-05	9.801286e-06	6.634443e-06	5.570278e-06	4.999754e-06	4.67875e-06	4.007407e-06	2.094957e-06	1.949938e-06	1.96068e-06	1.220339e-06	1.168011e-06	1.155395e-06	5.306555e-07
72	0.8488866	0.8120134	0.2822351	0.003741406	0.002285828	0.0006494489	0.0005838975	0.0005476734	0.0005409803	0.0005123771	0.0005168064	0.0003360201	0.0002224872	0.0001755811	6.357522e-05	1.446108e-05	6.74039e-06	4.122137e-06	3.902475e-06	2.6655e-06	2.284258e-06	2.084219e-06	1.972483e-06	1.744334e-06	9.078374e-07	8.582783e-07	8.647196e-07	6.153799e-07	5.963386e-07	5.875819e-07
73	0.834671	0.8064528	0.7957017	0.2742797	0.002111282	0.0007918722	9.481793e-05	8.963448e-05	8.435399e-05	7.96184e-05	5.346319e-05	5.199503e-05	3.86851e-05	1.864503e-05	1.472661e-05	5.657325e-06	2.051618e-06	1.392179e-06	9.132327e-07	7.958993e-07	5.79554e-07	4.782016e-07	4.185655e-07	3.738092e-07	3.04605e-07	1.966734e-07	1.76925e-07	1.75649e-07	1.434076e-07	1.330538e-07
74	0.3134208	0.2984176	0.2842137	0.275396	0.2731953	0.001130524	0.000765413	8.355746e-05	7.853565e-05	7.343951e-05	6.87767e-05	4.252973e-05	4.096185e-05	3.210951e-05	1.47615e-05	1.165268e-05	4.507549e-06	1.741482e-06	1.264166e-06	8.373471e-07	7.217441e-07	5.272114e-07	4.3121e-07	3.741278e-07	3.304778e-07	2.642021e-07	1.730673e-07	1.536101e-07	1.52053e-07	1.239644e-07
75	0.1829735	0.03205635	0.02202212	0.01012852	0.003204605	0.001373537	0.0005878577	0.0002251551	7.485309e-05	6.997963e-05	6.52583e-05	6.065564e-05	3.472148e-05	3.311334e-05	2.496538e-05	1.239897e-05	9.737395e-06	3.614719e-06	1.376773e-06	1.000322e-06	7.066607e-07	5.947484e-07	4.405478e-07	3.551735e-07	3.036797e-07	2.62346e-07	2.026477e-07	1.287629e-07	1.098315e-07	1.078357e-07
76	0.03543662	0.02347216	0.01766148	0.0117362	0.006530347	0.002204773	0.0008477445	0.0002072671	0.0001960226	6.608809e-05	6.188956e-05	5.841579e-05	5.384274e-05	2.795299e-05	2.626721e-05	2.022803e-05	9.822605e-06	7.74644e-06	2.872793e-06	1.15821e-06	8.600683e-07	6.196658e-07	5.146201e-07	3.824962e-07	3.041393e-07	2.566906e-07	2.178415e-07	1.677458e-07	1.102148e-07	9.157453e-08
77	0.05193356	0.03304119	0.02159181	0.01676424	0.01118886	0.00620961	0.002080024	0.0008002811	0.0001919845	0.0001811975	6.428276e-05	6.00995e-05	5.666974e-05	5.210768e-05	2.655399e-05	2.487897e-05	1.903344e-05	8.995685e-06	7.067511e-06	2.60215e-06	1.085095e-06	8.257168e-07	5.946201e-07	4.916231e-07	3.666272e-07	2.91863e-07	2.461114e-07	2.08364e-07	1.601482e-07	1.063004e-07
78	0.8465201	0.04093379	0.02609926	0.02060435	0.01616818	0.0107109	0.006071147	0.002056468	0.0007960639	0.0001913467	0.0001806002	6.412937e-05	5.994721e-05	5.652074e-05	5.19595e-05	2.642064e-05	2.474522e-05	1.892863e-05	8.932243e-06	7.015802e-06	2.58113e-06	1.078439e-06	8.21692e-07	5.917857e-07	4.888836e-07	3.654744e-07	2.90909e-07	2.453426e-07	2.076598e-07	1.59569e-07
79	0.2519245	0.1071006	0.03672503	0.02489407	0.01952588	0.01604932	0.01062136	0.006042394	0.002044528	0.0007874012	0.00018387	0.000173217	5.697027e-05	5.588914e-05	5.256247e-05	5.184264e-05	2.630761e-05	2.46504e-05	1.886385e-05	8.89039e-06	6.982663e-06	2.568746e-06	1.075495e-06	8.203804e-07	5.909235e-07	4.880555e-07	3.649145e-07	2.904284e-07	2.449034e-07	2.072499e-07
80	0.1015429	0.09127578	0.07508844	0.03314666	0.02346887	0.01834309	0.01550686	0.01025817	0.00584383	0.001984144	0.0007615681	0.0001767101	0.0001662678	5.40493e-05	5.299688e-05	5.159798e-05	5.089544e-05	2.553308e-05	2.387515e-05	1.820078e-05	8.622897e-06	6.766271e-06	2.472182e-06	1.038445e-06	7.98394e-07	5.758733e-07	4.73512e-07	3.55083e-07	2.819444e-07	2.371361e-07
81	0.06373381	0.05498711	0.05253583	0.05057904	0.02514834	0.0188319	0.01512111	0.01310431	0.008632597	0.004958791	0.001604958	0.0005240465	0.0001164752	0.0001070148	4.291091e-05	4.271222e-05	4.165861e-05	4.158939e-05	1.580831e-05	1.404521e-05	1.090163e-05	5.338779e-06	4.216826e-06	1.78755e-06	8.970285e-07	6.992805e-07	5.263407e-07	4.244893e-07	3.181804e-07	2.460798e-07
82	0.05154281	0.04536799	0.04146446	0.03998791	0.03840035	0.01893555	0.01518093	0.01291455	0.01135556	0.007473964	0.004298789	0.001312101	0.0003322273	6.776782e-05	5.915603e-05	3.459158e-05	3.452186e-05	3.424454e-05	3.419668e-05	8.038109e-06	6.14616e-06	5.126542e-06	2.825153e-06	2.267136e-06	1.281937e-06	7.949819e-07	6.250563e-07	4.916195e-07	3.899331e-07	2.9204e-07
83	0.299346	0.04077337	0.03646846	0.03320691	0.0318952	0.03081408	0.01742122	0.01414771	0.01219003	0.01074435	0.007045456	0.004044467	0.001196739	0.0002867008	5.267817e-05	4.919932e-05	3.259921e-05	3.254728e-05	3.232753e-05	3.229632e-05	5.698961e-06	3.748131e-06	3.348038e-06	1.730264e-06	1.404716e-06	9.789273e-07	7.354845e-07	6.030526e-07	4.782189e-07	3.754413e-07
84	0.4704043	0.1966453	0.005928563	0.004844461	0.003752672	0.003528947	0.003233648	0.001972184	0.00145035	0.001017592	0.0008971868	0.000614077	0.0003335665	0.0001093648	4.614986e-05	1.013466e-05	9.799071e-06	1.82846e-06	1.800743e-06	1.635586e-06	1.624458e-06	1.384507e-06	1.37891e-06	1.253781e-06	4.102584e-07	3.206396e-07	1.387952e-07	5.943413e-08	4.166162e-08	2.829536e-08
85	0.3845603	0.3797705	0.1928565	0.005013904	0.00406961	0.003112304	0.002924026	0.002646859	0.001672947	0.001237394	0.0008687095	0.0007699375	0.0005258229	0.0002846863	9.204407e-05	3.752074e-05	7.991668e-06	7.708937e-06	1.337311e-06	1.318815e-06	1.215261e-06	1.205256e-06	1.152824e-06	1.158547e-06	1.05504e-06	3.571547e-07	2.840768e-07	1.236423e-07	5.233911e-08	3.556133e-08
86	0.5195175	0.3722938	0.3675832	0.1938834	0.004751992	0.003830296	0.002916859	0.002739935	0.002464392	0.001582325	0.001162625	0.0008216635	0.0007276775	0.0004980807	0.000270047	8.734075e-05	3.564371e-05	7.570517e-06	7.306105e-06	1.268229e-06	1.250237e-06	1.148015e-06	1.138401e-06	1.088161e-06	1.093949e-06	9.928126e-07	3.382719e-07	2.710676e-07	1.191477e-07	5.064148e-08
87	0.4318735	0.308231	0.1787465	0.1775605	0.02470536	0.003897394	0.00325435	0.002529089	0.00237552	0.002109856	0.001353412	0.0009952659	0.0007054419	0.0006237112	0.0004274643	0.0002308051	7.382676e-05	2.936406e-05	6.196665e-06	5.970951e-06	1.100972e-06	1.085463e-06	9.917685e-07	9.842103e-07	9.371944e-07	9.425199e-07	8.441052e-07	2.884022e-07	2.317385e-07	1.06055e-07
88	0.4130729	0.3703407	0.2460695	0.1417256	0.1405821	0.02205642	0.003351155	0.002960752	0.002333696	0.002198891	0.001934514	0.001246284	0.0009015762	0.0006452903	0.0005706609	0.0003930889	0.000213216	6.899898e-05	2.778651e-05	5.921115e-06	5.709002e-06	1.03358e-06	1.018396e-06	9.248291e-07	9.177063e-07	8.703467e-07	8.755611e-07	7.808149e-07	2.777432e-07	2.245794e-07
89	0.738546	0.3786613	0.3379612	0.2119456	0.128201	0.1270755	0.01984655	0.002961634	0.002612858	0.002116132	0.002002779	0.001740395	0.001126711	0.0007937326	0.0005773781	0.0005091059	0.0003535114	0.0001932775	6.380493e-05	2.627807e-05	5.688468e-06	5.491054e-06	9.664825e-07	9.515616e-07	8.576903e-07	8.510074e-07	8.027329e-07	8.078832e-07	7.128221e-07	2.718721e-07
90	0.8995909	0.7098475	0.3465071	0.306894	0.1802533	0.1075128	0.1069159	0.01642421	0.002393572	0.002104151	0.001721872	0.00163526	0.001379668	0.000898266	0.0006046983	0.0004450956	0.0003880615	0.0002699401	0.0001503473	5.047182e-05	2.118175e-05	4.63136e-06	4.475494e-06	7.337575e-07	7.264658e-07	6.985902e-07	6.934386e-07	6.764318e-07	6.830192e-07	5.891636e-07
91	0.8001521	0.7149075	0.6860339	0.33383	0.2941694	0.1654274	0.09633511	0.09580455	0.01432079	0.001915748	0.001658538	0.001368691	0.001299485	0.001186168	0.00077658	0.0004988691	0.0003758879	0.0003245284	0.0002276603	0.0001284831	4.456134e-05	1.934956e-05	4.278564e-06	4.140034e-06	6.575166e-07	6.508725e-07	6.24993e-07	6.204779e-07	6.084203e-07	6.153205e-07
92	0.6886348	0.6822526	0.6392121	0.6306458	0.2801874	0.2438672	0.1136115	0.06650889	0.06633268	0.009402045	0.001146278	0.0009695662	0.00081105	0.0007706892	0.0007534208	0.0005100613	0.0002897077	0.0002254697	0.0001883352	0.0001338051	7.67903e-05	2.774308e-05	1.274667e-05	2.86818e-06	2.785075e-06	4.554952e-07	4.513007e-07	4.338597e-07	4.313809e-07	4.24105e-07
93	0.3201777	0.3108935	0.3086221	0.2871974	0.2830368	0.2031454	0.1999875	0.0700117	0.04139702	0.04130161	0.00532266	0.0006630543	0.0005543706	0.0004678108	0.0004462676	0.0004369858	0.0003037517	0.0001546907	0.0001232488	9.852075e-05	6.952059e-05	3.81738e-05	1.234618e-05	4.741588e-06	1.045645e-06	1.005645e-06	2.743457e-07	2.72986e-07	2.680371e-07	2.670518e-07
94	0.4351594	0.2060856	0.2031362	0.2011544	0.1897609	0.1880135	0.1821968	0.1813671	0.04924491	0.02834734	0.02827709	0.003491517	0.0004117323	0.0003380717	0.000285218	0.0002722722	0.0002671169	0.0001818668	9.201516e-05	7.332202e-05	5.398416e-05	3.568282e-05	1.921543e-05	6.039067e-06	2.131583e-06	4.908781e-07	4.688391e-07	1.848523e-07	1.842596e-07	1.825846e-07
95	0.269253	0.2532267	0.1724796	0.1704235	0.1695188	0.1624049	0.1609935	0.1590139	0.1584917	0.03459138	0.01911952	0.01906781	0.002351672	0.0002910899	0.000241651	0.0002094275	0.0002014665	0.0001981417	0.0001422391	6.041576e-05	4.91515e-05	3.31441e-05	2.180351e-05	1.182733e-05	3.822866e-06	1.402428e-06	3.410985e-07	3.268074e-07	1.248886e-07	1.244855e-07
96	0.1241067	0.05571301	0.04845493	0.02762864	0.02724265	0.02715499	0.02385531	0.02325628	0.02212584	0.02174956	0.02150218	0.01071524	0.01067811	0.001321955	0.0001742052	0.0001468533	0.0001338944	0.0001303438	0.0001285385	9.889468e-05	2.36818e-05	1.896551e-05	1.568341e-05	1.044264e-05	5.903379e-06	2.100067e-06	8.528256e-07	2.242784e-07	2.160797e-07	7.039949e-08
97	0.5642826	0.08957419	0.04486352	0.03992984	0.02079011	0.02064398	0.02057415	0.01798535	0.01747715	0.01644598	0.01608734	0.01587223	0.009331076	0.009295812	0.001093946	9.179039e-05	6.799134e-05	5.83224e-05	5.550926e-05	5.394697e-05	2.857976e-05	1.881276e-05	1.520946e-05	1.239508e-05	8.516961e-06	4.882562e-06	1.770936e-06	7.121207e-07	1.732378e-07	1.659792e-07
98	0.5348075	0.4074617	0.06663001	0.02423171	0.01954341	0.01751558	0.01738866	0.01732195	0.01532223	0.01482432	0.01418655	0.01402311	0.01383218	0.007971801	0.007950992	0.0009329974	7.409577e-05	5.385471e-05	4.746849e-05	4.539102e-05	4.4067e-05	2.298866e-05	1.437884e-05	1.190333e-05	9.536709e-06	6.687843e-06	3.946601e-06	1.510663e-06	6.342833e-07	1.571502e-07
99	0.8897481	0.4958588	0.4078613	0.06570919	0.02246899	0.01782828	0.01580284	0.01571489	0.01569536	0.01370628	0.0132041	0.01256596	0.01240775	0.01223256	0.006870055	0.006850834	0.0008268927	6.737701e-05	4.994408e-05	4.407736e-05	4.216268e-05	4.083087e-05	2.207283e-05	1.415971e-05	1.166492e-05	9.554732e-06	6.720916e-06	3.953074e-06	1.496035e-06	6.254211e-07
100	0.9762151	0.8703702	0.4933996	0.4065017	0.06495207	0.02119536	0.01657505	0.0145682	0.014484	0.01446528	0.01247448	0.01197945	0.01134871	0.01119423	0.01103	0.006029234	0.006011252	0.0007472075	6.244461e-05	4.712261e-05	4.16305e-05	3.981405e-05	3.847215e-05	2.146294e-05	1.40605e-05	1.153584e-05	9.618841e-06	6.782142e-06	3.978902e-06	1.492624e-06
101	0.8906355	0.8745163	0.7856637	0.41634	0.3307928	0.06263233	0.01948949	0.01490029	0.0128867	0.01280641	0.01278853	0.01079596	0.01070719	0.01007667	0.009925881	0.009773086	0.005149963	0.005133257	0.0006638899	5.727599e-05	4.41614e-05	3.906123e-05	3.734745e-05	3.600984e-05	2.082614e-05	1.395811e-05	1.14017e-05	9.686628e-06	6.846924e-06	4.006328e-06
102	0.7662834	0.7583041	0.7419742	0.6949449	0.333792	0.2874119	0.01973805	0.01787547	0.01342364	0.01140861	0.01133285	0.01131594	0.009336593	0.009251904	0.008732514	0.008585532	0.008444972	0.004220144	0.004204757	0.0005748862	5.120021e-05	4.042206e-05	3.575641e-05	3.41583e-05	3.324419e-05	2.002487e-05	1.374857e-05	1.117949e-05	9.682031e-06	6.861639e-06
103	0.7383556	0.7317995	0.7251663	0.7086146	0.6665753	0.3127257	0.2671808	0.01450062	0.01262057	0.01197254	0.009975032	0.009903544	0.009887576	0.00789655	0.007815052	0.007293206	0.007160523	0.007033881	0.00325856	0.003245207	0.0004907435	4.548718e-05	3.713506e-05	3.290039e-05	3.141478e-05	3.049528e-05	1.930869e-05	1.362381e-05	1.102326e-05	9.748464e-06
104	0.840664	0.7344082	0.727892	0.7212991	0.7043798	0.6678958	0.3167039	0.2702734	0.01289385	0.01106441	0.01048665	0.008474389	0.008406098	0.008390726	0.006397555	0.0063195	0.005800267	0.005677805	0.005573291	0.002632474	0.002621971	0.0004018943	4.192706e-05	3.508577e-05	3.111462e-05	2.972804e-05	2.881726e-05	1.887527e-05	1.356301e-05	1.093923e-05
105	0.8746308	0.8241602	0.7188563	0.7123103	0.7061013	0.7044268	0.6720134	0.3216657	0.274185	0.01160741	0.009753815	0.009231477	0.007193653	0.007128296	0.007114217	0.005111793	0.005035961	0.004516503	0.004401426	0.004316148	0.002098684	0.002090579	0.0003262362	3.898179e-05	3.342725e-05	2.967282e-05	2.838058e-05	2.746813e-05	1.856952e-05	1.356205e-05
106	0.9449015	0.8280218	0.8032799	0.7182778	0.7117335	0.705459	0.7037791	0.6740872	0.3205425	0.275452	0.009390194	0.007500454	0.007039312	0.006428887	0.006364422	0.006350514	0.004320222	0.004245065	0.003720136	0.003615154	0.003541641	0.001780203	0.0017747	0.0002814543	3.738497e-05	3.258852e-05	2.892728e-05	2.76732e-05	2.674929e-05	1.859484e-05
107	0.5807336	0.5663933	0.5023164	0.4860576	0.4769343	0.4751929	0.4732961	0.4723416	0.4458218	0.3241223	0.2780488	0.008170488	0.006275032	0.005855987	0.005269209	0.005212128	0.005199371	0.003277158	0.003205374	0.002711129	0.002613353	0.00255715	0.001383985	0.001380033	0.0002235571	3.387075e-05	3.004786e-05	2.683227e-05	2.571539e-05	2.481121e-05
108	0.8528785	0.5701374	0.5576836	0.5000846	0.4856689	0.4778055	0.4773591	0.4763335	0.4757246	0.4503993	0.3308857	0.2835863	0.007617926	0.005687042	0.005283309	0.004694266	0.004639421	0.004626988	0.002695535	0.00262592	0.00213476	0.002050148	0.002004306	0.001195748	0.001193022	0.0001972004	3.309774e-05	2.972113e-05	2.654509e-05	2.545592e-05
109	0.5131803	0.36819	0.3266045	0.3198493	0.2730031	0.260294	0.2531851	0.2527752	0.2517749	0.2511805	0.2261586	0.1124055	0.08183118	0.007078273	0.005141109	0.004844966	0.004328954	0.004275792	0.004263743	0.002418806	0.002358249	0.001893583	0.001821512	0.001780455	0.001123863	0.001121962	0.0001867348	3.227207e-05	2.907712e-05	2.589819e-05
110	0.4870448	0.4771591	0.3406071	0.3050237	0.2986281	0.2559746	0.2443567	0.2375745	0.2371798	0.2362232	0.2356568	0.2107923	0.1045125	0.07647834	0.006505243	0.004789237	0.004499908	0.004014758	0.003965535	0.003954411	0.002382985	0.00232561	0.00185436	0.001784739	0.00174567	0.001113636	0.001111829	0.0001840111	3.090825e-05	2.779016e-05
111	0.415324	0.398832	0.3931592	0.3039922	0.2709516	0.2648762	0.2247544	0.2138369	0.2073212	0.2069415	0.2060407	0.2055104	0.1908585	0.09426322	0.0681839	0.00614154	0.00452357	0.004253644	0.003810311	0.003766253	0.003756317	0.002357946	0.002303593	0.001822709	0.001755301	0.001718447	0.001103598	0.001101861	0.0001809118	2.91497e-05
112	0.4783334	0.366836	0.3553903	0.350927	0.2738822	0.2455881	0.2403334	0.2058309	0.196475	0.1905263	0.1901792	0.1893659	0.1888917	0.1781985	0.08903396	0.06226619	0.00503223	0.004018805	0.003758649	0.00335929	0.003323914	0.003316008	0.002225989	0.002192992	0.001703748	0.001638108	0.001604573	0.001034707	0.001033109	0.0001691818
113	0.6760148	0.2896598	0.2343295	0.2253596	0.2217237	0.1891302	0.1666457	0.1621874	0.1342693	0.1267774	0.1217419	0.1214455	0.1207817	0.1204144	0.1115602	0.04812669	0.04681403	0.003653435	0.003256896	0.00307342	0.002775031	0.002750549	0.002745184	0.002019229	0.001994043	0.001503849	0.001444542	0.001418315	0.000922002	0.000920647
114	0.7004309	0.5968844	0.2058942	0.1566882	0.1481028	0.1452206	0.1211667	0.1040043	0.1002882	0.07807419	0.07217505	0.0680154	0.06776879	0.06724618	0.06697096	0.05957407	0.02057829	0.01945031	0.002828149	0.002570697	0.002446931	0.002269441	0.002253974	0.002250675	0.001811817	0.001793444	0.001294388	0.001240934	0.00122091	0.0007978414
115	0.7286996	0.6677256	0.5637729	0.1637538	0.1142057	0.1058351	0.1033116	0.09168769	0.07716158	0.07402655	0.05628774	0.05160783	0.04822264	0.04801795	0.04759563	0.04738358	0.0415054	0.01372108	0.01349857	0.00221759	0.002094077	0.002005053	0.001871917	0.001860906	0.001858592	0.001553579	0.001542171	0.001033339	0.0009816552	0.0009665301
116	0.7187981	0.703271	0.6515738	0.5450432	0.1336953	0.08326644	0.07480593	0.07256596	0.06259327	0.05233014	0.04979652	0.03665577	0.0332242	0.03066959	0.03050943	0.0301914	0.03004295	0.02581557	0.008249512	0.00809923	0.001688141	0.001611248	0.001551017	0.001464803	0.001457844	0.001456405	0.001269755	0.001261859	0.0007389756	0.00068884
117	0.1978318	0.0888899	0.08723307	0.07319152	0.06780732	0.0453699	0.04172658	0.0404464	0.03988744	0.03747092	0.03303083	0.03118549	0.02455814	0.02267692	0.02092733	0.02082872	0.02059276	0.02049019	0.01772511	0.005469466	0.005369817	0.0007821097	0.0007306892	0.0006919419	0.0006319476	0.0006271999	0.0006262008	0.0004942527	0.0004894566	0.0004845336
118	0.1625227	0.1359232	0.04146821	0.04062396	0.03221807	0.03140222	0.02878492	0.02794796	0.0270435	0.0267314	0.02525432	0.02275301	0.02122897	0.01719519	0.01599458	0.01470634	0.01463332	0.01444863	0.01437638	0.01257759	0.003916597	0.003851047	0.000469775	0.0004325052	0.0004068263	0.0003654348	0.0003621495	0.000361446	0.0002654022	0.0002620885
119	0.1558204	0.1207055	0.1117961	0.01979091	0.01955144	0.01489184	0.01454883	0.0132723	0.01279724	0.01272201	0.01257059	0.01192818	0.01081272	0.009596717	0.007840872	0.007353059	0.006466443	0.006418289	0.006291803	0.006255884	0.005446275	0.001659663	0.001630384	0.0002060344	0.0001900178	0.0001773361	0.000158915	0.0001574766	0.0001571787	0.0001165623
120	0.1320446	0.1301168	0.09957414	0.09826371	0.00535118	0.005250604	0.003125905	0.003079077	0.002606357	0.002362386	0.002345043	0.002325107	0.002236737	0.002079599	0.002036721	0.001799695	0.001725835	0.001117245	0.001086123	0.001000092	0.0009892822	0.0008973771	0.0002724906	0.0002680884	2.949235e-05	2.691561e-05	2.362975e-05	2.128384e-05	2.09914e-05	2.09296e-05
121	0.144409	0.1333282	0.132786	0.1013552	0.1008016	0.00412983	0.004041214	0.002096497	0.002079244	0.001675198	0.001447418	0.001436264	0.001427571	0.001395424	0.001353573	0.001335273	0.001253918	0.001222609	0.0006194971	0.0005892257	0.0005039019	0.0004951936	0.0004812262	0.0001442211	0.0001425406	9.478315e-06	8.165731e-06	7.999121e-06	7.154398e-06	6.988834e-06
122	0.9910411	0.1499448	0.1393081	0.1387545	0.105917	0.105345	0.004284052	0.004191555	0.002161553	0.002143735	0.001721945	0.001484033	0.001472416	0.001463403	0.001430457	0.001405233	0.001386258	0.001305772	0.001273321	0.0006429936	0.0006113649	0.0005221847	0.0005130928	0.0004996003	0.0001494803	0.0001477547	9.75358e-06	8.395908e-06	8.243199e-06	7.39164e-06
123	0.4177164	0.4174672	0.00631733	0.002591837	0.002200655	0.001713682	0.001290521	0.0009081084	0.0008157176	0.0007251536	0.0007146616	0.0006975393	0.0006792496	0.0006679768	0.0006640852	0.0006383278	0.0006215196	0.0006117777	0.0005510327	0.0005241051	0.0005170914	0.000516145	0.0005104686	0.0005058577	0.0004987277	0.0001491097	0.0001477352	7.702161e-06	6.374467e-06	6.285877e-06
124	0.3596277	0.3571103	0.3569584	0.00561588	0.002280644	0.001922369	0.001467081	0.00117953	0.0007962963	0.0007875493	0.0006982084	0.000688733	0.0006731931	0.000666916	0.0006619777	0.0006581406	0.0006335791	0.0006176841	0.0006079563	0.0005513937	0.000535188	0.0005284587	0.0005280212	0.0005267965	0.0005247334	0.0005180826	0.000154349	0.0001529411	7.373504e-06	5.998872e-06
125	0.3209454	0.311332	0.3099404	0.3098152	0.005304463	0.002190336	0.001846156	0.001430302	0.0011551	0.0007862888	0.0007793765	0.000692553	0.0006834438	0.0006685707	0.0006625454	0.000660962	0.0006578336	0.0006336303	0.0006181769	0.0006116571	0.0005568418	0.0005417003	0.0005357653	0.0005354125	0.0005342934	0.0005334029	0.0005270866	0.0001589611	0.0001575207	7.256029e-06
126	0.354321	0.2715996	0.2653425	0.2643068	0.2642152	0.003457937	0.001549026	0.001204833	0.001056477	0.0007788849	0.0006609983	0.0006558451	0.0005919436	0.0005829739	0.0005680566	0.0005621269	0.0005605901	0.0005577615	0.0005337674	0.0005182729	0.0005128716	0.000456349	0.000440762	0.0004347775	0.0004344218	0.0004332769	0.0004323568	0.0004262074	0.0001648098	0.0001633248
127	0.9745228	0.3174363	0.2317075	0.2251388	0.2242953	0.2242106	0.003333782	0.001599004	0.001244799	0.00109185	0.0008041682	0.0006835307	0.0006782045	0.0006128491	0.0006035893	0.0005884015	0.000582323	0.0005807449	0.0005778463	0.00055296	0.0005376673	0.0005321474	0.0004735729	0.0004574231	0.0004513263	0.000450961	0.0004497796	0.0004488208	0.0004428358	0.0001706227
128	0.9761113	0.9719418	0.2846191	0.2004917	0.1937248	0.1928934	0.192816	0.003136776	0.001550014	0.001202119	0.001054177	0.0007699108	0.0006541264	0.0006488945	0.0005865619	0.0005774652	0.0005627984	0.0005569665	0.0005554483	0.0005526841	0.0005283721	0.0005140113	0.0005087374	0.0004508626	0.0004349668	0.0004292784	0.000428927	0.0004278629	0.0004269436	0.0004217937
129	0.9808275	0.9743501	0.970983	0.2568204	0.1807164	0.1740506	0.1732302	0.1731617	0.002808519	0.001379899	0.00105748	0.0009255086	0.0006609751	0.0005595064	0.0005546973	0.00050111	0.0004927277	0.0004793946	0.0004741634	0.0004728085	0.0004704327	0.0004483974	0.0004359256	0.0004313139	0.0003774843	0.0003627764	0.0003578737	0.0003575596	0.0003566794	0.0003558593
130	0.9697292	0.9669622	0.9617931	0.9591221	0.216227	0.1620128	0.155362	0.1545711	0.1545117	0.002423617	0.001162272	0.0008719826	0.0007599633	0.0005211621	0.0004374511	0.0004331863	0.0003905954	0.0003831268	0.0003713261	0.0003667811	0.0003656142	0.00036368	0.0003445846	0.000334232	0.000330442	0.0002818759	0.0002686798	0.0002645399	0.0002642707	0.0002635588
131	0.9611235	0.953725	0.9514194	0.9474953	0.9455927	0.1760071	0.1353782	0.1349452	0.1341473	0.134098	0.00199262	0.0009165575	0.0006622478	0.0005726866	0.0003627685	0.0002990811	0.0002954284	0.0002652586	0.0002588162	0.000248727	0.0002449499	0.0002439941	0.0002425555	0.0002270138	0.0002190328	0.0002161692	0.000173511	0.0001620117	0.0001587193	0.0001585007
132	0.1792691	0.1705166	0.1648768	0.162779	0.1601456	0.1588976	0.1359947	0.1100275	0.1097835	0.1095631	0.1095247	0.001494193	0.0006359573	0.0004291587	0.0003653463	0.0001943395	0.0001525955	0.0001497187	0.0001328105	0.000127685	0.0001196689	0.000116767	0.0001160508	0.0001150415	0.0001034872	9.776968e-05	9.574744e-05	6.101589e-05	5.173008e-05	4.926125e-05
133	0.1261238	0.1058453	0.1003985	0.09679398	0.09492576	0.09334174	0.09247567	0.0804769	0.07353909	0.07339491	0.07335457	0.07333001	0.0009258101	0.0003739057	0.000243354	0.0002054416	9.802838e-05	7.421673e-05	7.243306e-05	6.362251e-05	6.043166e-05	5.544173e-05	5.365972e-05	5.324967e-05	5.265313e-05	4.564038e-05	4.221134e-05	4.100793e-05	1.915359e-05	1.337766e-05
134	0.0593927	0.05135625	0.04331996	0.04161712	0.04037465	0.03875065	0.0381653	0.03758543	0.03204927	0.03009661	0.03006633	0.03003651	0.03002656	0.0003100312	0.000107898	6.901672e-05	5.812709e-05	2.741791e-05	2.070329e-05	2.019376e-05	1.745429e-05	1.652951e-05	1.500046e-05	1.446957e-05	1.4349e-05	1.416875e-05	1.214225e-05	1.097025e-05	1.06146e-05	4.267715e-06
135	0.03307633	0.01070193	0.00961178	0.008075691	0.007870453	0.007556717	0.005927786	0.005714296	0.005216405	0.003912702	0.003790088	0.003788392	0.003763747	0.003762172	2.16437e-05	3.597202e-06	2.338409e-06	1.972305e-06	1.133526e-06	9.061661e-07	8.91712e-07	7.275359e-07	6.988833e-07	6.327975e-07	6.120333e-07	6.071738e-07	5.987394e-07	5.418349e-07	4.649064e-07	4.494536e-07
136	0.9797348	0.01841943	0.01097349	0.01001017	0.008414601	0.008211705	0.007876349	0.006046703	0.005813729	0.005256014	0.003840861	0.003747808	0.003746428	0.003743486	0.003741869	1.903423e-05	2.130626e-06	1.404167e-06	1.185224e-06	7.887149e-07	6.518353e-07	6.44644e-07	5.073999e-07	4.915909e-07	4.441164e-07	4.301142e-07	4.267685e-07	4.2044e-07	3.924987e-07	3.301673e-07
137	0.9657684	0.9565699	0.01483921	0.007469785	0.00652365	0.005714533	0.005671697	0.00563057	0.005587488	0.005429665	0.005423058	0.003822048	0.003727133	0.003725838	0.003722516	0.003721023	1.834104e-05	1.949057e-06	1.294457e-06	1.096642e-06	7.389606e-07	6.12052e-07	6.055105e-07	4.801939e-07	4.658867e-07	4.224952e-07	4.095893e-07	4.065263e-07	4.007175e-07	3.753806e-07
138	0.9940314	0.9629238	0.9537129	0.0148567	0.007509583	0.006566533	0.005758756	0.005722667	0.005697378	0.005690751	0.005682427	0.005675862	0.003821708	0.003721178	0.003719952	0.003716116	0.003715359	1.781586e-05	1.811057e-06	1.226667e-06	1.041349e-06	7.152733e-07	5.917987e-07	5.857648e-07	4.707758e-07	4.578026e-07	4.187731e-07	4.068745e-07	4.040546e-07	3.986276e-07
139	0.997675	0.9914006	0.9609967	0.9518124	0.01459696	0.007280224	0.006338961	0.005531941	0.005497666	0.005472993	0.005466434	0.005458525	0.00545198	0.003792425	0.003714189	0.003713049	0.003709604	0.003708907	1.715788e-05	1.639227e-06	1.147917e-06	9.780902e-07	6.919217e-07	5.717583e-07	5.663473e-07	4.650758e-07	4.538265e-07	4.206868e-07	4.100772e-07	4.075526e-07
140	0.9900276	0.9895574	0.9874454	0.9568711	0.9475895	0.01298866	0.005700439	0.004761366	0.003952927	0.003917937	0.003892014	0.003885245	0.003876765	0.00386992	0.003788923	0.003702895	0.003701664	0.0036992	0.003698502	1.733158e-05	1.745337e-06	1.244371e-06	1.061918e-06	7.604604e-07	6.275259e-07	6.217813e-07	5.164458e-07	5.047218e-07	4.706476e-07	4.593756e-07
141	0.9870629	0.9853489	0.9848801	0.9827635	0.9530445	0.9435792	0.01292634	0.005677723	0.004741877	0.003930646	0.003894419	0.003866384	0.003859257	0.003849803	0.003842453	0.003751628	0.003685555	0.003684171	0.003683858	0.003683158	1.763719e-05	1.925814e-06	1.407405e-06	1.203545e-06	8.757205e-07	7.212876e-07	7.14972e-07	6.027057e-07	5.9016e-07	5.544583e-07
142	0.9828034	0.9795921	0.9779798	0.9774157	0.9754439	0.9471469	0.9372843	0.01291835	0.005718761	0.004787501	0.003968184	0.003928571	0.003895741	0.00388781	0.003876043	0.003867572	0.003747732	0.003660709	0.003659208	0.00365895	0.003658223	1.860425e-05	2.388484e-06	1.797431e-06	1.541051e-06	1.141887e-06	9.391911e-07	9.314107e-07	7.984085e-07	7.834489e-07
143	0.9922494	0.9774084	0.9742248	0.9726197	0.9721434	0.9701628	0.9413672	0.9328934	0.01299603	0.005830111	0.004906037	0.004067688	0.004019496	0.003974457	0.003964635	0.003948076	0.003939195	0.003768017	0.00364368	0.003641655	0.003641315	0.003640536	2.10042e-05	3.360192e-06	2.595863e-06	2.219778e-06	1.63915e-06	1.3294e-06	1.318049e-06	1.144613e-06
