#unpaired probabilities
 #i$	l=1	2	3	4	5	6	7	8	9	10	11	12	13	14	15	16	17	18	19	20	21	22	23	24	25	26	
1	0.762718	NA	NA	NA	NA	NA	NA	NA	NA	NA	NA	NA	NA	NA	NA	NA	NA	NA	NA	NA	NA	NA	NA	NA	NA	NA
2	0.5790367	0.5763323	NA	NA	NA	NA	NA	NA	NA	NA	NA	NA	NA	NA	NA	NA	NA	NA	NA	NA	NA	NA	NA	NA	NA	NA
3	0.4269387	0.425417	0.4227281	NA	NA	NA	NA	NA	NA	NA	NA	NA	NA	NA	NA	NA	NA	NA	NA	NA	NA	NA	NA	NA	NA	NA
4	0.0858929	0.07508373	0.0744849	0.07440196	NA	NA	NA	NA	NA	NA	NA	NA	NA	NA	NA	NA	NA	NA	NA	NA	NA	NA	NA	NA	NA	NA
5	0.364906	0.0172249	0.009608357	0.009152152	0.00914873	NA	NA	NA	NA	NA	NA	NA	NA	NA	NA	NA	NA	NA	NA	NA	NA	NA	NA	NA	NA	NA
6	0.3659842	0.3600822	0.01503474	0.007525827	0.007192819	0.007190634	NA	NA	NA	NA	NA	NA	NA	NA	NA	NA	NA	NA	NA	NA	NA	NA	NA	NA	NA	NA
7	0.5276416	0.3625839	0.359578	0.01462358	0.007300824	0.006971232	0.006969139	NA	NA	NA	NA	NA	NA	NA	NA	NA	NA	NA	NA	NA	NA	NA	NA	NA	NA	NA
8	0.4291393	0.4221063	0.2682192	0.2674272	0.001270088	0.001137695	0.001122818	0.001122529	NA	NA	NA	NA	NA	NA	NA	NA	NA	NA	NA	NA	NA	NA	NA	NA	NA	NA
9	0.8970819	0.4288005	0.4217822	0.2679511	0.2671762	0.001210917	0.001088354	0.001074741	0.001074653	NA	NA	NA	NA	NA	NA	NA	NA	NA	NA	NA	NA	NA	NA	NA	NA	NA
10	0.8983571	0.8968158	0.4287576	0.4217403	0.267917	0.267143	0.001200866	0.001079655	0.001066106	0.001066019	NA	NA	NA	NA	NA	NA	NA	NA	NA	NA	NA	NA	NA	NA	NA	NA
11	0.9025601	0.8981022	0.8967327	0.4286952	0.4216784	0.2678595	0.2670858	0.001147308	0.001026318	0.001012783	0.001012695	NA	NA	NA	NA	NA	NA	NA	NA	NA	NA	NA	NA	NA	NA	NA
12	0.5335253	0.4361567	0.4316987	0.430333	0.4286921	0.4216755	0.267857	0.2670834	0.001145002	0.001024049	0.001010515	0.001010427	NA	NA	NA	NA	NA	NA	NA	NA	NA	NA	NA	NA	NA	NA
13	0.1067565	0.1066548	0.009288142	0.004831786	0.00347974	0.001839228	0.001655428	0.001482675	0.001192861	0.001099058	0.0009783096	0.0009691197	0.0009690325	NA	NA	NA	NA	NA	NA	NA	NA	NA	NA	NA	NA	NA
14	0.1086226	0.1060446	0.1060282	0.008669991	0.004215694	0.002865234	0.00122503	0.001205795	0.001085301	0.001069237	0.0009763412	0.0009658197	0.0009566996	0.000956634	NA	NA	NA	NA	NA	NA	NA	NA	NA	NA	NA	NA
15	0.01102395	0.008800375	0.008523143	0.008509435	0.0084564	0.004002104	0.002654489	0.001014557	0.001005316	0.0009853953	0.0009813071	0.000912377	0.0009018574	0.0009009471	0.0009008815	NA	NA	NA	NA	NA	NA	NA	NA	NA	NA	NA
16	0.1095405	0.006021414	0.004149017	0.00390346	0.003894277	0.003889883	0.003889551	0.00254717	0.0009077371	0.0009021027	0.0008823364	0.0008783682	0.0008094901	0.0007990773	0.0007981961	0.0007981646	NA	NA	NA	NA	NA	NA	NA	NA	NA	NA
17	0.8676147	0.1054493	0.00396423	0.002130792	0.001893299	0.001884142	0.001879751	0.001879419	0.0009269456	0.0008908759	0.0008852424	0.0008654768	0.0008615093	0.0007926315	0.00078222	0.000781339	0.0007813076	NA	NA	NA	NA	NA	NA	NA	NA	NA
18	0.8755009	0.8564143	0.103311	0.002967605	0.001177302	0.0009502633	0.000941115	0.0009367245	0.0009363925	0.0008963045	0.0008811623	0.0008755288	0.0008557633	0.0008517959	0.0007829182	0.0007725066	0.0007716257	0.0007715942	NA	NA	NA	NA	NA	NA	NA	NA
19	0.9974153	0.8740424	0.8550922	0.1030651	0.002945461	0.001158228	0.0009363938	0.0009272466	0.000922856	0.000922524	0.0008837613	0.0008799928	0.0008743594	0.0008545939	0.0008506264	0.0007817487	0.0007713371	0.0007704562	0.0007704248	NA	NA	NA	NA	NA	NA	NA
20	0.9999038	0.9974021	0.8740293	0.8550791	0.103063	0.002943341	0.001157543	0.0009357092	0.0009265619	0.0009221714	0.0009218394	0.0008837613	0.0008799928	0.0008743594	0.0008545939	0.0008506264	0.0007817487	0.0007713371	0.0007704562	0.0007704248	NA	NA	NA	NA	NA	NA
21	0.8942457	0.8941523	0.892441	0.8553384	0.8383216	0.09220332	0.002763698	0.001051382	0.0008448509	0.0008364808	0.0008327375	0.0008326875	0.0007946234	0.000790856	0.0007889827	0.0007853161	0.0007818095	0.0007807866	0.0007711236	0.000770258	0.0007702503	NA	NA	NA	NA	NA
22	0.8222442	0.8184133	0.8183801	0.8170253	0.8005929	0.7838692	0.09134414	0.002710609	0.001025128	0.0008208962	0.0008196093	0.0008159448	0.0008159448	0.0007778883	0.0007741277	0.0007738968	0.0007729025	0.0007720571	0.0007710628	0.0007710628	0.0007702174	0.0007702174	NA	NA	NA	NA
23	0.796467	0.7925689	0.7891755	0.7891514	0.7890349	0.7833508	0.7832733	0.09124132	0.002698652	0.001016707	0.0008127489	0.0008120301	0.0008120301	0.0008120301	0.000773978	0.0007702174	0.0007702174	0.0007702174	0.0007702174	0.0007702174	0.0007702174	0.0007702174	0.0007702174	NA	NA	NA
24	0.988207	0.7964455	0.7925488	0.7891554	0.7891314	0.7890149	0.7833309	0.7832533	0.09124119	0.002698526	0.001016667	0.0008127084	0.0008119897	0.0008119897	0.0008119897	0.000773978	0.0007702174	0.0007702174	0.0007702174	0.0007702174	0.0007702174	0.0007702174	0.0007702174	0.0007702174	NA	NA
25	0.9993073	0.9875333	0.7958944	0.7919988	0.7886948	0.7886714	0.7885553	0.7828713	0.7827938	0.09123883	0.002696162	0.001015619	0.0008116603	0.0008109415	0.0008109415	0.0008109415	0.000773978	0.0007702174	0.0007702174	0.0007702174	0.0007702174	0.0007702174	0.0007702174	0.0007702174	0.0007702174	NA
26	0.9996121	0.9991439	0.9873833	0.7957641	0.7919025	0.7886878	0.7886644	0.7885484	0.7828644	0.7827868	0.09123822	0.002695973	0.001015446	0.0008115961	0.0008108773	0.0008108773	0.0008108773	0.0007739244	0.0007702174	0.0007702174	0.0007702174	0.0007702174	0.0007702174	0.0007702174	0.0007702174	0.0007702174
