#unpaired probabilities
 #i$	l=1	2	3	4	5	6	7	8	9	10	11	12	13	14	15	16	17	18	19	20	21	22	23	24	25	26	27	28	29	30	
1	0.9999101	NA	NA	NA	NA	NA	NA	NA	NA	NA	NA	NA	NA	NA	NA	NA	NA	NA	NA	NA	NA	NA	NA	NA	NA	NA	NA	NA	NA	NA
2	0.9820402	0.9820342	NA	NA	NA	NA	NA	NA	NA	NA	NA	NA	NA	NA	NA	NA	NA	NA	NA	NA	NA	NA	NA	NA	NA	NA	NA	NA	NA	NA
3	0.9765168	0.9762455	0.9762406	NA	NA	NA	NA	NA	NA	NA	NA	NA	NA	NA	NA	NA	NA	NA	NA	NA	NA	NA	NA	NA	NA	NA	NA	NA	NA	NA
4	0.9671227	0.9572935	0.9571478	0.9571434	NA	NA	NA	NA	NA	NA	NA	NA	NA	NA	NA	NA	NA	NA	NA	NA	NA	NA	NA	NA	NA	NA	NA	NA	NA	NA
5	0.8043164	0.7937146	0.7883491	0.7882117	0.7882074	NA	NA	NA	NA	NA	NA	NA	NA	NA	NA	NA	NA	NA	NA	NA	NA	NA	NA	NA	NA	NA	NA	NA	NA	NA
6	0.7672163	0.7315471	0.7267012	0.7223446	0.722312	0.7223077	NA	NA	NA	NA	NA	NA	NA	NA	NA	NA	NA	NA	NA	NA	NA	NA	NA	NA	NA	NA	NA	NA	NA	NA
7	0.02586038	0.02337958	0.01623165	0.01591869	0.01575184	0.01574924	0.01574912	NA	NA	NA	NA	NA	NA	NA	NA	NA	NA	NA	NA	NA	NA	NA	NA	NA	NA	NA	NA	NA	NA	NA
8	0.1025852	0.01247021	0.01241397	0.005588497	0.005308222	0.005215532	0.005213844	0.005213741	NA	NA	NA	NA	NA	NA	NA	NA	NA	NA	NA	NA	NA	NA	NA	NA	NA	NA	NA	NA	NA	NA
9	0.2461461	0.08240341	0.005115683	0.005073108	0.00463006	0.004610768	0.004543846	0.004543465	0.004543423	NA	NA	NA	NA	NA	NA	NA	NA	NA	NA	NA	NA	NA	NA	NA	NA	NA	NA	NA	NA	NA
10	0.6434425	0.01064548	0.002616653	0.001536494	0.001532179	0.001493995	0.001488924	0.001488008	0.001487915	0.001487914	NA	NA	NA	NA	NA	NA	NA	NA	NA	NA	NA	NA	NA	NA	NA	NA	NA	NA	NA	NA
11	0.1506164	0.01963915	0.003088836	0.0004735119	0.0004368788	0.0004367362	0.000403713	0.0004034945	0.0004034237	0.0004034079	0.0004034078	NA	NA	NA	NA	NA	NA	NA	NA	NA	NA	NA	NA	NA	NA	NA	NA	NA	NA	NA
12	0.4315219	0.1367989	0.01767372	0.002100181	0.0004112085	0.0004006455	0.000400521	0.0003957233	0.0003955081	0.0003954384	0.0003954226	0.0003954225	NA	NA	NA	NA	NA	NA	NA	NA	NA	NA	NA	NA	NA	NA	NA	NA	NA	NA
13	0.9056669	0.4313817	0.1366667	0.01759856	0.002098628	0.0004108681	0.0004003082	0.0004001838	0.0003953871	0.0003952941	0.0003952244	0.0003952229	0.0003952228	NA	NA	NA	NA	NA	NA	NA	NA	NA	NA	NA	NA	NA	NA	NA	NA	NA
14	0.1178528	0.1117663	0.1045128	0.08366117	0.0008653663	0.000377235	5.181257e-05	5.135232e-05	5.130231e-05	5.126056e-05	5.116904e-05	5.110462e-05	5.110381e-05	5.110376e-05	NA	NA	NA	NA	NA	NA	NA	NA	NA	NA	NA	NA	NA	NA	NA	NA
15	0.2695481	0.1049723	0.1023442	0.1009053	0.08085358	0.0003461961	0.0003071822	1.354004e-05	1.318399e-05	1.317947e-05	1.31393e-05	1.307273e-05	1.306707e-05	1.306674e-05	1.306671e-05	NA	NA	NA	NA	NA	NA	NA	NA	NA	NA	NA	NA	NA	NA	NA
16	0.06398494	0.003392011	0.002722407	0.001969355	0.00110372	0.0004301502	5.907741e-05	2.817317e-05	7.761339e-06	7.690457e-06	7.688888e-06	7.653003e-06	7.652634e-06	7.651944e-06	7.651896e-06	7.651886e-06	NA	NA	NA	NA	NA	NA	NA	NA	NA	NA	NA	NA	NA	NA
17	0.5050401	0.02086259	0.0014264	0.0009117617	0.0004438849	0.0002450281	9.814987e-05	1.398503e-05	8.441899e-06	6.119787e-06	6.097625e-06	6.0963e-06	6.070312e-06	6.07004e-06	6.069689e-06	6.069655e-06	6.06965e-06	NA	NA	NA	NA	NA	NA	NA	NA	NA	NA	NA	NA	NA
18	0.2551365	0.0198856	0.01012215	0.0005587796	0.0002184902	4.852715e-05	2.671353e-05	9.093711e-06	2.468706e-06	2.398627e-06	2.039706e-06	2.032873e-06	2.032038e-06	2.013589e-06	2.013435e-06	2.013322e-06	2.013321e-06	2.01332e-06	NA	NA	NA	NA	NA	NA	NA	NA	NA	NA	NA	NA
19	0.03356962	0.02277107	0.01212422	0.003937317	0.0003064992	1.914008e-05	1.850809e-05	8.547677e-07	4.46237e-07	9.488342e-08	9.001404e-08	8.057841e-08	8.021892e-08	8.02039e-08	7.987499e-08	7.986082e-08	7.978439e-08	7.978354e-08	7.978351e-08	NA	NA	NA	NA	NA	NA	NA	NA	NA	NA	NA
20	0.07858587	0.02841159	0.02138882	0.01158275	0.003402568	2.059722e-05	2.029109e-06	1.910497e-06	3.079956e-07	2.244981e-07	3.043214e-08	2.956445e-08	2.691406e-08	2.675797e-08	2.675208e-08	2.666437e-08	2.665982e-08	2.659116e-08	2.659091e-08	2.65909e-08	NA	NA	NA	NA	NA	NA	NA	NA	NA	NA
21	0.1111725	0.0439091	0.02777518	0.02091427	0.01129187	0.003115294	1.973611e-05	1.917774e-06	1.862547e-06	2.667162e-07	2.053125e-07	1.428712e-08	1.377369e-08	1.153682e-08	1.148286e-08	1.147914e-08	1.144832e-08	1.144385e-08	1.137526e-08	1.1375e-08	1.1375e-08	NA	NA	NA	NA	NA	NA	NA	NA	NA
22	0.4799823	0.09707622	0.0298901	0.01791333	0.0127482	0.01129169	0.003115122	1.957026e-05	1.859559e-06	1.81626e-06	2.233154e-07	1.989549e-07	1.247933e-08	1.202175e-08	9.975504e-09	9.924975e-09	9.921446e-09	9.890783e-09	9.886693e-09	9.883862e-09	9.883679e-09	9.883675e-09	NA	NA	NA	NA	NA	NA	NA	NA
23	0.8540842	0.3405428	0.09658146	0.02979801	0.01791111	0.0127481	0.01129167	0.003115121	1.956954e-05	1.858937e-06	1.815713e-06	2.231698e-07	1.988513e-07	1.245291e-08	1.200035e-08	9.960188e-09	9.909787e-09	9.90626e-09	9.875803e-09	9.873304e-09	9.870478e-09	9.87043e-09	9.870426e-09	NA	NA	NA	NA	NA	NA	NA
24	0.690171	0.6886994	0.2921063	0.08214666	0.01679509	0.009693697	0.004580387	0.003124213	0.003110253	1.951446e-05	1.80839e-06	1.772007e-06	1.82186e-07	1.783745e-07	9.43082e-10	8.28583e-10	5.6571e-10	5.52376e-10	5.499259e-10	5.20841e-10	5.183849e-10	5.157219e-10	5.156974e-10	5.156962e-10	NA	NA	NA	NA	NA	NA
25	0.8387854	0.6143582	0.613586	0.2234239	0.01684082	0.01670746	0.00964217	0.004529148	0.00307298	0.003071691	1.951284e-05	1.806832e-06	1.771e-06	1.812203e-07	1.782281e-07	8.401337e-10	7.314896e-10	4.958003e-10	4.834877e-10	4.810506e-10	4.542495e-10	4.517973e-10	4.491486e-10	4.491242e-10	4.49123e-10	NA	NA	NA	NA	NA
26	0.8443181	0.8245063	0.6011654	0.6004261	0.2103979	0.004352664	0.004219459	0.003830528	0.003818431	0.003072325	0.003071036	1.885775e-05	1.713932e-06	1.678106e-06	1.811172e-07	1.781379e-07	7.84093e-10	6.79405e-10	4.461771e-10	4.339666e-10	4.315352e-10	4.047355e-10	4.022984e-10	4.02162e-10	4.021398e-10	4.021386e-10	NA	NA	NA	NA
27	0.9986142	0.8432174	0.8244698	0.6011298	0.6003958	0.21038	0.004346821	0.004213632	0.003830498	0.003818431	0.003072324	0.003071036	1.885767e-05	1.71386e-06	1.678035e-06	1.810514e-07	1.780728e-07	7.652585e-10	6.647042e-10	4.36147e-10	4.239566e-10	4.215262e-10	3.94727e-10	3.942462e-10	3.941104e-10	3.940936e-10	3.940924e-10	NA	NA	NA
28	0.6742485	0.6739226	0.652058	0.6412732	0.4300066	0.4293259	0.03943884	0.003372392	0.003239331	0.003072538	0.003070823	0.003070501	0.003069213	1.703467e-05	6.417626e-08	2.836022e-08	4.309518e-09	1.354317e-09	6.813907e-10	5.837122e-10	3.561974e-10	3.442061e-10	3.417849e-10	3.14986e-10	3.145218e-10	3.144096e-10	3.143955e-10	3.143943e-10	NA	NA
29	0.4954067	0.4934597	0.4933332	0.4827622	0.4721785	0.2610255	0.2603493	0.03629231	0.0002327669	0.000182528	1.915804e-05	1.745632e-05	1.713474e-05	1.712823e-05	1.703209e-05	6.159784e-08	2.578761e-08	1.739969e-09	1.041269e-09	3.785253e-10	3.670941e-10	3.433142e-10	3.3728e-10	3.348596e-10	3.083781e-10	3.079139e-10	3.078022e-10	3.07788e-10	3.077868e-10	NA
30	0.3255273	0.2691817	0.2674367	0.2673378	0.2568349	0.256568	0.2565651	0.2559881	0.03215601	0.0001382561	8.819992e-05	1.538656e-06	4.171171e-07	1.507178e-07	1.443921e-07	4.827915e-08	4.693126e-08	1.11752e-08	1.31286e-09	7.893914e-10	2.220788e-10	2.155665e-10	1.940977e-10	1.883608e-10	1.859581e-10	1.594768e-10	1.59015e-10	1.589291e-10	1.589284e-10	1.589272e-10
31	0.2265432	0.05411456	0.04350963	0.0431696	0.04314403	0.03273799	0.0324751	0.0324723	0.03237232	0.0321433	0.0001318345	8.317645e-05	1.486316e-06	3.807454e-07	1.144234e-07	1.082364e-07	1.260893e-08	1.126286e-08	1.113477e-08	1.273044e-09	7.716105e-10	2.045767e-10	1.983056e-10	1.781707e-10	1.77144e-10	1.771259e-10	1.506486e-10	1.501868e-10	1.501009e-10	1.501002e-10
32	0.04600805	0.021216	0.01427826	0.01090907	0.01087362	0.01086569	0.0004653203	0.000210295	0.0002097571	0.000179776	0.000109574	7.654184e-05	2.801362e-05	1.070335e-06	1.075939e-07	1.043111e-07	9.825663e-08	2.638982e-09	1.376146e-09	1.254394e-09	1.127908e-09	6.406153e-10	9.34143e-11	9.175021e-11	7.262229e-11	7.191684e-11	7.191108e-11	4.543418e-11	4.497332e-11	4.490105e-11
33	0.2414485	0.01443221	0.007410462	0.002619165	0.0004345952	0.0004139087	0.0004064141	0.0004014631	0.0001484878	0.0001480104	0.0001197338	5.559252e-05	2.438464e-05	2.429825e-05	9.361993e-07	1.089635e-08	7.790661e-09	3.157913e-09	2.587926e-09	1.328448e-09	1.206837e-09	1.080722e-09	6.108637e-10	6.383889e-11	6.227113e-11	4.34379e-11	4.288412e-11	4.287865e-11	4.287238e-11	4.241151e-11
34	0.1602717	0.001616184	0.001255701	0.0006987343	0.0005718289	0.0001374398	0.000118382	0.0001132874	0.0001093385	0.0001056693	0.000105506	8.493596e-05	3.832586e-05	1.590422e-05	1.583251e-05	7.779357e-08	1.004312e-08	7.215289e-09	2.597164e-09	2.028281e-09	1.298274e-09	1.177301e-09	1.067062e-09	5.974121e-10	5.108792e-11	5.008245e-11	3.135565e-11	3.08252e-11	3.082115e-11	3.081488e-11
35	0.1277717	0.03410605	0.001203994	0.001045034	0.0005342028	0.000443125	0.0001331091	0.0001140851	0.0001090707	0.0001051454	0.000103448	0.000103388	8.31352e-05	3.738569e-05	1.562087e-05	1.55498e-05	7.15157e-08	6.834584e-09	6.454407e-09	1.836877e-09	1.268038e-09	1.240263e-09	1.11932e-09	1.06593e-09	5.962913e-10	5.055837e-11	4.956424e-11	3.084193e-11	3.031245e-11	3.030845e-11
36	0.9393934	0.1274257	0.03376291	0.00101773	0.0008588203	0.0005340234	0.0004429836	0.0001330844	0.0001140608	0.0001090474	0.0001051224	0.0001034254	0.0001033654	8.311679e-05	3.737681e-05	1.561665e-05	1.554559e-05	7.150663e-08	6.83452e-09	6.454387e-09	1.836865e-09	1.268027e-09	1.240254e-09	1.119311e-09	1.065921e-09	5.962826e-10	5.054975e-11	4.95561e-11	3.083385e-11	3.030439e-11
37	0.2496059	0.1906897	0.04113805	0.03248072	0.0008553186	0.0007474625	0.0004496574	0.0003712034	0.0001003782	9.906578e-05	9.471811e-05	9.119192e-05	8.958981e-05	8.953368e-05	7.198091e-05	3.238125e-05	1.349722e-05	1.346444e-05	6.089242e-08	1.679063e-09	1.325996e-09	1.291778e-09	1.240804e-09	1.213811e-09	1.09309e-09	1.039952e-09	5.914178e-10	4.572805e-11	4.485084e-11	2.632425e-11
38	0.1248607	0.1109735	0.05616969	0.01466701	0.01112475	0.000548576	0.0005064215	0.0002754361	0.0002232764	5.777863e-05	5.694228e-05	5.441498e-05	5.389069e-05	5.254119e-05	5.249543e-05	4.227229e-05	1.908755e-05	7.916734e-06	7.89798e-06	4.569644e-08	9.616263e-10	6.806187e-10	6.607934e-10	6.593249e-10	6.344205e-10	6.335758e-10	5.811127e-10	5.801501e-10	3.457604e-11	3.38633e-11
39	0.1543282	0.0844695	0.07987688	0.02644727	0.006227088	0.004014863	0.0004003272	0.0003899476	0.0001847948	0.0001709166	4.319252e-05	4.25018e-05	4.058188e-05	4.018367e-05	3.990166e-05	3.988673e-05	3.212498e-05	1.452648e-05	5.989122e-06	5.97484e-06	1.608701e-08	5.300464e-10	2.988332e-10	2.83657e-10	2.825177e-10	2.796444e-10	2.79003e-10	2.542478e-10	2.5334e-10	3.076861e-11
40	0.4070729	0.06510042	0.06104839	0.06059349	0.01118853	0.001320492	0.0004795084	6.521257e-05	6.210504e-05	1.668694e-05	1.426232e-05	3.233563e-06	2.963195e-06	2.825005e-06	2.780473e-06	2.760759e-06	2.759683e-06	2.219354e-06	9.93722e-07	4.165871e-07	4.15405e-07	1.13928e-09	4.355762e-11	2.244939e-11	2.082542e-11	2.065128e-11	2.04879e-11	2.044242e-11	2.039193e-11	1.964445e-11
41	0.2971148	0.2491649	0.06162094	0.05839191	0.05816005	0.008802214	0.0004713344	0.000119823	2.311613e-05	2.057452e-05	1.368161e-05	1.252717e-05	2.761609e-06	2.499696e-06	2.382368e-06	2.344758e-06	2.32805e-06	2.327203e-06	1.871417e-06	8.380948e-07	3.512063e-07	3.502849e-07	9.336501e-10	7.682891e-12	3.036252e-12	2.135932e-12	2.065436e-12	1.933706e-12	1.895202e-12	1.852599e-12
42	0.4937693	0.08191889	0.07651568	0.0597929	0.057929	0.05779899	0.008541357	0.0003888771	7.621027e-05	1.719965e-05	1.480176e-05	9.501206e-06	8.71412e-06	1.53634e-06	1.518039e-06	1.445065e-06	1.419674e-06	1.409346e-06	1.40876e-06	1.132723e-06	5.075652e-07	2.124407e-07	2.118942e-07	5.555951e-10	4.399275e-12	1.572804e-12	1.030439e-12	9.882106e-13	9.08669e-13	8.84998e-13
43	0.5947902	0.3729003	0.02963728	0.02524622	0.009916392	0.008618037	0.008525394	0.008417753	0.0003510939	5.668588e-05	1.462853e-05	1.227826e-05	7.702784e-06	7.058257e-06	1.069018e-06	1.05579e-06	1.007796e-06	9.961509e-07	9.887298e-07	9.882842e-07	7.951261e-07	3.56664e-07	1.490692e-07	1.486933e-07	3.900749e-10	3.231762e-12	1.223979e-12	8.360653e-13	8.053246e-13	7.494945e-13
44	0.02333745	0.01163379	0.007573613	0.004081798	0.001817623	0.001686728	0.00113706	0.001098968	0.001050338	5.411804e-05	2.906468e-05	1.094157e-05	8.663447e-06	5.12974e-06	4.938502e-06	4.845082e-07	4.776324e-07	4.557662e-07	4.503207e-07	4.466342e-07	4.464451e-07	3.591777e-07	1.609972e-07	6.735478e-08	6.717807e-08	1.760438e-10	1.261009e-12	3.714194e-13	2.014065e-13	1.893462e-13
45	0.2358714	0.01514438	0.004233571	0.002626935	0.001698519	0.0007700231	0.0007140615	0.00017727	0.0001401119	9.258617e-05	4.553258e-05	2.847629e-05	1.07741e-05	8.561914e-06	5.080691e-06	4.898416e-06	4.728903e-07	4.663022e-07	4.449252e-07	4.399199e-07	4.364037e-07	4.362184e-07	3.50932e-07	1.573456e-07	6.581865e-08	6.565298e-08	1.720007e-10	1.196645e-12	3.46366e-13	1.86336e-13
46	0.3044831	0.193353	0.01292315	0.0035845	0.00234997	0.00146899	0.0006490208	0.00062768	0.0001518313	0.0001188738	7.674788e-05	3.626961e-05	2.401042e-05	8.292096e-06	8.263886e-06	4.865942e-06	4.705576e-06	4.188976e-07	4.130198e-07	3.940343e-07	3.899711e-07	3.867938e-07	3.866222e-07	3.110261e-07	1.3952e-07	5.833087e-08	5.819349e-08	1.524409e-10	1.060465e-12	3.06872e-13
47	0.9079937	0.3039824	0.1931187	0.01290293	0.003577178	0.00234442	0.001467261	0.0006482039	0.0006268868	0.0001516405	0.0001187196	7.664047e-05	3.620715e-05	2.396142e-05	8.260294e-06	8.232115e-06	4.864158e-06	4.703911e-06	4.184362e-07	4.125631e-07	3.935984e-07	3.895392e-07	3.863648e-07	3.861934e-07	3.106812e-07	1.393656e-07	5.826606e-08	5.812884e-08	1.522715e-10	1.059287e-12
48	0.2975393	0.2062463	0.07890094	0.04684357	0.0022566	0.0006585599	0.0004175627	0.0002362747	0.0001074438	0.0001038247	2.924813e-05	2.393959e-05	1.733212e-05	1.096526e-05	8.921236e-06	6.251159e-06	6.24664e-06	3.512531e-06	3.442185e-06	6.87578e-08	6.651742e-08	6.325826e-08	6.22364e-08	6.12792e-08	6.119793e-08	4.934179e-08	2.233809e-08	9.148532e-09	9.126763e-09	2.390851e-11
49	0.1190153	0.1189299	0.0888511	0.03927944	0.02377208	0.0004947199	0.0001198507	7.102604e-05	3.730035e-05	1.660851e-05	1.586001e-05	3.900307e-06	3.052171e-06	1.993265e-06	9.670906e-07	5.188112e-07	1.160892e-07	1.152854e-07	9.878022e-08	4.249763e-08	1.342244e-08	1.175041e-08	1.094771e-08	1.040101e-08	9.852084e-09	9.83404e-09	7.934082e-09	3.501679e-09	1.466253e-09	1.462541e-09
50	0.1103625	0.1095515	0.1095	0.07999884	0.03650149	0.02171799	0.0003414865	6.69892e-05	3.383772e-05	2.088431e-05	9.21272e-06	8.887536e-06	2.112891e-06	1.62316e-06	1.023702e-06	4.427021e-07	2.695477e-07	3.558569e-08	3.518262e-08	2.575265e-08	2.422942e-08	6.964234e-09	6.900246e-09	6.3009e-09	6.037691e-09	5.517485e-09	5.50061e-09	4.424884e-09	1.986111e-09	8.300091e-10
51	0.8839278	0.07060409	0.06993411	0.06988526	0.04040853	0.02490284	0.02099138	0.0002913153	5.369356e-05	2.547402e-05	1.505521e-05	6.639427e-06	6.398287e-06	1.512329e-06	1.173933e-06	7.418152e-07	3.215703e-07	1.965471e-07	2.472601e-08	2.443477e-08	1.758154e-08	1.648249e-08	5.293701e-09	5.24685e-09	4.721594e-09	4.472714e-09	3.96864e-09	3.964499e-09	3.189065e-09	1.431071e-09
52	0.3950603	0.3420642	0.03629076	0.03605979	0.03605865	0.03604244	0.02359983	0.0200193	0.0002233457	3.659933e-05	1.513899e-05	6.874083e-06	3.033574e-06	2.92942e-06	6.959524e-07	5.404743e-07	3.434191e-07	1.540344e-07	9.692768e-08	1.144618e-08	1.131267e-08	8.076686e-09	7.575549e-09	2.429558e-09	2.40934e-09	2.322091e-09	2.304051e-09	1.814666e-09	1.811123e-09	1.457498e-09
53	0.4949426	0.244987	0.2388852	0.001958235	0.001832269	0.001831384	0.001825608	0.0007600242	0.0003338905	0.0001575392	2.305298e-05	8.684391e-06	1.548098e-06	6.890215e-07	6.635407e-07	1.658285e-07	1.310962e-07	8.731182e-08	4.513172e-08	3.211759e-08	2.986492e-09	2.955503e-09	2.079749e-09	1.967155e-09	7.638253e-10	7.593031e-10	7.399173e-10	7.350015e-10	4.073343e-10	4.068132e-10
54	0.4145414	0.3359606	0.2320058	0.2262306	0.001323657	0.001207749	0.00120694	0.001202717	0.0005951895	0.0001943452	3.064635e-05	2.06998e-05	8.547553e-06	1.494366e-06	6.572209e-07	6.323358e-07	1.496845e-07	1.163438e-07	7.368293e-08	3.258712e-08	1.989727e-08	2.61381e-09	2.583577e-09	1.81803e-09	1.708287e-09	5.516072e-10	5.472001e-10	5.283118e-10	5.234921e-10	3.966692e-10
55	0.1490942	0.03466912	0.004465119	0.003240711	0.002902701	0.0002896945	0.0002882488	0.0002882205	0.0002876065	8.60285e-05	6.384486e-05	4.686729e-06	1.328028e-06	8.939571e-07	5.436941e-07	2.414873e-07	2.306952e-07	5.570343e-08	4.361279e-08	2.812632e-08	1.314896e-08	8.27999e-09	1.014791e-09	1.002696e-09	6.562084e-10	6.153411e-10	1.595641e-10	1.5794e-10	1.510833e-10	1.485904e-10
56	0.09815909	0.04038909	0.0312434	0.001478972	0.0008036273	0.0007307766	0.0001573921	0.0001562908	0.0001562875	0.0001560893	4.644419e-05	3.4665e-05	2.475218e-06	6.439641e-07	4.072718e-07	2.96447e-07	1.320841e-07	1.247989e-07	2.950728e-08	2.294026e-08	1.451583e-08	6.404311e-09	3.567047e-09	4.667453e-10	4.593859e-10	3.245757e-10	3.016398e-10	8.440274e-11	8.350236e-11	7.977234e-11
57	0.08504799	0.07241493	0.03715987	0.0311371	0.00140386	0.0007417985	0.0007249601	0.0001563733	0.0001558416	0.0001558384	0.0001556444	4.630916e-05	3.456505e-05	2.466606e-06	6.405107e-07	4.045033e-07	2.943411e-07	1.306008e-07	1.240271e-07	2.900458e-08	2.245634e-08	1.405574e-08	5.978241e-09	3.553547e-09	4.619968e-10	4.553051e-10	3.208644e-10	2.995056e-10	8.288094e-11	8.20066e-11
58	0.6867069	0.05982672	0.05307053	0.03629918	0.03110549	0.001375897	0.000714776	0.0006981399	0.0001311659	0.0001306461	0.0001306429	0.0001304763	3.884185e-05	2.900484e-05	2.079069e-06	5.453874e-07	3.477996e-07	2.474171e-07	1.099883e-07	1.040833e-07	2.432851e-08	1.884271e-08	1.179491e-08	5.016642e-09	2.981019e-09	3.886332e-10	3.828439e-10	2.692306e-10	2.513005e-10	6.950579e-11
59	0.9887639	0.6754833	0.05920317	0.05245309	0.03569172	0.03049835	0.0007687624	0.0007147606	0.0006981255	0.0001311581	0.0001306383	0.0001306351	0.0001304685	3.883946e-05	2.900309e-05	2.078893e-06	5.453214e-07	3.477465e-07	2.473941e-07	1.099734e-07	1.040687e-07	2.432198e-08	1.88365e-08	1.178912e-08	5.011248e-09	2.975744e-09	3.8351e-10	3.77721e-10	2.692149e-10	2.512858e-10
60	0.922455	0.9134992	0.6183868	0.02224958	0.01754486	0.004381768	0.0007659182	0.0007381354	0.0006844601	0.0006754217	0.0001087065	0.000108407	0.000108404	0.0001082615	3.224916e-05	2.407095e-05	1.733501e-06	4.595707e-07	2.953489e-07	2.032385e-07	8.926005e-08	8.635938e-08	2.016974e-08	1.561821e-08	9.772119e-09	4.149612e-09	2.468187e-09	3.17266e-10	3.133647e-10	2.233479e-10
61	0.9536074	0.9222476	0.9132989	0.6182265	0.02221207	0.01751203	0.004356859	0.0007441282	0.0007163597	0.0006843308	0.0006752929	0.0001086064	0.0001083069	0.0001083039	0.0001081616	3.221944e-05	2.40487e-05	1.731878e-06	4.591807e-07	2.95109e-07	2.030496e-07	8.917631e-08	8.627832e-08	2.015111e-08	1.560378e-08	9.763091e-09	4.145773e-09	2.465902e-09	3.169662e-10	3.130685e-10
62	0.9113662	0.8659838	0.8517944	0.8483789	0.562553	0.01235688	0.01006919	0.001828825	0.000625338	0.0006083507	0.0005947427	0.0005860303	3.120134e-05	3.094677e-05	3.094407e-05	3.088572e-05	9.284587e-06	6.882962e-06	5.260144e-07	1.66769e-07	1.187656e-07	5.788509e-08	2.531178e-08	2.448348e-08	5.742007e-09	4.445297e-09	2.784591e-09	1.181616e-09	7.03912e-10	9.05518e-11
63	0.4141665	0.4141599	0.4117669	0.4037587	0.4027218	0.1227573	0.008021146	0.006658983	0.000286544	2.280003e-05	1.009322e-05	9.745625e-06	4.708873e-06	9.976824e-07	7.579891e-07	7.556383e-07	7.320349e-07	3.259133e-07	1.757311e-07	5.899644e-08	5.229516e-08	5.05616e-08	1.347155e-09	4.807836e-10	4.599252e-10	1.161561e-10	8.954566e-11	5.907036e-11	2.171882e-11	1.286921e-11
64	0.3909331	0.3881455	0.3881415	0.3879419	0.379995	0.3793087	0.1222178	0.007775993	0.006572115	0.0002431974	1.004239e-05	9.54769e-06	9.203479e-06	4.39336e-06	6.895223e-07	6.782213e-07	6.758712e-07	6.523828e-07	3.022726e-07	1.580365e-07	5.775398e-08	5.198395e-08	5.037008e-08	1.185811e-09	4.049434e-10	3.895298e-10	9.438345e-11	7.112289e-11	4.495604e-11	1.863314e-11
65	0.3176477	0.1311358	0.1299336	0.1299304	0.1299077	0.12199	0.1219594	0.121535	0.007160952	0.006553559	0.000233892	5.087167e-06	4.652021e-06	4.309734e-06	4.223233e-06	5.211336e-07	5.135607e-07	5.135472e-07	5.130949e-07	2.609499e-07	1.271121e-07	5.56028e-08	5.146152e-08	5.005688e-08	9.243881e-10	2.900955e-10	2.784232e-10	6.832196e-11	5.092014e-11	3.231732e-11
66	0.5885286	0.1711189	0.01558167	0.0146813	0.01468108	0.01467159	0.006821426	0.006810128	0.006767583	0.006510433	0.006459526	0.000223569	1.800587e-06	1.399294e-06	1.08997e-06	1.04337e-06	2.488783e-07	2.434121e-07	2.434078e-07	2.432255e-07	1.467743e-07	2.913866e-08	2.426824e-09	8.21471e-10	5.913974e-10	5.145673e-10	1.084537e-10	1.026414e-10	2.493687e-11	1.957495e-11
67	0.1626144	0.1608568	0.01095256	0.008222884	0.008180297	0.008180142	0.008173266	0.000326597	0.0003174807	0.0002812802	2.637235e-05	2.182996e-05	1.303617e-05	1.716224e-06	1.392337e-06	1.083025e-06	1.038068e-06	2.435944e-07	2.425333e-07	2.425291e-07	2.423516e-07	1.463226e-07	2.873187e-08	2.143925e-09	5.455852e-10	3.164126e-10	2.398081e-10	1.066354e-10	1.00945e-10	2.360666e-11
68	0.2091287	0.1541121	0.1524828	0.009967023	0.008161434	0.00815581	0.008155656	0.008148814	0.0003023382	0.000293341	0.000272453	1.87401e-05	1.433444e-05	5.915504e-06	1.478117e-06	1.385169e-06	1.075878e-06	1.035859e-06	2.414046e-07	2.409279e-07	2.409237e-07	2.40748e-07	1.458453e-07	2.837416e-08	2.11705e-09	5.374372e-10	3.106704e-10	2.346612e-10	1.032107e-10	9.965773e-11
69	0.7179381	0.1664215	0.1149701	0.1147868	0.001654614	0.0003286414	0.0003244862	0.0003244566	0.0003216291	0.0002937654	0.0002853248	0.0002653791	1.680505e-05	1.287445e-05	5.545909e-06	1.347349e-06	1.258885e-06	9.520013e-07	9.125561e-07	1.183307e-07	1.178583e-07	1.178541e-07	1.176866e-07	3.520927e-08	2.644386e-08	1.860627e-09	4.865003e-10	2.935109e-10	2.203936e-10	9.69267e-11
70	0.7506074	0.5092276	0.1588421	0.1130717	0.1129056	0.001610792	0.0003103392	0.0003062744	0.0003062453	0.0003034469	0.0002904237	0.0002820547	0.000262199	1.62262e-05	1.255386e-05	5.301788e-06	1.134971e-06	1.046641e-06	9.501917e-07	9.107523e-07	1.169961e-07	1.165243e-07	1.165201e-07	1.163536e-07	3.454108e-08	2.5855e-08	1.828472e-09	4.664019e-10	2.914252e-10	2.186896e-10
71	0.8512891	0.6369001	0.3955219	0.04940139	0.003774062	0.00360807	0.001610261	0.0003103046	0.0003062416	0.0003062126	0.0003034143	0.0002903926	0.0002820237	0.0002621691	1.619862e-05	1.252739e-05	5.281917e-06	1.115111e-06	1.026782e-06	9.501895e-07	9.1075e-07	1.169939e-07	1.165221e-07	1.165179e-07	1.163515e-07	3.45389e-08	2.585282e-08	1.826291e-09	4.662669e-10	2.912901e-10
72	0.04838228	0.04770984	0.04124155	0.02729045	0.003549583	0.0008688803	0.000713543	0.0003934249	0.0001110559	0.0001071097	0.0001070809	0.0001043135	0.00010198	9.36299e-05	7.387973e-05	1.515505e-05	1.164023e-05	4.431298e-06	2.710571e-07	1.827572e-07	1.80376e-07	1.409379e-07	1.167488e-07	1.162778e-07	1.162736e-07	1.161074e-07	3.444716e-08	2.577878e-08	1.796067e-09	4.38483e-10
73	0.05684058	0.04360288	0.04301692	0.03797588	0.0250532	0.003374174	0.0007175177	0.0006956834	0.0003893545	0.0001074683	0.0001059704	0.0001059417	0.000103176	0.0001008458	9.249699e-05	7.314598e-05	1.442564e-05	1.100279e-05	3.818942e-06	1.988499e-07	1.808734e-07	1.784922e-07	1.405625e-07	1.163735e-07	1.162776e-07	1.162734e-07	1.161072e-07	3.444696e-08	2.577859e-08	1.795872e-09
74	0.1683748	0.04747024	0.03440999	0.03399495	0.0291846	0.02003257	0.003275054	0.0007013351	0.0006801315	0.0003799292	9.814383e-05	9.665303e-05	9.664225e-05	9.516064e-05	9.28342e-05	8.4524e-05	7.310566e-05	1.438584e-05	1.096345e-05	3.780519e-06	1.604516e-07	1.434176e-07	1.410364e-07	1.405177e-07	1.163287e-07	1.162338e-07	1.162333e-07	1.161072e-07	3.444696e-08	2.577859e-08
75	0.8337215	0.08732835	0.0356951	0.03201171	0.03188205	0.02709965	0.01815333	0.00260868	0.0004854058	0.0004642362	0.0001656681	9.492729e-05	9.344158e-05	9.343082e-05	9.195154e-05	8.977953e-05	8.14713e-05	7.006303e-05	1.434012e-05	1.093669e-05	3.7566e-06	1.365457e-07	1.195118e-07	1.18036e-07	1.175174e-07	1.16319e-07	1.162242e-07	1.162237e-07	1.160976e-07	3.444276e-08
76	0.8739764	0.8234988	0.08519194	0.03394485	0.03063938	0.03051377	0.02593301	0.01814702	0.002606812	0.00048369	0.0004639792	0.000165436	9.471735e-05	9.335241e-05	9.334165e-05	9.186243e-05	8.969055e-05	8.138233e-05	7.003968e-05	1.432208e-05	1.092438e-05	3.755269e-06	1.355513e-07	1.19422e-07	1.179462e-07	1.174763e-07	1.162779e-07	1.162241e-07	1.162236e-07	1.160975e-07
77	0.9956962	0.873969	0.8234926	0.08519133	0.03394465	0.03063935	0.03051374	0.02593298	0.01814701	0.002606805	0.0004836865	0.0004639757	0.0001654358	9.471734e-05	9.33524e-05	9.334164e-05	9.186242e-05	8.969054e-05	8.138232e-05	7.003967e-05	1.432208e-05	1.092438e-05	3.755268e-06	1.355505e-07	1.194213e-07	1.179462e-07	1.174763e-07	1.162779e-07	1.162241e-07	1.162236e-07
