#unpaired probabilities
 #i$	l=1	2	3	4	5	6	7	8	9	10	11	12	13	14	15	16	17	18	19	20	21	22	23	24	25	26	27	28	29	30	
1	0.9999275	NA	NA	NA	NA	NA	NA	NA	NA	NA	NA	NA	NA	NA	NA	NA	NA	NA	NA	NA	NA	NA	NA	NA	NA	NA	NA	NA	NA	NA
2	0.863987	0.8588069	NA	NA	NA	NA	NA	NA	NA	NA	NA	NA	NA	NA	NA	NA	NA	NA	NA	NA	NA	NA	NA	NA	NA	NA	NA	NA	NA	NA
3	0.1421997	0.1358333	0.09141239	NA	NA	NA	NA	NA	NA	NA	NA	NA	NA	NA	NA	NA	NA	NA	NA	NA	NA	NA	NA	NA	NA	NA	NA	NA	NA	NA
4	0.3463423	0.132694	0.125927	0.08550745	NA	NA	NA	NA	NA	NA	NA	NA	NA	NA	NA	NA	NA	NA	NA	NA	NA	NA	NA	NA	NA	NA	NA	NA	NA	NA
5	0.5775464	0.3456587	0.1325538	0.1257903	0.08543389	NA	NA	NA	NA	NA	NA	NA	NA	NA	NA	NA	NA	NA	NA	NA	NA	NA	NA	NA	NA	NA	NA	NA	NA	NA
6	0.7080755	0.3314837	0.1729851	0.0717022	0.07187896	0.05870918	NA	NA	NA	NA	NA	NA	NA	NA	NA	NA	NA	NA	NA	NA	NA	NA	NA	NA	NA	NA	NA	NA	NA	NA
7	0.7020702	0.6634192	0.2954634	0.1468575	0.06091479	0.06125789	0.05077911	NA	NA	NA	NA	NA	NA	NA	NA	NA	NA	NA	NA	NA	NA	NA	NA	NA	NA	NA	NA	NA	NA	NA
8	0.7354283	0.693625	0.6556971	0.2889147	0.1421219	0.0589687	0.05936353	0.0494312	NA	NA	NA	NA	NA	NA	NA	NA	NA	NA	NA	NA	NA	NA	NA	NA	NA	NA	NA	NA	NA	NA
9	0.7166642	0.671586	0.6378455	0.5998557	0.2415795	0.1079346	0.0453282	0.04636652	0.03957224	NA	NA	NA	NA	NA	NA	NA	NA	NA	NA	NA	NA	NA	NA	NA	NA	NA	NA	NA	NA	NA
10	0.7042869	0.469513	0.4047226	0.3355434	0.2484318	0.2383426	0.1054863	0.04404242	0.04490886	0.03865111	NA	NA	NA	NA	NA	NA	NA	NA	NA	NA	NA	NA	NA	NA	NA	NA	NA	NA	NA	NA
11	0.393161	0.3638622	0.3439061	0.2910853	0.2362066	0.1463913	0.1211858	0.08678506	0.03370075	0.03193066	0.03363429	NA	NA	NA	NA	NA	NA	NA	NA	NA	NA	NA	NA	NA	NA	NA	NA	NA	NA	NA
12	0.5865146	0.3850591	0.3586979	0.3395722	0.2897287	0.2350553	0.1452699	0.1200195	0.08619884	0.03349616	0.03172649	0.03347895	NA	NA	NA	NA	NA	NA	NA	NA	NA	NA	NA	NA	NA	NA	NA	NA	NA	NA
13	0.747385	0.4545579	0.3825161	0.3563761	0.3391437	0.2894133	0.2349181	0.1451732	0.1199288	0.08611963	0.03343438	0.03164613	0.03344652	NA	NA	NA	NA	NA	NA	NA	NA	NA	NA	NA	NA	NA	NA	NA	NA	NA
14	0.6789547	0.5513473	0.3487992	0.3021448	0.2949011	0.290257	0.2504546	0.2008466	0.1123785	0.09148625	0.06509643	0.02372879	0.02174816	0.02329537	NA	NA	NA	NA	NA	NA	NA	NA	NA	NA	NA	NA	NA	NA	NA	NA
15	0.9964272	0.6783588	0.5507088	0.3483244	0.3016312	0.2948816	0.2902387	0.2504348	0.2008443	0.1123762	0.09148432	0.06509507	0.02372817	0.0217475	0.02329508	NA	NA	NA	NA	NA	NA	NA	NA	NA	NA	NA	NA	NA	NA	NA
16	0.5341712	0.5411368	0.4278627	0.3115401	0.1984971	0.1921121	0.1989516	0.2022436	0.1667793	0.1223069	0.06022689	0.04790068	0.03356651	0.01109055	0.009709888	0.01120479	NA	NA	NA	NA	NA	NA	NA	NA	NA	NA	NA	NA	NA	NA
17	0.4019999	0.355816	0.356006	0.2362439	0.2362985	0.1476726	0.1404255	0.1437455	0.1425017	0.1008055	0.04829583	0.02304235	0.01893467	0.01414093	0.006660709	0.007393092	0.008956758	NA	NA	NA	NA	NA	NA	NA	NA	NA	NA	NA	NA	NA
18	0.263675	0.2206815	0.1948389	0.1900024	0.06899579	0.06009828	0.03508421	0.02233755	0.01648038	0.009733216	0.00693793	0.003419511	0.002334681	0.002191048	0.001915842	0.001498395	0.001948892	0.0006918667	NA	NA	NA	NA	NA	NA	NA	NA	NA	NA	NA	NA
19	0.2242208	0.1586577	0.1152847	0.08491862	0.07359943	0.05933268	0.05030843	0.0328594	0.02077647	0.01507347	0.008515321	0.006078299	0.003011051	0.002087987	0.001968332	0.001727434	0.001362659	0.001776721	0.0006123765	NA	NA	NA	NA	NA	NA	NA	NA	NA	NA	NA
20	0.1855292	0.07481995	0.05255773	0.03992375	0.02948384	0.02556754	0.0206595	0.01795631	0.01181273	0.007501821	0.005493395	0.002954026	0.002121031	0.00107366	0.000761746	0.0007195168	0.0006305584	0.0004971818	0.0006482969	0.0002570146	NA	NA	NA	NA	NA	NA	NA	NA	NA	NA
21	0.4085234	0.04199369	0.001662843	0.001207989	0.001104305	0.0008777156	0.0008882863	0.0008870154	0.0009230175	0.0008152174	0.0005107837	0.0005116419	5.857263e-05	5.599127e-05	5.425285e-05	5.698463e-05	5.174771e-05	3.888242e-05	2.052337e-05	2.238516e-05	6.422581e-06	NA	NA	NA	NA	NA	NA	NA	NA	NA
22	0.258501	0.2333978	0.03962541	0.001213978	0.0008490212	0.0007669661	0.0005532046	0.0005576643	0.0005549421	0.0005767441	0.0004687895	0.0004907761	0.0004970613	4.941938e-05	4.923148e-05	5.050228e-05	5.417432e-05	4.915756e-05	3.669786e-05	1.896454e-05	2.036973e-05	5.213726e-06	NA	NA	NA	NA	NA	NA	NA	NA
23	0.2820832	0.2014486	0.1853935	0.003432926	0.0004800622	0.0003075025	0.0002781341	0.0002411861	0.0002291728	0.0002073327	0.0002043681	8.493591e-05	7.455956e-05	4.22601e-05	3.76345e-05	3.653987e-05	3.655699e-05	3.861806e-05	3.443947e-05	2.72281e-05	1.608936e-05	1.85451e-05	4.780757e-06	NA	NA	NA	NA	NA	NA	NA
24	0.7626413	0.1661927	0.08800588	0.0672755	0.001565763	0.0003381253	0.0002532732	0.0002222332	0.0001895357	0.0001744556	0.0001580952	0.000151579	7.9334e-05	6.901549e-05	3.672367e-05	3.162713e-05	3.099991e-05	3.028721e-05	3.143196e-05	2.66522e-05	1.908082e-05	7.256163e-06	6.648261e-06	4.198759e-06	NA	NA	NA	NA	NA	NA
25	0.782559	0.7294101	0.1500903	0.07645359	0.05530066	0.001186083	0.0003335688	0.0002515393	0.0002207783	0.0001882136	0.0001731377	0.0001568457	0.000150301	7.889347e-05	6.862288e-05	3.642743e-05	3.134864e-05	3.070545e-05	2.997688e-05	3.108798e-05	2.632142e-05	1.88208e-05	7.107594e-06	6.564755e-06	4.186265e-06	NA	NA	NA	NA	NA
26	0.3436124	0.2751672	0.2242262	0.1224566	0.06618459	0.05444243	0.001001761	0.0002285779	0.000175997	0.0001593609	0.0001395603	0.0001291037	0.0001197935	0.0001186062	6.116636e-05	5.598454e-05	2.597912e-05	2.320627e-05	2.338725e-05	2.36779e-05	2.506314e-05	2.110957e-05	1.493358e-05	5.29295e-06	4.696825e-06	2.331421e-06	NA	NA	NA	NA
27	0.3651738	0.2533423	0.1952849	0.1554969	0.08589043	0.06263595	0.05416197	0.0008597187	0.0001720969	0.0001298557	0.0001171821	0.0001055837	9.594728e-05	8.85118e-05	8.711593e-05	4.483681e-05	4.08901e-05	1.056045e-05	7.279802e-06	6.07828e-06	4.578914e-06	4.040809e-06	3.79798e-06	3.296769e-06	2.573718e-06	3.251276e-06	9.956258e-07	NA	NA	NA
28	0.2864049	0.2753647	0.1826793	0.1328525	0.1207091	0.06910078	0.0565971	0.05395656	0.0007545796	0.0001053592	7.512607e-05	6.990191e-05	6.535844e-05	5.761444e-05	5.300474e-05	5.226135e-05	3.490415e-05	3.415013e-05	5.234248e-06	3.482985e-06	3.038388e-06	2.488508e-06	2.443463e-06	2.40719e-06	2.220269e-06	1.987341e-06	2.580002e-06	5.404038e-07	NA	NA
29	0.4439664	0.2770929	0.2681358	0.1763332	0.1267115	0.1184211	0.06806006	0.05603091	0.05370578	0.0007400267	0.0001021442	7.255208e-05	6.77081e-05	6.355694e-05	5.591813e-05	5.197626e-05	5.132046e-05	3.426075e-05	3.375227e-05	4.995068e-06	3.322729e-06	2.9115e-06	2.403494e-06	2.372398e-06	2.343542e-06	2.16991e-06	1.957625e-06	2.545717e-06	5.190053e-07	NA
30	0.9189948	0.3690409	0.1996025	0.1877785	0.1763257	0.126705	0.1184175	0.06805725	0.0560296	0.05370498	0.0007397984	0.0001019562	7.235974e-05	6.770284e-05	6.355242e-05	5.591373e-05	5.197228e-05	5.131648e-05	3.425846e-05	3.375015e-05	4.993412e-06	3.321091e-06	2.909747e-06	2.402974e-06	2.371871e-06	2.343032e-06	2.169485e-06	1.957332e-06	2.54535e-06	5.188107e-07
31	0.8264078	0.8120107	0.3027083	0.1744362	0.1625434	0.1508351	0.123916	0.1164133	0.06790603	0.05596452	0.05369521	0.0007319342	9.433447e-05	6.444995e-05	5.942001e-05	5.483753e-05	5.435962e-05	5.094268e-05	5.115047e-05	3.416144e-05	3.369102e-05	4.946585e-06	3.287108e-06	2.881236e-06	2.381306e-06	2.352865e-06	2.326535e-06	2.156945e-06	1.950969e-06	2.538317e-06
32	0.8267306	0.7877546	0.7723367	0.2708899	0.1453575	0.1349868	0.1223229	0.1199543	0.1157022	0.06782079	0.05591368	0.05369307	0.0007298854	9.242829e-05	6.248903e-05	5.737836e-05	5.270062e-05	5.248983e-05	5.030471e-05	5.105806e-05	3.410974e-05	3.36651e-05	4.924688e-06	3.269672e-06	2.865925e-06	2.368645e-06	2.342383e-06	2.317353e-06	2.150421e-06	1.948645e-06
33	0.9969346	0.8257668	0.7867731	0.7716034	0.2701546	0.1446248	0.1342274	0.1223191	0.1199505	0.1156996	0.06781822	0.05591101	0.05369037	0.0007298629	9.241782e-05	6.247805e-05	5.737651e-05	5.269873e-05	5.248782e-05	5.030258e-05	5.105576e-05	3.410732e-05	3.366247e-05	4.922748e-06	3.267516e-06	2.8635e-06	2.368384e-06	2.34209e-06	2.317087e-06	2.150253e-06
34	0.8874336	0.8849113	0.7543054	0.7183249	0.7104278	0.229063	0.1079335	0.09664014	0.08405075	0.08041751	0.07479019	0.06748079	0.05573635	0.05368244	0.0007237912	8.674637e-05	5.669675e-05	5.140218e-05	4.648751e-05	4.59277e-05	4.339477e-05	4.402729e-05	3.374813e-05	3.353401e-05	4.808853e-06	3.169528e-06	2.773746e-06	2.288819e-06	2.26486e-06	2.263642e-06
35	0.8634594	0.8475991	0.8460466	0.7256901	0.6948555	0.6884429	0.217109	0.09755134	0.0866058	0.07684987	0.07333148	0.06791696	0.06039421	0.05565683	0.05363817	0.0006949586	6.03738e-05	4.927844e-05	4.361661e-05	3.83967e-05	3.73384e-05	3.569424e-05	3.576129e-05	3.306599e-05	3.286765e-05	4.098721e-06	2.398791e-06	1.917045e-06	1.316211e-06	1.147147e-06
36	0.7727844	0.7052337	0.6864395	0.6802289	0.6503815	0.6304629	0.6220895	0.157752	0.05740276	0.04505043	0.03398393	0.02880432	0.02155973	0.01202203	0.005095039	0.0006689505	0.0006621013	4.392737e-05	3.202361e-05	2.552785e-05	1.928503e-05	1.695352e-05	1.38576e-05	1.224539e-05	7.707211e-06	5.205185e-06	4.06322e-06	2.359348e-06	1.872679e-06	1.265547e-06
37	0.6692563	0.6518477	0.6132764	0.5941139	0.5856945	0.5609152	0.5490482	0.5390902	0.154512	0.05596128	0.04386522	0.03317558	0.02810972	0.02091583	0.01140216	0.004523477	0.000103083	6.930308e-05	4.325563e-05	3.145229e-05	2.501481e-05	1.880596e-05	1.646538e-05	1.336379e-05	1.172994e-05	7.23315e-06	4.70785e-06	3.542203e-06	2.287193e-06	1.796772e-06
38	0.4464289	0.3727757	0.352891	0.3094782	0.2819824	0.2643214	0.2390444	0.218217	0.1974748	0.1538603	0.05556165	0.0435387	0.03297594	0.02794446	0.02079813	0.01131818	0.004497146	0.0001000726	6.636172e-05	4.040639e-05	3.114767e-05	2.473703e-05	1.855685e-05	1.621907e-05	1.314918e-05	1.151312e-05	7.179112e-06	4.666615e-06	3.505699e-06	2.255945e-06
39	0.8109661	0.443054	0.3703413	0.3503931	0.3069607	0.280554	0.2629032	0.2384129	0.2179361	0.1972556	0.1537654	0.0554852	0.04347084	0.03295803	0.0279326	0.02079221	0.01131405	0.004493598	9.986586e-05	6.631344e-05	4.038436e-05	3.112538e-05	2.472742e-05	1.854688e-05	1.62086e-05	1.313825e-05	1.150142e-05	7.169189e-06	4.656059e-06	3.498337e-06
40	0.1899819	0.1829189	0.1421956	0.1040071	0.1007758	0.07908165	0.070601	0.0625792	0.05229374	0.04271362	0.03256897	0.02387194	0.01616212	0.0132084	0.0095853	0.008403565	0.006732994	0.002329197	0.000888176	2.155435e-05	1.465563e-05	8.555561e-06	6.749986e-06	5.52754e-06	4.348023e-06	3.932725e-06	3.315418e-06	3.050113e-06	1.706546e-06	1.200693e-06
41	0.2773595	0.1610754	0.1557681	0.1270717	0.08903655	0.08554184	0.07786428	0.06946894	0.0615141	0.05130731	0.04180209	0.03173406	0.02322092	0.01564436	0.01299587	0.009420333	0.00826429	0.006635427	0.002275079	0.0008679191	2.110732e-05	1.433452e-05	8.348765e-06	6.582257e-06	5.386464e-06	4.232461e-06	3.825299e-06	3.221573e-06	2.960784e-06	1.638475e-06
42	0.6956745	0.2770931	0.1608593	0.1555796	0.1269436	0.08890554	0.08540725	0.07772594	0.06938088	0.06142344	0.05129925	0.04179891	0.03173088	0.02321787	0.01564148	0.01299307	0.009420098	0.008264168	0.00663542	0.002275075	0.0008679154	2.11043e-05	1.43329e-05	8.347904e-06	6.581355e-06	5.385615e-06	4.231567e-06	3.82435e-06	3.220637e-06	2.959779e-06
43	0.9806678	0.6762184	0.2732299	0.1595098	0.1543195	0.125868	0.08783176	0.08430524	0.0765974	0.06907354	0.06111102	0.05101794	0.04152499	0.03145417	0.02294676	0.01537861	0.01273278	0.009405195	0.008256555	0.006634929	0.00227469	0.0008675723	2.078944e-05	1.424435e-05	8.301853e-06	6.533214e-06	5.340465e-06	4.18411e-06	3.774033e-06	3.168748e-06
44	0.9711794	0.9580662	0.661166	0.2670565	0.1565279	0.1517465	0.1244347	0.08643565	0.08291675	0.07523144	0.06777513	0.0598734	0.05018718	0.04078259	0.03080358	0.02245628	0.01503749	0.01242633	0.009324041	0.008198521	0.006603534	0.002254196	0.0008597038	2.043643e-05	1.394642e-05	8.12863e-06	6.388216e-06	5.201811e-06	4.051983e-06	3.639969e-06
45	0.9884873	0.9699354	0.9568787	0.6606431	0.2668369	0.1563835	0.1516147	0.1243048	0.08630272	0.08278018	0.07509119	0.06767005	0.0597652	0.05013214	0.0407432	0.03076297	0.02241446	0.01499437	0.01238176	0.009323875	0.008198434	0.006603527	0.002254191	0.000859699	2.043306e-05	1.394532e-05	8.127979e-06	6.387535e-06	5.201181e-06	4.051319e-06
46	0.998402	0.9872387	0.9691178	0.9560998	0.6598872	0.2664653	0.1562436	0.1514855	0.1242005	0.08619649	0.08267114	0.07498015	0.06759441	0.05968912	0.05006536	0.04068144	0.03070171	0.02235604	0.01493867	0.01232694	0.009320839	0.008197007	0.00660337	0.002254083	0.0008596172	2.041732e-05	1.393251e-05	8.121964e-06	6.381273e-06	5.194669e-06
47	0.6794872	0.6717068	0.6557045	0.6366476	0.6278154	0.5770766	0.2049638	0.1020893	0.09750375	0.08215924	0.07743832	0.07437285	0.06882993	0.06171709	0.05399433	0.04459904	0.03545348	0.02575274	0.01793782	0.01109832	0.008721242	0.005987952	0.004904898	0.003418416	0.002070905	0.0008438548	1.980425e-05	1.338906e-05	7.888094e-06	6.15692e-06
48	0.4384296	0.3652433	0.3515535	0.3364366	0.3132502	0.297618	0.2450702	0.1649472	0.07284379	0.06807121	0.05356483	0.04822073	0.04436162	0.03812109	0.0347445	0.03196822	0.02841775	0.0253477	0.02223925	0.0147693	0.009575975	0.007370621	0.005669689	0.004733415	0.00339783	0.002054934	0.0008403138	1.849044e-05	1.208104e-05	7.398603e-06
49	0.4137162	0.3907487	0.3484471	0.3345402	0.3192289	0.3016081	0.2858087	0.2361641	0.1573984	0.06666851	0.06191322	0.04844176	0.04458755	0.04087245	0.03649405	0.03324572	0.03057257	0.02714706	0.02420799	0.02124869	0.01397293	0.009006367	0.006910195	0.005324282	0.004433769	0.00316695	0.001989913	0.0008339639	1.832438e-05	1.194459e-05
50	0.8604101	0.409219	0.3874743	0.345681	0.3317254	0.3163607	0.2986858	0.2828213	0.2331344	0.1567385	0.06636898	0.06161321	0.04814794	0.04428646	0.04056312	0.03617648	0.03294507	0.03026419	0.02711473	0.02417782	0.02121929	0.01396031	0.008997701	0.006902427	0.005322032	0.0044321	0.003166112	0.001989087	0.0008338517	1.828918e-05
51	0.9874718	0.8555202	0.4078734	0.3862461	0.345446	0.3314862	0.3161178	0.2984396	0.28257	0.2328849	0.1564953	0.0661265	0.06136532	0.04789694	0.04402897	0.04029861	0.03590481	0.03274076	0.03005564	0.02707841	0.02416761	0.02121134	0.01395689	0.008994938	0.006899966	0.005321393	0.004431674	0.003165895	0.001988935	0.0008337221
52	0.9036824	0.8928842	0.7715561	0.4058975	0.3846191	0.3445513	0.330574	0.3152027	0.2975391	0.2816506	0.2320412	0.1558117	0.06554505	0.06078044	0.04734754	0.04346969	0.03972621	0.03532366	0.03224586	0.0295826	0.02683575	0.02398181	0.02106833	0.01389993	0.00895105	0.006862247	0.005308263	0.004422626	0.003160854	0.001985085
53	0.4128008	0.4087077	0.4106978	0.3847773	0.1575036	0.1553617	0.1369309	0.1360984	0.1349898	0.1323627	0.1315576	0.1041599	0.07306651	0.04890198	0.04730566	0.03626878	0.03310871	0.02959368	0.02557628	0.02345372	0.02187197	0.02003106	0.01808485	0.01591359	0.01150774	0.007465701	0.005605321	0.004216929	0.003416523	0.002251231
54	0.5002295	0.3101246	0.3073589	0.3109584	0.295751	0.09902847	0.09906788	0.09411906	0.09548328	0.09679669	0.09676835	0.09850095	0.0742635	0.05688311	0.04620228	0.04514464	0.03445507	0.03131265	0.0277947	0.02380405	0.02186606	0.02050811	0.01885456	0.01711545	0.01511745	0.01107751	0.00720225	0.00540804	0.004123541	0.003355973
55	0.05419334	0.03202727	0.03116043	0.03174089	0.03207081	0.03093119	0.004851823	0.004876458	0.004797476	0.004882631	0.004827358	0.004581247	0.004669442	0.004373797	0.003052473	0.001988874	0.001963837	0.0002615571	0.0002469456	0.0002448735	0.0002359643	0.0002325678	0.0002303379	0.0002272768	0.0002238899	0.0002166292	0.0001944864	0.0001631169	0.0001475517	5.968602e-05
56	0.0454314	0.02122611	0.007891051	0.006964289	0.007090434	0.006951462	0.006224383	0.003108296	0.003125614	0.003172359	0.003229702	0.003228559	0.003152548	0.003210148	0.003116833	0.002421126	0.001812849	0.001826831	0.0001708217	0.0001623009	0.0001662959	0.0001651483	0.0001651258	0.0001647193	0.0001639901	0.000163009	0.0001603256	0.0001443052	0.0001225385	0.0001097935
57	0.05204736	0.02944398	0.008873249	0.004432133	0.003841604	0.00390799	0.003708059	0.003141726	0.001746906	0.001760025	0.001780676	0.001808291	0.001779975	0.001681855	0.00170862	0.001591892	0.0009012187	0.0002931735	0.0002705866	0.0001633278	0.0001552364	0.0001590889	0.0001580567	0.0001580399	0.0001576242	0.000156907	0.0001559414	0.0001533214	0.0001375374	0.0001159133
58	0.7373987	0.02441922	0.01947752	0.006806084	0.003269381	0.003113203	0.003166226	0.002954713	0.002520988	0.001411184	0.001422787	0.00143927	0.001460469	0.001436973	0.001367411	0.001388658	0.001295709	0.0007286878	0.0002320399	0.000214168	0.0001284752	0.0001291764	0.0001324274	0.0001317268	0.0001315326	0.0001309007	0.0001300115	0.0001288867	0.0001263957	0.0001123395
59	0.2259858	0.106056	0.0145922	0.01206142	0.003704154	0.001441523	0.001336558	0.001360918	0.001380849	0.001182321	0.0007668647	0.0007754586	0.0007875937	0.0008029572	0.0008045196	0.0007889143	0.0008059605	0.0007842425	0.000427141	8.311878e-05	7.493262e-05	4.423327e-05	4.436617e-05	4.550589e-05	4.52347e-05	4.509558e-05	4.478801e-05	4.431897e-05	4.376378e-05	4.271202e-05
60	0.07339731	0.0416599	0.005218644	0.002387801	0.00193219	0.0005446337	0.0001702689	0.0001529662	0.0001557551	0.0001578003	0.0001393573	0.0001028017	0.0001041722	0.0001060431	0.0001082783	0.0001098371	0.0001107692	0.0001133028	0.0001141232	6.552176e-05	7.248454e-06	6.368819e-06	4.295338e-06	4.32883e-06	4.443123e-06	4.464945e-06	4.162821e-06	3.761241e-06	3.280447e-06	2.767799e-06
61	0.04942856	0.03972123	0.03661933	0.001162594	0.0001845068	6.917007e-05	2.492565e-05	9.751836e-06	9.105294e-06	9.254158e-06	9.401158e-06	8.997226e-06	3.939838e-06	3.991505e-06	4.001473e-06	4.086305e-06	4.155542e-06	4.221268e-06	4.315931e-06	4.346432e-06	2.722506e-06	1.379599e-06	1.362556e-06	1.35038e-06	1.384507e-06	1.42247e-06	1.459091e-06	1.264655e-06	1.005962e-06	7.006495e-07
62	0.01979607	0.001459553	0.001083971	0.0006373436	0.0005630581	3.961525e-05	4.18079e-06	9.654198e-07	3.856311e-07	3.573307e-07	3.535379e-07	3.520219e-07	2.479536e-07	1.424534e-07	1.440839e-07	1.31351e-07	1.34126e-07	1.349396e-07	1.358997e-07	1.389698e-07	1.379682e-07	9.003924e-08	4.379901e-08	1.79004e-08	1.39959e-08	1.416148e-08	1.445558e-08	1.461472e-08	1.33848e-08	1.176059e-08
63	0.04885695	0.01672931	0.0006482762	0.0004484304	8.606962e-05	4.247877e-05	3.812261e-05	3.123257e-06	6.38732e-07	2.622686e-07	2.424683e-07	2.365671e-07	2.332362e-07	1.382239e-07	7.245398e-08	7.304759e-08	7.415026e-08	7.570472e-08	7.553552e-08	7.568482e-08	7.737482e-08	7.567431e-08	5.502464e-08	3.664167e-08	1.103161e-08	7.852967e-09	7.890662e-09	8.015837e-09	8.029928e-09	7.627626e-09
64	0.05385595	0.04320382	0.01665198	0.0005840054	0.0004338479	7.800185e-05	3.484804e-05	3.331055e-05	1.166886e-06	2.698647e-07	1.689625e-07	1.59599e-07	1.625445e-07	1.655356e-07	7.301707e-08	3.199315e-08	3.190824e-08	3.220436e-08	3.285999e-08	3.31099e-08	3.25279e-08	3.32454e-08	3.073713e-08	1.83843e-08	1.048677e-08	1.041655e-08	7.589278e-09	7.633693e-09	7.784055e-09	7.80162e-09
65	0.0382161	0.03407966	0.03321314	0.01650203	0.0005444117	0.0003995118	4.457245e-05	1.490197e-06	3.651541e-07	3.335601e-07	1.465623e-07	1.317618e-07	1.260352e-07	1.283692e-07	1.308355e-07	4.285353e-08	1.5577e-08	1.533891e-08	1.54047e-08	1.571568e-08	1.586286e-08	1.561024e-08	1.594503e-08	1.38101e-08	7.773007e-09	6.861221e-09	6.895061e-09	5.589874e-09	5.609671e-09	5.708029e-09
66	0.0403924	0.03254873	0.02884673	0.02804649	0.01163823	0.0005435445	0.0003992128	4.428402e-05	1.207867e-06	1.149168e-07	9.243254e-08	5.993148e-08	4.78951e-08	4.078995e-08	4.148723e-08	4.225358e-08	4.076545e-08	1.450379e-08	1.455511e-08	1.461908e-08	1.491526e-08	1.505504e-08	1.48851e-08	1.520602e-08	1.325169e-08	7.385845e-09	6.600528e-09	6.638588e-09	5.40252e-09	5.433133e-09
67	0.7911799	0.0359992	0.03068654	0.02863634	0.02789636	0.01148989	0.0004024905	0.0003982293	4.342999e-05	3.805534e-07	6.112586e-08	5.120728e-08	2.955197e-08	2.168862e-08	1.461564e-08	1.485839e-08	1.51255e-08	1.380728e-08	4.520999e-09	4.43458e-09	4.418767e-09	4.504552e-09	4.495805e-09	4.196697e-09	4.284651e-09	3.822566e-09	2.882209e-09	2.291541e-09	2.28002e-09	2.008517e-09
68	0.5703569	0.5144652	0.008099243	0.003311738	0.001291787	0.001284479	0.0004264544	0.0004023249	0.0003981999	4.340276e-05	3.535943e-07	4.576545e-08	3.765412e-08	2.066938e-08	1.415131e-08	1.400101e-08	1.42328e-08	1.448833e-08	1.31914e-08	4.216472e-09	4.129113e-09	4.109173e-09	4.188477e-09	4.174972e-09	4.048244e-09	4.13309e-09	3.680776e-09	2.760968e-09	2.195453e-09	2.182732e-09
69	0.9492991	0.5696578	0.5137679	0.008061618	0.0032778	0.001258198	0.001253658	0.0004068567	0.0004023207	0.0003981994	4.340241e-05	3.532644e-07	4.566595e-08	3.757556e-08	2.061898e-08	1.411273e-08	1.396425e-08	1.420791e-08	1.446526e-08	1.316976e-08	4.203375e-09	4.116191e-09	4.096063e-09	4.17528e-09	4.162244e-09	4.041481e-09	4.127525e-09	3.676829e-09	2.75798e-09	2.19305e-09
70	0.9685395	0.9333343	0.5649666	0.5132389	0.007701398	0.002919008	0.0009034545	0.000898915	5.211404e-05	4.757861e-05	4.345755e-05	4.34024e-05	3.532557e-07	4.566245e-08	3.757288e-08	2.061801e-08	1.411231e-08	1.396384e-08	1.42075e-08	1.446484e-08	1.316935e-08	4.203199e-09	4.116023e-09	4.095893e-09	4.175107e-09	4.162068e-09	4.041303e-09	4.127342e-09	3.676655e-09	2.75786e-09
71	0.9419284	0.9418868	0.9081717	0.5406459	0.4896244	0.001130049	0.0009386144	0.0008557348	0.0008517996	5.066644e-06	2.346317e-06	3.354376e-07	2.985244e-07	2.884743e-07	3.825312e-08	3.160177e-08	1.538674e-08	9.614286e-09	9.46112e-09	9.631344e-09	9.803192e-09	8.498412e-09	3.062868e-09	2.964536e-09	2.969822e-09	3.026786e-09	2.998225e-09	2.855082e-09	2.916964e-09	2.57343e-09
72	0.7630322	0.7607008	0.7606633	0.7558239	0.5394585	0.4884451	0.001046299	0.0008693049	0.0008548522	0.0008511071	4.394843e-06	1.882504e-06	1.671056e-07	1.326457e-07	1.269847e-07	3.579781e-08	2.964636e-08	1.35944e-08	7.921847e-09	7.761033e-09	7.899568e-09	8.037939e-09	6.733577e-09	2.564906e-09	2.575937e-09	2.587272e-09	2.636081e-09	2.599726e-09	2.454304e-09	2.507364e-09
73	0.764648	0.7534678	0.7533873	0.7533689	0.7521392	0.5360743	0.4871159	0.0001777289	5.111647e-06	3.488365e-06	3.116414e-06	3.053795e-06	1.190739e-06	4.611561e-08	1.891903e-08	1.463039e-08	6.720036e-09	5.671157e-09	3.544388e-09	2.923772e-09	2.917114e-09	2.967502e-09	3.022556e-09	2.474904e-09	6.200425e-10	6.249657e-10	6.192328e-10	6.320285e-10	6.422505e-10	6.527867e-10
74	0.874154	0.7053528	0.7039635	0.7039074	0.7038892	0.7030791	0.4870493	0.4870387	0.0001765332	4.044804e-06	2.514201e-06	2.159798e-06	2.110863e-06	1.182426e-06	4.390373e-08	1.682947e-08	1.25613e-08	5.567234e-09	4.622854e-09	2.849033e-09	2.32754e-09	2.317781e-09	2.35673e-09	2.400126e-09	2.412698e-09	5.82172e-10	5.883083e-10	5.820456e-10	5.941693e-10	6.043987e-10
75	0.6555834	0.6273811	0.4860633	0.4847862	0.4847644	0.4847627	0.4847128	0.4846978	0.4846876	0.0001725968	1.177747e-06	3.128744e-07	6.48604e-08	3.099659e-08	1.992689e-08	7.025074e-09	6.588995e-09	4.259866e-09	2.608658e-09	2.204753e-09	6.151972e-10	1.923775e-10	1.730145e-10	1.761684e-10	1.779511e-10	1.586523e-10	1.166022e-10	1.181939e-10	1.187277e-10	1.2126e-10
76	0.04163025	0.01480025	0.006790411	0.0003327722	0.0002571085	0.0002358899	0.0002343035	0.0002081079	0.0002001909	0.0001899362	0.0001721131	1.145716e-06	2.920459e-07	4.555e-08	1.19259e-08	8.438066e-09	4.486946e-09	4.183981e-09	4.135054e-09	2.57399e-09	2.176505e-09	5.927603e-10	1.724849e-10	1.530931e-10	1.559169e-10	1.573197e-10	1.378549e-10	1.113414e-10	1.128698e-10	1.140643e-10
77	0.04875826	0.01575831	0.01279128	0.004949032	0.0001213821	6.824613e-05	5.806281e-05	5.647796e-05	3.100138e-05	2.408572e-05	1.383111e-05	1.320665e-06	1.144821e-06	2.91523e-07	4.50468e-08	1.142585e-08	8.000013e-09	4.463512e-09	4.161197e-09	4.121954e-09	2.571999e-09	2.174656e-09	5.912882e-10	1.711209e-10	1.517117e-10	1.545093e-10	1.55885e-10	1.363983e-10	1.102756e-10	1.117824e-10
78	0.09835579	0.02574672	0.01572264	0.01276698	0.004924866	9.940154e-05	6.703705e-05	5.68709e-05	5.528605e-05	3.031501e-05	2.33994e-05	1.314479e-05	6.34454e-07	4.586108e-07	2.915221e-07	4.5046e-08	1.142506e-08	7.999444e-09	4.463351e-09	4.16119e-09	4.121948e-09	2.571998e-09	2.174655e-09	5.912873e-10	1.711199e-10	1.517107e-10	1.545084e-10	1.55884e-10	1.363973e-10	1.102754e-10
79	0.07826036	0.07420705	0.02184751	0.01408598	0.01153903	0.004785459	9.30891e-05	6.430617e-05	5.474724e-05	5.468346e-05	3.017508e-05	2.327951e-05	1.302591e-05	5.822473e-07	4.065247e-07	2.404174e-07	4.49316e-08	1.136164e-08	7.956294e-09	4.439836e-09	4.137984e-09	4.098758e-09	2.549821e-09	2.158598e-09	5.902605e-10	1.703862e-10	1.509712e-10	1.537732e-10	1.556899e-10	1.36201e-10
80	0.07037112	0.06194146	0.06192327	0.01502289	0.01384666	0.01141345	0.004771922	8.462363e-05	6.194126e-05	5.450085e-05	5.443717e-05	2.993992e-05	2.30458e-05	1.281358e-05	3.760067e-07	2.004707e-07	3.439104e-08	1.358713e-08	1.133813e-08	7.943051e-09	4.429957e-09	4.128128e-09	4.088914e-09	2.540077e-09	2.151593e-09	5.876034e-10	1.702452e-10	1.508743e-10	1.536744e-10	1.555891e-10
81	0.005674363	0.00352401	0.003457666	0.003455627	0.001644574	0.001577362	0.001319588	0.0005550252	9.678232e-06	7.077122e-06	6.218375e-06	6.200722e-06	3.061551e-06	2.195841e-06	2.1933e-06	4.715175e-08	2.584217e-08	5.191513e-09	2.611452e-09	2.379687e-09	1.579817e-09	5.267071e-10	4.889277e-10	4.829577e-10	2.854644e-10	2.41472e-10	6.731228e-11	2.075429e-11	1.861095e-11	1.896142e-11
82	0.04993415	0.0008119927	0.0004232523	0.0004072116	0.0004065666	0.0002304782	0.0002126015	0.0001772849	7.642453e-05	1.498417e-06	1.135387e-06	1.016777e-06	1.011101e-06	3.99789e-07	2.585703e-07	2.581404e-07	9.139554e-09	5.428682e-09	1.293343e-09	7.886736e-10	7.215269e-10	5.050609e-10	8.300718e-11	7.764769e-11	7.671237e-11	3.185947e-11	2.663727e-11	8.310089e-12	3.337111e-12	3.11577e-12
83	0.1395862	0.004565161	0.0002775328	0.0002323725	0.0002210194	0.0002208419	9.271502e-05	7.735449e-05	6.372808e-05	2.990466e-05	8.028144e-07	6.575568e-07	6.109451e-07	6.057078e-07	2.19421e-07	1.439764e-07	1.437438e-07	4.364157e-09	3.336854e-09	7.924521e-10	4.861831e-10	4.337781e-10	2.420122e-10	4.156553e-11	3.912859e-11	3.872646e-11	8.687601e-12	7.074557e-12	2.928434e-12	1.747019e-12
84	0.9110845	0.09494203	0.003773064	0.0002373416	0.0001989168	0.0001879094	0.0001877698	6.829095e-05	5.33202e-05	4.390484e-05	2.067663e-05	5.120166e-07	4.105349e-07	3.782431e-07	3.739121e-07	1.619924e-07	1.048156e-07	1.046373e-07	3.199577e-09	2.475645e-09	6.200124e-10	3.967043e-10	3.559322e-10	1.96573e-10	2.901312e-11	2.730713e-11	2.70099e-11	5.720166e-12	4.638864e-12	1.995925e-12
85	0.0380553	0.03623336	0.006397929	0.0006560336	9.457865e-05	8.661523e-05	8.222977e-05	8.215753e-05	3.223075e-05	1.834647e-05	1.505362e-05	7.028523e-06	1.565229e-07	1.199247e-07	1.088888e-07	1.082353e-07	4.42731e-08	3.026727e-08	3.018954e-08	1.149942e-09	9.078596e-10	1.539816e-10	7.647976e-11	5.854812e-11	3.47069e-11	1.007671e-11	9.594426e-12	9.504367e-12	2.234539e-12	1.83202e-12
86	0.09917935	0.01847006	0.01685007	0.002277249	0.000127247	5.23388e-05	4.903812e-05	4.481112e-05	4.478969e-05	2.613271e-06	2.113265e-06	1.72695e-06	8.085146e-07	1.89749e-08	1.279062e-08	1.153148e-08	1.149508e-08	4.842095e-09	3.39735e-09	3.38019e-09	3.350142e-10	2.975371e-10	2.723747e-11	5.437799e-12	4.852272e-12	3.351659e-12	1.342088e-12	1.288776e-12	1.271607e-12	2.771814e-13
87	0.1238253	0.09351156	0.01655226	0.01492292	0.001924555	8.8808e-05	5.022967e-05	4.733562e-05	4.304916e-05	4.302912e-05	6.547093e-07	2.146035e-07	1.727184e-07	9.240925e-08	4.963503e-09	2.113887e-09	1.976773e-09	1.958801e-09	9.942773e-10	7.649257e-10	7.641858e-10	2.838757e-10	2.678965e-10	2.157005e-11	2.872413e-12	2.599839e-12	1.918212e-12	7.490257e-13	7.388341e-13	7.285881e-13
88	0.5815622	0.01874777	0.005925389	0.004255318	0.004243759	9.931481e-05	4.592663e-05	4.456931e-05	4.271423e-05	4.270444e-05	4.26866e-05	4.308424e-07	2.897846e-08	2.351089e-08	1.019698e-08	3.513211e-10	1.908542e-10	1.731125e-10	1.726141e-10	8.178483e-11	6.30855e-11	6.298981e-11	1.937868e-11	1.90566e-11	1.868008e-11	2.661368e-13	8.959796e-14	5.888792e-14	1.810916e-14	1.741521e-14
89	0.08697222	0.05228398	0.003521128	0.003039657	0.003026778	0.003026315	2.199846e-05	2.976346e-06	2.369912e-06	4.785981e-07	4.68986e-07	4.537654e-07	4.127919e-07	1.745069e-08	1.396539e-08	5.890469e-09	1.923362e-10	1.050921e-10	9.453056e-11	9.419712e-11	3.921055e-11	2.799804e-11	2.792923e-11	6.394445e-13	4.53994e-13	2.551336e-13	2.276328e-13	5.381341e-14	3.268856e-14	4.75441e-15
90	0.1961857	0.04936615	0.02757803	0.001057257	0.0008104464	0.0008045601	0.0008045146	1.671171e-05	2.469018e-06	2.156612e-06	2.251846e-07	2.157114e-07	2.156147e-07	2.039757e-07	1.265815e-08	9.892864e-09	4.180934e-09	8.06513e-11	5.787421e-11	5.0507e-11	5.041916e-11	2.224282e-11	1.555491e-11	1.549874e-11	2.614859e-13	1.405e-13	3.179721e-14	1.755762e-14	1.503246e-14	8.957426e-15
91	0.4759778	0.1877051	0.04865931	0.02656528	0.001059257	0.0008154739	0.0008129647	0.0008129211	7.680561e-06	2.508546e-06	2.203358e-06	2.272458e-07	2.182885e-07	2.182077e-07	2.071486e-07	1.149894e-08	9.609374e-09	4.092097e-09	7.428355e-11	5.423806e-11	4.783281e-11	4.774687e-11	2.12629e-11	1.479262e-11	1.477483e-11	2.520088e-13	1.355805e-13	3.023124e-14	1.64143e-14	1.390405e-14
92	0.4748153	0.3761897	0.1574311	0.04374904	0.02118415	0.001019296	0.000831881	0.0008296778	0.0008296391	5.657705e-06	5.239053e-07	2.90352e-07	2.300816e-07	2.211681e-07	2.210868e-07	2.101611e-07	9.874745e-09	8.098993e-09	3.581704e-09	5.901922e-11	4.214555e-11	3.68315e-11	3.674636e-11	1.553895e-11	1.005369e-11	1.003815e-11	2.269474e-13	1.280744e-13	2.867253e-14	1.582755e-14
93	0.9948221	0.4619789	0.3662992	0.154914	0.0432887	0.02017372	0.001033241	0.0008516184	0.0008495744	0.0008495381	5.687518e-06	5.207776e-07	2.895152e-07	2.279278e-07	2.256115e-07	2.255288e-07	2.145423e-07	9.385147e-09	7.689154e-09	3.405451e-09	5.66996e-11	4.064477e-11	3.560853e-11	3.552137e-11	1.496975e-11	9.707232e-12	9.692385e-12	2.135895e-13	1.217864e-13	2.797093e-14
94	0.995246	0.9901917	0.4444509	0.3527537	0.1513518	0.04274039	0.01904785	0.00104774	0.00087232	0.0008704477	0.0008704141	5.714572e-06	5.172689e-07	2.946199e-07	2.316789e-07	2.302299e-07	2.301458e-07	2.191009e-07	8.830186e-09	7.224247e-09	3.203266e-09	5.113922e-11	3.602044e-11	3.129862e-11	3.12116e-11	1.411372e-11	9.179595e-12	9.165572e-12	1.964916e-13	1.126941e-13
95	0.6916807	0.6910406	0.6870628	0.2637824	0.2040758	0.08417639	0.03897352	0.01468111	0.000952837	0.0008930256	0.0008917019	0.0008916775	5.517596e-06	4.703584e-07	2.971433e-07	2.333863e-07	2.322441e-07	2.321598e-07	2.214851e-07	5.876011e-09	4.791842e-09	1.728973e-09	3.186001e-11	2.271924e-11	1.999036e-11	1.99134e-11	8.658398e-12	5.633988e-12	5.624525e-12	1.411999e-13
96	0.6755786	0.6383979	0.6383538	0.6373492	0.2062744	0.1592733	0.06967181	0.03600565	0.01114206	4.964159e-05	6.800484e-06	5.929845e-06	5.912065e-06	4.905953e-06	2.298328e-07	7.196002e-08	6.885621e-09	5.72838e-09	5.643263e-09	4.576036e-09	4.279762e-09	3.510413e-09	1.048212e-09	2.147972e-11	1.656638e-11	1.493316e-11	1.485427e-11	6.336417e-12	4.20548e-12	4.199193e-12
97	0.1722878	0.1458966	0.139976	0.1399342	0.1394491	0.1389285	0.100196	0.032253	0.006806498	0.006805295	1.812504e-05	1.317689e-06	9.326774e-07	9.220835e-07	4.140572e-07	2.178823e-07	7.119e-08	4.630397e-09	3.458639e-09	3.372584e-09	2.749167e-09	2.522186e-09	2.196627e-09	7.056724e-10	1.597274e-11	1.265457e-11	1.154898e-11	1.146851e-11	4.926649e-12	3.281319e-12
98	0.02960002	0.02871822	0.0255961	0.02550923	0.02549492	0.02544884	0.02538612	0.0197507	0.005753283	0.000432524	0.0004324269	1.579098e-06	1.396841e-07	1.122804e-07	1.076339e-07	2.685125e-08	1.114822e-08	1.892718e-09	1.697661e-09	5.263015e-10	4.393233e-10	3.540355e-10	1.568241e-10	1.442555e-10	2.956026e-11	2.2831e-12	2.118335e-12	2.067455e-12	2.06212e-12	7.493035e-13
99	0.01872982	0.0104977	0.01031578	0.007755873	0.007710113	0.007695523	0.007657926	0.007596347	0.005976241	0.001743618	0.0001275754	0.0001274841	3.936993e-07	1.117507e-07	9.262465e-08	8.798353e-08	1.797519e-08	5.48049e-09	4.709033e-10	4.36371e-10	4.339227e-10	3.444866e-10	2.680182e-10	6.561676e-11	5.48052e-11	2.427096e-11	8.911081e-13	7.447297e-13	6.998529e-13	6.951586e-13
100	0.90309	0.01637563	0.009032941	0.008871931	0.00626438	0.006228882	0.006228792	0.006197155	0.006143932	0.004831008	0.001412087	0.0001048119	0.0001047237	3.480682e-07	1.06651e-07	8.926973e-08	8.882517e-08	1.777064e-08	5.167285e-09	3.833699e-10	3.497011e-10	3.472532e-10	3.471462e-10	2.69475e-10	6.11707e-11	5.028874e-11	2.477401e-11	7.880745e-13	6.378927e-13	5.91908e-13
101	0.2405741	0.1437569	0.010137	0.004966755	0.004874711	0.003854673	0.003825881	0.003825811	0.003795859	0.003742312	0.002940996	0.0008606888	6.624523e-05	6.616427e-05	2.644619e-07	1.025722e-07	8.676127e-08	8.634044e-08	1.624164e-08	4.430777e-09	3.612813e-10	3.351344e-10	3.334773e-10	3.333766e-10	2.587793e-10	4.440325e-11	3.520017e-11	1.848515e-11	5.549701e-13	4.210642e-13
102	0.4681816	0.1307074	0.1085582	0.007519394	0.003360949	0.003292612	0.002266214	0.002255469	0.002255438	0.002242025	0.002192776	0.001723984	0.0005054042	3.818222e-05	3.813705e-05	1.24805e-07	2.910474e-08	2.058833e-08	2.039985e-08	7.597592e-09	2.076856e-09	8.713652e-11	7.245228e-11	7.116577e-11	7.111981e-11	2.784742e-11	2.632406e-11	2.044531e-11	1.099921e-11	3.081161e-13
103	0.3878144	0.05629916	0.05307637	0.03140431	0.004844603	0.00257269	0.002517715	0.001469225	0.001463422	0.001463399	0.001453864	0.001450353	0.001140245	0.0003356162	2.549706e-05	2.54733e-05	8.792946e-08	2.117403e-08	1.464313e-08	1.450913e-08	5.310054e-09	1.589333e-09	6.46774e-11	5.340352e-11	5.224209e-11	5.220755e-11	1.860808e-11	1.742536e-11	1.360476e-11	7.153259e-12
104	0.2470192	0.2423154	0.04078013	0.0392232	0.02114185	0.003298935	0.001203585	0.001181519	0.001091117	0.001086044	0.001086026	0.001078728	0.001075446	0.000845081	0.0002468391	1.908877e-05	1.906633e-05	6.595394e-08	1.61776e-08	1.116226e-08	1.105971e-08	4.004318e-09	1.184765e-09	5.681678e-11	4.803417e-11	4.694861e-11	4.692138e-11	1.408995e-11	1.301026e-11	1.0064e-11
105	0.3048887	0.2096961	0.2066826	0.03578754	0.03490999	0.01631405	0.001533587	0.001006805	0.0009875754	0.000897254	0.0008948002	0.0008947861	0.0008895278	0.0008881002	0.0006978929	0.0002038474	1.56621e-05	1.565499e-05	5.289441e-08	1.192299e-08	8.2934e-09	8.219501e-09	3.068983e-09	1.04278e-09	5.138773e-11	4.362784e-11	4.256416e-11	4.254277e-11	1.02598e-11	9.518525e-12
106	0.3053769	0.2722981	0.1874737	0.1846616	0.03411342	0.03331515	0.01413984	0.001333634	0.0008798225	0.000862396	0.0007711099	0.0007690866	0.000769076	0.0007655401	0.0007642899	0.0006006699	0.0001754093	1.333678e-05	1.333059e-05	4.315947e-08	8.463441e-09	5.994815e-09	5.945104e-09	2.385158e-09	9.828901e-10	4.794225e-11	4.082232e-11	4.011801e-11	4.01013e-11	8.046731e-12
107	0.2585487	0.2213558	0.1997567	0.1156262	0.1135243	0.01275701	0.01205131	0.0117664	0.001040775	0.0006606441	0.000650369	0.0006416604	0.0006402025	0.0006401971	0.0006391601	0.0006381578	0.0005019972	0.0001461551	1.099348e-05	1.098774e-05	2.886975e-08	3.536895e-09	2.729996e-09	2.715374e-09	1.432146e-09	8.894526e-10	4.279548e-11	3.795699e-11	3.780513e-11	3.779532e-11
108	0.8431197	0.1313124	0.1043727	0.09107721	0.08301134	0.08209739	0.009127738	0.00872465	0.008522138	0.0007769325	0.0004943747	0.0004866545	0.0004803256	0.0004793796	0.0004793748	0.0004786308	0.0004779671	0.0003758757	0.0001092302	7.9463e-06	7.943246e-06	1.978182e-08	2.659156e-09	2.102062e-09	2.091575e-09	1.168032e-09	7.594371e-10	3.064354e-11	2.664369e-11	2.652218e-11
109	0.8478599	0.8296021	0.09013187	0.06511058	0.05603928	0.05333015	0.05277076	0.005860187	0.005599787	0.005470418	0.0004987236	0.0003174526	0.0003124895	0.0003084214	0.000307772	0.0003077676	0.0003072901	0.0003069	0.0002413703	7.013222e-05	5.088861e-06	5.087036e-06	1.265149e-08	1.709218e-09	1.355359e-09	1.348644e-09	7.573645e-10	4.950056e-10	1.762191e-11	1.504045e-11
110	0.8574689	0.8376932	0.8327052	0.06371215	0.03824471	0.03148215	0.03062	0.03031141	0.003318567	0.003202796	0.003129305	0.0002852241	0.0001815592	0.0001787173	0.0001763781	0.000175929	0.0001759249	0.0001756519	0.0001754071	0.0001379624	4.008301e-05	2.90443e-06	2.903336e-06	7.198453e-09	9.663249e-10	7.665514e-10	7.62731e-10	4.27047e-10	2.775092e-10	3.592603e-12
111	0.9705816	0.8788611	0.8622374	0.859168	0.05755478	0.030993	0.02478529	0.02407382	0.02383001	0.002573974	0.002484419	0.002426963	0.0002234239	0.0001422631	0.000140033	0.000138192	0.0001378145	0.0001378104	0.0001375964	0.0001374476	0.0001081111	3.140819e-05	2.273349e-06	2.272643e-06	5.612348e-09	7.413856e-10	5.854956e-10	5.82512e-10	3.347658e-10	2.178527e-10
112	0.1463647	0.1294522	0.0622347	0.05406941	0.05182844	0.05178129	0.02401868	0.01825422	0.01809987	0.01791545	0.001917408	0.001850685	0.001807954	0.0001663606	0.0001059718	0.0001043039	0.0001029195	0.0001027866	0.0001027824	0.000102622	0.000102576	8.068406e-05	2.343862e-05	1.694501e-06	1.694193e-06	4.17738e-09	5.515503e-10	4.358757e-10	4.336526e-10	2.498039e-10
113	0.08462719	0.0784972	0.06789313	0.0243101	0.01898397	0.01741785	0.01739273	0.01738298	0.01205712	0.01201142	0.01188737	0.001252177	0.001207746	0.00117987	0.0001085568	6.916581e-05	6.80711e-05	6.715255e-05	6.706643e-05	6.706621e-05	6.696444e-05	6.694397e-05	5.265822e-05	1.529595e-05	1.104211e-06	1.10402e-06	2.717157e-09	3.590829e-10	2.838957e-10	2.82456e-10
114	0.03960452	0.03575943	0.03358529	0.02885613	0.009114143	0.006624206	0.005982252	0.005970041	0.005965439	0.005407043	0.005384438	0.005330831	0.0005927577	0.000570359	0.0005572291	5.125644e-05	3.263834e-05	3.212984e-05	3.171436e-05	3.167376e-05	3.167366e-05	3.162617e-05	3.161611e-05	2.487746e-05	7.224174e-06	5.189481e-07	5.188575e-07	1.269207e-09	1.683323e-10	1.332929e-10
115	0.0008944856	0.0005405575	0.0004894464	0.0004607295	0.0004000417	0.0001557331	0.0001257729	8.272456e-05	8.209932e-05	8.20395e-05	7.055514e-05	6.948734e-05	6.892954e-05	7.614705e-06	7.343708e-06	7.116043e-06	6.552594e-07	4.185754e-07	4.12121e-07	4.027842e-07	4.02238e-07	4.022366e-07	4.015967e-07	4.014131e-07	3.15935e-07	9.179707e-08	6.616745e-09	6.615257e-09	1.584801e-11	1.65636e-12
116	0.0184018	0.0001633984	0.0001163206	0.0001058146	9.929254e-05	8.542958e-05	2.520091e-05	1.929859e-05	1.779583e-05	1.725162e-05	1.723753e-05	1.600447e-05	1.508535e-05	1.493157e-05	1.674871e-06	1.597826e-06	1.564134e-06	1.411943e-07	8.966998e-08	8.829098e-08	8.714494e-08	8.699863e-08	8.699826e-08	8.682706e-08	8.673059e-08	6.821814e-08	1.983243e-08	1.453089e-09	1.452453e-09	3.616615e-12
117	0.8148438	0.01517295	0.0001326972	9.245189e-05	8.448641e-05	7.924256e-05	6.847398e-05	1.967938e-05	1.517316e-05	1.401812e-05	1.353306e-05	1.352198e-05	1.258696e-05	1.163865e-05	1.150509e-05	1.290669e-06	1.228384e-06	1.202813e-06	1.079834e-07	6.858956e-08	6.753553e-08	6.665412e-08	6.654728e-08	6.654697e-08	6.640387e-08	6.63277e-08	5.215389e-08	1.516881e-08	1.119681e-09	1.119254e-09
118	0.3904181	0.2667802	0.009945909	9.979863e-05	6.970383e-05	6.41265e-05	6.009153e-05	5.205417e-05	1.406079e-05	1.086532e-05	1.004747e-05	9.968001e-06	9.95974e-06	9.255165e-06	8.264904e-06	8.149625e-06	9.097097e-07	8.692484e-07	8.511491e-07	7.560238e-08	4.797003e-08	4.72306e-08	4.66064e-08	4.653101e-08	4.653076e-08	4.641312e-08	4.635383e-08	3.642707e-08	1.060347e-08	7.936762e-10
119	0.8412998	0.2827847	0.1932182	0.006242505	6.894486e-05	4.685522e-05	4.371803e-05	4.09113e-05	3.565444e-05	8.65863e-06	6.807219e-06	6.335302e-06	6.306769e-06	6.301389e-06	5.831185e-06	4.790616e-06	4.693558e-06	5.174805e-07	5.000372e-07	4.896316e-07	4.225976e-08	2.673358e-08	2.631827e-08	2.595901e-08	2.591153e-08	2.591133e-08	2.581924e-08	2.577025e-08	2.02198e-08	5.898813e-09
120	0.09177333	0.04792223	0.04311365	0.03857884	0.002812695	4.888913e-05	3.490544e-05	3.313503e-05	3.095956e-05	2.716493e-05	5.736016e-06	4.603101e-06	4.331174e-06	4.325434e-06	4.321969e-06	3.973272e-06	2.86963e-06	2.779647e-06	2.732843e-07	2.627688e-07	2.56386e-07	2.398086e-08	1.508529e-08	1.48462e-08	1.463138e-08	1.459878e-08	1.459861e-08	1.451847e-08	1.447408e-08	1.132293e-08
121	0.07131631	0.04168028	0.02244572	0.02076739	0.0186976	0.001381624	1.970825e-05	1.681956e-05	1.596057e-05	1.48775e-05	1.299393e-05	2.369085e-06	1.776333e-06	1.631201e-06	1.628915e-06	1.626488e-06	1.453469e-06	1.445746e-06	1.361092e-06	1.339403e-07	1.288102e-07	1.256799e-07	1.159685e-08	7.391212e-09	7.270409e-09	7.165107e-09	7.149519e-09	7.149434e-09	7.109616e-09	7.103035e-09
122	0.007362333	0.005634353	0.003581815	0.00194692	0.001807106	0.00162849	0.0001160792	1.688826e-06	1.441742e-06	1.367431e-06	1.274695e-06	1.112963e-06	1.941593e-07	1.484801e-07	1.375163e-07	1.373169e-07	1.357746e-07	1.19878e-07	1.19206e-07	1.181825e-07	1.161128e-08	1.116514e-08	1.089291e-08	1.004781e-09	6.403152e-10	6.301297e-10	6.209703e-10	6.196197e-10	6.196121e-10	6.161654e-10
123	0.001673729	0.0001348906	9.620319e-05	6.050439e-05	3.353625e-05	3.120826e-05	2.813797e-05	1.917609e-06	2.741616e-08	2.330876e-08	2.213966e-08	2.075967e-08	1.833543e-08	4.805448e-09	4.096351e-09	3.880122e-09	3.875494e-09	2.29479e-09	1.993743e-09	1.97996e-09	1.964358e-09	1.855795e-10	1.767614e-10	1.713751e-10	1.576554e-11	1.009995e-11	9.943226e-12	9.754207e-12	9.733633e-12	9.733275e-12
124	0.04625769	0.0007748979	5.95772e-05	3.72485e-05	2.31371e-05	1.355089e-05	1.269177e-05	1.145728e-05	7.091772e-07	8.084989e-09	6.558323e-09	6.167697e-09	5.768958e-09	5.052405e-09	1.248104e-09	1.017523e-09	9.086078e-10	9.062231e-10	9.05734e-10	7.497584e-10	7.44648e-10	7.382055e-10	6.366176e-11	5.990556e-11	5.724667e-11	5.229662e-12	3.397054e-12	3.344242e-12	3.246122e-12	3.23981e-12
125	0.9889597	0.03996337	0.0004045977	3.525903e-05	2.756249e-05	1.782966e-05	1.030699e-05	9.661059e-06	8.838172e-06	6.269683e-07	6.601528e-09	5.25505e-09	4.917794e-09	4.600925e-09	4.012944e-09	9.525997e-10	7.567068e-10	7.084535e-10	7.060783e-10	7.056591e-10	6.540048e-10	6.49173e-10	6.44856e-10	5.464635e-11	5.104001e-11	4.966677e-11	4.486705e-12	2.912872e-12	2.867951e-12	2.817873e-12
126	0.9100175	0.9070972	0.03243559	0.0003222062	2.867038e-05	2.246932e-05	1.48731e-05	8.834865e-06	8.308272e-06	7.637218e-06	5.401251e-07	5.037874e-09	3.877082e-09	3.602861e-09	3.377505e-09	2.944758e-09	8.010862e-10	6.450563e-10	6.058951e-10	6.038584e-10	6.035212e-10	5.65078e-10	5.607715e-10	5.571676e-10	4.481549e-11	4.153545e-11	4.037522e-11	3.621927e-12	2.370038e-12	2.333555e-12
127	0.3810799	0.3086657	0.3061938	0.02539748	0.0002569514	2.340505e-05	1.847055e-05	1.242248e-05	7.604938e-06	7.181621e-06	6.642433e-06	4.687021e-07	3.605999e-09	2.596808e-09	2.37812e-09	2.238747e-09	1.950272e-09	6.714332e-10	5.510052e-10	5.198595e-10	5.187749e-10	5.185107e-10	4.92173e-10	4.881624e-10	4.851685e-10	3.573423e-11	3.317484e-11	3.219395e-11	2.857407e-12	1.892136e-12
128	0.9607998	0.347333	0.2749957	0.2724481	0.02494513	0.0002549109	2.359213e-05	1.870404e-05	1.271295e-05	7.937059e-06	7.516109e-06	6.980336e-06	4.927242e-07	3.363152e-09	2.30218e-09	2.085401e-09	1.970023e-09	1.716065e-09	6.919449e-10	5.741811e-10	5.433406e-10	5.423828e-10	5.421231e-10	5.179463e-10	5.136523e-10	5.105598e-10	3.481849e-11	3.285862e-11	3.184137e-11	2.811148e-12
129	0.9864347	0.9474265	0.3365512	0.2638337	0.2613123	0.02412366	0.0002549824	2.396976e-05	1.90889e-05	1.311429e-05	8.351109e-06	7.957119e-06	7.476135e-06	5.293366e-07	3.563151e-09	2.424359e-09	2.20759e-09	2.085396e-09	1.82236e-09	7.299299e-10	6.116898e-10	5.816043e-10	5.807367e-10	5.80502e-10	5.549806e-10	5.500817e-10	5.467431e-10	3.183473e-11	2.971605e-11	2.863465e-11
130	0.9901101	0.9773526	0.9384771	0.3295839	0.2559072	0.2543564	0.02397756	0.0002505611	2.481843e-05	1.99293e-05	1.395494e-05	9.192781e-06	8.802783e-06	8.331386e-06	5.893495e-07	3.877434e-09	2.628318e-09	2.41082e-09	2.277255e-09	1.998677e-09	7.923635e-10	6.729583e-10	6.429783e-10	6.42206e-10	6.419773e-10	6.140611e-10	6.131201e-10	6.093889e-10	3.13177e-11	2.894855e-11
131	0.9965297	0.9876988	0.9749824	0.9362036	0.3292549	0.2552046	0.253769	0.02392535	0.0002523075	2.614682e-05	2.131309e-05	1.534921e-05	1.059131e-05	1.02192e-05	9.769678e-06	6.901699e-07	4.434424e-09	2.973804e-09	2.754466e-09	2.604563e-09	2.3008e-09	9.032143e-10	7.818951e-10	7.522704e-10	7.51418e-10	7.511983e-10	7.196085e-10	7.186368e-10	7.147273e-10	3.061322e-11
132	0.9999746	0.9963168	0.9875125	0.9748372	0.9361902	0.331274	0.254191	0.2529829	0.0238586	0.0002565367	2.907709e-05	2.42147e-05	1.821414e-05	1.342828e-05	1.307131e-05	1.265298e-05	8.924412e-07	5.561564e-09	3.67675e-09	3.453786e-09	3.266781e-09	2.910282e-09	1.128172e-09	1.002046e-09	9.726587e-10	9.716448e-10	9.71443e-10	9.319022e-10	9.308675e-10	9.258701e-10
133	0.9997882	0.9997668	0.9956517	0.9869255	0.9743734	0.9361209	0.3372905	0.2511074	0.2506726	0.0236565	0.000269143	3.787765e-05	3.292757e-05	2.681475e-05	2.194325e-05	2.163096e-05	2.13047e-05	1.499572e-06	8.959858e-09	5.802285e-09	5.56733e-09	5.268407e-09	4.752748e-09	1.810562e-09	1.663308e-09	1.634542e-09	1.633113e-09	1.632965e-09	1.56904e-09	1.567879e-09
