#unpaired probabilities
 #i$	l=1	2	3	4	5	6	7	8	9	10	11	12	13	14	15	16	17	18	19	20	21	22	23	24	25	26	27	28	29	30	
1	0.8714992	NA	NA	NA	NA	NA	NA	NA	NA	NA	NA	NA	NA	NA	NA	NA	NA	NA	NA	NA	NA	NA	NA	NA	NA	NA	NA	NA	NA	NA
2	0.9263187	0.8611558	NA	NA	NA	NA	NA	NA	NA	NA	NA	NA	NA	NA	NA	NA	NA	NA	NA	NA	NA	NA	NA	NA	NA	NA	NA	NA	NA	NA
3	0.9470165	0.8963325	0.8332643	NA	NA	NA	NA	NA	NA	NA	NA	NA	NA	NA	NA	NA	NA	NA	NA	NA	NA	NA	NA	NA	NA	NA	NA	NA	NA	NA
4	0.9706002	0.9441607	0.8938473	0.8309599	NA	NA	NA	NA	NA	NA	NA	NA	NA	NA	NA	NA	NA	NA	NA	NA	NA	NA	NA	NA	NA	NA	NA	NA	NA	NA
5	0.9977583	0.9694015	0.9434932	0.8933917	0.8305336	NA	NA	NA	NA	NA	NA	NA	NA	NA	NA	NA	NA	NA	NA	NA	NA	NA	NA	NA	NA	NA	NA	NA	NA	NA
6	0.9987131	0.9969817	0.9687212	0.9428269	0.8928424	0.830015	NA	NA	NA	NA	NA	NA	NA	NA	NA	NA	NA	NA	NA	NA	NA	NA	NA	NA	NA	NA	NA	NA	NA	NA
7	0.2062405	0.2052415	0.2032506	0.1814056	0.1669938	0.158967	0.1472589	NA	NA	NA	NA	NA	NA	NA	NA	NA	NA	NA	NA	NA	NA	NA	NA	NA	NA	NA	NA	NA	NA	NA
8	0.2595919	0.171339	0.1699396	0.1679842	0.1548122	0.1510798	0.1447455	0.1354302	NA	NA	NA	NA	NA	NA	NA	NA	NA	NA	NA	NA	NA	NA	NA	NA	NA	NA	NA	NA	NA	NA
9	0.4611339	0.2226154	0.1467238	0.1451066	0.1428134	0.1294408	0.1256973	0.118771	0.1108249	NA	NA	NA	NA	NA	NA	NA	NA	NA	NA	NA	NA	NA	NA	NA	NA	NA	NA	NA	NA	NA
10	0.5087367	0.2602402	0.1828838	0.1199349	0.1181528	0.1157056	0.1022134	0.09838687	0.09110116	0.08467254	NA	NA	NA	NA	NA	NA	NA	NA	NA	NA	NA	NA	NA	NA	NA	NA	NA	NA	NA	NA
11	0.7309437	0.408004	0.2555718	0.1796621	0.1172324	0.1152413	0.1124993	0.09845243	0.09368433	0.09050678	0.08414017	NA	NA	NA	NA	NA	NA	NA	NA	NA	NA	NA	NA	NA	NA	NA	NA	NA	NA	NA
12	0.4463257	0.4084714	0.2753161	0.1649874	0.1135769	0.07307442	0.07137769	0.0690111	0.06690033	0.06501533	0.06355213	0.05931964	NA	NA	NA	NA	NA	NA	NA	NA	NA	NA	NA	NA	NA	NA	NA	NA	NA	NA
13	0.2329132	0.1130613	0.1094256	0.08652216	0.06849264	0.04652322	0.03301102	0.03352004	0.03418919	0.03461804	0.03498603	0.03617435	0.03439011	NA	NA	NA	NA	NA	NA	NA	NA	NA	NA	NA	NA	NA	NA	NA	NA	NA
14	0.3287598	0.1409105	0.05371482	0.05260817	0.0343299	0.02286677	0.01239956	0.008723742	0.008832875	0.008987563	0.008986156	0.008980947	0.009219958	0.00874622	NA	NA	NA	NA	NA	NA	NA	NA	NA	NA	NA	NA	NA	NA	NA	NA
15	0.4527943	0.3078014	0.128363	0.04269922	0.04218933	0.0246306	0.01446211	0.00624745	0.00438662	0.00443966	0.004522288	0.004458114	0.004402726	0.004498276	0.004260951	NA	NA	NA	NA	NA	NA	NA	NA	NA	NA	NA	NA	NA	NA	NA
16	0.6008556	0.4522855	0.307727	0.1283187	0.04265984	0.04215163	0.02459532	0.01443925	0.006231395	0.004375051	0.004427835	0.004510107	0.004445595	0.004389911	0.004485933	0.004249215	NA	NA	NA	NA	NA	NA	NA	NA	NA	NA	NA	NA	NA	NA
17	0.5434526	0.5103308	0.359997	0.2111315	0.1220287	0.03818518	0.03739358	0.01949479	0.008924247	0.006086181	0.004276661	0.00432944	0.004410189	0.004345189	0.004289572	0.004385045	0.004154117	NA	NA	NA	NA	NA	NA	NA	NA	NA	NA	NA	NA	NA
18	0.8209057	0.4375173	0.4082859	0.2706364	0.1266337	0.1149101	0.03308905	0.03250603	0.01484573	0.004757136	0.003252293	0.002251881	0.002268095	0.00230065	0.002196978	0.002107152	0.002118598	0.001996484	NA	NA	NA	NA	NA	NA	NA	NA	NA	NA	NA	NA
19	0.8705292	0.7279104	0.3403856	0.3051626	0.1611674	0.1265811	0.1148819	0.03306604	0.03248572	0.01482864	0.004742793	0.003241681	0.002244409	0.002260525	0.002292935	0.002189124	0.00209917	0.002110684	0.001988968	NA	NA	NA	NA	NA	NA	NA	NA	NA	NA	NA
20	0.5769171	0.5749479	0.4909864	0.2046325	0.1843152	0.05676026	0.0356833	0.02801525	0.02764437	0.02812563	0.01172169	0.002607212	0.001807508	0.001301294	0.00133144	0.001373707	0.001271305	0.001187493	0.001198213	0.001130401	NA	NA	NA	NA	NA	NA	NA	NA	NA	NA
21	0.1198554	0.08518786	0.07544373	0.05401609	0.03920061	0.03168579	0.01741764	0.01134533	0.008943426	0.008840474	0.009097069	0.00938942	0.001095278	0.0007231706	0.0005151582	0.0005263899	0.0005434929	0.0005583725	0.0004680684	0.0004617193	0.0004318799	NA	NA	NA	NA	NA	NA	NA	NA	NA
22	0.1016762	0.06568146	0.05043195	0.0414232	0.0313264	0.02259023	0.01661867	0.008659126	0.004159837	0.002205659	0.001808611	0.001599808	0.00135539	0.0008559399	0.000536327	0.0003676944	0.0003705298	0.0003745361	0.0003727216	0.0003641211	0.0003550313	0.0003310011	NA	NA	NA	NA	NA	NA	NA	NA
23	0.1891153	0.10028	0.06484699	0.0497691	0.04078188	0.03088727	0.02227174	0.01633247	0.008507157	0.004041256	0.002099855	0.001701695	0.001486515	0.001234382	0.0007249224	0.0005322534	0.0003646857	0.0003674223	0.0003712512	0.0003692087	0.0003602554	0.0003524879	0.0003285938	NA	NA	NA	NA	NA	NA	NA
24	0.2157476	0.1772095	0.09755648	0.06240979	0.04738203	0.03829795	0.02851852	0.02178909	0.01584931	0.008462595	0.004018013	0.002085981	0.001689652	0.001475321	0.001225786	0.0007209689	0.0005286421	0.0003615011	0.0003638672	0.0003671657	0.0003645953	0.000359125	0.0003512915	0.0003275633	NA	NA	NA	NA	NA	NA
25	0.9929614	0.2156676	0.1771409	0.09754236	0.06240749	0.04737992	0.0382959	0.02851654	0.02178818	0.01584851	0.008461985	0.004017902	0.002085928	0.001689612	0.001475289	0.001225763	0.0007209529	0.0005286302	0.0003614924	0.0003638583	0.0003671563	0.0003645852	0.0003591139	0.0003512848	0.0003275569	NA	NA	NA	NA	NA
26	0.6480578	0.6635608	0.07128632	0.06196681	0.02236237	0.01485984	0.01150422	0.009160954	0.007076345	0.00551091	0.00418034	0.002006336	0.0009500368	0.0004873632	0.0003902426	0.0003367945	0.0002738314	0.0001633951	0.0001178172	8.030563e-05	8.065716e-05	8.147369e-05	8.111076e-05	8.006978e-05	7.880813e-05	7.36654e-05	NA	NA	NA	NA
27	0.589082	0.5938352	0.6121919	0.04883003	0.04396775	0.01073922	0.007270345	0.005777909	0.004809516	0.003878408	0.003085027	0.002442673	0.001044178	0.000492181	0.0002482909	0.000195672	0.0001661445	0.0001316657	7.992172e-05	5.658682e-05	3.83998e-05	3.848731e-05	3.89452e-05	3.892425e-05	3.854472e-05	3.824383e-05	3.587479e-05	NA	NA	NA
28	0.5513998	0.5545228	0.5682236	0.5877456	0.03809193	0.0353754	0.005566484	0.003909835	0.003242845	0.002812106	0.002409077	0.001966624	0.001639234	0.0005979966	0.0002796171	0.0001373156	0.0001054394	8.713139e-05	6.560728e-05	4.137953e-05	2.836869e-05	1.920918e-05	1.92018e-05	1.953027e-05	1.966113e-05	1.958477e-05	1.971456e-05	1.860127e-05	NA	NA
29	0.0835812	0.06005861	0.05090613	0.04771031	0.04697639	0.03524258	0.03320419	0.004268098	0.003080634	0.002618318	0.002303073	0.002031318	0.00167831	0.001431408	0.0004810139	0.0002230142	0.0001073606	8.10917e-05	6.560391e-05	4.733997e-05	2.992155e-05	2.065898e-05	1.416144e-05	1.421016e-05	1.450995e-05	1.468796e-05	1.470739e-05	1.493325e-05	1.413887e-05	NA
30	0.1070168	0.07118763	0.0515732	0.0435906	0.04086331	0.0413543	0.033105	0.03255394	0.003815241	0.00275079	0.002345823	0.00214733	0.00191554	0.001595428	0.001373486	0.000448229	0.000207113	9.883772e-05	7.405248e-05	5.934094e-05	4.197397e-05	2.654332e-05	1.83813e-05	1.261982e-05	1.267036e-05	1.295817e-05	1.314444e-05	1.318572e-05	1.342715e-05	1.272861e-05
31	0.2022054	0.0950579	0.06537895	0.04767335	0.04060753	0.03821134	0.03869841	0.03149986	0.03099475	0.003575875	0.002598405	0.002231337	0.002053694	0.001845612	0.001541937	0.001334699	0.0004260559	0.0001961304	9.309626e-05	6.932357e-05	5.512161e-05	3.834073e-05	2.417947e-05	1.684038e-05	1.166826e-05	1.175472e-05	1.203622e-05	1.222953e-05	1.228644e-05	1.254229e-05
32	0.332141	0.2008903	0.09481735	0.0651512	0.04755598	0.04060244	0.03820722	0.03869439	0.03149808	0.03099324	0.00357472	0.002597964	0.002230994	0.002053404	0.001845382	0.001541748	0.001334546	0.0004259437	0.000196102	9.308098e-05	6.931092e-05	5.511033e-05	3.833104e-05	2.417314e-05	1.683602e-05	1.166535e-05	1.175181e-05	1.203321e-05	1.22264e-05	1.228312e-05
33	0.9360227	0.2663006	0.1903921	0.09451248	0.06486567	0.04746497	0.04055467	0.0381582	0.03864356	0.03146587	0.03095991	0.003541208	0.002597705	0.002230795	0.00205323	0.001845238	0.001541624	0.001334439	0.0004258554	0.0001960656	9.305158e-05	6.928128e-05	5.507929e-05	3.829829e-05	2.413901e-05	1.679919e-05	1.162432e-05	1.170421e-05	1.197632e-05	1.215561e-05
34	0.7273246	0.712693	0.2352378	0.1678923	0.08727541	0.06211618	0.04564602	0.03903333	0.03674241	0.03720966	0.03024555	0.03036612	0.002979376	0.002046553	0.001672447	0.001475611	0.001247572	0.0009252827	0.0006868139	0.0004166822	0.0001915528	9.058553e-05	6.722237e-05	5.322919e-05	3.672306e-05	2.320143e-05	1.616173e-05	1.120127e-05	1.128332e-05	1.153971e-05
35	0.9474665	0.7258681	0.7112	0.2348781	0.1675913	0.08721662	0.0620643	0.04563193	0.03902614	0.03673582	0.03720301	0.0302401	0.03036068	0.002975044	0.002042553	0.001668336	0.001471337	0.001243118	0.0009206069	0.0006818818	0.0004114596	0.0001915317	9.057423e-05	6.721306e-05	5.322091e-05	3.671598e-05	2.319691e-05	1.615873e-05	1.119939e-05	1.12815e-05
36	0.2859711	0.2914744	0.24253	0.2451214	0.04316555	0.03250104	0.006649283	0.004194613	0.002840413	0.002313562	0.002114897	0.002122259	0.0005603481	0.0004915714	0.0003633481	0.0002341519	0.0002060237	0.0001967942	0.0001859802	6.503695e-05	4.843819e-05	2.980866e-05	1.472352e-05	7.837255e-06	6.342366e-06	5.53124e-06	4.586149e-06	3.447698e-06	1.92219e-06	1.353192e-06
37	0.8519883	0.2148699	0.2194855	0.1733445	0.1765426	0.01466599	0.008377917	0.004349715	0.002836751	0.002040689	0.001748337	0.001648732	0.001668247	0.0003233557	0.0002807957	0.0002129918	0.0001773513	0.0001607058	0.000157691	0.0001540533	3.93348e-05	2.933489e-05	1.81815e-05	8.992953e-06	4.75983e-06	3.834499e-06	3.330859e-06	2.746331e-06	1.935878e-06	1.446649e-06
38	0.04533318	0.01358068	0.01009132	0.01007523	0.009690804	0.00965808	0.002713269	0.001883034	0.001314452	0.0009959019	0.0008860064	0.0008636392	0.0008711967	0.0008981182	3.612824e-05	2.804499e-05	1.648931e-05	1.055709e-05	7.912853e-06	6.907427e-06	5.837884e-06	4.851237e-06	3.536078e-06	2.245657e-06	1.199694e-06	7.114275e-07	6.161029e-07	5.719908e-07	5.229205e-07	4.57831e-07
39	0.04731683	0.01331902	0.00673224	0.003633379	0.00346382	0.003124124	0.003022283	0.002580508	0.001797312	0.00125621	0.0009592818	0.0008638686	0.0008477782	0.0008594292	0.0008878867	3.107809e-05	2.386104e-05	1.354928e-05	8.3941e-06	6.074589e-06	5.290363e-06	4.438966e-06	3.66259e-06	2.803011e-06	1.801971e-06	9.984013e-07	6.214619e-07	5.529325e-07	5.286869e-07	5.003758e-07
40	0.08106529	0.04350381	0.01165525	0.006030821	0.002953859	0.002768434	0.002424808	0.002305132	0.001865479	0.001639688	0.001097506	0.0009548291	0.0008612784	0.0008459907	0.000857983	0.0008864947	3.045402e-05	2.335282e-05	1.319372e-05	8.134957e-06	5.86405e-06	5.101534e-06	4.279507e-06	3.531269e-06	2.699867e-06	1.75069e-06	9.74672e-07	6.103555e-07	5.44789e-07	5.223371e-07
41	0.1897854	0.08096051	0.04345578	0.01165125	0.006028317	0.002951896	0.00276662	0.002423125	0.002303453	0.001863992	0.001638239	0.001096488	0.0009538211	0.0008607208	0.0008459633	0.0008579612	0.0008864738	3.044548e-05	2.334589e-05	1.318914e-05	8.131964e-06	5.861688e-06	5.099498e-06	4.277844e-06	3.529924e-06	2.698853e-06	1.750053e-06	9.744072e-07	6.102254e-07	5.446893e-07
42	0.7012523	0.04775848	0.00660743	0.003414228	0.0009759071	0.0004641865	0.0002547395	0.0002188791	0.000172855	0.000158398	0.0001010299	7.296971e-05	5.279105e-05	2.977161e-05	1.788623e-05	1.293186e-05	1.089327e-05	1.050062e-05	4.672187e-06	2.70939e-06	1.649534e-06	1.082294e-06	8.331416e-07	7.146802e-07	5.812455e-07	4.668499e-07	3.459069e-07	2.088472e-07	1.012169e-07	5.269556e-08
43	0.7654522	0.6883653	0.03875116	0.00384464	0.001955132	0.0005564106	0.0002493802	0.0001412367	0.000131397	0.0001019955	9.320389e-05	5.686072e-05	3.960989e-05	2.770145e-05	1.792043e-05	1.071497e-05	7.836265e-06	6.68353e-06	6.370211e-06	2.195225e-06	1.797815e-06	1.061724e-06	7.037278e-07	5.465425e-07	4.793233e-07	4.042772e-07	3.309887e-07	2.474036e-07	1.527117e-07	7.386552e-08
44	0.7878539	0.7326215	0.6873735	0.03839432	0.003698718	0.001876337	0.0005340218	0.0002387283	0.0001355493	0.0001261411	9.790754e-05	8.94978e-05	5.435193e-05	3.776395e-05	2.632065e-05	1.695219e-05	1.022464e-05	7.463906e-06	6.358128e-06	6.046975e-06	2.078782e-06	1.694363e-06	1.027706e-06	6.830904e-07	5.318842e-07	4.670986e-07	3.947082e-07	3.234087e-07	2.417505e-07	1.492472e-07
45	0.95158	0.786212	0.7323121	0.6872942	0.03836132	0.003684574	0.001868433	0.0005313355	0.0002371931	0.0001343934	0.0001250121	9.684773e-05	8.846502e-05	5.34167e-05	3.688226e-05	2.611586e-05	1.679441e-05	1.015479e-05	7.418607e-06	6.317128e-06	6.005978e-06	2.070887e-06	1.688141e-06	1.02433e-06	6.812952e-07	5.307662e-07	4.661541e-07	3.939329e-07	3.227815e-07	2.412619e-07
46	0.8895519	0.8811261	0.782179	0.7303336	0.6870426	0.03824706	0.003628337	0.001835467	0.0005227981	0.0002333942	0.0001325868	0.0001233567	9.55016e-05	8.724003e-05	5.259787e-05	3.636618e-05	2.574264e-05	1.655699e-05	1.001251e-05	7.309907e-06	6.223103e-06	5.913522e-06	2.046573e-06	1.668677e-06	1.012817e-06	6.740957e-07	5.25505e-07	4.616407e-07	3.901846e-07	3.197898e-07
47	0.896516	0.8537565	0.8466841	0.7630266	0.7173182	0.6854288	0.03720933	0.003204358	0.001616528	0.0004405766	0.0001966076	0.0001082966	0.0001009429	7.657666e-05	7.025524e-05	4.068066e-05	2.770645e-05	1.941174e-05	1.229338e-05	7.292779e-06	5.223378e-06	4.361095e-06	4.061183e-06	1.645352e-06	1.356418e-06	8.544847e-07	5.953361e-07	4.837215e-07	4.265789e-07	3.606277e-07
48	0.236453	0.2208418	0.1892908	0.1737916	0.1327969	0.07731593	0.03801224	0.03608778	0.002621988	0.001300145	0.0003497671	0.00015359	9.05438e-05	8.592115e-05	6.449591e-05	5.931705e-05	3.354217e-05	2.258294e-05	1.569043e-05	9.807489e-06	5.706554e-06	3.942796e-06	3.193319e-06	3.071079e-06	1.41264e-06	1.172453e-06	7.475496e-07	5.284825e-07	4.348513e-07	3.839328e-07
49	0.2163258	0.1939377	0.1787197	0.1494476	0.1344184	0.09768466	0.04433491	0.007709271	0.005269269	0.002361891	0.001158037	0.0003102843	0.0001353039	8.325236e-05	7.909713e-05	5.910154e-05	5.442749e-05	3.039604e-05	2.034964e-05	1.406349e-05	8.729249e-06	5.032569e-06	3.420031e-06	2.729186e-06	2.609431e-06	1.302743e-06	1.083523e-06	6.970648e-07	4.96832e-07	4.116164e-07
50	0.3479712	0.2151394	0.1930726	0.1779015	0.1487537	0.1337464	0.09730111	0.04406679	0.007662889	0.005233946	0.002338659	0.001153776	0.0003086584	0.000134557	8.275173e-05	7.863442e-05	5.870869e-05	5.407603e-05	3.01468e-05	2.016735e-05	1.39324e-05	8.642501e-06	4.982164e-06	3.38093e-06	2.694302e-06	2.574736e-06	1.295124e-06	1.077575e-06	6.940526e-07	4.953195e-07
51	0.1863775	0.1300992	0.0987374	0.08920537	0.0850994	0.07245034	0.06844067	0.05544509	0.01565476	0.002578103	0.001785042	0.0008253034	0.0004487572	0.0001219295	5.418393e-05	2.83494e-05	2.677534e-05	2.077083e-05	1.903892e-05	1.152132e-05	8.07424e-06	5.499979e-06	3.563161e-06	2.187786e-06	1.642769e-06	1.423158e-06	1.402962e-06	4.092826e-07	3.331623e-07	2.124667e-07
52	0.637164	0.07602174	0.0635701	0.04103896	0.03321973	0.0308892	0.02065454	0.01784805	0.0111046	0.007043458	0.001264217	0.0008863779	0.0004317444	0.0002269983	6.117568e-05	2.805771e-05	1.387587e-05	1.313952e-05	1.00883e-05	9.271869e-06	5.390937e-06	3.693071e-06	2.465037e-06	1.539003e-06	8.88434e-07	6.05688e-07	4.845684e-07	4.65832e-07	1.971754e-07	1.60281e-07
53	0.2374247	0.1574649	0.06163456	0.04999552	0.04013047	0.03234724	0.03015975	0.01997809	0.01718754	0.01095529	0.006938733	0.001247195	0.0008745344	0.0004261159	0.0002238043	6.014864e-05	2.757406e-05	1.370013e-05	1.297273e-05	9.955437e-06	9.148653e-06	5.312863e-06	3.645998e-06	2.430497e-06	1.519133e-06	8.766454e-07	5.973111e-07	4.776217e-07	4.590649e-07	1.945964e-07
54	0.7017174	0.2055957	0.134469	0.04844685	0.03806365	0.02941509	0.02318654	0.02205216	0.01330437	0.01156457	0.007185213	0.004352026	0.0007926775	0.0005700777	0.000296054	0.0001636634	4.422151e-05	2.079782e-05	8.656973e-06	8.160819e-06	6.447975e-06	5.906514e-06	3.613384e-06	2.552503e-06	1.672899e-06	1.069778e-06	6.364072e-07	4.554776e-07	3.798344e-07	3.713135e-07
55	0.4582546	0.4395557	0.1517816	0.08841947	0.02994199	0.02215676	0.01479967	0.01433676	0.01380947	0.005992004	0.004835732	0.002533016	0.001685164	0.0003189272	0.0002255824	0.000117555	6.493098e-05	1.801293e-05	8.966792e-06	4.37421e-06	4.123954e-06	3.340903e-06	3.065173e-06	1.887157e-06	1.345453e-06	8.178687e-07	5.087629e-07	2.847431e-07	1.834014e-07	1.386945e-07
56	0.5956492	0.3595568	0.3396657	0.08104613	0.06866881	0.02264832	0.01525334	0.0141747	0.01376008	0.01327107	0.005515402	0.00439752	0.002324061	0.001543752	0.0002926424	0.000206323	0.0001075398	5.938712e-05	1.64806e-05	8.236026e-06	4.120405e-06	3.883665e-06	3.154225e-06	2.893079e-06	1.781414e-06	1.28097e-06	7.716238e-07	4.796745e-07	2.674541e-07	1.71041e-07
57	0.6979487	0.5059219	0.3403933	0.3317998	0.07445498	0.06220837	0.01609061	0.008586289	0.007378596	0.006850162	0.006216086	0.005499374	0.004382905	0.002317029	0.001539229	0.0002917999	0.0002057252	0.0001072309	5.921878e-05	1.643437e-05	8.213453e-06	4.109187e-06	3.87317e-06	3.145909e-06	2.885552e-06	1.776648e-06	1.277631e-06	7.692849e-07	4.781973e-07	2.666159e-07
58	0.525976	0.3804225	0.2788655	0.1779139	0.1678311	0.05932046	0.05162297	0.01262192	0.007591248	0.006454998	0.005939084	0.005313901	0.00461782	0.004153263	0.002189939	0.001450837	0.0002753467	0.0001937107	0.0001009522	5.568991e-05	1.536322e-05	7.640221e-06	3.790852e-06	3.558808e-06	2.858379e-06	2.609806e-06	1.721965e-06	1.240441e-06	7.426784e-07	4.612069e-07
59	0.6039203	0.4885993	0.3456405	0.2539579	0.1676961	0.1577453	0.05759831	0.05049706	0.01226149	0.007262322	0.006194762	0.005691213	0.005076234	0.004397281	0.003943215	0.002114999	0.001399055	0.000265753	0.0001866446	9.72253e-05	5.363546e-05	1.479499e-05	7.368293e-06	3.683034e-06	3.455111e-06	2.772057e-06	2.527821e-06	1.661415e-06	1.21672e-06	7.251854e-07
60	0.6374711	0.399349	0.3306262	0.2969032	0.2378159	0.155634	0.1478004	0.05646441	0.04969388	0.01183785	0.006873543	0.00583884	0.005361318	0.004768407	0.004127387	0.003698907	0.001964964	0.001292863	0.000250127	0.0001758265	9.263444e-05	5.118564e-05	1.405577e-05	7.054533e-06	3.492172e-06	3.27608e-06	2.630407e-06	2.39915e-06	1.581361e-06	1.161684e-06
61	0.6497539	0.4455209	0.357503	0.2971733	0.2646405	0.2082525	0.1344513	0.1262407	0.05517896	0.04840638	0.0118242	0.006863568	0.005830084	0.005355097	0.004762677	0.004122659	0.003694714	0.001962294	0.001291038	0.000249685	0.0001754695	9.238234e-05	5.097591e-05	1.388145e-05	6.883873e-06	3.320316e-06	3.099661e-06	2.449679e-06	2.213291e-06	1.390757e-06
62	0.7187677	0.5112055	0.3920715	0.3101268	0.2510941	0.2189596	0.1858481	0.1270454	0.119081	0.0525257	0.04675551	0.01132767	0.006418061	0.005489555	0.005040416	0.004470142	0.003866126	0.003461726	0.001822507	0.001189157	0.0002334332	0.0001638809	8.693784e-05	4.802974e-05	1.304496e-05	6.527999e-06	3.172468e-06	2.95963e-06	2.342711e-06	2.114845e-06
63	0.6591208	0.6119442	0.4948103	0.3779909	0.2962283	0.2460808	0.2167612	0.1839331	0.1267243	0.1187892	0.05247906	0.04671653	0.01130754	0.006399212	0.005471834	0.005023942	0.004454328	0.003851889	0.003448317	0.001814052	0.001183631	0.0002326746	0.0001633857	8.67183e-05	4.791407e-05	1.300466e-05	6.508645e-06	3.159693e-06	2.947832e-06	2.332803e-06
64	0.710242	0.6365893	0.5895572	0.4873102	0.3713335	0.2896361	0.2406181	0.21191	0.1791698	0.1263751	0.1184701	0.05241666	0.0466614	0.01127031	0.006362826	0.005436102	0.005000705	0.004431486	0.003840045	0.003437182	0.001807104	0.001178732	0.0002319624	0.0001629317	8.650813e-05	4.78011e-05	1.296485e-05	6.487881e-06	3.145938e-06	2.93522e-06
65	0.6817182	0.6376617	0.5636344	0.5268722	0.4487005	0.3424361	0.261933	0.2127586	0.183944	0.1510391	0.09825613	0.08993427	0.02383501	0.01761088	0.01114799	0.006340245	0.005418578	0.004984401	0.004416275	0.003827112	0.003426274	0.00179955	0.001173061	0.0002310291	0.0001623459	8.617864e-05	4.761025e-05	1.290071e-05	6.446001e-06	3.119648e-06
66	0.8980552	0.6450062	0.600929	0.528653	0.4940026	0.429611	0.3343098	0.2539849	0.204899	0.1781632	0.1453695	0.09388187	0.08554098	0.01970318	0.01342389	0.006925877	0.006314899	0.005396754	0.004963428	0.004397159	0.003809546	0.003412989	0.00179098	0.001167025	0.0002301354	0.0001617766	8.590317e-05	4.745862e-05	1.284791e-05	6.416776e-06
67	0.8955773	0.8524514	0.6296715	0.5870546	0.5169851	0.4829527	0.4211664	0.3302291	0.2500196	0.2012053	0.1757926	0.1430894	0.09287446	0.08457793	0.01906018	0.01278237	0.006300563	0.005684991	0.005138115	0.00470069	0.004378394	0.003792303	0.003397272	0.001780916	0.00116028	0.0002291939	0.000161185	8.563659e-05	4.731545e-05	1.279575e-05
68	0.796817	0.7553761	0.7438735	0.5446129	0.5058641	0.4412779	0.409083	0.3525847	0.2646984	0.1857329	0.1656982	0.1440257	0.1129899	0.08401865	0.07648423	0.01746254	0.0115373	0.005599879	0.005046176	0.004555845	0.004214572	0.003936702	0.003447045	0.003121947	0.001606585	0.001077673	0.0002101262	0.0001460532	7.815954e-05	4.331609e-05
69	0.446694	0.4409133	0.4335324	0.4272238	0.3262266	0.3051992	0.2897403	0.2641925	0.2562894	0.2007357	0.1280202	0.1151898	0.1046838	0.07862581	0.0577177	0.05443077	0.01492278	0.009451561	0.004737695	0.00430699	0.003898862	0.003608064	0.00337604	0.002975907	0.002708103	0.001304142	0.0008566131	0.0001651758	0.0001212575	6.378917e-05
70	0.4186737	0.3746295	0.3701897	0.3646976	0.3597214	0.2779421	0.2615241	0.249812	0.23237	0.2270156	0.1753996	0.1093043	0.09873133	0.090197	0.06709531	0.04861909	0.04599572	0.01330539	0.008189077	0.004127142	0.003762099	0.00341311	0.003178662	0.002987125	0.002658955	0.002448891	0.001134949	0.0007611161	0.0001434473	0.0001052478
71	0.6911152	0.2899118	0.2803311	0.2778055	0.2749305	0.2723173	0.1985075	0.1833826	0.1725125	0.1594833	0.1543112	0.1035805	0.09596207	0.08649518	0.07887185	0.05789101	0.04095625	0.03865424	0.01236278	0.007468321	0.003743723	0.00341832	0.003105915	0.002906745	0.002743397	0.002467448	0.00230017	0.001039239	0.0007168951	0.0001324602
72	0.7675794	0.6879592	0.2882706	0.2790299	0.2765568	0.2740145	0.2717241	0.1982802	0.1831697	0.1723127	0.159299	0.1541325	0.1034231	0.0958185	0.08639913	0.07878266	0.05781036	0.04089124	0.03859168	0.01232885	0.007435708	0.003713136	0.003387494	0.003074814	0.002882696	0.002719138	0.002465876	0.002298908	0.001038402	0.000716412
73	0.9314577	0.7051957	0.6386154	0.2840511	0.275067	0.2725644	0.2701185	0.2678792	0.1945726	0.1794363	0.1685405	0.1554846	0.150264	0.09989587	0.09224385	0.08277731	0.0751058	0.05407365	0.03779177	0.03543689	0.009135588	0.007365396	0.003707246	0.003381624	0.003072383	0.002880286	0.002716735	0.002463538	0.002296581	0.001037477
74	0.8837439	0.866595	0.6428436	0.5780463	0.2721071	0.2651902	0.2627568	0.260256	0.2579066	0.1846762	0.1694248	0.1584043	0.1452279	0.1398554	0.09903779	0.09140722	0.08199218	0.07432764	0.05329211	0.03713977	0.0347789	0.008495736	0.006717849	0.003074171	0.002736052	0.002429898	0.002224518	0.002047098	0.001779505	0.001597435
75	0.6369853	0.5810778	0.5758873	0.4864049	0.4426678	0.2141139	0.2093348	0.2076923	0.2061409	0.2048958	0.1412585	0.1286627	0.1199509	0.1107299	0.1063516	0.06966036	0.06378962	0.05563266	0.04895253	0.04117804	0.02671876	0.02487653	0.006736168	0.005364351	0.002311413	0.002040915	0.001798187	0.001654058	0.001532238	0.001346523
76	0.5119777	0.4558465	0.4420055	0.4351687	0.3440197	0.3051839	0.2137996	0.2090273	0.2073849	0.205835	0.2045902	0.140976	0.1283846	0.1196766	0.1104593	0.1060809	0.06955742	0.06369145	0.05553794	0.04886034	0.04109181	0.02665773	0.02481649	0.006706546	0.005339887	0.002298891	0.002028539	0.001795726	0.001651738	0.001530024
77	0.7157511	0.4820043	0.4400046	0.4267644	0.4199737	0.3395909	0.3018003	0.211041	0.2065026	0.2049138	0.2034736	0.2023282	0.1393036	0.1268694	0.1183013	0.1091953	0.104886	0.06857957	0.06281469	0.05478393	0.04817593	0.04050845	0.02617996	0.02437162	0.006606792	0.005264893	0.002256103	0.001989874	0.001761063	0.0016211
78	0.8834812	0.632538	0.4157627	0.3753765	0.3633827	0.3558089	0.2772666	0.2587118	0.1919211	0.1871582	0.1853	0.1835896	0.182165	0.118866	0.1061299	0.09725911	0.08783652	0.08319058	0.0683435	0.0625954	0.05458154	0.04798435	0.04032834	0.02604197	0.0242362	0.006528113	0.005189354	0.002217516	0.001950911	0.001722454
79	0.4012354	0.370012	0.2413964	0.1759122	0.1664011	0.1641084	0.1631183	0.1551709	0.1492068	0.09777212	0.09698076	0.0969472	0.09711944	0.09727407	0.05102912	0.04336509	0.03898016	0.03710508	0.03473251	0.02943084	0.02793859	0.02273499	0.01846898	0.01710444	0.00639948	0.005786482	0.0009322498	0.0008226315	0.000452656	0.0004320911
80	0.4510415	0.3301419	0.3226419	0.1938841	0.1298123	0.1210127	0.1182358	0.116655	0.1083774	0.1048612	0.09631334	0.0955266	0.09548599	0.09565039	0.09579641	0.04959164	0.04192843	0.03754686	0.03567224	0.03328999	0.02925938	0.02778406	0.02259405	0.01833921	0.01699094	0.006302741	0.005693796	0.0009100174	0.000804178	0.0004442502
81	0.4665776	0.3362486	0.2702556	0.2636666	0.180506	0.1210956	0.1127006	0.1098813	0.1081777	0.09974252	0.09610436	0.08743189	0.08656122	0.08638931	0.08643321	0.08646006	0.04803879	0.04117631	0.03714642	0.03532566	0.03293651	0.02905634	0.02760243	0.02281384	0.01849966	0.01714192	0.006272215	0.005652509	0.0008823473	0.0007745503
82	0.8119706	0.4338652	0.3185483	0.254641	0.2484778	0.170792	0.1126439	0.1044695	0.101638	0.0998479	0.09142402	0.08792603	0.07923082	0.07826316	0.07798759	0.07792337	0.07783928	0.04538603	0.0396275	0.0359864	0.03422854	0.03267697	0.02911906	0.02771043	0.02290102	0.01860376	0.01724799	0.006201501	0.005575487	0.0008542003
83	0.8783048	0.7917085	0.414847	0.3040596	0.2411183	0.2352907	0.1585317	0.1058606	0.09767209	0.09485028	0.09300623	0.08457798	0.08104461	0.07249636	0.07145911	0.07124476	0.07110041	0.07093406	0.04356285	0.03857211	0.03534862	0.03365629	0.03221439	0.02892648	0.02755884	0.02272168	0.01870735	0.017358	0.006132266	0.005501884
84	0.9416169	0.8505644	0.7755605	0.3955941	0.2868799	0.2277193	0.2223827	0.1463996	0.09453936	0.08850932	0.08563472	0.08369089	0.07508392	0.07154856	0.06321231	0.06206598	0.06171381	0.06143809	0.06114165	0.03913536	0.03486061	0.03193163	0.03024392	0.02876066	0.02550445	0.02410389	0.02295555	0.01889034	0.01753565	0.006111217
85	0.7563661	0.740184	0.7308078	0.6772434	0.3333383	0.235956	0.1888912	0.185215	0.1179726	0.07263742	0.06776177	0.0656637	0.06441153	0.05874926	0.05616332	0.0490482	0.04833753	0.04819421	0.0480982	0.04799729	0.03146579	0.02824041	0.02596289	0.02481625	0.02432083	0.02168637	0.02077517	0.02005114	0.01705312	0.01599643
86	0.6577345	0.6354463	0.6221026	0.6173144	0.6017824	0.2579279	0.1653282	0.1568925	0.1545552	0.08917138	0.04614351	0.04361336	0.04158558	0.04036452	0.03686898	0.03502401	0.03182461	0.03107586	0.03079473	0.03057047	0.03033583	0.01918783	0.01673405	0.014872	0.0137956	0.01325475	0.01083201	0.009918337	0.009168769	0.006045686
87	0.2774192	0.249993	0.2314899	0.2157626	0.2085736	0.1931913	0.1846179	0.09391534	0.08561536	0.0827262	0.07761541	0.03676566	0.0345421	0.03249249	0.03115859	0.02851444	0.02670492	0.02353403	0.0226639	0.02225441	0.02189848	0.02152604	0.01535199	0.01357476	0.01200912	0.01094518	0.01038275	0.008002579	0.007066747	0.006291715
88	0.1023908	0.0974654	0.09276067	0.08360061	0.07355969	0.07113019	0.06459994	0.06154233	0.03880216	0.03590964	0.03496699	0.03295322	0.01314061	0.01238285	0.0114502	0.01102689	0.01010994	0.009455218	0.007921683	0.007631941	0.007504086	0.007396722	0.007294342	0.005478567	0.005006987	0.004612065	0.004282191	0.004106218	0.002866847	0.002546681
89	0.198036	0.08934298	0.08441738	0.07978877	0.07273091	0.06305145	0.06080882	0.05562659	0.05286474	0.03547096	0.03280748	0.03196836	0.0303544	0.01189073	0.01117016	0.01030719	0.00987537	0.008953365	0.008342209	0.006902023	0.006606288	0.006463829	0.00634198	0.006225315	0.004761517	0.004331352	0.00395087	0.003644482	0.003459581	0.00269255
90	0.6930863	0.1967906	0.08774787	0.0827768	0.07812353	0.07147084	0.06186613	0.05965247	0.05471835	0.05199174	0.03525811	0.0326073	0.03178549	0.03024819	0.01179114	0.01106823	0.01021167	0.009774123	0.00884723	0.008236956	0.00679279	0.006493116	0.006347108	0.006221909	0.006102031	0.004679428	0.004250814	0.003867422	0.003560014	0.003371102
91	0.9566295	0.6575521	0.1903608	0.08030153	0.07522349	0.0704746	0.06398273	0.06139237	0.05920065	0.05440865	0.05173686	0.03527016	0.03262993	0.03182126	0.03033234	0.01177771	0.0110553	0.01020292	0.009763189	0.008831294	0.008221899	0.006773796	0.006472863	0.006332766	0.006206874	0.00608618	0.004645294	0.004210732	0.003821448	0.003511143
92	0.9752698	0.9419423	0.6505245	0.1833924	0.0795254	0.07451785	0.06973222	0.06350734	0.06095751	0.05893826	0.05431928	0.05165265	0.0354088	0.03276341	0.03196336	0.03051368	0.01182685	0.01109979	0.0102482	0.009803568	0.008859638	0.008246688	0.006788066	0.006484046	0.006342072	0.006214704	0.006092737	0.004631915	0.004189978	0.003793645
93	0.8769023	0.8571079	0.8333115	0.5561187	0.1605764	0.07598352	0.07120427	0.06660023	0.06070235	0.05828907	0.05637647	0.05198693	0.04940039	0.03399842	0.0315198	0.03077251	0.02942492	0.01088096	0.01019664	0.009379402	0.008941126	0.00800457	0.007410736	0.006545393	0.006251986	0.00611386	0.005990136	0.005870506	0.004402212	0.003958475
94	0.9230288	0.8706008	0.8515042	0.8276332	0.5509264	0.1582339	0.07356634	0.06874902	0.06408925	0.05898414	0.05654483	0.05462786	0.05044768	0.04782555	0.0338988	0.03139924	0.03065017	0.02930642	0.01092051	0.01023068	0.009407258	0.008964689	0.008018272	0.007418734	0.006550455	0.006254054	0.006114272	0.005989257	0.005868196	0.00440839
95	0.8635831	0.821082	0.7803679	0.7608751	0.7419799	0.4749219	0.1539463	0.06966897	0.06506638	0.06069187	0.05581728	0.0535362	0.05174153	0.04776471	0.04530884	0.03261346	0.03026985	0.02956967	0.02830235	0.01019612	0.009544336	0.008744782	0.008326207	0.007623691	0.007056483	0.006239883	0.00596103	0.005831344	0.005715724	0.005604747
96	0.8384834	0.8023173	0.7735199	0.7393073	0.7258535	0.7086071	0.4464407	0.15273	0.06789849	0.06337888	0.05911347	0.05432771	0.05212845	0.05036945	0.04647925	0.04413799	0.0320298	0.02982779	0.0291486	0.02792734	0.009907252	0.009267462	0.008474031	0.0080617	0.007397494	0.006882324	0.006089119	0.005814476	0.00568728	0.005573888
97	0.8479157	0.8160269	0.7804502	0.751286	0.7169783	0.7032428	0.6858489	0.4256184	0.1366491	0.06759858	0.06303568	0.05875871	0.05395451	0.05174237	0.04996624	0.0460749	0.0437102	0.03193979	0.02980894	0.02913065	0.02791403	0.009868169	0.009230863	0.008429428	0.008011769	0.007343772	0.006827221	0.006053977	0.005774985	0.005645352
98	0.5625409	0.4938509	0.4889669	0.4622215	0.448625	0.4170475	0.403384	0.3897679	0.3230325	0.1148481	0.04909188	0.0455701	0.04260048	0.04025727	0.03891605	0.03775932	0.03546348	0.0337332	0.02648678	0.02502393	0.02464067	0.02399207	0.007512542	0.007059164	0.00649408	0.006201963	0.005704211	0.00533047	0.004792749	0.004610688
99	0.4862276	0.4293139	0.3688103	0.3645049	0.340937	0.3295699	0.3193218	0.3103261	0.3040179	0.2536089	0.09663735	0.03093303	0.02741745	0.02455328	0.02251123	0.02112796	0.01987594	0.01769922	0.01585149	0.01189924	0.0103693	0.009860114	0.009101652	0.006634513	0.006215441	0.005934521	0.00568109	0.005217892	0.004876172	0.004399999
100	0.5243631	0.4674801	0.4126531	0.3528451	0.3486783	0.3259122	0.3155258	0.3056199	0.2966181	0.2905224	0.2456142	0.09614852	0.02987728	0.02640035	0.02362021	0.02165399	0.02030717	0.01908235	0.01697863	0.01516182	0.01140395	0.009909318	0.009411871	0.008676762	0.006409559	0.00602506	0.005752286	0.005503948	0.005049856	0.00472057
101	0.916647	0.4861764	0.4375971	0.3860538	0.3274262	0.3234257	0.3019284	0.2931814	0.283787	0.279909	0.2742291	0.2344859	0.09488693	0.02822291	0.02484694	0.02222121	0.02036417	0.01908754	0.01792398	0.01593352	0.01418076	0.010697	0.009271558	0.008797592	0.008100033	0.006046874	0.005681593	0.005422427	0.005185434	0.004785877
102	0.7689909	0.7202234	0.4765116	0.4280741	0.379226	0.3213495	0.3173082	0.2967737	0.2882074	0.2789962	0.2750798	0.2694463	0.2309261	0.09533335	0.02779749	0.02440142	0.02176904	0.01991072	0.01863671	0.01746398	0.01551058	0.0137476	0.01044612	0.009019882	0.008550444	0.007869401	0.005886622	0.005518841	0.005256612	0.005015098
103	0.7433705	0.7119546	0.6708178	0.4677833	0.4198348	0.374369	0.3172976	0.3131928	0.2937072	0.2854906	0.2764777	0.273184	0.2675792	0.2288003	0.09621447	0.02770906	0.02428165	0.02161997	0.01973832	0.01846126	0.01727219	0.01534915	0.01357122	0.01023766	0.008800816	0.0083337	0.007667256	0.005668567	0.005291759	0.005021605
104	0.7600941	0.7285129	0.6971869	0.6564464	0.45725	0.4096288	0.3677024	0.311593	0.3075357	0.2893086	0.2817775	0.273083	0.2700186	0.2644953	0.2254182	0.0967482	0.02732874	0.0238906	0.02121862	0.01934731	0.01810207	0.01693248	0.01508071	0.01332621	0.00996856	0.00854663	0.008090174	0.007447802	0.005437055	0.00505811
105	0.7789014	0.6149565	0.599483	0.5680972	0.54712	0.3610712	0.345653	0.3069776	0.2517595	0.2468757	0.228982	0.220817	0.2114732	0.2074933	0.2010865	0.1613812	0.03519434	0.02718741	0.02371836	0.02101978	0.01912707	0.01788242	0.01669962	0.01488463	0.01311755	0.009767127	0.008339127	0.007887643	0.007263659	0.005256002
106	0.588374	0.565699	0.5478517	0.538883	0.5075625	0.5009606	0.3475908	0.3327065	0.2974147	0.243184	0.2382802	0.2216072	0.2136631	0.2045633	0.2005523	0.1942287	0.1552771	0.03350354	0.02550204	0.02333619	0.02064161	0.01874743	0.01751076	0.01632232	0.01455662	0.01279703	0.009492508	0.008069005	0.007625569	0.007024139
107	0.5322359	0.486549	0.4703682	0.4604467	0.4540041	0.4530069	0.4493891	0.300896	0.2867452	0.2539658	0.2368938	0.2321927	0.2165003	0.2088203	0.2002566	0.1962406	0.1900434	0.1512841	0.03316041	0.02513778	0.02297078	0.02038313	0.01847583	0.01723826	0.01604274	0.01430406	0.01253175	0.009228291	0.007828127	0.007404335
108	0.7908715	0.5207451	0.4769359	0.46118	0.4542348	0.4484921	0.4475459	0.4443578	0.295562	0.2815052	0.2505139	0.2341909	0.2294682	0.2143599	0.2067161	0.1981956	0.1940973	0.1879003	0.1497455	0.03330277	0.02519213	0.02301664	0.02040589	0.01847184	0.01722326	0.0160121	0.01428203	0.01248528	0.009158518	0.007739797
109	0.9432326	0.7759751	0.5127632	0.4704527	0.4548945	0.4493436	0.44389	0.442961	0.4398938	0.2906453	0.2766729	0.2467373	0.2308843	0.2261143	0.2113118	0.2036428	0.1951029	0.1909086	0.1846824	0.1482362	0.03340809	0.02522921	0.02303602	0.02041756	0.01845949	0.01719859	0.01597475	0.01424341	0.01242109	0.009097578
110	0.9858473	0.9336238	0.7733931	0.5078157	0.4659561	0.4504564	0.4451543	0.4399774	0.4390537	0.4362412	0.286212	0.2723004	0.2429562	0.2273753	0.2225017	0.2078111	0.20006	0.191441	0.1871299	0.1808298	0.1469083	0.03356557	0.02530947	0.02309032	0.02045988	0.0184739	0.01719585	0.01595378	0.01420967	0.01235598
111	0.902202	0.889418	0.8471664	0.7011589	0.4474896	0.409873	0.396372	0.3912241	0.3863814	0.3855281	0.3828471	0.2459722	0.234074	0.207144	0.1929553	0.1895116	0.1770619	0.1708778	0.1635074	0.1595306	0.1536194	0.1253364	0.029924	0.02222641	0.02012403	0.01765611	0.0158465	0.01463215	0.01343936	0.01181642
112	0.6330885	0.609934	0.5992235	0.5696298	0.4716595	0.2546449	0.2317394	0.2242419	0.219587	0.2159698	0.2154048	0.2131554	0.1235366	0.1182008	0.1058386	0.09928006	0.09805342	0.09263692	0.0898132	0.08693632	0.08567682	0.08340981	0.06205925	0.0122906	0.009471426	0.008773959	0.007818128	0.007282708	0.006982962	0.006709138
113	0.5737293	0.556637	0.5335737	0.522924	0.5012536	0.4158104	0.2401419	0.2180206	0.2107365	0.2060585	0.2024746	0.2019242	0.1996835	0.1114625	0.1065951	0.09499429	0.08882013	0.0878493	0.08295274	0.08042005	0.07773791	0.07646299	0.07420933	0.05652162	0.01166507	0.008926201	0.008238042	0.007314643	0.00678264	0.006486653
114	0.3766084	0.3336139	0.3302752	0.3292056	0.3273667	0.3191277	0.3004031	0.1332805	0.128652	0.1262051	0.121774	0.1197349	0.1193986	0.1174266	0.04850175	0.04647718	0.04220627	0.039944	0.03989762	0.0383841	0.03800361	0.037391	0.03731655	0.0368062	0.02429537	0.004180432	0.003406728	0.003238503	0.002970799	0.002817892
115	0.3135861	0.2418888	0.2174529	0.2155669	0.2153799	0.2149426	0.2123533	0.2045748	0.03751903	0.03574478	0.03526721	0.03088544	0.02919478	0.02906343	0.02717232	0.02111463	0.02013322	0.01867379	0.01790553	0.0179908	0.0175715	0.01753569	0.01749059	0.01762863	0.01756371	0.01084722	0.001679071	0.001520908	0.001505226	0.001453614
116	0.2031307	0.1115908	0.06063605	0.03710968	0.03531344	0.03516454	0.03483497	0.03332841	0.02773175	0.02631884	0.02517561	0.02488888	0.02046541	0.01880529	0.01868523	0.01678863	0.01211554	0.01142783	0.01059795	0.01016986	0.01021815	0.009984861	0.009956023	0.009911022	0.009942799	0.009831274	0.006820912	0.001290862	0.001169323	0.001151569
117	0.6569448	0.1943562	0.107684	0.05609229	0.03245601	0.03067616	0.03053766	0.03027749	0.02906654	0.02437072	0.02322511	0.0225497	0.02231201	0.01782537	0.01615403	0.01603541	0.01411574	0.009929465	0.009329501	0.008671687	0.008329359	0.008351425	0.008152758	0.008112162	0.008056518	0.008088782	0.007974041	0.005586194	0.001153246	0.001040996
118	0.7102883	0.5608561	0.1002952	0.05279439	0.04586578	0.02505139	0.02348899	0.02336143	0.02312918	0.02207787	0.01787258	0.01684741	0.01622243	0.0159995	0.01592777	0.01463087	0.01451144	0.01256528	0.008720255	0.008181062	0.007572457	0.00725454	0.007259684	0.007060939	0.007008022	0.006938867	0.006952559	0.006840836	0.004750611	0.001059156
119	0.6553961	0.6340739	0.504359	0.06260546	0.02903344	0.02494722	0.0207054	0.01917622	0.01905902	0.01887545	0.01797963	0.0145777	0.01372621	0.01315217	0.01294494	0.01289964	0.0128292	0.01270901	0.01075403	0.007543465	0.007107507	0.006547401	0.006253452	0.006250325	0.00605833	0.006004092	0.005929301	0.00592993	0.005869089	0.004060498
120	0.1333769	0.1253087	0.1173152	0.07430341	0.01886065	0.006760954	0.006371793	0.005287349	0.005211805	0.005198152	0.00513274	0.004898136	0.00375655	0.003487586	0.003351812	0.003306722	0.003291367	0.00326986	0.003266791	0.003255583	0.001917379	0.001763407	0.001633186	0.001569246	0.0015801	0.001547012	0.001542901	0.001538608	0.001549325	0.001544398
121	0.03655064	0.0144867	0.01353218	0.01252389	0.007800323	0.002793674	0.002340956	0.002320264	0.001852534	0.00182776	0.001824276	0.001805497	0.001722093	0.001377651	0.001275409	0.001217706	0.001200624	0.001196023	0.001182924	0.001181649	0.001178144	0.0007020821	0.0006523598	0.0005976842	0.0005707273	0.0005730957	0.0005568447	0.0005533669	0.0005493492	0.000551911
122	0.07781687	0.02337449	0.00938439	0.008814795	0.007990679	0.004630757	0.001727101	0.001430841	0.001419287	0.001110613	0.00109358	0.001091323	0.001084585	0.001032153	0.0008837947	0.0008373849	0.0007943806	0.000781639	0.0007797623	0.0007679978	0.0007670037	0.0007653769	0.0004559125	0.0004337442	0.0003931948	0.0003728592	0.0003729851	0.0003591965	0.0003555465	0.0003507097
123	0.6993912	0.06074685	0.02009411	0.007745462	0.00726403	0.006484629	0.003779831	0.001424545	0.001159032	0.001148898	0.0008578863	0.0008426653	0.0008409004	0.0008359058	0.0007972847	0.0006887194	0.0006544961	0.0006279859	0.0006196616	0.0006182631	0.0006076718	0.00060695	0.0006058029	0.0003307452	0.0003151534	0.0002909543	0.0002779927	0.00027669	0.0002673439	0.0002636273
124	0.9571438	0.7079649	0.06041818	0.02004081	0.007586487	0.007116644	0.00632685	0.003699051	0.001387826	0.001122482	0.001112646	0.0008186479	0.0008034473	0.0008017358	0.0007969794	0.000760607	0.0006583943	0.0006260658	0.0005996931	0.0005914389	0.0005902253	0.0005873146	0.000586594	0.0005855371	0.0003141543	0.0002997265	0.0002757128	0.0002628493	0.0002612655	0.0002517092
125	0.9426242	0.9018805	0.6901094	0.0354642	0.01667315	0.006086225	0.005877711	0.005676785	0.003318395	0.001207769	0.0009754364	0.0009680855	0.0007246868	0.0007116133	0.0007101045	0.0007063132	0.0006754244	0.0005896339	0.0005639708	0.0005400085	0.0005326178	0.0005315821	0.0005288814	0.0005282106	0.0005272855	0.0002697012	0.0002578486	0.0002361712	0.000224553	0.0002236676
126	0.8221279	0.8191706	0.8008771	0.679328	0.02547964	0.01387876	0.003876997	0.003745608	0.003587867	0.002249931	0.0006650894	0.0005551895	0.0005512384	0.0005082888	0.0005042794	0.000503433	0.0005011173	0.000481082	0.0004288604	0.0004130793	0.0004013867	0.0003971593	0.0003965294	0.0003950451	0.0003946094	0.0003940497	0.0001686875	0.0001617869	0.0001502559	0.0001440521
127	0.1906021	0.1810064	0.1790583	0.1622674	0.0735855	0.02026334	0.01266151	0.002717146	0.002618324	0.002467261	0.001388202	0.000346433	0.0002583966	0.0002562093	0.0002375722	0.0002357477	0.0002352096	0.000233581	0.0002187	0.0001831523	0.0001718225	0.0001633231	0.000160385	0.0001599314	0.0001587709	0.0001585351	0.00015812	0.0001248341	0.0001202855	0.000111912
128	0.2300933	0.1602637	0.1585381	0.156994	0.140182	0.06318044	0.01057736	0.00433336	0.002509476	0.002423882	0.002295047	0.001293572	0.000310834	0.0002258832	0.0002239498	0.0002073542	0.0002057445	0.0002052658	0.0002038439	0.0001911046	0.0001604676	0.0001512385	0.0001431927	0.0001404261	0.0001400254	0.0001389079	0.0001386817	0.0001383033	0.0001084316	0.0001045846
129	0.339017	0.1930299	0.1338014	0.1322156	0.1307943	0.1295066	0.0623269	0.009975584	0.004084192	0.002278301	0.002211376	0.002193604	0.001249908	0.0002895988	0.0002052864	0.0002034467	0.000187509	0.0001860157	0.0001855777	0.0001842816	0.0001733246	0.0001454487	0.0001370954	0.0001291706	0.0001264545	0.0001260852	0.0001249774	0.0001247523	0.0001243939	9.58371e-05
130	0.9446776	0.3261872	0.1793245	0.1241287	0.1226952	0.1219611	0.1207993	0.06228724	0.009696163	0.004025961	0.00221438	0.002154136	0.002137648	0.00123481	0.0002777369	0.0001931028	0.0001913183	0.0001757213	0.0001742932	0.0001738793	0.0001726464	0.0001628524	0.000136433	0.0001285839	0.0001206381	0.0001179257	0.0001175795	0.0001164958	0.0001162691	0.0001159607
131	0.9907078	0.9356142	0.3125114	0.1662527	0.1161463	0.1148398	0.1141919	0.1131722	0.06142088	0.008671123	0.003459422	0.002142474	0.002089634	0.002074702	0.001210779	0.0002625454	0.0001785324	0.000176811	0.0001616583	0.0001603117	0.0001599265	0.0001587735	0.0001502586	0.0001256425	0.0001185344	0.0001106698	0.0001079935	0.0001076676	0.0001065884	0.0001063622
132	0.2732997	0.2643606	0.252482	0.1029523	0.08656587	0.05967453	0.05902165	0.05852238	0.05763141	0.01202451	0.005643011	0.002850412	0.001554633	0.001508722	0.001495138	0.000663443	0.0002400401	0.0001559767	0.0001543575	0.0001396896	0.0001384751	0.0001381654	0.0001371968	0.0001298144	0.0001085485	0.0001022384	9.467439e-05	9.216113e-05	9.187919e-05	9.082181e-05
133	0.238595	0.2341534	0.2254375	0.2172793	0.07957146	0.06736013	0.04696732	0.04647241	0.04607886	0.04538408	0.009243919	0.00404147	0.001795525	0.001378689	0.001342569	0.001330949	0.0005568666	0.0002143058	0.0001316952	0.0001301848	0.0001162886	0.0001152252	0.0001149689	0.0001141782	0.0001084143	9.065865e-05	8.548414e-05	7.858026e-05	7.627078e-05	7.603431e-05
134	0.4205835	0.2300896	0.2257329	0.2168676	0.2089493	0.07324469	0.061244	0.04287064	0.04240263	0.04206463	0.04143647	0.008621583	0.003832283	0.001738796	0.001332198	0.001299668	0.00128869	0.000527113	0.0002074003	0.0001238084	0.0001223261	0.0001085204	0.0001075011	0.0001072621	0.0001065211	0.0001013663	8.46172e-05	7.977629e-05	7.318332e-05	7.095517e-05
135	0.9560488	0.3886879	0.2156879	0.2121033	0.2030894	0.197526	0.06595106	0.05449862	0.03905862	0.03861911	0.03831052	0.03773729	0.007821909	0.003403425	0.00147761	0.001274693	0.001245094	0.001234631	0.0004817634	0.0001989855	0.0001156382	0.000114178	0.0001004621	9.949113e-05	9.927065e-05	9.86069e-05	9.392271e-05	7.856092e-05	7.416526e-05	6.782728e-05
136	0.4783486	0.4665891	0.2022508	0.1043863	0.1011204	0.09582436	0.09066329	0.05298863	0.04537766	0.03209261	0.03172036	0.03146078	0.03098262	0.00610494	0.002460009	0.0008167995	0.0006385907	0.000613693	0.0006041101	0.0004113981	0.00018111	9.71964e-05	9.589462e-05	8.551273e-05	8.468471e-05	8.449838e-05	8.394469e-05	7.999832e-05	6.673427e-05	6.297333e-05
137	0.3831816	0.3789292	0.3692895	0.1652173	0.08278421	0.08032934	0.07929454	0.07488356	0.04402101	0.04080809	0.02870564	0.02839153	0.02815884	0.02772957	0.005461237	0.002203378	0.0007046208	0.0005389555	0.0005165195	0.0005076008	0.0003395134	0.0001744965	8.927407e-05	8.803072e-05	7.781178e-05	7.706136e-05	7.69046e-05	7.638473e-05	7.283408e-05	6.032468e-05
138	0.8901123	0.3766959	0.3724993	0.3643277	0.1622866	0.08139178	0.07890278	0.07785354	0.07339146	0.04345611	0.04030273	0.02826596	0.02796516	0.02773537	0.02731035	0.005363851	0.002169508	0.0006944676	0.0005297506	0.0005075294	0.0004985532	0.0003358201	0.0001753267	8.815467e-05	8.691142e-05	7.655064e-05	7.580383e-05	7.565015e-05	7.513363e-05	7.161179e-05
139	0.7676701	0.659352	0.3391795	0.3353184	0.3284994	0.1366496	0.07388632	0.07265281	0.07170504	0.06727725	0.04007474	0.03720525	0.02700163	0.02670607	0.02648482	0.02607566	0.004988328	0.001955218	0.0005817261	0.000429842	0.0004085074	0.000399621	0.0002431409	8.953019e-05	8.289914e-05	8.165882e-05	7.125973e-05	7.053305e-05	7.038618e-05	6.994048e-05
140	0.7689111	0.7592775	0.6482273	0.3337021	0.3298932	0.3229496	0.1333653	0.07281993	0.07158012	0.07061446	0.06612722	0.03946123	0.03664565	0.02653431	0.02624679	0.02602825	0.02562329	0.004875786	0.001917224	0.0005715268	0.0004208789	0.0003997523	0.0003907973	0.0002367511	8.750764e-05	8.093742e-05	8.033207e-05	6.977863e-05	6.90561e-05	6.891257e-05
141	0.7228966	0.7126727	0.7057078	0.5938171	0.3062118	0.3027227	0.2956904	0.12206	0.06663212	0.0654294	0.06445272	0.06002082	0.03579059	0.03320546	0.02410419	0.02384514	0.02364892	0.02327971	0.004432491	0.00175237	0.0005243264	0.0003884435	0.000369236	0.0003605596	0.0002221849	8.077651e-05	7.464005e-05	7.409968e-05	6.373752e-05	6.304747e-05
142	0.6425436	0.6028639	0.594792	0.5891919	0.4774211	0.2426191	0.239718	0.2388682	0.09565003	0.05365568	0.0525219	0.05219199	0.04797765	0.02758288	0.02547919	0.01881958	0.01861026	0.0184655	0.01817998	0.00355295	0.001438644	0.0004334515	0.0003299199	0.0003152606	0.0003073767	0.0001998226	6.807951e-05	6.284941e-05	6.239709e-05	5.229485e-05
143	0.9008749	0.6362627	0.5981309	0.5907215	0.5852196	0.4703233	0.2395127	0.2366431	0.2357962	0.09397376	0.05289485	0.05174667	0.05141188	0.04711682	0.02706889	0.02499917	0.01840998	0.01827587	0.01813297	0.01785043	0.003471469	0.001412268	0.0004271896	0.000324474	0.0003099628	0.0003019742	0.0001962548	6.713556e-05	6.192968e-05	6.15267e-05
144	0.9355817	0.8389987	0.6136475	0.5763039	0.5692103	0.5638786	0.4459961	0.2288058	0.2260627	0.2252355	0.08936249	0.05074861	0.04959702	0.04925994	0.04491432	0.02569081	0.02371977	0.01747666	0.01735251	0.01721848	0.01694843	0.003260983	0.001327781	0.0004077776	0.0003113749	0.0002975439	0.000289558	0.0001891679	6.364088e-05	5.859713e-05
145	0.7624062	0.7453089	0.6812522	0.4741126	0.4515748	0.4452023	0.4399799	0.4318528	0.2222038	0.2198568	0.2190424	0.08623715	0.04915099	0.04821411	0.04787279	0.04345092	0.02483602	0.02292924	0.01685776	0.01673622	0.01660577	0.01634285	0.003117322	0.001271026	0.00039478	0.0003016079	0.0002883655	0.0002803228	0.0001833	6.18396e-05
146	0.4645076	0.4567568	0.4564972	0.4495267	0.3210441	0.3055331	0.3006396	0.2963798	0.2946942	0.1709911	0.1692933	0.1686091	0.06595311	0.03933233	0.03900904	0.03868033	0.03436879	0.01899534	0.01752727	0.01309219	0.01299754	0.0129012	0.01269612	0.002248025	0.0008742215	0.0003034828	0.0002504634	0.0002404822	0.0002329914	0.0001563753
147	0.5012491	0.4219443	0.4164796	0.4162667	0.4101929	0.2961699	0.2828264	0.2783999	0.2743302	0.2729903	0.1599365	0.1583608	0.1576907	0.0588937	0.03409277	0.03378634	0.03345479	0.03272362	0.01806001	0.01666945	0.01242818	0.01233658	0.01224419	0.01206539	0.002085274	0.0008070988	0.000283855	0.0002345492	0.0002249988	0.0002230166
148	0.5089832	0.3856659	0.3572102	0.3529642	0.3528359	0.3473538	0.2405463	0.2280203	0.2240195	0.2207032	0.2194763	0.1158338	0.114519	0.1138632	0.05440632	0.03196628	0.03168879	0.03135493	0.03066744	0.01720038	0.01589205	0.01183063	0.01174248	0.0116545	0.01148365	0.001930123	0.0007425349	0.0002609175	0.0002147772	0.0002056156
149	0.432494	0.4313406	0.3516357	0.3324045	0.3282354	0.3281254	0.3230282	0.2214573	0.2096085	0.2058115	0.2035851	0.2024479	0.1070623	0.1058658	0.1054979	0.05098398	0.0302004	0.02993514	0.02977577	0.02911947	0.0163453	0.015142	0.01128193	0.01119789	0.01111441	0.01095015	0.001793678	0.0006922403	0.0002481047	0.000204598
150	0.5191963	0.3894549	0.3889798	0.3291316	0.3165749	0.3124098	0.3123046	0.3074854	0.2087692	0.1975291	0.1939292	0.1920995	0.1910208	0.1009817	0.09984899	0.09957341	0.04808287	0.02846399	0.02820951	0.02813821	0.02751966	0.01543875	0.01430453	0.01067737	0.01060149	0.01052295	0.01036547	0.001697384	0.00065441	0.0002349331
151	0.9592019	0.4763565	0.376109	0.3756501	0.3183413	0.3062191	0.3020626	0.3019601	0.2973382	0.2000781	0.189288	0.1858361	0.1840847	0.1830498	0.09661783	0.09552987	0.09526618	0.04588767	0.02708393	0.02683812	0.02676846	0.02618734	0.01469572	0.01361462	0.01021714	0.01014959	0.01007579	0.009924661	0.001625792	0.0006263217
152	0.9718598	0.9559161	0.4617346	0.3612675	0.3608061	0.3071515	0.2954601	0.2914716	0.2913717	0.2869447	0.1911413	0.1807778	0.1774668	0.1757957	0.1748045	0.09211721	0.0910739	0.09082265	0.0435685	0.02557005	0.02533428	0.02526632	0.02473271	0.01390899	0.01288755	0.009778669	0.009718982	0.009651028	0.009508012	0.001554018
153	0.9985726	0.9717839	0.956149	0.4491377	0.3475614	0.3470931	0.2964854	0.2852049	0.2813322	0.2812348	0.2769962	0.1824523	0.1725016	0.1693272	0.1677344	0.1667855	0.08772707	0.08672698	0.08648789	0.04129342	0.02407672	0.02385069	0.02378432	0.02329827	0.01313494	0.01217231	0.009352205	0.009300241	0.009238118	0.009103094
154	0.9957876	0.9944663	0.9691689	0.9538358	0.4329274	0.330133	0.3296556	0.2822904	0.2714544	0.2703748	0.27028	0.266245	0.1730518	0.1635485	0.1605223	0.1590143	0.1581112	0.082973	0.08201966	0.08179375	0.03882721	0.02245675	0.02224129	0.02217664	0.0217422	0.01229561	0.01139677	0.008890131	0.008846058	0.008790239
155	0.9993301	0.9950677	0.9937654	0.9697565	0.954752	0.4186134	0.3144772	0.3139896	0.2697034	0.2593501	0.2584804	0.2583885	0.2545748	0.162838	0.153822	0.1509572	0.1495415	0.1486882	0.07780371	0.07690117	0.0766896	0.03614368	0.02069337	0.02048941	0.02042663	0.02004845	0.01138291	0.01055356	0.008388594	0.008351299
156	0.9990245	0.9984408	0.9940859	0.9927875	0.9701199	0.9556207	0.4028809	0.297238	0.2967412	0.2560118	0.246173	0.2454478	0.2453588	0.2417742	0.1516969	0.1431486	0.1404387	0.139125	0.1383234	0.07218413	0.07133483	0.07114018	0.03316034	0.01865915	0.01847006	0.01840952	0.01808963	0.01046102	0.009721268	0.007909817
157	0.213476	0.2133061	0.2131195	0.212686	0.2121773	0.2013479	0.1932402	0.1548237	0.1358828	0.1353952	0.1149047	0.1090376	0.1086616	0.1086051	0.1067952	0.07926885	0.07547248	0.0742999	0.07364582	0.07324188	0.03608828	0.03564971	0.03554968	0.01625061	0.009338431	0.009261952	0.009219281	0.008974589	0.004944575	0.004548711
158	0.164242	0.1477956	0.1476708	0.1475236	0.1472632	0.147084	0.1396971	0.133131	0.1053667	0.0960775	0.09562881	0.08182565	0.07713368	0.07686661	0.07683687	0.07556549	0.05527652	0.05320765	0.05244469	0.05200268	0.05171936	0.02439149	0.02407601	0.02400887	0.01042764	0.005730958	0.005682899	0.005645463	0.005473473	0.003110571
159	0.1766569	0.09701943	0.08657507	0.08649085	0.08639955	0.08629107	0.08621057	0.08214254	0.07687925	0.06016036	0.05537498	0.05535741	0.048488	0.04499543	0.04483927	0.04483099	0.04409376	0.03112126	0.03035252	0.03010562	0.02988175	0.02971883	0.0122461	0.01209119	0.01205772	0.004298192	0.001855102	0.00183689	0.001804654	0.001768234
160	0.04538844	0.04087155	0.0353684	0.03439657	0.03433456	0.03426143	0.03420443	0.03415359	0.03261894	0.02829447	0.02189837	0.01999332	0.01997994	0.01742294	0.01683954	0.01677634	0.01677285	0.01647374	0.01164998	0.01135805	0.01126433	0.0111561	0.01109034	0.004600347	0.004542466	0.004529306	0.001636116	0.0007228616	0.0007159808	0.0006853072
161	0.06760259	0.02387424	0.02202783	0.01999922	0.01974689	0.01968825	0.01961776	0.01957537	0.01953271	0.01871932	0.01470538	0.0113222	0.01021065	0.0101979	0.008829267	0.00851636	0.008486911	0.008484616	0.008310863	0.005948639	0.005761131	0.005700741	0.005662997	0.005624982	0.002452898	0.002422555	0.00241719	0.000928256	0.0004378976	0.0004340116
162	0.852206	0.06030084	0.02193838	0.02029297	0.01850396	0.01827974	0.01822846	0.01817119	0.01813832	0.01810588	0.01737816	0.01315391	0.01010925	0.009074553	0.009072938	0.007832806	0.007548814	0.007522425	0.007520671	0.007359644	0.00529768	0.005118309	0.005060264	0.005025077	0.004989906	0.002223052	0.002195925	0.002190966	0.000863976	0.000419301
163	0.909738	0.763793	0.05501944	0.0204347	0.01894246	0.01735038	0.0171481	0.01709411	0.01703364	0.01700079	0.01696746	0.01630862	0.01183034	0.009074221	0.008099452	0.008097937	0.006967536	0.006708382	0.006685386	0.006683712	0.006532856	0.004734779	0.004560385	0.004503873	0.004470785	0.004437884	0.002027492	0.002003042	0.001998423	0.0008117257
164	0.8687483	0.7746806	0.7112468	0.0477244	0.01830922	0.01704956	0.01584446	0.01567409	0.01561701	0.01555286	0.01552007	0.0154857	0.01490463	0.01013265	0.007727914	0.006993276	0.006991876	0.005985574	0.005754897	0.00573503	0.00573345	0.005594403	0.004098724	0.003930515	0.00387592	0.00384529	0.003815018	0.001805673	0.00178425	0.001780024
165	0.6277507	0.6126342	0.5994461	0.5557169	0.03959414	0.01594384	0.01498261	0.01408611	0.01394742	0.0139421	0.01393652	0.01392473	0.01391722	0.01343623	0.008485932	0.006444851	0.005793981	0.005792868	0.004916819	0.004715882	0.004699342	0.004698001	0.004596409	0.003419001	0.003256303	0.003203446	0.003175292	0.003153009	0.00157298	0.001554775
166	0.7120763	0.6016205	0.5884131	0.5788586	0.541626	0.03461971	0.01486156	0.01403364	0.01326585	0.01314666	0.01314175	0.01313652	0.01312583	0.01311892	0.01269602	0.007336432	0.005533874	0.004949022	0.004948016	0.004167088	0.003997069	0.003982989	0.003981732	0.003898237	0.002941462	0.002783746	0.002732454	0.002707248	0.002688809	0.001403353
167	0.9960503	0.7251995	0.6200227	0.6074612	0.597996	0.5656104	0.03334837	0.01483658	0.01405721	0.01333837	0.01322656	0.01322173	0.01321652	0.01320612	0.01319932	0.0127961	0.006925421	0.005185927	0.004615305	0.004614331	0.003863683	0.003707836	0.003694924	0.003693676	0.003619368	0.002758854	0.002598747	0.002546645	0.002522521	0.002505991
168	0.9835187	0.9821931	0.7322724	0.6388059	0.6274642	0.6183269	0.589152	0.03121986	0.01469901	0.01398404	0.01333241	0.0132301	0.01322536	0.01322018	0.01321014	0.01320348	0.01282442	0.006329131	0.00467878	0.004201438	0.004200505	0.003486896	0.003348492	0.003336814	0.003335576	0.003272604	0.002533443	0.002370336	0.002317221	0.002294425
169	0.9342792	0.9308793	0.9300646	0.7153943	0.6394528	0.6299481	0.6249393	0.6000631	0.02202599	0.007421432	0.006836006	0.006276634	0.006186661	0.00618272	0.006178602	0.006170351	0.006165409	0.005843839	0.005715254	0.004129897	0.003707894	0.003707134	0.003076902	0.002954547	0.00294422	0.002943181	0.002891484	0.002237472	0.002092912	0.002045848
170	0.4034268	0.3908121	0.3879618	0.3874841	0.2068792	0.1430028	0.1349894	0.1307816	0.10991	0.01806269	0.00570511	0.005214992	0.004744248	0.004668516	0.0046652	0.004661744	0.004654823	0.004650668	0.004379804	0.004271567	0.003466678	0.003115052	0.003114415	0.002585484	0.002482625	0.002473933	0.002473058	0.002429504	0.00187936	0.001757521
171	0.3534352	0.3171659	0.3073528	0.3050043	0.3046259	0.1629373	0.1121373	0.1057577	0.1024542	0.08598118	0.0139125	0.004499558	0.004112292	0.003738702	0.003678697	0.003676074	0.003673351	0.003667906	0.003664623	0.003449843	0.003364116	0.002732477	0.002458688	0.002458187	0.002041456	0.001960178	0.001953294	0.001952601	0.001918056	0.001482887
172	0.2623781	0.2382112	0.2137197	0.2071686	0.2053046	0.2050566	0.1089242	0.0758461	0.07143233	0.06920017	0.05808414	0.009370905	0.003026519	0.002766588	0.00251898	0.002478111	0.002476337	0.002474514	0.00247088	0.002468667	0.002322844	0.002264743	0.001840401	0.001657522	0.001657189	0.0013782	0.001323236	0.001318582	0.001318114	0.001294647
173	0.1618364	0.1255024	0.1147361	0.1032183	0.1001672	0.09956923	0.09944872	0.05304768	0.03696638	0.03493517	0.03384497	0.02839925	0.004569742	0.001474313	0.001347574	0.001226964	0.001207413	0.001206538	0.001205671	0.001203962	0.001202882	0.001129961	0.001101072	0.0008962272	0.0008097563	0.0008096023	0.0006759345	0.000648999	0.0006466967	0.0006464653
174	0.0404218	0.02306468	0.01801548	0.01649585	0.01483704	0.01439452	0.01431252	0.01429516	0.007623491	0.005311556	0.005019034	0.00486151	0.004078605	0.0006570256	0.0002123647	0.0001940944	0.0001767028	0.0001738866	0.0001737571	0.0001736287	0.0001733779	0.0001732188	0.0001625787	0.0001583784	0.0001293245	0.0001167325	0.0001167098	9.722607e-05	9.322803e-05	9.288484e-05
175	0.9973927	0.04038262	0.0230537	0.01801262	0.01649392	0.0148239	0.01438168	0.01429947	0.01428211	0.007608319	0.005299987	0.00500735	0.004849569	0.004068873	0.0006558676	0.0002121773	0.000193943	0.0001765558	0.0001737371	0.0001736057	0.0001734753	0.0001732219	0.0001730611	0.0001623672	0.000158144	0.0001293805	0.0001167054	0.0001166824	9.706402e-05	9.299523e-05
176	0.9998588	0.9972732	0.0403734	0.02305597	0.0180153	0.01649633	0.01482354	0.01438096	0.0142987	0.01428137	0.007606018	0.005298384	0.005005679	0.004847763	0.004067295	0.0006555541	0.0002121474	0.0001939092	0.0001765166	0.0001736966	0.0001735646	0.0001734335	0.0001731792	0.0001730177	0.0001623024	0.0001580701	0.0001294093	0.000116741	0.000116718	9.706681e-05
