#unpaired probabilities
 #i$	l=1	2	3	4	5	6	7	8	9	10	11	12	
1	0.9767319	NA	NA	NA	NA	NA	NA	NA	NA	NA	NA	NA
2	0.9894026	0.9763598	NA	NA	NA	NA	NA	NA	NA	NA	NA	NA
3	1	0.9894026	0.9763598	NA	NA	NA	NA	NA	NA	NA	NA	NA
4	0.9994982	0.9994982	0.9893066	0.9762804	NA	NA	NA	NA	NA	NA	NA	NA
5	0.9929449	0.9924431	0.9924431	0.9823457	0.9693382	NA	NA	NA	NA	NA	NA	NA
6	0.9998841	0.992829	0.9923273	0.9923273	0.9823457	0.9693382	NA	NA	NA	NA	NA	NA
7	0.9988722	0.9987563	0.9917012	0.9911995	0.9911995	0.9823457	0.9693382	NA	NA	NA	NA	NA
8	0.9986351	0.9982764	0.9981612	0.9911061	0.9911061	0.9911061	0.9822523	0.9693382	NA	NA	NA	NA
9	0.9858394	0.9844795	0.9842994	0.9841893	0.978975	0.978975	0.978975	0.9701212	0.9693382	NA	NA	NA
10	0.9906462	0.9765798	0.9756257	0.9754456	0.9753355	0.9701212	0.9701212	0.9701212	0.9701212	0.9693382	NA	NA
11	0.9872355	0.9871464	0.9730933	0.9721505	0.9719717	0.9718619	0.9694673	0.9694673	0.9694673	0.9694673	0.9693382	NA
12	0.997465	0.9847036	0.9846198	0.970569	0.9696265	0.9694479	0.9693382	0.9693382	0.9693382	0.9693382	0.9693382	0.9693382
