#unpaired probabilities
 #i$	l=1	2	3	4	5	6	7	8	9	10	11	12	13	14	15	16	17	18	19	20	21	22	23	24	25	26	27	28	29	30	
1	0.2367506	NA	NA	NA	NA	NA	NA	NA	NA	NA	NA	NA	NA	NA	NA	NA	NA	NA	NA	NA	NA	NA	NA	NA	NA	NA	NA	NA	NA	NA
2	0.6117028	0.2336984	NA	NA	NA	NA	NA	NA	NA	NA	NA	NA	NA	NA	NA	NA	NA	NA	NA	NA	NA	NA	NA	NA	NA	NA	NA	NA	NA	NA
3	0.7316347	0.6005749	0.2297954	NA	NA	NA	NA	NA	NA	NA	NA	NA	NA	NA	NA	NA	NA	NA	NA	NA	NA	NA	NA	NA	NA	NA	NA	NA	NA	NA
4	0.6468199	0.5845137	0.4812057	0.184319	NA	NA	NA	NA	NA	NA	NA	NA	NA	NA	NA	NA	NA	NA	NA	NA	NA	NA	NA	NA	NA	NA	NA	NA	NA	NA
5	0.889345	0.6464884	0.5841994	0.4809439	0.1842238	NA	NA	NA	NA	NA	NA	NA	NA	NA	NA	NA	NA	NA	NA	NA	NA	NA	NA	NA	NA	NA	NA	NA	NA	NA
6	0.9173119	0.8880608	0.6456532	0.5831301	0.4808477	0.1841879	NA	NA	NA	NA	NA	NA	NA	NA	NA	NA	NA	NA	NA	NA	NA	NA	NA	NA	NA	NA	NA	NA	NA	NA
7	0.7916812	0.7863277	0.7722961	0.5536989	0.5054562	0.4168372	0.1597823	NA	NA	NA	NA	NA	NA	NA	NA	NA	NA	NA	NA	NA	NA	NA	NA	NA	NA	NA	NA	NA	NA	NA
8	0.6655449	0.5885601	0.5988088	0.6041517	0.4198232	0.3942189	0.3254244	0.124749	NA	NA	NA	NA	NA	NA	NA	NA	NA	NA	NA	NA	NA	NA	NA	NA	NA	NA	NA	NA	NA	NA
9	0.2859255	0.2997149	0.2663747	0.2835564	0.3064551	0.1482322	0.1422164	0.1173321	0.0447115	NA	NA	NA	NA	NA	NA	NA	NA	NA	NA	NA	NA	NA	NA	NA	NA	NA	NA	NA	NA	NA
10	0.332665	0.2575796	0.2774639	0.2467261	0.2652722	0.2895168	0.1333027	0.1289669	0.106418	0.04052743	NA	NA	NA	NA	NA	NA	NA	NA	NA	NA	NA	NA	NA	NA	NA	NA	NA	NA	NA	NA
11	0.2505621	0.1741257	0.1437042	0.1567763	0.1140908	0.1147697	0.1142841	0.1139185	0.1109319	0.09151954	0.03485913	NA	NA	NA	NA	NA	NA	NA	NA	NA	NA	NA	NA	NA	NA	NA	NA	NA	NA	NA
12	0.2840446	0.180373	0.1185677	0.08670782	0.09415554	0.04317917	0.04387123	0.04315387	0.04253543	0.04138106	0.03406037	0.01284513	NA	NA	NA	NA	NA	NA	NA	NA	NA	NA	NA	NA	NA	NA	NA	NA	NA	NA
13	0.1821744	0.08472487	0.06058128	0.05629106	0.05675081	0.0627471	0.009174752	0.00929659	0.0091755	0.00903958	0.008780886	0.007229313	0.002708958	NA	NA	NA	NA	NA	NA	NA	NA	NA	NA	NA	NA	NA	NA	NA	NA	NA
14	0.5765041	0.1066803	0.08088906	0.05875257	0.05526894	0.05609033	0.0620468	0.008403215	0.008541991	0.008469233	0.008420896	0.008227323	0.006777762	0.002555806	NA	NA	NA	NA	NA	NA	NA	NA	NA	NA	NA	NA	NA	NA	NA	NA
15	0.1284	0.06146145	0.0423644	0.04287566	0.04429631	0.0463604	0.05068365	0.05617042	0.001838146	0.001832351	0.001818976	0.001814556	0.001748106	0.001440739	0.0005472297	NA	NA	NA	NA	NA	NA	NA	NA	NA	NA	NA	NA	NA	NA	NA
16	0.2071513	0.112911	0.04704916	0.03887709	0.04056882	0.04308717	0.04598376	0.05054282	0.05602493	0.001680078	0.001672709	0.001661565	0.001663517	0.001602546	0.0013213	0.0005044899	NA	NA	NA	NA	NA	NA	NA	NA	NA	NA	NA	NA	NA	NA
17	0.535866	0.2044023	0.1118094	0.04602863	0.0380359	0.03969854	0.04216241	0.0453249	0.04982029	0.0560171	0.00167165	0.001664021	0.001654611	0.001656777	0.001596064	0.001316039	0.0005025642	NA	NA	NA	NA	NA	NA	NA	NA	NA	NA	NA	NA	NA
18	0.9250819	0.4597286	0.2037092	0.1115915	0.04593309	0.03800826	0.03967766	0.042148	0.0453162	0.04981317	0.05600921	0.001662746	0.001656028	0.001646533	0.0016487	0.001588645	0.001309911	0.0005002271	NA	NA	NA	NA	NA	NA	NA	NA	NA	NA	NA	NA
19	0.4749153	0.392383	0.3740046	0.1466673	0.07257738	0.008093364	0.002010804	0.00151102	0.001279402	0.001082168	0.001108018	0.001241073	0.001402742	0.001393399	0.001387632	0.001395656	0.00134438	0.001108974	0.0004248246	NA	NA	NA	NA	NA	NA	NA	NA	NA	NA	NA
20	0.4761666	0.4476732	0.3637832	0.3441807	0.116266	0.0724305	0.008002371	0.001952901	0.001454706	0.001225218	0.001029052	0.001051441	0.00117751	0.001330169	0.0013669	0.0013566	0.001357858	0.001340655	0.001105897	0.0004236519	NA	NA	NA	NA	NA	NA	NA	NA	NA	NA
21	0.392231	0.3588257	0.3274307	0.238482	0.2134662	0.07352293	0.02766446	0.007820072	0.001873076	0.001389656	0.001176353	0.0009950395	0.001025937	0.001149619	0.001302774	0.001337199	0.001340187	0.001341351	0.001324074	0.001093953	0.000419109	NA	NA	NA	NA	NA	NA	NA	NA	NA
22	0.426644	0.3918833	0.3585109	0.3271128	0.2381534	0.2131257	0.07316608	0.02758107	0.007732043	0.001871486	0.001388363	0.001175388	0.0009943984	0.001025403	0.001149027	0.001302104	0.001336433	0.001339288	0.001341172	0.00132387	0.001093711	0.0004190807	NA	NA	NA	NA	NA	NA	NA	NA
23	0.9589006	0.4262389	0.3915236	0.3581352	0.3267178	0.2381528	0.2131252	0.0731657	0.02758077	0.007731764	0.001871217	0.001388224	0.001175244	0.0009943189	0.001025331	0.001148993	0.001302065	0.001336389	0.001339273	0.001341155	0.00132385	0.001093707	0.0004190794	NA	NA	NA	NA	NA	NA	NA
24	0.9683537	0.9261226	0.3923214	0.3559935	0.3209906	0.2876185	0.2381519	0.2131244	0.07316488	0.02757996	0.007730935	0.001870347	0.001388098	0.001175112	0.0009942352	0.001025247	0.00114895	0.001302017	0.001336334	0.001339257	0.001341136	0.001323826	0.001093703	0.0004190779	NA	NA	NA	NA	NA	NA
25	0.9748039	0.9421308	0.9012115	0.3665378	0.3289897	0.2938567	0.2590575	0.2381489	0.2131217	0.07316241	0.02757763	0.007729266	0.001868662	0.001387609	0.00117461	0.0009938062	0.001024832	0.001148813	0.001301865	0.001336173	0.001339129	0.001341005	0.001323693	0.001093609	0.000419042	NA	NA	NA	NA	NA
26	0.03255142	0.03259889	0.0323075	0.02891648	0.02317285	0.01431336	0.01137728	0.008292168	0.006205843	0.003775102	0.002141058	0.0006161216	0.0002278576	7.817546e-05	6.021641e-05	4.401295e-05	2.778013e-05	2.27752e-05	2.518115e-05	2.834082e-05	2.899926e-05	2.891213e-05	2.876454e-05	2.81481e-05	2.320414e-05	8.886073e-06	NA	NA	NA	NA
27	0.05854181	0.0244202	0.02446464	0.02407543	0.02079518	0.01542799	0.01301585	0.01023134	0.007365947	0.005386653	0.003083202	0.001632893	0.0004755819	0.0001789612	6.434867e-05	5.050972e-05	3.636601e-05	2.262498e-05	1.797208e-05	1.981003e-05	2.226123e-05	2.276089e-05	2.265955e-05	2.251333e-05	2.197822e-05	1.810544e-05	6.93301e-06	NA	NA	NA
28	0.02965597	0.01528912	0.002502556	0.002320302	0.002331184	0.001417566	0.0008582397	0.0007315136	0.0005944634	0.000443851	0.0003439756	0.0002338365	0.0001597663	9.313838e-05	7.448957e-05	3.588667e-05	2.818875e-05	1.67996e-05	5.775871e-06	1.609813e-06	1.651104e-06	1.783649e-06	1.802895e-06	1.780684e-06	1.739422e-06	1.680488e-06	1.382963e-06	5.198718e-07	NA	NA
29	0.3694442	0.01466013	0.0075219	0.001620921	0.00154618	0.001541138	0.001073681	0.000734112	0.0006205782	0.0004954002	0.0003602912	0.0002672571	0.000165276	0.0001033099	4.997208e-05	3.346094e-05	1.469308e-05	1.110983e-05	7.553732e-06	3.737029e-06	1.468213e-06	1.50222e-06	1.620172e-06	1.636254e-06	1.614329e-06	1.577641e-06	1.522855e-06	1.252815e-06	4.698669e-07	NA
30	0.3973714	0.077247	0.01271148	0.006680194	0.001195372	0.001118858	0.001114857	0.0008094793	0.0005245388	0.0004433329	0.0003539039	0.0002571207	0.0001904393	0.0001287577	8.277083e-05	4.428267e-05	3.027335e-05	1.291336e-05	9.480539e-06	6.02863e-06	2.570781e-06	1.31125e-06	1.334225e-06	1.434087e-06	1.447345e-06	1.427358e-06	1.393991e-06	1.345583e-06	1.10711e-06	4.140354e-07
31	0.1842261	0.1527757	0.03740934	0.009824264	0.005576425	0.0006269726	0.0005464488	0.0005495925	0.000333339	0.0001738028	0.0001502757	0.0001250322	9.807108e-05	8.013588e-05	6.325351e-05	4.686369e-05	3.106827e-05	2.614687e-05	1.104663e-05	7.781813e-06	4.45167e-06	1.378121e-06	4.938962e-07	5.072676e-07	5.492421e-07	5.531987e-07	5.433927e-07	5.274841e-07	5.072963e-07	4.155031e-07
32	0.6880468	0.1294133	0.1093324	0.03009764	0.006643704	0.003872522	0.0004517235	0.0003961005	0.0003954543	0.0002741558	0.0001600822	0.0001370962	0.0001122773	8.548258e-05	6.739505e-05	5.037577e-05	3.55988e-05	2.181599e-05	1.713353e-05	6.42455e-06	4.086606e-06	2.533148e-06	1.035374e-06	4.788392e-07	4.918869e-07	5.326085e-07	5.362995e-07	5.26551e-07	5.107931e-07	4.910192e-07
33	0.05060803	0.01907933	0.01297171	0.01126966	0.001199189	0.0003535339	0.0002098895	5.356582e-05	5.062743e-05	5.075597e-05	3.608301e-05	1.991331e-05	1.718132e-05	1.421227e-05	1.100385e-05	8.84021e-06	6.839773e-06	4.614209e-06	2.851861e-06	1.24352e-06	5.626746e-07	4.998637e-07	3.963024e-07	3.388213e-07	2.556858e-07	2.638684e-07	2.860712e-07	2.873295e-07	2.810144e-07	2.710823e-07
34	0.009263864	0.007998763	0.001592606	0.0009623853	0.0007100799	4.831856e-05	1.458223e-05	8.773457e-06	3.74926e-06	3.730537e-06	3.788241e-06	2.493802e-06	9.540473e-07	8.315197e-07	7.043776e-07	5.714321e-07	4.832872e-07	3.978195e-07	3.11741e-07	2.567981e-07	6.534287e-08	5.020601e-08	4.794242e-08	4.857604e-08	4.876496e-08	4.160314e-08	4.453813e-08	4.916836e-08	4.767474e-08	4.389006e-08
35	0.0402424	0.0005996958	0.0004214009	0.0002316718	0.0001668942	0.0001377229	1.008628e-05	3.080225e-06	1.725095e-06	8.402512e-07	8.417369e-07	8.583537e-07	4.907528e-07	1.731482e-07	1.525179e-07	1.315801e-07	1.100284e-07	9.598733e-08	8.399681e-08	6.025154e-08	5.334759e-08	1.533874e-08	1.360236e-08	1.388516e-08	1.440754e-08	1.467256e-08	8.764167e-09	8.211497e-09	8.416954e-09	8.033245e-09
36	0.7682981	0.01374912	0.0004356114	0.0002782886	0.0001668524	0.0001189835	9.16887e-05	9.182052e-06	2.621433e-06	1.454018e-06	6.811438e-07	6.802342e-07	6.923042e-07	3.818641e-07	1.425252e-07	1.231542e-07	1.035227e-07	8.310983e-08	6.958501e-08	5.787763e-08	4.723962e-08	4.046262e-08	1.288948e-08	1.122716e-08	1.159407e-08	1.202458e-08	1.213408e-08	6.205343e-09	5.364292e-09	5.211923e-09
37	0.01660977	0.01090064	0.001865481	0.000133141	0.000105491	6.26988e-05	4.818809e-05	4.897262e-05	1.468747e-06	9.946051e-07	5.355646e-07	3.690981e-07	3.734729e-07	3.847888e-07	1.836525e-07	2.390901e-08	2.37686e-08	2.396462e-08	2.496991e-08	2.623691e-08	2.768492e-08	2.726281e-08	2.892178e-08	7.137173e-09	7.387582e-09	7.892707e-09	8.553343e-09	9.150221e-09	4.851964e-09	4.147448e-09
38	0.1117176	0.01369367	0.009662494	0.001775202	8.598454e-05	6.279278e-05	4.588319e-05	3.620336e-05	3.700477e-05	7.570616e-07	4.245727e-07	3.677716e-07	2.501869e-07	2.516929e-07	2.588315e-07	9.075376e-08	1.027078e-08	9.79375e-09	9.638186e-09	9.975053e-09	1.045946e-08	1.102261e-08	1.149398e-08	1.213527e-08	5.756068e-09	6.034191e-09	6.485591e-09	7.031427e-09	7.512024e-09	3.189532e-09
39	0.2184533	0.105241	0.01317373	0.009391837	0.001733307	8.194099e-05	5.978695e-05	4.452721e-05	3.525989e-05	3.609666e-05	7.003084e-07	3.969424e-07	3.482289e-07	2.409101e-07	2.423195e-07	2.49144e-07	8.398425e-08	9.384257e-09	8.893877e-09	8.708456e-09	9.004097e-09	9.437381e-09	9.943282e-09	1.037455e-08	1.095751e-08	5.612984e-09	5.91243e-09	6.363671e-09	6.908441e-09	7.387411e-09
40	0.9321072	0.2102371	0.1047019	0.01310553	0.009353016	0.00173012	8.153504e-05	5.939409e-05	4.41516e-05	3.52161e-05	3.605271e-05	6.890481e-07	3.962694e-07	3.47701e-07	2.406945e-07	2.421024e-07	2.489202e-07	8.38366e-08	9.316112e-09	8.847014e-09	8.659876e-09	8.958142e-09	9.389145e-09	9.892482e-09	1.032125e-08	1.094094e-08	5.608415e-09	5.909384e-09	6.360552e-09	6.905157e-09
41	0.1329944	0.124356	0.02439973	0.01581052	0.001284307	0.0003963493	7.018516e-05	7.294075e-06	5.759953e-06	4.848597e-06	3.954517e-06	4.021002e-06	9.176815e-08	4.871039e-08	3.495563e-08	2.410379e-08	2.409752e-08	2.464194e-08	5.952329e-09	7.725008e-10	7.276835e-10	6.707146e-10	6.577917e-10	6.652493e-10	6.722687e-10	6.786299e-10	6.924539e-10	6.419104e-10	6.567296e-10	7.025059e-10
42	0.146324	0.1086229	0.1021488	0.005281123	0.002687486	0.0002214645	0.0001249153	2.240486e-05	1.155783e-06	5.970773e-07	4.372354e-07	3.444949e-07	3.287433e-07	2.42161e-08	1.192817e-08	6.252289e-09	2.062715e-09	2.045206e-09	2.100234e-09	8.949918e-10	2.541375e-10	2.267043e-10	1.960581e-10	1.671564e-10	1.495584e-10	1.287908e-10	1.114006e-10	9.858512e-11	5.572946e-11	4.593551e-11
43	0.7029307	0.1276715	0.1029937	0.09719353	0.001640834	0.0006713731	6.158984e-05	2.476649e-05	3.737643e-06	2.39677e-07	1.478349e-07	8.972771e-08	6.169748e-08	5.706463e-08	5.876133e-09	3.59005e-09	1.347299e-09	6.304956e-10	6.349416e-10	6.429071e-10	4.668108e-10	1.93135e-10	1.674594e-10	1.385365e-10	1.087285e-10	8.90555e-11	6.603178e-11	5.031631e-11	3.964378e-11	8.27914e-12
44	0.6917533	0.667459	0.1246587	0.101871	0.09610933	0.001481066	0.0005832807	5.502651e-05	2.041738e-05	2.932757e-06	2.086455e-07	1.371132e-07	8.22542e-08	5.611831e-08	5.220209e-08	5.134762e-09	3.265501e-09	1.169255e-09	6.071209e-10	6.138265e-10	6.212301e-10	4.567652e-10	1.907859e-10	1.6524e-10	1.363512e-10	1.068588e-10	8.71587e-11	6.41071e-11	4.856303e-11	3.810062e-11
45	0.7461189	0.6832892	0.6615825	0.1211653	0.1017804	0.09603681	0.001462418	0.0005739458	5.411623e-05	2.01504e-05	2.880573e-06	1.976411e-07	1.27019e-07	7.249758e-08	5.558601e-08	5.170888e-08	5.084024e-09	3.244562e-09	1.156231e-09	6.023145e-10	6.091149e-10	6.165966e-10	4.536123e-10	1.897481e-10	1.643749e-10	1.355201e-10	1.061948e-10	8.651193e-11	6.351091e-11	4.805912e-11
46	0.9926784	0.7422676	0.6795991	0.6580187	0.1205791	0.1015159	0.09583588	0.001267963	0.0005068271	5.163871e-05	1.944114e-05	2.7662e-06	1.666562e-07	9.856071e-08	5.158368e-08	3.910148e-08	3.691357e-08	4.583196e-09	3.000268e-09	9.221303e-10	4.590442e-10	4.632757e-10	4.659734e-10	3.635689e-10	1.848971e-10	1.596549e-10	1.308392e-10	1.013109e-10	8.139132e-11	5.809353e-11
47	0.1639333	0.1636916	0.1625547	0.1296422	0.1237469	0.008859849	0.003822935	0.003641101	0.0006216578	0.0001870687	1.440591e-05	9.149393e-06	1.281619e-06	9.391553e-08	6.126528e-08	2.879245e-08	2.121172e-08	2.010482e-08	1.535462e-09	7.257972e-10	4.783864e-10	1.95968e-10	1.965536e-10	2.025645e-10	1.372548e-10	2.285468e-11	2.222614e-11	2.17509e-11	2.143891e-11	2.164493e-11
48	0.2002504	0.1584599	0.158713	0.157996	0.1252119	0.1193599	0.006202303	0.003554118	0.003383874	0.0003754508	0.0001758796	1.363429e-05	8.738086e-06	1.219306e-06	9.152169e-08	6.040036e-08	2.814802e-08	2.070615e-08	1.964929e-08	1.478246e-09	7.004624e-10	4.636422e-10	1.930312e-10	1.937638e-10	1.997576e-10	1.357333e-10	2.195819e-11	2.146043e-11	2.112301e-11	2.097799e-11
49	0.9189289	0.1994887	0.1583093	0.1585681	0.1578858	0.1251208	0.119275	0.006132909	0.003548313	0.003379015	0.0003719342	0.0001730656	1.355381e-05	8.708701e-06	1.214162e-06	9.099775e-08	5.998759e-08	2.779697e-08	2.042002e-08	1.935815e-08	1.466329e-09	6.948613e-10	4.58812e-10	1.887916e-10	1.894365e-10	1.953046e-10	1.352375e-10	2.181248e-11	2.132179e-11	2.099058e-11
50	0.3012916	0.2139514	0.1561468	0.125052	0.1249455	0.1249291	0.1005642	0.09946171	0.004857035	0.002618876	0.002503959	0.0002245589	0.0001189314	1.083739e-05	7.983061e-06	1.080705e-06	4.342215e-08	1.622788e-08	1.033761e-08	8.164517e-09	7.212235e-09	1.011725e-09	4.44443e-10	2.474051e-10	4.174901e-11	3.90001e-11	3.996406e-11	2.193457e-11	5.505155e-12	5.063682e-12
51	0.2472543	0.1936629	0.1910834	0.1428181	0.1215625	0.1217537	0.1227105	0.09952373	0.09871987	0.004341638	0.002330039	0.002250157	2.930669e-05	1.171052e-05	1.048234e-06	5.180689e-07	9.159345e-08	3.628001e-09	1.487275e-09	1.081002e-09	8.373977e-10	7.747685e-10	8.637235e-11	3.574729e-11	2.079384e-11	6.531078e-12	6.413172e-12	6.421621e-12	4.129417e-12	2.516336e-12
52	0.5404191	0.1882372	0.1727675	0.170306	0.1239029	0.1203602	0.1205519	0.1215292	0.09836277	0.09755905	0.003175478	0.002320545	0.002244316	2.534668e-05	9.658077e-06	8.863844e-07	4.188606e-07	7.131946e-08	2.947292e-09	1.249017e-09	9.181289e-10	7.300388e-10	6.83664e-10	6.918596e-11	2.931692e-11	1.680518e-11	5.940374e-12	5.871992e-12	5.877417e-12	3.745532e-12
53	0.6999968	0.3910635	0.1068221	0.09558766	0.0918708	0.08342692	0.07931537	0.07862933	0.08002374	0.08143339	0.08271698	0.003052528	0.002204397	0.002189097	2.431321e-05	9.135025e-06	8.290646e-07	3.917182e-07	6.654477e-08	2.673158e-09	1.105243e-09	8.166884e-10	6.475241e-10	6.02008e-10	6.608329e-11	2.779702e-11	1.576725e-11	5.331497e-12	5.260416e-12	5.255802e-12
54	0.6877692	0.4503115	0.3888057	0.1046727	0.09348571	0.08973331	0.08125481	0.07720928	0.07859496	0.0799896	0.08139963	0.08268276	0.003017735	0.002203981	0.002188714	2.397972e-05	9.029323e-06	8.209157e-07	3.862659e-07	6.564152e-08	2.634955e-09	1.08951e-09	8.045158e-10	6.377582e-10	5.928981e-10	6.523526e-11	2.741726e-11	1.554876e-11	5.280893e-12	5.212919e-12
55	0.6430292	0.5765192	0.4404082	0.3872084	0.1033408	0.09273565	0.08901227	0.08057895	0.07689276	0.0782738	0.07966727	0.08107604	0.08235359	0.002682193	0.00220249	0.00218744	2.297687e-05	8.446971e-06	7.784923e-07	3.626678e-07	6.12225e-08	2.368196e-09	9.270009e-10	6.673207e-10	5.369133e-10	4.931931e-10	5.612638e-11	2.540977e-11	1.424815e-11	4.737861e-12
56	0.3714052	0.3329654	0.315344	0.2172421	0.1874662	0.02683389	0.01854937	0.01365172	0.007308115	0.002496319	0.002276875	0.002011784	0.001720399	0.001458867	0.0009796755	0.0004676797	0.0004330554	1.950233e-05	6.48351e-06	5.510992e-07	2.924161e-07	4.920289e-08	1.834864e-09	6.501086e-10	4.83024e-10	3.938894e-10	3.550842e-10	4.716252e-11	2.121932e-11	1.201332e-11
57	0.5071749	0.2759752	0.2671132	0.2582538	0.1962321	0.1840118	0.0246132	0.01738261	0.01273611	0.006688346	0.00211915	0.001905368	0.00166956	0.001414944	0.001158168	0.000680656	0.000451338	0.0004178456	6.290333e-06	2.273447e-06	2.594549e-07	9.182099e-08	1.261174e-08	4.960388e-10	2.353542e-10	1.818743e-10	1.495753e-10	1.431608e-10	1.402051e-11	6.732706e-12
58	0.629094	0.2645895	0.2142955	0.2086841	0.1991226	0.1948001	0.1830428	0.02395466	0.01699912	0.01244993	0.006506441	0.002035157	0.001825024	0.00159356	0.001343878	0.001091427	0.0006173884	0.0004500513	0.0004174175	6.065117e-06	2.151561e-06	2.531715e-07	8.784756e-08	1.186565e-08	4.675244e-10	2.238687e-10	1.724738e-10	1.419776e-10	1.360529e-10	1.179626e-11
59	0.2230244	0.151263	0.09801861	0.05939014	0.05218849	0.04738924	0.04164919	0.03026101	0.01862486	0.01297529	0.009288909	0.00476526	0.001158267	0.0009782147	0.0007795046	0.0005673058	0.0003600361	0.0001828994	4.556989e-05	1.420896e-05	5.714784e-06	2.100429e-06	2.440451e-07	8.059889e-08	1.066821e-08	4.30351e-10	1.961305e-10	1.500399e-10	1.222003e-10	1.157761e-10
60	0.3938308	0.1764406	0.1419141	0.09197605	0.05542413	0.0489456	0.04456324	0.03981394	0.02920286	0.01786467	0.01265845	0.009064513	0.00464129	0.001125169	0.0009495349	0.0007565666	0.00055077	0.0003486269	0.000175857	4.279208e-05	1.217701e-05	3.872953e-06	1.796781e-06	2.249246e-07	6.921009e-08	9.130642e-09	3.601887e-10	1.632485e-10	1.235406e-10	1.003167e-10
61	0.4887442	0.1885157	0.1011516	0.0753764	0.03299965	0.02627123	0.01987039	0.01751036	0.01516065	0.006622159	0.004054015	0.003009902	0.002289116	0.0009188784	0.0002135309	0.0001781318	0.0001344054	9.314836e-05	5.877321e-05	3.132597e-05	1.083488e-05	6.238973e-06	3.025561e-06	1.727154e-06	2.113786e-07	5.827899e-08	7.254955e-09	3.122445e-10	1.218734e-10	8.195018e-11
62	0.3415835	0.183304	0.1412814	0.0603588	0.03653595	0.02291954	0.01727375	0.01392322	0.01216719	0.01013173	0.002444621	0.001408574	0.0009827829	0.0006891453	0.0003764483	9.379425e-05	7.983037e-05	5.912742e-05	3.819149e-05	2.466256e-05	1.421527e-05	5.854963e-06	4.036929e-06	2.887891e-06	1.687587e-06	1.933709e-07	4.294674e-08	6.830622e-09	2.82844e-10	9.403129e-11
63	0.4918056	0.216435	0.1820966	0.1407953	0.06007519	0.03626569	0.02266716	0.01716463	0.01381501	0.01206328	0.01004453	0.00240115	0.001381874	0.0009639822	0.0006755353	0.0003683731	9.207409e-05	7.83618e-05	5.793142e-05	3.728899e-05	2.406975e-05	1.388996e-05	5.739845e-06	3.968782e-06	2.850605e-06	1.661974e-06	1.885814e-07	4.204645e-08	6.820169e-09	2.82597e-10
64	0.4049051	0.1234173	0.1120674	0.08327818	0.0577147	0.04905744	0.02639741	0.01407035	0.009783846	0.006650775	0.00503324	0.003587541	0.0005102951	0.0002719058	0.0001937314	0.0001400139	7.927465e-05	2.791325e-05	2.559592e-05	1.761761e-05	8.009468e-06	5.494107e-06	3.594008e-06	2.188377e-06	1.85882e-06	1.404701e-06	7.772973e-07	5.019805e-08	3.402938e-08	6.408907e-09
65	0.1042996	0.0860813	0.0495866	0.04558795	0.02857609	0.02089588	0.01756728	0.01001065	0.00541594	0.003870617	0.002702091	0.002039296	0.001439707	0.0001818507	9.486959e-05	6.74375e-05	4.86584e-05	2.71362e-05	9.247036e-06	8.430114e-06	5.930683e-06	2.697861e-06	1.864592e-06	1.240253e-06	7.69248e-07	6.583511e-07	4.955026e-07	2.789946e-07	2.009426e-08	1.413696e-08
66	0.07980562	0.03634649	0.03024917	0.01610889	0.01469471	0.01069806	0.007650694	0.006428258	0.003501954	0.001910784	0.001333632	0.0009279709	0.0007009938	0.0004952691	6.226395e-05	3.232519e-05	2.293867e-05	1.656353e-05	9.153705e-06	3.09926e-06	2.821988e-06	1.953453e-06	8.890044e-07	6.145957e-07	4.093631e-07	2.545185e-07	2.187213e-07	1.647381e-07	9.293008e-08	6.85007e-09
67	0.04286878	0.01421681	0.006782281	0.005993855	0.00184003	0.001613077	0.001417783	0.0008725258	0.0006732724	0.0004437782	0.0002522668	0.0001538543	0.0001025987	7.761073e-05	5.449836e-05	7.258427e-06	3.767625e-06	2.677175e-06	1.952236e-06	1.044564e-06	3.541709e-07	3.224734e-07	2.163622e-07	9.663307e-08	6.67189e-08	4.436436e-08	2.7501e-08	2.405851e-08	1.82064e-08	1.036795e-08
68	0.004001015	0.002717408	0.001379575	0.0006590852	0.0006306338	0.0001017793	8.741068e-05	7.996111e-05	3.636783e-05	2.349135e-05	1.39913e-05	9.734516e-06	2.886009e-06	1.309556e-06	1.071056e-06	7.663732e-07	7.974235e-08	3.833237e-08	3.150243e-08	2.71234e-08	9.416888e-09	4.945051e-09	4.780457e-09	2.31957e-09	7.40929e-10	5.320797e-10	3.859802e-10	2.790991e-10	2.606467e-10	2.294038e-10
69	0.001847548	0.0002266715	0.0001421796	8.167639e-05	2.077222e-05	1.778321e-05	3.685505e-06	2.892292e-06	2.41414e-06	1.212271e-06	8.622662e-07	5.809226e-07	4.533754e-07	2.591185e-07	2.010195e-07	1.515124e-07	1.020409e-07	5.577299e-09	2.603664e-09	2.029938e-09	1.643034e-09	8.987675e-10	4.820843e-10	4.696843e-10	2.963396e-10	8.084987e-11	5.761988e-11	4.014284e-11	2.884815e-11	2.580111e-11
70	0.1206425	0.001255116	0.0001613023	9.480845e-05	6.022053e-05	1.005863e-05	7.700297e-06	1.901049e-06	1.340671e-06	9.928953e-07	4.96298e-07	3.443253e-07	2.219338e-07	1.744097e-07	8.88068e-08	6.192502e-08	4.653236e-08	3.182327e-08	2.50058e-09	1.178438e-09	9.095734e-10	7.285244e-10	4.089931e-10	1.926919e-10	1.858899e-10	1.186903e-10	4.842499e-11	3.657582e-11	2.585474e-11	1.846235e-11
71	0.1090824	0.08344384	0.0008997396	0.0001139268	6.383891e-05	5.471914e-05	7.541575e-06	5.435088e-06	1.409732e-06	9.304179e-07	6.224725e-07	2.843691e-07	1.779951e-07	9.841043e-08	7.86896e-08	2.093228e-08	1.042323e-08	8.035509e-09	6.014721e-09	9.608082e-10	3.90109e-10	3.072734e-10	2.536194e-10	1.155754e-10	6.18656e-11	5.86586e-11	3.755095e-11	2.475242e-11	2.059716e-11	1.553496e-11
72	0.1267593	0.1063768	0.08080651	0.0008868176	0.0001119482	6.294057e-05	5.439305e-05	7.395959e-06	5.29627e-06	1.385232e-06	9.103058e-07	6.038178e-07	2.760805e-07	1.724925e-07	9.495009e-08	7.613252e-08	1.992433e-08	9.802814e-09	7.528254e-09	5.634894e-09	9.174086e-10	3.719599e-10	2.928302e-10	2.415371e-10	1.0964e-10	5.830595e-11	5.631397e-11	3.599125e-11	2.387044e-11	1.98552e-11
73	0.1446476	0.1156026	0.1017233	0.07639702	0.0008340558	0.0001067975	6.226976e-05	5.430687e-05	7.345388e-06	5.251919e-06	1.374463e-06	9.026746e-07	5.968044e-07	2.726016e-07	1.696743e-07	9.260383e-08	7.409123e-08	1.817492e-08	8.119165e-09	7.125102e-09	5.281249e-09	6.551258e-10	2.140578e-10	1.817087e-10	1.62956e-10	6.637009e-11	4.68604e-11	4.643301e-11	2.801143e-11	1.785603e-11
74	0.9781295	0.1429236	0.1140376	0.1005456	0.07540353	0.0003901745	6.317913e-05	2.109967e-05	1.277849e-05	6.93949e-06	4.841912e-06	9.714662e-07	8.615954e-07	5.553763e-07	2.318798e-07	1.684989e-07	9.172702e-08	7.342632e-08	1.771901e-08	7.742308e-09	6.801385e-09	5.138177e-09	6.140505e-10	1.894457e-10	1.640992e-10	1.499677e-10	5.866041e-11	4.366744e-11	4.368321e-11	2.565693e-11
75	0.03393082	0.03389981	0.03167244	0.03124486	0.02900339	0.02871945	0.0002620825	5.217232e-05	1.299983e-05	7.712912e-06	3.246658e-06	3.112351e-06	4.491815e-07	3.692019e-07	3.422288e-07	1.243541e-07	8.559036e-08	6.164947e-08	5.205202e-08	1.043181e-08	3.854056e-09	3.489159e-09	2.526778e-09	3.203983e-10	9.053056e-11	8.142832e-11	7.730237e-11	2.974687e-11	2.456152e-11	2.475232e-11
76	0.03042352	0.02488241	0.02487792	0.02425094	0.02388675	0.02293187	0.02293039	0.0002566775	5.197345e-05	1.288412e-05	7.647506e-06	3.201267e-06	3.086847e-06	4.429566e-07	3.634809e-07	3.382416e-07	1.224636e-07	8.412392e-08	6.078272e-08	5.15441e-08	1.015811e-08	3.697358e-09	3.368379e-09	2.440619e-09	3.111263e-10	8.631785e-11	7.829306e-11	7.48808e-11	2.854835e-11	2.404326e-11
77	0.9219119	0.02905459	0.02480571	0.0248013	0.02417818	0.02381785	0.02288997	0.02289529	0.0002378428	5.156587e-05	1.2815e-05	7.640481e-06	3.198058e-06	3.083832e-06	4.424064e-07	3.630088e-07	3.378087e-07	1.222427e-07	8.396464e-08	6.067247e-08	5.145863e-08	1.010625e-08	3.655159e-09	3.336527e-09	2.419331e-09	3.102804e-10	8.594183e-11	7.799268e-11	7.463081e-11	2.841515e-11
78	0.9368516	0.9118767	0.02797863	0.02379387	0.02378961	0.02317536	0.0228274	0.02249901	0.02266596	0.0002289559	4.802349e-05	1.245109e-05	7.474325e-06	3.12084e-06	3.00983e-06	4.303671e-07	3.527569e-07	3.283519e-07	1.17871e-07	8.111915e-08	5.897977e-08	5.0287e-08	9.769554e-09	3.512469e-09	3.21812e-09	2.335194e-09	3.011169e-10	8.150942e-11	7.433236e-11	7.145962e-11
79	0.937691	0.9364831	0.9117803	0.02789737	0.02371769	0.02371349	0.02310337	0.0227598	0.0224661	0.02264204	0.0002272651	4.79219e-05	1.241856e-05	7.465329e-06	3.115597e-06	3.004835e-06	4.29292e-07	3.517774e-07	3.275655e-07	1.175023e-07	8.093606e-08	5.885673e-08	5.019139e-08	9.710422e-09	3.463918e-09	3.181362e-09	2.310423e-09	3.000188e-10	8.102839e-11	7.39539e-11
80	0.9347581	0.9326109	0.9319595	0.9108311	0.02745702	0.02351173	0.02350758	0.02289769	0.02255946	0.02236542	0.02256763	0.0002038362	4.710669e-05	1.234217e-05	7.433459e-06	3.100418e-06	2.990217e-06	4.268647e-07	3.496912e-07	3.257219e-07	1.167087e-07	8.046293e-08	5.856004e-08	4.99752e-08	9.617226e-09	3.402454e-09	3.133174e-09	2.277922e-09	2.978998e-10	8.007597e-11
81	0.9657144	0.943873	0.9421925	0.941663	0.9215305	0.02644002	0.02246475	0.02246084	0.02184531	0.02158298	0.02138832	0.02158637	0.0001351315	4.070069e-05	6.56356e-06	3.369294e-06	1.910152e-06	1.862751e-06	2.530591e-07	2.176227e-07	2.028555e-07	6.917449e-08	4.50498e-08	2.726432e-08	1.995223e-08	5.623955e-09	2.671058e-09	2.469467e-09	2.110914e-09	2.368573e-10
82	0.2857396	0.2628177	0.2454167	0.243838	0.2434093	0.2277231	0.02137076	0.01773073	0.01772762	0.01710387	0.01687994	0.01668794	0.01683572	5.62553e-05	7.091432e-06	4.7377e-06	2.465365e-06	1.399489e-06	1.363836e-06	1.889695e-07	1.624808e-07	1.514895e-07	5.302416e-08	3.433644e-08	2.058225e-08	1.490266e-08	4.341444e-09	2.090279e-09	1.903013e-09	1.603251e-09
83	0.07368798	0.06695565	0.04394908	0.03099788	0.02950919	0.02915948	0.01786175	0.0149261	0.0130075	0.0130052	0.01237296	0.01218561	0.01198909	0.01208241	3.907994e-05	4.300659e-06	3.141009e-06	1.632322e-06	8.872272e-07	8.616523e-07	1.259154e-07	1.07502e-07	1.002285e-07	3.74371e-08	2.413287e-08	1.453727e-08	1.05588e-08	3.143203e-09	1.538089e-09	1.363951e-09
84	0.7865372	0.06021756	0.05423156	0.03099745	0.02132513	0.0198936	0.01959072	0.01142422	0.009599591	0.00955466	0.009552885	0.008911737	0.008747668	0.008530242	0.00857803	2.779311e-05	2.911028e-06	2.126923e-06	1.034917e-06	5.001089e-07	4.803058e-07	8.038618e-08	6.759134e-08	6.290295e-08	2.727545e-08	1.765722e-08	1.065483e-08	7.747247e-09	2.409751e-09	1.218813e-09
85	0.1029954	0.08439377	0.04988615	0.04589421	0.02260359	0.01434132	0.01293444	0.01266613	0.007256372	0.006057544	0.006029713	0.006028406	0.006027885	0.005891118	0.005650684	0.005657344	1.863686e-05	1.937662e-06	1.415365e-06	6.87339e-07	3.322005e-07	3.188835e-07	5.36185e-08	4.514089e-08	4.199921e-08	1.834916e-08	1.194876e-08	7.260202e-09	5.28405e-09	1.721527e-09
86	0.03410109	0.03276556	0.02824493	0.01754152	0.0136394	0.01347958	0.006614403	0.006543913	0.006310025	0.003666831	0.003093433	0.003079841	0.003079164	0.003078841	0.003020007	0.00275248	0.002716308	9.458135e-06	9.614292e-07	7.00008e-07	3.365258e-07	1.630295e-07	1.559024e-07	2.661918e-08	2.249985e-08	2.089217e-08	9.357939e-09	6.224789e-09	3.884958e-09	2.86186e-09
87	0.00659438	0.004650386	0.004103785	0.0029912	0.001239509	0.001202913	0.001130492	0.0009613434	0.0009287564	0.0009137468	0.0006375104	0.0005982927	0.0005968712	0.0005966313	0.0005964933	0.0005612567	0.0002758917	0.000201921	1.592802e-06	1.249041e-07	8.788259e-08	3.730756e-08	1.827424e-08	1.647351e-08	3.464145e-09	3.055885e-09	2.766953e-09	1.608201e-09	1.267884e-09	9.410333e-10
88	0.01733989	0.002777516	0.001330419	0.001308668	0.001082592	0.0003587488	0.0003371537	0.000323284	0.0002470867	0.0002445433	0.0002330905	0.0001385578	0.0001285283	0.0001280006	0.0001279395	0.0001278831	0.0001179785	5.625754e-05	4.03798e-05	3.86632e-07	4.847914e-08	3.677241e-08	1.680408e-08	8.267492e-09	7.787521e-09	1.393099e-09	1.2128e-09	1.115799e-09	5.733183e-10	4.178053e-10
89	0.03079288	0.005431193	0.0005602931	0.0004692388	0.0004603256	0.0003501451	0.000201252	0.0001986256	0.0001934435	0.0001391025	0.0001375134	0.000127656	8.334062e-05	7.805057e-05	7.766138e-05	7.765459e-05	7.762732e-05	7.680026e-05	2.987605e-05	1.719873e-05	2.377904e-07	3.123369e-08	2.555903e-08	1.294619e-08	6.263833e-09	6.022835e-09	9.682258e-10	8.332049e-10	7.714985e-10	3.554848e-10
90	0.06496897	0.02088804	0.004574458	0.0004679991	0.0003826169	0.0003748549	0.00027338	0.0001320201	0.0001297212	0.0001255357	0.000121628	0.0001214904	0.0001120512	7.638084e-05	7.26694e-05	7.256984e-05	7.256678e-05	7.254113e-05	7.212815e-05	2.462778e-05	1.170345e-05	1.748201e-07	3.634627e-09	1.723539e-09	6.17803e-10	2.961549e-10	2.599589e-10	8.533958e-11	7.534583e-11	6.63571e-11
91	0.178426	0.06543417	0.02110425	0.004634457	0.0004731527	0.0003866604	0.0003787988	0.0002758604	0.000132328	0.0001300003	0.000125776	0.0001230924	0.0001229905	0.0001134171	7.747695e-05	7.37481e-05	7.365031e-05	7.364728e-05	7.362247e-05	7.321408e-05	2.495628e-05	1.182221e-05	1.762334e-07	2.967792e-09	1.12126e-09	3.076658e-10	1.488031e-10	1.174422e-10	6.385257e-11	5.699041e-11
92	0.4232133	0.1690067	0.06509227	0.02092807	0.004568204	0.0004675916	0.0003829236	0.0003752162	0.0002740528	0.0001310627	0.0001287591	0.0001244966	0.0001220648	0.0001219699	0.0001122452	7.583406e-05	7.209421e-05	7.199954e-05	7.199655e-05	7.197646e-05	7.157983e-05	2.455188e-05	1.175336e-05	1.725889e-07	2.737006e-09	1.012447e-09	2.557784e-10	1.20008e-10	9.268367e-11	5.818844e-11
93	0.4599913	0.3690406	0.1512488	0.06414951	0.02046337	0.004449859	0.0004552628	0.0003753224	0.0003678785	0.0002698516	0.0001285145	0.0001262599	0.0001219827	0.0001197595	0.0001196749	0.0001097972	7.305496e-05	6.928943e-05	6.919885e-05	6.919624e-05	6.918316e-05	6.885736e-05	2.378425e-05	1.151526e-05	1.660488e-07	2.205588e-09	8.386296e-10	1.987003e-10	9.839843e-11	7.666125e-11
94	0.08964517	0.07781097	0.07125159	0.01042281	0.003013989	0.00182745	0.0007646794	0.0001073362	9.890701e-05	9.826586e-05	8.409557e-05	1.019793e-05	9.402002e-06	5.698459e-06	5.071492e-06	5.060901e-06	5.017284e-06	3.898709e-06	1.145336e-06	1.119686e-06	1.119183e-06	1.1085e-06	1.097385e-06	8.264136e-07	7.61395e-07	5.552604e-09	2.532626e-10	9.487355e-11	1.320918e-11	8.577297e-12
95	0.2978228	0.02404723	0.01661403	0.01300138	0.004868064	0.001354276	0.0009879777	0.0006692321	0.0001018877	9.422826e-05	9.366261e-05	8.028868e-05	5.97586e-06	5.185646e-06	1.435669e-06	8.461462e-07	8.384125e-07	8.068534e-07	3.683756e-07	2.872581e-07	2.651506e-07	2.648681e-07	2.541083e-07	2.518044e-07	2.295465e-07	2.26221e-07	2.722713e-09	1.256649e-10	4.3382e-11	6.588437e-12
96	0.110059	0.07127338	0.01457249	0.01047559	0.008583039	0.003792058	0.0007415916	0.0004447738	0.0001376437	0.0001033426	9.556765e-05	9.499437e-05	8.140766e-05	5.789626e-06	4.986255e-06	1.176728e-06	5.896724e-07	5.830053e-07	5.624838e-07	3.000598e-07	2.500871e-07	2.486026e-07	2.483418e-07	2.374239e-07	2.364818e-07	2.199678e-07	2.179357e-07	2.651464e-09	1.053733e-10	2.574644e-11
97	0.3006309	0.07493752	0.05483751	0.01229946	0.009000953	0.007520972	0.003082819	0.0007408667	0.0004423015	0.0001316186	9.720466e-05	8.930008e-05	8.92492e-05	8.235862e-05	5.696183e-06	5.055186e-06	1.177201e-06	5.854287e-07	5.787908e-07	5.583256e-07	2.935832e-07	2.430764e-07	2.416004e-07	2.415835e-07	2.304683e-07	2.29698e-07	2.20521e-07	2.205799e-07	2.671255e-09	1.04207e-10
98	0.543177	0.2934369	0.0664161	0.04933154	0.01113139	0.008169673	0.006862974	0.0030336	0.0007338054	0.0004329444	0.0001244661	9.178619e-05	9.090346e-05	9.085176e-05	8.383448e-05	5.75307e-06	5.100251e-06	1.152179e-06	5.528726e-07	5.463622e-07	5.27809e-07	2.928665e-07	2.46756e-07	2.454384e-07	2.454224e-07	2.34122e-07	2.33343e-07	2.242507e-07	2.244703e-07	2.711263e-09
99	0.77025	0.5082948	0.291979	0.06270193	0.04629445	0.01071349	0.007898309	0.006773728	0.003059089	0.0007450955	0.0004398057	0.000125873	9.284407e-05	9.259287e-05	9.254026e-05	8.539216e-05	5.839437e-06	5.174355e-06	1.1523e-06	5.433748e-07	5.368328e-07	5.183789e-07	2.857459e-07	2.398301e-07	2.385152e-07	2.384993e-07	2.382821e-07	2.374987e-07	2.283941e-07	2.287306e-07
100	0.8566132	0.6566394	0.4773868	0.2781939	0.05742588	0.04237086	0.01029741	0.007726043	0.006678425	0.002996513	0.0006644214	0.0003548497	3.598213e-05	2.465283e-06	2.210477e-06	2.179522e-06	1.88831e-06	1.640127e-06	1.18493e-06	1.153688e-06	5.465516e-07	5.405766e-07	5.235254e-07	2.888179e-07	2.424321e-07	2.411012e-07	2.410879e-07	2.408685e-07	2.406209e-07	2.320532e-07
101	0.7426001	0.6532681	0.4662782	0.3006549	0.2280704	0.02083127	0.01682165	0.002216815	0.001351148	0.001006731	0.0004645411	0.0001402678	9.511683e-05	9.457055e-06	3.657843e-07	2.94016e-07	2.803597e-07	1.983936e-07	1.277314e-07	1.258842e-07	1.179408e-07	1.0938e-07	1.061264e-07	1.033951e-07	7.481979e-08	6.835208e-08	6.805495e-08	6.805149e-08	6.802582e-08	6.783766e-08
102	0.6404198	0.6332905	0.6266102	0.4363558	0.2723016	0.2231177	0.01324478	0.01059042	0.0009873021	0.00045329	0.0002470751	8.627156e-05	2.578906e-05	1.871077e-05	1.895784e-06	8.187422e-08	6.67288e-08	6.519369e-08	4.722869e-08	3.049042e-08	2.979823e-08	2.678456e-08	2.185739e-08	2.173686e-08	2.074334e-08	1.634732e-08	1.45559e-08	1.449466e-08	1.449346e-08	1.448984e-08
103	0.2217296	0.2193407	0.2165302	0.2116315	0.2098204	0.04553457	0.01000498	0.008217851	0.006282927	0.0005323556	0.0002149214	9.240205e-05	1.762512e-05	2.115724e-06	1.417984e-06	1.63505e-07	1.25039e-08	1.078871e-08	1.058128e-08	8.299904e-09	6.441619e-09	6.382992e-09	6.265188e-09	3.460471e-09	3.409243e-09	2.959567e-09	1.938684e-09	1.79075e-09	1.783034e-09	1.782022e-09
104	0.1195874	0.0324471	0.03193802	0.03087552	0.02684259	0.02680269	0.02643213	0.004378225	0.003286242	0.002136422	0.0001834022	7.450251e-05	3.165572e-05	7.284333e-06	7.199468e-07	4.118916e-07	6.121598e-08	5.503401e-09	4.580995e-09	4.4832e-09	3.361055e-09	2.434253e-09	2.40924e-09	2.38655e-09	1.514561e-09	1.499368e-09	1.061545e-09	9.234425e-10	8.90321e-10	8.860509e-10
105	0.1031805	0.09050996	0.002991716	0.002536397	0.00232289	0.002127177	0.002106534	0.001894101	0.0004769488	0.000241166	0.0001468546	2.193203e-05	1.407477e-05	9.49084e-06	3.368693e-06	6.167143e-07	3.521964e-07	5.403724e-08	4.301618e-09	3.437272e-09	3.354941e-09	2.341341e-09	1.495011e-09	1.47637e-09	1.461694e-09	1.388238e-09	1.384217e-09	9.396908e-10	8.573239e-10	8.316435e-10
106	0.4453905	0.09137918	0.09053426	0.001593406	0.001261021	0.001118112	0.0009768773	0.0009756218	0.0008623561	0.0001405752	0.0001034714	5.827612e-05	1.335607e-05	9.913745e-06	6.992319e-06	2.383046e-06	3.228673e-07	1.363076e-07	3.240314e-08	3.070035e-09	2.361594e-09	2.295011e-09	1.478745e-09	7.901838e-10	7.755256e-10	7.663679e-10	7.311938e-10	7.296334e-10	7.281638e-10	6.886523e-10
107	0.1253296	0.1084908	0.0919183	0.09165185	0.0008614397	0.0005701039	0.0004600515	0.0003565314	0.0003561303	0.0002988967	4.497462e-05	3.143823e-05	1.491279e-05	3.164339e-06	2.067637e-06	1.476492e-06	6.502138e-07	1.557887e-07	6.155966e-08	1.650225e-08	1.597609e-09	1.218428e-09	1.183415e-09	7.532223e-10	3.902621e-10	3.826032e-10	3.800157e-10	3.676887e-10	3.673751e-10	3.671057e-10
108	0.0347801	0.01660808	0.00928491	0.0008901044	0.0008292147	0.0005554186	0.0002658286	0.0002414315	0.0001616177	0.0001614092	0.0001081234	1.651077e-05	1.11805e-05	4.683532e-06	1.137921e-06	8.74443e-07	6.525784e-07	2.188732e-07	1.119313e-07	4.502415e-08	1.195881e-08	1.151208e-09	8.771598e-10	8.518786e-10	5.408083e-10	2.783314e-10	2.728151e-10	2.708339e-10	2.660579e-10	2.65874e-10
109	0.737079	0.0304845	0.01471644	0.008363365	0.0005757511	0.0005254064	0.0002507279	0.0002288598	0.0002055527	0.0001266997	0.0001265242	7.808659e-05	1.206118e-05	8.183792e-06	3.599397e-06	9.623879e-07	7.53371e-07	5.612415e-07	2.006026e-07	1.136932e-07	4.575632e-08	1.216438e-08	1.170883e-09	8.920328e-10	8.663118e-10	5.497857e-10	2.827182e-10	2.771125e-10	2.751e-10	2.707067e-10
110	0.6717361	0.5664564	0.01579321	0.00658342	0.002843703	0.0004107324	0.0003815598	0.0001726124	0.000170558	0.0001559989	7.936482e-05	7.929351e-05	4.302071e-05	6.609414e-06	4.645904e-06	2.148991e-06	5.889593e-07	4.458494e-07	3.009153e-07	5.736213e-08	4.218642e-09	2.700175e-09	3.072914e-10	2.289005e-11	1.955816e-11	1.91259e-11	1.385571e-11	9.540281e-12	9.432582e-12	8.8314e-12
111	0.5875339	0.5554005	0.5478613	0.01071339	0.005409793	0.0022624	0.0001024783	8.549624e-05	8.336161e-05	8.137693e-05	7.995078e-05	7.702385e-05	7.695448e-05	4.059722e-05	6.20261e-06	4.348404e-06	1.988276e-06	5.194458e-07	3.833217e-07	2.623054e-07	5.065573e-08	3.878622e-09	2.556622e-09	2.740294e-10	2.021176e-11	1.748754e-11	1.710933e-11	1.249676e-11	8.739199e-12	8.643602e-12
112	0.6679047	0.5423093	0.5280304	0.5221424	0.008431091	0.004158733	0.001830548	8.245228e-05	6.91872e-05	6.731925e-05	6.58342e-05	6.477823e-05	6.27485e-05	6.26915e-05	2.849162e-05	4.508141e-06	3.199341e-06	1.553512e-06	4.147069e-07	2.968508e-07	2.086671e-07	4.202114e-08	3.796518e-09	2.522999e-09	2.60833e-10	1.875064e-11	1.638105e-11	1.603225e-11	1.176576e-11	8.30784e-12
113	0.216189	0.1359407	0.1104828	0.09958222	0.09772624	0.005976519	0.002796366	0.001251864	3.57816e-05	2.645478e-05	2.476653e-05	2.332487e-05	2.25401e-05	2.128122e-05	2.126236e-05	1.710667e-05	2.85868e-06	2.049693e-06	1.085236e-06	2.924819e-07	1.944898e-07	1.533038e-07	3.185724e-08	3.676256e-09	2.472362e-09	2.538872e-10	1.813713e-11	1.585322e-11	1.551525e-11	1.142846e-11
114	0.2041654	0.1740915	0.096743	0.07740381	0.07540174	0.07356782	0.00458985	0.002199367	0.0009608707	3.047743e-05	2.271421e-05	2.12599e-05	1.981824e-05	1.916171e-05	1.818791e-05	1.817228e-05	1.44777e-05	2.339639e-06	1.691785e-06	9.047335e-07	2.195877e-07	1.613448e-07	1.352276e-07	2.944841e-08	3.666945e-09	2.473213e-09	2.533041e-10	1.76277e-11	1.533503e-11	1.500108e-11
115	0.5433866	0.05574706	0.03242328	0.02498976	0.01851495	0.01789812	0.01743585	0.001112504	0.0005639876	0.0002698152	7.576961e-06	5.825098e-06	5.058781e-06	3.893912e-06	3.614987e-06	3.415411e-06	3.412065e-06	2.724832e-06	4.910491e-07	3.563781e-07	1.90526e-07	5.144e-08	3.849683e-08	3.267899e-08	9.886189e-09	2.663469e-09	1.993548e-09	2.007463e-10	1.082938e-11	9.02994e-12
116	0.07351343	0.05804019	0.01536861	0.01435888	0.009166183	0.006240309	0.005994286	0.00566931	0.0003531785	0.0001723521	6.972684e-05	2.838539e-06	2.3147e-06	1.782167e-06	8.971417e-07	7.293506e-07	6.757712e-07	6.749766e-07	5.434304e-07	1.084237e-07	8.114126e-08	4.904584e-08	1.655239e-08	1.346078e-08	1.206716e-08	5.349234e-09	1.979896e-09	1.501945e-09	1.49138e-10	6.222868e-12
117	0.1395806	0.0457026	0.03883694	0.01163059	0.01126645	0.006364538	0.00361992	0.003480113	0.003171409	0.0002027939	0.0001003164	3.899861e-05	1.890728e-06	1.634299e-06	1.138134e-06	3.166788e-07	1.723053e-07	1.460008e-07	1.456919e-07	1.251238e-07	3.235538e-08	2.598053e-08	1.996495e-08	9.058973e-09	8.075711e-09	7.612535e-09	4.475694e-09	1.880352e-09	1.431058e-09	1.419144e-10
118	0.1217914	0.05188113	0.03370204	0.02731209	0.008284488	0.008064807	0.00475402	0.002866852	0.00276449	0.002556897	0.000162983	8.030249e-05	3.14074e-05	1.311781e-06	1.130134e-06	7.685525e-07	2.415556e-07	1.442057e-07	1.254876e-07	1.252409e-07	1.100742e-07	2.814387e-08	2.273375e-08	1.745499e-08	7.375002e-09	6.446978e-09	6.022919e-09	3.400183e-09	1.254663e-09	9.176185e-10
119	0.5403156	0.1023874	0.04340832	0.02715156	0.02066602	0.005824226	0.005641367	0.003569026	0.002341642	0.002264397	0.002139288	0.0001358483	6.656888e-05	2.628271e-05	9.261243e-07	7.674148e-07	4.923334e-07	1.929975e-07	1.321117e-07	1.189199e-07	1.187157e-07	1.0703e-07	2.64855e-08	2.152709e-08	1.63746e-08	6.246302e-09	5.308771e-09	4.88408e-09	2.533529e-09	7.768742e-10
120	0.5664716	0.5180086	0.08284261	0.03073241	0.01605891	0.01337763	0.003898577	0.003748651	0.002673042	0.001987412	0.001927616	0.001868234	0.0001184533	5.771504e-05	2.293697e-05	6.183025e-07	4.741719e-07	2.66051e-07	1.548192e-07	1.234012e-07	1.146362e-07	1.144646e-07	1.05376e-07	2.549653e-08	2.085325e-08	1.577291e-08	5.534223e-09	4.581923e-09	4.15261e-09	1.865136e-09
121	0.876216	0.5412906	0.4990339	0.07274941	0.0239587	0.009798653	0.007106879	0.002502445	0.002391871	0.001871912	0.001814994	0.001764235	0.001740993	0.0001106785	5.367287e-05	2.140757e-05	4.487361e-07	3.108096e-07	1.376946e-07	1.338225e-07	1.188121e-07	1.125081e-07	1.123549e-07	1.048358e-07	2.511771e-08	2.06308e-08	1.562729e-08	5.221911e-09	4.249575e-09	3.823176e-09
122	0.9335098	0.8458439	0.5384012	0.5006942	0.06275681	0.02045107	0.007073943	0.006247701	0.002219358	0.002116579	0.001589032	0.001538718	0.001500112	0.001476695	9.200518e-05	4.435215e-05	1.814381e-05	2.74492e-07	1.435981e-07	1.307696e-07	1.281811e-07	1.134924e-07	1.075906e-07	1.074399e-07	9.989736e-08	2.398105e-08	1.964533e-08	1.485585e-08	4.434807e-09	3.450662e-09
123	0.880525	0.8502252	0.7729139	0.5156729	0.4803894	0.05886825	0.01969501	0.00669133	0.005850818	0.002086826	0.001981788	0.001437875	0.001406454	0.0013731	0.001349068	8.295308e-05	3.99129e-05	1.664874e-05	2.61087e-07	1.339424e-07	1.233082e-07	1.207101e-07	1.059448e-07	1.005515e-07	1.004187e-07	9.282221e-08	2.29112e-08	1.883953e-08	1.439621e-08	4.054893e-09
124	0.922571	0.8652589	0.8414994	0.7621203	0.5268117	0.4949612	0.05898613	0.01930775	0.006362489	0.005502008	0.001618968	0.001510424	0.001430673	0.001398804	0.001365014	0.001363576	8.364393e-05	4.036235e-05	1.682765e-05	2.516716e-07	1.252022e-07	1.144693e-07	1.118102e-07	9.682946e-08	9.207767e-08	9.197911e-08	8.429262e-08	2.205047e-08	1.829866e-08	1.429563e-08
125	0.7684368	0.7314845	0.7089263	0.7007618	0.675478	0.5124421	0.4872331	0.03929215	0.009568599	0.003416279	0.002599362	0.001104497	0.00102825	0.001008371	0.000988494	0.0009565015	0.0009554519	6.506587e-05	3.177029e-05	1.147388e-05	1.545936e-07	9.693072e-08	8.728554e-08	8.464879e-08	7.2887e-08	6.88911e-08	6.880194e-08	6.107116e-08	1.230625e-08	9.522475e-09
126	0.7662843	0.739661	0.7110716	0.690091	0.6819141	0.6672254	0.5263833	0.5032435	0.03866203	0.008534432	0.003413066	0.002591211	0.001105226	0.001036673	0.0010171	0.0009970747	0.0009643484	0.0009633182	6.564592e-05	3.223369e-05	1.155317e-05	1.38935e-07	8.541439e-08	7.59693e-08	7.467987e-08	6.286781e-08	5.94856e-08	5.941055e-08	5.16002e-08	1.03751e-08
127	0.7818192	0.721596	0.6985994	0.6767722	0.6580337	0.6499511	0.6432505	0.5334911	0.513408	0.03105046	0.0069822	0.002458999	0.001619867	0.001114628	0.001044352	0.001024556	0.001006083	0.0009725506	0.0009715111	6.624038e-05	3.272686e-05	1.163246e-05	1.191639e-07	7.132804e-08	6.191483e-08	6.063931e-08	4.88334e-08	4.635085e-08	4.629209e-08	3.840205e-08
128	0.8337353	0.7607927	0.7025661	0.6821764	0.6658365	0.6488817	0.6408462	0.6367878	0.5449911	0.5267342	0.0257161	0.005849039	0.002185843	0.001342066	0.0009328572	0.0008612614	0.0008472952	0.0008316823	0.0008036804	0.00080283	5.475952e-05	2.70598e-05	9.617441e-06	9.842533e-08	6.040682e-08	5.382963e-08	5.277928e-08	4.09615e-08	3.890287e-08	3.884947e-08
129	0.2804467	0.2773365	0.2107524	0.1674357	0.1527251	0.1402226	0.1248588	0.1169464	0.1128746	0.04065979	0.02414873	0.01967882	0.004569906	0.001872969	0.001008673	0.0007227716	0.000649744	0.0006396272	0.0006292217	0.0006076508	0.0006070517	4.143818e-05	2.049963e-05	7.288659e-06	7.713177e-08	4.932222e-08	4.510209e-08	4.430001e-08	3.247349e-08	3.082386e-08
130	0.2286031	0.2249769	0.2238607	0.1544183	0.1275644	0.115586	0.1062761	0.09235233	0.09054768	0.08654785	0.03115494	0.01608552	0.01297017	0.003282599	0.001584634	0.0006966931	0.0004992515	0.0004246069	0.0004196179	0.0004128052	0.0003981638	0.0003978933	2.715322e-05	1.345331e-05	4.795871e-06	5.667814e-08	3.945518e-08	3.731193e-08	3.67732e-08	2.489948e-08
131	0.1787901	0.1758748	0.174077	0.1731202	0.1005965	0.07846802	0.07307824	0.06682228	0.05483849	0.05338437	0.04939153	0.007994534	0.003631355	0.002667305	0.0009388058	0.0002630339	0.0002200616	0.0001560171	7.930088e-05	7.541097e-05	7.315029e-05	6.977306e-05	6.960215e-05	4.527433e-06	2.223045e-06	8.860764e-07	2.707309e-08	2.029984e-08	1.941377e-08	1.902686e-08
132	0.3525435	0.1334457	0.1317718	0.1312799	0.1304616	0.0544003	0.03254754	0.0307146	0.02853356	0.02211788	0.02088492	0.01709812	0.002743485	0.00121732	0.0008714836	0.0003308914	0.000101363	6.516262e-05	2.499583e-05	2.48919e-05	2.243986e-05	2.166309e-05	2.110055e-05	2.102912e-05	1.455587e-06	6.921664e-07	2.941453e-07	9.287659e-09	7.03121e-09	6.726333e-09
133	0.7118313	0.2776009	0.05141487	0.04970686	0.04926757	0.04918757	0.04896352	0.0269207	0.02535313	0.02374857	0.01729498	0.01605196	0.01208825	0.001954016	0.000882463	0.0006252921	0.0002542052	9.156755e-05	5.490837e-05	1.674867e-05	1.666762e-05	1.562788e-05	1.507679e-05	1.468345e-05	1.465472e-05	1.031261e-06	4.982893e-07	2.17973e-07	6.517404e-09	4.942343e-09
134	0.3283099	0.3190984	0.2438549	0.0219991	0.02025629	0.01985028	0.01983006	0.01981788	0.0196758	0.01839295	0.01741436	0.01091311	0.01077534	0.006614438	0.001103535	0.0005211853	0.0003634105	0.0001691813	7.897682e-05	4.177275e-05	8.876657e-06	8.821069e-06	7.958239e-06	7.725895e-06	7.525112e-06	7.510418e-06	5.137622e-07	2.390841e-07	9.214532e-08	3.506048e-09
135	0.2781246	0.2741844	0.2683056	0.2384735	0.008120153	0.006335053	0.006029375	0.006023749	0.006019814	0.006002024	0.005946419	0.005596542	0.005528266	0.005431683	0.001068571	0.0002268423	0.0001384497	7.801376e-05	5.503742e-05	3.749993e-05	3.211873e-05	1.218035e-06	1.188007e-06	4.939939e-07	4.711314e-07	4.615822e-07	4.604078e-07	3.106231e-08	1.318633e-08	5.900916e-09
136	0.4252245	0.04349451	0.04059637	0.03492398	0.008937581	0.008290801	0.006396099	0.006072789	0.006068099	0.006066727	0.006054414	0.006005382	0.005653175	0.005589097	0.005582643	0.0009474604	0.0001959257	0.0001172071	7.409527e-05	5.576874e-05	3.928479e-05	3.360734e-05	1.072455e-06	1.04123e-06	3.10226e-07	2.931509e-07	2.88385e-07	2.875592e-07	1.939154e-08	7.800416e-09
137	0.6082701	0.3903441	0.04177073	0.04005759	0.03423073	0.007036425	0.006434169	0.006420594	0.006077473	0.006072825	0.006071485	0.00605996	0.006014203	0.005908579	0.005864518	0.005858341	0.0009147617	0.000188405	0.0001124268	6.795423e-05	5.067618e-05	4.164538e-05	3.570549e-05	1.045332e-06	1.012542e-06	2.335077e-07	2.169494e-07	2.146797e-07	2.138437e-07	1.432023e-08
138	0.4109266	0.3907686	0.2619246	0.0310113	0.03035545	0.02880519	0.0009263267	0.0007472227	0.0007435767	0.0007403374	0.0007377505	0.0007367553	0.0007262104	0.0006973002	0.0006276564	0.0006041581	0.0006003683	0.0005986774	0.000149239	0.0001022688	5.934122e-05	4.30396e-05	3.82953e-05	3.807951e-05	1.008203e-06	9.897634e-07	1.579882e-07	1.434753e-07	1.421334e-07	1.413965e-07
139	0.4278222	0.3748606	0.3571138	0.2552222	0.03158904	0.03099644	0.02968081	0.000480833	0.0003724867	0.0003699672	0.0003677879	0.0003669256	0.0003663486	0.0003563249	0.0003370453	0.0002925775	0.00027923	0.0002772147	0.0002763275	8.903417e-05	6.393901e-05	6.04575e-05	4.448485e-05	4.097266e-05	4.078842e-05	1.020007e-06	1.000408e-06	1.070208e-07	9.379326e-08	9.303081e-08
140	0.2843609	0.2201076	0.1925743	0.1816454	0.09154211	0.0322199	0.03183265	0.03045695	0.0003293463	0.0002428107	0.0002405354	0.0002389182	0.0002385013	0.0002380879	0.0002282981	0.0002140652	0.0001834281	0.0001749119	0.0001738755	0.0001733745	7.531906e-05	6.482735e-05	6.258998e-05	4.623147e-05	4.333733e-05	4.31642e-05	1.024157e-07	8.131195e-08	7.997555e-08	6.65243e-08
141	0.1053072	0.08260243	0.0560426	0.03970184	0.03722055	0.01673107	0.0007118842	0.0006461309	0.0006335249	5.491262e-05	4.700278e-05	4.663888e-05	4.583341e-05	4.575842e-05	4.569372e-05	4.470782e-05	3.631665e-05	3.202998e-05	2.821884e-05	2.796126e-05	2.779593e-05	7.43695e-06	5.093008e-06	4.538804e-06	3.383757e-06	9.901092e-07	8.235776e-07	7.229026e-08	4.936609e-08	4.865596e-08
142	0.017534	0.01441036	0.01342846	0.01020339	0.006966926	0.00652287	0.003091352	0.0003968719	0.000390704	0.0003893749	3.962567e-06	3.127626e-06	3.093885e-06	3.053408e-06	3.048318e-06	3.039603e-06	2.782938e-06	2.460957e-06	2.118356e-06	1.972539e-06	1.95781e-06	1.951446e-06	1.302344e-06	1.219742e-06	1.1576e-06	9.524899e-07	8.226854e-07	8.214399e-07	9.460672e-09	9.129911e-09
143	0.6001087	0.0147325	0.01160668	0.01071968	0.008176083	0.005872712	0.005498428	0.002538519	0.0004262589	0.0004210444	0.0004197514	3.352189e-06	2.561285e-06	2.529816e-06	2.502605e-06	2.49872e-06	2.491184e-06	2.242649e-06	2.041965e-06	1.74058e-06	1.649022e-06	1.638271e-06	1.634349e-06	1.256092e-06	1.209337e-06	1.164111e-06	9.873636e-07	9.096526e-07	9.088918e-07	7.696071e-09
144	0.1082366	0.08768311	0.008025557	0.007834874	0.007715773	0.006048817	0.004268214	0.003974691	0.001683005	3.064508e-05	2.676862e-05	2.667946e-05	5.742488e-07	4.701496e-07	4.658065e-07	4.56224e-07	4.549881e-07	4.524182e-07	3.571954e-07	3.153861e-07	2.968667e-07	2.730483e-07	2.676607e-07	2.666698e-07	2.065061e-07	1.986646e-07	1.658943e-07	2.290216e-08	7.890603e-09	7.712978e-09
145	0.008265109	0.006710872	0.006355023	0.0001991745	0.0001904835	0.0001868021	0.000144392	0.000103886	9.679058e-05	4.423312e-05	1.092155e-06	9.97787e-07	9.955442e-07	1.588048e-08	1.263244e-08	1.240509e-08	1.208626e-08	1.205204e-08	1.185996e-08	9.541861e-09	8.474358e-09	7.90063e-09	7.337036e-09	6.987947e-09	6.930881e-09	4.956571e-09	4.551044e-09	3.767756e-09	7.08069e-10	3.317478e-10
146	0.2560554	0.007912914	0.00668228	0.006437431	0.0001483991	0.0001404919	0.0001373557	0.0001049844	7.609636e-05	7.098932e-05	3.325918e-05	9.2902e-07	8.57597e-07	8.558318e-07	1.281102e-08	1.009726e-08	9.889033e-09	9.622462e-09	9.596283e-09	9.450292e-09	7.725395e-09	6.904258e-09	6.419318e-09	6.003531e-09	5.651114e-09	5.595823e-09	3.715784e-09	3.301891e-09	2.7152e-09	5.874812e-10
147	0.1484494	0.1258801	0.001900344	0.001285854	0.001148732	8.261257e-05	7.94636e-05	7.79249e-05	5.731042e-05	4.268684e-05	4.010728e-05	2.023924e-05	7.236768e-07	6.788504e-07	6.776293e-07	8.986513e-09	6.914348e-09	6.762927e-09	6.570353e-09	6.552269e-09	6.402802e-09	5.386491e-09	4.861379e-09	4.567164e-09	4.31859e-09	4.152739e-09	4.102e-09	2.257464e-09	1.818682e-09	1.452984e-09
148	0.0566216	0.03461201	0.02767615	0.0008094531	0.0006714088	0.0006439419	3.620531e-05	3.478324e-05	3.381448e-05	2.224126e-05	1.830589e-05	1.75469e-05	1.152269e-05	6.309508e-07	6.063243e-07	6.054565e-07	6.401024e-09	4.642003e-09	4.598227e-09	4.537756e-09	4.524554e-09	4.356648e-09	3.850189e-09	3.702718e-09	3.539869e-09	3.42844e-09	3.26177e-09	3.2224e-09	1.224807e-09	7.199343e-10
149	0.9892001	0.04810623	0.0296627	0.02261878	0.0008898621	0.0007844098	0.0007601642	3.422258e-05	3.257879e-05	3.140733e-05	2.424001e-05	2.065275e-05	1.989757e-05	1.383813e-05	7.925395e-07	7.631743e-07	7.620971e-07	7.874843e-09	5.663825e-09	5.620773e-09	5.557362e-09	5.541405e-09	5.324923e-09	4.736948e-09	4.622947e-09	4.428645e-09	4.304548e-09	4.09068e-09	4.062548e-09	1.440543e-09
150	0.9945694	0.9884407	0.04278304	0.02671081	0.02030483	0.0009415905	0.0008502896	0.0008289517	3.05255e-05	2.874198e-05	2.75048e-05	2.205852e-05	1.86776e-05	1.792817e-05	1.346807e-05	5.664795e-07	5.373341e-07	5.361097e-07	7.839393e-09	6.001369e-09	5.963277e-09	5.904369e-09	5.888029e-09	5.652719e-09	5.297502e-09	5.206158e-09	4.99229e-09	4.854573e-09	4.737739e-09	4.717025e-09
151	0.9998647	0.9940414	0.988858	0.05224165	0.03227546	0.02578488	0.001055769	0.0009383286	0.0009160727	2.545048e-05	2.344973e-05	2.210002e-05	1.565041e-05	1.189103e-05	1.114827e-05	6.527476e-06	2.348504e-07	2.1885e-07	2.173404e-07	7.570214e-09	6.295938e-09	6.253975e-09	6.214054e-09	6.200129e-09	6.146374e-09	5.908479e-09	5.801108e-09	5.519081e-09	5.333638e-09	5.268695e-09
