#unpaired probabilities
 #i$	l=1	2	3	4	5	6	7	8	9	10	11	12	13	14	15	16	17	18	19	20	21	22	23	24	25	26	27	28	29	30	
1	0.9933429	NA	NA	NA	NA	NA	NA	NA	NA	NA	NA	NA	NA	NA	NA	NA	NA	NA	NA	NA	NA	NA	NA	NA	NA	NA	NA	NA	NA	NA
2	0.9712286	0.967943	NA	NA	NA	NA	NA	NA	NA	NA	NA	NA	NA	NA	NA	NA	NA	NA	NA	NA	NA	NA	NA	NA	NA	NA	NA	NA	NA	NA
3	0.814713	0.7750456	0.7724505	NA	NA	NA	NA	NA	NA	NA	NA	NA	NA	NA	NA	NA	NA	NA	NA	NA	NA	NA	NA	NA	NA	NA	NA	NA	NA	NA
4	0.9823816	0.7986813	0.7582884	0.7558269	NA	NA	NA	NA	NA	NA	NA	NA	NA	NA	NA	NA	NA	NA	NA	NA	NA	NA	NA	NA	NA	NA	NA	NA	NA	NA
5	0.9629185	0.9390709	0.7926446	0.7553237	0.7528676	NA	NA	NA	NA	NA	NA	NA	NA	NA	NA	NA	NA	NA	NA	NA	NA	NA	NA	NA	NA	NA	NA	NA	NA	NA
6	0.4057033	0.3948609	0.3831121	0.3660113	0.3651658	0.3652131	NA	NA	NA	NA	NA	NA	NA	NA	NA	NA	NA	NA	NA	NA	NA	NA	NA	NA	NA	NA	NA	NA	NA	NA
7	0.391436	0.3624742	0.3565267	0.3467166	0.3328749	0.3350351	0.335503	NA	NA	NA	NA	NA	NA	NA	NA	NA	NA	NA	NA	NA	NA	NA	NA	NA	NA	NA	NA	NA	NA	NA
8	0.9727862	0.3858033	0.3568644	0.3509795	0.3412342	0.3274623	0.3293304	0.3298362	NA	NA	NA	NA	NA	NA	NA	NA	NA	NA	NA	NA	NA	NA	NA	NA	NA	NA	NA	NA	NA	NA
9	0.2985365	0.2879931	0.2841425	0.2571877	0.256115	0.2534464	0.2512893	0.2668758	0.2681721	NA	NA	NA	NA	NA	NA	NA	NA	NA	NA	NA	NA	NA	NA	NA	NA	NA	NA	NA	NA	NA
10	0.2978076	0.2940185	0.2840062	0.2808825	0.2539458	0.2530457	0.2506331	0.2488914	0.264988	0.2663111	NA	NA	NA	NA	NA	NA	NA	NA	NA	NA	NA	NA	NA	NA	NA	NA	NA	NA	NA	NA
11	0.05087819	0.05057682	0.0478947	0.03801103	0.03500301	0.03488112	0.03423652	0.03373752	0.03322293	0.03497627	0.03521269	NA	NA	NA	NA	NA	NA	NA	NA	NA	NA	NA	NA	NA	NA	NA	NA	NA	NA	NA
12	0.05160423	0.0465332	0.04626426	0.04367039	0.03454101	0.03153454	0.03142381	0.03123104	0.03092282	0.0304549	0.03203962	0.0322613	NA	NA	NA	NA	NA	NA	NA	NA	NA	NA	NA	NA	NA	NA	NA	NA	NA	NA
13	0.2981783	0.04811015	0.04375096	0.04348593	0.04090699	0.03177786	0.03150138	0.03139067	0.03120016	0.03089526	0.03043295	0.03202567	0.03224757	NA	NA	NA	NA	NA	NA	NA	NA	NA	NA	NA	NA	NA	NA	NA	NA	NA
14	0.6886315	0.05756941	0.03131039	0.02854696	0.02833277	0.02685468	0.02665025	0.02637595	0.02637139	0.02614602	0.02584599	0.02550875	0.0268664	0.02705238	NA	NA	NA	NA	NA	NA	NA	NA	NA	NA	NA	NA	NA	NA	NA	NA
15	0.9920976	0.6886241	0.05756202	0.03130301	0.02853959	0.0283254	0.02684732	0.0266429	0.02637594	0.02637138	0.02614601	0.02584599	0.02550874	0.0268664	0.02705238	NA	NA	NA	NA	NA	NA	NA	NA	NA	NA	NA	NA	NA	NA	NA
16	0.7032853	0.6993826	0.639526	0.01053175	0.005363628	0.004769845	0.004556151	0.003080515	0.002876117	0.002625856	0.002621294	0.002436126	0.002163431	0.00169457	0.001022201	0.001002685	NA	NA	NA	NA	NA	NA	NA	NA	NA	NA	NA	NA	NA	NA
17	0.6977003	0.6973049	0.6967331	0.6380359	0.009233599	0.004124679	0.003535283	0.003327101	0.00293118	0.002742311	0.002492107	0.002489249	0.002305775	0.002033572	0.001564638	0.000881959	0.0008631021	NA	NA	NA	NA	NA	NA	NA	NA	NA	NA	NA	NA	NA
18	0.6607738	0.6416192	0.6414171	0.6408586	0.6375012	0.008716155	0.003630265	0.003455527	0.003247386	0.002851516	0.002662699	0.002412848	0.002409996	0.002226766	0.001954819	0.001485704	0.0007967288	0.0007779867	NA	NA	NA	NA	NA	NA	NA	NA	NA	NA	NA	NA
19	0.997307	0.6587043	0.641327	0.6411334	0.6405749	0.6372298	0.008444758	0.003380722	0.003205987	0.00299786	0.002602032	0.002413214	0.002412685	0.002409833	0.002226616	0.001954687	0.001485602	0.0007966713	0.0007779306	NA	NA	NA	NA	NA	NA	NA	NA	NA	NA	NA
20	0.3007504	0.3003564	0.01719096	0.01231293	0.01217435	0.01176999	0.008794221	0.008199319	0.00313605	0.002962344	0.002760669	0.002400933	0.002399921	0.002399393	0.002399187	0.002214464	0.001941813	0.001479122	0.0007934092	0.000774653	NA	NA	NA	NA	NA	NA	NA	NA	NA	NA
21	0.3114238	0.2955199	0.2951259	0.01234693	0.007477253	0.007338987	0.006935029	0.003961502	0.003366639	0.00313279	0.002959115	0.002757638	0.002398443	0.002397432	0.002397008	0.002396801	0.002212267	0.001939894	0.001477675	0.0007926691	0.0007739311	NA	NA	NA	NA	NA	NA	NA	NA	NA
22	0.006462684	0.005985437	0.005208687	0.004834938	0.00124182	0.0009188704	0.0008869238	0.0008477023	0.0004005524	0.0003915146	0.0003556025	0.0003081322	0.0002363601	0.000232185	0.0002321438	0.0002320913	0.0002320831	0.0002182666	0.0001980211	0.0001644924	0.0001208264	0.0001186829	NA	NA	NA	NA	NA	NA	NA	NA
23	0.0004642707	0.0004036095	0.0003857144	0.0001406049	0.0001395337	0.0001067147	9.551336e-05	8.427878e-05	8.389324e-05	6.029579e-05	5.841708e-05	4.625029e-05	2.385737e-06	2.310146e-06	2.287055e-06	2.2865e-06	2.285843e-06	2.285731e-06	2.155175e-06	1.963303e-06	1.645569e-06	1.237942e-06	1.218315e-06	NA	NA	NA	NA	NA	NA	NA
24	0.001183567	0.0001730839	0.0001543059	0.0001534808	5.828254e-05	5.825165e-05	4.406398e-05	3.52875e-05	3.520304e-05	3.5178e-05	1.437204e-05	1.288683e-05	9.449071e-07	1.580417e-07	1.541405e-07	1.486759e-07	1.486213e-07	1.484834e-07	1.484747e-07	1.412924e-07	1.307775e-07	1.133923e-07	9.260886e-08	9.140291e-08	NA	NA	NA	NA	NA	NA
25	0.6237208	0.0009330264	0.0001482886	0.0001306908	0.0001302236	4.515311e-05	4.514239e-05	3.135988e-05	2.273982e-05	2.265713e-05	2.265042e-05	2.049147e-06	7.430932e-07	5.785344e-07	4.303026e-08	4.161497e-08	3.989061e-08	3.986522e-08	3.977714e-08	3.977375e-08	3.754316e-08	3.426645e-08	2.884945e-08	2.196067e-08	2.16329e-08	NA	NA	NA	NA	NA
26	0.06179079	0.0409913	0.0003813525	0.0001084379	9.136853e-05	9.10917e-05	2.359951e-05	2.35889e-05	9.811818e-06	3.836302e-06	3.754701e-06	3.748211e-06	7.881755e-07	7.249087e-07	5.74785e-07	4.147207e-08	4.008991e-08	3.852223e-08	3.849917e-08	3.84837e-08	3.84804e-08	3.632512e-08	3.315947e-08	2.792728e-08	2.128612e-08	2.096618e-08	NA	NA	NA	NA
27	0.01693883	0.01506005	0.01456364	0.0002964936	8.743742e-05	8.686246e-05	8.685522e-05	1.989052e-05	1.989027e-05	9.094008e-06	3.154063e-06	3.082507e-06	3.082203e-06	1.768748e-07	1.518885e-07	5.748774e-09	1.842648e-09	1.823907e-09	1.81066e-09	1.809123e-09	1.802585e-09	1.802489e-09	1.745027e-09	1.661705e-09	1.535607e-09	1.442849e-09	1.433451e-09	NA	NA	NA
28	0.5350399	0.001689598	0.001087562	0.0006093314	0.0002565056	6.42591e-05	6.370032e-05	6.369979e-05	1.972407e-05	1.972406e-05	8.929318e-06	2.998387e-06	2.926853e-06	2.92678e-06	2.320373e-08	1.632674e-09	8.224624e-10	4.486337e-10	4.478117e-10	4.397098e-10	4.382276e-10	4.323919e-10	4.323059e-10	4.280135e-10	4.220711e-10	4.1967e-10	4.48278e-10	4.454032e-10	NA	NA
29	0.170268	0.1630403	0.0009890579	0.0007437662	0.0002722991	1.87958e-05	1.824695e-05	1.768939e-05	1.768894e-05	1.410943e-05	1.410942e-05	3.314755e-06	2.97069e-06	2.899171e-06	2.899121e-06	7.339854e-09	1.186648e-09	6.029516e-10	3.092396e-10	3.085223e-10	3.0168e-10	3.002276e-10	2.997635e-10	2.99678e-10	2.960011e-10	2.908009e-10	2.882251e-10	3.064947e-10	3.030421e-10	NA
30	0.09444807	0.06491104	0.0613346	0.0003645666	0.0002403902	0.0001567482	7.237546e-06	6.82666e-06	6.824984e-06	6.824682e-06	3.245489e-06	3.245487e-06	3.244199e-06	2.90024e-06	2.89855e-06	2.898513e-06	6.896815e-09	9.012593e-10	3.312212e-10	2.2612e-10	2.260337e-10	2.206601e-10	2.206045e-10	2.201707e-10	2.201639e-10	2.183404e-10	2.159163e-10	2.161014e-10	2.330229e-10	2.312705e-10
31	0.8934708	0.05615673	0.05052078	0.04933519	0.0003024695	0.0002034109	0.0001200543	3.47229e-06	3.147991e-06	3.146569e-06	3.146281e-06	3.085229e-06	3.085228e-06	3.083943e-06	2.895656e-06	2.893967e-06	2.893938e-06	6.75456e-09	7.961115e-10	2.843432e-10	1.815655e-10	1.814863e-10	1.761161e-10	1.760619e-10	1.756507e-10	1.756439e-10	1.74007e-10	1.717999e-10	1.719731e-10	1.855187e-10
32	0.7443142	0.7313858	0.01405767	0.008817929	0.007653272	0.0001122368	9.985892e-05	1.726822e-05	3.143323e-06	3.008116e-06	3.007557e-06	3.007308e-06	3.003124e-06	3.003124e-06	3.001845e-06	2.895081e-06	2.893392e-06	2.893389e-06	6.567835e-09	6.146561e-10	1.259723e-10	2.655523e-11	2.647641e-11	2.110634e-11	2.105221e-11	2.070995e-11	2.070321e-11	2.05419e-11	2.03184e-11	2.024227e-11
33	0.7478474	0.7319733	0.7192464	0.01099381	0.005760506	0.004597909	9.826184e-05	9.22499e-05	9.71631e-06	3.106277e-06	2.984648e-06	2.984152e-06	2.983906e-06	2.979755e-06	2.979755e-06	2.978477e-06	2.894735e-06	2.893046e-06	2.893045e-06	6.237721e-09	2.84545e-10	1.143439e-10	1.517028e-11	1.509149e-11	9.721552e-12	9.667422e-12	9.333354e-12	9.326621e-12	9.255417e-12	9.15038e-12
34	0.4893348	0.3999338	0.3860671	0.3836757	0.009994468	0.004769864	0.003611652	9.3102e-05	8.796818e-05	5.626351e-06	2.707117e-08	1.48468e-08	1.474506e-08	1.473602e-08	1.462763e-08	1.462735e-08	1.334959e-08	1.165507e-08	9.966699e-09	9.965371e-09	6.228146e-09	2.757175e-10	1.08552e-10	1.336803e-11	1.329009e-11	7.922714e-12	7.868593e-12	7.861404e-12	7.854672e-12	7.798269e-12
35	0.4105673	0.4028248	0.384583	0.3727819	0.3726316	0.002835449	0.002643389	0.002633173	6.779507e-06	3.620237e-06	3.558668e-06	1.485347e-08	6.684707e-09	6.645103e-09	6.637874e-09	6.539275e-09	6.539014e-09	6.526801e-09	4.835051e-09	4.810246e-09	4.80944e-09	1.075895e-09	2.717793e-10	1.050448e-10	9.943375e-12	9.881662e-12	4.777749e-12	4.770698e-12	4.764806e-12	4.76471e-12
36	0.9620312	0.4098832	0.4022013	0.3839829	0.3721891	0.3720423	0.002657543	0.002465563	0.002455389	5.594127e-06	2.798271e-06	2.739966e-06	1.343968e-08	6.329196e-09	6.293541e-09	6.289943e-09	6.264083e-09	6.263996e-09	6.251893e-09	4.578271e-09	4.553474e-09	4.552778e-09	8.717574e-10	6.764165e-11	2.395857e-11	9.293417e-12	9.231706e-12	4.127798e-12	4.120748e-12	4.115281e-12
37	0.2405917	0.2334699	0.04094432	0.03368281	0.0154745	0.003760908	0.00362959	0.001302653	0.001110711	0.001100549	5.469391e-06	2.727385e-06	2.66994e-06	7.233737e-09	9.560521e-10	9.227607e-10	9.211721e-10	9.070887e-10	9.070458e-10	8.9496e-10	8.912857e-10	8.664904e-10	8.658101e-10	8.608314e-10	5.671565e-11	1.307447e-11	9.193563e-12	9.131852e-12	4.027946e-12	4.020895e-12
38	0.1660948	0.1240566	0.1187759	0.005303466	0.004675953	0.001134234	0.0003418508	0.000294678	7.720355e-05	7.624839e-05	7.586699e-05	3.532192e-07	1.939631e-07	1.890826e-07	1.345097e-09	8.619612e-10	8.538455e-10	8.532991e-10	8.50002e-10	8.499815e-10	8.485869e-10	8.483322e-10	8.478499e-10	8.478024e-10	8.473955e-10	4.721253e-11	4.111822e-12	3.11505e-13	2.986499e-13	2.888908e-13
39	0.1648675	0.1577734	0.1209101	0.1157131	0.004358116	0.003788439	0.0002832381	0.0002422699	0.000238743	6.256656e-05	6.185553e-05	6.175889e-05	2.830001e-07	1.534014e-07	1.52099e-07	3.971124e-10	5.265019e-11	5.11444e-11	5.081535e-11	4.795216e-11	4.793192e-11	4.773507e-11	4.752793e-11	4.752585e-11	4.748716e-11	4.714479e-11	4.714431e-11	4.051186e-12	2.520059e-13	2.392188e-13
40	0.3832233	0.1079492	0.1065807	0.06979122	0.06460689	0.004328592	0.003759256	0.0002546981	0.0002139418	0.0002104597	5.118218e-05	5.04729e-05	5.037716e-05	2.308731e-07	1.249782e-07	1.238876e-07	2.379091e-10	8.556308e-12	7.354476e-12	7.042692e-12	4.592797e-12	4.572802e-12	4.385683e-12	4.224184e-12	4.222318e-12	4.190769e-12	4.009545e-12	4.009074e-12	3.989418e-12	2.095302e-13
41	0.6181866	0.3670895	0.1053449	0.1043569	0.06758944	0.06240629	0.004269488	0.003700303	0.0001962648	0.0001555497	0.0001520751	4.978749e-05	4.907872e-05	4.898342e-05	2.248878e-07	1.217194e-07	1.206538e-07	2.241865e-10	2.351095e-12	1.183158e-12	1.135431e-12	7.767098e-13	7.697698e-13	5.866289e-13	4.297256e-13	4.283115e-13	3.975833e-13	2.264323e-13	2.259628e-13	2.073994e-13
42	0.3503275	0.3383284	0.1837672	0.001768378	0.001295863	0.0008790667	0.0008073744	0.000107519	9.780558e-05	9.18555e-05	6.651746e-05	6.460118e-05	3.483075e-05	3.420385e-05	3.413475e-05	1.570825e-07	8.485736e-08	8.410101e-08	1.582034e-10	1.527494e-12	8.039555e-13	7.717407e-13	5.669097e-13	5.662686e-13	3.859827e-13	2.785007e-13	2.774173e-13	2.5601e-13	1.501591e-13	1.497086e-13
43	0.4874591	0.1645816	0.158079	0.04384788	0.0002413891	0.0001298985	0.0001163145	9.569732e-05	2.670353e-05	2.453447e-05	2.133315e-05	2.082084e-05	1.897239e-05	7.850215e-06	7.838382e-06	7.777731e-06	3.566124e-08	1.943502e-08	1.917195e-08	3.472369e-11	5.272277e-13	3.658107e-13	3.584744e-13	2.77405e-13	2.772593e-13	1.017325e-13	7.484907e-14	7.458817e-14	6.971093e-14	3.425688e-14
44	0.2095553	0.1792512	0.1544593	0.1523822	0.03938439	0.0002042475	0.0001049035	9.765493e-05	7.849406e-05	2.438784e-05	2.237975e-05	1.922853e-05	1.901743e-05	1.725362e-05	6.997033e-06	6.989675e-06	6.941533e-06	3.179636e-08	1.73281e-08	1.710247e-08	3.082109e-11	3.182764e-13	1.743302e-13	1.67783e-13	9.314924e-14	9.301917e-14	9.187366e-14	6.767039e-14	6.74699e-14	6.311783e-14
45	0.7035992	0.2080032	0.1784545	0.1543778	0.1523247	0.03933727	0.0002040876	0.0001048668	9.762257e-05	7.846317e-05	2.436629e-05	2.235826e-05	1.920738e-05	1.899631e-05	1.723251e-05	6.988083e-06	6.980725e-06	6.932584e-06	3.175548e-08	1.730587e-08	1.70804e-08	3.078046e-11	3.170467e-13	1.732861e-13	1.667474e-13	9.220902e-14	9.207912e-14	9.093501e-14	6.758479e-14	6.738447e-14
46	0.5574557	0.5447342	0.08978242	0.06370859	0.04448036	0.04321571	0.03632602	0.0001657963	7.490358e-05	7.077583e-05	6.874891e-05	2.107858e-05	1.918066e-05	1.610213e-05	1.593231e-05	1.590363e-05	6.368682e-06	6.367455e-06	6.366218e-06	2.906095e-08	1.580171e-08	1.568396e-08	2.825914e-11	2.914649e-13	1.595675e-13	1.535633e-13	8.447387e-14	8.43546e-14	8.335725e-14	6.187465e-14
47	0.5869018	0.4735056	0.4657023	0.06399561	0.04545421	0.03005513	0.02902364	0.02449049	0.0001257482	6.605647e-05	6.210995e-05	6.031831e-05	1.576991e-05	1.388566e-05	1.080988e-05	1.064197e-05	1.061412e-05	4.162829e-06	4.161726e-06	4.160652e-06	1.899183e-08	1.032663e-08	1.02492e-08	1.846628e-11	1.899183e-13	1.037251e-13	9.980153e-14	5.473817e-14	5.466016e-14	5.400841e-14
48	0.5690258	0.3429586	0.2874204	0.2836105	0.02331001	0.01949536	0.01602387	0.01575933	0.01356786	8.92276e-05	5.793343e-05	5.428858e-05	5.27598e-05	1.07661e-05	8.901351e-06	5.82603e-06	5.661716e-06	5.635472e-06	2.088515e-06	2.087588e-06	2.086759e-06	9.523599e-09	5.178288e-09	5.138904e-09	9.258812e-12	9.50762e-14	5.185868e-14	4.989129e-14	2.740708e-14	2.736788e-14
49	0.66697	0.3549446	0.3178249	0.2846747	0.2810736	0.02181545	0.01831131	0.01538878	0.01515939	0.01308162	8.760206e-05	5.755897e-05	5.394917e-05	5.243307e-05	1.05429e-05	8.678408e-06	5.605883e-06	5.441964e-06	5.415801e-06	1.995786e-06	1.994864e-06	1.99404e-06	9.100312e-09	4.948129e-09	4.910436e-09	8.847128e-12	9.080396e-14	4.95078e-14	4.762785e-14	2.613701e-14
50	0.4542132	0.4191191	0.1169327	0.09415586	0.06817233	0.06518635	0.01597215	0.01315467	0.0106691	0.0104663	0.008736164	8.043117e-05	5.619743e-05	5.261733e-05	5.113577e-05	9.718151e-06	7.854416e-06	4.783154e-06	4.619527e-06	4.593416e-06	1.65709e-06	1.656177e-06	1.655371e-06	7.554253e-09	4.107441e-09	4.075922e-09	7.343484e-12	7.523238e-14	4.095391e-14	3.939347e-14
51	0.3276053	0.12683	0.09407084	0.03054949	0.02803495	0.01604699	0.01459101	0.007439395	0.006275142	0.005225803	0.005130753	0.004289511	6.477466e-05	5.303488e-05	4.951168e-05	4.811523e-05	7.669495e-06	5.80856e-06	2.737537e-06	2.574529e-06	2.548637e-06	8.10736e-07	8.098566e-07	8.091034e-07	3.690764e-09	2.006653e-09	1.990586e-09	3.586032e-12	3.634716e-14	1.960553e-14
52	0.3809815	0.3011341	0.1139389	0.08887771	0.02642344	0.02481676	0.01407453	0.01277576	0.006625646	0.005576972	0.004668005	0.004581775	0.00383173	6.33094e-05	5.274659e-05	4.923051e-05	4.784298e-05	7.460642e-06	5.599819e-06	2.528951e-06	2.366002e-06	2.34012e-06	7.234245e-07	7.225463e-07	7.217962e-07	3.292184e-09	1.789926e-09	1.775448e-09	3.198409e-12	3.235686e-14
53	0.8289757	0.277425	0.202245	0.08551434	0.06126472	0.02180254	0.02054413	0.01191988	0.01080398	0.005603199	0.0048075	0.004019263	0.003940429	0.003294275	5.964576e-05	5.087169e-05	4.736177e-05	4.59843e-05	7.213983e-06	5.353311e-06	2.282449e-06	2.119544e-06	2.093668e-06	6.217452e-07	6.208686e-07	6.201226e-07	2.828034e-09	1.53754e-09	1.524913e-09	2.74699e-12
54	0.9273204	0.7950864	0.2717393	0.2002228	0.08472585	0.060507	0.02120588	0.02004681	0.01154849	0.01044821	0.005523788	0.004739998	0.003963885	0.003885783	0.003248844	5.950101e-05	5.084373e-05	4.733433e-05	4.595771e-05	7.193298e-06	5.332637e-06	2.261776e-06	2.098874e-06	2.072999e-06	6.130802e-07	6.122036e-07	6.114579e-07	2.788478e-09	1.516031e-09	1.503562e-09
55	0.9942212	0.9234517	0.7916317	0.2709842	0.1997107	0.08459351	0.06038211	0.02109724	0.01994943	0.011491	0.01039564	0.00549502	0.004714636	0.003946524	0.00386863	0.003234511	5.945533e-05	5.08349e-05	4.732565e-05	4.59493e-05	7.186757e-06	5.3261e-06	2.255239e-06	2.092337e-06	2.066463e-06	6.103465e-07	6.094699e-07	6.087243e-07	2.775998e-09	1.509246e-09
56	0.5090918	0.5083405	0.5002173	0.4129757	0.1591739	0.1287861	0.04211474	0.03896258	0.0164604	0.01580831	0.008862027	0.007967194	0.004511883	0.003873129	0.003235566	0.003167385	0.002647773	5.377004e-05	4.664791e-05	4.318423e-05	4.184471e-05	3.157786e-06	3.134818e-06	2.00806e-06	1.845586e-06	1.820182e-06	4.991202e-07	4.982574e-07	4.975315e-07	2.268335e-09
57	0.3343168	0.3317938	0.3312734	0.3278582	0.2560016	0.1298918	0.1077544	0.03233451	0.03114419	0.01361291	0.01310463	0.007275276	0.006532025	0.00375145	0.003220277	0.002680316	0.00264172	0.002207459	4.903665e-05	4.303813e-05	4.173132e-05	4.041403e-05	1.783789e-06	1.762414e-06	1.762168e-06	1.66358e-06	1.638415e-06	4.152938e-07	4.148909e-07	4.14173e-07
58	0.258768	0.2531467	0.2515337	0.2510225	0.2478319	0.22528	0.1171655	0.1033629	0.02987919	0.02875404	0.01318879	0.01274698	0.007068636	0.006345631	0.003643701	0.003126457	0.002598702	0.002565055	0.002145681	4.617352e-05	4.032824e-05	4.030264e-05	4.025955e-05	1.636984e-06	1.617182e-06	1.616936e-06	1.615441e-06	1.613524e-06	4.036609e-07	4.033372e-07
59	0.9979042	0.2573252	0.251796	0.250232	0.249726	0.2466446	0.2241556	0.1164656	0.1027694	0.02974263	0.02862653	0.01307546	0.01263678	0.007007282	0.006290499	0.003610667	0.003097677	0.002576794	0.002543391	0.002127542	4.611572e-05	4.031707e-05	4.029167e-05	4.024891e-05	1.628709e-06	1.608911e-06	1.608665e-06	1.607172e-06	1.605254e-06	4.002013e-07
60	0.7779044	0.7775373	0.170981	0.1689788	0.1680601	0.1675558	0.1648786	0.1437256	0.0956508	0.08527454	0.01494844	0.01391035	0.01221476	0.01180672	0.006483394	0.005802612	0.003331924	0.002846554	0.002410133	0.002378038	0.001982622	6.332251e-06	1.234933e-06	1.210677e-06	1.169941e-06	9.105575e-07	8.907832e-07	8.905385e-07	8.890511e-07	8.871345e-07
61	0.6446324	0.6304181	0.6301055	0.1227103	0.1209513	0.1203674	0.1198859	0.117914	0.1165504	0.07084575	0.0621652	0.01418158	0.01317999	0.01170367	0.01138589	0.006245238	0.005589761	0.003201469	0.002733172	0.002311365	0.002284109	0.001908671	6.075438e-06	1.168624e-06	1.146912e-06	1.110145e-06	8.603257e-07	8.592743e-07	8.590304e-07	8.588198e-07
62	0.6602485	0.6383734	0.6266822	0.6263734	0.1201639	0.1184313	0.117857	0.1177276	0.116038	0.1148728	0.06985494	0.06129965	0.01395964	0.01300039	0.01154785	0.01123461	0.006162586	0.005516045	0.003158967	0.002696669	0.002280319	0.002253528	0.001883098	5.993523e-06	1.152487e-06	1.131102e-06	1.094829e-06	8.48335e-07	8.473395e-07	8.472931e-07
63	0.7525256	0.6280567	0.609202	0.6034221	0.603401	0.103163	0.1016442	0.1011451	0.1011173	0.1001871	0.0991797	0.06039297	0.05305541	0.0120743	0.01124846	0.009998544	0.009724548	0.005336876	0.004778584	0.002735469	0.002333017	0.001971539	0.001948608	0.001627976	5.180158e-06	9.950384e-07	9.76598e-07	9.451169e-07	7.31793e-07	7.308655e-07
64	0.9508154	0.7476993	0.6250056	0.6064311	0.6008018	0.6007813	0.1011683	0.099748	0.0993555	0.09932784	0.09841296	0.0974168	0.05930867	0.05210706	0.01186015	0.01104755	0.009820142	0.009550107	0.005241614	0.004693455	0.002686174	0.002290648	0.001935868	0.001913325	0.00159843	5.085998e-06	9.768374e-07	9.587209e-07	9.277924e-07	7.183099e-07
65	0.6805452	0.6793508	0.5589269	0.4913078	0.4803898	0.478238	0.478218	0.06915462	0.06835458	0.06805509	0.06802855	0.06719259	0.06635004	0.04009824	0.03522051	0.007985357	0.00739991	0.006569908	0.006367536	0.00352408	0.003155765	0.001814062	0.001546516	0.001303149	0.001287293	0.001074048	3.410282e-06	6.495127e-07	6.370739e-07	6.159366e-07
66	0.7886538	0.6771763	0.6759858	0.5557431	0.4909179	0.4800181	0.4778877	0.4778677	0.06886503	0.06821912	0.06794466	0.06791812	0.06708253	0.06624084	0.04003084	0.03516146	0.007971999	0.007387354	0.006558755	0.006356637	0.003518133	0.003150448	0.001810993	0.001543879	0.001300928	0.001285096	0.001072209	3.404413e-06	6.48373e-07	6.359544e-07
67	0.4692864	0.3097727	0.2315304	0.2303482	0.1402696	0.08834567	0.07977085	0.07786322	0.07784333	0.05976937	0.05932256	0.05907393	0.05904767	0.05823429	0.05743196	0.03460118	0.03037455	0.006906953	0.006386965	0.005664295	0.005480652	0.003020852	0.002704511	0.001549246	0.001333144	0.001120075	0.001106008	0.0009221953	2.937163e-06	5.664996e-07
68	0.5708094	0.4678822	0.3086962	0.2305261	0.229344	0.139912	0.08812325	0.07955126	0.07764416	0.07762427	0.05955635	0.05929712	0.05906111	0.05903485	0.05822149	0.05741925	0.03459327	0.0303677	0.006905368	0.006385472	0.005662964	0.00547935	0.003020123	0.002703854	0.001548848	0.001332795	0.001119819	0.001105755	0.0009219832	2.936486e-06
69	0.6223693	0.5281621	0.4533294	0.2943669	0.2204783	0.2192965	0.1387953	0.08791811	0.07941495	0.07751209	0.07749221	0.05947401	0.05922903	0.05902033	0.05899407	0.05818073	0.05737895	0.03455479	0.03035279	0.006892566	0.006372704	0.005650438	0.005466846	0.003007834	0.002691593	0.001536684	0.00132065	0.001119723	0.001105659	0.0009219031
70	0.8196594	0.4969446	0.4198293	0.376127	0.2258633	0.2027364	0.2016137	0.1271652	0.08002744	0.07214152	0.07113753	0.07111768	0.05435044	0.0541222	0.05392155	0.05389542	0.05309218	0.05275212	0.03146207	0.02767915	0.006396237	0.005905421	0.005246303	0.005092459	0.002798318	0.002505023	0.001423853	0.001223327	0.001035586	0.001023538
71	0.7948343	0.7785688	0.4900871	0.4158803	0.3742133	0.2243797	0.2014119	0.2011192	0.1268123	0.0797679	0.07189762	0.07090151	0.07088856	0.05415415	0.05392635	0.0537259	0.05372238	0.05297184	0.05264259	0.03139539	0.02762379	0.006383719	0.005894165	0.005236534	0.005083049	0.002793057	0.002500388	0.00142108	0.00122094	0.001033534
72	0.9563912	0.7931417	0.776915	0.4884634	0.4144005	0.3732765	0.2234991	0.2006043	0.2003117	0.1266241	0.0796429	0.07177553	0.07078101	0.07076806	0.05404191	0.05381709	0.05371045	0.05370693	0.0529564	0.05262736	0.03138016	0.02761902	0.006379008	0.005889454	0.005231918	0.005078439	0.002788447	0.002495778	0.00141647	0.00121633
73	0.4472305	0.4073186	0.2972301	0.2831619	0.2601779	0.246661	0.2264778	0.2154471	0.1933875	0.1933437	0.1208778	0.0749785	0.06729317	0.06631895	0.0663185	0.04994845	0.0497286	0.04962444	0.04962289	0.04950037	0.04917681	0.03051105	0.02684762	0.006128062	0.005769416	0.005127951	0.004977059	0.00272907	0.002443643	0.001382409
74	0.4210999	0.417739	0.3822387	0.279585	0.2659871	0.2458211	0.2329903	0.2182668	0.2075439	0.1895853	0.1895427	0.1183525	0.07334146	0.06580553	0.06487351	0.06487306	0.04880821	0.04859246	0.04849028	0.04848876	0.04836872	0.04812471	0.02983631	0.02630124	0.006008577	0.00565711	0.005030648	0.004885146	0.002677531	0.002397787
75	0.9952465	0.4207165	0.4174045	0.38206	0.2795211	0.2659247	0.2457598	0.2329303	0.218208	0.2074859	0.1895275	0.1894849	0.1183386	0.07333457	0.06579864	0.06486663	0.06486618	0.04880135	0.04859138	0.04849023	0.04848871	0.04836867	0.04812466	0.02983625	0.02630122	0.006008561	0.005657094	0.005030632	0.00488513	0.002677515
76	0.9930452	0.991582	0.4203088	0.4170217	0.3817664	0.2794091	0.2658186	0.2456708	0.2328497	0.2181452	0.2074324	0.1894791	0.1894365	0.118317	0.07332222	0.06578688	0.06485535	0.06485491	0.04879296	0.04858403	0.0484839	0.04848239	0.04836234	0.04811839	0.02982999	0.02629905	0.006006413	0.005654946	0.005028517	0.004883016
77	0.8070609	0.8016232	0.8002907	0.4134829	0.4104685	0.3761633	0.2755286	0.2620518	0.2426711	0.2300643	0.2163335	0.2057411	0.1883166	0.1882744	0.1174919	0.07274656	0.06525327	0.06438506	0.06438462	0.04840984	0.04820211	0.04810256	0.04810105	0.04798174	0.04776159	0.02958397	0.02608251	0.005945022	0.005595604	0.004981175
78	0.997679	0.8049583	0.7995491	0.7982202	0.4122061	0.4100628	0.3758684	0.2754597	0.2619867	0.2426161	0.2300141	0.2162947	0.2057084	0.1882867	0.1882447	0.1174763	0.0727394	0.06524644	0.06437849	0.06437804	0.04840497	0.04819796	0.04809893	0.04809743	0.04797811	0.04775801	0.02958038	0.02608135	0.005943871	0.005594452
79	0.9544199	0.9530406	0.7861356	0.7820017	0.7807241	0.4103269	0.4082407	0.3742808	0.2741094	0.2606506	0.2414755	0.2289259	0.2156099	0.2050482	0.1880774	0.1880356	0.1172815	0.0725472	0.06505535	0.06430247	0.06430203	0.04833315	0.04812622	0.04802721	0.04802571	0.04790642	0.04770319	0.02952963	0.02603879	0.005919096
80	0.9679581	0.9227727	0.9222412	0.7556928	0.7517072	0.7504643	0.3819294	0.3800175	0.3464037	0.2732517	0.2597944	0.2406196	0.2280707	0.214755	0.2041937	0.1872229	0.1871811	0.1170929	0.07254432	0.06505247	0.06429959	0.06429915	0.04833028	0.0481256	0.0480272	0.04802569	0.04790641	0.04770317	0.02952962	0.02603879
81	0.7249477	0.7245779	0.6996613	0.699225	0.6546342	0.6513679	0.6502526	0.3524609	0.3507769	0.3197504	0.2522328	0.2398171	0.2221413	0.210232	0.197584	0.1874855	0.1711985	0.1711584	0.1105137	0.06853609	0.06147934	0.06077725	0.06077682	0.04626231	0.04607062	0.04597755	0.0459761	0.04586089	0.04567049	0.02811766
82	0.6967408	0.6459668	0.6456588	0.6256376	0.6252987	0.5897106	0.5869594	0.5859413	0.3229957	0.3214874	0.2925188	0.2284364	0.2166941	0.199898	0.1885385	0.1765309	0.1669196	0.1513882	0.15135	0.1033082	0.06415343	0.05761117	0.05696931	0.0569689	0.04398439	0.04381008	0.04372287	0.04372147	0.04361073	0.04343601
83	0.9759079	0.6834862	0.6289182	0.6286133	0.609746	0.6094082	0.5760452	0.5732877	0.5722687	0.3158033	0.314331	0.2852896	0.2200645	0.2080393	0.1909067	0.1792767	0.1670246	0.1572102	0.1413132	0.1412742	0.1034253	0.06441854	0.05792406	0.05729617	0.05729575	0.04486516	0.04469393	0.04460671	0.04460527	0.04449095
84	0.966691	0.9432032	0.6546712	0.6201472	0.6198564	0.6012862	0.600957	0.5681525	0.5654286	0.5644209	0.3113494	0.3098951	0.2812845	0.2165388	0.204591	0.1875793	0.1760241	0.1639563	0.154208	0.1384933	0.1384546	0.102457	0.06383104	0.05740122	0.05680008	0.05679966	0.04453859	0.04436917	0.0442827	0.04428127
85	0.9997794	0.9664407	0.9430073	0.6551201	0.6205758	0.6202847	0.6017738	0.6014443	0.5687692	0.5660431	0.5650345	0.3117522	0.3103	0.2816615	0.2167897	0.2048137	0.1877785	0.1762041	0.1641262	0.1543637	0.1386192	0.1385804	0.1025571	0.06387357	0.05743785	0.05683685	0.05683642	0.04459988	0.04443061	0.0443441
