#unpaired probabilities
 #i$	l=1	2	3	4	5	6	7	8	9	10	11	12	13	14	15	16	17	18	19	20	21	22	23	24	25	26	27	28	29	30	
1	0.06390962	NA	NA	NA	NA	NA	NA	NA	NA	NA	NA	NA	NA	NA	NA	NA	NA	NA	NA	NA	NA	NA	NA	NA	NA	NA	NA	NA	NA	NA
2	0.9367946	0.05643619	NA	NA	NA	NA	NA	NA	NA	NA	NA	NA	NA	NA	NA	NA	NA	NA	NA	NA	NA	NA	NA	NA	NA	NA	NA	NA	NA	NA
3	0.03086202	0.02930919	0.01622263	NA	NA	NA	NA	NA	NA	NA	NA	NA	NA	NA	NA	NA	NA	NA	NA	NA	NA	NA	NA	NA	NA	NA	NA	NA	NA	NA
4	0.005548589	0.005510955	0.005174949	0.004703311	NA	NA	NA	NA	NA	NA	NA	NA	NA	NA	NA	NA	NA	NA	NA	NA	NA	NA	NA	NA	NA	NA	NA	NA	NA	NA
5	0.004746775	0.004647829	0.004645932	0.004324802	0.003861186	NA	NA	NA	NA	NA	NA	NA	NA	NA	NA	NA	NA	NA	NA	NA	NA	NA	NA	NA	NA	NA	NA	NA	NA	NA
6	0.004900202	0.004120224	0.004077928	0.004076483	0.00387992	0.003648414	NA	NA	NA	NA	NA	NA	NA	NA	NA	NA	NA	NA	NA	NA	NA	NA	NA	NA	NA	NA	NA	NA	NA	NA
7	0.9729505	0.003794422	0.003093496	0.003073243	0.003073194	0.002884307	0.002654781	NA	NA	NA	NA	NA	NA	NA	NA	NA	NA	NA	NA	NA	NA	NA	NA	NA	NA	NA	NA	NA	NA	NA
8	0.7036944	0.7034966	0.003227423	0.002774751	0.002766918	0.002766896	0.002608274	0.002607465	NA	NA	NA	NA	NA	NA	NA	NA	NA	NA	NA	NA	NA	NA	NA	NA	NA	NA	NA	NA	NA	NA
9	0.9766007	0.6930599	0.6928665	0.00321611	0.002768619	0.002760815	0.002760794	0.002602844	0.002602036	NA	NA	NA	NA	NA	NA	NA	NA	NA	NA	NA	NA	NA	NA	NA	NA	NA	NA	NA	NA	NA
10	0.8086645	0.7852659	0.525631	0.5254379	0.003102052	0.002750538	0.002743147	0.002743128	0.002586991	0.002586192	NA	NA	NA	NA	NA	NA	NA	NA	NA	NA	NA	NA	NA	NA	NA	NA	NA	NA	NA	NA
11	0.01872305	0.01869181	0.01852975	0.00360518	0.003593311	6.931365e-05	6.773561e-05	6.736901e-05	6.736787e-05	6.699703e-05	6.67862e-05	NA	NA	NA	NA	NA	NA	NA	NA	NA	NA	NA	NA	NA	NA	NA	NA	NA	NA	NA
12	0.0182949	0.01773062	0.01772844	0.01759559	0.00297203	0.002970972	4.271067e-05	4.181578e-05	4.177876e-05	4.177841e-05	4.165301e-05	4.164088e-05	NA	NA	NA	NA	NA	NA	NA	NA	NA	NA	NA	NA	NA	NA	NA	NA	NA	NA
13	0.9690594	0.005491003	0.004936248	0.004934115	0.004801341	0.002969018	0.002967972	4.248325e-05	4.158953e-05	4.155288e-05	4.155254e-05	4.142727e-05	4.141516e-05	NA	NA	NA	NA	NA	NA	NA	NA	NA	NA	NA	NA	NA	NA	NA	NA	NA
14	0.04149752	0.01751474	0.00413603	0.004014624	0.004014355	0.003883476	0.002706664	0.002705704	1.751463e-05	1.67561e-05	1.672118e-05	1.672089e-05	1.659975e-05	1.658772e-05	NA	NA	NA	NA	NA	NA	NA	NA	NA	NA	NA	NA	NA	NA	NA	NA
15	0.0222353	0.01568884	0.005481039	0.001387111	0.001352232	0.001352018	0.001221786	0.000214343	0.0002135949	1.412876e-05	1.38195e-05	1.379083e-05	1.379078e-05	1.367055e-05	1.365862e-05	NA	NA	NA	NA	NA	NA	NA	NA	NA	NA	NA	NA	NA	NA	NA
16	0.02527776	0.01859594	0.01320688	0.003006916	0.001138376	0.00112277	0.001122765	0.001005848	8.745035e-06	8.057504e-06	6.008426e-06	6.006978e-06	6.004582e-06	6.004551e-06	6.00376e-06	6.002563e-06	NA	NA	NA	NA	NA	NA	NA	NA	NA	NA	NA	NA	NA	NA
17	0.9702175	0.01441759	0.008248876	0.002865629	0.002830507	0.00101636	0.001001239	0.001001236	0.0009986363	2.131905e-06	1.719351e-06	2.619488e-07	2.611536e-07	2.600667e-07	2.600355e-07	2.598584e-07	2.593101e-07	NA	NA	NA	NA	NA	NA	NA	NA	NA	NA	NA	NA	NA
18	0.9799606	0.9659192	0.01294466	0.006779713	0.001398246	0.001363188	0.001002387	0.001000312	0.001000308	0.000997736	1.894546e-06	1.542288e-06	1.330125e-07	1.322463e-07	1.313226e-07	1.313194e-07	1.311824e-07	1.306427e-07	NA	NA	NA	NA	NA	NA	NA	NA	NA	NA	NA	NA
19	0.9799174	0.9784659	0.9648754	0.01193919	0.005779917	0.0003985061	0.000363459	4.115024e-06	3.913454e-06	3.909884e-06	1.338421e-06	1.170621e-06	8.188062e-07	1.20992e-07	1.204458e-07	1.195339e-07	1.195312e-07	1.193968e-07	1.188574e-07	NA	NA	NA	NA	NA	NA	NA	NA	NA	NA	NA
20	0.9708755	0.9706783	0.969324	0.9639777	0.01104958	0.005754278	0.0003819304	0.0003589718	1.118027e-06	9.269073e-07	9.234871e-07	9.21442e-07	7.595628e-07	7.587917e-07	9.452423e-08	9.414333e-08	9.386788e-08	9.386534e-08	9.38363e-08	9.381859e-08	NA	NA	NA	NA	NA	NA	NA	NA	NA	NA
21	0.02364987	0.01508982	0.01501646	0.01366675	0.01106083	0.01104895	0.005753688	0.0003813516	0.00035841	9.461249e-07	7.638671e-07	7.604631e-07	7.588083e-07	6.581556e-07	6.575663e-07	1.406013e-08	1.368725e-08	1.343276e-08	1.34318e-08	1.340426e-08	1.338723e-08	NA	NA	NA	NA	NA	NA	NA	NA	NA
22	0.008947105	0.007930806	0.004256966	0.004190664	0.00285304	0.0004285513	0.0004217855	0.0004198111	0.000364056	0.0003582555	8.153324e-07	6.338142e-07	6.304147e-07	6.291117e-07	5.292107e-07	5.287057e-07	8.023899e-09	7.767718e-09	7.757313e-09	7.756359e-09	7.752408e-09	7.751684e-09	NA	NA	NA	NA	NA	NA	NA	NA
23	0.03608749	0.007057848	0.006213672	0.002768927	0.002764406	0.002764112	0.0003648845	0.000358262	0.0003582558	0.0003582498	0.0003582462	8.09893e-07	6.284608e-07	6.278082e-07	6.274732e-07	5.276911e-07	5.272046e-07	7.12673e-09	6.872509e-09	6.865599e-09	6.86506e-09	6.862467e-09	6.86207e-09	NA	NA	NA	NA	NA	NA	NA
24	0.9803439	0.02706364	0.004648241	0.003932581	0.001741996	0.001738875	0.001738705	0.0003598384	0.0003560926	0.0003560875	0.0003560823	0.0003560791	7.776107e-07	6.250501e-07	6.243978e-07	6.240763e-07	5.250944e-07	5.246371e-07	5.184535e-09	4.930794e-09	4.925184e-09	4.924677e-09	4.922585e-09	4.922269e-09	NA	NA	NA	NA	NA	NA
25	0.1213444	0.1210529	0.01550605	0.002670033	0.002323196	0.001398111	0.001396232	0.001396161	0.0003412829	0.0003400657	0.0003400625	0.0003400585	0.0003400559	7.633985e-07	6.142633e-07	6.136122e-07	6.133593e-07	5.210468e-07	5.207464e-07	2.360446e-09	2.107475e-09	2.10425e-09	2.103924e-09	2.102757e-09	2.102598e-09	NA	NA	NA	NA	NA
26	0.06983708	0.01498412	0.01484154	0.009847994	0.0009148534	0.0009007619	5.208422e-05	5.028819e-05	5.023392e-05	1.958122e-06	8.507095e-07	8.4783e-07	8.440159e-07	8.41594e-07	7.567779e-07	6.130092e-07	6.123589e-07	6.122097e-07	5.203306e-07	5.203032e-07	1.984688e-09	1.731797e-09	1.729463e-09	1.729286e-09	1.728366e-09	1.728261e-09	NA	NA	NA	NA
27	0.8272174	0.02120379	0.01462003	0.01452386	0.009716545	0.0008363608	0.0008239574	5.116752e-05	4.952361e-05	4.947905e-05	1.605461e-06	5.952489e-07	5.923813e-07	5.885699e-07	5.861507e-07	5.701578e-07	5.670178e-07	5.663675e-07	5.662186e-07	5.201998e-07	5.201728e-07	1.972433e-09	1.719552e-09	1.717269e-09	1.717093e-09	1.716175e-09	1.71607e-09	NA	NA	NA
28	0.7717871	0.7682265	0.02088335	0.01451188	0.01447961	0.009682017	0.0008357163	0.00082363	5.103833e-05	4.944651e-05	4.941877e-05	1.596004e-06	5.892608e-07	5.866827e-07	5.857978e-07	5.853222e-07	5.693367e-07	5.661971e-07	5.66197e-07	5.661724e-07	5.201538e-07	5.201429e-07	1.970319e-09	1.717598e-09	1.715457e-09	1.715445e-09	1.714567e-09	1.714535e-09	NA	NA
29	0.999647	0.771762	0.7682016	0.02086004	0.01448857	0.0144563	0.009682011	0.0008357142	0.0008236279	5.10379e-05	4.944608e-05	4.941835e-05	1.596001e-06	5.892607e-07	5.866826e-07	5.857977e-07	5.853222e-07	5.693367e-07	5.66197e-07	5.66197e-07	5.661724e-07	5.201538e-07	5.201429e-07	1.970304e-09	1.717583e-09	1.715441e-09	1.71543e-09	1.714552e-09	1.71452e-09	NA
30	0.9961888	0.9958358	0.7680487	0.7644949	0.01719879	0.01082795	0.01079573	0.009680573	0.0008353304	0.0008232469	5.095613e-05	4.936447e-05	4.933676e-05	1.595582e-06	5.892413e-07	5.866647e-07	5.857803e-07	5.853054e-07	5.693327e-07	5.661933e-07	5.661933e-07	5.661687e-07	5.201505e-07	5.201395e-07	1.967409e-09	1.714687e-09	1.712547e-09	1.712536e-09	1.711657e-09	1.711626e-09
31	0.7397497	0.7394577	0.7392284	0.5368324	0.5342829	0.01542062	0.01070765	0.01067646	0.009636616	0.0008342577	0.0008222258	5.068882e-05	4.921481e-05	4.918799e-05	1.537545e-06	5.316984e-07	5.291279e-07	5.282438e-07	5.277689e-07	5.208482e-07	5.206901e-07	5.206901e-07	5.206655e-07	5.201289e-07	5.20118e-07	1.967188e-09	1.714467e-09	1.712327e-09	1.712316e-09	1.711438e-09
32	0.9996969	0.7394467	0.7391546	0.7389254	0.5365565	0.534007	0.01514474	0.01043177	0.01040058	0.009636604	0.0008342545	0.0008222226	5.068807e-05	4.921407e-05	4.918724e-05	1.537542e-06	5.316982e-07	5.291278e-07	5.282436e-07	5.277688e-07	5.208482e-07	5.206901e-07	5.206901e-07	5.206655e-07	5.201289e-07	5.20118e-07	1.967161e-09	1.71444e-09	1.7123e-09	1.712289e-09
33	0.9964912	0.9961882	0.7359381	0.7356461	0.7354168	0.536086	0.5335365	0.01467444	0.009961483	0.009930298	0.00963632	0.0008341367	0.0008221052	5.065787e-05	4.918388e-05	4.915706e-05	1.537446e-06	5.316915e-07	5.291214e-07	5.282373e-07	5.277627e-07	5.208469e-07	5.206888e-07	5.206888e-07	5.206642e-07	5.201277e-07	5.201169e-07	1.966081e-09	1.713359e-09	1.71122e-09
34	0.01286205	0.009879853	0.009865949	0.008625995	0.008622179	0.008465934	0.00818227	0.007979928	0.001582741	0.0007450472	0.0007170009	0.0004609972	0.0001892338	0.000186737	4.811445e-05	4.777865e-05	4.776349e-05	1.53619e-07	1.179756e-08	1.00728e-08	9.599745e-09	9.237364e-09	2.415263e-09	2.296298e-09	2.296266e-09	2.271695e-09	2.095988e-09	2.085143e-09	1.966011e-09	1.71329e-09
35	0.0006265512	0.0006004892	0.0005989366	0.0005986246	0.0003292041	0.0003277743	0.000172203	0.000155684	0.0001335229	2.367828e-05	2.070513e-05	1.933016e-05	1.409151e-05	6.360864e-06	4.653965e-06	9.455973e-07	9.406855e-07	9.368472e-07	3.87226e-09	2.940497e-10	2.758184e-10	2.310767e-10	2.234747e-10	7.783283e-11	7.545708e-11	7.542492e-11	6.207172e-11	5.566494e-11	4.501001e-11	3.57173e-11
36	0.0007370807	0.0003113458	0.0003025899	0.0003023538	0.000302094	0.0002932581	0.0002918501	0.0001362849	0.0001216814	0.0001201751	1.511339e-05	1.394849e-05	1.364655e-05	1.043457e-05	4.846924e-06	3.187026e-06	5.639105e-07	5.617481e-07	5.599849e-07	2.595304e-09	1.965335e-10	1.840761e-10	1.483236e-10	1.438131e-10	5.192427e-11	5.048942e-11	5.045726e-11	4.405527e-11	3.90108e-11	2.867739e-11
37	0.01536775	0.0005071431	0.0001376718	0.0001338718	0.0001337645	0.0001336829	0.0001302295	0.0001301815	0.0001301609	0.0001162857	0.0001157153	1.333403e-05	1.222243e-05	1.192951e-05	8.748071e-06	3.182251e-06	3.171538e-06	5.59657e-07	5.575665e-07	5.558574e-07	2.564693e-09	1.777774e-10	1.661606e-10	1.307203e-10	1.263607e-10	3.503661e-11	3.361189e-11	3.361043e-11	3.355825e-11	2.85279e-11
38	0.9832363	0.0103049	0.0001933919	0.0001182369	0.0001169991	0.0001169574	0.0001169295	0.0001137288	0.0001137048	0.0001136909	0.0001118288	0.0001112648	9.775746e-06	8.680867e-06	8.388019e-06	5.207023e-06	2.17101e-06	2.16072e-06	5.588704e-07	5.567938e-07	5.550851e-07	1.799648e-09	1.67803e-10	1.562286e-10	1.208099e-10	1.164563e-10	2.515278e-11	2.375135e-11	2.374989e-11	2.369771e-11
39	0.04773733	0.04740992	0.003876691	6.845727e-05	1.672673e-05	1.65127e-05	1.648738e-05	1.646141e-05	1.403953e-05	1.401613e-05	1.400238e-05	1.219361e-05	1.211866e-05	8.806956e-06	8.522689e-06	8.275316e-06	5.136785e-06	2.143074e-06	2.134164e-06	5.491822e-07	5.489116e-07	5.488011e-07	1.738516e-09	1.281843e-10	1.207093e-10	1.190394e-10	1.150765e-10	2.461927e-11	2.323285e-11	2.323139e-11
40	0.9362927	0.04724309	0.04699338	0.00382773	6.807486e-05	1.651414e-05	1.630321e-05	1.62938e-05	1.627485e-05	1.38613e-05	1.384063e-05	1.383474e-05	1.202835e-05	1.195513e-05	8.652053e-06	8.515974e-06	8.270059e-06	5.133426e-06	2.141273e-06	2.13304e-06	5.488635e-07	5.486037e-07	5.485109e-07	1.737349e-09	1.278625e-10	1.205069e-10	1.18878e-10	1.149766e-10	2.455954e-11	2.317384e-11
41	0.9990082	0.9359652	0.04715515	0.04691135	0.003821328	6.798098e-05	1.650235e-05	1.629147e-05	1.628215e-05	1.626323e-05	1.384977e-05	1.382912e-05	1.382324e-05	1.201788e-05	1.194466e-05	8.643441e-06	8.507401e-06	8.261486e-06	5.125121e-06	2.140823e-06	2.13259e-06	5.488619e-07	5.486021e-07	5.485093e-07	1.737199e-09	1.278068e-10	1.204513e-10	1.188224e-10	1.149211e-10	2.452751e-11
42	0.9982138	0.997222	0.9345169	0.04573153	0.04548774	0.003808182	6.776129e-05	1.632868e-05	1.611793e-05	1.610888e-05	1.608997e-05	1.367651e-05	1.365586e-05	1.364998e-05	1.184535e-05	1.177213e-05	8.470906e-06	8.334866e-06	8.08895e-06	5.125121e-06	2.140823e-06	2.13259e-06	5.488619e-07	5.486021e-07	5.485093e-07	1.737199e-09	1.278068e-10	1.204513e-10	1.188224e-10	1.149211e-10
43	0.9950898	0.9950744	0.994142	0.9340741	0.04556194	0.04532764	0.00377807	6.763395e-05	1.627817e-05	1.60675e-05	1.605852e-05	1.603966e-05	1.362635e-05	1.360573e-05	1.359986e-05	1.179838e-05	1.172521e-05	8.442927e-06	8.307297e-06	8.061382e-06	5.121099e-06	2.139161e-06	2.130929e-06	5.487955e-07	5.485361e-07	5.484433e-07	1.726718e-09	1.173829e-10	1.100274e-10	1.083986e-10
44	0.9951761	0.9943989	0.9943844	0.9934761	0.9337726	0.04553317	0.04530081	0.003775794	6.750106e-05	1.626447e-05	1.605383e-05	1.604488e-05	1.602605e-05	1.361281e-05	1.359222e-05	1.358636e-05	1.178625e-05	1.171309e-05	8.435169e-06	8.299631e-06	8.053717e-06	5.118505e-06	2.13755e-06	2.129318e-06	5.487797e-07	5.485204e-07	5.484276e-07	1.724662e-09	1.153777e-10	1.080222e-10
45	0.9990662	0.9945391	0.9940335	0.9940191	0.9931115	0.9337395	0.0455315	0.04529926	0.003775678	6.74949e-05	1.626317e-05	1.605253e-05	1.604358e-05	1.602475e-05	1.361153e-05	1.359094e-05	1.358508e-05	1.178524e-05	1.171209e-05	8.434681e-06	8.299155e-06	8.05324e-06	5.118142e-06	2.137322e-06	2.12909e-06	5.48779e-07	5.485196e-07	5.484269e-07	1.724641e-09	1.153632e-10
