#unpaired probabilities
 #i$	l=1	2	3	4	5	6	7	8	9	10	11	12	13	14	15	16	17	18	19	20	21	22	23	24	25	26	27	28	29	30	
1	0.9961169	NA	NA	NA	NA	NA	NA	NA	NA	NA	NA	NA	NA	NA	NA	NA	NA	NA	NA	NA	NA	NA	NA	NA	NA	NA	NA	NA	NA	NA
2	0.9960456	0.9939783	NA	NA	NA	NA	NA	NA	NA	NA	NA	NA	NA	NA	NA	NA	NA	NA	NA	NA	NA	NA	NA	NA	NA	NA	NA	NA	NA	NA
3	0.7777635	0.7741178	0.7724912	NA	NA	NA	NA	NA	NA	NA	NA	NA	NA	NA	NA	NA	NA	NA	NA	NA	NA	NA	NA	NA	NA	NA	NA	NA	NA	NA
4	0.7776235	0.7170843	0.7143099	0.7128168	NA	NA	NA	NA	NA	NA	NA	NA	NA	NA	NA	NA	NA	NA	NA	NA	NA	NA	NA	NA	NA	NA	NA	NA	NA	NA
5	0.9412065	0.7749803	0.7146911	0.7119293	0.7104413	NA	NA	NA	NA	NA	NA	NA	NA	NA	NA	NA	NA	NA	NA	NA	NA	NA	NA	NA	NA	NA	NA	NA	NA	NA
6	0.0906061	0.05285516	0.04962491	0.04658361	0.04514918	0.04502681	NA	NA	NA	NA	NA	NA	NA	NA	NA	NA	NA	NA	NA	NA	NA	NA	NA	NA	NA	NA	NA	NA	NA	NA
7	0.03276201	0.009681934	0.008771326	0.008257476	0.00769973	0.007663117	0.007640914	NA	NA	NA	NA	NA	NA	NA	NA	NA	NA	NA	NA	NA	NA	NA	NA	NA	NA	NA	NA	NA	NA	NA
8	0.1449466	0.02935705	0.008577204	0.007932564	0.007475104	0.006968933	0.006948965	0.006933542	NA	NA	NA	NA	NA	NA	NA	NA	NA	NA	NA	NA	NA	NA	NA	NA	NA	NA	NA	NA	NA	NA
9	0.3106616	0.1436947	0.02919704	0.00852669	0.007890803	0.007436034	0.006932569	0.006912677	0.006897326	NA	NA	NA	NA	NA	NA	NA	NA	NA	NA	NA	NA	NA	NA	NA	NA	NA	NA	NA	NA	NA
10	0.9969604	0.3081521	0.1426503	0.02898244	0.008465326	0.007832327	0.007381091	0.006881422	0.006861708	0.006846458	NA	NA	NA	NA	NA	NA	NA	NA	NA	NA	NA	NA	NA	NA	NA	NA	NA	NA	NA	NA
11	0.9994658	0.9967564	0.3080871	0.1426157	0.02897425	0.008461434	0.007828089	0.007378619	0.006879884	0.006860174	0.006844927	NA	NA	NA	NA	NA	NA	NA	NA	NA	NA	NA	NA	NA	NA	NA	NA	NA	NA	NA
12	0.9555008	0.9510901	0.9437279	0.2493795	0.1420299	0.02892108	0.008446319	0.007813528	0.007364955	0.006867189	0.006847526	0.006832304	NA	NA	NA	NA	NA	NA	NA	NA	NA	NA	NA	NA	NA	NA	NA	NA	NA	NA
13	0.9576224	0.9530716	0.9485554	0.9410668	0.2465634	0.1396989	0.02888464	0.008435983	0.007803578	0.007355588	0.006858464	0.006838823	0.006823627	NA	NA	NA	NA	NA	NA	NA	NA	NA	NA	NA	NA	NA	NA	NA	NA	NA
14	0.4622773	0.4239876	0.3853742	0.340584	0.2852102	0.2122292	0.1225911	0.02513217	0.007200786	0.006839083	0.006445796	0.00600926	0.005997082	0.005984589	NA	NA	NA	NA	NA	NA	NA	NA	NA	NA	NA	NA	NA	NA	NA	NA
15	0.5508761	0.4600439	0.4216094	0.3828221	0.337826	0.2822051	0.2089244	0.1225297	0.02512361	0.007198066	0.006836372	0.006443437	0.006007289	0.005995115	0.005982627	NA	NA	NA	NA	NA	NA	NA	NA	NA	NA	NA	NA	NA	NA	NA
16	0.6171653	0.5478401	0.45815	0.4196209	0.3807162	0.33558	0.2797911	0.2063046	0.119869	0.02510743	0.007193477	0.006831956	0.006439272	0.006003406	0.005991235	0.005978763	NA	NA	NA	NA	NA	NA	NA	NA	NA	NA	NA	NA	NA	NA
17	0.6106264	0.5386016	0.4865854	0.4160585	0.3806793	0.3450754	0.3030966	0.2530082	0.1886301	0.1102328	0.02301929	0.006530572	0.00628676	0.005925141	0.005523773	0.005516379	0.005505639	NA	NA	NA	NA	NA	NA	NA	NA	NA	NA	NA	NA	NA
18	0.9351702	0.6103267	0.5383352	0.486319	0.4159652	0.3805931	0.344995	0.3030229	0.2529426	0.1885748	0.1102074	0.02301448	0.006528872	0.00628502	0.005923892	0.005522712	0.005515321	0.005504583	NA	NA	NA	NA	NA	NA	NA	NA	NA	NA	NA	NA
19	0.9564453	0.9138216	0.6098124	0.5379141	0.4858917	0.4158435	0.3804809	0.344892	0.3029307	0.2528633	0.1885117	0.1101756	0.02300775	0.006526605	0.006282726	0.005922111	0.00552119	0.0055138	0.005503067	NA	NA	NA	NA	NA	NA	NA	NA	NA	NA	NA
20	0.9838992	0.9535201	0.910798	0.6094677	0.537591	0.4855611	0.4157613	0.380405	0.3448223	0.3028683	0.2528096	0.1884692	0.1101537	0.02300306	0.00652493	0.006281007	0.005920878	0.00552016	0.005512772	0.005502042	NA	NA	NA	NA	NA	NA	NA	NA	NA	NA
21	0.9977362	0.9822899	0.9518642	0.9090715	0.6090468	0.537163	0.4851121	0.4157159	0.3803628	0.3447833	0.3028331	0.252779	0.1884444	0.1101414	0.02300039	0.006523884	0.006279908	0.005920171	0.005519604	0.005512219	0.005501491	NA	NA	NA	NA	NA	NA	NA	NA	NA
22	0.9961904	0.9944666	0.9788624	0.9482691	0.9052892	0.6088281	0.5369385	0.484877	0.4156546	0.3803009	0.3447204	0.3027689	0.2527134	0.1883773	0.1101339	0.02299887	0.00652334	0.00627935	0.005919703	0.005519269	0.005511883	0.005501154	NA	NA	NA	NA	NA	NA	NA	NA
23	0.9799945	0.9753415	0.9726586	0.9559998	0.9242457	0.8799714	0.6007846	0.5284514	0.4758621	0.4153859	0.3800493	0.3444856	0.3025539	0.2525219	0.1882144	0.1100396	0.02298657	0.006519818	0.00627595	0.005916483	0.005516242	0.00550881	0.005498066	NA	NA	NA	NA	NA	NA	NA
24	0.9553527	0.9410204	0.9371009	0.9326637	0.9141676	0.8807559	0.8610058	0.5811133	0.5076734	0.4752442	0.4148462	0.379557	0.344042	0.3021802	0.2522189	0.1879983	0.1099144	0.02295992	0.006512136	0.006268518	0.005909417	0.005509557	0.005501915	0.005490815	NA	NA	NA	NA	NA	NA
25	0.9531643	0.9498429	0.9355307	0.9315821	0.9270431	0.9084802	0.8750237	0.8551729	0.5785532	0.5053183	0.4729526	0.4133503	0.3781686	0.3427593	0.3010223	0.2512154	0.187177	0.109422	0.02288091	0.006489955	0.006247232	0.005889452	0.005491108	0.005483809	0.005472709	NA	NA	NA	NA	NA
26	0.9972684	0.9528262	0.9495088	0.9351983	0.9312433	0.926697	0.9081287	0.8746679	0.8548102	0.5784305	0.5052077	0.4728471	0.4132739	0.3780984	0.3426953	0.3009657	0.2511677	0.1871402	0.1094014	0.02287655	0.006488535	0.006245808	0.005888308	0.005490117	0.005482822	0.005471722	NA	NA	NA	NA
27	0.9996541	0.9969811	0.9525824	0.9492615	0.9349507	0.9309898	0.9264375	0.9078632	0.874397	0.8545324	0.578314	0.5050955	0.4727351	0.4132169	0.3780444	0.3426441	0.3009177	0.2511237	0.1871013	0.1093891	0.022874	0.006487737	0.006245016	0.005887606	0.005489523	0.005482228	0.005471125	NA	NA	NA
28	0.9947887	0.9942739	0.9914174	0.9506835	0.9473151	0.9330959	0.929081	0.9244649	0.9058124	0.8722606	0.8523025	0.5773612	0.5041146	0.4717206	0.4127915	0.3776092	0.3421957	0.3004537	0.2506413	0.1865962	0.1093437	0.02286684	0.00648569	0.00624304	0.005885734	0.005487765	0.005480438	0.005469256	NA	NA
29	0.9970938	0.9922636	0.9916874	0.9887779	0.9485264	0.945104	0.9312806	0.9272202	0.9225498	0.9038401	0.8702306	0.8502193	0.5762631	0.5030158	0.4706048	0.4118537	0.376652	0.3412122	0.2994388	0.2495896	0.1854991	0.1092597	0.02285104	0.006481141	0.006238641	0.005881554	0.005483812	0.005476366	0.005464944	NA
30	0.9861732	0.9843115	0.9795167	0.9789265	0.9759894	0.9362342	0.9328236	0.9191022	0.915007	0.9102998	0.8917123	0.8583382	0.8391489	0.5690857	0.4966734	0.4646746	0.4068687	0.3720808	0.337056	0.2957735	0.246534	0.1831628	0.1078869	0.0225697	0.006402174	0.006162864	0.005810483	0.005418148	0.005411903	0.005399937
31	0.9895687	0.9850555	0.9832071	0.9784137	0.9778151	0.974869	0.935173	0.9320343	0.9183211	0.9142223	0.9095107	0.8909292	0.8575688	0.8384066	0.5685959	0.4962325	0.4642615	0.4065121	0.371754	0.3367598	0.295513	0.2463167	0.1829994	0.1078033	0.02255196	0.006397016	0.006157861	0.005805763	0.005413746	0.005407389
32	0.9916088	0.9811695	0.9766297	0.9750091	0.9702208	0.9695803	0.9665912	0.9271487	0.9239679	0.9102766	0.9061124	0.9013303	0.8827683	0.8494962	0.8308043	0.5641168	0.4922122	0.4604321	0.403602	0.3690863	0.3343357	0.2933768	0.2445376	0.1816425	0.107005	0.02238896	0.006351195	0.006113868	0.005764468	0.005375536
33	0.9939985	0.9905005	0.9800513	0.9755351	0.973908	0.9691145	0.9684617	0.9654593	0.9260363	0.9232465	0.9095651	0.9054025	0.9006222	0.8820723	0.8488198	0.8301455	0.5636731	0.4918201	0.4600638	0.403288	0.3687989	0.3340754	0.2931483	0.2443471	0.181499	0.1069271	0.02237238	0.006346396	0.00610922	0.00576009
34	0.9970768	0.9910264	0.987498	0.9769949	0.9724209	0.970741	0.9663937	0.9656847	0.9626194	0.9236827	0.9208434	0.9071291	0.9028979	0.8980427	0.879423	0.8461017	0.8273503	0.5623826	0.4905518	0.4587786	0.4025899	0.3681161	0.3334049	0.2924922	0.2437098	0.1808831	0.10681	0.02234934	0.006339875	0.006102946
35	0.9974782	0.9954656	0.9894053	0.9859394	0.9754282	0.9708477	0.9691619	0.9648183	0.9641002	0.9610256	0.9221466	0.9192972	0.9055825	0.9013352	0.8964623	0.8778398	0.8445256	0.8257724	0.5614309	0.4896688	0.4579215	0.4020527	0.3676244	0.3329596	0.2921012	0.2433834	0.1806361	0.1066714	0.02232227	0.006332067
36	0.9995394	0.9970278	0.9950173	0.9889591	0.9854949	0.974983	0.9704029	0.9687167	0.964375	0.963656	0.9605804	0.9217168	0.9189099	0.9052002	0.9009539	0.896082	0.8774661	0.8441623	0.8254142	0.5611894	0.4894541	0.457719	0.4018808	0.3674664	0.332816	0.2919742	0.243276	0.1805525	0.1066326	0.02231385
37	0.9928904	0.9924022	0.9898651	0.988205	0.9821202	0.9786344	0.9681152	0.9635138	0.9618137	0.9574832	0.9567185	0.9535931	0.9149005	0.9120444	0.8983401	0.8940406	0.8891116	0.8705058	0.8372553	0.8184811	0.5576897	0.4863165	0.4547329	0.3996694	0.3654559	0.3310121	0.2904099	0.2419865	0.1796089	0.1060791
38	0.9667772	0.9642282	0.9633795	0.960513	0.9583829	0.9570207	0.9531755	0.9519347	0.9472184	0.9453575	0.9408843	0.9400519	0.9391417	0.9007292	0.8977255	0.8839747	0.8795597	0.8745023	0.8559009	0.8277297	0.8091169	0.5512458	0.4806329	0.4494014	0.394954	0.3611191	0.327056	0.2871187	0.2392682	0.1775727
39	0.5363155	0.5336504	0.5327477	0.5326036	0.5311998	0.5306214	0.5303236	0.5292136	0.5289762	0.5276175	0.527149	0.5250857	0.5250035	0.5248877	0.5036036	0.5023368	0.4952549	0.4934442	0.4913321	0.4816555	0.4666025	0.4574618	0.3086757	0.2687982	0.2523404	0.2219374	0.2037079	0.1855527	0.1640337	0.1371794
40	0.5788344	0.5336946	0.5310424	0.5301456	0.5299963	0.5285898	0.5280067	0.5277093	0.5266055	0.5263701	0.5250179	0.5245608	0.5225182	0.5224472	0.5223396	0.5011493	0.4998802	0.4928251	0.4910101	0.4888933	0.4792475	0.4642502	0.4551265	0.3071185	0.2674014	0.251028	0.2208404	0.2027168	0.184672	0.1632776
41	0.9938681	0.5786392	0.5336174	0.5309652	0.5300682	0.5299182	0.5285112	0.5279274	0.5276295	0.5265255	0.5262897	0.524937	0.5244798	0.5224374	0.5223663	0.5222585	0.5010701	0.49981	0.4927549	0.4909391	0.4888211	0.4791754	0.4641788	0.4550541	0.3070716	0.2673582	0.2509869	0.2208054	0.2026842	0.1846419
42	0.9971293	0.991034	0.5760137	0.5321542	0.5295049	0.5286053	0.5284529	0.5270427	0.5264558	0.5261552	0.5250509	0.5248111	0.5234556	0.5229974	0.5209585	0.5208856	0.5207745	0.4996271	0.4983583	0.4913086	0.489482	0.4873522	0.4777117	0.4627318	0.4536045	0.3061914	0.2665554	0.2502199	0.2202549	0.2021862
43	0.9989174	0.9962186	0.9905683	0.5755937	0.5318479	0.5293547	0.5284555	0.5283026	0.5268923	0.5263053	0.5260044	0.5249002	0.5246603	0.5233048	0.522847	0.520809	0.5207365	0.5206258	0.4994835	0.4982231	0.4911748	0.4893478	0.4872175	0.4775784	0.4626015	0.4534747	0.306102	0.266475	0.2501444	0.2201898
44	0.9917187	0.9905602	0.9877703	0.9820477	0.5670428	0.529434	0.526945	0.5260463	0.5258907	0.5244996	0.5239128	0.52361	0.5225067	0.5222645	0.5209094	0.5204529	0.5184237	0.5183515	0.5182398	0.497177	0.4959127	0.4888851	0.4870541	0.4849197	0.4753073	0.460378	0.4512678	0.3047068	0.2652271	0.2489648
45	0.9941107	0.9900611	0.9890284	0.9862396	0.9807906	0.5658138	0.5285908	0.5263188	0.5254212	0.5252656	0.5238756	0.5232885	0.5229859	0.5218842	0.521643	0.5202894	0.5198354	0.5178106	0.5177408	0.5176316	0.496593	0.4953378	0.4883182	0.4864882	0.4843548	0.4747522	0.4598391	0.4507348	0.3043396	0.2649021
46	0.9990875	0.9936743	0.9896305	0.9886033	0.98581	0.9803932	0.5654172	0.5283734	0.526184	0.5252861	0.5251298	0.5237392	0.5231514	0.5228483	0.5217462	0.5215045	0.5201505	0.5196964	0.517672	0.517602	0.5174926	0.496458	0.4952109	0.4881921	0.4863612	0.4842269	0.4746253	0.4597145	0.4506099	0.30426
47	0.9988142	0.9979012	0.992491	0.988463	0.987439	0.984646	0.9792388	0.5642866	0.5276935	0.5255036	0.5246047	0.5244457	0.5230529	0.5224626	0.5221573	0.5210539	0.52081	0.5194543	0.5189996	0.5169764	0.5169052	0.5167943	0.4957791	0.494528	0.4875115	0.4856754	0.4835352	0.4739361	0.4590332	0.4499316
48	0.9980215	0.9968163	0.9958815	0.990455	0.9864052	0.9853701	0.9825553	0.9771272	0.5621771	0.5268618	0.5246673	0.5237619	0.5235944	0.5221934	0.5215953	0.5212844	0.5201784	0.51993	0.5185697	0.518116	0.5160987	0.5160284	0.5159169	0.4949372	0.4936751	0.4866599	0.484808	0.4826502	0.473043	0.4581388
49	0.9954608	0.9934202	0.9921492	0.9911513	0.9856678	0.9815517	0.9804904	0.9776096	0.9721084	0.5571316	0.5244358	0.5222086	0.5212668	0.5210535	0.5196073	0.5189625	0.5186165	0.5174867	0.5172067	0.5158115	0.5153457	0.5133389	0.5132547	0.5131173	0.4922783	0.4909472	0.4839184	0.481976	0.4797174	0.4700312
50	0.9918062	0.9905119	0.9884333	0.9871104	0.9860504	0.9805278	0.97635	0.975285	0.9723471	0.9667859	0.5517667	0.522226	0.5200204	0.5190577	0.5188163	0.5173433	0.5166677	0.5163061	0.5151757	0.5148903	0.5134907	0.5130531	0.5110925	0.5110422	0.5109263	0.4901812	0.4888233	0.4817994	0.479807	0.4774912
51	0.9890736	0.9856436	0.9847013	0.9828549	0.9815328	0.980457	0.9749434	0.9707513	0.9697293	0.9667797	0.9612427	0.5462479	0.5169012	0.5160514	0.5150504	0.5147599	0.5132416	0.5125285	0.5121337	0.5109839	0.5106713	0.5092463	0.5088146	0.506875	0.5068269	0.506711	0.4860899	0.4848902	0.4778633	0.4757969
52	0.637416	0.6301502	0.6212064	0.6132753	0.6046595	0.5963232	0.5875063	0.5746048	0.5646599	0.5551693	0.5448529	0.5309905	0.5128289	0.4849351	0.4835504	0.4821269	0.4811629	0.4795611	0.4784764	0.4774671	0.4760072	0.4750228	0.47328	0.4722984	0.4698551	0.4690676	0.4681537	0.4484896	0.4461806	0.4384625
53	0.66936	0.6362869	0.6290172	0.6200705	0.6121325	0.6035157	0.5951763	0.5863554	0.5734537	0.5635034	0.5540263	0.5437075	0.5298723	0.511719	0.4841046	0.4827136	0.4812818	0.480307	0.4786951	0.4776026	0.4765879	0.4751256	0.4741372	0.4723897	0.4714114	0.4689755	0.4681912	0.4672803	0.4476459	0.4453247
54	0.9938505	0.6647088	0.6340853	0.6268126	0.6178654	0.6099175	0.6013044	0.5929643	0.5841541	0.5712655	0.5613102	0.5518768	0.5415604	0.5279414	0.5098295	0.482409	0.4810072	0.4795599	0.4785648	0.4769335	0.475827	0.4748032	0.4733384	0.4723439	0.4705889	0.4696204	0.4672027	0.4664283	0.4655278	0.4459599
55	0.996976	0.9908096	0.6625217	0.6324455	0.6251657	0.6162151	0.6082559	0.5996395	0.5912931	0.5824983	0.5696117	0.5596474	0.5502479	0.5399273	0.5266551	0.5085872	0.4813261	0.4799169	0.4784595	0.4774514	0.4758079	0.4746922	0.4736628	0.4721968	0.471199	0.4694398	0.4684787	0.4660738	0.4653071	0.4644142
56	0.9893827	0.98627	0.9800146	0.6548944	0.6270928	0.6197839	0.6108088	0.602809	0.5941671	0.5857894	0.5769735	0.5640774	0.5540849	0.544787	0.5344607	0.52139	0.5033808	0.4772082	0.4757677	0.4742691	0.4732065	0.4715107	0.4703417	0.4692832	0.4678116	0.466799	0.4650244	0.464103	0.4617686	0.4610492
57	0.9916972	0.9866684	0.98357	0.9772965	0.6531349	0.6263873	0.6190772	0.6101068	0.6021035	0.5934584	0.5850774	0.5762581	0.5633629	0.5533688	0.5440846	0.5337604	0.5206941	0.502693	0.4765563	0.475128	0.4736229	0.4725519	0.4708482	0.4696712	0.4686085	0.4671378	0.4661251	0.4643477	0.4634309	0.4611045
58	0.9765163	0.9698444	0.9646404	0.9613022	0.9549384	0.6438855	0.6176371	0.6105034	0.6017547	0.5936954	0.5849929	0.5765481	0.5676937	0.5548716	0.5448607	0.5358533	0.5255574	0.5125182	0.4945955	0.4687073	0.467214	0.4656179	0.4644324	0.4626159	0.4613163	0.4601946	0.4587208	0.4576925	0.4559034	0.455121
59	0.82605	0.8257016	0.8228136	0.8214299	0.8219638	0.8196513	0.5511048	0.5284587	0.520666	0.51194	0.5026199	0.4942759	0.4867491	0.4764841	0.4625589	0.4510663	0.4410634	0.4362237	0.4330612	0.4262192	0.4081085	0.4111423	0.4152898	0.420512	0.4254726	0.4250512	0.4253619	0.4267548	0.4290492	0.4314368
60	0.824413	0.7977759	0.7979822	0.7952357	0.7934632	0.793767	0.7915504	0.5341663	0.5136164	0.5055643	0.4966177	0.4870153	0.4784092	0.4705918	0.4600135	0.4458926	0.4340806	0.4237729	0.4186164	0.4151994	0.4082559	0.3905323	0.3931784	0.3969145	0.4016808	0.4062364	0.4054899	0.4052856	0.4061543	0.4078645
61	0.59902	0.5841079	0.5751422	0.5728525	0.5697951	0.5684658	0.5673578	0.565918	0.371921	0.3517334	0.3503819	0.3489843	0.3489334	0.3459969	0.3437941	0.3430471	0.3405824	0.3392388	0.3312286	0.328289	0.3239752	0.3187859	0.3032327	0.3045538	0.3066811	0.3095851	0.3123016	0.3139743	0.3145829	0.3139874
62	0.8013987	0.5974108	0.5828917	0.5740069	0.5717563	0.5687528	0.5674259	0.5663169	0.5648759	0.3711455	0.3511149	0.3497927	0.3484135	0.3483837	0.3454817	0.3432977	0.3425768	0.3401392	0.3388181	0.3308113	0.3278749	0.3235581	0.3183659	0.302835	0.3041657	0.3062862	0.3091829	0.3118919	0.3135701	0.3141848
63	0.8148621	0.7163823	0.5626319	0.5485135	0.5398416	0.5375115	0.5344209	0.5329844	0.5317431	0.5301714	0.3437446	0.329947	0.3299586	0.3294062	0.3303586	0.3289881	0.3276249	0.328116	0.3268939	0.3266007	0.3186399	0.3157877	0.3112263	0.3057749	0.2909488	0.2921369	0.2939648	0.2965497	0.2989298	0.3008759
64	0.8310068	0.7891817	0.6979136	0.5463314	0.533103	0.5253372	0.5235618	0.5209693	0.5200388	0.5193132	0.5182776	0.3348862	0.322797	0.3231817	0.3228947	0.3241094	0.3232956	0.3223775	0.3231905	0.3222952	0.3222713	0.3143051	0.311459	0.3068103	0.3012661	0.2870136	0.2881524	0.2898842	0.292367	0.2946394
65	0.7172741	0.6919238	0.6890964	0.6127791	0.4687838	0.4608472	0.4584636	0.4598694	0.4605471	0.4629757	0.4656912	0.4682275	0.2990372	0.2924185	0.2939466	0.2945965	0.2965353	0.2978693	0.299028	0.3007321	0.3007664	0.3014568	0.2933444	0.2907627	0.2863245	0.2810337	0.2701945	0.2713844	0.2730987	0.2755824
66	0.7667172	0.6910042	0.6658934	0.66323	0.5921622	0.4583329	0.451526	0.4496459	0.4513329	0.452305	0.4550295	0.4580469	0.4608961	0.2942569	0.2879253	0.2894601	0.2901347	0.2920605	0.2934854	0.2947751	0.296469	0.2965126	0.2972007	0.2891627	0.2866023	0.2821859	0.2769455	0.2666594	0.2678357	0.2695283
67	0.8872258	0.7635466	0.6886652	0.663753	0.6611064	0.5903394	0.4573852	0.4506664	0.4487891	0.4506448	0.4516168	0.4543397	0.4573545	0.4602015	0.2938085	0.2874904	0.289023	0.2896965	0.2916193	0.2930428	0.2943313	0.2960226	0.2960657	0.2967527	0.2887255	0.2861696	0.281759	0.2765281	0.2662678	0.2674468
68	0.9670216	0.8821054	0.7601632	0.6863137	0.6615914	0.6589471	0.5884422	0.456676	0.4500333	0.44816	0.4500702	0.4510423	0.4537639	0.4567768	0.459622	0.2934343	0.2871293	0.2886599	0.2893324	0.2912528	0.2926749	0.2939625	0.2956514	0.295694	0.2963799	0.2883618	0.2858094	0.2814033	0.2761799	0.2659429
69	0.9949022	0.9630491	0.8789797	0.7577734	0.6844194	0.6597123	0.6570606	0.5865984	0.4555758	0.44898	0.4470994	0.4493985	0.4503654	0.4530812	0.4560875	0.458926	0.2929125	0.2868218	0.2883511	0.2890231	0.2909419	0.2923631	0.2936498	0.2953375	0.2953805	0.296066	0.2880543	0.285504	0.2811	0.2758816
70	0.8949227	0.8892224	0.8777154	0.8184364	0.7458256	0.6770899	0.6529767	0.6503052	0.5800198	0.4546019	0.4480775	0.4461973	0.44849	0.4494888	0.4521979	0.4551965	0.4580274	0.29226	0.2861692	0.28773	0.28842	0.2903282	0.2917407	0.2930186	0.2948068	0.294881	0.2955635	0.2875933	0.2850512	0.2806623
71	0.8350631	0.8271078	0.820694	0.8109694	0.7557197	0.6883137	0.621898	0.602984	0.5996227	0.5718191	0.4506473	0.4445254	0.442625	0.4448814	0.4458741	0.4485429	0.4514973	0.4542838	0.2898822	0.2838075	0.2853918	0.2860717	0.2879582	0.2893491	0.2906045	0.2923815	0.292475	0.293147	0.2852539	0.282716
72	0.8114663	0.8002813	0.7930459	0.7870781	0.7773729	0.7240224	0.6655637	0.6023616	0.5834955	0.5804579	0.5529818	0.4343972	0.4289303	0.4276614	0.4302471	0.4315819	0.4345921	0.4378937	0.4410438	0.2810599	0.2766187	0.2781768	0.2788559	0.2806762	0.2821617	0.2835495	0.2852551	0.2853149	0.2859126	0.2779431
73	0.9479973	0.7773724	0.7711944	0.7641095	0.7588499	0.75076	0.7009004	0.6443824	0.5816289	0.562739	0.5594247	0.5488209	0.4322117	0.4268135	0.4255401	0.4281103	0.429455	0.4324472	0.4357293	0.43886	0.2796351	0.275202	0.2767466	0.2774095	0.2792026	0.2806661	0.2820313	0.2837111	0.2837661	0.2843469
74	0.8455168	0.8390128	0.7368876	0.7313137	0.7248893	0.7211426	0.7131163	0.6634341	0.6073613	0.5445871	0.5255926	0.5229747	0.5130683	0.4000841	0.396186	0.3964394	0.3998535	0.4020689	0.4059444	0.4101268	0.4141959	0.2625565	0.260739	0.2621994	0.2628826	0.2644952	0.2661251	0.2677841	0.2692621	0.2691722
75	0.8851047	0.7965553	0.7913151	0.6917638	0.6858269	0.6789492	0.676092	0.6696694	0.6362317	0.5801069	0.5172059	0.5124832	0.5100816	0.5006009	0.3893053	0.3852785	0.385381	0.3886295	0.39181	0.3955189	0.3995256	0.4034169	0.2553758	0.2535892	0.2549291	0.2557411	0.2572117	0.2587036	0.2602134	0.2615408
76	0.7329335	0.6713606	0.6253105	0.6206305	0.5774964	0.5718693	0.5651805	0.563075	0.5578036	0.5371521	0.4989172	0.4609872	0.4571269	0.4567252	0.4478348	0.3445666	0.3423663	0.3438575	0.3468828	0.3498636	0.3534001	0.3571993	0.360989	0.228382	0.2267744	0.228009	0.2287994	0.2301831	0.2316088	0.2330588
77	0.8797389	0.681248	0.6629415	0.6174943	0.6129852	0.5703081	0.5649632	0.5587647	0.5569701	0.5517034	0.5310433	0.4928558	0.4549138	0.4510373	0.4507801	0.4420192	0.3390487	0.337113	0.3388665	0.3420433	0.345173	0.3488608	0.3528139	0.356764	0.2255239	0.2239798	0.2251965	0.2259903	0.2273369	0.2287847
78	0.8672846	0.7743424	0.6431833	0.6263635	0.584465	0.5796874	0.5471951	0.5417291	0.5354588	0.5336918	0.5281957	0.5074614	0.4695378	0.431682	0.4276188	0.4273024	0.4185787	0.3187387	0.3168076	0.3185103	0.3215355	0.3245198	0.3280272	0.3317872	0.335547	0.2127979	0.2114563	0.2124592	0.2130802	0.2141849
79	0.4221563	0.4076258	0.3278784	0.3007063	0.2830851	0.2662282	0.2596145	0.2396516	0.232312	0.2256141	0.2233002	0.2150458	0.2050656	0.192982	0.1817638	0.1751886	0.1729564	0.1696933	0.1526927	0.1542692	0.1561018	0.158262	0.1604136	0.162851	0.1654369	0.168046	0.1065771	0.1059462	0.1053355	0.1045643
80	0.3634527	0.3546154	0.3438794	0.266213	0.2447369	0.2275872	0.2122548	0.2052411	0.187712	0.1804802	0.1738692	0.1713723	0.1625473	0.1529871	0.1425518	0.1325964	0.1254138	0.1227189	0.1193486	0.1169305	0.1185808	0.1202472	0.1220897	0.1239294	0.1259939	0.1281816	0.1303946	0.08344394	0.08302666	0.08203418
81	0.2188977	0.1291624	0.1303416	0.1292986	0.08475278	0.07609063	0.06661394	0.06091707	0.06158657	0.0578755	0.0585783	0.05926106	0.06005335	0.06083126	0.06155782	0.06201165	0.06282002	0.0636571	0.06446289	0.06450764	0.06391692	0.06488165	0.06583489	0.06686082	0.06785597	0.06902108	0.07023978	0.07146884	0.04128626	0.04087395
82	0.2267604	0.2083749	0.1176666	0.1188116	0.1179455	0.07318557	0.06693696	0.05729788	0.05160025	0.05221157	0.04904248	0.04968452	0.05030509	0.05100349	0.05171296	0.05236843	0.05279276	0.05352977	0.05428382	0.05499859	0.05506929	0.05458546	0.0554225	0.05625064	0.05714495	0.05801107	0.05902625	0.06008834	0.06116048	0.03532495
83	0.7640437	0.2164804	0.2019675	0.110205	0.1114049	0.1106784	0.06561135	0.05959443	0.04976137	0.04401535	0.04454685	0.04180243	0.04236138	0.04290655	0.04351151	0.04412651	0.04468237	0.04504134	0.04567686	0.04632864	0.04694978	0.0470235	0.04660212	0.04732963	0.04805063	0.04883222	0.0495874	0.05047343	0.05140063	0.05233757
84	0.7650114	0.7537299	0.206707	0.1955648	0.102707	0.1038578	0.1032546	0.05784652	0.05276738	0.04272387	0.03692444	0.03737699	0.03502687	0.03550366	0.03596989	0.03648697	0.03701077	0.03747026	0.0377648	0.03830199	0.03885453	0.03938529	0.03945867	0.0391189	0.03974194	0.04036052	0.04103334	0.04168155	0.04244347	0.04324091
85	0.7623968	0.7572965	0.7470904	0.1944661	0.1858058	0.09174921	0.09280094	0.09227252	0.04647738	0.0459069	0.03564404	0.02978607	0.03015484	0.0281984	0.02858786	0.02896912	0.02938969	0.0298168	0.03017444	0.03039915	0.03083203	0.03127935	0.03171137	0.03177792	0.03150858	0.03201571	0.03251996	0.03307337	0.03360361	0.03422949
86	0.9417113	0.716556	0.7110001	0.701466	0.1429633	0.1361992	0.04037672	0.0407716	0.03974372	0.0391667	0.03880953	0.02831726	0.02239282	0.0226712	0.0211125	0.02140779	0.02169716	0.02202306	0.02235009	0.02268583	0.02283485	0.02315641	0.02351662	0.02384298	0.02389864	0.02367454	0.02405721	0.02443828	0.02486295	0.02528661
87	0.7563579	0.7089183	0.5882209	0.5877232	0.5899241	0.03021444	0.0256093	0.02562004	0.02585346	0.02580788	0.02551778	0.02532056	0.01450252	0.01397433	0.0141477	0.01321169	0.01340026	0.01358493	0.01379296	0.01400353	0.01421715	0.01428918	0.01448793	0.0147184	0.01492333	0.01495968	0.01477368	0.01502576	0.01528202	0.0155527
88	0.8168671	0.7016739	0.6950845	0.5732968	0.5729268	0.5762927	0.01064026	0.007819784	0.007746355	0.007827768	0.007739612	0.007523174	0.007359362	0.007449418	0.006925424	0.007018551	0.006465488	0.006558798	0.006650386	0.006752693	0.006856708	0.006959133	0.006950166	0.007032718	0.007145323	0.007238411	0.007254142	0.007101313	0.007221524	0.007346668
89	0.2919668	0.2669312	0.1540988	0.141806	0.01323822	0.006664284	0.004267262	0.002524483	0.001425197	0.001404224	0.001419124	0.001407563	0.001380498	0.001356343	0.001373143	0.001374061	0.001392821	0.001137149	0.001152953	0.001168313	0.001184785	0.001203021	0.001216483	0.001198701	0.001195089	0.001212946	0.00121906	0.001224616	0.001093557	0.001106855
90	0.3652307	0.2681687	0.265012	0.1519203	0.1400784	0.01052231	0.004530082	0.002553962	0.001164961	0.0007009502	0.0006856528	0.0006933942	0.0006923192	0.0006873046	0.0006829044	0.0006917797	0.0006937848	0.000703542	0.0004820368	0.000488368	0.0004943026	0.0005002557	0.0005077746	0.0005099521	0.0004834562	0.0004677103	0.0004735648	0.000468131	0.0004713803	0.0003412265
91	0.3592319	0.2949655	0.2696202	0.2671177	0.1528869	0.1409723	0.009819803	0.003948842	0.002023938	0.0006974449	0.0002864964	0.0002732842	0.0002759173	0.0002751072	0.0002733088	0.0002709327	0.0002741097	0.0002759299	0.0002795089	0.0002759378	0.0002791992	0.0002820968	0.0002850299	0.0002892618	0.0002878624	0.0002608058	0.0002445242	0.0002483863	0.0002519525	0.0002545164
92	0.4155895	0.3470281	0.2873409	0.2639852	0.2614054	0.1538789	0.1428174	0.009895678	0.003946083	0.002000746	0.0006622607	0.0002545387	0.0002413939	0.000243729	0.0002434067	0.000242665	0.0002411617	0.0002440293	0.0002459413	0.0002491565	0.0002473647	0.0002507786	0.0002539382	0.0002564501	0.0002602809	0.0002583588	0.0002304538	0.0002133344	0.0002167237	0.0002198411
93	0.8386851	0.3803407	0.3216569	0.2619558	0.2387631	0.2358695	0.1478678	0.144719	0.009988947	0.003968294	0.002003555	0.0006521974	0.0002433822	0.00023019	0.0002324658	0.0002323934	0.0002321286	0.0002310434	0.0002338532	0.0002358674	0.0002390058	0.0002379904	0.0002413605	0.0002446343	0.0002470361	0.0002507836	0.0002486665	0.0002201395	0.0002025145	0.0002057796
94	0.6659998	0.5357854	0.2685214	0.2321651	0.1772217	0.1563383	0.1525733	0.1492536	0.1461779	0.009676445	0.003670827	0.001788787	0.0004636035	0.0001148346	0.0001052824	0.0001058917	0.0001046195	0.0001038039	0.0001028847	0.0001037996	0.0001041344	0.0001052221	0.0001036312	0.0001048172	0.0001057897	0.0001057554	0.0001069927	0.000102153	7.041631e-05	4.955261e-05
95	0.3550987	0.2967212	0.2803269	0.1232567	0.09555128	0.04263767	0.03223328	0.02714778	0.02209761	0.01722773	0.009478266	0.003612652	0.001744314	0.0004103557	5.901225e-05	4.951196e-05	4.930545e-05	4.747533e-05	4.611729e-05	4.480442e-05	4.48028e-05	4.433431e-05	4.443694e-05	4.225086e-05	4.237783e-05	4.225027e-05	4.107223e-05	4.148107e-05	4.185713e-05	4.140564e-05
96	0.2724808	0.2480782	0.2161775	0.2038309	0.09414784	0.07079813	0.03921291	0.02934816	0.02432957	0.01932288	0.01456241	0.009093184	0.003592327	0.001727216	0.0003922235	4.209128e-05	3.54125e-05	3.504574e-05	3.339468e-05	3.229373e-05	3.120286e-05	3.102049e-05	3.053421e-05	3.043586e-05	2.874811e-05	2.86642e-05	2.833537e-05	2.697766e-05	2.714031e-05	2.741178e-05
97	0.2659884	0.1625954	0.1487087	0.1330433	0.1217358	0.07361844	0.05618496	0.02739179	0.01932736	0.01554059	0.01179912	0.009139005	0.006170424	0.00315546	0.001514449	0.0003370305	2.43618e-05	1.801767e-05	1.769095e-05	1.718935e-05	1.663961e-05	1.60685e-05	1.587795e-05	1.557181e-05	1.542811e-05	1.460392e-05	1.44799e-05	1.427174e-05	1.363992e-05	1.356503e-05
98	0.1572775	0.07919616	0.06005782	0.05573486	0.05091003	0.04712332	0.0309451	0.02032215	0.01118286	0.00583661	0.003755988	0.001662528	0.001235674	0.0008301544	0.0004180471	0.000185299	4.185573e-05	4.302636e-06	4.090782e-06	3.908988e-06	3.724944e-06	3.513925e-06	3.301566e-06	3.158807e-06	2.995268e-06	2.851974e-06	2.626462e-06	2.475672e-06	2.345588e-06	2.299224e-06
99	0.2172644	0.143821	0.07267631	0.05689237	0.05301317	0.04874051	0.04500996	0.03037167	0.0200554	0.01098253	0.005719732	0.003654517	0.00157251	0.001159509	0.0007700317	0.0003740362	0.0001636391	3.663351e-05	3.535084e-06	3.358584e-06	3.191951e-06	3.033031e-06	2.853604e-06	2.672485e-06	2.540333e-06	2.394723e-06	2.261696e-06	2.081584e-06	1.942315e-06	1.813694e-06
100	0.4456123	0.1377766	0.1034994	0.03565061	0.02228793	0.02023841	0.01763048	0.01718039	0.01181916	0.01021446	0.00931915	0.00480209	0.003027798	0.001234355	0.0009079305	0.0006044845	0.0002958152	0.0001296885	2.886292e-05	2.545142e-06	2.405068e-06	2.273895e-06	2.14952e-06	2.010683e-06	1.871788e-06	1.766893e-06	1.651797e-06	1.544718e-06	1.39947e-06	1.283077e-06
101	0.2885729	0.1803658	0.07947831	0.06671295	0.00340738	0.001521832	0.001315164	0.001090151	0.00107327	0.0003366478	0.0002018696	0.0001629989	9.252343e-05	6.901677e-05	4.634315e-05	3.640593e-05	2.555706e-05	1.452055e-05	7.137733e-06	1.811775e-06	3.651067e-07	3.566211e-07	3.527989e-07	3.435463e-07	3.300374e-07	3.16923e-07	3.148287e-07	3.091691e-07	3.073742e-07	2.874067e-07
102	0.3141758	0.2435617	0.1469647	0.07156574	0.06492379	0.001775046	0.0005451822	0.0005008757	0.000430381	0.0004309836	7.525694e-05	2.051351e-05	9.969545e-06	4.652959e-06	3.676743e-06	2.769214e-06	2.136233e-06	1.419987e-06	6.916702e-07	4.524472e-07	2.609481e-07	1.784388e-07	1.775654e-07	1.797213e-07	1.777067e-07	1.728747e-07	1.688502e-07	1.713243e-07	1.715919e-07	1.744222e-07
103	0.1166065	0.1133437	0.1122894	0.08774507	0.06818051	0.06456013	0.001084807	0.0002963981	0.0002703157	0.0002326119	0.0002337858	3.652349e-05	7.42988e-06	3.068058e-06	8.48245e-07	6.42116e-07	4.748124e-07	4.011129e-07	3.195654e-07	2.370047e-07	1.809066e-07	1.327239e-07	9.997085e-08	9.960068e-08	1.009282e-07	9.988503e-08	9.728868e-08	9.509763e-08	9.659782e-08	9.686049e-08
104	0.1975203	0.04460685	0.04289963	0.04108759	0.01626504	0.003481812	0.001037716	0.0006340553	0.000183422	0.0001696877	0.000145896	0.0001467022	2.280729e-05	4.617683e-06	1.973484e-06	5.623157e-07	4.336772e-07	3.318904e-07	2.824653e-07	2.271569e-07	1.71119e-07	1.24809e-07	8.581982e-08	6.305958e-08	6.283076e-08	6.366605e-08	6.301667e-08	6.143055e-08	6.004786e-08	6.10005e-08
105	0.2396295	0.0360698	0.02972372	0.02932958	0.02896197	0.004676001	0.0009683572	0.0002773974	0.000162579	5.291022e-05	4.888338e-05	4.187381e-05	4.210894e-05	6.615281e-06	1.403812e-06	6.544967e-07	2.17846e-07	1.795111e-07	1.525924e-07	1.316287e-07	1.07331e-07	8.266278e-08	5.214611e-08	2.81404e-08	1.814787e-08	1.807043e-08	1.830151e-08	1.809832e-08	1.760704e-08	1.721192e-08
106	0.232608	0.08975788	0.02927788	0.02504121	0.02487345	0.02446432	0.0001879134	2.507739e-05	1.279844e-05	1.01588e-05	1.054782e-06	9.708185e-07	8.368218e-07	8.414249e-07	1.720985e-07	7.608284e-08	6.109419e-08	4.730846e-08	4.106206e-08	3.470924e-08	2.512353e-08	1.391002e-08	2.481501e-09	1.376029e-09	5.834944e-10	3.407702e-10	3.391124e-10	3.431732e-10	3.310405e-10	3.223865e-10
107	0.3079623	0.06848367	0.06700354	0.005726777	0.001185242	0.0007884901	0.0001259138	0.0001225932	1.414471e-05	9.728097e-06	8.388804e-06	3.509117e-07	3.182478e-07	2.741128e-07	2.757185e-07	4.708685e-08	1.340753e-08	7.4403e-09	3.648844e-09	2.684963e-09	1.856309e-09	1.390653e-09	8.6561e-10	3.3098e-10	2.351105e-10	1.588689e-10	1.175616e-10	1.171213e-10	1.187979e-10	1.176903e-10
108	0.2448184	0.08854605	0.006057949	0.005412541	0.005479098	0.0009123056	0.0006963961	2.417329e-05	2.098338e-05	1.080483e-05	8.869267e-06	7.932783e-06	1.558246e-07	1.368254e-07	1.177001e-07	1.184899e-07	1.787097e-08	3.156238e-09	1.071665e-09	1.361708e-10	1.087601e-10	9.77147e-11	9.627078e-11	8.873746e-11	8.204889e-11	7.461542e-11	6.538312e-11	5.188482e-11	5.175004e-11	5.256679e-11
109	0.1249864	0.09723172	0.08708536	0.004747999	0.004553559	0.004611439	0.000912468	0.0006937736	1.218972e-05	9.143162e-06	1.925324e-06	5.458809e-07	3.179144e-07	1.117543e-07	9.611551e-08	8.261802e-08	8.319217e-08	1.254356e-08	2.211371e-09	7.48398e-10	9.480102e-11	7.667867e-11	7.118775e-11	7.04605e-11	6.370874e-11	5.775182e-11	5.260081e-11	4.618448e-11	3.657293e-11	3.647544e-11
110	0.1753429	0.103305	0.0883616	0.08313263	0.001138385	0.0008999733	0.0009098151	0.0009208802	0.0006994071	8.31209e-06	5.496895e-06	1.151309e-06	3.227193e-07	1.8595e-07	6.230087e-08	5.799974e-08	4.975949e-08	5.01171e-08	7.549287e-09	1.336842e-09	4.555122e-10	6.237578e-11	5.136229e-11	4.81773e-11	4.732998e-11	4.043246e-11	3.426406e-11	3.133513e-11	2.762158e-11	2.213482e-11
111	0.5255768	0.02879499	0.01776945	0.00562358	0.001262904	0.0002556175	9.643609e-06	8.24034e-06	7.379709e-06	6.210007e-06	6.194569e-06	3.848655e-06	8.059137e-07	2.259633e-07	1.302142e-07	4.359528e-08	4.059048e-08	3.487258e-08	3.513244e-08	5.289045e-09	9.328957e-10	3.147276e-10	3.848697e-11	3.045033e-11	2.790174e-11	2.687812e-11	2.541723e-11	2.41353e-11	2.202973e-11	1.942149e-11
112	0.4956347	0.4906999	0.009542579	0.007686292	0.003228053	0.0006117421	7.734821e-06	4.378447e-06	3.1124e-06	2.568263e-06	2.511465e-06	2.54166e-06	2.368203e-06	4.957215e-07	1.3895e-07	8.002035e-08	2.667196e-08	2.482574e-08	2.141669e-08	2.158207e-08	3.253597e-09	5.705175e-10	1.897268e-10	1.980114e-11	1.527754e-11	1.417605e-11	1.435617e-11	1.449757e-11	1.469143e-11	1.352177e-11
113	0.803539	0.4820312	0.4853764	0.00399154	0.003211465	0.001303668	0.0002465879	2.765409e-06	1.372795e-06	1.257184e-06	1.035222e-06	1.014213e-06	1.026717e-06	9.548896e-07	2.006025e-07	5.62878e-08	3.241251e-08	1.079437e-08	1.004831e-08	8.673779e-09	8.74312e-09	1.318665e-09	2.313792e-10	7.727897e-11	8.15231e-12	6.285849e-12	5.819624e-12	5.884889e-12	5.932714e-12	6.001851e-12
114	0.8050731	0.8012809	0.4809661	0.4852629	0.001109164	0.0004701523	0.0001143239	2.166443e-05	3.072043e-07	1.335904e-07	1.147137e-07	9.254275e-08	8.993887e-08	9.097343e-08	8.179095e-08	1.716631e-08	4.815797e-09	2.777578e-09	9.277318e-10	8.639181e-10	7.458995e-10	7.52011e-10	1.141401e-10	2.060548e-11	7.283674e-12	9.501751e-13	7.217989e-13	6.384946e-13	6.219642e-13	5.995279e-13
115	0.9333658	0.8097169	0.8084068	0.485017	0.4907435	0.0007135015	0.0001778961	8.388861e-06	1.62304e-06	7.247581e-08	1.942043e-08	1.248746e-08	9.204546e-09	8.344719e-09	8.359673e-09	4.649254e-09	9.709082e-10	2.758733e-10	1.610001e-10	5.452171e-11	5.073302e-11	4.367431e-11	4.400403e-11	7.170382e-12	1.707346e-12	8.757926e-13	2.566122e-13	1.960187e-13	1.595946e-13	1.377289e-13
116	0.9999164	0.9449785	0.8200815	0.8188955	0.4913894	0.4972784	0.0007193713	0.0001767522	6.953011e-06	1.351906e-06	7.029896e-08	1.808218e-08	1.117704e-08	8.107745e-09	7.260276e-09	7.261536e-09	3.576563e-09	7.457428e-10	2.128482e-10	1.247277e-10	4.244268e-11	3.949025e-11	3.396991e-11	3.42268e-11	5.708091e-12	1.459808e-12	7.993799e-13	2.518854e-13	1.923857e-13	1.558217e-13
117	0.458687	0.4519589	0.4066504	0.3472066	0.3400349	0.001854256	0.001212062	0.0007177007	0.0001731043	5.390602e-06	1.026364e-06	4.360484e-08	1.261731e-08	5.815403e-09	2.952298e-09	2.628404e-09	2.640998e-09	2.46707e-09	5.131438e-10	1.475859e-10	8.707368e-11	2.977815e-11	2.768345e-11	2.389617e-11	2.407327e-11	4.176621e-12	1.190494e-12	7.101843e-13	2.429233e-13	1.854826e-13
118	0.377866	0.3744336	0.3726087	0.3499208	0.3459515	0.342322	0.001376668	0.0007686254	0.0003759227	0.0001375497	3.538609e-06	6.682773e-07	3.426861e-08	9.401742e-09	3.915824e-09	1.704686e-09	1.454058e-09	1.455508e-09	1.359253e-09	2.836226e-10	8.278315e-11	4.947154e-11	1.676411e-11	1.565044e-11	1.361636e-11	1.371174e-11	2.485444e-12	7.810478e-13	5.186822e-13	1.781034e-13
119	0.05268306	0.03200582	0.0294049	0.02731608	0.01674178	0.01077564	0.005977898	0.0008865748	0.00030699	0.0001690854	6.222494e-05	7.809994e-07	1.427945e-07	6.205786e-09	1.298248e-09	7.189725e-10	4.349601e-10	4.038663e-10	4.074178e-10	3.80604e-10	8.000659e-11	2.275633e-11	1.325724e-11	4.730306e-12	4.368426e-12	3.736187e-12	3.769443e-12	6.724463e-13	2.125832e-13	1.434044e-13
120	0.03986776	0.01985158	0.01850484	0.01808248	0.01770469	0.01331604	0.008459525	0.004844675	0.0003600299	0.0002403396	0.0001361711	4.969119e-05	1.488499e-07	2.114227e-08	3.175509e-09	2.502125e-10	8.14858e-11	1.74525e-11	9.650949e-12	9.051038e-12	8.096779e-12	1.572129e-12	5.593435e-13	3.764735e-13	2.21304e-13	2.006484e-13	1.704898e-13	1.713901e-13	9.128623e-14	7.866371e-14
121	0.07958424	0.004919962	0.002485824	0.001759489	0.001385519	0.001024571	0.000599673	0.000378936	0.000142782	1.78263e-05	1.269289e-05	6.225016e-06	2.254537e-06	4.135072e-08	5.983958e-09	3.999525e-10	1.098909e-10	3.419542e-11	8.009355e-12	4.918426e-12	4.739814e-12	4.444158e-12	9.315419e-13	2.909952e-13	1.836725e-13	9.043014e-14	7.765719e-14	5.947203e-14	5.957471e-14	1.581432e-14
122	0.01439112	0.01285179	0.0001692683	5.97258e-05	5.247472e-05	4.539749e-05	4.420534e-05	1.723435e-05	1.155987e-05	7.331068e-06	2.574564e-06	5.180689e-07	2.098589e-07	8.598334e-08	1.532432e-08	6.027804e-10	1.756006e-11	6.095222e-12	3.264818e-12	1.840524e-12	1.710681e-12	1.722702e-12	1.611422e-12	3.404167e-13	9.59482e-14	5.555773e-14	1.91129e-14	1.756432e-14	1.517901e-14	1.533721e-14
123	0.02368926	0.002337804	0.001680725	5.581337e-05	2.779095e-05	2.558705e-05	2.499102e-05	2.454568e-05	1.340167e-05	8.509497e-06	4.936404e-06	5.530747e-07	4.402357e-07	1.716407e-07	6.176047e-08	8.311895e-10	2.285312e-10	1.210811e-11	3.676577e-12	1.304073e-12	3.282321e-13	2.354261e-13	2.266763e-13	2.120717e-13	4.470577e-14	1.275176e-14	7.453892e-15	2.681574e-15	2.501543e-15	2.168709e-15
124	0.1946635	0.01574155	0.0009316598	0.0004060192	3.750109e-05	1.433841e-05	1.260959e-05	1.204836e-05	1.152396e-05	9.845053e-06	6.266148e-06	3.634777e-06	4.51087e-07	3.698874e-07	1.356547e-07	4.821678e-08	4.959652e-10	1.174179e-10	1.1351e-11	3.415575e-12	1.057774e-12	1.211404e-13	3.254862e-14	2.567758e-14	2.40493e-14	5.005902e-15	1.600887e-15	1.016796e-15	5.022812e-16	4.666308e-16
125	0.1965929	0.1793405	0.01245375	0.0006086184	0.000181134	2.858775e-05	6.950266e-06	5.549578e-06	5.023157e-06	4.512679e-06	3.759661e-06	2.397512e-06	1.382715e-06	2.890576e-07	2.628414e-07	7.3724e-08	2.552068e-08	4.228281e-10	1.069534e-10	1.087236e-11	3.364424e-12	1.02289e-12	9.634637e-14	9.326519e-15	2.210934e-15	2.090312e-15	4.269156e-16	2.755536e-16	2.349464e-16	2.090468e-16
126	0.007545215	0.001875457	0.00147453	0.0003525518	4.283833e-05	7.366963e-06	1.389833e-07	3.947084e-08	3.183212e-08	2.846335e-08	2.623884e-08	1.928925e-08	1.201244e-08	6.880454e-09	1.341442e-09	1.175735e-09	5.638712e-10	2.157992e-10	2.028574e-11	8.829795e-12	8.075257e-13	1.525052e-13	4.71474e-14	5.446134e-15	4.363792e-16	2.566902e-17	2.426292e-17	9.958169e-18	7.178544e-18	6.623829e-18
127	0.05227704	0.001538084	0.000124805	8.363711e-05	2.133949e-05	1.575716e-06	4.047159e-07	2.572238e-08	1.417177e-08	1.192483e-08	1.095208e-08	1.000562e-08	7.707564e-09	4.895063e-09	2.670449e-09	2.578319e-10	1.953218e-10	9.582124e-11	3.509167e-11	7.907817e-13	3.069163e-13	3.014794e-14	5.497171e-15	1.695169e-15	1.971736e-16	2.196514e-17	7.700572e-18	7.242065e-18	1.934693e-18	8.026417e-19
128	0.06411035	0.02312904	0.0006265359	5.67998e-05	3.36599e-05	1.029264e-05	3.913262e-07	1.2311e-07	1.42943e-08	7.288239e-09	5.344554e-09	4.392113e-09	3.443798e-09	2.390103e-09	1.526985e-09	6.977352e-10	9.451657e-11	7.920532e-11	3.135377e-11	1.121496e-11	1.887116e-13	5.550128e-14	5.033068e-15	1.252898e-15	3.79343e-16	4.235002e-17	7.000428e-18	4.180492e-18	4.003635e-18	1.031342e-18
129	0.006531324	0.002784584	0.001255857	2.578428e-05	1.396903e-06	6.207814e-07	2.222776e-07	6.369387e-08	3.300098e-09	1.980436e-10	1.1024e-10	8.385612e-11	6.829492e-11	5.5768e-11	3.320513e-11	2.12505e-11	9.748144e-12	1.19492e-12	9.042185e-13	4.453164e-13	1.631704e-13	4.889714e-15	1.76608e-15	1.638347e-16	3.114817e-17	9.728356e-18	1.297718e-18	3.044696e-19	2.271704e-19	2.1466e-19
130	0.2305571	0.001627028	0.0009992763	0.0006096851	1.264015e-05	5.18048e-07	2.780706e-07	8.389666e-08	2.761359e-09	1.344178e-09	1.340604e-10	7.820119e-11	5.91611e-11	4.978955e-11	4.045682e-11	2.454682e-11	1.563083e-11	7.060325e-12	6.877394e-13	5.217935e-13	2.62864e-13	9.541735e-14	9.835877e-16	2.301427e-16	2.649358e-17	4.074873e-18	1.293116e-18	2.484097e-19	1.268532e-19	1.191422e-19
131	0.1922591	0.01070264	0.0007235779	0.0004534082	0.0002619393	5.950193e-06	4.601012e-07	2.564394e-07	7.819823e-08	1.67293e-09	8.400398e-10	1.153561e-10	6.295123e-11	4.431571e-11	3.489935e-11	2.54611e-11	1.541857e-11	9.826663e-12	3.662267e-12	4.386002e-13	3.552935e-13	1.671482e-13	6.021495e-14	7.273358e-16	1.556005e-16	1.202483e-17	3.21265e-18	9.69839e-19	1.514608e-19	5.765634e-20
132	0.003042583	0.002114979	0.0004776076	3.299267e-05	2.023439e-05	1.307689e-05	2.536773e-07	4.486476e-09	1.982984e-09	5.978504e-10	5.455402e-11	1.762761e-11	9.500992e-13	5.602919e-13	4.336502e-13	3.645227e-13	3.047837e-13	1.979451e-13	1.264717e-13	6.096134e-14	6.142071e-15	3.676318e-15	1.956243e-15	7.180578e-16	9.581951e-18	2.616944e-18	1.833655e-19	3.997121e-20	1.443251e-20	3.870095e-21
133	0.002795839	0.000354461	0.0002719975	7.651804e-05	3.000127e-06	1.825883e-06	1.118631e-06	2.590442e-08	1.841106e-09	1.04564e-09	3.173067e-10	6.507672e-12	3.334365e-12	5.774535e-13	3.62351e-13	2.852973e-13	2.463538e-13	2.090714e-13	1.550095e-13	9.890739e-14	4.94367e-14	3.832867e-15	2.642005e-15	1.445575e-15	5.281673e-16	2.104616e-18	4.390421e-19	3.293216e-20	7.579672e-21	2.506486e-21
134	0.7286283	0.001965825	0.0002608409	0.0002109932	2.62593e-05	2.02315e-06	1.298453e-06	7.823642e-07	1.672326e-08	2.326144e-10	1.154822e-10	2.4816e-11	1.831754e-12	1.109774e-12	4.319885e-14	2.297457e-14	1.96064e-14	1.645378e-14	1.521116e-14	1.156692e-14	7.448952e-15	4.164618e-15	4.667156e-16	3.726045e-16	1.80974e-16	6.566166e-17	8.704686e-19	2.263747e-19	1.669957e-20	4.541446e-21
135	0.6823103	0.678082	0.001548343	0.0002493827	0.0002046279	2.315828e-05	1.783274e-06	1.140617e-06	6.952645e-07	1.505075e-08	1.754879e-10	8.453662e-11	1.529188e-11	1.494197e-12	9.416236e-13	2.947429e-14	1.591684e-14	1.438077e-14	1.208457e-14	1.172169e-14	9.197476e-15	5.927137e-15	3.447188e-15	3.547046e-16	2.75625e-16	1.479265e-16	5.398821e-17	6.956423e-19	1.852403e-19	1.30084e-20
136	0.7303485	0.677564	0.673347	0.00147162	0.00024379	0.0002040895	2.067184e-05	1.607995e-06	1.026414e-06	6.192692e-07	1.364045e-08	1.674733e-10	8.377669e-11	1.508055e-11	1.414044e-12	8.679095e-13	2.910985e-14	1.583651e-14	1.434237e-14	1.203701e-14	1.169299e-14	9.311679e-15	6.00358e-15	3.495719e-15	3.58028e-16	2.778768e-16	1.4954e-16	5.45759e-17	6.774747e-19	1.815988e-19
137	0.9534283	0.726588	0.6731156	0.6688499	0.001396266	0.0002392494	0.0002036326	1.815497e-05	1.431592e-06	9.100192e-07	5.415549e-07	1.22003e-08	1.605877e-10	8.380206e-11	1.510142e-11	1.344503e-12	7.953709e-13	2.898405e-14	1.585456e-14	1.43786e-14	1.205048e-14	1.170726e-14	9.46007e-15	6.102427e-15	3.555644e-15	3.640245e-16	2.825713e-16	1.521474e-16	5.551793e-17	6.679181e-19
138	0.3427998	0.3393256	0.1437945	0.09276915	0.08848739	0.00112577	4.963371e-05	1.874101e-05	1.51839e-05	1.195252e-06	7.516846e-07	4.529413e-07	1.052107e-08	1.096823e-10	4.466925e-11	1.085883e-11	1.062151e-12	6.366612e-13	1.658535e-14	8.2221e-15	7.162577e-15	4.860753e-15	4.552476e-15	3.157753e-15	2.010806e-15	1.144393e-15	1.526315e-16	1.282053e-16	7.808904e-17	2.864267e-17
139	0.3229199	0.2737265	0.2706247	0.07489915	0.05786233	0.056	0.0004373158	3.710976e-05	1.376334e-05	1.122841e-05	8.433146e-07	5.287127e-07	3.349416e-07	6.262928e-09	7.840433e-11	3.257292e-11	7.968191e-12	7.634549e-13	4.233737e-13	1.175741e-14	4.567084e-15	3.753258e-15	2.262176e-15	1.973421e-15	1.019178e-15	6.596432e-16	3.333543e-16	6.069056e-17	5.464796e-17	2.802403e-17
140	0.3396094	0.2992444	0.2536679	0.250861	0.05898956	0.04225085	0.0419712	0.0003012778	2.042502e-05	8.991154e-06	6.85012e-06	5.571169e-07	3.492504e-07	2.018081e-07	3.713313e-09	4.829029e-11	2.306953e-11	5.465947e-12	6.273642e-13	3.399519e-13	8.83369e-15	3.206606e-15	2.803103e-15	1.480075e-15	1.367412e-15	7.116948e-16	4.585452e-16	2.513719e-16	3.765464e-17	3.295928e-17
141	0.1362126	0.1218834	0.08812537	0.042065	0.03921765	0.03328681	0.0163417	0.01605844	0.0001385197	7.152444e-06	3.242276e-06	2.506846e-06	2.218778e-07	1.231614e-07	6.014919e-08	1.149014e-09	2.842327e-11	1.681496e-11	4.945031e-12	4.186779e-13	1.472932e-13	4.538554e-15	2.526489e-15	2.198041e-15	8.829699e-16	7.589111e-16	4.703727e-16	3.292814e-16	1.754753e-16	3.00622e-17
142	0.05687203	0.04138995	0.0402711	0.006665654	0.006622947	0.004499701	0.004226885	0.004216542	0.004030258	2.863108e-05	2.125957e-06	1.319047e-06	9.232486e-07	7.508934e-08	3.3132e-08	1.155849e-08	2.143187e-10	1.368532e-11	9.699768e-12	2.942983e-12	3.007278e-13	7.602859e-14	1.05579e-15	2.02209e-16	1.654401e-16	1.549399e-16	1.520085e-16	9.278652e-17	5.391837e-17	3.402004e-17
143	0.07107199	0.04313509	0.03659134	0.0355792	0.001599625	0.001561962	0.001561882	0.001296923	0.001288017	0.001280037	5.427e-06	1.142202e-06	9.564496e-07	6.389306e-07	4.318985e-08	1.136516e-08	2.17776e-09	5.130612e-11	1.200085e-11	9.090767e-12	2.675802e-12	2.805991e-13	6.130659e-14	9.279012e-16	1.45489e-16	1.214008e-16	1.155017e-16	1.159319e-16	8.577924e-17	4.963919e-17
144	0.1010295	0.03299201	0.008507966	0.001992125	0.0009852174	0.0009209724	0.0008829289	0.0008829241	0.0008066386	0.000797714	0.0007896207	2.648929e-06	1.002625e-06	9.077686e-07	6.014238e-07	3.921887e-08	8.387919e-09	6.658456e-10	2.515093e-11	1.188534e-11	9.091816e-12	2.702946e-12	2.824647e-13	5.988139e-14	8.388576e-16	1.327778e-16	1.117309e-16	1.0719e-16	1.086353e-16	8.372277e-17
145	0.02863314	0.007509064	0.004002302	0.0003829844	0.0003485272	0.0001937954	0.0001816339	0.0001815955	0.000181591	0.0001057141	0.0001031972	0.0001031458	4.308888e-07	2.985476e-07	2.910627e-07	1.15052e-08	1.277332e-09	4.405025e-10	1.15392e-10	3.351829e-12	6.838566e-13	5.393018e-13	1.703662e-13	1.077744e-14	3.029341e-15	4.951934e-16	7.954929e-17	7.393378e-17	7.443221e-17	7.528121e-17
146	0.8086852	0.02523484	0.006523192	0.003763942	0.0002248626	0.0001994667	0.0001827201	0.0001710573	0.0001710202	0.0001710156	9.411158e-05	9.155619e-05	9.150438e-05	4.055596e-07	2.973366e-07	2.9117e-07	7.821386e-09	9.976695e-10	3.556388e-10	9.867753e-11	2.949859e-12	5.679165e-13	4.39245e-13	1.512379e-13	9.094073e-15	2.621184e-15	4.981033e-16	7.926551e-17	7.460958e-17	7.520261e-17
147	0.4617549	0.2718063	0.01728399	0.004461748	0.003227403	6.149827e-05	4.299595e-05	3.522424e-05	3.310498e-05	3.307139e-05	3.306675e-05	3.296491e-05	3.037033e-05	3.031898e-05	1.029588e-07	1.182078e-08	6.877271e-09	5.530583e-09	4.823324e-10	2.054164e-10	7.707439e-11	2.245255e-12	2.583897e-13	2.073108e-13	7.546746e-14	4.238906e-15	1.393586e-15	6.977403e-17	5.710904e-17	5.291747e-17
148	0.07919904	0.07654554	0.07644288	0.008759012	0.003348054	0.003055903	1.72293e-05	1.039354e-05	9.803816e-06	8.748564e-06	8.740052e-06	8.735672e-06	8.680769e-06	8.671342e-06	8.649454e-06	2.487096e-08	3.780615e-09	1.662546e-09	1.285032e-09	1.108015e-10	6.650071e-11	3.579432e-11	7.210226e-13	5.899242e-14	4.317338e-14	1.405726e-14	6.029358e-16	2.705984e-16	4.732179e-17	4.177238e-17
149	0.06966015	0.05698684	0.05681387	0.05679371	0.006276556	0.003252393	0.003081215	1.20284e-05	6.43276e-06	6.099664e-06	5.186396e-06	5.183493e-06	5.179061e-06	5.128667e-06	5.125471e-06	5.120845e-06	1.4612e-08	2.173423e-09	1.036781e-09	7.963502e-10	6.985015e-11	3.923041e-11	2.05933e-11	4.435733e-13	5.10408e-14	3.772411e-14	1.234876e-14	4.896828e-16	2.087663e-16	3.954956e-17
150	0.07492934	0.01058537	0.008066052	0.007994875	0.007993691	0.000927228	5.896642e-05	1.446003e-05	6.035005e-06	1.629391e-06	1.4859e-06	1.421322e-06	1.418694e-06	1.414202e-06	1.383439e-06	1.380571e-06	1.375923e-06	5.31986e-09	5.534321e-10	2.5198e-10	1.977093e-10	1.636033e-11	1.050598e-11	5.553769e-12	1.215954e-13	1.5157e-14	8.713927e-15	2.653894e-15	5.357326e-17	2.743906e-17
151	0.1354953	0.05594973	0.008077275	0.00579268	0.005736715	0.00573561	0.0005688136	3.874424e-05	7.913528e-06	1.463289e-06	1.161285e-06	1.024094e-06	9.77836e-07	9.764723e-07	9.71905e-07	9.412334e-07	9.390882e-07	9.388069e-07	3.913062e-09	3.82073e-10	1.800616e-10	1.419914e-10	1.181978e-11	7.228123e-12	3.699681e-12	8.904923e-14	1.504657e-14	8.717972e-15	2.671579e-15	4.933499e-17
152	0.42209	0.07507667	0.04234713	0.004728479	0.004360767	0.004340428	0.004339378	0.0004767742	3.135969e-05	6.034272e-06	1.221945e-06	9.621806e-07	8.556361e-07	8.173042e-07	8.160585e-07	8.114126e-07	7.805206e-07	7.784495e-07	7.78292e-07	2.823714e-09	3.230104e-10	1.563548e-10	1.235843e-10	9.941984e-12	6.071214e-12	3.114291e-12	6.665801e-14	5.732749e-15	3.403731e-15	1.003447e-15
153	0.2418281	0.241508	0.03504543	0.01230768	0.003402291	0.003246535	0.003231527	0.003230612	0.0003575927	1.96484e-05	3.954072e-06	5.97225e-07	3.877239e-07	3.750787e-07	3.577067e-07	3.565002e-07	3.517739e-07	3.2104e-07	3.190087e-07	3.188568e-07	1.063657e-09	2.343469e-10	1.140278e-10	9.995746e-11	6.851721e-12	3.795163e-12	2.36462e-12	4.996127e-14	3.963804e-15	2.419094e-15
154	0.2615439	0.2141896	0.2139224	0.03158969	0.0109636	0.00308926	0.002960079	0.002945783	0.002944861	0.0003222788	1.775159e-05	3.661927e-06	5.302094e-07	3.341601e-07	3.237015e-07	3.108172e-07	3.095939e-07	3.047832e-07	2.735911e-07	2.715266e-07	2.713729e-07	9.490384e-10	2.139206e-10	1.055265e-10	9.356637e-11	6.354855e-12	3.408715e-12	2.132376e-12	4.574959e-14	3.769256e-15
155	0.9803345	0.2323904	0.2011171	0.2008612	0.02975386	0.01038873	0.002817108	0.002695608	0.002681732	0.002680798	0.00028735	1.619408e-05	3.43951e-06	4.852682e-07	3.024777e-07	2.935648e-07	2.819524e-07	2.807095e-07	2.758114e-07	2.442355e-07	2.42135e-07	2.419792e-07	8.749692e-10	1.945561e-10	9.786911e-11	8.723584e-11	5.93723e-12	3.088022e-12	1.900035e-12	4.182514e-14
156	0.9862163	0.9723768	0.2155512	0.186621	0.1864041	0.02773941	0.009725629	0.002532385	0.002420104	0.002407561	0.002407478	0.0002513038	1.451897e-05	3.183475e-06	4.315628e-07	2.640536e-07	2.559712e-07	2.457033e-07	2.455524e-07	2.455507e-07	2.134463e-07	2.113142e-07	2.111688e-07	7.967439e-10	1.739017e-10	8.928776e-11	8.004546e-11	5.461134e-12	2.746258e-12	1.660362e-12
157	0.9982599	0.9858303	0.9719259	0.2012956	0.1726904	0.1724764	0.02579198	0.009127388	0.0022418	0.00213742	0.002125342	0.00212526	0.000213921	1.287863e-05	2.949509e-06	3.859657e-07	2.326917e-07	2.253734e-07	2.164024e-07	2.162515e-07	2.162497e-07	1.836551e-07	1.814842e-07	1.813369e-07	7.194566e-10	1.531209e-10	8.115322e-11	7.325016e-11	5.016802e-12	2.407013e-12
158	0.8588819	0.857167	0.8541777	0.8492416	0.1455113	0.1286512	0.1284723	0.02033382	0.006229112	0.001813231	0.00174885	0.001738119	0.001738044	0.000167822	8.829783e-06	1.936547e-06	2.074727e-07	1.084937e-07	1.041454e-07	9.897478e-08	9.882871e-08	9.882688e-08	9.866128e-08	9.645424e-08	9.630725e-08	5.09264e-10	1.057102e-10	5.105383e-11	4.703135e-11	3.074006e-12
159	0.1474039	0.1473844	0.1473517	0.1456109	0.1415551	0.08152973	0.06947276	0.06939168	0.01449153	0.003830595	0.0009713594	0.0009333095	0.0009249138	0.0009248461	9.245972e-05	4.506662e-06	1.048648e-06	8.649894e-08	4.60769e-08	4.438287e-08	4.174673e-08	4.164237e-08	4.164065e-08	4.156585e-08	4.144491e-08	4.138918e-08	3.44501e-10	5.030714e-11	2.033791e-11	1.88327e-11
160	0.1062791	0.1040871	0.1040846	0.1040619	0.1023688	0.09833938	0.04721557	0.04432386	0.04425134	0.01034444	0.002663129	0.0005256975	0.0004978564	0.0004947389	0.0004946714	4.288938e-05	2.367305e-06	7.466309e-07	5.123845e-08	3.145682e-08	3.049445e-08	2.852172e-08	2.850752e-08	2.850578e-08	2.845172e-08	2.837295e-08	2.833417e-08	2.511127e-10	2.439264e-11	9.905088e-12
161	0.1818252	0.08958801	0.0878741	0.08787214	0.08785946	0.08614101	0.08598993	0.03613534	0.03373344	0.03370852	0.009039469	0.002403565	0.000302018	0.0002758454	0.0002732355	0.000273232	1.41724e-05	1.424976e-06	6.084933e-07	3.80741e-08	3.085376e-08	3.024503e-08	2.835401e-08	2.834179e-08	2.834173e-08	2.828805e-08	2.825894e-08	2.822027e-08	2.347331e-10	9.734436e-12
162	0.9160213	0.1676785	0.08679718	0.08525228	0.08525059	0.08523968	0.08349124	0.08336167	0.03295452	0.03141822	0.03139456	0.008808743	0.002328057	0.0002588252	0.0002336969	0.0002313285	0.0002313253	8.729965e-06	1.172804e-06	5.573524e-07	3.153127e-08	2.707799e-08	2.658465e-08	2.484279e-08	2.483945e-08	2.483939e-08	2.478844e-08	2.478593e-08	2.477825e-08	6.13322e-11
163	0.2701195	0.2228699	0.06570995	0.0254954	0.02502414	0.02502373	0.02501781	0.02423151	0.02416407	0.007775457	0.007190055	0.007175396	0.001403573	0.0003741635	4.667046e-05	4.234623e-05	4.216043e-05	4.215834e-05	4.712885e-06	4.067916e-07	7.655868e-08	1.827927e-08	1.483238e-08	1.447551e-08	1.38975e-08	1.389503e-08	1.389497e-08	1.387555e-08	1.387361e-08	1.386584e-08
164	0.2163469	0.2106887	0.1874285	0.04374954	0.01516551	0.01482019	0.01481992	0.01481791	0.01444199	0.01442063	0.00454652	0.00416793	0.004153999	0.0007799239	0.0002457625	2.618833e-05	2.407783e-05	2.396002e-05	2.395885e-05	2.542368e-06	1.770246e-07	3.632564e-08	6.347189e-09	4.806416e-09	4.571374e-09	4.380381e-09	4.380016e-09	4.379957e-09	4.371488e-09	4.370947e-09
165	0.7473154	0.2052774	0.2002406	0.1767328	0.04009407	0.01239351	0.01206762	0.01206736	0.01206569	0.01177562	0.01175836	0.003831866	0.003525207	0.003511153	0.0006632085	0.0002263098	1.972163e-05	1.784263e-05	1.773557e-05	1.773448e-05	1.821615e-06	1.382437e-07	2.915989e-08	5.114613e-09	3.899316e-09	3.68696e-09	3.532232e-09	3.531935e-09	3.531874e-09	3.524802e-09
166	0.2501502	0.2486115	0.0639773	0.06166461	0.05280498	0.0363209	0.01118872	0.01099739	0.01099718	0.01099596	0.01072616	0.01071398	0.003291643	0.003018385	0.003004221	0.0005680764	0.0001828022	1.240411e-05	1.084946e-05	1.075755e-05	1.075654e-05	1.03615e-06	9.413585e-08	2.102271e-08	3.62391e-09	2.7628e-09	2.599305e-09	2.489509e-09	2.489297e-09	2.489235e-09
167	0.08584539	0.07809592	0.0778955	0.01304974	0.01247358	0.007995238	0.003637577	0.0009653552	0.0008558722	0.0008557449	0.0008549076	0.0008497034	0.0008417457	0.0007346514	0.0007140549	0.0006997437	9.42281e-05	6.746469e-05	3.696639e-06	3.041812e-06	3.026842e-06	3.025901e-06	3.131459e-07	5.189924e-08	1.372812e-08	2.317211e-09	1.782788e-09	1.703961e-09	1.632989e-09	1.632871e-09
168	0.4032663	0.03894155	0.03659035	0.03639362	0.006225678	0.005837388	0.004819405	0.002480386	0.0004936135	0.0004754036	0.0004752817	0.0004746461	0.0004734535	0.0004679357	0.0004430435	0.0004292798	0.0004147016	5.256705e-05	3.533049e-05	2.392616e-06	1.949973e-06	1.938144e-06	1.937234e-06	1.937848e-07	3.911411e-08	1.104664e-08	1.745153e-09	1.254488e-09	1.181576e-09	1.132656e-09
169	0.1116854	0.09498385	0.03080988	0.02906797	0.02904501	0.004909115	0.004715929	0.003731914	0.001815416	0.0003803291	0.000366619	0.0003666089	0.0003663414	0.0003655458	0.0003623805	0.0003424668	0.000332785	0.00033259	4.080859e-05	2.852127e-05	1.378237e-06	1.053645e-06	1.043974e-06	1.043909e-06	7.935516e-08	2.690609e-08	8.526738e-09	1.19649e-09	7.476899e-10	6.801229e-10
170	0.2675665	0.08688942	0.07808522	0.02223749	0.02072246	0.02071402	0.003134429	0.003003894	0.002116983	0.0007385403	0.0002863934	0.0002768226	0.0002768189	0.0002767197	0.0002763582	0.0002751718	0.0002685826	0.0002616362	0.0002614868	2.842868e-05	2.082582e-05	7.921658e-07	5.960085e-07	5.897519e-07	5.89728e-07	4.691815e-08	1.865844e-08	6.702528e-09	7.593379e-10	3.172055e-10
171	0.5051062	0.2327731	0.07507229	0.06857012	0.01509696	0.01364355	0.01364291	0.002293457	0.002189268	0.001475329	0.0005233617	0.0001963087	0.0001898368	0.0001898339	0.0001897583	0.0001895134	0.0001886043	0.0001829642	0.0001763032	0.0001761562	1.574489e-05	8.814436e-06	6.032631e-07	4.792932e-07	4.733745e-07	4.733562e-07	4.266742e-08	1.770561e-08	6.600775e-09	6.589725e-10
172	0.3237391	0.2834822	0.17144	0.05508953	0.05087817	0.003927656	0.002701912	0.00270176	0.0009513201	0.0009145605	0.0002655017	0.0001626674	2.407277e-05	2.301762e-05	2.301576e-05	2.296651e-05	2.287752e-05	2.229842e-05	2.045855e-05	1.959655e-05	1.957638e-05	2.872318e-06	1.888221e-06	1.536693e-07	1.231893e-07	1.224207e-07	1.224088e-07	2.067309e-08	7.065142e-09	8.448492e-10
173	0.08780847	0.06235085	0.06049141	0.006069608	0.002791986	0.002643437	0.001614981	0.001544596	0.001544519	0.0007885584	0.0007623183	0.0001047773	7.341881e-05	7.619125e-06	7.218017e-06	7.217101e-06	7.192777e-06	7.145484e-06	6.859526e-06	6.385789e-06	5.946871e-06	5.941307e-06	1.232999e-06	7.2987e-07	7.125149e-08	5.801013e-08	5.777096e-08	5.776509e-08	1.156176e-08	1.376618e-09
174	0.05970286	0.02535647	0.02295729	0.02227214	0.003759319	0.001870493	0.0017951	0.001194198	0.001176996	0.00117696	0.0007316618	0.0007275652	5.442274e-05	3.748449e-05	4.059388e-06	3.84923e-06	3.848769e-06	3.836535e-06	3.809405e-06	3.665553e-06	3.390605e-06	3.187159e-06	3.184431e-06	5.319574e-07	3.571655e-07	4.368126e-08	3.70163e-08	3.692485e-08	3.69219e-08	4.097619e-09
175	0.717968	0.03255978	0.01990922	0.01813562	0.01762092	0.002828849	0.001446112	0.001393042	0.0009643137	0.0009521797	0.000952165	0.0007300853	0.0007271849	3.642657e-05	2.451732e-05	2.846834e-06	2.708088e-06	2.707788e-06	2.699812e-06	2.681788e-06	2.588005e-06	2.363288e-06	2.218312e-06	2.216415e-06	3.681331e-07	2.252811e-07	3.075973e-08	2.641003e-08	2.633923e-08	2.63373e-08
176	0.6263762	0.4085891	0.02174752	0.01563237	0.01420726	0.01378649	0.00165777	0.000570225	0.0005291648	0.0001698477	0.0001599453	0.0001599364	2.595945e-05	2.371264e-05	2.259486e-05	1.391089e-05	2.042026e-06	1.955507e-06	1.955347e-06	1.951091e-06	1.938817e-06	1.888778e-06	1.691728e-06	1.595851e-06	1.594664e-06	2.388704e-07	1.183424e-07	2.471703e-08	2.234026e-08	2.228532e-08
177	0.8221061	0.5041492	0.4072628	0.01760998	0.01391588	0.01266562	0.0122887	0.001419614	0.0004688136	0.0004342886	0.0001148772	0.0001062289	0.0001062233	1.763492e-05	1.574386e-05	1.497974e-05	8.348436e-06	1.570866e-06	1.511273e-06	1.511185e-06	1.508861e-06	1.501778e-06	1.474435e-06	1.336591e-06	1.267008e-06	1.266184e-06	1.713861e-07	6.275807e-08	2.133049e-08	1.999074e-08
178	0.7898399	0.7897161	0.4871996	0.3915126	0.01303522	0.01201014	0.01090794	0.01057474	0.001214322	0.0003921671	0.0003632934	8.124334e-05	7.384575e-05	7.384366e-05	9.437714e-06	7.858357e-06	7.470058e-06	2.061773e-06	1.249927e-06	1.217645e-06	1.217643e-06	1.217616e-06	1.21312e-06	1.212757e-06	1.081957e-06	1.042129e-06	1.041736e-06	1.295479e-07	3.272527e-08	1.79393e-08
179	0.7530458	0.6176454	0.6175585	0.3215438	0.2233665	0.002472232	0.002237142	0.001386836	0.001191725	0.0002734957	0.0001009364	9.545064e-05	4.549231e-05	4.417439e-05	4.417405e-05	1.893332e-06	1.573656e-06	1.482154e-06	3.561371e-07	2.266323e-07	2.21117e-07	2.211169e-07	2.211168e-07	2.208659e-07	2.208611e-07	2.138861e-07	2.092042e-07	2.091616e-07	1.46895e-08	4.986504e-09
180	0.6677769	0.6308196	0.6300684	0.6300667	0.3244334	0.2232171	0.0002558609	0.0001802197	0.0001539628	0.0001428202	0.0001014882	3.298258e-05	3.055035e-05	4.303162e-06	3.599459e-06	3.599316e-06	8.692607e-07	6.730933e-07	6.412557e-07	1.676519e-07	9.691323e-08	9.401349e-08	9.401348e-08	9.401345e-08	9.395733e-08	9.395573e-08	9.235828e-08	9.097795e-08	9.095475e-08	4.689254e-09
181	0.2376373	0.2368502	0.2292883	0.2291638	0.2291632	0.2291358	0.2291254	6.55518e-05	3.587895e-05	2.56487e-05	2.359688e-05	7.4492e-06	2.462028e-06	2.215785e-06	9.876051e-07	9.564255e-07	9.563779e-07	1.81657e-07	1.724486e-07	1.612105e-07	4.373171e-08	2.36678e-08	2.295559e-08	2.295559e-08	2.295558e-08	2.294332e-08	2.294323e-08	2.227026e-08	2.210623e-08	2.209244e-08
182	0.7291197	0.243258	0.2427152	0.2369409	0.2368247	0.2368244	0.2367994	0.236789	5.549641e-05	2.727094e-05	2.098476e-05	1.920591e-05	5.632557e-06	1.917275e-06	1.730245e-06	8.573542e-07	8.346767e-07	8.346582e-07	1.349066e-07	1.273002e-07	1.19514e-07	3.178658e-08	1.862871e-08	1.808027e-08	1.808027e-08	1.808027e-08	1.807e-08	1.806998e-08	1.740478e-08	1.726467e-08
183	0.1300161	0.1145929	0.006253194	0.005798792	0.0005429926	0.0004262892	0.0004260731	0.0004033095	0.0003933258	4.381822e-05	1.64175e-05	1.3575e-05	1.203173e-05	4.91444e-06	1.654935e-06	1.487547e-06	7.375807e-07	7.179452e-07	7.179348e-07	1.215322e-07	1.147178e-07	1.084506e-07	2.820942e-08	1.670098e-08	1.620519e-08	1.620519e-08	1.620519e-08	1.619944e-08	1.619943e-08	1.562728e-08
184	0.1825095	0.07484782	0.0739217	0.004928169	0.004604307	0.0004412548	0.0003251611	0.0003249973	0.000306015	0.0002967146	1.399535e-05	1.071598e-05	8.39291e-06	6.99612e-06	3.693114e-06	1.269402e-06	1.136737e-06	6.160112e-07	6.021279e-07	6.021194e-07	1.013218e-07	9.623134e-08	9.083025e-08	2.358204e-08	1.391761e-08	1.350304e-08	1.350304e-08	1.350304e-08	1.34986e-08	1.34986e-08
185	0.03350885	0.03125976	0.01808362	0.01763413	0.0018365	0.001767181	0.0001601309	0.0001523609	0.0001522853	0.0001442447	0.0001428675	6.028083e-06	3.792355e-06	2.751413e-06	1.698737e-06	1.563431e-06	6.388824e-07	5.83981e-07	4.397348e-07	4.365016e-07	4.364976e-07	4.853173e-08	4.687502e-08	4.333328e-08	1.109709e-08	6.477151e-09	6.277345e-09	6.277345e-09	6.277345e-09	6.274683e-09
186	0.7568842	0.02215052	0.02077479	0.008574774	0.008267639	0.0006407436	0.0006061403	5.684929e-05	5.405821e-05	5.403525e-05	4.643103e-05	4.518841e-05	2.570839e-06	2.166457e-06	1.851057e-06	9.430818e-07	8.686872e-07	4.953662e-07	4.757377e-07	3.884105e-07	3.862795e-07	3.862783e-07	1.674941e-08	1.548973e-08	1.281247e-08	3.317648e-09	1.937639e-09	1.877029e-09	1.877029e-09	1.877029e-09
187	0.03532184	0.02474025	0.007709174	0.007605413	0.002648321	0.002463125	8.378651e-05	7.721676e-05	5.944022e-06	5.502917e-06	5.500233e-06	4.941437e-06	4.816512e-06	3.951452e-07	2.856027e-07	2.483098e-07	2.266883e-07	1.920197e-07	7.291423e-08	6.843445e-08	2.546646e-08	2.435524e-08	2.43551e-08	1.875789e-09	1.58299e-09	1.406146e-09	3.869352e-10	2.27662e-10	2.212449e-10	2.212449e-10
188	0.1961324	0.01746386	0.008700965	0.004296803	0.004278994	0.0001271711	0.0001198886	1.776337e-05	1.717058e-05	1.225471e-06	1.14881e-06	1.148117e-06	1.07394e-06	1.057504e-06	5.933986e-08	3.301508e-08	2.215478e-08	1.507259e-08	1.378415e-08	4.555521e-09	3.993702e-09	2.607357e-09	2.577961e-09	2.577921e-09	3.775432e-10	3.596476e-10	3.377144e-10	1.012833e-10	6.73375e-11	6.587195e-11
189	0.2583878	0.2022692	0.01734848	0.008250523	0.004383	0.004369964	4.667011e-05	4.017101e-05	8.437568e-06	8.191051e-06	6.688967e-07	6.331159e-07	6.327614e-07	6.024668e-07	5.973809e-07	1.98906e-08	1.708621e-08	1.180487e-08	5.997544e-09	5.651914e-09	2.016268e-09	1.770129e-09	1.482774e-09	1.478232e-09	1.478213e-09	2.062941e-10	2.016148e-10	1.889483e-10	5.21144e-11	3.259711e-11
190	0.2148239	0.214045	0.2062208	0.01332718	0.003787717	1.650657e-05	1.023252e-05	8.267349e-06	2.37265e-06	4.111711e-07	3.981379e-07	2.468469e-08	2.286832e-08	2.285283e-08	2.092258e-08	2.031093e-08	1.01202e-09	7.88166e-10	5.238235e-10	4.093004e-10	3.762323e-10	1.937931e-10	1.81455e-10	1.655831e-10	1.653654e-10	1.653644e-10	8.123339e-12	7.697883e-12	6.546485e-12	2.225839e-12
191	0.2228099	0.2197769	0.21964	0.2168707	0.0139158	0.003959739	7.956524e-06	1.93765e-06	2.172982e-07	2.093545e-07	3.876484e-08	3.757234e-08	9.836643e-10	8.068351e-10	8.055884e-10	7.421583e-10	7.161121e-10	2.175273e-10	1.124555e-10	8.725378e-11	2.539763e-11	2.31939e-11	5.188742e-12	3.995038e-12	1.125019e-12	1.085001e-12	1.084828e-12	3.110202e-13	2.997975e-13	2.906068e-13
192	0.73357	0.01729532	0.01487536	0.01473351	0.01468553	0.01468187	0.004172701	8.358302e-06	2.00568e-06	1.925899e-07	1.844491e-07	3.972588e-08	3.851075e-08	8.657913e-10	6.838976e-10	6.826234e-10	6.207639e-10	5.946097e-10	1.20902e-10	1.16262e-10	9.032177e-11	2.519708e-11	2.323631e-11	4.903237e-12	3.67782e-12	7.398261e-13	6.994922e-13	6.993116e-13	3.065565e-13	2.960508e-13
193	0.07478229	0.06136452	0.01540897	0.01437087	0.01436266	0.01434021	0.01433798	0.004415569	6.864837e-06	1.595103e-07	9.090183e-08	8.596203e-08	2.136318e-08	2.074932e-08	4.018931e-10	3.125032e-10	3.117982e-10	2.853729e-10	2.78631e-10	3.393559e-11	3.065264e-11	1.678538e-11	1.358003e-11	1.302317e-11	3.273307e-12	2.612625e-12	3.198076e-13	3.135464e-13	3.133981e-13	1.613239e-13
194	0.2789816	0.02460015	0.02391871	0.005615565	0.00470453	0.00470277	0.00469256	0.004691186	0.00469118	7.220352e-06	1.04012e-07	3.889956e-08	3.786277e-08	8.517678e-09	8.272093e-09	1.66696e-10	1.291781e-10	1.28909e-10	1.169228e-10	1.142403e-10	1.598749e-11	1.329703e-11	7.80118e-12	6.526658e-12	6.333846e-12	2.400762e-12	2.132551e-12	1.298711e-13	1.25934e-13	1.258573e-13
195	0.01312459	0.004672733	0.002824532	0.002789837	0.0008553139	1.061338e-05	9.493138e-06	8.149593e-06	7.725962e-06	7.724295e-06	7.656771e-06	7.09106e-08	6.263856e-09	5.934612e-09	3.815643e-10	3.679837e-10	1.548117e-11	1.068631e-11	1.067244e-11	7.773204e-12	7.615605e-12	2.346904e-12	2.317386e-12	2.117757e-12	2.064161e-12	2.032768e-12	1.900108e-12	1.87885e-12	9.293101e-15	6.775944e-15
196	0.01230064	0.007136755	0.001569151	0.001064742	0.001063115	2.131657e-06	4.276007e-07	2.602997e-07	1.508503e-07	5.638265e-08	5.555225e-08	5.402301e-08	5.393824e-08	5.749227e-10	2.591403e-10	1.139497e-11	1.052035e-11	2.984002e-12	2.458567e-12	2.453617e-12	3.430151e-13	3.168783e-13	3.745413e-14	3.015997e-14	2.532706e-14	2.283942e-14	1.868769e-14	1.205754e-14	5.539187e-15	3.698871e-15
197	0.6580982	0.003907822	0.0009126993	0.0006421139	0.0001528805	0.0001523494	1.139495e-06	1.651094e-07	1.474916e-07	1.029616e-07	2.929129e-09	2.062176e-09	7.982556e-10	7.894142e-10	5.658947e-10	2.433828e-10	8.135642e-12	7.559761e-12	8.161991e-13	3.739749e-13	3.687034e-13	3.266387e-13	3.020482e-13	2.832086e-14	2.06391e-14	1.64119e-14	1.406592e-14	9.817753e-15	3.353496e-15	3.050875e-15
198	0.6360206	0.6295661	0.003791967	0.0009417001	0.0006706277	0.0001586859	0.000158356	1.06007e-06	1.603234e-07	1.566348e-07	1.1051e-07	2.293329e-09	1.831444e-09	5.06585e-10	5.019203e-10	2.615462e-10	2.565636e-10	7.273296e-12	6.695846e-12	8.296737e-13	3.568785e-13	3.519156e-13	3.097513e-13	2.972398e-13	2.80938e-14	1.989656e-14	1.633128e-14	1.401915e-14	9.719041e-15	3.399783e-15
199	0.5737881	0.5692712	0.5643763	0.003575374	0.0009263395	0.0006645121	0.0001645571	0.0001642231	8.964273e-07	5.301345e-08	4.925605e-08	3.988731e-09	1.960618e-09	1.457974e-09	3.95215e-10	3.915935e-10	1.314649e-10	1.2627e-10	5.336536e-12	4.784446e-12	8.581678e-13	3.530212e-13	3.476859e-13	3.071983e-13	2.950301e-13	2.573793e-14	1.793961e-14	1.572915e-14	1.36003e-14	9.126385e-15
200	0.5691517	0.5329716	0.5310981	0.5263204	0.003414598	0.0009600842	0.0006996201	0.0001630178	0.0001626935	9.085238e-07	5.286618e-08	4.917195e-08	3.728324e-09	1.611546e-09	1.570981e-09	4.260584e-10	4.229189e-10	1.372775e-10	1.355783e-10	4.987275e-12	4.634236e-12	8.692074e-13	3.174666e-13	3.163803e-13	2.863584e-13	2.773891e-13	2.703956e-14	1.868094e-14	1.664122e-14	1.43919e-14
201	0.9815443	0.510682	0.4814496	0.4801163	0.4756465	0.002637999	0.0003628684	0.0001842562	0.0001174587	0.0001171345	8.29914e-07	4.220822e-08	3.860436e-08	2.892647e-09	1.264515e-09	1.220107e-09	4.676173e-10	4.64446e-10	1.476064e-10	1.457853e-10	4.966834e-12	4.593327e-12	9.028871e-13	2.924523e-13	2.912707e-13	2.626296e-13	2.539546e-13	2.455085e-14	1.952865e-14	1.760901e-14
202	0.4579284	0.4528619	0.4468362	0.424014	0.4228101	0.4182519	0.002456485	0.0003923764	0.0001977338	0.0001285114	0.0001284039	9.170062e-07	4.562361e-08	4.187466e-08	2.878973e-09	1.101636e-09	1.055523e-09	2.267798e-10	2.243265e-10	1.615173e-10	1.601004e-10	4.17403e-12	3.775979e-12	2.818397e-13	2.619039e-13	2.606073e-13	2.311961e-13	2.23958e-13	2.471225e-14	1.929789e-14
203	0.3941743	0.3818029	0.3775721	0.3710994	0.3531575	0.3519888	0.3472708	0.002081288	0.0003665605	0.0001875026	0.0001188734	0.0001187818	8.850883e-07	4.288248e-08	3.927494e-08	2.800672e-09	1.067296e-09	1.060154e-09	2.250548e-10	2.230038e-10	1.608743e-10	1.600136e-10	3.552198e-12	3.16949e-12	2.291968e-13	2.125486e-13	2.124532e-13	1.952946e-13	1.911698e-13	2.432584e-14
204	0.9823267	0.2848818	0.275925	0.272677	0.2722617	0.258303	0.2574521	0.2563083	0.001468638	0.0001989724	9.407804e-05	7.14671e-05	7.139038e-05	6.488961e-07	2.850996e-08	2.579376e-08	2.059479e-09	8.732276e-10	8.674157e-10	1.853461e-10	1.836827e-10	1.336021e-10	1.328355e-10	2.764349e-12	2.45091e-12	1.741371e-13	1.614059e-13	1.613347e-13	1.492906e-13	1.457588e-13
205	0.1529143	0.150902	0.1439697	0.1415177	0.1398995	0.1397043	0.1327445	0.1322841	0.1316106	0.0007130264	5.514935e-05	2.88702e-05	2.008527e-05	2.005456e-05	3.234269e-07	1.136247e-08	1.000759e-08	1.222469e-09	6.035985e-10	6.009907e-10	1.182137e-10	1.172287e-10	8.787297e-11	8.751561e-11	1.540201e-12	1.342066e-12	9.330151e-14	8.642894e-14	8.639073e-14	8.090378e-14
206	0.01849617	0.01086426	0.01076872	0.007431104	0.006611624	0.006535867	0.006508568	0.006147579	0.006130325	0.006020452	3.406353e-05	3.048739e-06	1.471034e-06	1.030396e-06	1.024055e-06	1.010869e-08	7.667813e-10	7.231438e-10	3.337854e-10	2.988448e-10	2.987562e-10	3.773881e-11	3.74405e-11	3.352841e-11	3.338659e-11	1.289992e-13	6.77928e-14	1.253434e-14	1.21712e-14	1.216905e-14
207	0.004817453	0.001298465	0.0009231484	0.0009110123	0.0008628905	0.0008505734	0.0008408336	0.0008398221	0.0007990015	0.0007982864	0.0007944611	3.745237e-06	4.21259e-07	1.981983e-07	1.387766e-07	1.385895e-07	5.448663e-10	4.409289e-11	4.186906e-11	4.648585e-12	3.443407e-12	3.437245e-12	4.62423e-13	4.565798e-13	3.975368e-13	3.954031e-13	6.134698e-15	5.238217e-15	5.529787e-16	5.294447e-16
208	0.003044673	6.375451e-05	3.062629e-05	2.281687e-05	2.250939e-05	2.207853e-05	2.18535e-05	2.160138e-05	2.157812e-05	2.039929e-05	2.038615e-05	2.030578e-05	8.988224e-08	3.648308e-09	2.087843e-09	9.935298e-10	9.899927e-10	6.794745e-12	4.162852e-13	3.85256e-13	4.063806e-14	2.285389e-14	2.270564e-14	3.616084e-15	3.517269e-15	2.880958e-15	2.855388e-15	1.543776e-16	1.441982e-16	1.216601e-17
209	0.9996999	0.002314536	4.210465e-05	1.628062e-05	1.22243e-05	1.206296e-05	1.172841e-05	1.160577e-05	1.147508e-05	1.146245e-05	1.069495e-05	1.068851e-05	1.064459e-05	5.138208e-08	1.988182e-09	1.122599e-09	5.430227e-10	5.408494e-10	2.758793e-12	2.253699e-13	2.118714e-13	3.028423e-14	2.107941e-14	2.100295e-14	2.86005e-15	2.790532e-15	2.457279e-15	2.438801e-15	9.955899e-17	9.261224e-17
