#unpaired probabilities
 #i$	l=1	2	3	4	5	6	7	8	9	10	11	12	13	14	15	16	17	18	19	20	21	22	23	24	25	26	27	28	29	30	
1	0.7740037	NA	NA	NA	NA	NA	NA	NA	NA	NA	NA	NA	NA	NA	NA	NA	NA	NA	NA	NA	NA	NA	NA	NA	NA	NA	NA	NA	NA	NA
2	0.5546416	0.4834717	NA	NA	NA	NA	NA	NA	NA	NA	NA	NA	NA	NA	NA	NA	NA	NA	NA	NA	NA	NA	NA	NA	NA	NA	NA	NA	NA	NA
3	0.7632902	0.5482386	0.4787568	NA	NA	NA	NA	NA	NA	NA	NA	NA	NA	NA	NA	NA	NA	NA	NA	NA	NA	NA	NA	NA	NA	NA	NA	NA	NA	NA
4	0.8879673	0.7628092	0.5481834	0.4787088	NA	NA	NA	NA	NA	NA	NA	NA	NA	NA	NA	NA	NA	NA	NA	NA	NA	NA	NA	NA	NA	NA	NA	NA	NA	NA
5	0.9977112	0.885294	0.7622436	0.5477755	0.4783634	NA	NA	NA	NA	NA	NA	NA	NA	NA	NA	NA	NA	NA	NA	NA	NA	NA	NA	NA	NA	NA	NA	NA	NA	NA
6	0.995412	0.9941924	0.8818468	0.7596461	0.545734	0.4765971	NA	NA	NA	NA	NA	NA	NA	NA	NA	NA	NA	NA	NA	NA	NA	NA	NA	NA	NA	NA	NA	NA	NA	NA
7	0.997518	0.9932927	0.9921487	0.8799077	0.7579245	0.5443792	0.475432	NA	NA	NA	NA	NA	NA	NA	NA	NA	NA	NA	NA	NA	NA	NA	NA	NA	NA	NA	NA	NA	NA	NA
8	0.7147395	0.7089786	0.7011024	0.6930048	0.681132	0.5787296	0.4029379	0.3517863	NA	NA	NA	NA	NA	NA	NA	NA	NA	NA	NA	NA	NA	NA	NA	NA	NA	NA	NA	NA	NA	NA
9	0.158325	0.1486006	0.1456877	0.1416767	0.1375427	0.1310635	0.1155589	0.08726495	0.07606497	NA	NA	NA	NA	NA	NA	NA	NA	NA	NA	NA	NA	NA	NA	NA	NA	NA	NA	NA	NA	NA
10	0.2684343	0.1069866	0.1012103	0.09924142	0.09649597	0.09362656	0.08964847	0.07882319	0.0592949	0.0516455	NA	NA	NA	NA	NA	NA	NA	NA	NA	NA	NA	NA	NA	NA	NA	NA	NA	NA	NA	NA
11	0.9177493	0.1832376	0.1039554	0.09823571	0.0964219	0.09432038	0.0915815	0.08769899	0.07703387	0.05796645	0.05048566	NA	NA	NA	NA	NA	NA	NA	NA	NA	NA	NA	NA	NA	NA	NA	NA	NA	NA	NA
12	0.01000358	0.008864789	0.003492593	0.002651318	0.002709977	0.002873508	0.00308872	0.003373097	0.003853626	0.0009683497	0.000723674	0.0005806744	NA	NA	NA	NA	NA	NA	NA	NA	NA	NA	NA	NA	NA	NA	NA	NA	NA	NA
13	0.09121375	0.004334791	0.003460978	0.002263268	0.001897549	0.001991296	0.002156352	0.002377196	0.002702251	0.003190061	0.0004736617	0.0003430368	0.0002490093	NA	NA	NA	NA	NA	NA	NA	NA	NA	NA	NA	NA	NA	NA	NA	NA	NA
14	0.9211474	0.05188374	0.003143849	0.002458135	0.001185341	0.0007097338	0.0006586086	0.000635269	0.0006043876	0.0005769055	0.000535606	0.0004672972	0.0003383539	0.0002449677	NA	NA	NA	NA	NA	NA	NA	NA	NA	NA	NA	NA	NA	NA	NA	NA
15	0.1806115	0.1171617	0.04750524	0.002848774	0.002207993	0.001074852	0.0006409621	0.0005943415	0.0005723182	0.0005431884	0.0005174616	0.000478239	0.0004136537	0.0003013806	0.0002126487	NA	NA	NA	NA	NA	NA	NA	NA	NA	NA	NA	NA	NA	NA	NA
16	0.2251213	0.173169	0.1141266	0.04722669	0.00275574	0.002110449	0.001059188	0.0006385468	0.0005920922	0.000570141	0.0005411051	0.000515474	0.0004763631	0.0004119573	0.0003000332	0.0002115016	NA	NA	NA	NA	NA	NA	NA	NA	NA	NA	NA	NA	NA	NA
17	0.1404795	0.08793542	0.03131722	0.02815248	0.003049666	0.00018129	0.0001394811	7.455655e-05	4.369616e-05	4.002522e-05	3.802475e-05	3.537525e-05	3.256516e-05	2.893024e-05	2.306784e-05	1.675625e-05	1.174211e-05	NA	NA	NA	NA	NA	NA	NA	NA	NA	NA	NA	NA	NA
18	0.0126207	0.008794251	0.005534069	0.00203464	0.001754378	0.0001959167	1.162136e-05	8.943345e-06	4.827628e-06	2.775708e-06	2.516695e-06	2.365155e-06	2.165835e-06	1.984549e-06	1.761024e-06	1.400601e-06	1.017011e-06	7.114714e-07	NA	NA	NA	NA	NA	NA	NA	NA	NA	NA	NA	NA
19	0.002625838	0.0004956709	0.000351196	0.0002189764	8.633149e-05	7.596496e-05	9.386525e-06	5.792552e-07	4.466877e-07	2.538195e-07	1.383973e-07	1.214989e-07	1.101868e-07	9.522945e-08	7.91218e-08	6.969284e-08	5.439594e-08	3.955586e-08	2.782216e-08	NA	NA	NA	NA	NA	NA	NA	NA	NA	NA	NA
20	0.0040729	8.371389e-05	4.060646e-05	1.0218e-05	3.562705e-06	1.613228e-06	1.47632e-06	4.560272e-07	2.912826e-08	2.215366e-08	1.272889e-08	5.909018e-09	4.561118e-09	3.696719e-09	2.558665e-09	2.167947e-09	1.97786e-09	1.617369e-09	1.225122e-09	9.714223e-10	NA	NA	NA	NA	NA	NA	NA	NA	NA	NA
21	0.5871504	0.001568286	9.369087e-06	6.860967e-06	2.055855e-06	2.160144e-07	1.977737e-07	2.045389e-07	1.702945e-07	9.616164e-09	6.849718e-09	3.405123e-09	1.623524e-09	1.214196e-09	1.09489e-09	9.469747e-10	8.026539e-10	7.515717e-10	6.726938e-10	5.290808e-10	4.612866e-10	NA	NA	NA	NA	NA	NA	NA	NA	NA
22	0.9530259	0.5868431	0.00155973	7.826342e-06	5.887767e-06	1.309555e-06	2.004074e-07	1.880074e-07	1.947356e-07	1.634628e-07	9.185221e-09	6.5301e-09	3.198636e-09	1.504137e-09	1.160543e-09	1.053308e-09	9.200598e-10	7.810413e-10	7.31422e-10	6.555915e-10	5.159272e-10	4.502411e-10	NA	NA	NA	NA	NA	NA	NA	NA
23	0.5547714	0.5706552	0.5862834	0.00155136	6.804903e-06	5.120448e-06	5.619055e-07	1.271553e-07	1.296475e-07	1.349565e-07	1.177488e-07	6.141108e-09	4.192939e-09	1.778931e-09	1.043542e-09	8.768991e-10	8.430453e-10	8.056763e-10	7.237121e-10	6.787657e-10	6.094339e-10	4.801958e-10	4.202317e-10	NA	NA	NA	NA	NA	NA	NA
24	0.5568778	0.5479771	0.566235	0.586254	0.001547595	6.727692e-06	5.056557e-06	5.438685e-07	1.228303e-07	1.261345e-07	1.313487e-07	1.149416e-07	5.889818e-09	3.977576e-09	1.615038e-09	9.276165e-10	8.50563e-10	8.240248e-10	7.923485e-10	7.136672e-10	6.692462e-10	6.013591e-10	4.739494e-10	4.148345e-10	NA	NA	NA	NA	NA	NA
25	0.5777552	0.5556497	0.5475449	0.5660528	0.586252	0.001547533	6.716591e-06	5.04633e-06	5.335306e-07	1.226407e-07	1.260273e-07	1.312428e-07	1.148783e-07	5.883127e-09	3.971542e-09	1.60992e-09	9.228349e-10	8.469391e-10	8.230142e-10	7.917636e-10	7.13152e-10	6.687648e-10	6.009322e-10	4.736174e-10	4.145487e-10	NA	NA	NA	NA	NA
26	0.4490493	0.03530883	0.01906284	0.006343079	0.003764954	0.001522542	0.001546367	6.052107e-06	4.792122e-06	4.905972e-07	8.110881e-08	8.347226e-08	8.802513e-08	7.860384e-08	3.52133e-09	2.032783e-09	4.622426e-10	2.695111e-10	2.563553e-10	2.544186e-10	2.517075e-10	1.987755e-10	1.832535e-10	1.632992e-10	1.28542e-10	1.124481e-10	NA	NA	NA	NA
27	0.07065398	0.01658423	0.01197874	0.006912109	0.00187017	0.001049245	5.924513e-05	2.947231e-05	6.018897e-06	4.769083e-06	4.775494e-07	7.042752e-08	7.280227e-08	7.681957e-08	6.891496e-08	2.893719e-09	1.556364e-09	1.852438e-10	9.748608e-11	9.163071e-11	8.997364e-11	8.761401e-11	8.523789e-11	7.641894e-11	6.739993e-11	5.300873e-11	4.63535e-11	NA	NA	NA
28	0.03868785	0.01985265	0.007168756	0.005253128	0.003149677	0.0008140703	0.0004840749	3.123601e-05	2.792339e-05	4.481527e-06	4.7208e-06	4.268214e-07	1.682573e-08	1.57004e-08	1.631659e-08	1.458427e-08	7.020331e-10	4.361109e-10	1.228385e-10	7.435319e-11	7.006947e-11	6.867291e-11	6.66375e-11	6.430105e-11	6.106982e-11	5.360903e-11	4.220559e-11	3.691896e-11	NA	NA
29	0.05255856	0.02414888	0.01182191	0.00282371	0.002096348	0.001375009	0.0003523736	0.0002663433	2.516307e-05	2.458708e-05	3.39689e-06	3.57785e-06	4.155769e-07	5.138846e-09	3.262841e-09	3.144247e-09	2.763466e-09	1.639908e-10	1.213261e-10	5.521389e-11	3.438949e-11	3.232452e-11	3.15667e-11	3.05769e-11	2.935794e-11	2.770607e-11	2.496359e-11	1.963622e-11	1.715735e-11	NA
30	0.1222178	0.0443696	0.02087035	0.009989352	0.001977867	0.001578799	0.001079068	0.0002596266	0.0002111995	1.770915e-06	4.711497e-07	3.787335e-07	3.9231e-07	4.119149e-07	3.283302e-09	1.291277e-09	1.059838e-09	9.074517e-10	5.16993e-11	3.8772e-11	1.898575e-11	1.162586e-11	1.082345e-11	1.046544e-11	9.998703e-12	9.523991e-12	8.980681e-12	8.094275e-12	6.347073e-12	5.538117e-12
31	0.4806636	0.1215509	0.04378124	0.02029469	0.009457509	0.001432089	0.001024539	0.0005163996	0.0002546884	0.0002090033	1.222153e-06	4.643532e-07	3.718949e-07	3.921044e-07	4.118803e-07	3.248707e-09	1.261926e-09	1.029169e-09	8.803179e-10	4.988984e-11	3.744001e-11	1.835783e-11	1.123251e-11	1.045304e-11	1.010304e-11	9.646739e-12	9.184352e-12	8.66234e-12	7.807297e-12	6.12079e-12
32	0.4541319	0.02407683	0.00238144	0.000948212	0.0007000982	0.0005438348	0.000484815	0.0004408418	0.0002527844	0.0001928907	0.0001795083	4.24163e-07	3.364125e-08	3.150041e-09	3.00327e-09	2.604302e-09	2.506349e-09	4.768373e-10	2.005839e-10	1.600838e-10	1.196173e-11	9.764064e-12	4.806421e-12	3.033395e-12	2.861291e-12	2.804963e-12	2.731199e-12	2.634344e-12	2.488539e-12	2.247056e-12
33	0.07683961	0.04414918	0.006513153	0.001358073	0.000544819	0.0003766499	0.0002715831	0.0002317169	0.0001830515	0.0001179149	5.719225e-05	4.007341e-05	4.094533e-07	3.153827e-08	1.058375e-09	9.289794e-10	4.087737e-10	1.768525e-10	1.80917e-10	1.687143e-10	1.435717e-10	1.078504e-11	8.841359e-12	4.668893e-12	2.958607e-12	2.794695e-12	2.742278e-12	2.67366e-12	2.581366e-12	2.439829e-12
34	0.08687378	0.0422607	0.04205949	0.005748251	0.0006923082	0.0004378353	0.0002908747	0.0002356986	0.0002000848	0.0001567485	0.0001016493	4.777707e-05	3.869713e-05	2.33459e-07	3.122848e-08	9.687508e-10	8.823232e-10	3.630428e-10	1.297718e-10	1.320513e-10	1.377776e-10	1.177152e-10	9.208129e-12	7.663968e-12	4.13819e-12	2.628053e-12	2.482953e-12	2.436713e-12	2.376185e-12	2.294218e-12
35	0.7821562	0.01363404	0.005851173	0.005772989	0.005321465	0.0002899437	0.0001605903	0.0001168039	0.0001055244	0.0001018042	8.317642e-05	5.959523e-05	3.664209e-05	3.335782e-05	1.566119e-07	2.692557e-08	6.673156e-10	6.120505e-10	8.202657e-11	7.347645e-11	7.500506e-11	7.776724e-11	6.667429e-11	6.127353e-12	5.396261e-12	3.140797e-12	1.999469e-12	1.888724e-12	1.853106e-12	1.806504e-12
36	0.5505441	0.5206928	0.005753118	0.0004638924	0.0004003613	0.0002058068	0.0001941695	0.0001286363	8.63481e-05	7.584021e-05	7.189013e-05	5.351871e-05	3.066768e-05	8.144637e-06	3.933819e-06	1.419257e-07	2.6857e-08	6.573003e-10	6.088469e-10	7.883983e-11	7.027072e-11	7.26235e-11	7.609742e-11	6.520571e-11	6.106399e-12	5.378608e-12	3.133673e-12	1.997243e-12	1.886669e-12	1.851115e-12
37	0.6957597	0.5153282	0.4897393	0.005535117	0.0003973939	0.0003398338	0.0001619353	0.0001511644	0.0001255261	8.442248e-05	7.453847e-05	7.097423e-05	5.282537e-05	3.024913e-05	7.99179e-06	3.837751e-06	8.692995e-08	2.684565e-08	6.544642e-10	6.064332e-10	7.634474e-11	6.77245e-11	6.998475e-11	7.335481e-11	6.276328e-11	5.956927e-12	5.269839e-12	3.085662e-12	1.966801e-12	1.857808e-12
38	0.6646514	0.5055135	0.4741561	0.4637194	0.003055211	0.0001595338	0.0001561572	5.402342e-05	4.701028e-05	3.623014e-05	2.992256e-05	2.675463e-05	2.570958e-05	1.880289e-05	1.068292e-05	2.767774e-06	1.312366e-06	2.774729e-08	8.898737e-10	6.182327e-10	5.907941e-10	6.141487e-11	5.868903e-11	6.189535e-11	6.505196e-11	5.800348e-11	5.637602e-12	5.021473e-12	2.956793e-12	1.887087e-12
39	0.6788399	0.6209778	0.4896554	0.4593331	0.4592745	0.003024327	0.0001488445	0.000148112	4.694309e-05	4.046232e-05	3.186653e-05	2.595289e-05	2.409055e-05	2.312514e-05	1.696265e-05	9.626036e-06	2.478306e-06	1.167637e-06	1.407961e-08	8.154303e-10	5.688646e-10	5.901633e-10	6.0825e-11	5.813928e-11	6.141987e-11	6.475106e-11	5.790649e-11	5.627282e-12	5.012046e-12	2.950214e-12
40	0.4341727	0.3988147	0.3933158	0.3798893	0.3758988	0.375885	0.000464911	3.889074e-05	3.838365e-05	2.154907e-05	2.042124e-05	1.684589e-05	1.4567e-05	1.378586e-05	1.340099e-05	1.003628e-05	5.736632e-06	1.520781e-06	7.296979e-07	1.041771e-08	6.406779e-10	5.142258e-10	5.362447e-10	7.266009e-12	6.512516e-12	6.502791e-12	6.816726e-12	5.943858e-12	5.507171e-13	4.839146e-13
41	0.02289717	0.004088535	0.0008126126	0.0007599954	0.0006474197	0.0003824258	0.000376859	0.0001799587	8.222871e-06	7.912035e-06	1.296121e-06	8.241806e-07	3.447184e-07	2.594142e-07	1.950692e-07	1.664448e-07	1.249703e-07	7.050155e-08	1.878102e-08	8.644043e-09	1.207245e-10	2.245478e-12	5.200098e-13	5.070614e-13	5.241979e-13	2.926478e-13	3.088928e-13	3.262601e-13	2.902683e-13	1.153296e-14
42	0.04653127	0.009923673	0.003408781	0.0002237955	0.0002049743	0.0001769718	0.0001572718	0.0001542755	1.979679e-05	1.885776e-06	1.575603e-06	1.122498e-06	6.553587e-07	2.270061e-07	1.8658e-07	1.425332e-07	1.334875e-07	1.006035e-07	5.67742e-08	1.518855e-08	6.93374e-09	9.741994e-11	8.897552e-13	2.466427e-13	2.337841e-13	2.456488e-13	2.471608e-13	2.612979e-13	2.761591e-13	2.470254e-13
43	0.09985534	0.03699694	0.005772665	0.0002305046	4.405401e-05	3.940857e-05	3.41706e-05	1.983104e-05	1.750974e-05	9.383952e-06	9.929457e-07	8.249608e-07	7.543065e-07	3.876424e-07	1.713074e-07	1.423298e-07	1.004393e-07	9.233341e-08	6.926133e-08	3.962841e-08	1.05387e-08	5.07135e-09	7.188818e-11	2.838367e-13	3.107693e-14	2.290257e-14	2.356952e-14	1.229109e-14	1.221811e-14	1.247451e-14
44	0.3445657	0.09290687	0.03055261	0.005730505	0.0002197093	3.995033e-05	3.606491e-05	3.133045e-05	1.711849e-05	1.562578e-05	8.944694e-06	6.527253e-07	4.849952e-07	4.18559e-07	3.831207e-07	1.680473e-07	1.394572e-07	9.768209e-08	8.961594e-08	6.72505e-08	3.846743e-08	1.023388e-08	4.923573e-09	6.989521e-11	2.592108e-13	2.829506e-14	2.035587e-14	2.089154e-14	9.463553e-15	9.511847e-15
45	0.579333	0.2678434	0.08697831	0.02474932	0.0004180775	0.0002026816	3.009164e-05	2.84218e-05	2.58739e-05	1.257935e-05	1.223566e-05	8.383442e-06	2.325185e-07	1.793687e-07	1.199575e-07	8.579353e-08	5.551569e-08	3.475388e-08	2.476361e-08	1.792109e-08	1.323987e-08	7.380653e-09	1.952872e-09	9.371269e-10	1.3122e-11	2.26261e-13	2.313222e-14	1.686092e-14	1.727996e-14	5.735271e-15
46	0.5991658	0.5708072	0.2595307	0.08667666	0.02451524	0.0002183296	3.931404e-05	9.512377e-06	8.518513e-06	7.612635e-06	2.994112e-06	2.751093e-06	3.434219e-07	1.881846e-07	1.35093e-07	8.412638e-08	5.012492e-08	3.163825e-08	2.160163e-08	1.596562e-08	1.266297e-08	9.325875e-09	5.157536e-09	1.366522e-09	6.5558e-10	9.172636e-12	1.367806e-13	1.044303e-14	5.445807e-15	5.409797e-15
47	0.2945896	0.2932006	0.2667965	0.2422779	0.0738351	0.0243307	0.0001754751	3.837435e-05	8.701822e-06	8.00482e-06	7.219161e-06	2.633863e-06	2.405717e-06	2.984881e-07	1.627885e-07	1.327254e-07	8.265834e-08	4.904106e-08	3.092844e-08	2.095265e-08	1.543797e-08	1.214039e-08	8.86229e-09	5.042889e-09	1.336534e-09	6.415019e-10	8.974736e-12	1.341894e-13	9.751166e-15	4.856944e-15
48	0.4044828	0.2006089	0.1999249	0.1955541	0.1911875	0.02442526	0.02427476	0.0001714555	3.711071e-05	7.537732e-06	6.915154e-06	6.280201e-06	1.731666e-06	1.504095e-06	2.315391e-07	1.584144e-07	1.286224e-07	8.10664e-08	4.786081e-08	3.023999e-08	2.034796e-08	1.484514e-08	1.154879e-08	8.666061e-09	4.93068e-09	1.30926e-09	6.291974e-10	8.806235e-12	1.302687e-13	8.339757e-15
49	0.2183938	0.2070503	0.170643	0.1699882	0.1689023	0.1688125	0.00241717	0.002328902	0.0001495136	3.600905e-05	6.532684e-06	6.280232e-06	5.767638e-06	1.254037e-06	1.029363e-06	1.671864e-07	1.229899e-07	9.527414e-08	4.894133e-08	4.619756e-08	2.906954e-08	1.932076e-08	1.387333e-08	1.059536e-08	7.938928e-09	4.541018e-09	1.206629e-09	5.802165e-10	8.125506e-12	1.222168e-13
50	0.3711846	0.215287	0.2058546	0.1703102	0.1698249	0.1687847	0.168723	0.00233407	0.002251457	7.366789e-05	3.589449e-05	6.438445e-06	6.22581e-06	5.721815e-06	1.212317e-06	9.881732e-07	1.382037e-07	9.463257e-08	9.446693e-08	4.816298e-08	4.561095e-08	2.868191e-08	1.897194e-08	1.354551e-08	1.027285e-08	7.696104e-09	4.401171e-09	1.169449e-09	5.62325e-10	7.878053e-12
51	0.3849896	0.04635596	0.02370438	0.02334027	0.004883484	0.004438584	0.003927267	0.003921059	0.002296523	0.002214592	3.782023e-05	1.9603e-06	1.102222e-06	9.827231e-07	7.623867e-07	5.347591e-07	3.109239e-07	3.952172e-08	2.163935e-08	2.148039e-08	2.074686e-08	1.825562e-08	1.246407e-08	1.12427e-08	9.854879e-09	9.648045e-09	7.268465e-09	4.181846e-09	1.115313e-09	5.366287e-10
52	0.08420571	0.08108653	0.03187638	0.02077338	0.02048234	0.002516966	0.002162112	0.001665145	0.001660659	5.306131e-05	3.833867e-05	3.739272e-05	1.772604e-06	9.272325e-07	8.583565e-07	6.762562e-07	4.637497e-07	2.416731e-07	3.073915e-08	1.498486e-08	1.483897e-08	1.419028e-08	1.410874e-08	1.236598e-08	1.11776e-08	9.809597e-09	9.613641e-09	7.242349e-09	4.167287e-09	1.110745e-09
53	0.1678104	0.07968756	0.07905431	0.0305304	0.01965658	0.01948541	0.002164241	0.002115256	0.001642853	0.001639413	3.716111e-05	3.463998e-05	3.424336e-05	1.077685e-06	2.688027e-07	2.545068e-07	2.275193e-07	6.207108e-08	5.954822e-08	2.355804e-08	1.375204e-08	1.361554e-08	1.320261e-08	1.314284e-08	1.139253e-08	1.017428e-08	9.799189e-09	9.603506e-09	7.234657e-09	4.163967e-09
54	0.3742805	0.08894564	0.07686851	0.07664993	0.02814622	0.01742428	0.01725909	0.0005908909	0.0005420904	8.474528e-05	8.136253e-05	3.700427e-05	3.448556e-05	3.409369e-05	9.366307e-07	1.649099e-07	1.523546e-07	1.302372e-07	4.345721e-08	4.093551e-08	2.319224e-08	1.366309e-08	1.352662e-08	1.314562e-08	1.308785e-08	1.134044e-08	1.012398e-08	9.748638e-09	9.601037e-09	7.232817e-09
55	0.642972	0.2829239	0.08840587	0.07673337	0.07652695	0.02809933	0.01739403	0.01722922	0.0005853617	0.000537567	8.092858e-05	7.757383e-05	3.332956e-05	3.316809e-05	3.281113e-05	9.338197e-07	1.630635e-07	1.507258e-07	1.291413e-07	4.261459e-08	4.023308e-08	2.312814e-08	1.362799e-08	1.349199e-08	1.312386e-08	1.306711e-08	1.132406e-08	1.010929e-08	9.734564e-09	9.58715e-09
56	0.03591041	0.02287931	0.02117432	0.0008063828	0.0003614749	0.0003507317	0.0001396024	9.047323e-05	8.904736e-05	8.591431e-06	8.304774e-06	5.483774e-06	5.364111e-06	4.746931e-06	4.732592e-06	4.701353e-06	7.019441e-08	3.897458e-08	3.304116e-08	2.021548e-08	1.472687e-08	1.469748e-08	7.589613e-10	2.013331e-10	1.53463e-10	8.431201e-11	7.981594e-11	6.044647e-11	4.913635e-11	4.46926e-11
57	0.06560062	0.01879627	0.01567165	0.014655	0.0004539126	7.53053e-05	6.702956e-05	3.267245e-05	2.273946e-05	2.209002e-05	1.72194e-06	1.651676e-06	5.698917e-07	4.781719e-07	1.169889e-07	1.061267e-07	9.017552e-08	6.526848e-08	3.633429e-08	3.097975e-08	1.877932e-08	1.370785e-08	1.369825e-08	5.45174e-10	6.81571e-11	6.807461e-11	3.028347e-11	2.790346e-11	1.883772e-11	1.210254e-11
58	0.3953225	0.032802	0.0151829	0.01398728	0.01366894	6.051359e-05	3.576252e-05	2.766743e-05	1.507781e-05	1.086699e-05	1.038172e-05	1.059264e-06	1.019566e-06	3.028467e-07	2.266571e-07	5.688769e-08	4.940161e-08	3.816303e-08	2.727366e-08	2.464618e-08	2.095942e-08	1.260226e-08	1.094384e-08	1.093577e-08	4.258233e-10	3.394988e-11	3.390828e-11	1.786469e-11	1.680299e-11	1.070771e-11
59	0.4438979	0.394116	0.03219236	0.01511612	0.01395496	0.01366276	5.857613e-05	3.448725e-05	2.722266e-05	1.480911e-05	1.069191e-05	1.021323e-05	1.033036e-06	9.968204e-07	2.949682e-07	2.203402e-07	5.410381e-08	4.702134e-08	3.678775e-08	2.634344e-08	2.380859e-08	2.030757e-08	1.227753e-08	1.06855e-08	1.06829e-08	4.137541e-10	3.329781e-11	3.32695e-11	1.768875e-11	1.671757e-11
60	0.8728719	0.4288177	0.3844173	0.02592261	0.01459781	0.01383069	0.01360412	3.327415e-05	2.096755e-05	2.08559e-05	1.065304e-05	8.018907e-06	7.663153e-06	7.187868e-07	6.927062e-07	1.969468e-07	1.386759e-07	2.034155e-08	1.878554e-08	1.601678e-08	9.451143e-09	8.720476e-09	8.085837e-09	6.530623e-09	6.194544e-09	6.193777e-09	2.873792e-10	2.733789e-11	2.731607e-11	1.656183e-11
61	0.8790945	0.8587332	0.4262698	0.3824622	0.02468283	0.01444928	0.01378656	0.0135734	1.994845e-05	1.100876e-05	1.0937e-05	6.776633e-06	5.604364e-06	5.293443e-06	5.941667e-07	5.750113e-07	1.695945e-07	1.150903e-07	1.051004e-08	1.006365e-08	8.806191e-09	6.017147e-09	5.703441e-09	5.638298e-09	5.374656e-09	5.296663e-09	5.296329e-09	2.617643e-10	2.47288e-11	2.471759e-11
62	0.4343032	0.3786723	0.3629229	0.3499768	0.3494256	0.0006955486	0.0002658762	0.0002095897	3.662644e-05	5.728216e-06	3.706908e-06	3.694237e-06	3.245474e-06	3.038351e-06	3.000507e-06	1.824612e-07	1.689866e-07	4.56899e-08	4.35231e-08	1.289513e-09	1.141729e-09	8.659127e-10	3.846106e-10	2.206557e-10	2.163195e-10	1.978867e-10	1.588284e-10	1.587039e-10	2.052638e-11	1.364284e-11
63	0.0502436	0.04836985	0.01750927	0.00408333	0.0005473689	0.0004575603	0.0004049522	0.0002100299	0.0002046898	3.288167e-05	3.294508e-06	3.046576e-06	3.036671e-06	2.957472e-06	2.851781e-06	2.815688e-06	1.675151e-07	1.544672e-07	4.023493e-08	3.86919e-08	8.351835e-10	6.944303e-10	4.443575e-10	1.763519e-10	7.352114e-11	6.983683e-11	5.53445e-11	4.016332e-11	4.005727e-11	1.490218e-11
64	0.07347017	0.04806474	0.04736317	0.01688186	0.003577546	0.000399813	0.0003327139	0.0002850753	0.000208684	0.0002042376	3.280559e-05	3.260934e-06	3.029815e-06	3.025247e-06	2.950528e-06	2.847533e-06	2.811537e-06	1.667358e-07	1.537896e-07	4.002839e-08	3.853251e-08	8.005317e-10	6.689776e-10	4.243068e-10	1.605107e-10	5.863627e-11	5.501835e-11	4.416389e-11	3.098484e-11	3.088707e-11
65	0.5235995	0.07317113	0.04803627	0.04734238	0.01687378	0.003570194	0.0003964027	0.0003299223	0.0002824061	0.0002085197	0.0002040969	3.280318e-05	3.259971e-06	3.029264e-06	3.024823e-06	2.950213e-06	2.847281e-06	2.811289e-06	1.667133e-07	1.537705e-07	4.002211e-08	3.852781e-08	7.991506e-10	6.680417e-10	4.235368e-10	1.600675e-10	5.823051e-11	5.464302e-11	4.391477e-11	3.078255e-11
66	0.228341	0.198608	0.06120198	0.04680381	0.0464658	0.0165545	0.003338015	0.0001905419	0.0001271179	8.066354e-05	3.569553e-05	3.285416e-05	3.255878e-05	3.183712e-06	2.958212e-06	2.955374e-06	2.883025e-06	2.780829e-06	2.745351e-06	1.650152e-07	1.522677e-07	3.953236e-08	3.813679e-08	6.866326e-10	5.565068e-10	3.149278e-10	1.553541e-10	5.575142e-11	5.233236e-11	4.166972e-11
67	0.1406242	0.03867921	0.01186665	0.009672979	0.0006565582	0.0005021969	0.0001871361	0.0001014645	2.877223e-05	2.403487e-05	1.805589e-05	1.590167e-06	5.496265e-07	4.761619e-07	2.726441e-07	1.918567e-07	1.910253e-07	1.338014e-07	6.004504e-08	5.931484e-08	1.963152e-09	1.78728e-09	4.621879e-10	4.046891e-10	1.20985e-10	1.186866e-10	1.128773e-10	2.575217e-11	2.173697e-11	1.903724e-11
68	0.1999054	0.1331927	0.03198129	0.005290661	0.003829481	0.0002665607	0.0002048166	0.0001064463	8.051273e-05	2.254128e-05	1.817572e-05	1.26169e-05	1.111898e-06	3.441682e-07	2.908813e-07	1.750672e-07	1.474466e-07	1.469697e-07	9.422086e-08	2.268858e-08	2.213499e-08	1.198773e-09	1.135976e-09	2.514683e-10	2.004596e-10	6.320854e-11	6.14377e-11	5.677797e-11	2.382872e-11	2.140001e-11
69	0.327883	0.1667074	0.1074067	0.006625462	0.003734618	0.002977704	0.0001914953	0.000142682	5.566235e-05	3.466179e-05	1.019624e-05	8.381819e-06	5.772598e-06	6.132893e-07	2.662396e-07	2.422562e-07	1.543974e-07	1.370397e-07	1.367998e-07	8.857377e-08	1.904505e-08	1.858543e-08	8.384305e-10	7.868237e-10	1.558517e-10	1.254974e-10	4.450071e-11	4.294567e-11	4.022351e-11	1.164537e-11
70	0.144839	0.1339114	0.1012494	0.05908997	0.004223934	0.00288568	0.002541461	0.0001383848	9.775865e-05	2.219752e-05	4.588236e-06	9.098417e-07	7.335086e-07	5.630057e-07	1.616707e-07	1.361936e-07	1.341827e-07	7.567444e-08	6.740526e-08	6.724805e-08	2.452891e-08	1.519126e-08	1.484931e-08	5.399893e-10	4.985148e-10	7.69501e-11	6.206657e-11	2.527e-11	2.508983e-11	2.473902e-11
71	0.0915331	0.07477222	0.07338898	0.05736387	0.05587471	0.001455437	0.0001613107	4.273484e-05	3.048824e-06	2.34103e-06	1.100868e-06	7.80796e-07	3.120873e-07	2.659206e-07	2.297486e-07	1.691787e-08	4.442686e-09	3.573407e-09	1.401193e-09	1.161008e-09	1.157429e-09	4.780799e-10	3.105352e-10	3.073966e-10	4.294468e-11	4.222556e-11	1.514677e-11	3.56167e-12	5.797155e-13	5.564272e-13
72	0.09221014	0.06152961	0.05826898	0.05714951	0.05610341	0.05573284	0.001412362	0.0001212094	6.713012e-06	1.034699e-06	9.054487e-07	7.367333e-07	6.682337e-07	2.777497e-07	2.358653e-07	2.06884e-07	1.339493e-08	2.118101e-09	1.345149e-09	2.875249e-10	1.763657e-10	1.750988e-10	8.913709e-11	6.649198e-11	6.557384e-11	2.503864e-11	2.491358e-11	1.410305e-11	2.591504e-12	1.925274e-13
73	0.6895712	0.08461592	0.05983858	0.05681919	0.05572201	0.05480007	0.05445129	0.001408798	0.0001180865	3.843853e-06	8.790683e-07	7.956414e-07	7.126057e-07	6.642838e-07	2.772084e-07	2.354405e-07	2.065799e-07	1.314197e-08	1.903855e-09	1.162988e-09	2.029031e-10	1.009427e-10	9.985151e-11	6.173427e-11	4.959456e-11	4.889456e-11	2.446967e-11	2.439152e-11	1.403014e-11	2.52467e-12
74	0.6537929	0.6321143	0.02995342	0.006439865	0.003629829	0.00258277	0.001709651	0.001424795	0.001384768	0.0001173146	3.158308e-06	8.371523e-07	7.648477e-07	7.021374e-07	6.59519e-07	2.75603e-07	2.343686e-07	2.058412e-07	1.301901e-08	1.844271e-09	1.114184e-09	1.796459e-10	8.089299e-11	7.985592e-11	5.447394e-11	4.491883e-11	4.43675e-11	2.388769e-11	2.382118e-11	1.358499e-11
75	0.4432453	0.3109366	0.2927368	0.01850598	0.00289944	0.002203726	0.001234376	0.0003917708	0.0001160465	0.0001125353	0.0001121856	7.740813e-07	9.450034e-08	8.127903e-08	7.152007e-08	6.73698e-08	2.117178e-08	1.763709e-08	1.179857e-08	8.717528e-10	1.367747e-10	8.586278e-11	3.1887e-11	1.286809e-11	1.270512e-11	8.493421e-12	5.899652e-12	5.715565e-12	1.709618e-12	1.695057e-12
76	0.4342257	0.43026	0.2994992	0.2816327	0.01633073	0.001771939	0.001122018	0.001119736	0.0002802567	4.751072e-06	1.262804e-06	9.316027e-07	6.953059e-07	7.882909e-08	6.716125e-08	5.932638e-08	5.631463e-08	1.701042e-08	1.413238e-08	9.136581e-09	7.027258e-10	1.157275e-10	7.483697e-11	2.681604e-11	9.751284e-12	9.606013e-12	6.376353e-12	4.143994e-12	3.967592e-12	4.822562e-13
77	0.1754539	0.1735673	0.1721195	0.04136529	0.02352603	0.006155482	0.001726205	0.001107385	0.001105126	0.0002797853	4.362779e-06	8.745599e-07	5.466481e-07	3.129381e-07	7.748408e-08	6.63773e-08	5.858752e-08	5.559731e-08	1.677499e-08	1.394096e-08	8.993458e-09	6.930236e-10	1.145169e-10	7.420022e-11	2.65667e-11	9.667844e-12	9.524981e-12	6.313268e-12	4.10185e-12	3.926445e-12
78	0.2929914	0.1670841	0.1662288	0.1651838	0.03443202	0.01667912	0.00390358	0.001715819	0.001106755	0.001104524	0.0002797258	4.333963e-06	8.459153e-07	5.20631e-07	3.000212e-07	7.008673e-08	6.221725e-08	5.461649e-08	5.171799e-08	1.554471e-08	1.291928e-08	8.227378e-09	6.414422e-10	1.084155e-10	7.106582e-11	2.535288e-11	9.318857e-12	9.18331e-12	6.044118e-12	3.940185e-12
79	0.2837789	0.1925356	0.1616983	0.161046	0.1604402	0.03077949	0.01582388	0.003871446	0.001703555	0.001106603	0.00110439	0.0002796703	4.283855e-06	7.96023e-07	4.902268e-07	2.754449e-07	6.735884e-08	5.993077e-08	5.312737e-08	5.046402e-08	1.512549e-08	1.257472e-08	7.97403e-09	6.236191e-10	1.057307e-10	6.939894e-11	2.474076e-11	9.021605e-12	8.889836e-12	5.813751e-12
80	0.6827622	0.2546787	0.1831472	0.1614509	0.1609571	0.1604114	0.03076229	0.01581381	0.003865912	0.001701582	0.001104839	0.001104281	0.0002795646	4.199318e-06	7.484451e-07	4.440039e-07	2.483239e-07	6.464102e-08	5.76679e-08	5.178753e-08	4.93961e-08	1.484383e-08	1.233131e-08	7.793625e-09	6.106308e-10	1.033106e-10	6.775414e-11	2.4084e-11	8.589956e-12	8.461132e-12
81	0.8226516	0.5136577	0.1051035	0.03585704	0.01492423	0.0144378	0.01414494	0.01410676	0.004064788	0.003234977	0.001665101	0.001142712	0.001142156	0.0002891605	4.327515e-06	7.579629e-07	4.433383e-07	2.517051e-07	6.206148e-08	5.516545e-08	4.909841e-08	4.667605e-08	1.398546e-08	1.155946e-08	7.215087e-09	5.713901e-10	9.889195e-11	6.555803e-11	2.349721e-11	8.641494e-12
82	0.8163838	0.7982092	0.4837185	0.09074559	0.02399224	0.002902933	0.00257728	0.002283157	0.002255164	0.002188863	0.001832049	0.001644886	0.001180946	0.001180395	0.0002994376	4.458233e-06	7.615217e-07	4.359262e-07	2.508411e-07	5.886517e-08	5.20897e-08	4.593279e-08	4.350634e-08	1.365867e-08	1.136966e-08	7.327371e-09	5.663258e-10	9.595955e-11	6.281539e-11	2.246472e-11
83	0.6416863	0.6292952	0.6132366	0.3946175	0.07641153	0.01935465	0.001702354	0.001464631	0.001271368	0.001243398	0.001175202	0.001038013	0.001004839	0.001000618	0.001000071	0.0003102464	4.610546e-06	7.772821e-07	4.398572e-07	2.533014e-07	5.838717e-08	5.206553e-08	4.580112e-08	4.336694e-08	1.364513e-08	1.136672e-08	7.522947e-09	5.689428e-10	9.298605e-11	5.970479e-11
84	0.6253408	0.4363941	0.427543	0.4118555	0.3173903	0.06427305	0.01894765	0.0009651093	0.0007741916	0.0005767073	0.0005512833	0.0004872146	0.0003605932	0.0003285248	0.0003247431	0.0003241946	0.0003221392	4.779431e-06	7.991019e-07	4.489312e-07	2.599659e-07	5.87761e-08	5.23264e-08	4.583761e-08	4.336834e-08	1.368721e-08	1.141082e-08	7.774775e-09	5.745467e-10	9.030663e-11
85	0.4698421	0.4673747	0.3675882	0.359709	0.3500082	0.2720817	0.05482065	0.01700208	0.0004707524	0.0003880427	0.0002334006	0.0002077327	0.0001416863	3.590699e-05	9.231153e-06	6.061691e-06	5.634316e-06	4.975916e-06	4.851474e-06	7.125197e-07	3.487206e-07	1.721281e-07	5.194684e-08	4.741437e-08	4.361202e-08	4.18422e-08	1.264931e-08	1.048049e-08	7.09457e-09	5.230155e-10
86	0.4486227	0.4373657	0.4365435	0.3339794	0.3283592	0.3190025	0.2404257	0.04961333	0.01712517	0.000428318	0.0003462673	0.00018717	0.0001830334	0.0001154863	2.800851e-05	4.896328e-06	1.800391e-06	1.461166e-06	7.827676e-07	6.73918e-07	6.55998e-07	2.781966e-07	1.068359e-07	4.800646e-08	4.452616e-08	4.268915e-08	4.14143e-08	1.250409e-08	1.035545e-08	7.222579e-09
87	0.4305121	0.4024736	0.3965447	0.3960045	0.2892534	0.2870771	0.2779277	0.1973924	0.0465883	0.01752409	0.0004191754	0.0003366616	0.0001789328	0.0001751325	0.0001049085	2.676945e-05	4.536963e-06	1.392073e-06	1.074459e-06	3.688689e-07	2.763114e-07	2.742634e-07	2.729478e-07	1.001155e-07	4.719658e-08	4.381686e-08	4.216793e-08	4.136634e-08	1.251391e-08	1.03706e-08
88	0.2892943	0.2855667	0.2598089	0.2550488	0.2546937	0.2536942	0.2533934	0.2456574	0.1630824	0.04323601	0.01788317	0.0004202496	0.0003384081	0.0001744031	0.0001705046	9.721846e-05	2.603896e-05	4.52497e-06	1.312249e-06	1.043392e-06	3.075396e-07	2.327037e-07	2.311919e-07	2.303786e-07	9.787283e-08	4.689781e-08	4.355194e-08	4.199369e-08	4.127013e-08	1.250599e-08
89	0.4438842	0.2545112	0.2507827	0.2242911	0.2203144	0.2201272	0.219128	0.2188322	0.2109883	0.1269428	0.04047006	0.01818271	0.000328179	0.0002455189	7.44723e-05	7.127055e-05	6.995428e-05	2.499644e-05	4.583091e-06	1.309022e-06	1.057243e-06	2.88712e-07	2.323241e-07	2.31183e-07	2.305712e-07	9.933513e-08	4.613315e-08	4.285628e-08	4.124818e-08	4.054649e-08
90	0.3406255	0.3256857	0.1835027	0.1802768	0.1682017	0.1662664	0.1661796	0.165211	0.1649288	0.1570971	0.09318628	0.03809365	0.01859563	0.0003035419	0.0002230973	4.45569e-05	4.120163e-05	4.000694e-05	1.187135e-05	3.673755e-06	4.483565e-07	2.539322e-07	2.39645e-07	2.032281e-07	2.024318e-07	2.020054e-07	9.108648e-08	3.792586e-08	3.520848e-08	3.352771e-08
91	0.7382608	0.1528222	0.1385686	0.1085684	0.1060812	0.1019567	0.1005119	0.1004335	0.09946537	0.0991936	0.09130609	0.06970274	0.03698647	0.01923874	0.0003028645	0.0002206269	3.35482e-05	3.002053e-05	2.890435e-05	1.008317e-05	3.538871e-06	3.759737e-07	2.054872e-07	1.932302e-07	1.736405e-07	1.730881e-07	1.727921e-07	8.346903e-08	2.86631e-08	2.653512e-08
92	0.1053798	0.08812605	0.06457923	0.06064471	0.04422792	0.04355506	0.04105656	0.04048814	0.04042805	0.03987056	0.03962654	0.03589148	0.02568436	0.01599238	0.0143386	0.0003033837	0.0002187392	2.210245e-05	1.838544e-05	1.740632e-05	7.481103e-06	3.361437e-06	2.565759e-07	1.289446e-07	1.197972e-07	1.141078e-07	1.139332e-07	1.13827e-07	4.936041e-08	1.538203e-08
93	0.2948109	0.05712555	0.04723319	0.04054834	0.03716551	0.02011471	0.01944704	0.01869136	0.01851013	0.01849732	0.01839122	0.01834607	0.01764921	0.01623546	0.01565968	0.01502877	0.0002861448	0.0002180921	1.1134e-05	7.203469e-06	6.325079e-06	2.460626e-06	6.598282e-07	1.074989e-07	5.526644e-08	5.14751e-08	5.11169e-08	5.104473e-08	5.099493e-08	3.724235e-08
94	0.03907011	0.01096514	0.009358788	0.007835122	0.005471491	0.005207575	0.001826365	0.001448494	0.001273194	0.001184679	0.001181242	0.001169664	0.001165815	0.001112927	0.0009737903	0.0008014528	0.0003106789	0.0003024863	0.0002302711	1.045656e-05	6.281139e-06	5.363978e-06	1.805486e-06	1.964138e-07	8.536527e-08	4.248663e-08	3.924885e-08	3.897264e-08	3.890944e-08	3.886419e-08
95	0.02688958	0.01128982	0.008979276	0.008410013	0.006961193	0.004713478	0.004526252	0.001427606	0.00103471	0.0008835047	0.0007934311	0.0007904562	0.0007852543	0.0007842813	0.0007756929	0.0007241275	0.0005700321	5.261932e-05	4.402641e-05	2.392063e-05	1.104743e-05	6.593705e-06	5.616547e-06	1.867141e-06	1.741682e-07	8.891243e-08	4.409937e-08	4.075535e-08	4.05212e-08	4.045447e-08
96	0.6485013	0.02328403	0.0114639	0.009376784	0.008808402	0.007355762	0.004993946	0.004794965	0.001488677	0.001072257	0.000912399	0.0008161518	0.0008130256	0.0008079351	0.0008071037	0.0008011251	0.0007521076	0.000588231	3.414031e-05	2.493837e-05	2.458632e-05	1.140671e-05	7.056877e-06	6.013341e-06	1.997821e-06	1.844761e-07	9.518152e-08	4.721455e-08	4.36363e-08	4.338623e-08
97	0.6405378	0.6036185	0.01979405	0.01167014	0.009878053	0.009289907	0.00775882	0.005241161	0.005043567	0.001573013	0.001125712	0.000955296	0.0008518934	0.0008486044	0.000843665	0.0008430005	0.0008400326	0.0007939653	0.0006187767	2.233817e-05	1.243146e-05	1.227677e-05	1.199257e-05	7.506709e-06	6.471807e-06	2.148781e-06	1.963864e-07	1.024233e-07	5.081074e-08	4.696508e-08
98	0.6171816	0.5859848	0.5653919	0.01680118	0.008365066	0.006577677	0.005946672	0.0046207	0.00206242	0.001849542	0.001695221	0.001212644	0.001028305	0.0009164295	0.0009130527	0.0009079903	0.000907294	0.000904315	0.0008549452	0.0006652633	1.919238e-05	8.460776e-06	8.299609e-06	8.122672e-06	8.081764e-06	7.000378e-06	2.327456e-06	2.12586e-07	1.109385e-07	5.502887e-08
99	0.5876811	0.5586798	0.5450426	0.5249419	0.01719055	0.008443507	0.006660603	0.005976533	0.004548214	0.001768285	0.001536328	0.001369213	0.001319296	0.001119013	0.0009971014	0.0009936562	0.0009883881	0.0009876507	0.0009846507	0.0009313232	0.0007245096	1.979357e-05	8.087147e-06	7.964677e-06	7.77356e-06	7.76964e-06	7.626596e-06	2.53378e-06	2.314635e-07	1.207305e-07
100	0.581146	0.5170251	0.5075779	0.4932955	0.4716051	0.01249573	0.008812664	0.007030428	0.006479877	0.004919482	0.001881025	0.001626505	0.001459468	0.001404573	0.001223763	0.001090407	0.00108666	0.001081196	0.001080407	0.001077386	0.001022922	0.0007965349	2.159708e-05	8.729226e-06	8.601211e-06	8.426567e-06	8.422258e-06	8.264976e-06	2.782245e-06	2.522574e-07
101	0.9472615	0.532674	0.4614674	0.4509847	0.435446	0.4116157	0.01266312	0.009146462	0.007742288	0.007145981	0.005428732	0.002072819	0.001791723	0.001606851	0.001545882	0.001350323	0.001204091	0.001199993	0.001195069	0.001194269	0.001191279	0.001132121	0.00088191	2.179979e-05	9.682518e-06	9.540799e-06	9.347267e-06	9.342486e-06	9.168022e-06	3.086359e-06
102	0.7731933	0.7589472	0.4100352	0.38784	0.3856723	0.371129	0.3460013	0.01274616	0.009393785	0.008075897	0.007444499	0.005660267	0.002050444	0.001799723	0.001607498	0.001600109	0.001420711	0.001286452	0.001282352	0.001277855	0.001277027	0.00127421	0.001211001	0.0009424282	1.986642e-05	9.505804e-06	9.37485e-06	9.177393e-06	9.173355e-06	8.998198e-06
103	0.3612952	0.3523416	0.3429213	0.3097038	0.3063153	0.3046327	0.2903756	0.2633381	0.01286001	0.009761172	0.008545545	0.007882028	0.005964002	0.002050628	0.001850114	0.001654673	0.00164682	0.001491244	0.001376334	0.001373385	0.001368977	0.001368113	0.001365471	0.00130155	0.001011741	1.847307e-05	1.008839e-05	9.964835e-06	9.758421e-06	9.754099e-06
104	0.2699588	0.2509148	0.2447828	0.2377222	0.2194913	0.2168653	0.2155594	0.2035484	0.1812137	0.01060814	0.007892248	0.006956607	0.006433431	0.004861029	0.001591313	0.001447658	0.001296539	0.001290384	0.00117609	0.001092749	0.001090538	0.001087123	0.001086432	0.001084781	0.001027311	0.0007906656	1.406527e-05	8.048682e-06	7.943407e-06	7.77845e-06
105	0.1934255	0.1592735	0.1486615	0.1445776	0.1400589	0.1299103	0.1283221	0.127532	0.1189047	0.1038106	0.007414962	0.005101189	0.0045108	0.004207129	0.003182086	0.0009452565	0.0008537617	0.0007693837	0.0007658424	0.0007004114	0.000652204	0.0006508583	0.0006488023	0.0006483496	0.0006472778	0.0005998664	0.0004425971	8.387433e-06	4.800771e-06	4.755379e-06
106	0.03281682	0.03046122	0.02841214	0.02759343	0.02591679	0.02517574	0.02323881	0.02288556	0.02271859	0.01806813	0.01162985	0.001841023	0.001742352	0.001562417	0.001530566	0.001163872	0.0001587139	0.0001299908	0.00012697	0.0001266236	0.0001213879	0.0001159962	0.0001156974	0.0001152713	0.0001151046	0.0001147148	7.81711e-05	1.58221e-05	1.543829e-06	9.049381e-07
107	0.9944643	0.02386674	0.02160137	0.01960203	0.0188346	0.01768826	0.01704206	0.01566138	0.01558259	0.01553651	0.01050116	0.004741862	0.001503974	0.001436468	0.001372254	0.001341407	0.001029712	0.0001369443	0.0001150327	0.0001129054	0.0001126296	0.0001094544	0.0001059578	0.0001057596	0.0001056184	0.0001054732	0.0001051254	6.178894e-05	1.197958e-05	5.655728e-07
108	0.9940011	0.9926573	0.0200566	0.01779952	0.01581592	0.01510362	0.01449254	0.01391962	0.01230653	0.01221447	0.0121635	0.006772903	0.00399923	0.0008722793	0.0007973846	0.0007449371	0.0007119087	0.0005564564	0.0001360389	0.0001253946	0.0001240864	0.0001238014	0.0001207587	0.000117129	0.0001169134	0.0001167687	0.0001166818	0.0001162912	6.193354e-05	7.247764e-06
109	0.9996151	0.9971978	0.9964504	0.01286346	0.01065814	0.008651959	0.007991313	0.007743521	0.007315466	0.005563861	0.005474525	0.005439884	0.003749111	0.002894043	0.0004211323	0.0003526199	0.0003099094	0.00027971	0.0002240599	0.0001028269	9.944086e-05	9.874964e-05	9.850476e-05	9.558577e-05	9.25208e-05	9.236083e-05	9.222121e-05	9.217313e-05	9.175479e-05	2.845068e-05
