#unpaired probabilities
 #i$	l=1	2	3	4	5	6	7	8	9	10	11	12	13	14	15	16	17	18	19	20	21	22	23	24	25	26	27	28	29	30	
1	0.3975708	NA	NA	NA	NA	NA	NA	NA	NA	NA	NA	NA	NA	NA	NA	NA	NA	NA	NA	NA	NA	NA	NA	NA	NA	NA	NA	NA	NA	NA
2	0.3806138	0.2153157	NA	NA	NA	NA	NA	NA	NA	NA	NA	NA	NA	NA	NA	NA	NA	NA	NA	NA	NA	NA	NA	NA	NA	NA	NA	NA	NA	NA
3	0.4917784	0.3130552	0.1770612	NA	NA	NA	NA	NA	NA	NA	NA	NA	NA	NA	NA	NA	NA	NA	NA	NA	NA	NA	NA	NA	NA	NA	NA	NA	NA	NA
4	0.6061305	0.4778935	0.3040998	0.1719691	NA	NA	NA	NA	NA	NA	NA	NA	NA	NA	NA	NA	NA	NA	NA	NA	NA	NA	NA	NA	NA	NA	NA	NA	NA	NA
5	0.8982182	0.5839991	0.4601027	0.2925773	0.1654155	NA	NA	NA	NA	NA	NA	NA	NA	NA	NA	NA	NA	NA	NA	NA	NA	NA	NA	NA	NA	NA	NA	NA	NA	NA
6	0.9594088	0.8928105	0.5793117	0.4572593	0.2907669	0.1643828	NA	NA	NA	NA	NA	NA	NA	NA	NA	NA	NA	NA	NA	NA	NA	NA	NA	NA	NA	NA	NA	NA	NA	NA
7	0.9716737	0.9585427	0.8920396	0.57869	0.4568157	0.2905243	0.1642462	NA	NA	NA	NA	NA	NA	NA	NA	NA	NA	NA	NA	NA	NA	NA	NA	NA	NA	NA	NA	NA	NA	NA
8	0.9875227	0.9706268	0.9576619	0.8913627	0.578122	0.4564443	0.2903292	0.1641433	NA	NA	NA	NA	NA	NA	NA	NA	NA	NA	NA	NA	NA	NA	NA	NA	NA	NA	NA	NA	NA	NA
9	0.9536332	0.9394836	0.9188914	0.9058707	0.8447704	0.5390936	0.4350957	0.2825619	0.1597141	NA	NA	NA	NA	NA	NA	NA	NA	NA	NA	NA	NA	NA	NA	NA	NA	NA	NA	NA	NA	NA
10	0.8889399	0.8783601	0.8584108	0.83733	0.8155898	0.8079243	0.5097435	0.422753	0.27384	0.1557987	NA	NA	NA	NA	NA	NA	NA	NA	NA	NA	NA	NA	NA	NA	NA	NA	NA	NA	NA	NA
11	0.9177187	0.8852707	0.8746112	0.8559563	0.8353718	0.8134589	0.8057147	0.507906	0.4223873	0.2736113	0.1556667	NA	NA	NA	NA	NA	NA	NA	NA	NA	NA	NA	NA	NA	NA	NA	NA	NA	NA	NA
12	0.875969	0.7914554	0.7609058	0.7365525	0.7072784	0.6657545	0.6157001	0.5685878	0.5075945	0.4222159	0.2735053	0.1556046	NA	NA	NA	NA	NA	NA	NA	NA	NA	NA	NA	NA	NA	NA	NA	NA	NA	NA
13	0.8851299	0.866156	0.7864242	0.7556185	0.7307658	0.7009836	0.6638826	0.613543	0.5660979	0.5050895	0.4221111	0.2734397	0.1555667	NA	NA	NA	NA	NA	NA	NA	NA	NA	NA	NA	NA	NA	NA	NA	NA	NA
14	0.8558353	0.8298436	0.8136396	0.7775525	0.7476514	0.7225486	0.693339	0.6567304	0.6072647	0.5612364	0.5016742	0.4201317	0.2722156	0.1548481	NA	NA	NA	NA	NA	NA	NA	NA	NA	NA	NA	NA	NA	NA	NA	NA
15	0.9022387	0.8477362	0.821645	0.8051823	0.7717072	0.742051	0.7167734	0.6877023	0.651287	0.6032167	0.5581249	0.4994266	0.4188096	0.2713946	0.1543667	NA	NA	NA	NA	NA	NA	NA	NA	NA	NA	NA	NA	NA	NA	NA
16	0.112535	0.1072624	0.09868713	0.09206604	0.0859581	0.07527164	0.07239407	0.07019879	0.06659859	0.06280057	0.05827323	0.0530447	0.04738035	0.03964413	0.02568539	0.01461246	NA	NA	NA	NA	NA	NA	NA	NA	NA	NA	NA	NA	NA	NA
17	0.008022329	0.00804968	0.008503694	0.008962772	0.009553048	0.0101668	0.002163094	0.002128412	0.002294926	0.001414152	0.001070887	0.00113536	0.0002971708	0.0002561896	0.0002133823	0.0001382158	7.861762e-05	NA	NA	NA	NA	NA	NA	NA	NA	NA	NA	NA	NA	NA
18	0.007328027	0.001125654	0.001100626	0.00115891	0.001183724	0.001266164	0.001255499	0.001356381	0.001292876	0.001424166	0.0004896165	7.628035e-05	4.724876e-05	4.086937e-05	2.728788e-05	2.185314e-05	1.411962e-05	8.019809e-06	NA	NA	NA	NA	NA	NA	NA	NA	NA	NA	NA	NA
19	0.04973161	0.004736754	0.0003792331	0.0003687822	0.000387161	0.0004085414	0.0004338816	0.0003559098	0.0003789717	0.0003900484	0.0004274777	0.0004755752	6.255646e-05	3.272145e-05	2.538242e-05	2.267286e-05	1.80178e-05	1.163457e-05	6.605529e-06	NA	NA	NA	NA	NA	NA	NA	NA	NA	NA	NA
20	0.1763482	0.04715171	0.004253944	0.0001659922	0.0001522027	0.000157224	0.0001627774	0.000169683	6.998966e-05	6.748462e-05	5.43122e-05	5.470287e-05	5.738656e-05	6.126069e-05	3.136076e-05	2.394553e-05	2.106906e-05	1.762237e-05	1.13784e-05	6.45981e-06	NA	NA	NA	NA	NA	NA	NA	NA	NA	NA
21	0.1509035	0.05932745	0.02485943	0.002627779	5.555065e-05	4.296207e-05	4.259344e-05	4.144105e-05	3.994391e-05	3.960115e-05	3.564766e-05	2.173841e-05	2.033283e-05	1.999491e-05	1.991763e-05	1.997512e-05	1.27289e-05	1.102428e-05	9.189362e-06	5.919703e-06	3.356694e-06	NA	NA	NA	NA	NA	NA	NA	NA	NA
22	0.09337579	0.05882521	0.04035839	0.02049468	0.002229474	4.649199e-05	3.546038e-05	3.504284e-05	3.379092e-05	3.303324e-05	3.239346e-05	2.913628e-05	1.552025e-05	1.383057e-05	1.30353e-05	1.235639e-05	1.160983e-05	1.037369e-05	9.019355e-06	7.51042e-06	4.835277e-06	2.750458e-06	NA	NA	NA	NA	NA	NA	NA	NA
23	0.2466714	0.09312988	0.05867854	0.04032119	0.02048737	0.002227955	4.571099e-05	3.475355e-05	3.444956e-05	3.31663e-05	3.236153e-05	3.16667e-05	2.834538e-05	1.46557e-05	1.380342e-05	1.300872e-05	1.232788e-05	1.157809e-05	1.034106e-05	9.016431e-06	7.507992e-06	4.833715e-06	2.749566e-06	NA	NA	NA	NA	NA	NA	NA
24	0.2511105	0.2206442	0.08673543	0.05468965	0.03753445	0.01895777	0.002072784	4.189114e-05	3.169218e-05	3.140779e-05	3.021496e-05	2.94339e-05	2.874991e-05	2.565686e-05	1.328786e-05	1.245682e-05	1.202522e-05	1.136006e-05	1.063029e-05	9.439667e-06	8.447446e-06	7.033044e-06	4.525916e-06	2.574448e-06	NA	NA	NA	NA	NA	NA
25	0.335056	0.2484081	0.2184366	0.08595294	0.05416945	0.03714967	0.01872649	0.00205436	4.140533e-05	3.129929e-05	3.101173e-05	2.982495e-05	2.904352e-05	2.835704e-05	2.528652e-05	1.307187e-05	1.223743e-05	1.179554e-05	1.125988e-05	1.053509e-05	9.353833e-06	8.368322e-06	6.976211e-06	4.489101e-06	2.553505e-06	NA	NA	NA	NA	NA
26	0.837661	0.2725546	0.1962229	0.1735175	0.06565416	0.04133944	0.02850692	0.01443716	0.001694015	3.614057e-05	2.76583e-05	2.754929e-05	2.656123e-05	2.587314e-05	2.526225e-05	2.229165e-05	1.026887e-05	9.53591e-06	9.183178e-06	8.759395e-06	8.195492e-06	7.182451e-06	6.427962e-06	5.347708e-06	3.433847e-06	1.953386e-06	NA	NA	NA	NA
27	0.8415326	0.8127169	0.2626455	0.188096	0.1668559	0.06199245	0.03901027	0.02694844	0.01365871	0.001618918	3.497367e-05	2.685744e-05	2.678227e-05	2.584923e-05	2.520415e-05	2.463006e-05	2.168946e-05	9.750382e-06	9.037821e-06	8.702611e-06	8.300631e-06	7.766921e-06	6.788788e-06	6.079764e-06	5.05556e-06	3.244597e-06	1.84579e-06	NA	NA	NA
28	0.9698048	0.8408224	0.8121401	0.2623439	0.1878421	0.1666275	0.06190542	0.03896107	0.02691541	0.01364219	0.001617193	3.492407e-05	2.681733e-05	2.67466e-05	2.581654e-05	2.517117e-05	2.45965e-05	2.165715e-05	9.726513e-06	9.013755e-06	8.678936e-06	8.277146e-06	7.743118e-06	6.779236e-06	6.072081e-06	5.049124e-06	3.240433e-06	1.843422e-06	NA	NA
29	0.5103631	0.5278624	0.4778823	0.4889783	0.003629349	0.002592419	0.002169891	0.001510535	0.000728206	0.0004992598	0.0002432504	2.756429e-05	5.837953e-07	4.500815e-07	4.479965e-07	4.348886e-07	4.27725e-07	4.228325e-07	3.837728e-07	2.146049e-07	2.075473e-07	2.05645e-07	2.035223e-07	2.007227e-07	1.748887e-07	1.51618e-07	9.311197e-08	5.941014e-08	3.375326e-08	NA
30	0.02549499	0.006991217	0.007042672	0.006526881	0.00654862	0.0003955208	0.0003090636	0.0002460511	0.0001685995	0.0001101008	6.938607e-05	3.470432e-05	3.455825e-06	6.121135e-08	4.48889e-08	4.384545e-08	4.209741e-08	4.122433e-08	4.069409e-08	3.816779e-08	2.678202e-08	2.601549e-08	2.575493e-08	2.546473e-08	2.508514e-08	2.256267e-08	1.891543e-08	1.343136e-08	8.629515e-09	4.906823e-09
31	0.0008320596	0.0004370625	6.518876e-05	6.569163e-05	6.1409e-05	6.041279e-05	3.938643e-06	3.110801e-06	2.466021e-06	1.713761e-06	1.121229e-06	7.689324e-07	3.808389e-07	3.569154e-08	7.515944e-10	5.910629e-10	5.867577e-10	5.769049e-10	5.786521e-10	5.869067e-10	5.350964e-10	4.025622e-10	3.974539e-10	3.790291e-10	3.540157e-10	3.206067e-10	2.620379e-10	2.190986e-10	1.56801e-10	1.008286e-10
32	0.003105269	4.567245e-05	2.354294e-05	7.015642e-06	7.128993e-06	6.716389e-06	6.817714e-06	2.939109e-07	2.229332e-07	1.776366e-07	1.244195e-07	8.968794e-08	7.101136e-08	5.097132e-08	2.598937e-09	7.531281e-11	6.527639e-11	6.582755e-11	6.681567e-11	6.95487e-11	7.33191e-11	7.505087e-11	5.782734e-11	5.90582e-11	5.640344e-11	5.266572e-11	4.766438e-11	3.222784e-11	2.51256e-11	1.641569e-11
33	0.2057649	0.00250293	3.83653e-05	2.206395e-05	6.296368e-06	6.417425e-06	6.112251e-06	6.211529e-06	2.320669e-07	1.733299e-07	1.386422e-07	1.002534e-07	7.41813e-08	6.019187e-08	4.522253e-08	2.053673e-09	6.162055e-11	5.397826e-11	5.449222e-11	5.556493e-11	5.814327e-11	6.163936e-11	6.368717e-11	4.973795e-11	5.092791e-11	4.847978e-11	4.502796e-11	4.040796e-11	2.801082e-11	2.147433e-11
34	0.5860826	0.1968825	0.002141644	3.441891e-05	2.139973e-05	5.965682e-06	6.091005e-06	5.812175e-06	5.908744e-06	1.873087e-07	1.341837e-07	1.056605e-07	7.367158e-08	5.098253e-08	3.857905e-08	2.519361e-08	1.783726e-09	5.307355e-11	4.652175e-11	4.692628e-11	4.794729e-11	5.031891e-11	5.351522e-11	5.556215e-11	4.431464e-11	4.547311e-11	4.334941e-11	4.034142e-11	3.631375e-11	2.567753e-11
35	0.3841596	0.3575815	0.1898842	0.001586246	2.893172e-05	2.050362e-05	5.539506e-06	5.663277e-06	5.407338e-06	5.502415e-06	1.314656e-07	8.815636e-08	6.732615e-08	4.620177e-08	2.979931e-08	2.094271e-08	1.110584e-08	1.35821e-09	3.989324e-11	3.499703e-11	3.524992e-11	3.617277e-11	3.818816e-11	4.086827e-11	4.282746e-11	3.444918e-11	3.547232e-11	3.388854e-11	3.162981e-11	2.860487e-11
36	0.6080764	0.3709962	0.352741	0.187849	0.001424319	2.735486e-05	2.017778e-05	5.340224e-06	5.460227e-06	5.219219e-06	5.311517e-06	1.148435e-07	7.475435e-08	5.826972e-08	4.015992e-08	2.577658e-08	1.805776e-08	9.417179e-09	1.225234e-09	3.139829e-11	2.683202e-11	2.673652e-11	2.726451e-11	2.874504e-11	3.076884e-11	3.209844e-11	3.134522e-11	3.23169e-11	3.089156e-11	2.88534e-11
37	0.9056708	0.5795469	0.3507944	0.3366759	0.1750385	0.001282011	2.611691e-05	1.989733e-05	5.156268e-06	5.272453e-06	5.040009e-06	5.12923e-06	1.019701e-07	6.509635e-08	5.068908e-08	3.513041e-08	2.239083e-08	1.560374e-08	7.939593e-09	1.124555e-09	2.7758e-11	2.36289e-11	2.353887e-11	2.401377e-11	2.535927e-11	2.719607e-11	2.842082e-11	2.850066e-11	2.943922e-11	2.817549e-11
38	0.8052725	0.7575411	0.43162	0.200356	0.1831278	0.01717323	0.001226345	2.59491e-05	1.986785e-05	5.140889e-06	5.256808e-06	5.027091e-06	5.116436e-06	1.004333e-07	6.396464e-08	4.996899e-08	3.472506e-08	2.211842e-08	1.540182e-08	7.821729e-09	1.112371e-09	2.678843e-11	2.267293e-11	2.259271e-11	2.306076e-11	2.435317e-11	2.611954e-11	2.728671e-11	2.753677e-11	2.84556e-11
39	0.8348297	0.7916637	0.7456924	0.4218803	0.1928383	0.1765962	0.01090584	0.001068735	2.577178e-05	1.984942e-05	5.138567e-06	5.254631e-06	5.025418e-06	5.115193e-06	9.972815e-08	6.37192e-08	4.974146e-08	3.463125e-08	2.204228e-08	1.533471e-08	7.784562e-09	1.103998e-09	2.527642e-11	2.112347e-11	2.100063e-11	2.14358e-11	2.263158e-11	2.426749e-11	2.532397e-11	2.555581e-11
40	0.6536178	0.6127422	0.5779974	0.5316005	0.2098412	0.1852822	0.1749191	0.01012083	0.000962959	2.482283e-05	1.961203e-05	5.091295e-06	5.248186e-06	5.021344e-06	5.111587e-06	9.657226e-08	6.136866e-08	4.81259e-08	3.345521e-08	2.121566e-08	1.469263e-08	7.369437e-09	8.898193e-10	2.142893e-11	1.818039e-11	1.808046e-11	1.83834e-11	1.938481e-11	2.079272e-11	2.157873e-11
41	0.9304501	0.5972444	0.5717111	0.5432667	0.5036826	0.190625	0.1750534	0.1700056	0.007223292	0.0003750641	2.328801e-05	1.944859e-05	5.074339e-06	5.232881e-06	5.00914e-06	5.108302e-06	9.377702e-08	6.028569e-08	4.715461e-08	3.26979e-08	2.063859e-08	1.415829e-08	7.011864e-09	6.887619e-10	1.334389e-11	1.075196e-11	1.05279e-11	1.070202e-11	1.128263e-11	1.211854e-11
42	0.5391129	0.529394	0.4061518	0.3831341	0.3578021	0.3442537	0.03434006	0.02059065	0.01409308	0.005830945	0.0001885481	8.08947e-06	5.230581e-06	5.064068e-06	5.223594e-06	5.001576e-06	5.101694e-06	8.805872e-08	5.616982e-08	4.393004e-08	3.04705e-08	1.923488e-08	1.320389e-08	6.56714e-09	5.523318e-10	9.678737e-12	7.586374e-12	7.319651e-12	7.36079e-12	7.732183e-12
43	0.6249016	0.4921926	0.4834752	0.4049533	0.3820911	0.3570543	0.3437355	0.03394189	0.02029096	0.01384242	0.005597955	0.0001838649	7.80216e-06	4.965421e-06	4.793671e-06	4.943619e-06	4.998061e-06	5.100958e-06	8.730455e-08	5.602225e-08	4.378921e-08	3.043291e-08	1.920231e-08	1.317357e-08	6.548357e-09	5.446327e-10	9.082606e-12	7.007923e-12	6.799765e-12	6.904324e-12
44	0.6497513	0.6158273	0.4855555	0.4767486	0.4046814	0.3818855	0.3569735	0.3436964	0.0339161	0.02027652	0.0138342	0.005592683	0.000182886	7.636711e-06	4.797167e-06	4.619913e-06	4.763661e-06	4.927061e-06	5.100928e-06	8.727481e-08	5.600281e-08	4.376986e-08	3.042951e-08	1.919976e-08	1.31713e-08	6.54668e-09	5.441825e-10	9.061489e-12	6.988373e-12	6.780849e-12
45	0.2132515	0.1421389	0.1331433	0.09967236	0.09916819	0.03814933	0.02595843	0.0208934	0.01642529	0.01459974	0.003080297	0.001908798	0.0007890291	3.492557e-05	4.812838e-06	4.422476e-06	4.516104e-06	4.676084e-06	4.84749e-06	5.031876e-06	2.712691e-08	7.442953e-09	5.742198e-09	3.984643e-09	2.5233e-09	1.733617e-09	8.632871e-10	7.842394e-11	3.387164e-12	3.202761e-12
46	0.005775583	0.003310625	0.00217336	0.001427546	0.001055846	0.0009144059	0.0007161042	0.0006058166	0.0004741972	0.0003586149	0.0002717992	0.0002008531	0.0001027687	4.456365e-05	2.74561e-06	5.682411e-08	1.997078e-08	1.617875e-08	1.667626e-08	1.719191e-08	1.776124e-08	1.836675e-08	4.228858e-10	2.538863e-10	1.645645e-10	1.035203e-10	6.949324e-11	3.524714e-11	4.908546e-12	1.690935e-13
47	0.02196875	0.003811777	0.002216077	0.001353329	0.0007834352	0.0005329461	0.0004267913	0.0003389973	0.0002756256	0.0002210789	0.0001645623	0.0001326705	0.0001116673	7.654691e-05	3.339397e-05	2.088916e-06	3.116031e-08	3.511075e-09	5.496339e-10	5.145554e-10	4.707416e-10	4.223423e-10	3.841433e-10	3.348651e-10	1.860696e-10	1.181775e-10	7.493676e-11	5.105019e-11	2.53805e-11	2.65208e-12
48	0.1247128	0.02133009	0.003731508	0.002150494	0.001308866	0.0007623181	0.0005164432	0.0004203046	0.0003337549	0.0002713352	0.0002175753	0.0001619212	0.00013078	0.0001104347	7.574526e-05	3.309987e-05	2.064155e-06	3.086718e-08	3.40199e-09	4.583574e-10	4.219064e-10	3.753176e-10	3.23764e-10	2.820914e-10	2.30162e-10	1.847122e-10	1.172431e-10	7.435628e-11	5.066236e-11	2.518071e-11
49	0.3564471	0.123218	0.02115887	0.003639836	0.002065076	0.00123922	0.0007071278	0.0004766493	0.0003809694	0.0003047637	0.0002447067	0.0001947182	0.0001443252	0.0001202695	0.0001073227	7.539946e-05	3.291548e-05	2.049998e-06	3.077442e-08	3.38156e-09	4.454665e-10	4.086587e-10	3.618403e-10	3.098962e-10	2.677058e-10	2.154032e-10	1.69318e-10	1.171907e-10	7.430962e-11	5.062562e-11
50	0.4040605	0.352864	0.1229277	0.02094756	0.003510698	0.001994023	0.001167111	0.0006336436	0.0004755483	0.0003798798	0.0003042883	0.0002442684	0.0001943374	0.0001440234	0.0001200759	0.0001072416	7.537108e-05	3.289799e-05	2.048118e-06	3.07625e-08	3.379458e-09	4.444018e-10	4.075724e-10	3.607525e-10	3.08819e-10	2.665884e-10	2.142469e-10	1.681122e-10	1.170539e-10	7.430355e-11
51	0.3415645	0.2876674	0.2721657	0.05725027	0.01827197	0.002644606	0.001266218	0.000991523	0.0004851067	0.0003577933	0.0002806542	0.0002272179	0.000184194	0.0001486916	0.0001121	9.408541e-05	8.423853e-05	6.031767e-05	2.688235e-05	1.883312e-06	2.739053e-08	2.948295e-09	3.292854e-10	2.958871e-10	2.583829e-10	2.198666e-10	1.890808e-10	1.514552e-10	1.18805e-10	8.255361e-11
52	0.3169303	0.2922618	0.2752088	0.2648844	0.05449644	0.01718468	0.0021406	0.0008041272	0.0005546032	0.0004426515	0.0003228855	0.0002514435	0.0002041022	0.0001663471	0.0001349389	0.0001023182	8.625842e-05	7.756443e-05	5.56371e-05	2.504462e-05	1.812387e-06	2.625618e-08	2.808753e-09	2.964512e-10	2.64356e-10	2.297043e-10	1.94956e-10	1.675348e-10	1.34168e-10	1.052774e-10
53	0.5665359	0.2628582	0.2488427	0.2381612	0.2310208	0.02498415	0.01045444	0.00141606	0.0006220484	0.0004541014	0.0003716166	0.0002841629	0.0002244841	0.0001771491	0.0001399763	0.0001096086	7.937721e-05	6.499499e-05	5.699052e-05	4.011171e-05	1.79922e-05	1.135502e-06	1.49768e-08	1.677602e-09	2.719594e-10	2.497147e-10	2.219385e-10	1.916004e-10	1.662058e-10	1.336372e-10
54	0.554812	0.5296136	0.260245	0.2476638	0.2375935	0.2305914	0.02477766	0.01039108	0.001407977	0.0006168798	0.0004493726	0.0003671815	0.0002825786	0.0002229685	0.0001756481	0.0001385193	0.0001082334	7.81134e-05	6.389708e-05	5.606575e-05	4.003743e-05	1.795452e-05	1.131296e-06	1.49299e-08	1.672805e-09	2.716546e-10	2.494676e-10	2.217721e-10	1.914514e-10	1.660602e-10
55	0.5856129	0.5179047	0.4976348	0.2468954	0.2365215	0.2284996	0.2232789	0.0193866	0.007676152	0.001097105	0.0005219918	0.0004100504	0.0003396759	0.0002659893	0.000216441	0.0001692516	0.0001326059	0.0001030997	7.372735e-05	5.988065e-05	5.21063e-05	3.663313e-05	1.571482e-05	7.489965e-07	1.157135e-08	1.346812e-09	2.574862e-10	2.429341e-10	2.19575e-10	1.899275e-10
56	0.6562974	0.3724349	0.3137289	0.2949432	0.04912455	0.0398505	0.03278657	0.02819502	0.01707183	0.006545577	0.000958841	0.0004731016	0.0003805272	0.0003166192	0.0002481901	0.0002015855	0.0001545026	0.000119043	9.145259e-05	6.431633e-05	5.354171e-05	4.898595e-05	3.495e-05	1.465419e-05	6.145449e-07	9.932452e-09	1.184867e-09	2.528453e-10	2.40625e-10	2.186462e-10
57	0.6187597	0.6129078	0.3531157	0.2975482	0.2792281	0.04478142	0.03612377	0.02938591	0.0249457	0.01499117	0.00624585	0.000922609	0.0004605345	0.0003720169	0.0003098981	0.0002454179	0.000199362	0.0001523036	0.0001169725	8.958996e-05	6.274354e-05	5.231911e-05	4.809191e-05	3.439615e-05	1.433288e-05	5.833348e-07	9.408528e-09	1.132148e-09	2.51553e-10	2.398398e-10
58	0.4697271	0.4602096	0.4547715	0.2364344	0.1936973	0.17908	0.03644006	0.02979586	0.02439097	0.02107084	0.01163357	0.004557739	0.000728441	0.0004000813	0.0003457324	0.0002910311	0.0002347128	0.0001948577	0.0001478724	0.0001128699	8.601612e-05	5.969542e-05	4.958963e-05	4.548927e-05	3.220905e-05	1.291096e-05	3.434319e-07	7.285677e-09	9.254833e-10	2.424438e-10
59	0.6101901	0.4386181	0.4310224	0.4257204	0.2290671	0.1891954	0.174968	0.03309706	0.02688506	0.02183328	0.01870229	0.01083385	0.004169003	0.0006816785	0.0003842586	0.0003353414	0.0002829223	0.0002284916	0.000189365	0.0001424265	0.0001078497	8.168327e-05	5.617674e-05	4.721001e-05	4.430881e-05	3.156691e-05	1.250968e-05	3.029069e-07	6.654616e-09	8.625112e-10
60	0.5544127	0.3352953	0.2654039	0.2604293	0.2565192	0.1617503	0.1360842	0.1237059	0.02449804	0.01982805	0.01616513	0.01399657	0.008049492	0.002975227	0.0004804944	0.0002645593	0.0002319433	0.0002023022	0.0001698868	0.0001472586	0.0001102391	8.29677e-05	6.230367e-05	4.234017e-05	3.526418e-05	3.289659e-05	2.498542e-05	9.917785e-06	2.502614e-07	5.409275e-09
61	0.2511065	0.2468107	0.1332891	0.09582996	0.09399625	0.09240539	0.02878666	0.01806346	0.0147486	0.004345093	0.003466348	0.002711108	0.002225367	0.001636688	0.0004919692	7.054124e-05	3.301634e-05	2.453466e-05	1.832791e-05	1.399785e-05	1.158362e-05	1.109679e-05	1.009444e-05	8.712168e-06	6.980914e-06	4.895059e-06	2.832987e-06	1.552321e-06	7.569904e-07	8.48424e-08
62	0.2544288	0.1838935	0.1823896	0.09403858	0.08244227	0.08167252	0.08163973	0.0248561	0.01588506	0.01339953	0.004011015	0.003218787	0.00250018	0.002064432	0.001532788	0.0004444438	6.07112e-05	2.645064e-05	1.891379e-05	1.434869e-05	1.126942e-05	1.001228e-05	9.811294e-06	9.052771e-06	7.888649e-06	6.397011e-06	4.473094e-06	2.537262e-06	1.356154e-06	6.76109e-07
63	0.1985719	0.1390114	0.07964072	0.07877125	0.05749848	0.05481196	0.05458539	0.05457015	0.01810784	0.01199185	0.009863084	0.001541169	0.001148701	0.0007723167	0.0005151488	0.0002029765	7.923454e-05	2.005257e-05	1.52105e-05	1.22016e-05	9.55273e-06	8.440345e-06	8.08266e-06	7.959365e-06	7.302823e-06	6.260935e-06	4.968892e-06	3.191227e-06	1.341527e-06	4.773458e-07
64	0.3432783	0.1554104	0.1326648	0.07486996	0.07404024	0.05543494	0.05298325	0.05277096	0.05275705	0.01730657	0.01134113	0.009244275	0.001472605	0.001094282	0.0007252236	0.0004792055	0.0001863168	7.228086e-05	1.889872e-05	1.452417e-05	1.163714e-05	9.081948e-06	8.089797e-06	7.763547e-06	7.645819e-06	7.010477e-06	6.000539e-06	4.747369e-06	3.023057e-06	1.22956e-06
65	0.7788905	0.2538648	0.0835169	0.06628491	0.057225	0.05669636	0.04536242	0.04401258	0.04382874	0.04381534	0.01629427	0.01115999	0.00907722	0.001320083	0.0009476651	0.0005829124	0.0003391847	0.0001477888	6.173873e-05	1.390062e-05	9.926835e-06	7.540159e-06	5.455615e-06	4.63643e-06	4.29396e-06	4.190707e-06	3.852419e-06	3.322464e-06	2.636215e-06	1.751163e-06
66	0.662613	0.5560673	0.1208372	0.06367403	0.05200235	0.0464739	0.04598259	0.03696487	0.03573226	0.03556695	0.035557	0.01014554	0.005258111	0.003866696	0.001243528	0.0009127557	0.000556237	0.0003172102	0.0001365768	5.649347e-05	1.276006e-05	9.063998e-06	6.867609e-06	4.927258e-06	4.198346e-06	3.872861e-06	3.78133e-06	3.49316e-06	3.038918e-06	2.440608e-06
67	0.7927564	0.6493003	0.549117	0.1158333	0.06142229	0.05109036	0.04594138	0.04545251	0.03680487	0.0355874	0.03542301	0.03541309	0.01011908	0.005245473	0.003855061	0.001233897	0.0009068817	0.0005511282	0.0003125162	0.0001345069	5.554598e-05	1.2565e-05	8.939184e-06	6.758058e-06	4.825995e-06	4.101549e-06	3.776258e-06	3.734838e-06	3.450688e-06	3.002805e-06
68	0.3424173	0.2533408	0.2330779	0.2003047	0.08015682	0.02980673	0.02262481	0.01989526	0.01949135	0.01300355	0.01213563	0.01203418	0.01202686	0.002375701	0.00110254	0.0008691735	0.0006715781	0.0006003857	0.0004252131	0.000236492	9.94484e-05	3.975551e-05	8.368814e-06	5.840962e-06	4.786102e-06	3.741505e-06	3.180974e-06	2.873356e-06	2.858611e-06	2.64263e-06
69	0.4079566	0.260552	0.2107089	0.1937418	0.1781708	0.06910604	0.02345612	0.01715072	0.01522168	0.01487111	0.01229921	0.01159503	0.01149776	0.01149388	0.002141799	0.00102644	0.0007962858	0.0006036705	0.0005331981	0.0004240267	0.0002355481	9.909436e-05	3.952955e-05	8.203357e-06	5.678479e-06	4.749843e-06	3.716174e-06	3.157383e-06	2.850883e-06	2.836015e-06
70	0.4403001	0.3720522	0.2371877	0.1906984	0.1750262	0.1619005	0.06429218	0.02061229	0.01502308	0.0141987	0.01412551	0.01163955	0.01103633	0.01098542	0.01098182	0.001903837	0.0008385785	0.0006825755	0.00050198	0.0004337212	0.0003757783	0.0002348839	9.874782e-05	3.930703e-05	8.050408e-06	5.529791e-06	4.635329e-06	3.701018e-06	3.143308e-06	2.837949e-06
71	0.6370805	0.4006306	0.3379826	0.2151458	0.1698272	0.1647509	0.1526094	0.05998667	0.0169736	0.0121545	0.01140966	0.01134854	0.009254412	0.008810323	0.008771529	0.008769209	0.001489805	0.0006502272	0.0005140544	0.0004002869	0.0003521592	0.0003110124	0.0001784086	5.737751e-05	1.926881e-05	5.40708e-06	4.456519e-06	3.852843e-06	3.155529e-06	2.809761e-06
72	0.5098404	0.4863947	0.3824669	0.3277532	0.2090101	0.1639547	0.159648	0.1483943	0.05666516	0.01399036	0.01057575	0.009900147	0.00985389	0.008157065	0.007836602	0.007815309	0.007813923	0.001045417	0.0002733512	0.0002192412	0.0001548607	0.0001089736	9.656727e-05	9.347802e-05	3.044097e-05	9.5208e-06	4.002093e-06	3.569797e-06	3.10909e-06	2.633165e-06
73	0.308713	0.2481908	0.2455973	0.2175295	0.1880517	0.1855351	0.1412603	0.1407653	0.1330644	0.04253585	0.002398422	0.00200046	0.001942253	0.001933175	0.001646386	0.001610263	0.001605671	0.001605114	0.0003269208	0.0001337205	9.242331e-05	5.849894e-05	1.68893e-05	8.348655e-06	7.068034e-06	2.726215e-06	1.028389e-06	4.174452e-07	3.602695e-07	2.666962e-07
74	0.3963272	0.2594413	0.2059198	0.2046333	0.1840266	0.1833695	0.1829774	0.1387497	0.1383375	0.1309908	0.04053857	0.0005643815	0.0003238783	0.0002969427	0.0002916525	0.0002555492	0.0002430717	0.0002403539	0.0002399184	0.0001605947	9.502939e-05	5.552497e-05	4.146172e-05	4.940858e-06	4.319532e-07	3.65411e-07	3.137178e-07	1.69638e-07	4.295356e-08	2.781219e-08
75	0.4745289	0.3781962	0.243592	0.1901386	0.188864	0.1835876	0.1833065	0.1829237	0.1386966	0.1382849	0.1309412	0.04049605	0.0005228125	0.0002890184	0.0002625489	0.0002572974	0.0002229363	0.0002107054	0.0002080094	0.0002075753	0.0001464733	8.299463e-05	4.382379e-05	4.135137e-05	4.866907e-06	3.835618e-07	3.246418e-07	2.971498e-07	1.623776e-07	3.915619e-08
76	0.3075071	0.2954559	0.2291531	0.09654336	0.04399657	0.04365451	0.04182159	0.04163677	0.04128501	0.04126096	0.04090515	0.04088566	0.04036909	0.0004048594	0.0001717014	0.0001503706	0.0001452716	0.0001347953	0.0001240993	0.0001217663	0.0001217239	8.337352e-05	7.097454e-05	4.382029e-05	4.134925e-05	4.86491e-06	3.830954e-07	3.242891e-07	2.969814e-07	1.622911e-07
77	0.3312532	0.2598986	0.2525445	0.1866838	0.05459481	0.002112986	0.00187215	0.001035141	0.0008643871	0.0008507663	0.0008287867	0.0008075129	0.000788093	0.0003802219	0.0003653079	0.0001323687	0.0001151885	0.0001137353	0.0001032893	9.338632e-05	9.183433e-05	9.179251e-05	5.375044e-05	4.423492e-05	4.379363e-05	4.134349e-05	4.860026e-06	3.799536e-07	3.227327e-07	2.965152e-07
78	0.8192816	0.3246718	0.256865	0.2497318	0.1842957	0.05352784	0.00112417	0.0009461084	0.0006448152	0.0006332477	0.0006209023	0.000617993	0.0005977723	0.0005783584	0.0001725166	0.0001615102	8.932451e-05	7.507612e-05	7.449515e-05	6.405389e-05	5.578159e-05	5.543539e-05	5.539361e-05	1.735192e-05	7.843506e-06	7.402277e-06	4.953812e-06	4.855947e-06	3.759335e-07	3.187375e-07
79	0.4991842	0.4948492	0.07716896	0.01165373	0.005713799	0.001492366	0.0006492317	0.0005116145	0.0004395227	0.0001983016	0.000189485	0.0001810614	0.0001807642	0.000175053	0.0001585848	0.0001352613	0.0001292017	5.711372e-05	5.518489e-05	5.492034e-05	4.680516e-05	4.433216e-05	4.41891e-05	4.414865e-05	7.274513e-06	2.975756e-06	2.735754e-06	4.637507e-07	3.967847e-07	3.547673e-07
80	0.5154427	0.497536	0.4932509	0.07687373	0.01137829	0.00547545	0.001274327	0.000509577	0.000447886	0.0004179118	0.0001774856	0.0001688429	0.0001624886	0.0001621996	0.0001609738	0.0001445401	0.000131813	0.0001286891	5.661742e-05	5.474233e-05	5.456998e-05	4.646753e-05	4.403224e-05	4.393053e-05	4.38901e-05	7.03417e-06	2.899398e-06	2.697948e-06	4.283671e-07	3.618913e-07
81	0.9439246	0.5249371	0.506716	0.5032108	0.07811998	0.01157913	0.005556689	0.001280331	0.0005029818	0.0004408156	0.00041125	0.0001693253	0.0001612454	0.0001548066	0.0001545361	0.0001532895	0.0001367101	0.000123752	0.0001206021	4.707018e-05	4.516132e-05	4.498647e-05	3.680141e-05	3.433022e-05	3.42281e-05	3.41934e-05	5.990321e-06	2.749482e-06	2.549736e-06	4.27658e-07
82	0.2906164	0.2448904	0.0913611	0.08791717	0.0845697	0.07733477	0.01061111	0.004509223	0.0005904776	0.0001724097	0.0001365883	0.000132259	0.0001193011	0.0001146625	0.0001139515	0.0001138606	0.0001129689	0.0001106834	0.0001018465	0.0001010048	2.648222e-05	2.524738e-05	2.5195e-05	2.395047e-05	2.311428e-05	2.30937e-05	2.307277e-05	3.218841e-06	9.063754e-07	7.47286e-07
83	0.225884	0.2190643	0.1742257	0.07619975	0.07574761	0.0723335	0.07221087	0.01036497	0.004463451	0.000485555	7.525182e-05	4.007452e-05	3.736632e-05	3.116577e-05	2.862025e-05	2.80895e-05	2.803012e-05	2.713287e-05	2.569282e-05	1.687643e-05	1.616713e-05	1.589704e-05	1.466329e-05	1.461612e-05	1.376005e-05	1.298222e-05	1.297074e-05	1.297044e-05	1.248786e-06	2.76348e-08
84	0.1188314	0.09753793	0.09290665	0.0880035	0.0759341	0.07589536	0.07240858	0.07237601	0.00913035	0.003511349	4.938544e-05	1.701367e-05	1.579229e-05	1.441853e-05	1.138048e-05	9.55972e-06	9.135531e-06	9.106966e-06	9.021594e-06	8.30588e-06	6.021897e-06	5.800922e-06	5.614394e-06	5.508081e-06	5.495024e-06	4.968417e-06	4.904154e-06	4.898045e-06	4.897946e-06	4.728916e-07
85	0.2295836	0.1020664	0.08828976	0.08384904	0.08185268	0.07761089	0.07759311	0.07402646	0.07400782	0.009293526	0.003567942	3.508249e-05	7.98183e-06	7.480615e-06	6.506543e-06	4.684155e-06	3.151016e-06	2.91596e-06	2.897014e-06	2.853604e-06	2.439231e-06	2.366563e-06	2.206886e-06	2.053816e-06	2.011394e-06	2.007728e-06	1.615346e-06	1.585976e-06	1.584602e-06	1.584538e-06
86	0.3918853	0.217633	0.0970709	0.0835428	0.07908273	0.07766572	0.0757987	0.07578672	0.07577133	0.07575657	0.009502189	0.003645514	3.176386e-05	5.929609e-06	5.530291e-06	4.668021e-06	3.245964e-06	1.7884e-06	1.560864e-06	1.546725e-06	1.503509e-06	1.192516e-06	1.137107e-06	9.959667e-07	8.52124e-07	8.151115e-07	8.122228e-07	4.627097e-07	4.405577e-07	4.39345e-07
87	0.7969786	0.3150401	0.1395965	0.01901244	0.01309852	0.01283782	0.01141009	0.009782171	0.009770723	0.009755144	0.009740777	0.009732827	0.00373336	3.191293e-05	5.727375e-06	5.331935e-06	4.482061e-06	3.09105e-06	1.654014e-06	1.426156e-06	1.412107e-06	1.36812e-06	1.067199e-06	1.013558e-06	8.735063e-07	7.325687e-07	6.951826e-07	6.923127e-07	3.415377e-07	3.199608e-07
88	0.6536706	0.6127557	0.2372558	0.09992177	0.007966004	0.004880444	0.004752759	0.004673726	0.003879644	0.003871035	0.003857443	0.003843967	0.003836056	0.003779344	3.088774e-05	5.033083e-06	4.713624e-06	3.918842e-06	2.582331e-06	1.148931e-06	9.203304e-07	9.168797e-07	8.720805e-07	6.536973e-07	6.016111e-07	4.61984e-07	3.214819e-07	2.836829e-07	2.809482e-07	2.140283e-07
89	0.2640999	0.2535935	0.2352297	0.07177958	0.00209995	0.001133686	0.0002700571	0.0002122808	0.0001984623	3.084978e-05	2.977075e-05	2.134101e-05	1.821894e-05	1.746775e-05	1.7386e-05	1.675583e-05	8.034305e-07	6.675721e-07	5.668995e-07	3.462505e-07	2.30214e-07	1.656303e-07	1.644655e-07	1.253186e-07	1.031032e-07	9.593972e-08	8.305445e-08	7.163924e-08	7.030452e-08	6.990243e-08
90	0.05617896	0.04533445	0.04481539	0.02636676	0.004698761	0.0003307166	0.0001607411	8.707713e-05	5.492073e-05	5.040727e-05	1.131091e-05	1.115446e-05	2.96227e-06	7.87152e-07	6.585786e-07	6.405105e-07	4.90958e-07	2.176192e-07	1.14128e-07	7.20355e-08	3.948838e-08	3.23067e-08	3.098488e-08	3.01642e-08	2.932055e-08	2.469524e-08	2.13985e-08	1.902709e-08	1.828852e-08	1.789457e-08
91	0.1958291	0.03711236	0.0306739	0.03029722	0.0113887	0.004346727	0.0002556535	0.0001271477	5.468188e-05	3.791379e-05	3.468725e-05	1.134034e-05	1.122888e-05	2.846642e-06	6.553918e-07	5.381064e-07	5.22625e-07	3.789989e-07	1.109727e-07	9.602956e-08	5.463729e-08	2.785918e-08	2.295726e-08	2.189151e-08	2.175818e-08	2.093529e-08	1.685507e-08	1.362804e-08	1.143069e-08	1.092498e-08
92	0.1675135	0.09962032	0.01287786	0.008921328	0.008724263	0.008718457	0.004039986	0.0001608183	6.491215e-05	2.529024e-05	1.669927e-05	1.555609e-05	2.632227e-06	2.5712e-06	2.561765e-06	3.68768e-07	3.026497e-07	2.92376e-07	1.967802e-07	5.012206e-08	4.2427e-08	3.742455e-08	1.672406e-08	1.429625e-08	1.361177e-08	1.354528e-08	1.291363e-08	1.013214e-08	8.234457e-09	6.330391e-09
93	0.3463537	0.0629073	0.04094071	0.004152093	0.002526928	0.002445731	0.002443376	0.0002720563	7.322515e-05	7.06436e-06	5.783119e-06	5.505408e-06	5.083576e-06	9.569401e-08	6.760643e-08	6.559674e-08	4.149415e-08	2.082724e-08	1.923152e-08	1.284586e-08	8.589473e-09	8.111347e-09	7.245016e-09	5.813424e-09	5.166671e-09	5.102591e-09	5.092552e-09	4.592422e-09	4.468405e-09	4.094522e-09
94	0.2802239	0.274722	0.05011118	0.03389163	0.003565589	0.002262382	0.002190702	0.002188963	0.000142508	6.771469e-05	4.698623e-06	3.911848e-06	3.744117e-06	3.457339e-06	6.098962e-08	3.722103e-08	3.603473e-08	1.832696e-08	1.520844e-08	1.376869e-08	8.736279e-09	6.352491e-09	6.024272e-09	5.418119e-09	4.549303e-09	4.267481e-09	4.227943e-09	4.221614e-09	3.709865e-09	3.644435e-09
95	0.2870678	0.075556	0.07138553	0.02436844	0.01718557	0.001152247	0.0005786651	0.0005562769	0.0005553276	9.093398e-05	6.103219e-05	3.059761e-06	2.325985e-06	2.190407e-06	2.023164e-06	4.81337e-08	2.736014e-08	2.628124e-08	1.047907e-08	7.47169e-09	7.123722e-09	5.3165e-09	3.007495e-09	2.735065e-09	2.39599e-09	1.761904e-09	1.506374e-09	1.478511e-09	1.4736e-09	1.470107e-09
96	0.503691	0.04014471	0.03743717	0.036326	0.01108769	0.007576121	0.0007267412	0.0004067095	0.0003911826	0.0003906439	2.380873e-05	4.896934e-06	1.209737e-06	9.878229e-07	9.5843e-07	8.862487e-07	3.342362e-08	1.559502e-08	1.534141e-08	2.588087e-09	2.120734e-09	1.962669e-09	1.53308e-09	1.224207e-09	1.091517e-09	1.035494e-09	8.474854e-10	7.989083e-10	7.935223e-10	7.924184e-10
97	0.1312522	0.0828402	0.01319226	0.01310424	0.01267	0.002395614	0.001201995	0.0001368632	4.779519e-05	4.214957e-05	4.178962e-05	1.15502e-05	1.236457e-06	4.958837e-07	4.518348e-07	4.308056e-07	3.994303e-07	3.087994e-08	1.372853e-08	1.352625e-08	1.173029e-09	7.737504e-10	7.366103e-10	5.704766e-10	4.190704e-10	3.706687e-10	3.361523e-10	2.421541e-10	2.068781e-10	2.027839e-10
98	0.1286259	0.1062409	0.0593237	0.001001458	0.0009484983	0.000558351	0.0002592971	0.000216981	2.058255e-05	1.524531e-05	1.187337e-05	1.163336e-05	8.83075e-06	2.398836e-07	1.112607e-07	7.575071e-08	5.786542e-08	5.592911e-08	3.005405e-08	1.318384e-08	1.300992e-08	8.14547e-10	4.522128e-10	4.231964e-10	2.726403e-10	1.336027e-10	9.744207e-11	7.692574e-11	5.412867e-11	2.659777e-11
99	0.579373	0.1320494	0.1095591	0.06108396	0.0009135491	0.000862501	0.0004589806	0.0002169376	0.0001824395	2.00463e-05	1.545842e-05	1.199742e-05	1.17506e-05	9.09942e-06	2.364893e-07	1.103993e-07	7.372863e-08	5.565882e-08	5.399387e-08	3.101675e-08	1.357383e-08	1.339407e-08	7.829608e-10	4.641765e-10	4.342165e-10	2.785559e-10	1.348977e-10	9.795843e-11	7.688756e-11	5.386534e-11
100	0.555145	0.5522435	0.1320254	0.1108269	0.06213831	0.0004159847	0.0003733139	0.0003701305	0.0001796882	0.0001527641	1.936632e-05	1.563285e-05	1.207506e-05	1.182117e-05	9.351967e-06	2.114345e-07	9.116582e-08	5.810615e-08	5.260947e-08	5.128389e-08	3.201871e-08	1.396502e-08	1.377982e-08	7.356972e-10	4.169067e-10	3.942194e-10	2.667276e-10	1.336698e-10	9.66342e-11	7.552001e-11
101	0.9876786	0.5599242	0.5570301	0.1311348	0.1122416	0.06436443	0.0004082781	0.0003641685	0.0003608974	0.0001761515	0.0001508983	1.97059e-05	1.604184e-05	1.243302e-05	1.217008e-05	9.688438e-06	2.158531e-07	9.330224e-08	5.919604e-08	5.352372e-08	5.222808e-08	3.318942e-08	1.447062e-08	1.428017e-08	7.568506e-10	4.286442e-10	4.052659e-10	2.74055e-10	1.369019e-10	9.855574e-11
102	0.7754403	0.7732803	0.4525262	0.4499859	0.06577686	0.05535356	0.04682711	0.0003631854	0.0003191269	0.0003164372	0.0001519494	0.0001300653	1.490782e-05	1.229494e-05	1.2211e-05	1.193954e-05	9.873331e-06	1.280629e-07	5.648654e-08	3.349104e-08	2.917009e-08	2.817607e-08	1.481683e-08	1.470086e-08	1.450475e-08	5.698565e-10	3.117302e-10	2.943009e-10	2.15967e-10	1.192433e-10
103	0.7631213	0.714501	0.7132479	0.4405036	0.4394746	0.06301715	0.05556388	0.04852555	0.0003089084	0.0002738076	0.0002712017	0.0001310721	0.0001125132	1.404311e-05	1.181565e-05	1.174415e-05	1.174064e-05	1.018734e-05	1.164205e-07	5.054619e-08	3.095819e-08	2.729452e-08	2.65226e-08	1.514113e-08	1.503732e-08	1.49564e-08	4.917341e-10	2.416212e-10	2.251749e-10	1.571855e-10
104	0.7810543	0.6203032	0.6118533	0.611016	0.4280279	0.4273383	0.06267791	0.05516373	0.05030542	0.000241507	0.0002067016	0.0002057323	9.958952e-05	8.597889e-05	1.299238e-05	1.146584e-05	1.141868e-05	1.141648e-05	1.044938e-05	8.27371e-08	3.20324e-08	2.439423e-08	2.345232e-08	2.296009e-08	1.546657e-08	1.539598e-08	1.534077e-08	3.41548e-10	1.298872e-10	1.165451e-10
105	0.2259356	0.2086502	0.1967081	0.1947058	0.1942079	0.08350322	0.08309432	0.05307371	0.05234427	0.05220611	0.0001745027	0.0001478633	0.0001473785	6.514768e-05	5.516174e-05	1.424593e-06	4.857975e-07	4.607874e-07	4.595085e-07	8.297974e-08	3.911581e-08	6.898308e-09	4.600207e-09	4.222181e-09	3.931919e-09	2.589572e-10	2.410867e-10	2.305814e-10	1.971001e-10	4.12827e-11
106	0.127942	0.1112883	0.09836629	0.09705327	0.0963413	0.09600961	0.02088798	0.02062613	0.0002914422	0.000223843	0.0002057416	0.0001357099	0.0001082826	0.0001078647	4.759596e-05	4.057163e-05	9.06497e-07	2.611969e-07	2.449756e-07	2.4411e-07	3.570158e-08	9.376351e-09	4.339502e-09	2.865716e-09	2.56536e-09	2.368532e-09	4.445027e-11	3.740096e-11	3.574958e-11	2.891406e-11
107	0.2374255	0.07799119	0.07035181	0.06116682	0.06016084	0.05968374	0.05947878	0.01294198	0.01277915	0.0001714783	0.0001298547	0.0001153298	7.12081e-05	6.259057e-05	6.230304e-05	2.727805e-05	2.316814e-05	5.563998e-07	1.680627e-07	1.581371e-07	1.575873e-07	2.507683e-08	6.553759e-09	3.19604e-09	1.87735e-09	1.600321e-09	1.476512e-09	2.592774e-11	2.141798e-11	2.034468e-11
108	0.5067906	0.1815019	0.05738264	0.05067403	0.04246565	0.04142741	0.04118215	0.04104134	0.008933747	0.008820669	0.0001085887	7.922823e-05	7.856666e-05	4.699648e-05	3.799649e-05	3.783827e-05	1.617825e-05	1.359394e-05	3.821832e-07	1.271018e-07	1.203175e-07	1.199245e-07	2.083697e-08	5.416908e-09	2.77668e-09	1.413351e-09	1.137279e-09	1.049954e-09	2.456569e-11	2.103085e-11
109	0.9539083	0.5027141	0.1751863	0.04542725	0.0390967	0.03126123	0.03123268	0.03098272	0.03087737	0.006731457	0.00664578	8.158144e-05	5.893478e-05	5.828394e-05	3.356458e-05	2.410782e-05	2.394489e-05	9.852008e-06	8.128837e-06	2.859082e-07	1.053075e-07	1.00266e-07	9.995923e-08	1.875152e-08	4.852245e-09	2.582408e-09	1.15561e-09	8.832523e-10	8.160545e-10	2.318489e-11
110	0.4999389	0.4710936	0.09796501	0.04035434	0.03586755	0.03086599	0.02312974	0.02310647	0.02294529	0.02286805	0.005020323	0.004956824	5.199391e-05	3.473779e-05	3.410168e-05	1.502149e-05	1.494317e-05	1.485902e-05	5.789638e-06	4.654486e-06	2.149877e-07	8.766852e-08	8.391839e-08	8.368141e-08	1.610898e-08	4.06185e-09	2.167151e-09	9.573545e-10	6.824805e-10	6.314768e-10
111	0.4565957	0.4485642	0.4337355	0.05605174	0.01669342	0.01632905	0.0160739	0.00845357	0.008436013	0.008432446	0.008404294	0.001918356	0.001895252	2.051205e-05	1.337286e-05	1.28458e-05	5.090369e-06	5.054268e-06	5.041432e-06	2.21425e-06	1.845383e-06	1.027245e-07	5.24684e-08	5.076724e-08	5.068014e-08	8.022094e-09	1.682135e-09	7.618476e-10	3.840523e-10	3.028465e-10
112	0.4737771	0.4284059	0.4256047	0.4204586	0.02886992	0.0115625	0.01139189	0.01128753	0.003450197	0.003435337	0.003433296	0.003421539	0.0007775819	0.0007678981	9.871507e-06	6.124908e-06	5.594309e-06	1.642624e-06	1.617289e-06	1.607008e-06	8.650234e-07	7.529037e-07	5.600818e-08	3.370333e-08	3.279532e-08	3.275665e-08	5.59951e-09	1.063272e-09	4.804516e-10	2.064857e-10
113	0.508887	0.4534929	0.4301953	0.4278957	0.4256793	0.0201143	0.01001992	0.009934162	0.009884748	0.001968979	0.001954184	0.001952723	0.001946046	0.0004626477	0.000457101	5.918333e-06	3.633909e-06	3.087242e-06	7.61807e-07	7.468832e-07	7.409995e-07	4.109403e-07	3.56221e-07	2.90758e-08	1.70257e-08	1.65389e-08	1.651603e-08	3.349518e-09	6.9393e-10	3.494104e-10
114	0.1040432	0.03994259	0.01989492	0.01244743	0.01102252	0.009987906	0.009112593	0.0005479755	0.0005038241	0.0004894687	0.0004699843	0.0004547518	0.0004536667	0.0004520466	9.969228e-05	9.833494e-05	2.504476e-06	1.465612e-06	8.917599e-07	1.870656e-07	1.822467e-07	1.799552e-07	1.075763e-07	9.524498e-08	8.619783e-09	5.408339e-09	5.261315e-09	5.256303e-09	7.81583e-10	1.666715e-10
115	0.1035264	0.06973582	0.01998141	0.01126512	0.009710529	0.009078375	0.008354297	0.008238897	0.0001448563	0.0001111639	0.0001068612	0.0001043742	0.000104282	0.0001032679	0.0001028912	2.370816e-05	2.337151e-05	1.477203e-06	8.540946e-07	2.390586e-07	2.587244e-08	2.440857e-08	2.36843e-08	1.752154e-08	1.581118e-08	1.970845e-09	1.275497e-09	1.242476e-09	1.241348e-09	1.715807e-10
116	0.393878	0.09416872	0.07155727	0.01982597	0.01156407	0.01038913	0.009710283	0.008952111	0.008848726	0.0001178711	8.426497e-05	8.118748e-05	7.936731e-05	7.927774e-05	7.913534e-05	7.884522e-05	1.857568e-05	1.830883e-05	1.501206e-06	8.636967e-07	1.979815e-07	1.751451e-08	1.635326e-08	1.579983e-08	1.236515e-08	1.120369e-08	1.480672e-09	9.595169e-10	9.348124e-10	9.339653e-10
117	0.5627298	0.3258038	0.08973863	0.06909318	0.01955379	0.01125854	0.01044562	0.009710195	0.009678118	0.009582981	9.389374e-05	6.059646e-05	5.792159e-05	5.668932e-05	5.66004e-05	5.646086e-05	5.626285e-05	1.375028e-05	1.358465e-05	1.54425e-06	8.848061e-07	1.588931e-07	1.113217e-08	1.028449e-08	9.888742e-09	8.062399e-09	7.319896e-09	1.005376e-09	6.47522e-10	6.308171e-10
118	0.8115706	0.3960666	0.2914471	0.08270303	0.06425174	0.01342485	0.01200205	0.01141283	0.01060798	0.01058529	0.0104909	7.674312e-05	4.433817e-05	4.326406e-05	4.237602e-05	4.228364e-05	4.226013e-05	4.211312e-05	1.040675e-05	1.028363e-05	1.115609e-06	4.147566e-07	1.366428e-07	7.955408e-09	7.309535e-09	7.03272e-09	5.694809e-09	5.15817e-09	7.062098e-10	4.478575e-10
119	0.2762744	0.2645676	0.2027328	0.1204644	0.06224126	0.04642243	0.001828288	0.001121411	0.0008734292	0.0008700381	0.0008577763	0.0008438853	6.174934e-05	2.630548e-05	2.554298e-05	2.506443e-05	2.504506e-05	2.50269e-05	2.493835e-05	5.661427e-06	5.587086e-06	3.977456e-07	3.697947e-07	6.090336e-08	4.503629e-09	4.08608e-09	3.938632e-09	3.090788e-09	2.777491e-09	3.722918e-10
120	0.2654891	0.1431311	0.136511	0.1061026	0.02049164	0.006118962	0.004355666	0.001368346	0.0009606835	0.0008911506	0.0008897021	0.0008853328	0.0008773782	1.713794e-05	1.278024e-05	1.231451e-05	1.215014e-05	1.213263e-05	1.21233e-05	1.208239e-05	2.896628e-06	2.862106e-06	3.940863e-07	3.830561e-07	3.704394e-08	1.738275e-09	1.600345e-09	1.561429e-09	1.101325e-09	9.583019e-10
121	0.4273348	0.1758918	0.1253341	0.1213021	0.103377	0.008214411	0.003015499	0.001825728	0.001208794	0.001026082	0.001001673	0.001000794	0.0009983977	0.0009912695	1.262257e-05	9.210548e-06	9.082681e-06	8.980159e-06	8.961217e-06	8.958244e-06	8.928028e-06	1.943193e-06	1.917585e-06	4.304721e-08	3.524279e-08	3.508692e-08	1.119077e-09	1.013726e-09	1.003473e-09	6.041038e-10
122	0.467392	0.2354665	0.04790337	0.02633588	0.02358578	0.008823256	0.005789386	0.001984567	0.0007604416	0.0001934197	3.789554e-05	2.213333e-05	2.142685e-05	1.925941e-05	1.694821e-05	1.18679e-05	7.92822e-06	7.805182e-06	7.720673e-06	7.71951e-06	7.716353e-06	7.690959e-06	1.662745e-06	1.641243e-06	1.463359e-08	8.589949e-09	8.421851e-09	1.045266e-09	9.477833e-10	9.404952e-10
123	0.4052702	0.350645	0.1870067	0.037041	0.02035138	0.01813811	0.006331437	0.003882274	0.0006343819	0.0003641347	0.0001539968	2.891814e-05	1.538035e-05	1.47797e-05	1.27656e-05	1.059265e-05	6.431188e-06	6.349593e-06	6.241661e-06	6.16629e-06	6.165273e-06	6.163461e-06	6.142935e-06	1.325955e-06	1.308613e-06	1.187684e-08	7.06004e-09	6.875303e-09	9.486514e-10	9.204133e-10
124	0.2774394	0.2597716	0.2259035	0.1146907	0.02321106	0.01326965	0.0118915	0.004632612	0.003095692	0.0004241907	0.000229974	9.882618e-05	2.123459e-05	1.091506e-05	1.047806e-05	8.698207e-06	6.723064e-06	3.934706e-06	3.870278e-06	3.812909e-06	3.751704e-06	3.75089e-06	3.750277e-06	3.737324e-06	8.036206e-07	7.927517e-07	7.557443e-09	4.633307e-09	4.618749e-09	8.961068e-10
125	0.6345506	0.200341	0.1905232	0.1621964	0.07493167	0.01602724	0.009633213	0.008746107	0.00397159	0.002983775	0.0003259529	0.0001600064	7.08161e-05	1.854302e-05	9.088689e-06	8.728046e-06	6.836071e-06	4.689581e-06	2.591303e-06	2.528439e-06	2.473603e-06	2.414464e-06	2.413704e-06	2.413076e-06	2.404116e-06	5.130972e-07	5.056762e-07	5.423685e-09	3.554848e-09	3.54377e-09
126	0.9720049	0.6282844	0.1622902	0.1550676	0.1275456	0.05140628	0.01110118	0.006764749	0.006132053	0.002828055	0.002115022	0.0002428559	0.0001227199	5.628319e-05	1.797768e-05	8.095165e-06	7.73953e-06	5.555174e-06	3.637822e-06	1.835481e-06	1.763986e-06	1.705336e-06	1.640133e-06	1.639317e-06	1.638588e-06	1.632627e-06	3.391859e-07	3.343345e-07	4.315025e-09	3.097816e-09
127	0.8945369	0.873393	0.594138	0.1455784	0.1392021	0.1126739	0.04362119	0.008866405	0.005084817	0.004526071	0.001675175	0.00108055	0.0001873543	0.0001099741	5.066963e-05	1.638679e-05	7.246808e-06	6.921072e-06	4.748311e-06	2.92897e-06	1.621973e-06	1.552776e-06	1.495218e-06	1.433084e-06	1.432328e-06	1.431696e-06	1.426727e-06	3.048294e-07	3.008275e-07	3.230104e-09
