#unpaired probabilities
 #i$	l=1	2	3	4	5	6	7	8	9	10	11	12	13	14	15	16	17	18	19	20	21	22	23	24	25	26	27	28	29	30	
1	0.08820345	NA	NA	NA	NA	NA	NA	NA	NA	NA	NA	NA	NA	NA	NA	NA	NA	NA	NA	NA	NA	NA	NA	NA	NA	NA	NA	NA	NA	NA
2	0.00278366	0.0004215075	NA	NA	NA	NA	NA	NA	NA	NA	NA	NA	NA	NA	NA	NA	NA	NA	NA	NA	NA	NA	NA	NA	NA	NA	NA	NA	NA	NA
3	0.1620456	0.001230139	0.0001966096	NA	NA	NA	NA	NA	NA	NA	NA	NA	NA	NA	NA	NA	NA	NA	NA	NA	NA	NA	NA	NA	NA	NA	NA	NA	NA	NA
4	0.103646	0.04305865	0.0003278575	5.244799e-05	NA	NA	NA	NA	NA	NA	NA	NA	NA	NA	NA	NA	NA	NA	NA	NA	NA	NA	NA	NA	NA	NA	NA	NA	NA	NA
5	0.0249359	0.008570593	0.00370518	2.881499e-05	4.635578e-06	NA	NA	NA	NA	NA	NA	NA	NA	NA	NA	NA	NA	NA	NA	NA	NA	NA	NA	NA	NA	NA	NA	NA	NA	NA
6	0.4588861	0.01548426	0.005299484	0.002280655	1.760454e-05	2.822124e-06	NA	NA	NA	NA	NA	NA	NA	NA	NA	NA	NA	NA	NA	NA	NA	NA	NA	NA	NA	NA	NA	NA	NA	NA
7	0.1483178	0.04481604	0.004472516	0.001486343	0.000646997	5.152741e-06	8.338127e-07	NA	NA	NA	NA	NA	NA	NA	NA	NA	NA	NA	NA	NA	NA	NA	NA	NA	NA	NA	NA	NA	NA	NA
8	0.4431983	0.07453557	0.01913506	0.001678388	0.0005250121	0.0002279578	1.860447e-06	3.016498e-07	NA	NA	NA	NA	NA	NA	NA	NA	NA	NA	NA	NA	NA	NA	NA	NA	NA	NA	NA	NA	NA	NA
9	0.3653244	0.2722732	0.02903334	0.01143154	0.001043013	0.0003034955	0.0001317471	1.117387e-06	1.828416e-07	NA	NA	NA	NA	NA	NA	NA	NA	NA	NA	NA	NA	NA	NA	NA	NA	NA	NA	NA	NA	NA
10	0.6473005	0.2951104	0.2566343	0.02000534	0.008612256	0.0007404414	0.0002394024	0.0001038031	8.966073e-07	1.471018e-07	NA	NA	NA	NA	NA	NA	NA	NA	NA	NA	NA	NA	NA	NA	NA	NA	NA	NA	NA	NA
11	0.4985585	0.3747951	0.2857605	0.2503693	0.01891906	0.008195009	0.0007072394	0.0002276056	9.881891e-05	8.569159e-07	1.409088e-07	NA	NA	NA	NA	NA	NA	NA	NA	NA	NA	NA	NA	NA	NA	NA	NA	NA	NA	NA
12	0.313004	0.203088	0.1349989	0.06425504	0.02923841	0.01121561	0.004740124	0.0003958489	0.0001356689	5.89045e-05	5.133858e-07	8.438265e-08	NA	NA	NA	NA	NA	NA	NA	NA	NA	NA	NA	NA	NA	NA	NA	NA	NA	NA
13	0.7685428	0.29578	0.2021252	0.1341657	0.06345288	0.02861349	0.01052839	0.0047316	0.0003951036	0.0001353307	5.880143e-05	5.119907e-07	8.424087e-08	NA	NA	NA	NA	NA	NA	NA	NA	NA	NA	NA	NA	NA	NA	NA	NA	NA
14	0.1766644	0.129083	0.04501584	0.02583661	0.004050507	0.000493444	0.000161205	5.330124e-05	2.402559e-05	2.212947e-06	7.593433e-07	3.302399e-07	2.792745e-09	4.567491e-10	NA	NA	NA	NA	NA	NA	NA	NA	NA	NA	NA	NA	NA	NA	NA	NA
15	0.1709462	0.163532	0.1155252	0.0309361	0.02348278	0.00170913	0.0001895256	1.631801e-05	5.393675e-06	2.542979e-06	3.2374e-07	1.127316e-07	4.915313e-08	3.915096e-10	6.322666e-11	NA	NA	NA	NA	NA	NA	NA	NA	NA	NA	NA	NA	NA	NA	NA
16	0.1819242	0.1624763	0.1608459	0.1126544	0.03078483	0.02332434	0.001690303	0.0001775233	1.119753e-05	3.517567e-06	1.65406e-06	2.085481e-07	7.197709e-08	3.139599e-08	2.545698e-10	4.128193e-11	NA	NA	NA	NA	NA	NA	NA	NA	NA	NA	NA	NA	NA	NA
17	0.1684954	0.09331622	0.07317678	0.06558906	0.01007582	0.01071397	0.00142935	0.001547199	1.984242e-05	1.031856e-05	3.161244e-06	1.48611e-06	1.847032e-07	6.350814e-08	2.769717e-08	2.20874e-10	3.577208e-11	NA	NA	NA	NA	NA	NA	NA	NA	NA	NA	NA	NA	NA
18	0.3222584	0.1067872	0.03429053	0.01197362	0.0003287996	0.0002302546	5.009696e-05	4.377237e-05	2.446163e-05	1.596585e-05	7.04435e-06	2.891912e-06	1.36183e-06	1.692646e-07	5.979721e-08	2.608433e-08	2.071842e-10	3.352742e-11	NA	NA	NA	NA	NA	NA	NA	NA	NA	NA	NA	NA
19	0.7982583	0.2876889	0.09157855	0.0233946	0.002798627	0.000144685	3.5595e-05	3.032782e-05	2.28719e-05	2.198239e-05	1.407419e-05	6.505592e-06	2.680035e-06	1.263293e-06	1.558597e-07	5.50488e-08	2.401888e-08	1.897214e-10	3.070828e-11	NA	NA	NA	NA	NA	NA	NA	NA	NA	NA	NA
20	0.8444618	0.783189	0.2826	0.09022028	0.02284136	0.002665023	5.344317e-05	2.874617e-05	2.320131e-05	2.213966e-05	2.135638e-05	1.379646e-05	6.369716e-06	2.635789e-06	1.242805e-06	1.536796e-07	5.433075e-08	2.370645e-08	1.871934e-10	3.029669e-11	NA	NA	NA	NA	NA	NA	NA	NA	NA	NA
21	0.8299316	0.8162828	0.7664213	0.2719181	0.08502949	0.02208542	0.002657762	5.275117e-05	2.805413e-05	2.263387e-05	2.154773e-05	2.073545e-05	1.338819e-05	6.20293e-06	2.591352e-06	1.238996e-06	1.535317e-07	5.427952e-08	2.368425e-08	1.870247e-10	3.026961e-11	NA	NA	NA	NA	NA	NA	NA	NA	NA
22	0.9409696	0.8208774	0.8107858	0.7628823	0.2695809	0.08380155	0.02179313	0.002632237	5.256568e-05	2.789922e-05	2.249012e-05	2.139966e-05	2.058437e-05	1.328892e-05	6.161807e-06	2.579414e-06	1.236842e-06	1.533154e-07	5.420296e-08	2.365092e-08	1.867293e-10	3.022144e-11	NA	NA	NA	NA	NA	NA	NA	NA
23	0.8931634	0.8857425	0.7997885	0.7938814	0.7468596	0.2546298	0.07935156	0.02078798	0.002287201	4.383269e-05	2.383977e-05	1.92866e-05	1.801748e-05	1.755304e-05	1.127131e-05	5.242991e-06	2.205483e-06	1.057826e-06	1.274297e-07	4.500821e-08	1.962391e-08	1.480426e-10	2.385287e-11	NA	NA	NA	NA	NA	NA	NA
24	0.8537216	0.8399085	0.831552	0.7588786	0.7534482	0.7373315	0.2448402	0.07647849	0.02024218	0.002106149	3.866642e-05	2.123512e-05	1.707812e-05	1.573781e-05	1.512107e-05	9.883301e-06	4.595454e-06	1.946709e-06	9.330947e-07	1.094287e-07	3.86282e-08	1.684299e-08	1.277602e-10	2.051403e-11	NA	NA	NA	NA	NA	NA
25	0.9695695	0.8520131	0.8392359	0.8308744	0.7587772	0.753356	0.7372643	0.2447885	0.07645324	0.02023833	0.002105742	3.865494e-05	2.12291e-05	1.707334e-05	1.573294e-05	1.511613e-05	9.880018e-06	4.593957e-06	1.946111e-06	9.328068e-07	1.093881e-07	3.861381e-08	1.683672e-08	1.277142e-10	2.05067e-11	NA	NA	NA	NA	NA
26	0.9884451	0.9575611	0.8397432	0.826729	0.818243	0.7584725	0.7530762	0.7370268	0.2446039	0.07636299	0.0202245	0.002104286	3.861522e-05	2.12088e-05	1.705709e-05	1.57162e-05	1.509884e-05	9.868511e-06	4.588706e-06	1.94401e-06	9.317949e-07	1.092436e-07	3.856261e-08	1.68144e-08	1.275505e-10	2.048061e-11	NA	NA	NA	NA
27	0.5676132	0.5520276	0.5123011	0.4191238	0.3996393	0.3828162	0.3220978	0.3031088	0.2667291	0.2365313	0.07313876	0.01965648	0.002002812	3.599629e-05	1.993424e-05	1.603949e-05	1.464513e-05	1.396504e-05	9.071003e-06	4.151774e-06	1.677422e-06	8.793598e-07	1.017614e-07	3.590521e-08	1.565058e-08	1.163756e-10	1.864111e-11	NA	NA	NA
28	0.2147814	0.1853222	0.1609171	0.1289304	0.113399	0.1102204	0.1095172	0.08824875	0.08290814	0.0630485	0.05265014	0.02946894	0.0116685	0.001357407	1.839936e-05	1.107616e-05	8.768323e-06	7.049752e-06	5.970156e-06	3.707293e-06	1.649252e-06	6.079515e-07	2.890815e-07	3.789647e-08	1.327657e-08	5.786242e-09	4.410578e-11	7.063371e-12	NA	NA
29	0.2473242	0.1889287	0.1590967	0.1339284	0.1047401	0.08923455	0.08535358	0.08379106	0.0645198	0.05956025	0.04919688	0.04120603	0.02308219	0.009440062	0.001272084	1.334483e-05	9.25375e-06	7.067265e-06	6.03856e-06	4.89571e-06	3.077802e-06	1.351351e-06	4.954101e-07	2.347503e-07	2.98093e-08	1.052032e-08	4.584704e-09	3.529094e-11	5.657392e-12	NA
30	0.1882016	0.1143953	0.09168509	0.06952213	0.04691458	0.03743731	0.02527318	0.01989779	0.01627304	0.01055664	0.008805299	0.004086991	0.003541618	0.001670441	0.0006141196	0.0001084811	2.806378e-06	2.141672e-06	1.620078e-06	1.316771e-06	9.922844e-07	5.374371e-07	2.353046e-07	9.004564e-08	4.061357e-08	3.626174e-09	1.249019e-09	5.430395e-10	4.63703e-12	7.599126e-13
31	0.2034395	0.1418806	0.1013036	0.08042435	0.05892019	0.03919862	0.03051786	0.02151795	0.01688477	0.01389012	0.008875623	0.007411631	0.002923154	0.002590959	0.001133439	0.000400724	8.010216e-05	2.526395e-06	1.947719e-06	1.464028e-06	1.174968e-06	8.663507e-07	4.742959e-07	2.088332e-07	8.063724e-08	3.634262e-08	3.054709e-09	1.046651e-09	4.548082e-10	3.961034e-12
32	0.5410625	0.1305297	0.08783376	0.06974704	0.0511239	0.03154501	0.02205545	0.01636026	0.01244883	0.01077191	0.009594259	0.006468961	0.00587842	0.001824341	0.001724457	0.0006107436	0.0001316979	3.628011e-05	2.262045e-06	1.76118e-06	1.29321e-06	1.000144e-06	6.862353e-07	4.236092e-07	1.912039e-07	7.48138e-08	3.44615e-08	2.817131e-09	9.624597e-10	4.179514e-10
33	0.7665892	0.4214326	0.1178149	0.08544339	0.06786659	0.04945167	0.0299488	0.02055427	0.01485679	0.0111399	0.009438816	0.008221398	0.00556566	0.00507166	0.001024145	0.0008833524	0.0003742288	7.606728e-05	1.556415e-05	1.753259e-06	1.536506e-06	1.123199e-06	8.257986e-07	5.058894e-07	3.044887e-07	1.364152e-07	5.242853e-08	2.366433e-08	1.253862e-09	4.071823e-10
34	0.2906607	0.2874211	0.04346818	0.008901772	0.006894477	0.006391174	0.005867851	0.004428421	0.004235634	0.00388171	0.003887011	0.003657644	0.003706391	0.003759743	0.003896293	9.991147e-05	7.721993e-05	3.855132e-05	1.137309e-05	1.36047e-06	1.676289e-07	6.550545e-08	5.24194e-08	2.745678e-08	1.507756e-08	8.209859e-09	4.096211e-09	1.12613e-09	4.857459e-10	3.176739e-11
35	0.3681858	0.2792371	0.2782827	0.03594005	0.005760625	0.004435294	0.004377053	0.004327033	0.003865309	0.003907574	0.003623199	0.003701301	0.003525709	0.003611467	0.003713621	0.003866921	7.95471e-05	6.256462e-05	3.096837e-05	1.009804e-05	1.247865e-06	1.369422e-07	3.399068e-08	3.023781e-08	1.304621e-08	9.618573e-09	5.485312e-09	2.960038e-09	7.263932e-10	3.190956e-10
36	0.2659082	0.2451285	0.2429282	0.242827	0.003860376	0.001928274	0.001360254	0.001246966	0.001129465	0.001023664	0.000977649	0.0005854205	0.0005445835	0.0002362912	0.0001755807	0.000120811	9.611116e-05	7.717259e-05	6.071781e-05	2.994313e-05	9.716253e-06	1.128353e-06	2.006703e-08	1.667519e-08	1.247487e-08	9.810708e-09	6.874366e-09	4.285993e-09	1.862918e-09	6.69214e-10
37	0.5092089	0.2484693	0.242729	0.2422135	0.2421923	0.003280294	0.001416083	0.0008886519	0.0007654414	0.0006409651	0.0005215023	0.0004665842	0.0004373522	0.0004177255	0.0001362229	0.0001044432	7.760792e-05	6.79508e-05	5.71449e-05	4.796251e-05	2.342305e-05	8.783379e-06	1.116486e-06	1.91745e-08	1.582966e-08	1.17579e-08	9.142253e-09	6.2666e-09	3.89493e-09	1.703192e-09
38	0.4282263	0.08638027	0.007039048	0.005028705	0.003403772	0.003081492	0.001718713	0.0007153535	0.0003596026	0.0003447546	0.0003357359	0.0003326486	0.0003369824	0.0003432469	0.0003511425	8.592211e-05	6.699026e-05	5.662838e-05	5.357834e-05	4.781071e-05	4.088841e-05	2.050317e-05	8.303858e-06	1.08901e-06	1.052804e-08	7.155377e-09	5.482832e-09	4.705237e-09	3.869289e-09	2.507645e-09
39	0.5947082	0.4164714	0.07659036	0.004695674	0.003134741	0.001721568	0.001715515	0.001319852	0.0004708223	0.0001207209	0.0001027684	9.042392e-05	8.342577e-05	8.095522e-05	7.917384e-05	7.767741e-05	7.922572e-05	6.040177e-05	5.052648e-05	4.751297e-05	4.203253e-05	3.520041e-05	1.996128e-05	8.22119e-06	1.084093e-06	9.937688e-09	6.671244e-09	5.113457e-09	4.416181e-09	3.652634e-09
40	0.640919	0.5438404	0.4161365	0.07644045	0.004619026	0.003082066	0.001683106	0.001682193	0.001293731	0.0004526656	0.0001029424	8.47019e-05	7.201118e-05	6.462289e-05	6.158458e-05	5.916439e-05	5.691995e-05	5.815916e-05	6.002375e-05	5.019222e-05	4.717885e-05	4.191077e-05	3.508213e-05	1.994098e-05	8.217883e-06	1.083511e-06	9.814423e-09	6.623261e-09	5.070644e-09	4.394582e-09
41	0.7828297	0.4423862	0.3402402	0.2071791	0.0764229	0.004601443	0.003065126	0.001665806	0.001680405	0.001291925	0.0004508191	0.00010104	8.274164e-05	6.998579e-05	6.271267e-05	5.960212e-05	5.710328e-05	5.477341e-05	5.601793e-05	5.779365e-05	5.019208e-05	4.717877e-05	4.191073e-05	3.50821e-05	1.994096e-05	8.217879e-06	1.08351e-06	9.814308e-09	6.623143e-09	5.070558e-09
42	0.213627	0.2065863	0.0490779	0.02828619	0.008165018	0.003041301	0.002273208	0.00132418	0.001016658	0.001033412	0.0007726571	0.0001685679	5.109008e-05	4.477781e-05	4.142473e-05	4.275213e-05	4.431047e-05	4.551662e-05	4.573895e-05	4.757983e-05	4.963866e-05	4.458868e-05	4.252374e-05	3.750161e-05	3.069366e-05	1.665445e-05	5.314519e-06	2.263783e-07	5.743339e-09	2.825897e-09
43	0.2507083	0.1911681	0.1842116	0.04541831	0.02718383	0.007494699	0.002556321	0.001819777	0.001273014	0.0009878873	0.001004908	0.0007558351	0.0001536653	4.364957e-05	4.16665e-05	3.867429e-05	3.998496e-05	4.148293e-05	4.309048e-05	4.335104e-05	4.510424e-05	4.706401e-05	4.193041e-05	3.97585e-05	3.462593e-05	2.770014e-05	1.35438e-05	2.060015e-06	2.15693e-07	5.708776e-09
44	0.1913551	0.1601713	0.1426103	0.1429907	0.03846	0.02381804	0.005622444	0.001551687	0.001247395	0.001146618	0.0009063092	0.0009277958	0.0006844134	9.168938e-05	1.544901e-05	1.488878e-05	1.424877e-05	1.474902e-05	1.530086e-05	1.588144e-05	1.558747e-05	1.616037e-05	1.682774e-05	1.060345e-05	9.300218e-06	9.117821e-06	9.436343e-06	3.182879e-06	5.998146e-07	2.106886e-07
45	0.2065041	0.1575719	0.1345886	0.1203108	0.1205521	0.03103031	0.01917793	0.004828374	0.001050738	0.0008324597	0.0007684726	0.000579629	0.0005926096	0.0003710478	8.498825e-05	1.253679e-05	1.199087e-05	1.139847e-05	1.180071e-05	1.224704e-05	1.272661e-05	1.254439e-05	1.303052e-05	1.359287e-05	8.970778e-06	8.076592e-06	8.036786e-06	8.474375e-06	2.370133e-06	5.588362e-07
46	0.0404053	0.03822696	0.03849115	0.03908478	0.03969219	0.04052262	0.0008150171	0.00027748	3.249969e-05	1.486754e-05	9.279964e-06	4.364674e-06	3.407378e-06	3.494418e-06	3.133668e-06	2.645862e-06	2.030389e-07	1.144885e-07	1.084678e-07	1.11724e-07	1.139136e-07	1.112888e-07	1.029706e-07	9.679347e-08	9.018845e-08	7.331681e-08	6.878298e-08	6.73435e-08	6.754134e-08	5.598401e-08
47	0.04454605	0.001332093	0.0009273563	0.0006638465	0.0005399292	0.0004814317	0.0004777697	0.0002979551	4.048559e-05	2.171976e-05	1.083849e-05	5.695141e-06	8.548565e-07	2.466353e-07	2.483255e-07	2.273805e-07	1.987078e-07	1.255159e-07	7.399406e-08	7.158375e-08	7.359481e-08	7.436451e-08	7.02225e-08	6.239807e-08	5.458914e-08	4.613047e-08	3.706885e-08	3.333469e-08	3.104263e-08	2.94663e-08
48	0.5341898	0.00894108	0.0007306614	0.0005039474	0.0002780648	0.000171844	0.0001186486	0.0001079899	4.959669e-05	3.521434e-05	2.112308e-05	1.04877e-05	5.416523e-06	5.944128e-07	8.174593e-08	7.928586e-08	7.21112e-08	6.397449e-08	5.343413e-08	5.385688e-08	5.386543e-08	5.527112e-08	5.534439e-08	5.045094e-08	4.277572e-08	3.413321e-08	2.475349e-08	1.572341e-08	1.125881e-08	8.14921e-09
49	0.6114475	0.5307309	0.008400392	0.0005858173	0.0004598624	0.0002416631	0.0001584518	0.0001108835	0.0001007619	4.860566e-05	3.463324e-05	2.086406e-05	1.029749e-05	5.263709e-06	4.759191e-07	7.43589e-08	7.171152e-08	6.49206e-08	5.728386e-08	4.972449e-08	5.036953e-08	5.083055e-08	5.212989e-08	5.208376e-08	4.706141e-08	4.03984e-08	3.165475e-08	2.216432e-08	1.303513e-08	8.630861e-09
50	0.9205059	0.6069346	0.5305771	0.008393231	0.0005809649	0.0004559152	0.0002377687	0.0001583314	0.0001108122	0.0001006904	4.859723e-05	3.462677e-05	2.086011e-05	1.02954e-05	5.262241e-06	4.750555e-07	7.379494e-08	7.160743e-08	6.483864e-08	5.723981e-08	4.968948e-08	5.034028e-08	5.080745e-08	5.211397e-08	5.207087e-08	4.705009e-08	4.038895e-08	3.165067e-08	2.216172e-08	1.303396e-08
51	0.8075628	0.7507215	0.6018633	0.5298357	0.008127713	0.0004410839	0.0003203932	0.0002279106	0.0001518499	0.0001072076	9.770207e-05	4.822147e-05	3.443437e-05	2.073558e-05	1.023118e-05	5.225886e-06	4.688339e-07	6.870214e-08	6.639982e-08	5.995269e-08	5.272661e-08	4.760421e-08	4.834285e-08	4.89763e-08	5.022216e-08	5.010785e-08	4.501055e-08	3.830081e-08	2.948427e-08	1.990023e-08
52	0.9783608	0.8057166	0.749118	0.6003947	0.5290706	0.008110565	0.0004398826	0.0003195461	0.0002272826	0.0001514866	0.000106951	9.746727e-05	4.810735e-05	3.435211e-05	2.068501e-05	1.020745e-05	5.213753e-06	4.677229e-07	6.851744e-08	6.623866e-08	5.980626e-08	5.259677e-08	4.748551e-08	4.822213e-08	4.88538e-08	5.010208e-08	4.998789e-08	4.490223e-08	3.820787e-08	2.941555e-08
53	0.3503517	0.3525769	0.3240002	0.3258449	0.3285689	0.3300152	0.001744643	2.892492e-05	1.942612e-05	1.380223e-05	9.216663e-06	6.527833e-06	5.951927e-06	2.950723e-06	2.100003e-06	1.277049e-06	6.189297e-07	3.16903e-07	3.013978e-08	5.746044e-09	4.33988e-09	3.895042e-09	3.391363e-09	2.889199e-09	2.926644e-09	2.959384e-09	3.029237e-09	3.018645e-09	2.707266e-09	2.298481e-09
54	0.005442811	0.002432433	0.001700425	0.001440992	0.001354997	0.001352956	0.001325574	0.001339188	2.797239e-06	2.911377e-07	1.737809e-07	1.207875e-07	9.386486e-08	9.103062e-08	4.697731e-08	1.846426e-08	1.23118e-08	7.48952e-09	4.421696e-09	1.986894e-09	1.48968e-09	1.333416e-10	9.467594e-11	6.008214e-11	4.847468e-11	4.149329e-11	3.613588e-11	3.105147e-11	2.754858e-11	2.200543e-11
55	0.02050826	0.003398624	0.0006074057	0.0002533828	8.748376e-05	3.230218e-05	2.303063e-05	5.725635e-06	3.141771e-06	2.58172e-06	1.347666e-07	4.880905e-08	3.122876e-08	2.32324e-08	2.30787e-08	4.620041e-09	3.797413e-09	2.963503e-09	2.331707e-09	2.032909e-09	1.778696e-09	1.449508e-09	9.4136e-11	5.946201e-11	2.979541e-11	2.205531e-11	1.696702e-11	1.152391e-11	6.034842e-12	3.290528e-12
56	0.04152291	0.01997708	0.003342027	0.0005789358	0.0002368301	7.616041e-05	2.863013e-05	1.966067e-05	3.224034e-06	7.195446e-07	1.443048e-07	1.317995e-07	4.642983e-08	2.967687e-08	2.211542e-08	2.201666e-08	4.185808e-09	3.433911e-09	2.690413e-09	2.105706e-09	1.874129e-09	1.64241e-09	1.447687e-09	9.237458e-11	5.802998e-11	2.889883e-11	2.138151e-11	1.63408e-11	1.095489e-11	5.501887e-12
57	0.6186621	0.01057917	0.003829045	0.0006364354	0.0001194928	6.667987e-05	3.683209e-05	9.385574e-06	3.981674e-06	5.69502e-07	1.769972e-07	5.580938e-08	5.184786e-08	1.111454e-08	6.969224e-09	5.387434e-09	5.338794e-09	1.855849e-09	1.722728e-09	1.573284e-09	1.432228e-09	1.412452e-09	1.396726e-09	1.385543e-09	3.61403e-11	1.416084e-11	5.619794e-12	4.138242e-12	3.194902e-12	2.18572e-12
58	0.1165521	0.1106425	0.002414191	0.001277467	0.0002086624	4.627021e-05	1.816825e-05	8.02823e-06	6.092815e-06	1.625521e-06	2.216311e-07	9.048323e-08	4.032902e-08	3.769426e-08	4.558063e-09	2.40228e-09	1.717765e-09	1.650519e-09	3.571795e-10	2.922583e-10	1.939814e-10	9.0055e-11	6.916195e-11	5.102929e-11	2.993796e-11	2.759444e-11	7.47231e-12	1.987496e-12	1.45846e-12	1.16336e-12
59	0.03480729	0.01436416	0.01059405	0.001677165	0.0009048601	0.0001450128	3.423226e-05	1.005638e-05	2.713546e-06	1.571892e-06	1.153315e-06	1.3562e-07	4.651477e-08	1.032526e-08	9.457738e-09	2.631373e-09	1.721052e-09	1.234178e-09	1.181229e-09	2.744303e-10	2.283874e-10	1.460809e-10	5.386509e-11	3.824957e-11	2.549818e-11	8.600982e-12	8.368459e-12	6.043984e-12	1.339137e-12	1.010832e-12
60	0.3412779	0.01640412	0.006490792	0.003749118	0.001232633	0.0006898398	0.0001103158	2.971051e-05	7.810729e-06	2.083748e-06	1.223402e-06	9.115599e-07	9.408591e-08	3.704953e-08	9.131393e-09	8.432889e-09	1.949701e-09	1.293006e-09	9.811832e-10	9.329949e-10	2.343862e-10	1.996372e-10	1.271021e-10	4.274776e-11	3.087258e-11	2.188521e-11	7.535264e-12	7.392964e-12	5.340849e-12	9.994357e-13
61	0.4364621	0.3370127	0.01535685	0.005687982	0.003004787	0.0011695	0.0006760578	0.0001078603	2.914665e-05	7.399267e-06	1.787581e-06	9.839612e-07	7.477784e-07	7.520218e-08	2.073243e-08	2.61346e-09	2.16483e-09	1.811263e-09	1.191924e-09	9.053325e-10	8.567941e-10	2.011358e-10	1.68552e-10	1.086673e-10	2.848385e-11	1.799175e-11	1.000886e-11	2.785576e-12	2.59266e-12	1.991226e-12
62	0.90875	0.3579329	0.257287	0.0152406	0.005679882	0.003003167	0.001169026	0.0006758035	0.0001078121	2.913285e-05	7.387904e-06	1.77827e-06	9.754865e-07	7.453165e-07	7.491083e-08	2.053742e-08	2.548064e-09	2.103735e-09	1.752145e-09	1.135259e-09	8.477267e-10	7.978153e-10	1.414001e-10	1.073362e-10	4.605518e-11	2.83155e-11	1.783668e-11	9.863844e-12	2.719684e-12	2.526758e-12
63	0.795559	0.7798102	0.2300665	0.1362783	0.01489244	0.00555139	0.002905296	0.00107229	0.0005795922	0.0001073904	2.904284e-05	7.323964e-06	1.742213e-06	9.544241e-07	7.288297e-07	7.165304e-08	1.978082e-08	2.435308e-09	2.021671e-09	1.680111e-09	1.075821e-09	7.961739e-10	7.474591e-10	1.175844e-10	9.264711e-11	4.33791e-11	2.651504e-11	1.728826e-11	9.759829e-12	2.685201e-12
64	0.8125326	0.7439584	0.7274331	0.1771278	0.1231455	0.01463551	0.005545908	0.002902819	0.001069979	0.0005773543	0.0001060377	2.791205e-05	7.317573e-06	1.737226e-06	9.509284e-07	7.262399e-07	7.125109e-08	1.962211e-08	2.382654e-09	1.97177e-09	1.631547e-09	1.027953e-09	7.481511e-10	7.443125e-10	1.164648e-10	9.195517e-11	4.307755e-11	2.632604e-11	1.716363e-11	9.696862e-12
65	0.1937758	0.1722861	0.1559496	0.1299929	0.1005647	0.05457263	0.01457533	0.005523808	0.002898409	0.001065998	0.0005737286	0.0001058713	2.78031e-05	7.213302e-06	1.721795e-06	9.422387e-07	7.196454e-07	7.017394e-08	1.931639e-08	2.344517e-09	1.942083e-09	1.606407e-09	1.008181e-09	7.326953e-10	7.300716e-10	1.136087e-10	8.952765e-11	4.11089e-11	2.449713e-11	1.702192e-11
66	0.2476759	0.1354409	0.116789	0.1015423	0.08858077	0.07098588	0.05074085	0.01342847	0.005409389	0.002851639	0.001030749	0.0005480281	8.916571e-05	1.239581e-05	7.017321e-06	1.60641e-06	8.649843e-07	6.497184e-07	6.869889e-08	1.87952e-08	2.164664e-09	1.780137e-09	1.461236e-09	9.329121e-10	6.842611e-10	6.829987e-10	1.124734e-10	8.902186e-11	4.081216e-11	2.427018e-11
67	0.1989681	0.180798	0.105046	0.08889305	0.07551383	0.06358213	0.05094335	0.03838445	0.01263881	0.005309678	0.002822651	0.00101184	0.0005372944	8.618346e-05	1.06707e-05	5.359441e-06	1.375255e-06	7.156376e-07	5.206531e-07	6.454738e-08	1.678315e-08	1.723346e-09	1.418249e-09	1.153262e-09	7.433283e-10	5.486626e-10	5.470655e-10	7.54455e-11	5.474393e-11	3.723289e-11
68	0.4761805	0.1967793	0.1794935	0.1043972	0.08837682	0.07520041	0.06329924	0.05071617	0.03818202	0.01260776	0.005306189	0.002822344	0.001011641	0.0005371808	8.61529e-05	1.065406e-05	5.34632e-06	1.364102e-06	7.12665e-07	5.183777e-07	6.441642e-08	1.672181e-08	1.712644e-09	1.409624e-09	1.146048e-09	7.379665e-10	5.443251e-10	5.427772e-10	7.386539e-11	5.335824e-11
69	0.798982	0.3384841	0.1246584	0.1132931	0.06151801	0.05223963	0.04438633	0.03774104	0.03068813	0.02368493	0.007575548	0.003485369	0.002137133	0.0005370921	0.0002848401	4.589477e-05	5.90958e-06	3.096551e-06	9.81564e-07	5.810701e-07	4.050983e-07	4.968104e-08	1.223414e-08	1.24411e-09	1.006441e-09	8.077518e-10	5.086807e-10	3.675966e-10	3.63198e-10	6.459643e-11
70	0.06730735	0.05953765	0.0498527	0.02912561	0.02736729	0.01643007	0.01372488	0.01149946	0.01009789	0.008561349	0.007076383	0.001243048	0.0003577511	0.0001199659	7.734535e-05	4.04741e-05	6.706753e-06	1.069666e-06	6.669273e-07	3.560438e-07	2.210199e-07	1.807201e-07	3.236039e-08	6.152681e-09	5.981805e-10	4.814248e-10	3.836408e-10	2.343099e-10	1.622925e-10	1.555295e-10
71	0.2137575	0.02788466	0.02571798	0.02311935	0.01336602	0.01271998	0.007721875	0.006213863	0.005046467	0.004629678	0.00412709	0.003679067	0.0003087957	3.583697e-05	1.138565e-05	7.287148e-06	3.739351e-06	7.876367e-07	3.030082e-07	2.611199e-07	2.20343e-07	1.434877e-07	1.119522e-07	2.838713e-08	4.972543e-09	3.953432e-10	3.059782e-10	2.326252e-10	1.502749e-10	1.054537e-10
72	0.03218533	0.02535567	0.01673498	0.01520356	0.01366472	0.007650217	0.007356435	0.004337065	0.003459053	0.002766183	0.002629622	0.002447008	0.002302721	0.0001194702	1.467942e-05	4.58274e-06	2.961205e-06	1.418676e-06	3.572792e-07	1.841231e-07	1.634689e-07	1.49684e-07	1.039655e-07	8.025131e-08	2.691249e-08	4.527611e-09	2.929789e-10	2.144296e-10	1.526397e-10	1.01756e-10
73	0.1968889	0.03171868	0.02505481	0.01660222	0.01507616	0.01354663	0.00758623	0.007294223	0.004309051	0.003435761	0.002745996	0.002615354	0.00243452	0.002291709	0.0001185394	1.457187e-05	4.548966e-06	2.939631e-06	1.407138e-06	3.549e-07	1.832684e-07	1.627622e-07	1.490944e-07	1.036615e-07	8.002728e-08	2.689569e-08	4.521868e-09	2.920668e-10	2.136795e-10	1.520176e-10
74	0.2780797	0.03441354	0.00386472	0.003242991	0.001299145	0.001304265	0.001184055	0.0007030199	0.0007044333	0.00037486	0.0003637396	0.0003591649	0.0003640092	0.0003253005	0.0003240373	4.690699e-06	1.225986e-06	5.92189e-07	4.657991e-07	3.929714e-08	3.070618e-08	2.857622e-08	1.837825e-08	1.648771e-08	1.214005e-08	9.374933e-09	1.542133e-09	4.631347e-10	4.738432e-11	3.503252e-11
75	0.1488643	0.1454914	0.006954801	0.00189027	0.001845358	0.0007709061	0.0007748523	0.0007179038	0.000381359	0.0003823191	0.0001514084	0.0001429785	0.0001392393	0.0001413824	0.0001430896	0.0001447539	2.274379e-06	8.563425e-07	5.22621e-07	4.212836e-07	1.821674e-08	1.455758e-08	1.380137e-08	8.877448e-09	8.007453e-09	5.881542e-09	4.485907e-09	7.244554e-10	2.047379e-10	2.312776e-11
76	0.2523303	0.1264301	0.1254477	0.005382943	0.001603963	0.001573465	0.0006663416	0.0006696411	0.0006234341	0.0003250841	0.0003258469	0.0001223949	0.0001142572	0.000110417	0.0001121192	0.0001136562	0.0001151737	1.787591e-06	6.738213e-07	4.645125e-07	3.695713e-07	1.487069e-08	1.181387e-08	1.120521e-08	7.19035e-09	6.508103e-09	4.758058e-09	3.620099e-09	5.663282e-10	1.618567e-10
77	0.6489148	0.06927158	0.04412844	0.04208917	0.004298262	0.001586197	0.00155876	0.0006547699	0.0006579276	0.0006153178	0.0003221917	0.0003231128	0.0001216535	0.0001136379	0.0001100418	0.0001117382	0.0001132702	0.0001147826	1.780001e-06	6.703156e-07	4.61729e-07	3.681387e-07	1.462433e-08	1.157511e-08	1.096494e-08	6.96005e-09	6.276167e-09	4.528126e-09	3.606397e-09	5.642732e-10
78	0.01521049	0.004267227	0.002062978	0.001280898	0.001245987	0.0007970776	0.0001459741	0.0001414877	5.177645e-05	5.203597e-05	4.806389e-05	2.603464e-05	2.613757e-05	9.586445e-06	9.410787e-06	9.355642e-06	9.505895e-06	9.639013e-06	9.772248e-06	1.012839e-07	3.704971e-08	2.699889e-08	2.466707e-08	5.155329e-10	4.037352e-10	3.835778e-10	2.292672e-10	2.009505e-10	1.431268e-10	1.264113e-10
79	0.05310264	0.003752443	0.001224457	0.0005896657	0.0001409081	0.000120388	9.190176e-05	3.778795e-05	3.505434e-05	1.114051e-05	1.117719e-05	1.070139e-05	5.419436e-06	5.412726e-06	1.314239e-06	1.182105e-06	1.076919e-06	1.094167e-06	1.110166e-06	1.124625e-06	9.593143e-09	1.41346e-09	4.10898e-10	3.501499e-10	2.596244e-11	2.376965e-11	2.369873e-11	2.173971e-11	1.907645e-11	1.628414e-11
80	0.0653213	0.04465679	0.003375255	0.001152041	0.0005382722	9.444605e-05	7.837954e-05	6.581215e-05	1.243306e-05	1.238063e-05	3.671745e-06	3.67851e-06	3.566554e-06	1.726566e-06	1.732447e-06	3.316855e-07	2.191225e-07	1.879968e-07	1.909284e-07	1.933521e-07	1.958221e-07	1.658566e-09	3.614325e-10	1.740261e-10	1.522487e-10	9.331028e-12	8.246273e-12	8.10605e-12	7.099346e-12	5.158961e-12
81	0.2025235	0.05686289	0.04357901	0.002884997	0.0006404998	4.171575e-05	3.752339e-05	2.097024e-05	9.224675e-06	8.201831e-06	8.200397e-06	1.519621e-06	1.519807e-06	1.436865e-06	8.022938e-07	8.027164e-07	2.768831e-07	1.806484e-07	1.576335e-07	1.601247e-07	1.621202e-07	1.64202e-07	1.377503e-09	3.120979e-10	1.533737e-10	1.342267e-10	7.595638e-12	6.771418e-12	6.65369e-12	5.737458e-12
82	0.1324164	0.1168258	0.01726123	0.004012777	0.002536787	0.0006388065	3.242798e-05	2.836955e-05	1.263167e-05	3.098505e-06	2.346227e-06	2.312725e-06	1.266019e-06	1.265736e-06	1.187619e-06	6.908751e-07	6.903755e-07	2.707087e-07	1.736386e-07	1.503902e-07	1.52804e-07	1.552542e-07	1.574933e-07	1.188543e-09	1.86089e-10	4.561983e-11	3.500792e-11	4.219685e-12	3.801082e-12	3.732686e-12
83	0.1963851	0.1167717	0.1033478	0.01335139	0.001938353	0.0006811598	0.0006300319	1.620814e-05	1.251378e-05	1.200531e-05	2.870218e-06	2.139852e-06	2.109796e-06	1.180948e-06	1.188477e-06	1.117325e-06	6.514641e-07	6.508635e-07	2.520438e-07	1.542095e-07	1.308721e-07	1.330034e-07	1.351753e-07	1.371671e-07	9.898447e-10	1.306085e-10	1.213504e-11	4.466776e-12	3.582896e-12	3.342532e-12
84	0.0827584	0.07158337	0.05946971	0.05800598	0.008442865	0.001030918	5.836625e-05	1.258494e-05	7.934399e-06	5.070109e-06	4.625815e-06	2.587611e-06	1.958266e-06	1.93067e-06	9.961282e-07	1.0012e-06	9.405658e-07	4.810646e-07	4.784607e-07	1.248336e-07	1.174682e-07	9.476477e-08	9.631283e-08	9.790874e-08	9.937718e-08	7.331606e-10	8.89712e-11	7.484547e-12	2.884964e-12	2.324276e-12
85	0.5009849	0.06499085	0.05549915	0.04652313	0.04537469	0.007127969	0.001000118	4.845446e-05	1.005248e-05	6.477517e-06	4.336742e-06	3.926533e-06	2.063597e-06	1.892146e-06	1.865785e-06	9.376696e-07	9.420858e-07	8.928801e-07	4.352629e-07	4.324784e-07	7.879842e-08	7.08363e-08	6.11e-08	6.208492e-08	6.310627e-08	6.406508e-08	5.057547e-10	6.5835e-11	6.684761e-12	2.695589e-12
86	0.81845	0.487806	0.05190858	0.04290548	0.03632013	0.03545477	0.006195215	0.0007890908	4.154763e-05	9.009814e-06	5.770711e-06	3.71571e-06	3.333035e-06	1.829244e-06	1.678357e-06	1.657252e-06	8.43359e-07	8.473819e-07	8.055085e-07	3.850251e-07	3.833673e-07	5.775731e-08	5.059939e-08	4.340422e-08	4.417035e-08	4.492211e-08	4.561589e-08	3.468023e-10	4.657952e-11	5.128545e-12
87	0.8373746	0.795574	0.4745004	0.03864244	0.02972585	0.02572066	0.02564345	0.005164021	0.00075284	1.686198e-05	8.13261e-06	5.285706e-06	3.277349e-06	2.928946e-06	1.692839e-06	1.558018e-06	1.539257e-06	7.64558e-07	7.679178e-07	7.369645e-07	3.363507e-07	3.370125e-07	2.532416e-08	1.931336e-08	1.658396e-08	1.687692e-08	1.716073e-08	1.743337e-08	1.544744e-10	2.520292e-11
88	0.8797909	0.7940449	0.7916865	0.4696143	0.02818179	0.01956965	0.0176039	0.01756774	0.004841851	0.0007426776	1.136034e-05	6.439366e-06	4.087253e-06	2.355784e-06	2.015156e-06	1.31416e-06	1.283303e-06	1.267933e-06	6.250229e-07	6.277401e-07	6.033921e-07	2.734325e-07	2.741907e-07	1.473665e-08	1.087361e-08	9.290073e-09	9.454735e-09	9.617655e-09	9.772224e-09	7.659916e-11
89	0.5022195	0.4764117	0.451486	0.4544566	0.4539987	0.008199233	0.006722079	0.006016464	0.006045948	0.000767582	0.0001059923	2.838185e-06	1.917411e-06	1.46238e-06	1.158948e-06	1.057752e-06	7.445077e-07	7.339581e-07	7.253018e-07	3.513463e-07	3.529254e-07	3.410459e-07	1.520821e-07	1.528199e-07	3.744083e-09	1.708449e-09	1.201311e-09	1.222058e-09	1.240502e-09	1.260574e-09
90	0.06004978	0.009851793	0.007241258	0.004076493	0.003386055	0.002522962	0.002382826	0.001052276	0.000888008	0.0008910373	7.609148e-05	8.329179e-06	3.495992e-07	2.800755e-07	2.28173e-07	1.980074e-07	1.974409e-07	1.487801e-07	1.476968e-07	1.457519e-07	6.561246e-08	6.59177e-08	6.325075e-08	2.819688e-08	2.828683e-08	7.09168e-10	2.554258e-10	1.402708e-10	1.426278e-10	1.448515e-10
91	0.1385675	0.05825948	0.007895364	0.005268301	0.002178704	0.001517504	0.0008896694	0.0007416964	0.0007405636	0.000603719	0.0006032946	6.48831e-05	7.782585e-06	2.54814e-07	2.003245e-07	1.600336e-07	1.351289e-07	1.339592e-07	1.02374e-07	1.016817e-07	1.002718e-07	4.319794e-08	4.341055e-08	4.146547e-08	1.850551e-08	1.854664e-08	5.278565e-10	1.914664e-10	1.045235e-10	1.063048e-10
92	0.01114722	0.01065778	0.001511105	0.001075346	0.0006505635	0.0005694585	0.0004578587	0.0002554686	0.0002447617	0.0002452462	0.0002250252	0.0002277637	1.247898e-05	4.690839e-07	8.125154e-08	7.241183e-08	6.420298e-08	6.068891e-08	6.139843e-08	5.037912e-08	5.040941e-08	4.951519e-08	1.70592e-08	1.714095e-08	1.702953e-08	7.540103e-09	7.634863e-09	6.598295e-11	2.081877e-11	1.127052e-11
93	0.01200859	0.001449189	0.001063936	0.0002163516	0.0001699518	0.0001636164	0.0001038239	1.761645e-05	8.089189e-06	6.491631e-06	6.308032e-06	5.727209e-06	5.709727e-06	1.462002e-06	2.199009e-07	3.36932e-09	2.310446e-09	1.6168e-09	1.102625e-09	1.033023e-09	8.024879e-10	7.920534e-10	7.792543e-10	2.594227e-10	2.607712e-10	2.58649e-10	1.15227e-10	1.166984e-10	2.295351e-12	1.617837e-12
94	0.1320457	0.0006478419	0.0003510843	0.0003509166	4.881579e-05	4.318092e-05	4.167448e-05	6.973386e-06	6.707416e-06	1.698199e-06	1.552487e-06	1.495697e-06	1.315317e-06	1.317985e-06	1.048838e-07	7.901809e-09	6.800552e-10	3.381543e-10	2.934914e-10	2.758967e-10	2.773125e-10	2.13171e-10	2.121669e-10	2.095907e-10	6.17381e-11	6.209072e-11	6.142427e-11	2.778127e-11	2.815258e-11	1.327187e-12
95	0.01698233	0.01253831	0.000332558	0.0003087063	0.000312085	4.098446e-05	3.711263e-05	3.601788e-05	1.018633e-06	9.014782e-07	4.231444e-07	3.703357e-07	3.107867e-07	2.599896e-07	2.573667e-07	2.125587e-08	8.393361e-10	1.648679e-10	3.523454e-11	2.716997e-11	2.395055e-11	2.344462e-11	6.13663e-12	5.022126e-12	4.958173e-12	1.867927e-12	1.885673e-12	1.748329e-12	9.715609e-13	9.83543e-13
96	0.03766188	0.01361449	0.011485	0.0003240136	0.0003081756	0.0003117162	3.913267e-05	3.527698e-05	3.571624e-05	2.610393e-07	1.495847e-07	1.194785e-07	9.413358e-08	3.133921e-08	2.517466e-08	2.436049e-08	2.326146e-09	3.448478e-10	1.031527e-11	4.646406e-12	2.346296e-12	1.504067e-12	1.37668e-12	1.727042e-13	1.081379e-13	1.066557e-13	4.50682e-14	4.556755e-14	4.280041e-14	2.291794e-14
97	0.9056369	0.03685424	0.0134832	0.01134565	6.004054e-05	4.060566e-05	4.058531e-05	3.597785e-05	3.569762e-05	3.615741e-05	2.459296e-07	1.384565e-07	1.119204e-07	9.090461e-08	2.75137e-08	2.296371e-08	2.232326e-08	2.270356e-09	3.450418e-10	9.161836e-12	4.340503e-12	2.060311e-12	1.262629e-12	1.135132e-12	1.193696e-13	6.755167e-14	6.643174e-14	2.697515e-14	2.726689e-14	2.484777e-14
98	0.9674265	0.8847073	0.03401907	0.01327986	0.01147964	5.761659e-05	4.037022e-05	4.043357e-05	3.58532e-05	3.61439e-05	3.661761e-05	1.934386e-07	8.45174e-08	5.735357e-08	3.534898e-08	2.563547e-08	2.132649e-08	2.069069e-08	1.953289e-09	2.967009e-10	7.56561e-12	3.538841e-12	1.389287e-12	7.087028e-13	5.937772e-13	7.36493e-14	3.352079e-14	3.28522e-14	1.552134e-14	1.572259e-14
99	0.253416	0.2423307	0.1616472	0.02536916	0.0125329	0.01155575	1.348483e-05	1.165921e-06	8.901194e-07	5.877438e-07	4.266252e-07	3.986373e-07	1.705749e-07	6.69825e-08	4.342517e-08	2.517141e-08	2.116707e-08	1.801617e-08	1.752784e-08	1.207399e-09	1.766725e-10	4.378221e-12	1.458963e-12	8.224139e-13	4.212719e-13	3.518013e-13	4.096699e-14	1.927681e-14	1.88773e-14	1.034211e-14
100	0.2407706	0.2018452	0.1915412	0.1141661	0.01124416	0.001288672	0.0003550348	1.186686e-05	6.562136e-07	4.251359e-07	1.903952e-07	1.687239e-07	1.655172e-07	2.298378e-08	2.050989e-08	9.733992e-09	7.174873e-09	3.478263e-09	1.70067e-09	1.654885e-09	8.20424e-10	1.436393e-10	1.540311e-12	8.97632e-13	4.161628e-13	1.16468e-13	6.367387e-14	8.082781e-15	3.79513e-15	3.638694e-15
101	0.2446692	0.2207011	0.1976149	0.1873339	0.1106031	0.01090187	0.001263172	0.0003524253	6.965075e-06	6.31299e-07	4.040781e-07	1.751662e-07	1.590233e-07	1.57431e-07	1.392506e-08	1.217625e-08	6.974845e-09	6.554672e-09	2.817947e-09	1.140353e-09	1.122843e-09	7.731114e-10	1.328796e-10	1.179586e-12	8.107367e-13	3.441654e-13	5.61153e-14	4.497093e-15	1.174718e-15	4.843395e-16
102	0.8222074	0.1677419	0.1448163	0.1205509	0.1161349	0.1112508	0.01099028	0.001274158	0.000357113	7.00067e-06	6.181373e-07	4.012718e-07	1.704572e-07	1.552618e-07	1.549499e-07	9.467335e-09	7.797072e-09	6.85497e-09	6.617554e-09	2.826352e-09	1.12897e-09	1.117639e-09	7.803994e-10	1.342584e-10	1.174135e-12	8.195309e-13	3.471523e-13	5.586879e-14	3.616146e-15	1.094295e-15
103	0.627283	0.609479	0.1159006	0.09242516	0.0671995	0.06202565	0.0563601	0.008789414	0.00128987	0.0003620351	7.082879e-06	6.217874e-07	4.022865e-07	1.700248e-07	1.552488e-07	1.550023e-07	7.930023e-09	6.258329e-09	5.309968e-09	5.082122e-09	1.245217e-09	1.134818e-09	1.125052e-09	7.920487e-10	1.363627e-10	1.181925e-12	8.255548e-13	3.52238e-13	5.622179e-14	3.081166e-15
104	0.4258742	0.4007898	0.3910785	0.08630359	0.06343279	0.03763642	0.0320573	0.02597338	0.008721764	0.001296725	0.0003658704	6.953048e-06	4.638867e-07	2.411945e-07	2.611124e-08	9.211076e-09	6.725851e-09	4.317359e-09	2.595779e-09	1.594388e-09	1.31673e-09	1.228048e-09	1.122037e-09	1.112858e-09	7.971256e-10	1.372509e-10	1.07769e-12	7.21619e-13	3.539965e-13	5.571233e-14
105	0.3966346	0.2131099	0.1936707	0.1816048	0.08682916	0.0637433	0.03761172	0.03195618	0.02578827	0.008493948	0.000968128	1.907956e-05	7.053944e-06	4.698101e-07	2.438592e-07	2.568053e-08	8.748966e-09	6.219578e-09	3.920272e-09	2.490124e-09	1.471668e-09	1.188651e-09	1.096525e-09	1.083143e-09	1.073228e-09	8.114703e-10	1.397805e-10	1.095369e-12	7.346552e-13	3.60443e-13
106	0.1998302	0.1821649	0.1543766	0.1401118	0.1280881	0.06821778	0.04786815	0.03684268	0.03131647	0.02554226	0.008410664	0.0009653478	1.891848e-05	6.917257e-06	4.676601e-07	2.419886e-07	2.407148e-08	8.503643e-09	6.18785e-09	3.890856e-09	2.46202e-09	1.465295e-09	1.188703e-09	1.095385e-09	1.08281e-09	1.073711e-09	8.134467e-10	1.400034e-10	1.095241e-12	7.362295e-13
107	0.3341976	0.1641928	0.1505268	0.1283188	0.1170662	0.1074728	0.05392378	0.0378317	0.02912998	0.02478271	0.02025897	0.006672557	0.0007650143	1.502176e-05	5.479237e-06	3.711935e-07	1.933058e-07	1.912559e-08	6.727158e-09	4.965009e-09	3.124399e-09	1.987798e-09	1.19642e-09	9.748893e-10	8.806176e-10	8.699619e-10	8.631931e-10	6.540828e-10	1.120425e-10	8.732917e-13
108	0.8467863	0.3307414	0.1632634	0.149551	0.1272874	0.1159298	0.1062364	0.05463594	0.03833345	0.0295171	0.02511357	0.02052946	0.006769787	0.000776373	1.524002e-05	5.562938e-06	3.767348e-07	1.961237e-07	1.936824e-08	6.771838e-09	4.981233e-09	3.175073e-09	2.020317e-09	1.21571e-09	9.906089e-10	8.949396e-10	8.855461e-10	8.789511e-10	6.66611e-10	1.142315e-10
109	0.8968683	0.8400683	0.3313374	0.1643599	0.1506274	0.1282495	0.1168063	0.107598	0.05539384	0.03887278	0.02993823	0.02547698	0.02083081	0.006870824	0.0007881353	1.547424e-05	5.649856e-06	3.827123e-07	1.992845e-07	1.968401e-08	6.883324e-09	5.064273e-09	3.228427e-09	2.054484e-09	1.236133e-09	1.007318e-09	9.114351e-10	9.02192e-10	8.957927e-10	6.796751e-10
110	0.2344599	0.183464	0.1699412	0.1188621	0.02619414	0.02569517	0.02503324	0.02457997	0.02480065	0.000241434	0.0001152016	8.379168e-05	7.257964e-05	5.890988e-05	1.761908e-05	2.007823e-06	3.97659e-08	1.439528e-08	9.964247e-10	5.29035e-10	7.292238e-11	2.304032e-11	1.728914e-11	1.204664e-11	8.396556e-12	6.234401e-12	5.642462e-12	5.69869e-12	2.403854e-12	2.373631e-12
111	0.1616224	0.1425918	0.1427305	0.1301677	0.08950905	0.01289283	0.01238515	0.01187788	0.01134895	0.01147923	4.822189e-05	8.524142e-06	4.247936e-06	4.183922e-06	3.37895e-06	1.844521e-07	2.07911e-08	5.324293e-10	1.503358e-10	1.354329e-11	8.793522e-12	2.668204e-12	2.074123e-12	9.189655e-13	7.870781e-13	2.218257e-13	1.157025e-13	7.526613e-14	7.501735e-14	6.722041e-14
112	0.1986994	0.1394949	0.1206359	0.1210289	0.1089481	0.07761438	0.002862953	0.002431393	0.002017403	0.001975197	0.001981437	8.669036e-06	1.937415e-06	1.15973e-06	1.109441e-06	9.163875e-07	9.659365e-08	1.106828e-08	3.026171e-10	8.054944e-11	7.346778e-12	4.790532e-12	1.104311e-12	7.454499e-13	6.955303e-13	6.045427e-13	1.511675e-13	7.323024e-14	4.110605e-14	4.058647e-14
113	0.07352883	0.06027394	0.0572721	0.03827748	0.03867996	0.02536054	0.003794098	0.0008607465	0.0005259352	0.0001951197	0.0001511929	0.0001388108	1.759507e-06	6.925014e-07	5.130772e-07	4.546691e-07	3.808018e-07	9.348396e-08	1.076671e-08	2.532496e-10	7.781377e-11	6.226257e-12	3.746306e-12	5.880861e-13	2.597371e-13	2.082181e-13	1.551265e-13	1.231186e-13	5.699622e-14	2.816446e-14
114	0.05014586	0.04762567	0.04546107	0.04475779	0.02558321	0.02591546	0.01231264	0.001727508	0.0002694791	0.0002102234	0.0001214628	0.000100305	9.454658e-05	1.213565e-06	6.612026e-07	5.012254e-07	4.418566e-07	3.700466e-07	9.480643e-08	1.091262e-08	2.417531e-10	7.854914e-11	5.920028e-12	3.39925e-12	5.443608e-13	2.156563e-13	1.634529e-13	1.095903e-13	7.691045e-14	4.967794e-14
115	0.1679129	0.01995181	0.0177897	0.01610382	0.01596663	0.01583708	0.0160436	0.002203175	0.0003625903	8.863825e-05	6.846045e-05	3.354367e-05	2.93018e-05	2.838412e-05	9.215962e-07	5.975594e-07	4.637724e-07	4.029995e-07	3.365071e-07	9.603026e-08	1.104241e-08	2.360004e-10	7.943348e-11	5.699912e-12	3.135668e-12	5.339546e-13	2.060527e-13	1.560249e-13	1.026873e-13	7.049566e-14
116	0.8336495	0.06275092	0.01820747	0.01619302	0.01561876	0.01551841	0.01538733	0.01559382	0.001555112	0.0002435675	6.79156e-05	5.282963e-05	2.251576e-05	1.926073e-05	1.85566e-05	8.87184e-07	5.943056e-07	4.625559e-07	4.008855e-07	3.34192e-07	9.743889e-08	1.120591e-08	2.376397e-10	8.063002e-11	5.716677e-12	3.110398e-12	4.939762e-13	2.060378e-13	1.553708e-13	1.01484e-13
117	0.1189844	0.09224727	0.01357136	0.00143181	0.001346161	0.001094763	0.00104942	0.001047119	0.001059731	0.001074299	0.0001672525	4.791394e-05	3.731085e-05	1.10631e-05	9.352176e-06	8.916977e-06	9.379463e-08	5.385786e-08	4.668097e-08	4.536101e-08	4.327895e-08	3.032456e-09	3.733114e-10	2.410188e-11	2.562988e-12	4.179703e-13	3.45394e-13	2.103239e-13	9.955711e-14	7.728696e-14
118	0.2193662	0.09605568	0.07065024	0.01123424	0.0005008747	0.0004713589	0.0002626601	0.0002177658	0.0002155753	0.000216716	0.0002194848	5.434997e-05	2.758916e-05	2.451502e-05	4.895217e-06	4.570544e-06	4.529313e-06	4.756818e-08	2.959542e-08	2.762902e-08	2.793025e-08	2.78683e-08	2.72249e-10	5.083386e-11	1.543458e-11	2.818689e-13	2.356129e-13	2.356844e-13	2.011152e-13	9.55611e-14
119	0.8058116	0.1754682	0.05721514	0.05490301	0.00189251	0.0002711918	0.0002506704	0.0001836403	0.000138225	0.0001360183	0.0001360511	0.0001376954	3.851935e-05	2.515295e-05	2.325046e-05	4.43206e-06	4.247392e-06	4.246505e-06	4.081998e-08	2.420315e-08	2.23928e-08	2.261585e-08	2.2498e-08	2.226203e-10	4.01329e-11	1.327685e-11	2.613536e-13	2.247555e-13	2.249097e-13	1.991348e-13
120	0.8736566	0.8021059	0.1748238	0.05687646	0.05467251	0.001796864	0.0002101232	0.0001971478	0.0001351069	8.916823e-05	8.697449e-05	8.634361e-05	8.739567e-05	3.110962e-05	2.367737e-05	2.260279e-05	4.187016e-06	4.099694e-06	4.126366e-06	3.503278e-08	1.917656e-08	1.7443e-08	1.758743e-08	1.73995e-08	1.795264e-10	3.014938e-11	1.118615e-11	2.515823e-13	2.197833e-13	2.199652e-13
121	0.9339059	0.8112786	0.7667998	0.1734008	0.05616071	0.05449145	0.001350646	0.0001741747	0.000162896	0.0001037359	5.86675e-05	5.645765e-05	5.540819e-05	5.601637e-05	2.660611e-05	2.289786e-05	2.233406e-05	4.061625e-06	4.034434e-06	4.079313e-06	3.149854e-08	1.601908e-08	1.432094e-08	1.441347e-08	1.417773e-08	1.525552e-10	2.381269e-11	9.894239e-12	2.46278e-13	2.174172e-13
122	0.8127803	0.8126379	0.7849542	0.7599094	0.1713553	0.05432169	0.05304244	0.001170495	7.06966e-05	6.395702e-05	1.219042e-05	8.457031e-06	6.646846e-06	4.850146e-06	4.708011e-06	2.689213e-06	2.536231e-06	2.567241e-06	2.591338e-06	2.610834e-06	2.651949e-06	2.15308e-08	1.165026e-08	1.051942e-08	1.054678e-08	1.036516e-08	1.226358e-10	1.711164e-11	8.549715e-12	2.405258e-13
123	0.797638	0.7947655	0.7946355	0.7773306	0.7641827	0.1711941	0.05433164	0.05326057	0.001170635	6.533535e-05	5.891977e-05	1.079148e-05	7.499496e-06	5.94639e-06	4.116672e-06	4.008349e-06	2.561936e-06	2.493355e-06	2.531733e-06	2.564967e-06	2.600832e-06	2.642886e-06	1.493583e-08	5.448072e-09	4.262076e-09	4.176193e-09	3.888897e-09	8.342728e-11	1.469435e-11	6.231868e-12
124	0.9634633	0.7981826	0.7958506	0.7957225	0.7876591	0.7745856	0.1728134	0.05490855	0.05386488	0.001182882	6.448209e-05	5.804042e-05	1.084383e-05	7.525832e-06	5.951636e-06	4.09554e-06	3.985797e-06	2.583039e-06	2.524323e-06	2.564125e-06	2.598855e-06	2.636043e-06	2.679525e-06	1.25802e-08	3.100958e-09	1.873811e-09	1.742116e-09	1.407541e-09	7.92939e-11	1.39783e-11
125	0.3815932	0.3504668	0.2088677	0.2070483	0.207017	0.2002712	0.193067	0.1732633	0.05491366	0.05408764	0.0006706843	4.051604e-05	3.66336e-05	6.162475e-06	4.342931e-06	4.266889e-06	4.046639e-06	4.017524e-06	2.604229e-06	2.551368e-06	2.592495e-06	2.630935e-06	2.671307e-06	2.716209e-06	1.258819e-08	2.995002e-09	1.775236e-09	1.656971e-09	1.330111e-09	7.630109e-11
126	0.2646732	0.2440616	0.2125925	0.08923272	0.0877638	0.08773936	0.08184241	0.07644447	0.05895394	0.05541515	0.05467558	0.0005046506	3.135927e-05	2.83769e-05	5.57969e-06	4.2675e-06	4.209371e-06	4.067785e-06	4.065863e-06	2.631544e-06	2.588041e-06	2.630577e-06	2.670822e-06	2.713213e-06	2.759789e-06	1.258249e-08	2.886128e-09	1.715537e-09	1.639643e-09	1.345981e-09
127	0.9195859	0.1968437	0.1813551	0.1522392	0.06762501	0.0667461	0.06673831	0.06252643	0.06146369	0.05827601	0.05518304	0.05469564	0.0001111184	1.239208e-05	1.186381e-05	3.456925e-06	3.338199e-06	3.322639e-06	3.353077e-06	3.401795e-06	2.431682e-06	2.392405e-06	2.43296e-06	2.472422e-06	2.513892e-06	2.558524e-06	1.120062e-08	2.32151e-09	1.378041e-09	1.397949e-09
128	0.038892	0.03879649	0.03499651	0.03491602	0.01482431	0.009331785	0.008918018	0.008916113	0.006377927	0.005935458	0.004104228	0.002339166	0.002040836	6.08556e-05	5.865868e-06	5.620271e-06	1.668148e-06	1.656951e-06	1.649317e-06	1.669786e-06	1.696243e-06	1.68888e-06	1.65752e-06	1.686122e-06	1.714033e-06	1.74329e-06	1.775305e-06	7.658807e-09	1.508728e-09	8.601275e-10
129	0.02325095	0.0175119	0.0175024	0.01735709	0.01733754	0.006646777	0.003860412	0.003747384	0.003746409	0.002567938	0.002337944	0.001582141	0.001228375	0.00106981	2.058107e-05	2.851071e-06	2.685504e-06	8.702713e-07	8.649777e-07	8.605958e-07	8.714874e-07	8.853939e-07	8.830419e-07	8.839754e-07	8.994443e-07	9.143144e-07	9.298582e-07	9.472822e-07	4.014278e-09	7.396985e-10
130	0.06397981	0.005741181	0.005489056	0.005487306	0.005446376	0.005440426	0.002098507	0.001228267	0.001192804	0.001192498	0.0007883818	0.0007149153	0.0004945006	0.0003835701	0.0003341307	6.63649e-06	8.723232e-07	8.394945e-07	2.693849e-07	2.676781e-07	2.665467e-07	2.69982e-07	2.74462e-07	2.759066e-07	2.759989e-07	2.809638e-07	2.85942e-07	2.911525e-07	2.967142e-07	1.254625e-09
131	0.00669312	0.003086303	0.001306075	0.001275249	0.00127482	0.001264106	0.00126282	0.0004772985	0.0002738664	0.0002668195	0.0002667469	0.0001922371	0.0001726387	0.0001161505	9.003492e-05	7.839444e-05	1.669007e-06	2.14164e-07	1.976164e-07	6.33303e-08	6.280865e-08	6.25347e-08	6.33546e-08	6.442202e-08	6.479045e-08	6.501329e-08	6.620265e-08	6.738995e-08	6.864105e-08	6.997759e-08
132	0.001094619	0.0001877776	5.727807e-05	2.888687e-05	2.799749e-05	2.798334e-05	2.654131e-05	2.642944e-05	2.100551e-05	1.612684e-05	1.558973e-05	1.55881e-05	1.008269e-05	9.230972e-06	1.384424e-06	8.947932e-07	7.973062e-07	2.01359e-07	1.528398e-08	3.211405e-09	6.453665e-10	4.839704e-10	4.678691e-10	4.698104e-10	4.748581e-10	4.587786e-10	4.54201e-10	4.613521e-10	4.680201e-10	4.757751e-10
133	0.101065	0.0004125051	0.0001319716	4.278937e-05	1.935325e-05	1.895097e-05	1.894003e-05	1.815291e-05	1.804778e-05	1.795979e-05	1.442422e-05	1.392521e-05	1.392407e-05	8.830178e-06	8.086113e-06	5.993875e-07	2.846794e-07	2.701223e-07	1.939863e-07	1.413815e-08	1.901659e-09	2.185857e-10	5.734575e-11	4.288902e-11	3.906808e-11	3.674035e-11	1.83686e-11	1.216051e-11	1.104795e-11	9.405609e-12
134	0.8955943	0.05865765	0.0003883066	0.0001248025	4.277036e-05	1.932101e-05	1.891808e-05	1.890709e-05	1.810808e-05	1.80044e-05	1.79268e-05	1.444787e-05	1.395293e-05	1.39518e-05	8.778809e-06	8.025575e-06	5.996787e-07	2.869708e-07	2.726652e-07	1.969524e-07	1.434085e-08	1.914157e-09	2.20334e-10	5.709314e-11	4.242462e-11	3.857788e-11	3.621725e-11	1.765666e-11	1.137612e-11	1.023068e-11
135	0.9608556	0.8886835	0.05951005	0.0003770998	0.000109551	4.278872e-05	1.932856e-05	1.892508e-05	1.891404e-05	1.810878e-05	1.80144e-05	1.793597e-05	1.446304e-05	1.396279e-05	1.396167e-05	8.718582e-06	7.955517e-06	5.987301e-07	2.877411e-07	2.735107e-07	1.972902e-07	1.455408e-08	1.930452e-09	2.222441e-10	5.674644e-11	4.194669e-11	3.805374e-11	3.566019e-11	1.772328e-11	1.148359e-11
136	0.9074204	0.882051	0.8203016	0.05935258	0.0003762594	0.0001096905	4.349397e-05	1.964321e-05	1.923303e-05	1.922179e-05	1.840289e-05	1.83161e-05	1.823662e-05	1.470589e-05	1.419697e-05	1.419584e-05	8.861708e-06	8.085225e-06	6.086957e-07	2.925934e-07	2.781355e-07	2.006284e-07	1.481277e-08	1.962908e-09	2.249997e-10	5.65685e-11	4.151442e-11	3.754785e-11	3.510447e-11	1.786939e-11
137	0.8871563	0.8077203	0.7937815	0.7311725	0.06013306	0.0003816641	0.0001112727	4.426307e-05	1.998687e-05	1.956933e-05	1.955857e-05	1.872475e-05	1.864436e-05	1.856374e-05	1.496997e-05	1.445172e-05	1.445057e-05	9.018769e-06	8.227971e-06	6.195547e-07	2.978472e-07	2.831384e-07	2.042482e-07	1.508735e-08	1.997691e-09	2.279585e-10	5.641017e-11	4.108126e-11	3.703376e-11	3.453572e-11
138	0.2543777	0.2515452	0.2365153	0.2282741	0.2266919	0.0008676348	5.472818e-06	1.054222e-06	2.672257e-07	1.231188e-07	1.189335e-07	1.146557e-07	1.089619e-07	1.077182e-07	1.00513e-07	7.99041e-08	7.667769e-08	7.66695e-08	3.693192e-08	3.276183e-08	3.899229e-09	2.270382e-09	2.076659e-09	9.848949e-10	7.315105e-11	2.356086e-11	1.449751e-11	1.380626e-11	1.370809e-11	1.385855e-11
139	0.2951848	0.2291211	0.2267475	0.212811	0.2047718	0.2043023	0.0005815758	3.707059e-06	6.224665e-07	1.223923e-07	5.568771e-08	5.302114e-08	4.875849e-08	4.678206e-08	4.637273e-08	4.121077e-08	3.193789e-08	3.065079e-08	3.064588e-08	1.3224e-08	1.151061e-08	1.868145e-09	1.190201e-09	1.079307e-09	3.727259e-10	3.332353e-11	1.691995e-11	1.290788e-11	1.265121e-11	1.261286e-11
140	0.2911169	0.2475777	0.20112	0.1989832	0.186526	0.1858554	0.1856277	0.0004699046	2.994199e-06	4.465487e-07	4.540383e-08	1.64452e-08	1.452338e-08	1.423478e-08	1.361117e-08	1.344906e-08	1.124808e-08	8.565119e-09	8.227876e-09	8.224885e-09	3.198146e-09	2.660546e-09	6.561816e-10	4.606636e-10	4.21406e-10	8.728942e-11	1.642189e-11	1.316045e-11	1.161682e-11	1.1529e-11
141	0.2356477	0.2310465	0.2166938	0.182465	0.180502	0.1713799	0.1708632	0.1706933	0.0004276233	2.768448e-06	4.190428e-07	3.438344e-08	1.031385e-08	9.323023e-09	9.093457e-09	8.645346e-09	8.512648e-09	7.16926e-09	5.364931e-09	5.152388e-09	5.149632e-09	1.754324e-09	1.377478e-09	3.97133e-10	2.804094e-10	2.573264e-10	4.788205e-11	1.318699e-11	1.164389e-11	1.066803e-11
142	0.2504255	0.2181851	0.2142469	0.2003014	0.1687651	0.1668695	0.1582141	0.1577186	0.1575544	0.0003949505	2.619914e-06	4.169275e-07	3.309217e-08	9.844141e-09	8.862392e-09	8.629092e-09	8.176588e-09	8.060744e-09	6.736576e-09	5.015677e-09	4.81084e-09	4.808038e-09	1.737676e-09	1.376173e-09	3.883114e-10	2.756962e-10	2.528749e-10	4.720701e-11	1.234919e-11	1.07886e-11
143	0.2450042	0.2332265	0.201017	0.1973652	0.1832414	0.1543564	0.1527588	0.144628	0.1441875	0.1440509	0.0003614979	2.470085e-06	4.170432e-07	3.341888e-08	9.81661e-09	8.851707e-09	8.6206e-09	8.162313e-09	8.048721e-09	6.731372e-09	5.054073e-09	4.847497e-09	4.844961e-09	1.755412e-09	1.390023e-09	3.858262e-10	2.733447e-10	2.505664e-10	4.682786e-11	1.151337e-11
144	0.4666731	0.2281128	0.2165779	0.1837693	0.1803843	0.1659642	0.1397644	0.1382365	0.1305508	0.1301293	0.1299981	0.0003267039	2.314648e-06	4.173372e-07	3.390021e-08	9.865861e-09	8.896873e-09	8.661254e-09	8.194957e-09	8.083841e-09	6.770239e-09	5.132566e-09	4.922544e-09	4.919961e-09	1.776917e-09	1.405868e-09	3.842159e-10	2.71436e-10	2.486521e-10	4.642086e-11
145	0.9995377	0.4543663	0.2106815	0.1989136	0.1654778	0.1624474	0.1477175	0.1244543	0.1230005	0.1157872	0.1153859	0.1152611	0.0002900911	2.138247e-06	4.129598e-07	3.046134e-08	8.118259e-09	7.18792e-09	6.947737e-09	6.636075e-09	6.540949e-09	5.243694e-09	3.869587e-09	3.731982e-09	3.729352e-09	1.602173e-09	1.392466e-09	3.687275e-10	2.668984e-10	2.444185e-10
146	0.99802	0.9979991	0.4404412	0.1912848	0.1796856	0.1456376	0.1431037	0.1285097	0.1082123	0.107073	0.1003574	0.09998826	0.0998721	0.0002519685	1.966075e-06	4.125243e-07	3.044038e-08	7.862246e-09	6.933636e-09	6.694314e-09	6.489144e-09	6.39731e-09	5.104422e-09	3.800938e-09	3.667229e-09	3.666605e-09	1.589685e-09	1.390471e-09	3.648421e-10	2.643842e-10
147	0.9980827	0.996761	0.9967404	0.4262166	0.172677	0.1608086	0.1260276	0.1236581	0.1087345	0.09008469	0.08902586	0.08279108	0.08244257	0.08233116	0.0002085262	1.769763e-06	4.118527e-07	3.079975e-08	7.802677e-09	6.864269e-09	6.619897e-09	6.414103e-09	6.363646e-09	5.078022e-09	3.835815e-09	3.701097e-09	3.700468e-09	1.601656e-09	1.402297e-09	3.614027e-10
148	0.3774598	0.3773173	0.3765321	0.3765126	0.3764973	0.1169983	0.1050934	0.10235	0.1002822	0.08566484	0.0673092	0.06637547	0.06062877	0.06030671	0.0602006	0.0001530104	1.130052e-06	4.08748e-07	3.077617e-08	7.607666e-09	6.65659e-09	6.408199e-09	6.206913e-09	6.162618e-09	4.892396e-09	3.756054e-09	3.624123e-09	3.623761e-09	1.541043e-09	1.345259e-09
149	0.1354296	0.09618932	0.09611476	0.09548121	0.09546456	0.09544979	0.09527046	0.08307568	0.08029503	0.07827684	0.06331293	0.0453536	0.04450593	0.03926702	0.03896685	0.03886512	9.972659e-05	5.416766e-07	6.885185e-08	2.978886e-08	7.013374e-09	6.056313e-09	5.802383e-09	5.602809e-09	5.564397e-09	4.315046e-09	3.269727e-09	3.140628e-09	3.140271e-09	1.481882e-09
150	0.04255168	0.04218218	0.04161314	0.04159966	0.0413549	0.04134886	0.04134499	0.04123626	0.04120831	0.03947483	0.03768492	0.0376163	0.02165085	0.02101218	0.01693266	0.01670959	0.01661851	4.459114e-05	2.720258e-07	5.833908e-08	2.962425e-08	6.819693e-09	5.853704e-09	5.69044e-09	5.488925e-09	5.455765e-09	4.252314e-09	3.294328e-09	3.164041e-09	3.163716e-09
151	0.01608036	0.01524347	0.01517087	0.01494099	0.0149327	0.0148439	0.01483969	0.01483707	0.01479271	0.01476671	0.01447458	0.01339634	0.01337865	0.00342667	0.0033357	0.002509432	0.002434778	0.002381241	9.282035e-06	7.867776e-08	3.079403e-08	1.09341e-08	5.88046e-09	5.238471e-09	5.073481e-09	4.881103e-09	4.851752e-09	3.979232e-09	3.156563e-09	3.029534e-09
152	0.01100702	0.003863116	0.003563991	0.003497714	0.003447634	0.00344141	0.003420833	0.00341957	0.003417669	0.003403391	0.003386789	0.003306695	0.003047975	0.003041117	0.0008337364	0.0008131907	0.0006930773	0.0006362569	0.0006101321	4.9099e-06	5.22231e-08	2.491924e-08	9.376669e-09	4.57492e-09	4.479035e-09	4.311532e-09	4.123463e-09	4.094611e-09	3.710384e-09	3.005344e-09
153	0.01574127	0.003176665	0.001197269	0.001120036	0.001069418	0.001057564	0.001056565	0.00104913	0.001049004	0.001047638	0.001040927	0.001040768	0.001013069	0.0009288981	0.0009274102	0.0002854333	0.0002792355	0.0002429531	0.0002412792	0.0002247293	4.017749e-06	4.484414e-08	2.196727e-08	7.418783e-09	3.448185e-09	3.373467e-09	3.372338e-09	3.187078e-09	3.159907e-09	3.054185e-09
154	0.01838082	0.004215702	0.001094346	0.0002444742	0.0002189304	0.0002169386	0.0002110498	0.0002103477	0.0002068599	0.0002067687	0.0002053852	0.000201339	0.0002012015	0.0001916256	0.00017199	0.000171798	7.706206e-05	7.591005e-05	6.911929e-05	6.880606e-05	6.082749e-05	3.654215e-06	4.118984e-08	2.022265e-08	5.876959e-09	2.662672e-09	2.607585e-09	2.606644e-09	2.496379e-09	2.471463e-09
155	0.8908009	0.01048574	0.003126194	0.001002504	0.0002069078	0.0001815312	0.0001795741	0.0001740206	0.0001733322	0.000171646	0.0001715569	0.0001701518	0.0001661331	0.0001659955	0.0001568504	0.0001412942	0.0001411383	6.818614e-05	6.724483e-05	6.16978e-05	6.144179e-05	5.342435e-05	3.732433e-06	4.207823e-08	2.066304e-08	5.935536e-09	2.690289e-09	2.634669e-09	2.633711e-09	2.5214e-09
156	0.252067	0.2501251	0.001650356	0.0005338565	0.0001256326	5.145988e-05	4.839127e-05	4.785195e-05	4.749703e-05	4.730748e-05	4.708353e-05	4.705024e-05	4.562984e-05	4.529885e-05	4.516324e-05	3.781834e-05	3.447899e-05	3.444224e-05	2.182143e-05	2.162959e-05	2.051222e-05	2.046007e-05	1.348008e-05	1.185207e-07	3.266082e-08	1.766395e-08	4.130596e-09	1.87052e-09	1.833847e-09	1.832972e-09
157	0.1790747	0.1771705	0.1769907	0.00107428	0.0003460363	8.738864e-05	3.452388e-05	3.283762e-05	3.259544e-05	3.238596e-05	3.236373e-05	3.221295e-05	3.220317e-05	3.212019e-05	3.182194e-05	3.181877e-05	2.46999e-05	2.277443e-05	2.275517e-05	1.577338e-05	1.565087e-05	1.492715e-05	1.489373e-05	1.023682e-05	9.201467e-08	1.966819e-08	1.768187e-08	3.909215e-09	1.763187e-09	1.72983e-09
158	0.1148987	0.1081593	0.1073063	0.1072652	0.0006193698	0.0002046432	5.889694e-05	2.211696e-05	2.139585e-05	2.117465e-05	2.108612e-05	2.106922e-05	2.098498e-05	2.097544e-05	2.089075e-05	2.081446e-05	2.081144e-05	1.362933e-05	1.274658e-05	1.273623e-05	9.507028e-06	9.427983e-06	8.959813e-06	8.938162e-06	7.744474e-06	6.663296e-08	5.929135e-09	4.848325e-09	3.729418e-09	1.674435e-09
159	0.1656808	0.07522728	0.06991498	0.06904074	0.06902341	0.0003536965	0.0001197478	3.8314e-05	9.610207e-06	9.039273e-06	8.883763e-06	8.836356e-06	8.819676e-06	8.769467e-06	8.759728e-06	8.672392e-06	8.61296e-06	8.609993e-06	7.302129e-06	7.112831e-06	7.108147e-06	6.195572e-06	6.146384e-06	5.854049e-06	5.84049e-06	5.1891e-06	3.261537e-08	4.733096e-09	3.989906e-09	3.024112e-09
160	0.1404238	0.1386798	0.04535957	0.04083174	0.04018699	0.04017175	0.00019989	7.406253e-05	3.041859e-05	5.92311e-06	5.391167e-06	5.3315e-06	5.305597e-06	5.288792e-06	5.260613e-06	5.250676e-06	5.160591e-06	5.109379e-06	5.106495e-06	3.859611e-06	3.788707e-06	3.787156e-06	3.610849e-06	3.596325e-06	3.510419e-06	3.506332e-06	3.24933e-06	1.047144e-08	6.618329e-10	4.127916e-10
161	0.8260994	0.1330137	0.1317034	0.03516699	0.03081265	0.03015843	0.03015401	0.0001566823	6.159563e-05	2.870355e-05	4.892276e-06	4.358784e-06	4.301532e-06	4.28149e-06	4.281083e-06	4.259213e-06	4.25915e-06	4.259e-06	4.209048e-06	4.208987e-06	2.925453e-06	2.856463e-06	2.85619e-06	2.710049e-06	2.708014e-06	2.696124e-06	2.695541e-06	2.596401e-06	7.926724e-09	3.13495e-10
162	0.9830063	0.8462634	0.1348134	0.1334828	0.03349907	0.0312645	0.03058693	0.03058241	0.0001589864	6.252117e-05	2.915607e-05	4.581931e-06	4.444177e-06	4.384953e-06	4.364903e-06	4.364488e-06	4.343926e-06	4.343861e-06	4.343705e-06	4.298956e-06	4.298893e-06	2.969848e-06	2.898582e-06	2.898304e-06	2.748551e-06	2.746483e-06	2.734408e-06	2.733815e-06	2.648288e-06	8.018374e-09
163	0.8320292	0.8185113	0.7668724	0.03565733	0.03433759	0.03350352	0.0312162	0.03084609	0.03084181	0.000160796	6.35851e-05	2.992685e-05	4.562208e-06	4.421845e-06	4.412602e-06	4.392373e-06	4.391951e-06	4.371194e-06	4.371126e-06	4.370965e-06	4.324794e-06	4.32473e-06	2.980832e-06	2.92369e-06	2.923405e-06	2.77134e-06	2.769239e-06	2.756971e-06	2.756368e-06	2.686573e-06
164	0.853975	0.8333181	0.8196879	0.7924626	0.0349962	0.03365036	0.03278486	0.03178717	0.03140316	0.03139876	0.0001624206	6.459411e-05	3.0766e-05	4.574645e-06	4.438693e-06	4.429221e-06	4.409218e-06	4.408794e-06	4.388688e-06	4.388626e-06	4.388461e-06	4.379984e-06	4.37992e-06	2.985838e-06	2.935099e-06	2.934883e-06	2.821511e-06	2.819811e-06	2.809919e-06	2.809424e-06
165	0.8841505	0.8602297	0.8446131	0.8327666	0.8167407	0.03084567	0.02957953	0.02953453	0.02863331	0.02835185	0.02834883	0.0001483213	6.003545e-05	2.949969e-05	2.849215e-06	2.730477e-06	2.722482e-06	2.705725e-06	2.705364e-06	2.687358e-06	2.687295e-06	2.687125e-06	2.679489e-06	2.679425e-06	2.670167e-06	2.648972e-06	2.648787e-06	2.547207e-06	2.545844e-06	2.53797e-06
166	0.9927004	0.8895108	0.8789794	0.8667446	0.8545086	0.8460611	0.0279611	0.02675742	0.02674588	0.02592162	0.02592051	0.02591743	0.0001382342	5.778429e-05	2.98587e-05	2.592951e-06	2.474491e-06	2.467624e-06	2.452302e-06	2.451954e-06	2.435491e-06	2.435426e-06	2.43525e-06	2.428255e-06	2.428188e-06	2.424467e-06	2.414968e-06	2.414792e-06	2.327858e-06	2.326624e-06
167	0.9885039	0.9848977	0.899999	0.8972728	0.8876131	0.8796141	0.8767011	0.02347152	0.02237683	0.0223744	0.02168358	0.02168339	0.02168322	0.0001207466	5.334395e-05	2.992322e-05	2.190158e-06	2.074186e-06	2.067523e-06	2.054666e-06	2.054494e-06	2.040698e-06	2.040695e-06	2.040689e-06	2.03481e-06	2.034805e-06	2.032303e-06	2.023977e-06	2.023891e-06	1.94702e-06
168	0.2536099	0.2509752	0.2474042	0.1916839	0.1895652	0.1847945	0.1764387	0.1741319	0.01524262	0.01442683	0.01442472	0.01397711	0.01397695	0.01397685	6.228626e-05	1.851686e-05	3.36694e-06	1.460926e-06	1.352148e-06	1.345679e-06	1.337304e-06	1.337191e-06	1.328245e-06	1.328243e-06	1.328238e-06	1.324398e-06	1.324395e-06	1.322487e-06	1.316055e-06	1.316004e-06
169	0.2182814	0.2124826	0.2113485	0.2077995	0.1861683	0.1844189	0.1834659	0.1747165	0.1726398	0.006276333	0.006003088	0.006001331	0.005818098	0.005817977	0.005817927	2.653494e-05	7.881611e-06	1.407056e-06	5.936688e-07	5.849972e-07	5.78722e-07	5.751229e-07	5.75071e-07	5.712726e-07	5.71271e-07	5.71266e-07	5.695887e-07	5.695867e-07	5.683136e-07	5.639295e-07
170	0.202093	0.1944175	0.1897141	0.1896339	0.1860346	0.1857875	0.1852184	0.1851448	0.1759693	0.1747782	0.0001869317	6.844681e-05	6.802761e-05	6.592725e-05	6.591581e-05	6.59092e-05	3.510093e-07	1.059721e-07	1.93966e-08	8.449498e-09	8.241732e-09	8.222374e-09	8.117322e-09	8.111133e-09	8.060766e-09	8.060205e-09	8.055896e-09	8.033021e-09	8.032746e-09	7.960623e-09
171	0.2377128	0.2118278	0.2040302	0.1991558	0.1991236	0.1953354	0.1952497	0.1947452	0.194702	0.1850444	0.1839236	0.0001482975	2.37649e-05	2.332588e-05	2.256906e-05	2.25587e-05	2.255211e-05	1.627626e-07	5.035973e-08	9.595528e-09	4.204562e-09	4.148682e-09	4.134833e-09	4.101665e-09	4.095512e-09	4.07281e-09	4.072234e-09	4.06771e-09	4.055935e-09	4.055667e-09
172	0.2632277	0.2217534	0.2086829	0.2046375	0.2003688	0.2003372	0.1963387	0.1962945	0.1961433	0.1961073	0.1952885	0.1941273	0.000143682	1.226166e-05	1.180984e-05	1.139432e-05	1.138429e-05	1.137895e-05	1.169124e-07	3.692215e-08	7.275918e-09	3.211793e-09	3.170656e-09	3.166671e-09	3.138967e-09	3.137989e-09	3.121915e-09	3.121363e-09	3.120815e-09	3.111512e-09
173	0.9821397	0.273209	0.232275	0.2194691	0.2154756	0.2109833	0.2109721	0.2067385	0.206695	0.2065361	0.2064984	0.2056315	0.2055456	0.0001512021	1.207017e-05	1.159184e-05	1.117772e-05	1.116711e-05	1.116146e-05	1.198429e-07	3.789974e-08	7.485723e-09	3.304624e-09	3.263118e-09	3.25898e-09	3.232335e-09	3.231307e-09	3.215665e-09	3.215087e-09	3.214511e-09
174	0.9812476	0.9636816	0.2815669	0.2443486	0.2320047	0.2278334	0.2231781	0.2231664	0.2186682	0.2186256	0.218522	0.2184825	0.2184815	0.2183911	0.0001596378	1.183318e-05	1.132607e-05	1.09102e-05	1.089906e-05	1.089798e-05	1.22986e-07	3.895058e-08	7.717906e-09	3.411216e-09	3.36854e-09	3.364293e-09	3.336568e-09	3.335713e-09	3.319716e-09	3.319194e-09
175	0.7179452	0.7119206	0.7112926	0.04846102	0.01257486	0.0005555191	0.0004484737	0.0004309756	0.0004273101	0.0004269022	0.0003864341	0.0002874182	0.0002531453	0.0002522524	0.0001742899	0.0001689115	1.158758e-05	1.104685e-05	1.062995e-05	1.061808e-05	1.061697e-05	1.160677e-07	3.668276e-08	7.293276e-09	3.230762e-09	3.189891e-09	3.18577e-09	3.15827e-09	3.157392e-09	3.142182e-09
176	0.7060363	0.6962882	0.6906686	0.6900276	0.04677987	0.01193538	0.0002781634	0.0002448907	0.0002366287	0.0002332302	0.0002330041	0.0001944764	0.0001076392	7.888822e-05	7.810382e-05	1.559669e-05	1.15952e-05	1.13124e-05	1.073345e-05	1.031837e-05	1.030568e-05	1.030451e-05	1.148251e-07	3.629049e-08	7.192484e-09	3.181806e-09	3.14119e-09	3.137163e-09	3.12132e-09	3.120401e-09
177	0.6890692	0.6827784	0.6730542	0.6675774	0.6669992	0.04522445	0.0115298	0.0002344628	0.0002070233	0.0002000555	0.0001966091	0.0001963891	0.0001591697	8.865884e-05	6.522186e-05	6.458715e-05	1.391682e-05	1.066649e-05	1.039731e-05	1.039282e-05	9.978028e-06	9.964596e-06	9.964066e-06	1.13398e-07	3.584373e-08	7.084956e-09	3.135498e-09	3.095144e-09	3.091407e-09	3.075775e-09
178	0.6697901	0.662937	0.6576588	0.6479454	0.6425523	0.6419317	0.04330062	0.01083295	0.0002014203	0.0001751752	0.0001683789	0.0001648803	0.0001646671	0.0001288606	7.25457e-05	5.369763e-05	5.318967e-05	1.273043e-05	1.012847e-05	9.87337e-06	9.868648e-06	9.608924e-06	9.594382e-06	9.593839e-06	1.119423e-07	3.538532e-08	6.96848e-09	3.083164e-09	3.047877e-09	3.044275e-09
179	0.6294045	0.628887	0.6248028	0.6197813	0.6109001	0.6058228	0.6051587	0.0405767	0.01017187	0.0001516431	0.0001274374	0.0001223295	0.0001187792	0.000118576	8.485002e-05	4.927623e-05	3.71068e-05	3.678412e-05	1.11883e-05	9.530011e-06	9.294636e-06	9.293259e-06	9.049617e-06	9.048624e-06	9.048071e-06	1.085609e-07	3.430819e-08	6.719141e-09	2.972948e-09	2.938932e-09
180	0.6491616	0.5973507	0.5969115	0.5946622	0.5908745	0.5826107	0.5776066	0.5770338	0.03861968	0.009635311	7.747303e-05	5.469421e-05	5.03631e-05	4.670902e-05	4.651151e-05	1.44272e-05	1.229633e-05	1.085469e-05	1.083117e-05	9.223864e-06	9.085931e-06	8.866109e-06	8.864926e-06	8.630146e-06	8.629525e-06	8.629124e-06	1.005974e-07	3.167469e-08	6.104372e-09	2.696501e-09
181	0.9938633	0.6424658	0.5917091	0.5912824	0.5890693	0.5862937	0.5793885	0.5742807	0.5742299	0.03842591	0.009588016	7.403526e-05	5.147456e-05	4.738825e-05	4.351301e-05	4.331316e-05	1.138608e-05	1.066303e-05	9.672942e-06	9.666412e-06	9.116335e-06	9.045246e-06	8.824493e-06	8.82403e-06	8.588192e-06	8.588125e-06	8.587884e-06	9.556754e-08	2.99524e-08	5.661267e-09
182	0.9707308	0.9665887	0.6373639	0.5877726	0.5873518	0.5852465	0.5826473	0.5762165	0.5710529	0.5710044	0.0382119	0.009536029	7.286836e-05	5.052828e-05	4.66925e-05	4.254284e-05	4.233992e-05	1.059247e-05	1.023013e-05	9.357069e-06	9.353769e-06	9.055722e-06	9.000343e-06	8.777787e-06	8.77733e-06	8.539996e-06	8.539926e-06	8.539692e-06	8.927768e-08	2.792978e-08
183	0.9642668	0.9614241	0.9571362	0.6312799	0.5816691	0.581254	0.5793034	0.5769758	0.5711144	0.5671793	0.5671337	0.03795408	0.009472492	7.007151e-05	4.801e-05	4.448585e-05	4.199077e-05	4.178384e-05	1.025113e-05	9.996197e-06	9.159321e-06	9.156984e-06	8.99764e-06	8.946296e-06	8.721301e-06	8.720851e-06	8.482161e-06	8.482087e-06	8.481861e-06	8.124343e-08
184	0.9548901	0.9524825	0.9497577	0.9452438	0.6229494	0.5754504	0.5750422	0.5733553	0.5713284	0.5662712	0.5623874	0.5623456	0.03763729	0.009396583	6.897726e-05	4.726429e-05	4.416115e-05	4.153032e-05	4.134272e-05	1.007912e-05	9.858165e-06	9.060328e-06	9.058297e-06	8.923888e-06	8.878111e-06	8.65216e-06	8.651718e-06	8.410363e-06	8.410284e-06	8.410069e-06
185	0.9382647	0.9319145	0.9294116	0.9267979	0.9223163	0.6157916	0.568443	0.5680431	0.566432	0.5648537	0.5608543	0.5572401	0.5572036	0.03729771	0.009315353	6.647911e-05	4.519986e-05	4.266865e-05	4.112983e-05	4.093923e-05	9.961218e-06	9.745915e-06	8.955837e-06	8.953859e-06	8.855789e-06	8.809539e-06	8.579213e-06	8.578782e-06	8.333439e-06	8.333352e-06
186	0.9698385	0.9330297	0.9281244	0.9254582	0.922932	0.9200859	0.6127169	0.5680089	0.5676136	0.566208	0.565191	0.5626089	0.5590351	0.5590053	0.03742603	0.009353538	6.55849e-05	4.456301e-05	4.279294e-05	4.125286e-05	4.107504e-05	9.999235e-06	9.782975e-06	8.993784e-06	8.991801e-06	8.899543e-06	8.854319e-06	8.61629e-06	8.615867e-06	8.36028e-06
187	0.9552103	0.93488	0.9206139	0.9160365	0.9130621	0.9105304	0.9079568	0.6044746	0.5603093	0.5599142	0.5589419	0.5579296	0.5553594	0.5522769	0.5522431	0.03698763	0.009255075	6.485866e-05	4.405745e-05	4.230225e-05	4.078483e-05	4.06046e-05	9.905384e-06	9.691009e-06	8.910959e-06	8.90898e-06	8.817565e-06	8.770646e-06	8.521304e-06	8.520855e-06
188	0.9811652	0.947317	0.9273287	0.9131601	0.9087016	0.9070097	0.9045557	0.9019989	0.6004865	0.5566091	0.556228	0.5552622	0.5542689	0.5517485	0.548686	0.5486529	0.03674635	0.009194941	6.443483e-05	4.376956e-05	4.202688e-05	4.051931e-05	4.034025e-05	9.840436e-06	9.627536e-06	8.85265e-06	8.850715e-06	8.760115e-06	8.713515e-06	8.465791e-06
189	0.99215	0.9769105	0.9432259	0.9233383	0.9092555	0.9049004	0.9032859	0.900939	0.8983924	0.5980673	0.5543633	0.5539899	0.5530279	0.5520609	0.5495566	0.5465062	0.5464893	0.03660114	0.009158724	6.418018e-05	4.359662e-05	4.186104e-05	4.035941e-05	4.018106e-05	9.801425e-06	9.589395e-06	8.817598e-06	8.815689e-06	8.725529e-06	8.679118e-06
