#unpaired probabilities
 #i$	l=1	2	3	4	5	6	7	8	9	10	11	12	13	14	15	16	17	18	19	20	21	22	23	24	25	26	27	28	29	30	
1	0.9999863	NA	NA	NA	NA	NA	NA	NA	NA	NA	NA	NA	NA	NA	NA	NA	NA	NA	NA	NA	NA	NA	NA	NA	NA	NA	NA	NA	NA	NA
2	0.03307194	0.03440752	NA	NA	NA	NA	NA	NA	NA	NA	NA	NA	NA	NA	NA	NA	NA	NA	NA	NA	NA	NA	NA	NA	NA	NA	NA	NA	NA	NA
3	0.2489737	0.0274177	0.02857294	NA	NA	NA	NA	NA	NA	NA	NA	NA	NA	NA	NA	NA	NA	NA	NA	NA	NA	NA	NA	NA	NA	NA	NA	NA	NA	NA
4	0.3525456	0.2022667	0.02487014	0.02655493	NA	NA	NA	NA	NA	NA	NA	NA	NA	NA	NA	NA	NA	NA	NA	NA	NA	NA	NA	NA	NA	NA	NA	NA	NA	NA
5	0.4802829	0.3498829	0.2011561	0.02478507	0.02649708	NA	NA	NA	NA	NA	NA	NA	NA	NA	NA	NA	NA	NA	NA	NA	NA	NA	NA	NA	NA	NA	NA	NA	NA	NA
6	0.9986895	0.480105	0.3497334	0.2010654	0.02477766	0.02649538	NA	NA	NA	NA	NA	NA	NA	NA	NA	NA	NA	NA	NA	NA	NA	NA	NA	NA	NA	NA	NA	NA	NA	NA
7	0.9591432	0.9553859	0.4519125	0.3275362	0.1880512	0.02373166	0.02580682	NA	NA	NA	NA	NA	NA	NA	NA	NA	NA	NA	NA	NA	NA	NA	NA	NA	NA	NA	NA	NA	NA	NA
8	0.4122309	0.4549452	0.5207231	0.09661761	0.05154941	0.02862025	0.002387237	0.002243239	NA	NA	NA	NA	NA	NA	NA	NA	NA	NA	NA	NA	NA	NA	NA	NA	NA	NA	NA	NA	NA	NA
9	0.427443	0.3817738	0.4279995	0.4937418	0.07467778	0.03484062	0.01895445	0.001285404	0.001194268	NA	NA	NA	NA	NA	NA	NA	NA	NA	NA	NA	NA	NA	NA	NA	NA	NA	NA	NA	NA	NA
10	0.4543065	0.3613168	0.3602344	0.4085938	0.4741797	0.06024325	0.02279355	0.01183568	0.0004580096	0.0004615105	NA	NA	NA	NA	NA	NA	NA	NA	NA	NA	NA	NA	NA	NA	NA	NA	NA	NA	NA	NA
11	0.3126021	0.2071553	0.09035225	0.0568252	0.06242788	0.07037669	0.05972811	0.0223422	0.01158497	0.0004330608	0.000436731	NA	NA	NA	NA	NA	NA	NA	NA	NA	NA	NA	NA	NA	NA	NA	NA	NA	NA	NA
12	0.4038796	0.3085215	0.2059277	0.08912143	0.05621641	0.06174729	0.06958947	0.05886516	0.02226057	0.01153992	0.0004297857	0.0004345293	NA	NA	NA	NA	NA	NA	NA	NA	NA	NA	NA	NA	NA	NA	NA	NA	NA	NA
13	0.8300766	0.4038381	0.308488	0.2059007	0.08909611	0.05620268	0.06173236	0.06957217	0.05884741	0.0222448	0.01153339	0.0004293187	0.0004343591	NA	NA	NA	NA	NA	NA	NA	NA	NA	NA	NA	NA	NA	NA	NA	NA	NA
14	0.7148936	0.6887232	0.3208162	0.2354573	0.1460966	0.07288585	0.04592383	0.05037464	0.05672496	0.0481398	0.01890884	0.009698799	0.0003915854	0.0003940006	NA	NA	NA	NA	NA	NA	NA	NA	NA	NA	NA	NA	NA	NA	NA	NA
15	0.568803	0.3755109	0.3291941	0.2524459	0.2026143	0.134944	0.0633491	0.04111222	0.04549003	0.0515319	0.04332004	0.01484563	0.007191859	0.000217683	0.0002355504	NA	NA	NA	NA	NA	NA	NA	NA	NA	NA	NA	NA	NA	NA	NA
16	0.05354321	0.04974653	0.03820832	0.0361622	0.01139765	0.006833502	0.001327187	0.0008515326	0.0006129237	0.0006799116	0.0007747618	0.0006408835	0.0002701282	0.0001350389	6.174375e-06	6.151037e-06	NA	NA	NA	NA	NA	NA	NA	NA	NA	NA	NA	NA	NA	NA
17	0.03250336	0.02743629	0.02686585	0.02000882	0.02130543	0.000570554	0.0004084869	0.0001666976	0.0001476928	0.0001286621	0.0001424345	0.0001640807	0.0001294207	9.735182e-05	4.678027e-05	2.521233e-06	2.202288e-06	NA	NA	NA	NA	NA	NA	NA	NA	NA	NA	NA	NA	NA
18	0.3071884	0.01659856	0.01232517	0.01249833	0.01202396	0.01283877	0.0003169397	0.0002133925	5.732195e-05	4.255418e-05	2.793851e-05	3.029667e-05	3.438796e-05	3.172072e-05	2.239363e-05	1.26552e-05	7.772293e-07	4.638704e-07	NA	NA	NA	NA	NA	NA	NA	NA	NA	NA	NA	NA
19	0.06634731	0.05727804	0.01331349	0.01148023	0.01178519	0.01161388	0.01248687	0.0001116063	9.343889e-05	3.194248e-05	2.644783e-05	1.452597e-05	1.525823e-05	1.712342e-05	1.575236e-05	1.255273e-05	7.414245e-06	5.822165e-07	2.553055e-07	NA	NA	NA	NA	NA	NA	NA	NA	NA	NA	NA
20	0.3460888	0.04303945	0.04090631	0.001674806	0.001582798	0.001269582	0.0004047977	0.0004207273	0.0001009127	8.381083e-05	2.407928e-05	1.951089e-05	1.014074e-05	1.056666e-05	1.192223e-05	1.157364e-05	9.170554e-06	5.565549e-06	4.545521e-07	1.509692e-07	NA	NA	NA	NA	NA	NA	NA	NA	NA	NA
21	0.6475474	0.1092294	0.02502825	0.02306592	0.001464501	0.001482857	0.001202935	0.0003417298	0.0003548568	3.295448e-05	2.706388e-05	2.082369e-05	1.772382e-05	8.96952e-06	9.274008e-06	1.045903e-05	1.031003e-05	8.633358e-06	5.285666e-06	4.445723e-07	1.415243e-07	NA	NA	NA	NA	NA	NA	NA	NA	NA
22	0.7685792	0.6436136	0.1065469	0.02449837	0.02270137	0.001225437	0.001230842	0.001201376	0.0003408245	0.0003541186	3.238922e-05	2.663486e-05	2.063559e-05	1.761209e-05	8.866474e-06	9.157891e-06	1.032513e-05	1.017874e-05	8.536337e-06	5.232479e-06	4.428109e-07	1.396382e-07	NA	NA	NA	NA	NA	NA	NA	NA
23	0.2770366	0.1534519	0.1127176	0.07735058	0.0208389	0.02130481	0.0009497447	0.0009841908	0.001040941	0.0003027922	0.0003236259	8.018989e-06	6.473053e-06	3.676365e-06	3.215675e-06	1.618861e-06	1.690671e-06	1.915241e-06	1.854623e-06	1.530844e-06	9.175288e-07	7.093545e-08	2.583901e-08	NA	NA	NA	NA	NA	NA	NA
24	0.2881248	0.2018279	0.08865098	0.05664713	0.05496319	0.001326878	0.001108282	0.000232171	0.0002309785	0.000245702	0.0002570766	0.0002760384	3.949574e-06	3.38291e-06	8.350374e-07	7.41307e-07	5.138032e-07	5.611442e-07	6.471697e-07	6.022457e-07	4.761506e-07	2.68052e-07	1.622247e-08	7.820337e-09	NA	NA	NA	NA	NA	NA
25	0.2812388	0.2578685	0.1739162	0.06597849	0.05061639	0.04942439	0.001049981	0.0008760293	1.256653e-05	9.115279e-06	9.200196e-06	4.42359e-06	4.06546e-06	3.721334e-06	3.203839e-06	7.137009e-07	6.300783e-07	4.166727e-07	4.526561e-07	5.225434e-07	5.172947e-07	4.108061e-07	2.381801e-07	1.465849e-08	6.345002e-09	NA	NA	NA	NA	NA
26	0.2884739	0.2645653	0.2502496	0.1704584	0.06362497	0.04913601	0.04882616	0.0009661152	0.0008449551	8.950634e-06	6.406506e-06	6.426728e-06	1.76528e-06	1.303834e-06	8.83508e-07	7.740769e-07	6.353174e-07	5.698807e-07	3.771995e-07	4.092002e-07	4.735938e-07	4.746729e-07	3.909842e-07	2.269361e-07	1.401461e-08	5.766549e-09	NA	NA	NA	NA
27	0.2356191	0.1778559	0.1675653	0.1626188	0.1646345	0.0597521	0.04649932	0.04795274	0.0008311064	0.0008020602	5.826876e-06	4.541453e-06	4.632173e-06	1.006527e-06	7.555802e-07	5.386164e-07	5.045863e-07	4.631796e-07	4.051448e-07	2.151602e-07	2.259723e-07	2.616646e-07	2.640159e-07	2.219214e-07	1.348533e-07	1.099652e-08	2.520643e-09	NA	NA	NA
28	0.7078653	0.1113406	0.0968263	0.09984671	0.1035424	0.1078563	0.04275061	0.04453435	0.04672631	0.0007240245	0.0007613224	5.299423e-07	1.621116e-07	1.586563e-07	4.865433e-08	4.179803e-08	3.159747e-08	3.155954e-08	3.133243e-08	3.175778e-08	7.689843e-09	8.240193e-09	9.441591e-09	9.34585e-09	7.655527e-09	4.256952e-09	3.029698e-10	1.46833e-10	NA	NA
29	0.03410687	0.01030412	0.007666243	0.00404711	0.003920947	0.003882032	0.003975284	0.001245312	0.001135745	0.001178797	0.000712736	0.0007511343	4.384033e-07	9.367755e-08	9.517372e-08	2.489294e-08	2.15616e-08	1.484126e-08	1.490928e-08	1.481696e-08	1.451116e-08	3.597455e-09	3.741092e-09	4.298069e-09	4.282022e-09	3.599202e-09	2.181512e-09	1.84217e-10	5.696847e-11	NA
30	0.1317481	0.02289413	0.007974589	0.00662806	0.003186331	0.003065149	0.003012391	0.003076094	0.0006531694	0.0006652477	0.0006863887	0.0007070372	0.0007452632	4.200281e-07	7.97872e-08	8.082409e-08	1.821478e-08	1.496032e-08	8.217973e-09	7.795616e-09	7.114662e-09	6.206586e-09	3.098558e-09	3.224255e-09	3.725903e-09	3.727397e-09	3.140467e-09	1.921246e-09	1.635747e-10	4.448374e-11
31	0.5054281	0.00755551	0.001360425	0.0003008327	0.0002691628	3.511761e-05	2.754763e-05	1.172055e-05	1.032624e-05	7.760426e-06	6.455039e-06	6.517053e-06	4.556496e-07	4.537729e-07	3.41931e-07	1.571717e-08	1.531401e-08	3.963238e-09	4.134578e-09	4.20933e-10	4.257349e-10	2.623766e-10	2.204819e-10	1.195807e-10	1.21868e-10	1.383379e-10	1.082045e-10	9.350069e-11	6.093381e-11	9.106652e-12
32	0.5337572	0.4370298	0.005525593	0.000876788	7.007805e-05	4.100681e-05	2.391555e-05	1.866404e-05	4.208014e-06	3.194101e-06	5.137715e-07	3.378264e-07	2.216542e-07	1.34934e-07	1.269588e-07	1.365266e-08	1.425429e-08	1.383907e-08	3.597128e-09	3.785408e-09	3.149737e-10	3.221576e-10	1.617181e-10	1.336434e-10	7.603395e-11	7.704607e-11	8.634235e-11	7.252346e-11	6.347749e-11	4.270955e-11
33	0.6547613	0.5323284	0.4365396	0.005085062	0.0004364738	5.840223e-05	2.904799e-05	1.186231e-05	6.838555e-06	4.177968e-06	3.176604e-06	4.994565e-07	3.262491e-07	2.165866e-07	1.314405e-07	1.257859e-07	1.25133e-08	1.304739e-08	1.381522e-08	3.577555e-09	3.765506e-09	2.943308e-10	3.003942e-10	1.49056e-10	1.326534e-10	7.525745e-11	7.618938e-11	8.536363e-11	7.153387e-11	6.267772e-11
34	0.8946962	0.5556523	0.5260734	0.4359012	0.004892756	0.0003750921	5.092122e-05	2.446902e-05	8.890881e-06	5.718142e-06	3.696705e-06	2.95734e-06	3.464699e-07	2.365758e-07	1.748196e-07	1.250905e-07	1.234292e-07	1.214315e-08	1.272705e-08	1.35268e-08	3.513546e-09	3.715827e-09	2.56442e-10	2.657208e-10	1.175407e-10	1.059244e-10	6.189881e-11	6.244625e-11	6.988499e-11	5.621208e-11
35	0.7271457	0.7406425	0.519056	0.5089667	0.4319646	0.001312173	9.892706e-05	1.426033e-05	8.044986e-06	1.572821e-06	6.848591e-07	2.627667e-07	1.447563e-07	9.531286e-08	5.467369e-08	3.025996e-08	7.365136e-09	4.221533e-09	3.159191e-09	3.263749e-09	3.459203e-09	3.383535e-09	3.624e-09	2.032983e-10	2.095565e-10	5.726747e-11	5.017496e-11	2.855268e-11	3.014969e-11	3.255653e-11
36	0.6076263	0.5656354	0.5749627	0.5170977	0.5080547	0.4318098	0.001193223	6.240188e-05	8.719313e-06	2.694473e-06	1.35465e-06	5.956544e-07	2.158038e-07	1.143211e-07	7.348109e-08	4.167929e-08	2.028579e-08	3.806381e-09	1.438715e-09	3.956584e-10	3.92832e-10	4.030879e-10	1.949674e-10	1.918295e-10	1.933178e-10	1.987188e-10	4.54007e-11	3.823121e-11	1.776778e-11	1.79741e-11
37	0.5765837	0.5146437	0.4708032	0.4773921	0.419241	0.4238212	0.4305503	0.001185574	5.761767e-05	8.657047e-06	2.652491e-06	1.33311e-06	5.83051e-07	2.10961e-07	1.121898e-07	7.195738e-08	4.078577e-08	1.986328e-08	3.737778e-09	1.410172e-09	3.859291e-10	3.832768e-10	3.932603e-10	1.876883e-10	1.841687e-10	1.851596e-10	1.983585e-10	4.517332e-11	3.808714e-11	1.765557e-11
38	0.9945459	0.5738489	0.5146026	0.4707754	0.477367	0.4192205	0.4238167	0.43055	0.001185456	5.758817e-05	8.653296e-06	2.650711e-06	1.332212e-06	5.826098e-07	2.107749e-07	1.120937e-07	7.18992e-08	4.075269e-08	1.984718e-08	3.73485e-09	1.409051e-09	3.857065e-10	3.830605e-10	3.930376e-10	1.876377e-10	1.841221e-10	1.851159e-10	1.983116e-10	4.512277e-11	3.804662e-11
39	0.4348253	0.4197616	0.2066102	0.1387386	0.08597637	0.08149779	0.01202752	0.004884946	0.0004358691	0.000268614	5.539233e-05	8.492405e-06	2.527259e-06	1.266243e-06	5.665033e-07	2.061527e-07	1.097693e-07	7.023872e-08	3.978138e-08	1.932764e-08	3.563513e-09	1.285564e-09	2.761384e-10	2.674653e-10	2.70114e-10	6.058445e-11	4.79646e-11	3.807331e-11	4.107494e-11	4.463119e-11
40	0.3016205	0.2873194	0.2807067	0.09397386	0.0808594	0.07460186	0.07338286	0.006766432	0.002538006	0.000193551	9.361591e-05	3.111335e-05	7.04138e-06	1.613764e-06	7.578469e-07	3.60251e-07	1.471886e-07	8.018896e-08	4.961196e-08	2.82004e-08	1.371954e-08	2.504261e-09	9.517565e-10	2.057171e-10	2.033142e-10	2.100632e-10	4.132557e-11	3.690289e-11	3.27522e-11	3.532217e-11
41	0.7025564	0.2000931	0.1946415	0.1922222	0.07678688	0.07110406	0.06912192	0.06946539	0.004262395	0.001441579	0.0001124124	4.624363e-05	1.769739e-05	5.952118e-06	8.880787e-07	4.115386e-07	1.979626e-07	8.346859e-08	4.557515e-08	2.687903e-08	1.528874e-08	7.464573e-09	1.401172e-09	5.391767e-10	1.104831e-10	1.085064e-10	1.117329e-10	2.683655e-11	2.502725e-11	2.294972e-11
42	0.5267882	0.2994764	0.1981461	0.19283	0.190464	0.07666086	0.07103833	0.06909169	0.06944147	0.004244162	0.001431105	0.0001065838	4.042508e-05	1.28054e-05	1.262514e-06	8.837325e-07	4.101852e-07	1.972719e-07	8.317477e-08	4.54375e-08	2.680764e-08	1.524909e-08	7.444943e-09	1.397214e-09	5.374457e-10	1.100484e-10	1.080761e-10	1.112852e-10	2.672896e-11	2.492422e-11
43	0.03853487	0.01917691	0.008076963	0.003493506	0.002822998	0.002380043	0.001309597	0.000825165	0.0005923891	0.0004906853	0.0003590135	8.725075e-05	5.515828e-06	2.746517e-06	8.684879e-07	8.425969e-08	5.754135e-08	2.918719e-08	1.411017e-08	5.957243e-09	3.213433e-09	1.909685e-09	1.088771e-09	5.304135e-10	9.832605e-11	3.764211e-11	7.435709e-12	7.255378e-12	7.445263e-12	1.79143e-12
44	0.007070307	0.00239247	0.001288416	0.0003746489	0.0002681089	0.0001388304	0.0001187963	7.537425e-05	6.15196e-05	5.29481e-05	5.00307e-05	8.782294e-06	3.622851e-06	2.278894e-07	1.229257e-07	4.413438e-08	4.131341e-09	2.711966e-09	1.541687e-09	8.191615e-10	3.55788e-10	1.651982e-10	1.108838e-10	6.461872e-11	3.055638e-11	4.733335e-12	1.774005e-12	2.707115e-13	2.354886e-13	2.239966e-13
45	0.07538137	0.003268928	0.001954447	0.001083639	0.0002651921	0.0001907898	7.250243e-05	5.731237e-05	2.796617e-05	1.728906e-05	1.092627e-05	7.953604e-06	4.939736e-06	2.170199e-06	1.632901e-07	8.576609e-08	3.174773e-08	3.075538e-09	2.008544e-09	1.175697e-09	6.249305e-10	2.714526e-10	1.227319e-10	8.592756e-11	5.027501e-11	2.359414e-11	3.521612e-12	1.304029e-12	1.880724e-13	1.577583e-13
46	0.1331366	0.07017118	0.002295553	0.001114305	0.001049071	0.0002420932	0.0001849204	6.830682e-05	5.460505e-05	2.711813e-05	1.669902e-05	1.044556e-05	7.549149e-06	4.728885e-06	2.08156e-06	1.506281e-07	7.850793e-08	2.829903e-08	2.76291e-09	1.815665e-09	1.050113e-09	5.44214e-10	2.332908e-10	1.066262e-10	7.437073e-11	4.345476e-11	2.035293e-11	3.084658e-12	1.144351e-12	1.782862e-13
47	0.4235075	0.07865785	0.01823681	0.001908305	0.0008359489	0.0007693011	0.0002324555	0.0001780712	6.233515e-05	4.92955e-05	2.395017e-05	1.569353e-05	1.009886e-05	7.274815e-06	4.544892e-06	1.983569e-06	1.333187e-07	7.20066e-08	2.666151e-08	2.617478e-09	1.707823e-09	9.760977e-10	5.218923e-10	2.229096e-10	1.015238e-10	7.140689e-11	4.17405e-11	1.952169e-11	2.940344e-12	1.08654e-12
48	0.2193131	0.1886982	0.06293175	0.01722388	0.00139192	0.0005153577	0.0004421241	0.0002264913	0.0001735076	5.825213e-05	4.576732e-05	2.169612e-05	1.449757e-05	9.629242e-06	6.940343e-06	4.333024e-06	1.890994e-06	1.26424e-07	6.804469e-08	2.578425e-08	2.50798e-09	1.625254e-09	9.240681e-10	5.10078e-10	2.186692e-10	9.891584e-11	6.926233e-11	4.00556e-11	1.920564e-11	2.864216e-12
49	0.6397342	0.1543158	0.1272594	0.05272851	0.01488082	0.001121601	0.0003389311	0.0002682138	9.44268e-05	5.105593e-05	4.056958e-05	3.053847e-05	1.649303e-05	1.044035e-05	6.320794e-06	4.59723e-06	2.844194e-06	1.247951e-06	9.461516e-08	5.688025e-08	2.064201e-08	1.913704e-09	1.194033e-09	7.532735e-10	4.383755e-10	1.940861e-10	8.4647e-11	6.058459e-11	3.55685e-11	1.693789e-11
50	0.5910087	0.5407171	0.138272	0.1127596	0.04515307	0.01277621	0.0009266558	0.0001969605	0.0001475732	7.870415e-05	3.833e-05	2.939608e-05	2.162369e-05	1.04519e-05	6.67428e-06	4.166944e-06	3.072193e-06	1.861817e-06	8.203358e-07	6.78037e-08	4.338691e-08	1.767165e-08	1.63729e-09	1.017402e-09	6.531341e-10	3.956358e-10	1.790392e-10	7.89773e-11	5.663261e-11	3.335065e-11
51	0.5365174	0.4940114	0.4639911	0.09390299	0.07726373	0.03092582	0.008739728	0.000661452	0.000110659	7.204922e-05	4.035176e-05	1.788879e-05	1.200935e-05	7.550855e-06	1.341394e-06	8.772969e-07	7.045273e-07	5.758563e-07	2.537881e-07	1.222291e-07	2.714735e-08	2.462564e-08	1.205392e-08	1.105599e-09	6.802154e-10	4.494067e-10	2.987196e-10	1.42747e-10	5.951295e-11	4.288684e-11
52	0.03440134	0.02449523	0.02168016	0.01874084	0.01321771	0.00732893	0.002692321	0.0007758657	6.262439e-05	1.752894e-05	1.457456e-05	1.083307e-05	2.246636e-06	1.69967e-06	1.250561e-06	6.346291e-07	5.195031e-07	4.53196e-07	3.831248e-07	1.326009e-07	5.804186e-08	4.103074e-09	2.32279e-09	1.083011e-09	1.00933e-10	6.233893e-11	4.102759e-11	2.588419e-11	1.150386e-11	4.960565e-12
53	0.1841169	0.0252129	0.01828472	0.0156052	0.01272451	0.00799525	0.007022213	0.002576802	0.000745274	6.021301e-05	1.682623e-05	1.398205e-05	1.042744e-05	2.059774e-06	1.553082e-06	1.142777e-06	5.947009e-07	4.950419e-07	4.392519e-07	3.728902e-07	1.261052e-07	5.519299e-08	3.889452e-09	2.195183e-09	1.027946e-09	9.555925e-11	5.893796e-11	3.896572e-11	2.46752e-11	1.096458e-11
54	0.3831821	0.160553	0.02170027	0.01537505	0.01294852	0.01038568	0.006803405	0.005986266	0.002197169	0.0006251273	5.325286e-05	1.452976e-05	1.196748e-05	9.594109e-06	1.470979e-06	1.044364e-06	7.193518e-07	2.712357e-07	2.370368e-07	2.256061e-07	2.16776e-07	2.498391e-08	1.172479e-08	2.08092e-09	1.788066e-09	8.716075e-10	8.004962e-11	4.925992e-11	3.228615e-11	2.107968e-11
55	0.1873117	0.1791099	0.02162928	0.002032404	0.0007995503	0.0007802297	0.0007410173	0.0006737248	0.0006742548	4.15881e-05	8.696295e-06	8.493839e-07	4.018516e-07	3.770409e-07	2.418823e-07	2.085108e-07	1.981002e-07	1.933777e-07	1.754269e-07	1.743095e-07	1.753745e-07	1.786275e-07	3.561615e-09	1.596845e-09	1.113453e-10	4.612477e-11	1.588667e-11	1.558769e-12	1.059206e-12	5.446194e-13
56	0.4264036	0.1719067	0.1729874	0.01774894	0.000342775	0.0001925345	0.00017201	0.0001391736	7.288748e-05	6.353105e-05	2.245918e-05	6.687662e-06	5.689924e-07	2.231039e-07	2.018379e-07	7.555663e-08	4.61525e-08	3.791335e-08	3.136179e-08	1.518928e-08	9.920951e-09	6.467138e-09	4.835675e-09	3.436818e-09	1.539999e-09	1.036369e-10	3.991513e-11	1.285526e-11	1.24893e-12	8.548509e-13
57	0.724504	0.4161544	0.1709563	0.1720243	0.01768239	0.0003378648	0.0001907959	0.0001705436	0.0001377959	7.174663e-05	6.248735e-05	2.237059e-05	6.683358e-06	5.66656e-07	2.208214e-07	2.013245e-07	7.507257e-08	4.567228e-08	3.742366e-08	3.088235e-08	1.470158e-08	9.424662e-09	5.960814e-09	4.374117e-09	2.961614e-09	1.378453e-09	1.0332e-10	3.990195e-11	1.285152e-11	1.248558e-12
58	0.7299204	0.4871524	0.2200332	0.02085234	0.02033515	0.01613777	0.0003091365	0.000178754	0.0001593889	0.0001292296	6.912753e-05	6.017862e-05	2.1807e-05	6.5639e-06	5.509563e-07	2.127773e-07	1.936175e-07	7.225952e-08	4.437782e-08	3.647541e-08	3.007762e-08	1.420822e-08	9.033751e-09	5.564933e-09	3.968114e-09	2.546124e-09	1.112699e-09	7.471583e-11	3.921871e-11	1.254217e-11
59	0.3522917	0.2960468	0.1182469	0.03924068	0.01540384	0.01554878	0.01268477	0.0002394185	0.0001398068	0.0001266099	0.0001040946	5.265364e-05	4.507139e-05	1.704826e-05	5.459403e-06	4.092433e-07	1.409639e-07	1.250306e-07	4.969816e-08	3.625392e-08	3.171886e-08	2.677464e-08	1.38867e-08	8.960626e-09	5.510699e-09	3.921181e-09	2.520088e-09	1.096131e-09	6.736464e-11	3.305542e-11
60	0.2860639	0.1914492	0.1631271	0.04853393	0.01699181	0.003661433	0.003623704	0.002866618	0.000139264	0.0001044909	9.428162e-05	8.073934e-05	4.379371e-05	3.732142e-05	1.432124e-05	4.616315e-06	3.245213e-07	9.348978e-08	7.884966e-08	3.262169e-08	2.540309e-08	2.172753e-08	1.761396e-08	1.149366e-08	7.150621e-09	4.080594e-09	2.932772e-09	1.888625e-09	8.212397e-10	5.002883e-11
61	0.1556081	0.09344451	0.07853696	0.06803776	0.01839516	0.007015156	0.002267046	0.002267867	0.001643033	5.640172e-05	4.050617e-05	3.720477e-05	3.162904e-05	1.332437e-05	1.160967e-05	4.413554e-06	1.480029e-06	9.656811e-08	4.298062e-08	4.030831e-08	1.642402e-08	1.32168e-08	1.153621e-08	9.557149e-09	6.513983e-09	4.052777e-09	2.308195e-09	1.639393e-09	1.056179e-09	4.597743e-10
62	0.7283259	0.1067327	0.05786357	0.04549832	0.03784396	0.01135855	0.004500261	0.001276431	0.001276463	0.001092881	4.38743e-05	3.209134e-05	2.936659e-05	2.472679e-05	1.110017e-05	9.637078e-06	3.524676e-06	1.104417e-06	8.16322e-08	3.585411e-08	3.35712e-08	1.189783e-08	9.193379e-09	7.92454e-09	6.435028e-09	4.239068e-09	2.892756e-09	1.953774e-09	1.382561e-09	8.881074e-10
63	0.04681091	0.01104342	0.001391461	0.0009952335	0.0008039464	0.0006844512	0.0002097454	0.0001092496	7.984631e-05	7.987317e-05	7.663108e-05	8.66329e-07	3.752458e-07	3.429051e-07	2.723808e-07	9.938628e-08	8.666261e-08	3.213281e-08	9.590653e-09	8.947225e-10	5.022014e-10	4.858528e-10	3.055422e-10	2.809315e-10	2.558325e-10	2.247146e-10	1.452254e-10	7.052713e-11	1.649716e-11	1.156139e-11
64	0.05238251	0.0006959285	0.0003679775	0.0002120943	0.0001454608	0.0001411982	0.0001279121	1.540397e-05	4.342654e-06	1.929418e-06	1.946515e-06	1.77618e-06	2.895192e-08	1.490161e-08	1.316311e-08	1.08994e-08	4.55756e-09	3.980962e-09	1.537631e-09	5.134877e-10	3.917207e-11	1.45377e-11	1.304965e-11	8.803802e-12	7.758609e-12	7.019676e-12	6.158556e-12	3.946096e-12	1.839559e-12	3.1348e-13
65	0.1661112	0.01697269	0.0006617862	0.0003517227	0.0002057999	0.0001407122	0.0001372427	0.0001244367	1.376808e-05	3.302382e-06	1.383861e-06	1.392772e-06	1.267779e-06	2.351048e-08	1.300462e-08	1.142748e-08	9.562622e-09	4.082657e-09	3.563841e-09	1.388976e-09	4.701964e-10	3.460385e-11	1.200002e-11	1.057314e-11	7.286085e-12	6.392004e-12	5.7669e-12	5.044748e-12	3.285105e-12	1.516114e-12
66	0.2372877	0.1561648	0.01659389	0.0006239027	0.0003148644	0.0001913215	0.0001295133	0.0001284283	0.0001171063	1.164132e-05	1.959783e-06	3.974358e-07	3.90402e-07	3.271503e-07	1.309103e-08	8.871687e-09	7.644551e-09	6.551703e-09	3.046591e-09	2.651995e-09	1.07055e-09	3.751826e-10	2.400714e-11	5.412202e-12	4.113836e-12	2.39459e-12	1.865737e-12	1.620833e-12	1.386529e-12	7.105747e-13
67	0.1010782	0.09949959	0.04118854	0.01427594	0.0004888324	0.0001875906	8.992266e-05	8.850588e-05	8.942846e-05	8.648204e-05	8.890862e-06	1.013187e-06	1.946529e-07	1.916503e-07	1.432851e-07	5.312742e-09	3.631149e-09	3.153265e-09	2.676938e-09	4.864259e-10	3.955602e-10	1.426978e-10	4.412532e-11	3.613339e-12	1.654656e-12	1.519972e-12	9.664201e-13	7.134561e-13	6.478728e-13	5.728246e-13
68	0.1511983	0.0642806	0.06224651	0.003571739	0.001671169	0.0004133838	0.0001109589	8.829933e-05	8.68819e-05	8.778556e-05	8.481752e-05	7.218475e-06	7.190173e-07	1.82452e-07	1.792515e-07	1.325758e-07	5.187374e-09	3.603875e-09	3.129256e-09	2.657651e-09	4.741361e-10	3.847319e-10	1.382908e-10	4.258318e-11	3.236844e-12	1.625758e-12	1.496358e-12	9.581999e-13	7.07847e-13	6.431613e-13
69	0.8310042	0.1492132	0.06310846	0.06106127	0.002398927	0.0004964676	0.0003768736	0.0001098071	8.82555e-05	8.684443e-05	8.774806e-05	8.477993e-05	7.187829e-06	7.009059e-07	1.769131e-07	1.740279e-07	1.324791e-07	5.165865e-09	3.59699e-09	3.124106e-09	2.652667e-09	4.731832e-10	3.840715e-10	1.379904e-10	4.243053e-11	3.13788e-12	1.621409e-12	1.49503e-12	9.574302e-13	7.07336e-13
70	0.9309865	0.8279752	0.1485291	0.06254535	0.06062894	0.002125769	0.0002280717	0.0001048083	0.0001058692	8.776975e-05	8.635861e-05	8.725486e-05	8.428135e-05	6.794759e-06	6.95105e-07	1.712281e-07	1.723295e-07	1.307874e-07	5.155315e-09	3.587747e-09	3.116722e-09	2.645594e-09	4.725145e-10	3.836934e-10	1.378235e-10	4.23455e-11	3.078197e-12	1.562269e-12	1.493024e-12	9.558723e-13
71	0.9704102	0.9279822	0.8270287	0.1476716	0.06248525	0.06058102	0.002097954	0.0002106814	9.002811e-05	9.085704e-05	8.763987e-05	8.625626e-05	8.715541e-05	8.418291e-05	6.704734e-06	6.260475e-07	1.67389e-07	1.684252e-07	1.273298e-07	4.294252e-09	3.379489e-09	2.907857e-09	2.630758e-09	4.695267e-10	3.81366e-10	1.370033e-10	4.209223e-11	3.048598e-12	1.544063e-12	1.475145e-12
72	0.7284129	0.7275939	0.7263204	0.7226866	0.0783937	0.003044399	0.001291207	0.0004496398	8.667572e-05	1.033049e-05	1.026731e-05	8.03672e-06	6.820471e-06	6.728175e-06	6.707255e-06	6.412364e-06	4.950047e-07	9.40234e-08	9.468887e-08	6.115786e-08	1.91411e-09	1.529583e-09	1.214654e-09	1.154881e-09	1.527118e-10	1.031105e-10	4.936413e-11	2.113964e-11	9.464118e-13	5.756039e-13
73	0.7539494	0.7273871	0.7267117	0.7255906	0.7223113	0.07804565	0.002926288	0.001174599	0.0003384708	8.120586e-05	5.012824e-06	4.866969e-06	2.571705e-06	1.271076e-06	1.085799e-06	9.683426e-07	5.756309e-07	4.683621e-07	6.860362e-08	6.880064e-08	6.033259e-08	1.900824e-09	1.521604e-09	1.20823e-09	1.149756e-09	1.516689e-10	1.02331e-10	4.911428e-11	2.107581e-11	9.384879e-13
74	0.7058422	0.6714221	0.6586986	0.6573285	0.6554762	0.6521393	0.007182513	0.00285804	0.001117513	0.0003236048	7.872837e-05	3.484857e-06	3.322942e-06	1.550376e-06	1.116977e-06	9.537391e-07	8.466563e-07	4.835552e-07	4.210015e-07	6.736502e-08	6.754947e-08	5.913355e-08	1.016419e-09	6.239668e-10	5.858125e-10	5.203524e-10	9.971988e-11	8.940934e-11	4.672767e-11	2.083052e-11
75	0.8306469	0.6916114	0.6695667	0.6572322	0.65586	0.6540164	0.6506883	0.005724091	0.001395215	0.001113957	0.0003222518	7.859468e-05	3.414079e-06	3.252586e-06	1.513303e-06	1.112823e-06	9.504071e-07	8.437499e-07	4.819023e-07	4.202013e-07	6.704835e-08	6.748769e-08	5.907647e-08	9.742928e-10	5.820661e-10	5.505209e-10	4.846663e-10	9.823567e-11	8.892888e-11	4.660428e-11
76	0.2505537	0.1831076	0.07835988	0.05382948	0.03761351	0.03016461	0.0220913	0.01327747	0.004268061	0.001065341	0.0008437964	0.000248766	7.482009e-05	2.402625e-06	2.248616e-06	1.089742e-06	9.129521e-07	7.957861e-07	7.211834e-07	4.60317e-07	4.115663e-07	6.573986e-08	6.624228e-08	5.807684e-08	6.201156e-10	2.4043e-10	2.209493e-10	1.76427e-10	5.390621e-11	4.684981e-11
77	0.2558486	0.2134411	0.1767976	0.07263878	0.04905471	0.03717677	0.02979477	0.02173717	0.01293573	0.003932957	0.001002253	0.0007802034	0.0001855399	1.123979e-05	2.085127e-06	1.926194e-06	7.683873e-07	5.916593e-07	4.694331e-07	3.894314e-07	1.234957e-07	7.447678e-08	6.003792e-08	6.043538e-08	5.802723e-08	6.12134e-10	2.346847e-10	2.167526e-10	1.723907e-10	5.322427e-11
78	0.2982907	0.2522502	0.2112129	0.1759205	0.07253523	0.04896038	0.03712886	0.02975065	0.02169885	0.01290077	0.003900811	0.0009978421	0.000778704	0.000185188	1.109518e-05	1.951359e-06	1.9069e-06	7.568902e-07	5.803666e-07	4.589352e-07	3.794225e-07	1.163231e-07	7.38176e-08	5.938759e-08	6.038623e-08	5.798042e-08	6.118413e-10	2.344187e-10	2.165345e-10	1.721867e-10
79	0.8911859	0.2886239	0.2495767	0.2088947	0.1750571	0.0717912	0.04823165	0.03695123	0.02958855	0.02156233	0.01277981	0.003793444	0.0009919854	0.0007746954	0.0001844334	1.099112e-05	1.892881e-06	1.847748e-06	7.379942e-07	5.623392e-07	4.445976e-07	3.674181e-07	1.110053e-07	7.039863e-08	5.930824e-08	6.030595e-08	5.795449e-08	5.903696e-10	2.333428e-10	2.155327e-10
80	0.1852295	0.1688729	0.1478448	0.135123	0.1066272	0.09978663	0.007384917	0.006323759	0.005073066	0.004452588	0.003862723	0.003106128	0.002527873	0.0005814043	0.0003870479	0.0001648171	8.853801e-06	8.432197e-07	7.880636e-07	4.104208e-07	2.840097e-07	2.445901e-07	2.180248e-07	9.764959e-08	6.915244e-08	5.91266e-08	6.01344e-08	5.781354e-08	5.279704e-10	1.747929e-10
81	0.2407954	0.1707027	0.1633639	0.1444982	0.1320906	0.1049912	0.1002122	0.007136885	0.006086775	0.005003363	0.004418428	0.003863098	0.003120798	0.002555999	0.0005834588	0.0003862132	0.0001665125	8.802024e-06	7.070988e-07	6.492983e-07	3.442511e-07	2.331734e-07	1.997567e-07	1.767263e-07	6.655693e-08	3.827837e-08	2.768531e-08	2.811968e-08	2.750141e-08	3.312177e-10
82	0.4362698	0.2083722	0.1635025	0.1589667	0.1418083	0.1296178	0.1047215	0.1012489	0.007071604	0.006010992	0.00501548	0.004446497	0.003905081	0.003158501	0.002589049	0.0005876563	0.00038742	0.0001682481	8.795178e-06	6.016627e-07	5.415306e-07	2.933549e-07	1.940585e-07	1.652493e-07	1.449351e-07	4.244348e-08	1.446563e-08	3.272627e-09	3.24641e-09	2.628267e-09
83	0.8295725	0.4042534	0.1804545	0.1388521	0.1344703	0.1176609	0.1053967	0.1048212	0.1016644	0.006865037	0.005834603	0.004880965	0.00432802	0.003805719	0.003078731	0.002526109	0.0005728319	0.0003754913	0.0001653773	8.62904e-06	5.673812e-07	5.078827e-07	2.684461e-07	1.729057e-07	1.448636e-07	1.254289e-07	3.879781e-08	1.264107e-08	1.541189e-09	1.483424e-09
84	0.6374739	0.5072575	0.3840186	0.1761481	0.1380135	0.1341238	0.1178038	0.1056465	0.1053033	0.102694	0.006730966	0.005705455	0.004797624	0.004252795	0.003746288	0.003031443	0.002485582	0.0005705631	0.0003721129	0.0001669638	8.639481e-06	5.017779e-07	4.407175e-07	2.328186e-07	1.478808e-07	1.221911e-07	1.045827e-07	3.688908e-08	1.217945e-08	9.081371e-10
85	0.0331636	0.02223288	0.01703491	0.01045397	0.006057815	0.0021214	0.001702852	0.001203973	0.0006704979	0.0006127679	0.0003696358	0.0002646738	0.0001955849	0.0001745453	0.0001605087	0.0001411225	0.0001214621	0.0001028993	2.015678e-05	1.457466e-05	4.689101e-06	2.582612e-07	3.293719e-08	3.15625e-08	2.529396e-08	2.109236e-08	1.86564e-08	1.68489e-08	2.398297e-09	7.131777e-10
86	0.02198568	0.006354591	0.004670089	0.003513728	0.002208229	0.001849972	0.0004053177	0.0003198552	0.0001791322	0.0001111486	8.853424e-05	5.16358e-05	4.331228e-05	3.641245e-05	3.000847e-05	2.699201e-05	2.356092e-05	1.866745e-05	1.669962e-05	4.211792e-06	2.92772e-06	1.18183e-06	6.227159e-08	4.798274e-09	4.415127e-09	2.884944e-09	2.252329e-09	1.996683e-09	1.797995e-09	6.881893e-10
87	0.2047211	0.01310586	0.003912191	0.002448601	0.00188843	0.0009716229	0.0006341985	0.0003013334	0.0002611686	0.0001652052	0.0001028909	8.063586e-05	5.0234e-05	4.254803e-05	3.562094e-05	2.964242e-05	2.664813e-05	2.329849e-05	1.849126e-05	1.654193e-05	4.111544e-06	2.818986e-06	1.184316e-06	5.882077e-08	3.938927e-09	3.53859e-09	2.169548e-09	1.566599e-09	1.325292e-09	1.140603e-09
88	0.5462734	0.1926959	0.01260508	0.003520742	0.002231717	0.001745145	0.0009235356	0.0005842992	0.0002930326	0.0002563973	0.0001627105	0.0001008223	7.846309e-05	5.038726e-05	4.278368e-05	3.577875e-05	2.983384e-05	2.681039e-05	2.343891e-05	1.865796e-05	1.669275e-05	4.063214e-06	2.748533e-06	1.201729e-06	5.941182e-08	3.628101e-09	3.220498e-09	1.840821e-09	1.231196e-09	9.871427e-10
89	0.6360389	0.4108502	0.05315347	0.0113355	0.00242773	0.001803204	0.001439886	0.0007973656	0.0004771369	0.0002771891	0.000247995	0.0001569701	9.608038e-05	7.382654e-05	4.974868e-05	4.263703e-05	3.554484e-05	2.973753e-05	2.678653e-05	2.368031e-05	1.887258e-05	1.688668e-05	4.054732e-06	2.717525e-06	1.197099e-06	5.926009e-08	3.113995e-09	2.690729e-09	1.440963e-09	9.126303e-10
90	0.4724515	0.4422447	0.3927943	0.04311055	0.006357708	0.001826861	0.001534729	0.001236959	0.0007214331	0.0004220253	0.0002511693	0.0002261459	0.0001375412	7.797616e-05	6.766505e-05	4.767269e-05	4.113276e-05	3.408516e-05	2.883766e-05	2.599833e-05	2.311035e-05	1.834461e-05	1.641904e-05	4.058953e-06	2.71206e-06	1.199077e-06	5.908283e-08	2.58427e-09	2.146349e-09	1.204257e-09
91	0.8322564	0.3853835	0.3649619	0.3140721	0.04320159	0.00635259	0.001771309	0.001515238	0.001215543	0.0006957379	0.0003956551	0.0002227452	0.0001970783	0.0001361307	7.573722e-05	6.529024e-05	4.523588e-05	3.860108e-05	3.143157e-05	2.609338e-05	2.318631e-05	2.023871e-05	1.862021e-05	1.669459e-05	4.129277e-06	2.759838e-06	1.220566e-06	6.015719e-08	2.624391e-09	2.178907e-09
92	0.3180679	0.3179881	0.1233617	0.1164969	0.1119692	0.03081208	0.005646293	0.001454818	0.001244766	0.0009826328	0.0005311339	0.0003136642	0.0001713614	0.0001513027	0.0001030929	5.178758e-05	4.488092e-05	2.976929e-05	2.620598e-05	2.327646e-05	2.077979e-05	1.936766e-05	1.786256e-05	1.666101e-05	1.547428e-05	3.624603e-06	2.309509e-06	1.179612e-06	5.815393e-08	2.290831e-09
93	0.348948	0.3073895	0.3072209	0.1230898	0.1165479	0.1121321	0.02997711	0.005690748	0.001456023	0.001256888	0.0009929524	0.000537644	0.0003174751	0.0001735609	0.0001533319	0.0001044749	5.243088e-05	4.545859e-05	3.017177e-05	2.657493e-05	2.361636e-05	2.110601e-05	1.96831e-05	1.816476e-05	1.694942e-05	1.574817e-05	3.690206e-06	2.35191e-06	1.201515e-06	5.927233e-08
94	0.780287	0.3317408	0.2959999	0.2957666	0.1225495	0.1163675	0.112315	0.02975794	0.005734741	0.001455169	0.001267316	0.001001611	0.0005424841	0.0003197338	0.0001746819	0.0001542825	0.0001054772	5.275103e-05	4.594734e-05	3.049508e-05	2.687477e-05	2.390114e-05	2.138478e-05	1.99566e-05	1.843005e-05	1.720133e-05	1.598564e-05	3.711566e-06	2.348592e-06	1.176215e-06
95	0.9291921	0.7683476	0.3220438	0.2867251	0.2864196	0.1230321	0.1172381	0.1133722	0.02981859	0.005777781	0.001450836	0.001272979	0.001006462	0.0005464558	0.0003220687	0.0001761088	0.0001556525	0.0001063282	5.31857e-05	4.632435e-05	3.083087e-05	2.719561e-05	2.419722e-05	2.168702e-05	2.025217e-05	1.872009e-05	1.748062e-05	1.625248e-05	3.775844e-06	2.389449e-06
96	0.9342939	0.9236566	0.7646439	0.3142721	0.2785594	0.2783339	0.1240883	0.1186348	0.1147809	0.03009518	0.005840936	0.001453997	0.001285865	0.001017118	0.00055407	0.0003265265	0.0001785984	0.0001579444	0.0001079542	5.399663e-05	4.704204e-05	3.132593e-05	2.764408e-05	2.460483e-05	2.206203e-05	2.061051e-05	1.905895e-05	1.780346e-05	1.655876e-05	3.848448e-06
97	0.9037158	0.90022	0.8898525	0.7329695	0.296831	0.2646693	0.2644513	0.1242758	0.1190904	0.1154118	0.02993853	0.005840657	0.001452831	0.001286159	0.001016796	0.0005530132	0.0003261304	0.0001787564	0.0001582453	0.000108178	5.395064e-05	4.706233e-05	3.135854e-05	2.770776e-05	2.469947e-05	2.219479e-05	2.076369e-05	1.922936e-05	1.797382e-05	1.672745e-05
98	0.9979563	0.9026635	0.8991847	0.8886899	0.7310019	0.2894669	0.2567877	0.2564594	0.1258985	0.1207006	0.1170259	0.0303522	0.005916394	0.00146454	0.001297741	0.001028156	0.0005606953	0.0003307061	0.0001810831	0.0001604632	0.0001097153	5.465355e-05	4.765995e-05	3.183106e-05	2.819899e-05	2.514564e-05	2.260381e-05	2.115377e-05	1.959792e-05	1.832576e-05
99	0.9867542	0.9848057	0.8892956	0.8859204	0.8754354	0.7193291	0.2746128	0.2448796	0.2444702	0.1263584	0.1212781	0.1176619	0.02995284	0.005946781	0.001469328	0.001303386	0.001032852	0.0005634466	0.0003324486	0.0001822676	0.0001616256	0.0001105424	5.498718e-05	4.797348e-05	3.208521e-05	2.844919e-05	2.538866e-05	2.284891e-05	2.13995e-05	1.984148e-05
100	0.4265231	0.4236278	0.4275806	0.4112718	0.415295	0.414894	0.3825895	0.1338009	0.1335	0.1349429	0.07959319	0.07991069	0.07999796	0.005484935	0.0005773064	0.0003069191	0.0002794546	0.0002244829	0.0001193701	5.167479e-05	2.813795e-05	2.414358e-05	1.800978e-05	8.8262e-06	8.182291e-06	3.809529e-06	3.013531e-06	2.713142e-06	2.314478e-06	2.148898e-06
101	0.3937042	0.3919224	0.391964	0.3960841	0.385547	0.3898364	0.38978	0.3669046	0.1186157	0.1189671	0.1205696	0.07614687	0.07676454	0.07702957	0.002747159	0.000323542	0.0002175341	0.0002005441	0.0001629172	8.679595e-05	3.102611e-05	1.849963e-05	1.57304e-05	1.239685e-05	5.794645e-06	5.514836e-06	2.225357e-06	1.592068e-06	1.437481e-06	1.147809e-06
102	0.0775401	0.06885117	0.06742947	0.06686442	0.067566	0.06017937	0.06074212	0.06124451	0.04760927	0.03853498	0.03824519	0.03877572	0.003243039	0.002921769	0.002587172	0.0014461	0.0001911236	0.0001444313	0.0001316405	0.0001063679	4.93256e-05	1.948865e-05	1.256049e-05	1.083167e-05	8.724826e-06	4.006755e-06	3.879134e-06	1.373605e-06	9.39012e-07	8.620854e-07
103	0.20919	0.06581835	0.05698777	0.05542565	0.05474459	0.05530007	0.04901954	0.04945125	0.04984485	0.03866778	0.02946953	0.02943594	0.02984716	0.002740171	0.002439282	0.002101704	0.001257222	0.0001609211	0.0001182384	0.0001077308	8.723975e-05	3.898888e-05	1.800767e-05	1.128397e-05	9.804792e-06	8.103476e-06	3.588069e-06	3.488351e-06	1.355682e-06	9.392238e-07
104	0.8745137	0.1496019	0.05649024	0.04770813	0.04612818	0.0453582	0.04580715	0.04054976	0.04088604	0.04120487	0.03199864	0.02267202	0.02269077	0.02301048	0.002347593	0.002064765	0.001740877	0.001047912	0.0001344543	9.750344e-05	8.905282e-05	7.241867e-05	3.223019e-05	1.538661e-05	1.021005e-05	8.972768e-06	7.591431e-06	3.179355e-06	3.094018e-06	1.297171e-06
105	0.7481744	0.6715382	0.1232565	0.0414121	0.03319022	0.03205571	0.03134771	0.03167445	0.02717727	0.02735963	0.02758917	0.02022304	0.0162839	0.01625341	0.01648353	0.002012375	0.001959446	0.001638273	0.001020068	0.0001150738	7.882579e-05	7.216959e-05	5.807869e-05	2.171528e-05	1.104879e-05	5.877592e-06	4.762718e-06	3.451963e-06	2.958514e-06	2.87944e-06
106	0.3005885	0.09976279	0.08468968	0.03257996	0.02430977	0.01945776	0.01906629	0.0182713	0.01848065	0.01656361	0.0166802	0.0168613	0.01395657	0.01017855	0.01024122	0.01039558	0.0007588841	0.0007268589	0.0004324147	7.487754e-05	3.346259e-05	3.215946e-05	2.966012e-05	2.252315e-05	1.075337e-05	2.517181e-06	2.090219e-06	1.659328e-06	1.215862e-06	1.04659e-06
107	0.08494889	0.06641354	0.03703144	0.02902114	0.01689015	0.01491645	0.01428383	0.01419464	0.0133571	0.01351678	0.01212164	0.0122743	0.01241185	0.01040467	0.006538423	0.006570685	0.006671092	0.0003370286	0.0003178125	0.0003198471	5.211563e-05	2.312222e-05	2.239255e-05	2.076088e-05	1.572426e-05	7.953617e-06	1.547269e-06	1.336455e-06	1.040936e-06	7.855877e-07
108	0.03757001	0.03006703	0.02036392	0.01656338	0.01334099	0.01042289	0.009155406	0.008736241	0.008764879	0.008864909	0.008975231	0.008124001	0.008228229	0.008330608	0.007263104	0.003418313	0.003427779	0.003480933	0.0001548689	0.0001435709	0.0001440439	3.697821e-05	1.288088e-05	1.22357e-05	1.132776e-05	8.214291e-06	3.825175e-06	1.065467e-06	9.019058e-07	7.140205e-07
109	0.1133331	0.02777376	0.02019929	0.0122203	0.01020465	0.008576211	0.006930059	0.005728983	0.005278246	0.005263438	0.005326796	0.005388561	0.005241139	0.005307633	0.005380165	0.005040953	0.001113189	0.001103149	0.00112027	7.279772e-05	6.943416e-05	6.941088e-05	1.534037e-05	4.630004e-06	4.279427e-06	4.00686e-06	3.238904e-06	1.837978e-06	5.506407e-07	4.605211e-07
110	0.7825546	0.1073037	0.02372519	0.0161158	0.00888153	0.007659448	0.006705596	0.005600712	0.004421722	0.003955444	0.003923472	0.003973293	0.004016556	0.004040258	0.004091034	0.004150828	0.004123329	0.0001242138	0.0001065594	0.0001078896	2.118179e-05	2.040396e-05	1.986171e-05	6.870707e-06	1.128155e-06	8.681656e-07	8.344723e-07	7.468958e-07	5.040599e-07	3.559908e-07
111	0.9959658	0.7911365	0.1081584	0.02381561	0.01611864	0.008830502	0.007634567	0.006699621	0.005606125	0.004418446	0.003945875	0.003913389	0.003964018	0.004012715	0.004044069	0.004095748	0.004156755	0.004143438	8.038274e-05	6.209563e-05	6.272452e-05	1.922777e-05	1.857297e-05	1.800373e-05	6.74196e-06	9.968251e-07	7.330125e-07	7.094911e-07	6.486424e-07	4.514982e-07
112	0.9966869	0.9942248	0.7979495	0.1085776	0.02340317	0.01579932	0.008464954	0.007310429	0.006385271	0.005309979	0.004441094	0.003962315	0.003929791	0.003981669	0.004033051	0.004070616	0.004123569	0.004186257	0.004185584	5.833632e-05	3.974721e-05	4.003311e-05	1.709906e-05	1.648801e-05	1.590893e-05	6.110706e-06	8.626764e-07	6.176982e-07	6.000786e-07	5.552308e-07
113	0.9656575	0.9648363	0.9650763	0.7855387	0.1061532	0.02224193	0.01558978	0.00828017	0.007196933	0.006306176	0.005270359	0.004403245	0.003981937	0.003950865	0.004004206	0.004056861	0.004100069	0.00416143	0.004226078	0.004238616	4.59107e-05	2.723677e-05	2.733873e-05	1.441437e-05	1.380265e-05	1.378429e-05	5.190759e-06	7.193866e-07	4.975372e-07	4.841561e-07
114	0.09227365	0.08751392	0.08220804	0.07771725	0.04089667	0.02525855	0.01019047	0.004741298	0.003014345	0.00232044	0.001690215	0.001049712	0.0004652289	0.0001446552	8.831211e-05	8.675102e-05	8.043613e-05	6.800675e-05	6.669127e-05	6.623269e-05	3.611447e-05	3.169055e-05	1.329325e-05	1.325322e-05	1.095402e-05	1.041386e-05	1.046785e-05	3.849454e-06	4.721554e-07	3.250801e-07
115	0.1076538	0.07718336	0.07222112	0.06667344	0.06194644	0.03337871	0.02062419	0.01008111	0.004637917	0.002926245	0.002254893	0.001637091	0.001029288	0.0004378501	0.000112066	5.451084e-05	5.263065e-05	4.572896e-05	3.633908e-05	3.451376e-05	3.380376e-05	1.300078e-05	1.067158e-05	9.920395e-06	9.837464e-06	9.36443e-06	8.806931e-06	8.874129e-06	2.91032e-06	3.450445e-07
116	0.2817216	0.0941236	0.07260036	0.06832209	0.06335793	0.05928402	0.03322831	0.02055916	0.01003747	0.004626914	0.002900979	0.002258099	0.00164076	0.001028404	0.0004313171	0.0001019202	4.3758e-05	4.172736e-05	3.991009e-05	3.198794e-05	3.010926e-05	2.938879e-05	1.122326e-05	9.553982e-06	8.89752e-06	9.004453e-06	8.709115e-06	8.147498e-06	8.24598e-06	2.244427e-06
117	0.04933182	0.03586785	0.01365037	0.01071326	0.009583514	0.00854951	0.007333011	0.003084908	0.00161654	0.0006684459	0.000126097	7.406597e-05	5.698446e-05	4.168959e-05	2.032579e-05	1.274854e-05	9.038419e-06	8.169745e-06	8.223521e-06	8.294677e-06	5.95005e-06	5.969149e-06	5.974566e-06	1.964106e-06	1.608053e-06	1.471247e-06	1.484524e-06	1.326996e-06	1.315151e-06	1.295844e-06
118	0.6937384	0.03575172	0.02431204	0.0074771	0.005739199	0.005095798	0.00450494	0.003898241	0.001278841	0.0005103307	0.000223975	7.344248e-05	4.239439e-05	3.361346e-05	2.572925e-05	9.567873e-06	6.945676e-06	5.86701e-06	5.514956e-06	5.564211e-06	5.624804e-06	4.001242e-06	4.027263e-06	4.030757e-06	1.373483e-06	1.078993e-06	9.918352e-07	1.000281e-06	8.576263e-07	8.422985e-07
119	0.04781553	0.04273026	0.01473418	0.008598633	0.003315439	0.002603844	0.002333706	0.00209235	0.001840357	0.0005693606	0.0002266211	9.499725e-05	2.558301e-05	1.378986e-05	9.551254e-06	5.874316e-06	4.465773e-06	3.356256e-06	2.944277e-06	2.782441e-06	2.810236e-06	2.84361e-06	1.955378e-06	1.970182e-06	1.972635e-06	6.428748e-07	5.522318e-07	5.115543e-07	5.169172e-07	4.729864e-07
120	0.1137253	0.03687849	0.03167105	0.01179709	0.005620711	0.002425013	0.001777413	0.001495953	0.001241849	0.0009767086	0.0005337386	0.0002143068	8.765982e-05	1.770153e-05	7.038924e-06	5.175361e-06	3.604187e-06	2.530225e-06	1.569682e-06	1.129342e-06	9.396231e-07	9.407747e-07	9.440944e-07	6.486678e-07	6.4657e-07	6.414527e-07	3.22083e-07	2.609773e-07	2.443309e-07	2.454178e-07
121	0.4121629	0.05404679	0.02078588	0.01555641	0.005557419	0.004873019	0.002093052	0.001473219	0.001197702	0.0009513467	0.0007020214	0.0004166458	0.0001414095	5.773285e-05	1.353582e-05	4.32028e-06	3.174472e-06	2.224859e-06	1.53477e-06	9.320509e-07	6.586516e-07	4.914247e-07	4.872799e-07	4.843311e-07	3.752929e-07	3.703915e-07	3.633313e-07	2.015914e-07	1.468315e-07	1.328235e-07
122	0.2101306	0.1884788	0.0216566	0.01008822	0.007061407	0.002369466	0.002010727	0.00104537	0.0006975637	0.000542605	0.0004038427	0.0002631953	0.0001244642	6.968253e-05	2.761473e-05	5.942795e-06	2.102806e-06	1.542045e-06	1.085434e-06	7.447947e-07	4.462409e-07	3.089019e-07	2.042293e-07	2.006274e-07	1.975212e-07	1.692916e-07	1.657137e-07	1.610703e-07	9.244839e-08	6.705978e-08
123	0.887635	0.2116131	0.1901633	0.02151469	0.009882263	0.006823839	0.002382162	0.002020367	0.001049458	0.0007017012	0.0005452193	0.0004050422	0.0002629022	0.0001251625	6.980098e-05	2.790308e-05	5.985082e-06	2.096719e-06	1.543132e-06	1.087548e-06	7.44354e-07	4.433681e-07	3.04246e-07	1.98026e-07	1.942975e-07	1.910524e-07	1.661389e-07	1.624745e-07	1.577607e-07	9.114576e-08
124	0.7691924	0.7205449	0.1727543	0.1610289	0.01169896	0.008214323	0.005602192	0.002095476	0.001758935	0.0009592421	0.0006356013	0.000487325	0.0003543841	0.0002195048	0.0001058484	5.813515e-05	2.310129e-05	5.107182e-06	1.675288e-06	1.23998e-06	8.776631e-07	5.89708e-07	3.396464e-07	2.260565e-07	1.529119e-07	1.492103e-07	1.458271e-07	1.283324e-07	1.24647e-07	1.208837e-07
125	0.4374286	0.409852	0.3812716	0.07261959	0.06475178	0.008548286	0.007000358	0.004558793	0.001653191	0.001347354	0.000877244	0.0005646999	0.0004200609	0.0002902347	0.0001584253	6.80943e-05	4.053634e-05	1.467699e-05	2.189652e-06	1.12363e-06	8.138137e-07	5.754889e-07	3.904621e-07	2.270138e-07	1.591889e-07	1.06515e-07	1.033829e-07	1.00413e-07	8.873832e-08	8.549898e-08
126	0.6494854	0.4133827	0.3901736	0.3617748	0.07229709	0.06486241	0.008168014	0.006713457	0.004235162	0.001667674	0.001358083	0.0008864506	0.0005701046	0.000423421	0.0002917052	0.0001579175	6.886877e-05	4.100468e-05	1.483496e-05	2.179991e-06	1.105254e-06	8.02514e-07	5.673418e-07	3.83362e-07	2.186952e-07	1.498015e-07	9.611715e-08	9.277099e-08	8.95489e-08	8.054624e-08
127	0.5234873	0.3488036	0.3021706	0.2865744	0.258658	0.03143741	0.02465375	0.007459642	0.006513075	0.004034651	0.001634651	0.001324449	0.000880485	0.0005626857	0.0004147804	0.0002818899	0.0001468435	6.330531e-05	3.761234e-05	1.340483e-05	1.971278e-06	9.744231e-07	7.112002e-07	5.032879e-07	3.390052e-07	1.908217e-07	1.307474e-07	8.155124e-08	7.807824e-08	7.466284e-08
128	0.3793475	0.2189398	0.182707	0.1593314	0.14755	0.1428507	0.01544468	0.009645184	0.007195885	0.006341159	0.003843325	0.001501063	0.00118744	0.000884323	0.0005632982	0.0004136693	0.0002791729	0.0001424211	6.150861e-05	3.707672e-05	1.307754e-05	1.804221e-06	9.057312e-07	6.551222e-07	4.634541e-07	3.159499e-07	1.759381e-07	1.201837e-07	7.210004e-08	6.858464e-08
129	0.4046339	0.3601728	0.2063201	0.1715508	0.1488059	0.1385016	0.1337049	0.01527944	0.009655393	0.007255616	0.00641202	0.003879522	0.001519657	0.001201829	0.0008960867	0.0005706728	0.0004188464	0.0002823183	0.0001434327	6.242963e-05	3.764424e-05	1.327114e-05	1.816763e-06	9.067249e-07	6.555043e-07	4.635456e-07	3.15681e-07	1.733834e-07	1.165637e-07	6.751976e-08
130	0.630824	0.3969973	0.3564076	0.2007155	0.1671038	0.1451928	0.1351696	0.130299	0.01531329	0.009719929	0.007315704	0.006471211	0.003902842	0.001540807	0.001218592	0.0009090798	0.0005791379	0.0004250604	0.0002864519	0.0001453789	6.341677e-05	3.824966e-05	1.348478e-05	1.841591e-06	9.176839e-07	6.632408e-07	4.687558e-07	3.192329e-07	1.744677e-07	1.165761e-07
131	0.9765705	0.6117325	0.3947524	0.3544488	0.196786	0.1635558	0.1417397	0.1318659	0.1269387	0.01532994	0.009795	0.00739548	0.006545059	0.003941211	0.001560992	0.001234666	0.0009214583	0.0005866963	0.0004303553	0.000289657	0.0001463771	6.350553e-05	3.82777e-05	1.345248e-05	1.837025e-06	9.167654e-07	6.62538e-07	4.683464e-07	3.192378e-07	1.73956e-07
132	0.9782172	0.9589524	0.5897837	0.3905543	0.3509055	0.1912825	0.1584715	0.1383686	0.1284582	0.1235035	0.0152858	0.009809624	0.007410982	0.006598559	0.00396894	0.001573467	0.001244064	0.0009277706	0.0005909519	0.0004328874	0.0002905726	0.0001455676	6.326493e-05	3.807874e-05	1.336672e-05	1.83385e-06	9.200862e-07	6.659956e-07	4.708146e-07	3.211323e-07
133	0.8227484	0.8151315	0.8076546	0.4357181	0.3214841	0.2972691	0.137784	0.11123	0.09746962	0.08842915	0.08416637	0.01250905	0.008333961	0.006431357	0.005739157	0.003335482	0.001379068	0.001081139	0.0007979369	0.0004891027	0.0003436696	0.0002125447	7.884789e-05	3.739822e-05	2.187597e-05	6.51732e-06	1.038196e-06	5.852411e-07	4.436071e-07	3.247847e-07
134	0.504373	0.5095863	0.5159071	0.5225438	0.1596641	0.149885	0.1515276	0.009055749	0.00826323	0.007914384	0.005500175	0.005501416	0.0003225656	0.0001888247	2.978893e-05	2.319971e-05	1.755223e-05	4.439711e-06	3.629912e-06	2.326802e-06	1.592175e-06	1.268248e-06	9.774425e-07	6.814906e-07	2.673846e-07	1.538037e-07	6.361674e-08	1.830996e-08	1.130925e-08	9.51792e-09
135	0.005642921	0.004752963	0.004795696	0.004835562	0.004895444	0.004893882	0.002201775	0.002148887	0.002125499	0.001998005	0.001921071	0.0016098	0.001620808	6.349335e-05	2.559834e-05	5.585318e-06	3.779036e-06	3.723022e-06	7.142076e-07	6.944245e-07	2.70834e-07	2.507547e-07	2.512613e-07	2.525396e-07	2.538921e-07	2.72947e-08	1.51691e-08	7.554683e-09	3.477526e-09	2.750363e-09
136	0.01016951	0.001195017	0.001137352	0.001147442	0.001154912	0.001169029	0.00116929	0.0007941932	0.0007767844	0.000786063	0.0007639898	0.0007383422	0.0006039057	0.0006087279	2.424985e-05	1.012969e-05	2.040446e-06	1.309336e-06	1.315471e-06	2.845406e-07	2.805456e-07	1.043098e-07	9.808692e-08	9.938951e-08	1.009118e-07	1.024848e-07	5.844752e-09	2.811313e-09	1.673549e-09	1.208597e-09
137	0.1345832	0.002370711	4.035641e-05	2.598558e-05	2.608037e-05	2.621187e-05	2.644447e-05	2.649739e-05	1.339945e-05	1.293523e-05	1.284794e-05	1.090193e-05	1.03146e-05	8.349831e-06	8.236874e-06	6.581117e-07	4.016945e-07	1.147703e-07	5.891449e-08	5.319216e-08	1.316749e-08	1.236291e-08	5.079728e-09	4.464661e-09	4.274682e-09	4.113228e-09	3.949289e-09	2.132869e-09	1.306535e-09	5.379499e-10
138	0.02777676	0.009681885	0.0007131246	1.315229e-05	5.91953e-06	5.901364e-06	5.914606e-06	5.939423e-06	5.936816e-06	4.725226e-06	4.503814e-06	4.402256e-06	4.079288e-06	3.750011e-06	2.89724e-06	2.830275e-06	3.815942e-07	2.658517e-07	7.399993e-08	2.763527e-08	2.371928e-08	6.911004e-09	6.516188e-09	2.257479e-09	1.926424e-09	1.818706e-09	1.725551e-09	1.630786e-09	8.938914e-10	5.452577e-10
139	0.3871023	0.02683904	0.009649735	0.0007126164	1.240636e-05	5.295717e-06	5.272042e-06	5.281675e-06	5.298961e-06	5.296578e-06	4.284848e-06	4.07509e-06	3.966755e-06	3.651626e-06	3.337813e-06	2.559167e-06	2.488468e-06	3.722848e-07	2.637267e-07	7.390395e-08	2.723287e-08	2.325608e-08	6.83936e-09	6.442648e-09	2.226329e-09	1.894824e-09	1.785042e-09	1.689875e-09	1.59299e-09	9.058765e-10
140	0.8591984	0.242868	0.02542473	0.009275696	0.000704545	1.213419e-05	5.042097e-06	5.016701e-06	5.026082e-06	5.040784e-06	5.036525e-06	4.027776e-06	3.820607e-06	3.707271e-06	3.386596e-06	3.081345e-06	2.359853e-06	2.286331e-06	3.684606e-07	2.638341e-07	7.448216e-08	2.715207e-08	2.311328e-08	6.811423e-09	6.411212e-09	2.21084e-09	1.877762e-09	1.76605e-09	1.669039e-09	1.570203e-09
141	0.9827468	0.8423822	0.2286336	0.02460222	0.008969093	0.0007035567	1.192095e-05	4.835246e-06	4.808278e-06	4.817564e-06	4.830101e-06	4.824159e-06	3.811108e-06	3.606932e-06	3.488941e-06	3.162446e-06	2.861972e-06	2.182024e-06	2.105538e-06	3.666123e-07	2.657535e-07	7.513617e-08	2.716583e-08	2.305994e-08	6.804585e-09	6.399641e-09	2.211853e-09	1.874772e-09	1.761043e-09	1.662154e-09
142	0.9733667	0.9563504	0.8165713	0.215214	0.02341087	0.008269324	0.0007000554	1.173176e-05	4.595942e-06	4.568093e-06	4.577119e-06	4.58737e-06	4.579611e-06	3.565172e-06	3.362256e-06	3.239218e-06	2.906726e-06	2.614395e-06	2.038266e-06	1.959602e-06	3.64616e-07	2.66578e-07	7.5467e-08	2.684495e-08	2.266524e-08	6.656872e-09	6.246023e-09	2.168991e-09	1.830952e-09	1.714393e-09
143	0.8534274	0.829117	0.8113669	0.7435818	0.1682483	0.02235675	0.008341615	0.0006961447	1.146789e-05	4.303285e-06	4.274287e-06	4.282356e-06	4.289198e-06	4.278666e-06	3.262909e-06	3.088794e-06	2.960141e-06	2.621595e-06	2.343421e-06	1.874399e-06	1.793443e-06	3.599699e-07	2.667648e-07	7.557752e-08	2.630775e-08	2.20501e-08	6.60181e-09	6.186827e-09	2.126009e-09	1.787241e-09
144	0.8007579	0.6619695	0.6480095	0.6405287	0.5915188	0.1127753	0.01554492	0.005254549	0.000448684	7.559426e-06	2.775046e-06	2.742556e-06	2.746395e-06	2.746735e-06	2.740703e-06	1.92392e-06	1.848723e-06	1.816255e-06	1.611032e-06	1.506322e-06	1.317701e-06	1.280385e-06	2.007305e-07	1.56752e-07	2.794849e-08	2.041906e-08	1.870008e-08	4.967899e-09	4.671384e-09	1.715685e-09
145	0.1622714	0.1488213	0.1418515	0.1399989	0.1371199	0.130267	0.04207866	0.01253064	0.004941386	0.0004177417	6.338308e-06	1.840866e-06	1.803414e-06	1.801739e-06	1.795134e-06	1.783754e-06	1.219877e-06	1.159721e-06	1.133679e-06	1.046965e-06	9.794279e-07	8.670289e-07	8.544988e-07	7.467158e-08	4.3061e-08	2.195643e-08	1.799276e-08	1.661911e-08	3.791056e-09	3.509976e-09
146	0.2364626	0.1502647	0.1366247	0.1296972	0.1278241	0.1248545	0.1195761	0.03472451	0.01212823	0.005004757	0.0004209545	6.076426e-06	1.540758e-06	1.50082e-06	1.497226e-06	1.487751e-06	1.474648e-06	9.549961e-07	9.020891e-07	8.723977e-07	7.862819e-07	7.34828e-07	6.437256e-07	6.281067e-07	6.772483e-08	4.122069e-08	2.117972e-08	1.744203e-08	1.603425e-08	3.285691e-09
147	0.5948059	0.22637	0.1407078	0.1268215	0.1197433	0.1178362	0.1147866	0.1107317	0.02833185	0.0118159	0.005071636	0.0004248069	5.890797e-06	1.302525e-06	1.259332e-06	1.254169e-06	1.241281e-06	1.226053e-06	7.298852e-07	6.830202e-07	6.494765e-07	5.620446e-07	5.255681e-07	4.367565e-07	4.179459e-07	6.231474e-08	4.053996e-08	2.116812e-08	1.746233e-08	1.603115e-08
148	0.610762	0.4765291	0.1868484	0.1096627	0.1042341	0.09806661	0.09650757	0.09363412	0.09113686	0.01290575	0.003732691	0.002153675	0.0001679861	2.288042e-06	6.68819e-07	6.412753e-07	6.37224e-07	6.291881e-07	6.266652e-07	4.023369e-07	3.902591e-07	3.873164e-07	3.349061e-07	3.201322e-07	2.649615e-07	2.551052e-07	4.935211e-08	3.267616e-08	1.613086e-08	1.286702e-08
149	0.7280478	0.5336352	0.4056668	0.180839	0.1069308	0.1023188	0.09618545	0.09465935	0.09178172	0.0894454	0.01078699	0.002272417	0.00122286	0.0001439531	1.945492e-06	6.053953e-07	5.795241e-07	5.755784e-07	5.679743e-07	5.669136e-07	3.711378e-07	3.628311e-07	3.631499e-07	3.142377e-07	3.017648e-07	2.497459e-07	2.407929e-07	4.834805e-08	3.217324e-08	1.572168e-08
150	0.6605527	0.6467308	0.4700411	0.4054073	0.1813111	0.1068497	0.1022755	0.09607882	0.09455302	0.09164861	0.08944349	0.01021219	0.002164907	0.001200536	0.0001346338	1.885781e-06	5.594439e-07	5.340842e-07	5.297389e-07	5.215833e-07	5.209062e-07	3.49584e-07	3.425072e-07	3.429847e-07	2.960346e-07	2.847511e-07	2.352718e-07	2.26242e-07	4.736595e-08	3.19288e-08
151	0.7522617	0.6345507	0.6242311	0.465227	0.4082748	0.1822266	0.107144	0.1025359	0.09626654	0.09473672	0.0918054	0.08970717	0.009793017	0.002139128	0.001208935	0.0001355993	1.8219e-06	5.211259e-07	4.951747e-07	4.903664e-07	4.816073e-07	4.812213e-07	3.315729e-07	3.255086e-07	3.258871e-07	2.799615e-07	2.697834e-07	2.227233e-07	2.134768e-07	4.749858e-08
152	0.8893423	0.7169506	0.6079002	0.6031693	0.4654963	0.4107102	0.1828798	0.1072453	0.1026979	0.09638129	0.09485681	0.0919038	0.0899143	0.009151299	0.001902842	0.001077871	0.0001240533	1.645067e-06	4.796014e-07	4.537238e-07	4.487296e-07	4.397373e-07	4.400077e-07	3.125413e-07	3.078965e-07	3.087729e-07	2.643047e-07	2.554311e-07	2.106575e-07	2.013646e-07
153	0.9171268	0.8437949	0.6970106	0.5890736	0.5859329	0.4641947	0.4117562	0.1815332	0.1077942	0.1032374	0.09685901	0.09534974	0.09237657	0.09050401	0.008894576	0.001857332	0.00106672	0.0001232458	1.572773e-06	4.62515e-07	4.396223e-07	4.347253e-07	4.256941e-07	4.260246e-07	3.024266e-07	2.982695e-07	2.992783e-07	2.567812e-07	2.482525e-07	2.048288e-07
154	0.9332624	0.9085898	0.8396544	0.6917608	0.5829404	0.5797948	0.468877	0.4160427	0.1827713	0.1090072	0.1044066	0.09795476	0.09644358	0.09344546	0.09160309	0.008877801	0.001870545	0.001082545	0.0001250902	1.588507e-06	4.619884e-07	4.390292e-07	4.341232e-07	4.252526e-07	4.256938e-07	3.011104e-07	2.971009e-07	2.981955e-07	2.55146e-07	2.467865e-07
155	0.9704736	0.923618	0.898676	0.8334754	0.6846048	0.5766487	0.5735266	0.4738523	0.4206367	0.1842469	0.1102028	0.1055567	0.09902924	0.09751642	0.09449253	0.0926888	0.008831376	0.001882432	0.001099199	0.0001269921	1.602283e-06	4.585118e-07	4.354579e-07	4.305004e-07	4.236025e-07	4.241393e-07	2.986545e-07	2.948383e-07	2.960001e-07	2.524043e-07
156	0.8660731	0.8559326	0.8301667	0.8076603	0.7468306	0.5960166	0.4977189	0.4941294	0.4059004	0.3514056	0.1108546	0.1109079	0.1062469	0.09964769	0.09814063	0.09509726	0.09335371	0.008349847	0.001878454	0.001109496	0.0001284682	1.600311e-06	4.522472e-07	4.291858e-07	4.241718e-07	4.172562e-07	4.178551e-07	2.917364e-07	2.898631e-07	2.912207e-07
157	0.263052	0.22581	0.2163712	0.2045356	0.1936602	0.1806605	0.1760227	0.172234	0.1722808	0.1251741	0.08733205	0.08240242	0.08253151	0.0832549	0.08432594	0.08538692	0.08650384	0.08664791	0.003452454	0.0004416854	0.0001148842	4.050204e-05	2.841557e-07	1.611264e-07	1.608913e-07	1.62067e-07	1.63688e-07	1.650574e-07	1.392866e-07	1.363807e-07
158	0.4253047	0.2220135	0.2105149	0.2008751	0.1897231	0.1786598	0.1657214	0.1615702	0.1580827	0.1580882	0.1241315	0.08676769	0.08223489	0.08282946	0.08358064	0.08468409	0.08578968	0.08694287	0.08725916	0.003109715	0.0003756793	7.84173e-05	7.399947e-06	2.593755e-07	1.422555e-07	1.429215e-07	1.440385e-07	1.456635e-07	1.468973e-07	1.26502e-07
159	0.7148744	0.4098574	0.2113696	0.1997027	0.1898886	0.1785859	0.1672972	0.1548997	0.1508075	0.1476389	0.1475706	0.1252682	0.08756971	0.08306679	0.08378001	0.0845673	0.08570756	0.08685255	0.08804579	0.08843149	0.003009111	0.0003659473	7.861659e-05	7.338591e-06	2.091804e-07	1.358727e-07	1.366766e-07	1.377869e-07	1.395145e-07	1.40749e-07
160	0.8501627	0.5944463	0.2854768	0.1656334	0.1532957	0.1428655	0.1317753	0.1197598	0.1067324	0.1025881	0.09922397	0.09879828	0.08831951	0.08837065	0.08392861	0.08470225	0.08553113	0.08670816	0.08789253	0.08912616	0.08958877	0.002862163	0.0003438789	7.515233e-05	6.979596e-06	1.977986e-07	1.285986e-07	1.297048e-07	1.308083e-07	1.326376e-07
161	0.1782608	0.1674276	0.1266811	0.09762517	0.08043389	0.0687965	0.0577656	0.04631278	0.03446471	0.0219446	0.01803992	0.01508598	0.0136945	0.006548266	0.005757893	0.004504199	0.004338213	0.003954595	0.003852704	0.003723056	0.003597482	0.003084162	0.001982875	0.0002433812	6.20583e-05	5.501329e-06	1.286326e-07	7.45835e-08	7.520396e-08	7.579127e-08
162	0.3955598	0.1631447	0.1520418	0.111663	0.08805622	0.07512724	0.06337175	0.05217435	0.04054992	0.02853475	0.01618	0.01308124	0.0107134	0.009328936	0.004481893	0.003873095	0.002854141	0.002698633	0.002294478	0.002169751	0.002025151	0.001881665	0.001546946	0.000919544	0.0001725323	6.186411e-05	5.232737e-06	9.350751e-08	4.141775e-08	4.168433e-08
163	0.1522908	0.09180257	0.08215511	0.07535894	0.067357	0.05745883	0.04906666	0.04095353	0.03375012	0.02625206	0.01849345	0.01126265	0.008884947	0.006964012	0.005594923	0.0030661	0.002677793	0.001924467	0.00180483	0.001421451	0.001296654	0.00115275	0.001006088	0.0007776438	0.0004468883	9.173136e-05	4.590593e-05	3.677323e-06	5.358752e-08	1.821516e-08
164	0.09968768	0.04974694	0.01131434	0.009183039	0.008972941	0.00806127	0.006807335	0.006406737	0.006254027	0.006109545	0.005984703	0.005859473	0.005696282	0.004554933	0.003550136	0.002732133	0.0006824907	0.0004964309	0.0002902679	0.0002138473	0.000194709	0.0001907982	0.0001877171	0.0001862277	0.0001633579	0.0001054894	3.775518e-05	2.651262e-05	2.421434e-06	3.220246e-08
165	0.1056015	0.07123884	0.04513839	0.008311277	0.007515236	0.007370206	0.006901302	0.005959683	0.00569441	0.005631804	0.005567157	0.005517151	0.00546975	0.005394573	0.004293931	0.003324661	0.002512499	0.0005625406	0.0003915364	0.0002059857	0.0001293598	0.0001143534	0.000111299	0.0001098337	0.000109485	9.817477e-05	6.826956e-05	3.417808e-05	2.647392e-05	2.413775e-06
166	0.3532743	0.08605838	0.05824004	0.04317875	0.007887354	0.007135721	0.006987396	0.006534107	0.005698809	0.005540342	0.005479599	0.005415741	0.005366824	0.005320249	0.005261352	0.00416089	0.003211023	0.002394249	0.0004737949	0.0003378747	0.0001603585	8.284614e-05	6.761354e-05	6.423362e-05	6.291449e-05	6.230006e-05	5.83658e-05	4.757635e-05	3.288726e-05	2.679636e-05
167	0.3135086	0.2360268	0.02795474	0.02296886	0.01933871	0.001610702	0.001298824	0.00128442	0.001088585	0.001032743	0.001005948	0.0009984977	0.0009900554	0.0009823687	0.0009752573	0.0009634762	0.0007313832	0.0005250111	0.0003463957	6.126596e-05	4.46283e-05	2.552344e-05	1.680335e-05	1.444662e-05	1.411091e-05	1.399457e-05	1.397583e-05	1.257846e-05	9.430703e-06	4.184318e-06
168	0.3845243	0.2879487	0.232119	0.02359524	0.02142754	0.0185322	0.0006880676	0.0004586447	0.0004535584	0.000275512	0.0002432101	0.0002336852	0.0002305228	0.0002272265	0.0002233294	0.0002205069	0.0002146238	0.0001679421	0.0001299998	9.806317e-05	2.43043e-05	1.912898e-05	1.384077e-05	1.121222e-05	1.002922e-05	9.969568e-06	9.965178e-06	1.000546e-05	8.784213e-06	6.180149e-06
169	0.4099497	0.3726244	0.2847134	0.2347645	0.02361809	0.02149244	0.01874033	0.0006695427	0.0004385858	0.0004344397	0.0002548069	0.0002243028	0.0002154885	0.0002126343	0.0002096749	0.0002061216	0.0002036469	0.000198457	0.0001556415	0.0001211773	9.181053e-05	2.310924e-05	1.817225e-05	1.323696e-05	1.070972e-05	9.579944e-06	9.528675e-06	9.529611e-06	9.572911e-06	8.383267e-06
170	0.4124879	0.3488111	0.3400985	0.2705093	0.2355855	0.02230955	0.02073643	0.01868231	0.0004442037	0.0002302363	0.0002297055	5.40995e-05	3.249661e-05	2.88839e-05	2.845247e-05	2.82097e-05	2.785219e-05	2.801847e-05	2.621782e-05	2.445454e-05	2.019683e-05	1.617981e-05	1.153644e-05	9.615035e-06	8.199283e-06	7.189473e-06	7.195922e-06	7.276191e-06	7.321737e-06	7.389284e-06
171	0.3995629	0.3992938	0.3367239	0.3293267	0.2676514	0.2383147	0.02221818	0.02064058	0.01872686	0.0002424256	0.0002239362	0.000223487	4.570718e-05	2.53644e-05	2.1993e-05	2.15726e-05	2.133406e-05	2.099425e-05	2.116586e-05	1.967853e-05	1.888451e-05	1.576047e-05	1.227244e-05	1.041832e-05	8.728851e-06	7.540138e-06	6.820565e-06	6.849713e-06	6.93184e-06	6.979264e-06
172	0.4053936	0.3888452	0.3885765	0.3253918	0.3178343	0.2651584	0.2413619	0.02236056	0.02076727	0.01896959	0.0002337818	0.0002200455	0.0002230683	4.291523e-05	2.366005e-05	2.041991e-05	1.998325e-05	1.971791e-05	1.936224e-05	1.951524e-05	1.834796e-05	1.762974e-05	1.500806e-05	1.149715e-05	9.913489e-06	8.364506e-06	7.237599e-06	6.513253e-06	6.542106e-06	6.622552e-06
173	0.3846764	0.3684426	0.3553787	0.3547571	0.2909932	0.2829845	0.2619839	0.2439059	0.02191277	0.02030433	0.01919301	0.0002206438	0.0002135791	0.0002165557	3.439289e-05	1.931747e-05	1.682084e-05	1.636288e-05	1.603797e-05	1.563232e-05	1.574001e-05	1.483544e-05	1.417867e-05	1.20419e-05	8.476777e-06	7.355154e-06	6.112092e-06	5.194405e-06	5.187709e-06	5.197444e-06
174	0.07066291	0.06663765	0.06391472	0.06114148	0.05798694	0.05781318	0.04737051	0.03223716	0.01968188	0.0198167	0.01988907	0.01923725	3.193854e-05	2.354837e-05	2.380722e-05	1.798979e-05	7.593694e-06	6.270966e-06	6.199159e-06	6.227223e-06	6.224747e-06	6.28499e-06	5.641508e-06	5.478362e-06	4.308207e-06	4.277349e-06	3.928031e-06	3.83382e-06	3.286082e-06	3.273219e-06
175	0.03264946	0.0205193	0.01898688	0.0178723	0.01618735	0.01631308	0.01597538	0.01610555	0.007658448	0.0007057826	0.0005872305	0.0005820065	6.255064e-05	2.260377e-05	1.473515e-05	1.488147e-05	9.701358e-06	4.109757e-06	3.384703e-06	3.38171e-06	3.433958e-06	3.471041e-06	3.511852e-06	3.161254e-06	3.070177e-06	2.432656e-06	2.420225e-06	2.221813e-06	2.147072e-06	1.876341e-06
176	0.4190917	0.01746815	0.009143729	0.008484353	0.008011916	0.006763632	0.006789889	0.006583778	0.006631344	0.00318422	0.0003549578	0.0002395364	0.0002368807	2.601119e-05	9.206179e-06	8.736e-06	8.793297e-06	4.059691e-06	1.813229e-06	1.497501e-06	1.495243e-06	1.518251e-06	1.534198e-06	1.552118e-06	1.41085e-06	1.363605e-06	1.10297e-06	1.097856e-06	9.909091e-07	9.27848e-07
177	0.9231214	0.4219674	0.01617569	0.00780432	0.007134727	0.006650583	0.005377837	0.005387563	0.005200203	0.005235666	0.002524721	0.000305284	0.0001889631	0.000186708	2.151032e-05	8.136326e-06	7.834813e-06	7.956615e-06	3.22994e-06	1.4785e-06	1.222655e-06	1.220614e-06	1.239499e-06	1.252499e-06	1.267284e-06	1.15729e-06	1.116233e-06	9.10906e-07	9.069253e-07	8.125203e-07
178	0.7737645	0.7356367	0.420702	0.01432063	0.00635141	0.005684151	0.005205224	0.003914492	0.003906333	0.003737965	0.003760256	0.001853955	0.0002518023	0.0001344748	0.0001328102	1.66901e-05	7.000417e-06	6.896865e-06	7.00646e-06	2.289916e-06	1.05746e-06	9.101135e-07	9.084042e-07	9.232808e-07	9.334981e-07	9.453464e-07	8.673139e-07	8.319879e-07	6.824146e-07	6.788663e-07
179	0.6922257	0.6725536	0.6685692	0.4217935	0.01169891	0.003726763	0.00308213	0.002587843	0.002226884	0.002244869	0.002214997	0.002229679	0.001061349	7.718761e-05	7.574983e-05	7.456785e-05	7.647966e-06	1.585874e-06	1.483453e-06	1.506564e-06	1.393491e-06	6.818014e-07	5.958164e-07	5.97826e-07	6.077772e-07	6.158751e-07	6.242472e-07	5.771784e-07	5.571811e-07	4.679709e-07
180	0.4884671	0.4495439	0.4305421	0.4271111	0.4197715	0.007470569	0.001055932	0.0009500167	0.0008870846	0.0008355264	0.0008449654	0.0008344398	0.0008428031	0.0004002253	2.044089e-05	1.9568e-05	1.91908e-05	1.866911e-06	5.546546e-07	5.230532e-07	5.312358e-07	5.008925e-07	3.192862e-07	2.949589e-07	2.978996e-07	3.029661e-07	3.0734e-07	3.120047e-07	2.955434e-07	2.813544e-07
181	0.539403	0.4589769	0.4427906	0.424973	0.4221639	0.4214939	0.00667151	0.0002582474	0.0001578401	9.755749e-05	4.561036e-05	4.506114e-05	4.434217e-05	4.395216e-05	2.270196e-05	1.120402e-06	7.799531e-07	6.116922e-07	1.094731e-07	6.974922e-08	6.448512e-08	6.545638e-08	5.88269e-08	5.331612e-08	4.84741e-08	4.884132e-08	4.968769e-08	5.051726e-08	5.123943e-08	5.119735e-08
182	0.3987685	0.08589627	0.06627085	0.04572473	0.02247447	0.01427253	0.008279881	0.006730235	0.0002408161	0.0001399144	7.94653e-05	2.722178e-05	2.64374e-05	2.595907e-05	2.537579e-05	1.384722e-05	8.002809e-07	4.735719e-07	3.117378e-07	7.622717e-08	5.658972e-08	5.280794e-08	5.360413e-08	4.717644e-08	4.513175e-08	4.070144e-08	4.097494e-08	4.169395e-08	4.241224e-08	4.300838e-08
183	0.4117183	0.2889602	0.06538913	0.04918125	0.0390874	0.01607526	0.00769841	0.001984086	0.000455381	0.0002266358	0.0001286647	7.090609e-05	2.052342e-05	1.97064e-05	1.93711e-05	1.881656e-05	1.095722e-05	6.38679e-07	3.604553e-07	2.244554e-07	5.777903e-08	4.306865e-08	3.965455e-08	4.024188e-08	3.363626e-08	3.222705e-08	3.229654e-08	3.242669e-08	3.299671e-08	3.356764e-08
184	0.09936233	0.06945116	0.06178125	0.01389684	0.01346789	0.01335545	0.001181314	0.0009141921	0.0004585871	0.0002070141	9.170597e-05	5.563228e-05	2.789161e-05	7.407314e-06	6.991512e-06	6.839173e-06	6.83671e-06	4.449119e-06	9.454034e-08	8.152758e-08	7.010001e-08	1.561193e-08	1.150615e-08	1.120791e-08	1.139204e-08	1.11475e-08	1.053178e-08	1.052109e-08	1.068551e-08	1.087918e-08
185	0.05111262	0.03574987	0.01155503	0.005048963	0.001064953	0.0009749944	0.0009256144	0.0007509128	0.0006792104	0.0004201972	0.0001956348	8.226034e-05	4.879036e-05	2.171749e-05	1.598538e-06	1.128359e-06	1.050466e-06	9.999519e-07	5.817197e-07	1.700114e-08	1.446089e-08	1.217873e-08	3.179831e-09	2.493924e-09	2.441765e-09	2.477611e-09	2.255039e-09	2.142777e-09	2.139355e-09	2.168009e-09
186	0.0845044	0.03614367	0.02522763	0.005324408	0.0013691	0.0008828445	0.0008404151	0.0008049015	0.0006892704	0.0006576915	0.0004210603	0.0001960506	8.157386e-05	4.831704e-05	2.095665e-05	6.310106e-07	1.428242e-07	8.702943e-08	2.856428e-08	9.98451e-09	1.478075e-09	1.0781e-09	5.233717e-10	3.020066e-10	2.609928e-10	2.507883e-10	2.480362e-10	2.429785e-10	2.352017e-10	2.31996e-10
187	0.06767504	0.03406756	0.02220859	0.01741263	0.001346408	0.0006061468	0.0003471948	0.000318685	0.0002937205	0.0002651154	0.0002406018	0.0001068263	2.581662e-05	1.16355e-05	6.895973e-06	2.980635e-06	9.654948e-08	2.739165e-08	1.940569e-08	1.170293e-08	6.047238e-09	9.76189e-10	7.133796e-10	3.268035e-10	1.822157e-10	1.555297e-10	1.493536e-10	1.475671e-10	1.44472e-10	1.398557e-10
188	0.900725	0.06532705	0.03415628	0.02220293	0.01736679	0.001343136	0.0005992714	0.0003490961	0.0003205704	0.0002967924	0.0002679696	0.0002432612	0.0001078535	2.591368e-05	1.169222e-05	6.930486e-06	2.995908e-06	9.620205e-08	2.664843e-08	1.86982e-08	1.098963e-08	5.701707e-09	9.625066e-10	6.96664e-10	3.112333e-10	1.736774e-10	1.498378e-10	1.437812e-10	1.418952e-10	1.386546e-10
189	0.3024494	0.2523213	0.06087497	0.03358216	0.02236732	0.01754621	0.001326146	0.0005787364	0.000342797	0.0003155692	0.0002927911	0.0002658225	0.0002451969	0.000109029	2.617614e-05	1.18137e-05	7.002984e-06	3.026629e-06	9.478608e-08	2.44154e-08	1.65828e-08	8.787982e-09	4.656402e-09	9.379566e-10	6.739187e-10	2.943345e-10	1.642484e-10	1.413796e-10	1.354886e-10	1.334722e-10
190	0.2468318	0.2356817	0.1970929	0.0555491	0.03127228	0.0206678	0.01743077	0.001127633	0.0004780396	0.000310538	0.000291485	0.0002755493	0.0002558861	0.0002407671	0.0001085605	2.592636e-05	1.170714e-05	6.947355e-06	3.001332e-06	9.127702e-08	2.140616e-08	1.392967e-08	6.442167e-09	3.496165e-09	8.06781e-10	5.450018e-10	1.882075e-10	1.241139e-10	1.160071e-10	1.119881e-10
191	0.257027	0.1838928	0.1790811	0.1573282	0.04001669	0.02464242	0.01977506	0.01729428	0.0007911532	0.000314502	0.000221443	0.0002079477	0.000196504	0.0001827513	0.0001725557	8.978498e-05	1.869266e-05	8.115138e-06	4.817887e-06	2.077688e-06	6.571481e-08	1.744791e-08	1.202403e-08	5.65555e-09	3.105228e-09	5.874349e-10	3.395632e-10	1.278924e-10	7.260592e-11	6.561781e-11
192	0.6583487	0.1665135	0.1305832	0.1291207	0.1173644	0.0290405	0.01980436	0.01814125	0.01709303	0.0004291169	0.0001295264	8.084449e-05	7.429704e-05	6.844724e-05	6.106403e-05	5.607386e-05	3.403573e-05	1.326721e-05	5.556643e-06	3.300764e-06	1.41901e-06	4.687766e-08	1.399347e-08	1.013271e-08	4.808861e-09	2.678901e-09	3.420496e-10	1.893675e-10	8.829851e-11	3.837839e-11
193	0.5792155	0.5400757	0.1262784	0.09743026	0.09645832	0.0868249	0.02578095	0.01926269	0.01804533	0.01725484	0.0003680263	9.340841e-05	5.549142e-05	5.05886e-05	4.610701e-05	4.015653e-05	3.636742e-05	2.40317e-05	1.258575e-05	5.241019e-06	3.114041e-06	1.3376e-06	4.392312e-08	1.291463e-08	9.275784e-09	4.168216e-09	2.309519e-09	1.997361e-10	1.22434e-10	6.434483e-11
194	0.4744626	0.4420599	0.4367828	0.06991259	0.05301284	0.05272712	0.04882671	0.02198951	0.01831901	0.01755443	0.01720609	9.260852e-05	4.506957e-05	2.034944e-05	1.652405e-05	1.293572e-05	7.679902e-06	4.406752e-06	1.456469e-06	4.192241e-07	2.305045e-07	1.439357e-07	4.512137e-08	3.970528e-09	3.088867e-09	2.848024e-09	2.736276e-09	1.851217e-09	8.360437e-11	6.660523e-11
195	0.4980996	0.457423	0.4319513	0.4266943	0.06124579	0.04538308	0.04534102	0.04196252	0.01979383	0.01780495	0.01771243	0.01744907	8.773393e-05	4.008823e-05	2.036212e-05	1.656086e-05	1.295705e-05	7.647779e-06	4.345488e-06	1.413473e-06	3.875554e-07	2.240937e-07	1.402319e-07	4.313917e-08	3.81769e-09	2.981175e-09	2.779854e-09	2.684389e-09	1.830911e-09	7.647758e-11
196	0.6672895	0.4571691	0.4359888	0.4102678	0.4049615	0.05220594	0.03937077	0.0393204	0.03662416	0.01922406	0.01800381	0.01794316	0.01769338	7.732516e-05	3.017989e-05	1.594807e-05	1.29588e-05	1.000064e-05	5.945092e-06	3.744866e-06	1.291935e-06	3.639124e-07	2.125775e-07	1.324768e-07	4.016551e-08	3.354514e-09	2.574598e-09	2.419364e-09	2.339698e-09	1.672622e-09
197	0.2772971	0.2623837	0.1102586	0.08951906	0.06703376	0.05965761	0.01825476	0.01105049	0.01075718	0.009604516	0.001441588	0.0009071744	0.0006364305	0.0001536525	6.130058e-05	2.033171e-05	1.219206e-05	9.719459e-06	7.167775e-06	4.963217e-06	3.237516e-06	1.104112e-06	2.531943e-07	1.186062e-07	7.179218e-08	3.488478e-08	1.798735e-09	1.118767e-09	9.940674e-10	9.250143e-10
198	0.4772889	0.2170026	0.2161676	0.06919485	0.0499561	0.04401071	0.03730993	0.01148607	0.006562078	0.006287049	0.005396235	0.001133674	0.0007410664	0.0005115401	7.126476e-05	4.632536e-05	1.751761e-05	1.049307e-05	8.383109e-06	6.13553e-06	4.295146e-06	2.843139e-06	9.744424e-07	1.99834e-07	9.169877e-08	5.369038e-08	2.374763e-08	1.331625e-09	7.737781e-10	6.700436e-10
199	0.4317195	0.410564	0.1990852	0.1986191	0.0512186	0.03274263	0.02747657	0.02383324	0.007777318	0.004750859	0.00450758	0.003784278	0.001003619	0.0006831564	0.0004807346	6.647837e-05	4.338182e-05	1.633561e-05	9.814757e-06	7.823085e-06	5.668536e-06	4.070418e-06	2.698177e-06	9.366745e-07	1.834898e-07	8.29174e-08	4.947761e-08	2.177288e-08	1.016842e-09	5.164813e-10
200	0.8233194	0.3883936	0.3697235	0.1555498	0.155094	0.04986475	0.03114383	0.0260916	0.02239105	0.007387179	0.004512299	0.004264613	0.003674314	0.001012727	0.0006924245	0.0004871628	6.738041e-05	4.398083e-05	1.656201e-05	9.959957e-06	7.941695e-06	5.756088e-06	4.134905e-06	2.742322e-06	9.525371e-07	1.866217e-07	8.434741e-08	5.033728e-08	2.214486e-08	1.009515e-09
201	0.4631294	0.3543091	0.1604688	0.1482619	0.1412777	0.1412172	0.03711457	0.02499699	0.02099533	0.01804416	0.00519439	0.002646326	0.002439148	0.001988316	0.000772038	0.0005757077	0.0004275229	5.734444e-05	3.612621e-05	1.303095e-05	7.66146e-06	5.857531e-06	4.27921e-06	2.834766e-06	1.590791e-06	3.65513e-07	7.892355e-08	3.418433e-08	2.04963e-08	9.154428e-09
202	0.4215311	0.3228355	0.2212082	0.05683286	0.04517919	0.04179416	0.04174743	0.0340254	0.02249906	0.01896398	0.01628908	0.004515056	0.00216165	0.001961738	0.001556704	0.0005846274	0.0004063987	0.0002640268	3.570225e-05	2.304397e-05	9.478905e-06	5.211549e-06	4.063306e-06	3.062159e-06	2.111043e-06	1.291384e-06	2.51491e-07	3.317027e-08	1.509157e-08	9.116689e-09
203	0.3820966	0.2775585	0.23516	0.1322249	0.02452157	0.01851634	0.01707675	0.01703563	0.0155221	0.01468216	0.01430578	0.01347706	0.003143075	0.00115525	0.001128831	0.0009350251	0.0002426731	0.0002024146	0.0001900677	2.414625e-05	1.468551e-05	4.614576e-06	3.382606e-06	2.589286e-06	1.892734e-06	1.231513e-06	6.599975e-07	1.312767e-07	1.943207e-08	9.498992e-09
204	0.4231109	0.2416086	0.2210692	0.199551	0.09527107	0.0198465	0.01418486	0.01278198	0.01274418	0.01226206	0.01211378	0.01211891	0.0121736	0.002580357	0.0007209717	0.0007000927	0.0005398153	5.815667e-05	2.97338e-05	2.301874e-05	3.694259e-06	2.622541e-06	1.429367e-06	1.045574e-06	8.980779e-07	7.707889e-07	5.957356e-07	4.455119e-07	7.98733e-08	5.118752e-09
205	0.4062011	0.2200609	0.2085909	0.1949552	0.1884975	0.08283309	0.01686068	0.0113195	0.009996112	0.009960134	0.009828078	0.009738884	0.009757325	0.009813501	0.002068427	0.0005215718	0.0005033556	0.0003921157	3.219162e-05	1.063754e-05	4.770813e-06	1.043941e-06	8.55734e-07	6.379896e-07	4.556545e-07	3.749858e-07	3.050948e-07	1.821412e-07	7.575627e-08	1.384703e-08
206	0.3630918	0.3142604	0.1618258	0.1518539	0.1416666	0.1371089	0.02997357	0.01252358	0.007602948	0.007513921	0.007479062	0.007320287	0.007203179	0.007184767	0.007207729	0.001518308	0.0003928164	0.0003777219	0.0002936524	2.729165e-05	1.05646e-05	4.699636e-06	1.019145e-06	8.33012e-07	6.197767e-07	4.466401e-07	3.67898e-07	2.99765e-07	1.792209e-07	7.485264e-08
207	0.6885426	0.2499852	0.2191846	0.09464707	0.08548815	0.07742072	0.07392936	0.02582087	0.009942771	0.005346769	0.005261616	0.005228108	0.005044572	0.004895347	0.004842521	0.004834363	0.001028924	0.000276635	0.0002645159	0.0002053642	2.376937e-05	1.05075e-05	4.623336e-06	1.007388e-06	8.244813e-07	6.175857e-07	4.51556e-07	3.724629e-07	3.037237e-07	1.815075e-07
208	0.5056874	0.4364346	0.2279695	0.2010526	0.07868104	0.07028338	0.06630594	0.06378251	0.01499348	0.008021192	0.003401262	0.003351242	0.003318455	0.00311316	0.002940161	0.002858052	0.002823128	0.0006149004	0.0001806566	0.0001709837	0.0001329279	2.076864e-05	1.028366e-05	4.394558e-06	9.794055e-07	8.06878e-07	6.132473e-07	4.53839e-07	3.748889e-07	3.062434e-07
209	0.4634587	0.3465985	0.3017146	0.1681176	0.1446563	0.02233814	0.01492089	0.01134512	0.01028074	0.01026477	0.005993063	0.001345586	0.001302961	0.001270832	0.001241986	0.001221676	0.001220053	0.001225041	0.0002646624	8.026487e-05	7.81072e-05	6.275318e-05	5.816162e-06	2.491786e-06	1.54341e-06	5.788325e-07	5.330096e-07	4.756629e-07	3.914679e-07	3.245014e-07
210	0.4570045	0.4228769	0.3284201	0.2919879	0.1617269	0.1405225	0.01714473	0.009933236	0.006811755	0.006315411	0.00630777	0.004828252	0.0006303296	0.0005923164	0.0005600938	0.0005595977	0.0005639234	0.0005718004	0.0005792527	0.0001278179	4.404244e-05	4.363807e-05	3.744427e-05	1.578325e-06	3.004709e-07	2.459857e-07	8.144866e-08	7.309287e-08	5.980027e-08	4.482385e-08
211	0.5122728	0.4309173	0.4209948	0.3280384	0.2929477	0.1612545	0.1410652	0.01609726	0.008879144	0.005822938	0.00543701	0.005433074	0.004606026	0.0003510806	0.0003146086	0.0002820503	0.0002779979	0.0002789046	0.0002825125	0.0002859626	6.835844e-05	3.108777e-05	3.106684e-05	2.804778e-05	1.11196e-06	2.504859e-07	2.092416e-07	6.353597e-08	5.596494e-08	4.509945e-08
212	0.6478844	0.4307733	0.4005436	0.3950979	0.301331	0.2968427	0.163176	0.142892	0.01610692	0.008820816	0.005733956	0.005386261	0.00538395	0.004550082	0.0002291598	0.0001922889	0.0001592912	0.0001547984	0.0001537579	0.0001553923	0.0001570134	4.247403e-05	2.5757e-05	2.591026e-05	2.426459e-05	9.477239e-07	2.513565e-07	2.122995e-07	6.425922e-08	5.656879e-08
213	0.7035204	0.452584	0.3969917	0.3739888	0.3710516	0.276688	0.273025	0.1375663	0.1372099	0.00849392	0.001123874	0.001096767	0.0008368062	0.0008354582	0.000138198	0.000120958	0.0001170416	8.356302e-05	7.97042e-05	7.862485e-05	7.956157e-05	8.036739e-05	2.714518e-05	2.233729e-05	2.260482e-05	2.1922e-05	6.496587e-07	8.294473e-08	5.905675e-08	1.297876e-08
214	0.4513208	0.3303132	0.2765042	0.2383214	0.2232722	0.2211994	0.2182999	0.2162985	0.1385784	0.1382682	0.007508075	0.0009975603	0.0009745942	0.0008105973	0.0008095661	0.00011025	9.294714e-05	8.901334e-05	5.50068e-05	5.098494e-05	4.967324e-05	5.028794e-05	5.075008e-05	2.410114e-05	2.168012e-05	2.197749e-05	2.169188e-05	5.858112e-07	3.833011e-08	1.787506e-08
215	0.3214275	0.1653197	0.1436081	0.1276955	0.1038812	0.09295767	0.09145199	0.08867502	0.08679165	0.007836961	0.007580396	0.007544125	0.0009340366	0.0009147484	0.0007607477	0.0007601011	5.771519e-05	4.123761e-05	3.753304e-05	3.736688e-05	3.319009e-05	3.202005e-05	3.236916e-05	3.257506e-05	2.164097e-05	2.068981e-05	2.100845e-05	2.094917e-05	5.595334e-07	3.606445e-08
216	0.3291632	0.06702458	0.04328231	0.03488499	0.02103415	0.01098433	0.006405679	0.005460968	0.003238451	0.002099827	0.001555867	0.001329324	0.001310368	0.000787633	0.0007736795	0.0006728732	0.0006725245	2.993693e-05	2.315707e-05	1.954837e-05	1.945042e-05	1.694847e-05	1.602111e-05	1.611887e-05	1.606769e-05	1.242629e-05	1.212918e-05	1.231517e-05	1.232219e-05	3.396757e-07
217	0.3019979	0.1965926	0.0351962	0.01723133	0.01515781	0.01252653	0.00840351	0.004228239	0.0038982	0.001734497	0.001200879	0.0008135979	0.0006579656	0.0006534287	0.0001294489	0.0001278639	0.0001118992	0.0001118484	7.930183e-06	6.85984e-06	4.34859e-06	4.332752e-06	2.679451e-06	2.498823e-06	2.525976e-06	2.332471e-06	1.730802e-06	1.677794e-06	1.705289e-06	1.697597e-06
218	0.2253352	0.1823318	0.1806893	0.02525674	0.008365327	0.007152389	0.004669591	0.003117078	0.002657161	0.002630939	0.0008261613	0.0005007632	0.0002217931	6.66355e-05	6.361057e-05	6.284031e-05	6.156475e-05	5.544266e-05	5.542422e-05	4.323983e-06	3.788274e-06	1.250846e-06	1.243907e-06	1.185451e-06	1.058924e-06	1.074068e-06	8.57846e-07	5.638208e-07	5.363655e-07	5.461289e-07
219	0.464635	0.2035608	0.1728265	0.1714107	0.01338869	0.008184362	0.007077407	0.004582153	0.003104219	0.002648555	0.002629617	0.0007953112	0.000475608	0.0001995261	4.231441e-05	3.955137e-05	3.89186e-05	3.864239e-05	3.456447e-05	3.455156e-05	3.721e-06	3.413038e-06	8.511201e-07	8.45534e-07	8.068643e-07	7.829643e-07	7.940128e-07	5.690798e-07	3.774891e-07	3.591559e-07
220	0.6003188	0.3741539	0.1872384	0.1684887	0.1674663	0.006855816	0.004807319	0.004631867	0.002394395	0.001029669	0.0006431683	0.0006335375	0.0005891247	0.0002756972	0.000182078	2.248234e-05	2.046417e-05	1.997743e-05	1.982696e-05	1.743505e-05	1.742808e-05	3.123992e-06	2.975059e-06	3.704014e-07	3.658988e-07	3.39442e-07	3.259264e-07	3.300865e-07	3.34887e-07	2.270245e-07
221	0.7336625	0.4301968	0.2109101	0.02672776	0.008918956	0.00789598	0.006849796	0.004818561	0.004676789	0.002408291	0.001035093	0.0006438643	0.0006356825	0.0005906897	0.0002761821	0.0001810179	1.878411e-05	1.679288e-05	1.632233e-05	1.617832e-05	1.409909e-05	1.40934e-05	3.06221e-06	2.944518e-06	2.931276e-07	2.887922e-07	2.654999e-07	2.543515e-07	2.572898e-07	2.608659e-07
222	0.2426243	0.2402111	0.175654	0.03342648	0.01871465	0.005893991	0.005221425	0.004203738	0.003770456	0.003654791	0.00134999	0.0005556176	0.0001619889	0.0001562298	0.0001388226	4.320955e-05	1.260697e-05	1.202549e-05	1.006665e-05	9.685652e-06	9.612133e-06	7.916824e-06	7.912332e-06	3.078545e-07	2.322944e-07	2.299493e-07	2.258172e-07	2.058117e-07	1.977829e-07	1.998172e-07
223	0.2525076	0.2027023	0.2007192	0.1625114	0.01941453	0.01471398	0.002643276	0.002580152	0.001552273	0.001434472	0.001334488	0.001320058	0.0005478273	0.0001486727	0.0001437695	0.0001269784	3.611844e-05	6.789535e-06	6.299859e-06	6.135998e-06	5.773997e-06	5.713986e-06	4.35319e-06	4.349766e-06	2.180803e-07	1.759572e-07	1.741969e-07	1.732501e-07	1.564234e-07	1.514386e-07
224	0.05967571	0.02712246	0.01598419	0.01556444	0.008740854	0.004633402	0.003405851	0.000907431	0.0008757273	0.0008473186	0.0007628099	0.0007224355	0.0007127356	0.0005037644	0.0001025474	9.876274e-05	8.597036e-05	2.35472e-05	2.579061e-06	2.225716e-06	2.113432e-06	2.036763e-06	1.991512e-06	9.725855e-07	9.701341e-07	1.300705e-07	1.196964e-07	1.1857e-07	1.178578e-07	1.051347e-07
225	0.2461897	0.04364483	0.01763261	0.007165359	0.006773484	0.005478096	0.002038934	0.001869242	0.0007499723	0.0007408582	0.0007168232	0.0006796414	0.0006688768	0.0006667527	0.0004999423	9.377311e-05	9.153601e-05	7.921977e-05	2.048411e-05	4.10729e-07	2.051133e-07	1.829983e-07	1.508688e-07	1.223543e-07	5.050294e-08	5.007769e-08	2.531424e-08	2.456423e-08	2.442046e-08	2.434174e-08
226	0.1984175	0.043146	0.03193474	0.007150616	0.004788312	0.004454147	0.003677148	0.0006226548	0.0004821128	6.187228e-05	5.957381e-05	4.016776e-05	3.489222e-05	3.086258e-05	3.009425e-05	8.670482e-06	8.197629e-06	6.568659e-06	6.078054e-06	1.121851e-06	1.237296e-07	7.43644e-08	6.880882e-08	6.16194e-08	5.17824e-08	2.872254e-08	2.864401e-08	1.145013e-08	1.092753e-08	1.08369e-08
227	0.3541295	0.1884643	0.04289281	0.03177848	0.007084062	0.004716451	0.004376088	0.003601953	0.0005305303	0.0003903418	5.031591e-05	4.836217e-05	3.453352e-05	3.019152e-05	2.66349e-05	2.597965e-05	6.774959e-06	6.345301e-06	6.148786e-06	5.69499e-06	9.974093e-07	9.404339e-08	5.943736e-08	5.552601e-08	4.922084e-08	4.152667e-08	2.567031e-08	2.562456e-08	1.020161e-08	9.711792e-09
228	0.4537219	0.309124	0.1699009	0.03148972	0.02108032	0.00657287	0.004305142	0.003958556	0.003214528	0.0003218248	0.0001836355	3.030819e-05	2.924518e-05	1.754854e-05	1.510215e-05	1.219746e-05	1.159881e-05	2.99508e-06	2.710435e-06	2.550999e-06	2.326258e-06	7.836743e-07	5.124276e-08	4.191291e-08	3.926403e-08	3.407747e-08	3.132338e-08	2.038372e-08	2.035239e-08	9.097705e-09
229	0.3215772	0.1221692	0.0772371	0.03694464	0.02863886	0.01812078	0.003699902	0.001989285	0.001635967	0.0009156754	0.0001937405	5.951659e-05	1.233837e-05	1.182892e-05	1.09475e-05	9.422872e-06	9.06275e-06	8.604902e-06	2.293969e-06	2.209904e-06	2.169074e-06	1.970439e-06	4.650765e-07	2.658372e-08	2.141099e-08	2.064216e-08	1.968838e-08	1.896578e-08	1.153353e-08	1.152208e-08
230	0.1948097	0.1407944	0.09916726	0.06783524	0.03357899	0.02755861	0.01842157	0.003698772	0.001954336	0.001593507	0.0008865457	0.0001641932	3.0344e-05	6.403154e-06	6.038882e-06	5.335698e-06	4.644861e-06	4.393754e-06	3.94396e-06	9.200141e-07	8.698165e-07	8.391468e-07	7.60252e-07	1.839781e-07	1.660791e-08	1.474502e-08	1.4199e-08	1.364933e-08	1.335609e-08	8.132817e-09
231	0.2346571	0.08999319	0.08663886	0.06067636	0.04003408	0.02345702	0.01842315	0.01840659	0.003362359	0.001580358	0.001580145	0.000886974	0.0001500485	2.887207e-05	5.386917e-06	5.044802e-06	4.333361e-06	3.768014e-06	3.57475e-06	3.541123e-06	9.086735e-07	8.667492e-07	8.407025e-07	7.620799e-07	1.801109e-07	1.105502e-08	9.418502e-09	9.037828e-09	8.55089e-09	8.302667e-09
232	0.1450974	0.07057224	0.02724182	0.02599159	0.01980724	0.01554253	0.003722243	0.001926269	0.001918705	0.001884491	0.00157108	0.001571004	0.000876359	0.0001327235	1.113833e-05	1.87617e-06	1.590335e-06	9.096384e-07	7.816361e-07	7.01384e-07	6.912986e-07	4.693565e-08	2.530713e-08	1.594662e-08	1.146535e-08	5.730088e-09	3.326863e-09	3.147973e-09	3.029543e-09	2.822634e-09
233	0.4343208	0.06016585	0.05645755	0.02397486	0.02349336	0.01814176	0.01434398	0.002511083	0.0009006955	0.0008934656	0.0008721379	0.0008704617	0.0008703862	0.0001607499	0.0001340894	9.870712e-06	1.836534e-06	1.546659e-06	8.52326e-07	7.338802e-07	6.630659e-07	6.540883e-07	3.969148e-08	1.972444e-08	1.12933e-08	8.196972e-09	4.555887e-09	2.906336e-09	2.742403e-09	2.636402e-09
234	0.7992288	0.4178442	0.06076836	0.05712722	0.02401102	0.02352433	0.01818745	0.01451179	0.002519524	0.0009063244	0.0008990538	0.0008910807	0.0008894206	0.000889344	0.0001636381	0.0001364222	9.381239e-06	1.186165e-06	8.911835e-07	8.34683e-07	7.201126e-07	6.497227e-07	6.408751e-07	3.943678e-08	1.944835e-08	1.109584e-08	7.993505e-09	4.308051e-09	2.631186e-09	2.468976e-09
235	0.7046559	0.5074344	0.3164329	0.03502957	0.03205055	0.01151064	0.01137073	0.006707858	0.003137608	0.001684597	5.957089e-05	5.389562e-05	4.589297e-05	4.424301e-05	4.416528e-05	3.737179e-05	9.821532e-06	8.892926e-06	9.802733e-07	8.427017e-07	7.89006e-07	6.899245e-07	6.195174e-07	6.107028e-07	3.912312e-08	1.903515e-08	1.06888e-08	7.590784e-09	3.904113e-09	2.308577e-09
236	0.4647368	0.4188993	0.3976358	0.2344087	0.004723237	0.002816301	0.002461721	0.002363582	0.001312397	0.0007120596	0.0002752277	1.292083e-05	1.101458e-05	1.002977e-05	9.641356e-06	9.57186e-06	5.140941e-06	3.298785e-06	2.794442e-06	7.660551e-07	6.339709e-07	5.948449e-07	5.342718e-07	5.216034e-07	5.206055e-07	1.65762e-08	7.228273e-09	5.564229e-09	3.765172e-09	1.681412e-09
237	0.4566368	0.4050937	0.3692335	0.3562048	0.2197705	0.003824426	0.00198085	0.001652481	0.001589922	0.00104424	0.0005983253	0.0002467192	1.14757e-05	9.740947e-06	8.886238e-06	8.533004e-06	8.462387e-06	4.637875e-06	2.945451e-06	2.58938e-06	7.243297e-07	5.990588e-07	5.608242e-07	5.063168e-07	4.948032e-07	4.939981e-07	1.448075e-08	5.81117e-09	4.296857e-09	2.659771e-09
238	0.574064	0.442791	0.3949088	0.358586	0.3470449	0.2109617	0.003627016	0.001818217	0.001495381	0.001432844	0.0009099372	0.0005181591	0.0002424067	1.070297e-05	8.999695e-06	8.208255e-06	7.861958e-06	7.859682e-06	4.491604e-06	2.800499e-06	2.525474e-06	6.233155e-07	6.122479e-07	5.732066e-07	5.176608e-07	5.061985e-07	5.054603e-07	1.433267e-08	5.564009e-09	4.082488e-09
239	0.8123656	0.5475153	0.4458043	0.3980464	0.3609314	0.3493143	0.2105892	0.003611398	0.001789015	0.00146468	0.001400737	0.0008778013	0.0005022038	0.0002449158	1.061542e-05	8.880434e-06	8.108185e-06	7.75911e-06	7.756859e-06	4.527969e-06	2.809594e-06	2.564803e-06	6.155576e-07	6.042744e-07	5.880123e-07	5.311025e-07	5.194692e-07	5.187441e-07	1.453287e-08	5.57397e-09
240	0.4430987	0.4402787	0.2384668	0.1505776	0.1415319	0.1038809	0.09566431	0.02384093	0.003514645	0.001679256	0.001354736	0.001293688	0.0008108983	0.0004676655	0.000234003	6.958948e-06	6.470332e-06	5.733121e-06	5.387092e-06	5.385072e-06	4.469985e-06	2.745727e-06	2.606821e-06	6.194447e-07	6.093273e-07	5.927705e-07	5.371772e-07	5.256216e-07	5.249349e-07	1.268792e-08
241	0.4018817	0.2923515	0.2920513	0.1852205	0.1212468	0.1165545	0.08461913	0.08301374	0.01587024	0.001735697	0.0004328433	0.0003254146	0.0003135489	0.0002336808	0.0001228001	3.627579e-05	4.275174e-06	4.201123e-06	4.083804e-06	4.024333e-06	4.023788e-06	3.450593e-06	2.157244e-06	2.063456e-06	1.33806e-07	1.244687e-07	1.081657e-07	9.082421e-08	8.800521e-08	8.785338e-08
242	0.3457307	0.1614412	0.1353298	0.135065	0.09761516	0.07631516	0.07266473	0.06910447	0.0677551	0.01055353	0.0003907088	0.0003298225	0.0002567103	0.0002474388	0.0001845984	9.286862e-05	2.730558e-05	3.769387e-06	3.714742e-06	3.664203e-06	3.621837e-06	3.621389e-06	3.199276e-06	1.992611e-06	1.923176e-06	1.062081e-07	9.791392e-08	8.257301e-08	6.840066e-08	6.623646e-08
243	0.5638448	0.2313989	0.1051851	0.09025515	0.09003236	0.06486577	0.058239	0.05551614	0.05531545	0.05412651	0.006598384	0.0002835445	0.0002452824	0.0002072554	0.0001996736	0.0001461652	6.924767e-05	2.188221e-05	3.125899e-06	3.081345e-06	3.047196e-06	3.014887e-06	3.014509e-06	2.739018e-06	1.808818e-06	1.763241e-06	8.716754e-08	8.002943e-08	6.594792e-08	5.433752e-08
244	0.05664571	0.04244442	0.0203809	0.008047605	0.006899731	0.00668514	0.00348428	0.002307455	0.002103397	0.002029315	0.001184219	0.000862515	9.257559e-05	8.743275e-05	8.240027e-05	8.081553e-05	6.07372e-05	1.434139e-05	5.922174e-06	4.607366e-07	4.469178e-07	4.343648e-07	4.28692e-07	4.28487e-07	4.156831e-07	2.730794e-07	2.706811e-07	1.144533e-08	1.035212e-08	8.185809e-09
245	0.06230575	0.02921936	0.01762737	0.00765142	0.003037401	0.0027003	0.002482419	0.001546395	0.001287345	0.001171948	0.001156137	0.0003756899	0.0002207617	3.037483e-05	2.903532e-05	2.746156e-05	2.638382e-05	1.634624e-05	4.459603e-06	2.291007e-06	1.191759e-07	1.127517e-07	1.086414e-07	1.069345e-07	1.068633e-07	1.043303e-07	6.874729e-08	6.827638e-08	3.594315e-09	3.318761e-09
246	0.05512721	0.03640438	0.02141528	0.01035893	0.003671676	0.001574267	0.001450295	0.00122612	0.001074825	0.001033288	0.0009394862	0.0009304582	0.0001637227	2.986575e-05	1.118477e-05	1.097156e-05	1.044787e-05	1.01703e-05	4.781442e-06	1.14719e-06	5.025161e-07	1.135448e-08	8.696985e-09	7.086007e-09	6.431277e-09	6.385162e-09	5.85049e-09	4.180657e-09	4.10134e-09	1.197899e-09
247	0.2077359	0.03884258	0.02657752	0.01465706	0.00411295	0.003507568	0.001516697	0.00139703	0.001165225	0.00104617	0.001009876	0.0009198349	0.0009113361	0.0001543021	2.502956e-05	9.437949e-06	9.258128e-06	8.746317e-06	8.487984e-06	3.388395e-06	9.096455e-07	4.159648e-07	9.804996e-09	7.280502e-09	5.933834e-09	5.324393e-09	5.282645e-09	4.827775e-09	3.51323e-09	3.453827e-09
248	0.2466794	0.1793395	0.03470899	0.02528017	0.01474676	0.003861303	0.003280146	0.001291719	0.001172226	0.001171766	0.001068088	0.001034837	0.0009459033	0.0009376259	0.0001552101	2.191409e-05	7.219948e-06	7.05105e-06	6.528088e-06	6.267206e-06	2.536974e-06	7.800878e-07	3.729828e-07	9.476813e-09	7.150893e-09	5.97091e-09	5.375505e-09	5.33669e-09	4.916716e-09	3.57567e-09
249	0.9513385	0.193184	0.1534866	0.0313112	0.02447247	0.01514668	0.003883219	0.003303025	0.001248331	0.001159898	0.001159494	0.001084643	0.00106309	0.0009712391	0.0009655005	0.0001552889	1.746527e-05	5.435988e-06	5.299478e-06	4.778255e-06	4.512587e-06	1.851605e-06	6.603441e-07	3.192579e-07	8.232716e-09	6.77571e-09	5.927732e-09	5.373598e-09	5.335326e-09	4.938429e-09
250	0.9724823	0.9514222	0.1648607	0.131869	0.0290968	0.02432235	0.01562575	0.003951911	0.003368936	0.001241382	0.001169989	0.001169633	0.001110883	0.001093152	0.0009980996	0.0009965438	0.0001562896	1.353192e-05	3.85388e-06	3.735556e-06	3.201764e-06	2.930191e-06	1.232699e-06	5.523503e-07	2.696215e-07	7.084015e-09	6.468751e-09	5.927649e-09	5.398727e-09	5.360747e-09
251	0.9991686	0.9724686	0.9519831	0.1340179	0.1015382	0.02915653	0.02496654	0.01614923	0.004074578	0.003475219	0.001275456	0.001203266	0.001202909	0.001147491	0.001129939	0.00103162	0.001030076	0.0001608726	1.322245e-05	3.627647e-06	3.511753e-06	2.960932e-06	2.68047e-06	1.088417e-06	4.702566e-07	1.887815e-07	7.078634e-09	6.581179e-09	6.074716e-09	5.539128e-09
252	0.9997911	0.9991041	0.9758162	0.9587511	0.1069265	0.07646502	0.02372764	0.02032341	0.01312753	0.003302856	0.002814321	0.001050339	0.0009865825	0.0009862822	0.0009372025	0.0009218449	0.0008407948	0.0008393514	0.0001320266	1.174902e-05	3.00897e-06	2.902817e-06	2.458736e-06	2.223693e-06	8.91837e-07	3.676033e-07	1.371345e-07	6.215148e-09	5.831156e-09	5.406579e-09
253	0.1122246	0.1120546	0.1115774	0.09328207	0.08128976	0.07980818	0.05224444	0.01557492	0.01311812	0.008391829	0.002099247	0.001783166	0.0006982415	0.000647336	0.000647119	0.0006073759	0.000595195	0.0005413344	0.000540035	8.698277e-05	9.67904e-06	2.164771e-06	2.096391e-06	1.818304e-06	1.65475e-06	6.630148e-07	2.507671e-07	9.539785e-08	4.892986e-09	4.626897e-09
254	0.04926197	0.04912806	0.04910526	0.04894711	0.03862665	0.03354318	0.03336586	0.02808612	0.004770852	0.003306353	0.00189894	0.0004550879	0.0003735255	0.0002010035	0.0001840949	0.0001839867	0.0001542897	0.000146215	0.000129699	0.0001292939	2.542772e-05	7.123637e-06	1.183984e-06	1.133652e-06	1.078226e-06	1.011845e-06	4.151041e-07	1.198886e-07	6.11727e-08	3.325393e-09
255	0.02032813	0.01446369	0.01443187	0.01442734	0.01438766	0.01021118	0.009403976	0.009334904	0.008399623	0.0004141229	0.0001854008	6.873564e-05	5.834155e-05	5.545634e-05	2.045114e-05	1.748623e-05	1.747786e-05	7.673208e-06	4.532482e-06	4.186054e-06	4.008132e-06	3.467275e-06	2.674216e-06	1.432227e-07	1.276534e-07	1.11974e-07	1.093385e-07	5.71845e-08	3.158105e-08	2.106754e-08
256	0.01623571	0.006145823	0.003905395	0.003897474	0.003895917	0.003882074	0.001511394	0.001288851	0.001276683	0.00106638	8.10895e-05	4.89518e-05	2.125943e-05	1.96657e-05	1.8951e-05	6.302269e-06	5.359936e-06	5.357969e-06	3.001784e-06	1.858732e-06	1.749255e-06	1.594604e-06	1.54456e-06	8.732026e-07	2.366389e-08	1.864542e-08	1.310132e-08	1.227757e-08	7.403886e-09	5.422844e-09
257	0.03597436	0.006169771	0.003471708	0.001795563	0.001792092	0.00179174	0.001790311	0.0001489216	0.0001142069	0.0001131483	9.655561e-05	8.77675e-06	5.706637e-06	2.789032e-06	2.611618e-06	2.456957e-06	9.966548e-07	9.178788e-07	9.176908e-07	8.090564e-07	7.430421e-07	7.123008e-07	7.113923e-07	7.078453e-07	4.256117e-08	2.002261e-09	1.759534e-09	1.237479e-09	1.139685e-09	6.888663e-10
258	0.9992801	0.03654664	0.00622935	0.003586335	0.001833258	0.001829697	0.001829353	0.0018282	0.0001189825	8.762735e-05	8.687781e-05	7.491067e-05	7.214943e-06	4.794002e-06	2.416151e-06	2.268862e-06	2.121803e-06	9.055529e-07	8.467778e-07	8.466305e-07	7.982914e-07	7.553901e-07	7.252428e-07	7.244966e-07	7.220257e-07	2.090182e-08	1.499268e-09	1.381474e-09	9.75087e-10	8.928988e-10
259	0.4423734	0.4419778	0.02714928	0.004459079	0.001924632	0.001857416	0.001853886	0.00185356	0.001852782	7.382362e-05	5.333351e-05	5.292708e-05	4.662697e-05	5.425165e-06	3.835923e-06	1.951778e-06	1.838881e-06	1.711544e-06	8.323867e-07	8.005639e-07	8.004697e-07	7.77838e-07	7.606516e-07	7.560675e-07	7.555292e-07	7.537693e-07	1.269278e-08	9.741494e-10	9.069791e-10	6.46717e-10
260	0.9980012	0.4393111	0.4388915	0.02812407	0.004576843	0.00199501	0.001933869	0.001930182	0.001929854	0.001929256	5.462114e-05	3.607646e-05	3.585178e-05	3.24829e-05	4.649717e-06	3.473729e-06	1.79025e-06	1.689006e-06	1.560958e-06	8.392914e-07	8.186234e-07	8.185558e-07	8.056618e-07	8.018545e-07	7.984311e-07	7.97973e-07	7.964854e-07	9.73948e-09	7.233913e-10	6.731122e-10
261	0.1642729	0.1642408	0.07659051	0.0765847	0.001554568	0.0002926002	7.424177e-05	5.397368e-05	5.01624e-05	4.98886e-05	4.979661e-05	4.631112e-05	3.10286e-05	3.088816e-05	2.824106e-05	2.160187e-06	1.272718e-06	5.835012e-07	5.443484e-07	5.337916e-07	3.273399e-08	2.139161e-08	2.134232e-08	1.446057e-08	1.195075e-08	1.005821e-08	9.654277e-09	8.443239e-09	7.845761e-09	5.691326e-10
262	0.1142391	0.1044101	0.1043792	0.04789948	0.04789497	0.0008678723	0.0001977019	5.629604e-05	3.740273e-05	3.333661e-05	3.304582e-05	3.29742e-05	3.019908e-05	2.818946e-05	2.807065e-05	2.598354e-05	1.604008e-06	8.597856e-07	3.156082e-07	2.87687e-07	2.796928e-07	1.942431e-08	1.236177e-08	1.233193e-08	5.988836e-09	4.144749e-09	3.059119e-09	2.680002e-09	1.70112e-09	1.24433e-09
263	0.2403131	0.05085335	0.04696804	0.04693601	0.02316955	0.02316482	0.0006691589	0.0001768652	5.689102e-05	3.742849e-05	3.305808e-05	3.274601e-05	3.267843e-05	3.000673e-05	2.801339e-05	2.795029e-05	2.619374e-05	1.41911e-06	7.132432e-07	2.086261e-07	1.845185e-07	1.770249e-07	1.667561e-08	1.12353e-08	1.121302e-08	5.350088e-09	3.710996e-09	2.944933e-09	2.556323e-09	1.639594e-09
264	0.1032541	0.1029772	0.01614405	0.01485974	0.01482642	0.007985585	0.007980647	0.0004276591	0.0001370113	5.222079e-05	3.370433e-05	2.898782e-05	2.86515e-05	2.858962e-05	2.617024e-05	2.429688e-05	2.425435e-05	2.289844e-05	1.0762e-06	5.169057e-07	7.416355e-08	5.779437e-08	5.152402e-08	1.022243e-08	7.735551e-09	7.722282e-09	3.268472e-09	2.292668e-09	2.03902e-09	1.854796e-09
265	0.03899314	0.03322575	0.03311171	0.002161489	0.001914458	0.001880078	0.001109729	0.001104482	0.0001749927	4.545535e-05	2.102973e-05	1.280799e-05	7.724184e-06	7.361411e-06	7.303147e-06	5.68572e-06	5.441502e-06	5.428992e-06	5.04556e-06	5.347733e-07	3.622926e-07	9.919771e-09	6.913436e-09	4.939531e-09	3.889423e-09	2.961954e-09	2.957705e-09	1.28581e-09	8.052067e-10	7.060107e-10
266	0.9998621	0.03981259	0.03410967	0.03399259	0.002203494	0.001950524	0.001912802	0.001131441	0.001125674	0.00018202	4.539164e-05	2.145826e-05	1.289798e-05	7.309038e-06	6.910188e-06	6.846302e-06	5.10811e-06	4.869451e-06	4.858493e-06	4.489735e-06	5.593324e-07	3.922188e-07	1.014832e-08	7.059395e-09	5.009547e-09	3.997805e-09	3.03357e-09	3.029287e-09	1.352546e-09	8.490339e-10
267	0.958893	0.9587441	0.04086002	0.03523571	0.03511801	0.002277815	0.002015806	0.001974685	0.001164155	0.001162844	0.0001772012	3.259915e-05	9.376742e-06	7.667444e-06	6.75767e-06	6.336913e-06	6.273662e-06	4.388279e-06	4.158326e-06	4.147831e-06	3.797169e-06	5.894156e-07	4.290621e-07	1.06882e-08	7.375635e-09	5.229084e-09	4.133344e-09	3.122682e-09	3.118542e-09	1.437187e-09
268	0.9594243	0.9520184	0.9518561	0.04306075	0.03725308	0.0371377	0.002417919	0.002140208	0.002094304	0.001237561	0.001237165	0.0001886952	3.252641e-05	8.736583e-06	6.996987e-06	6.948154e-06	6.850542e-06	6.785008e-06	4.714223e-06	4.492398e-06	4.481167e-06	4.137577e-06	6.392508e-07	4.757177e-07	1.1441e-08	7.835551e-09	5.570437e-09	4.373887e-09	3.297099e-09	3.293906e-09
269	0.9818362	0.9539976	0.9463522	0.9461735	0.04586672	0.03975861	0.03970166	0.002551306	0.002253157	0.002252607	0.001334865	0.001334668	0.0002050833	3.397175e-05	9.379864e-06	7.468725e-06	7.455595e-06	7.454576e-06	7.45069e-06	5.139892e-06	4.927918e-06	4.915729e-06	4.580353e-06	7.037533e-07	5.358179e-07	1.241549e-08	8.43677e-09	6.01177e-09	4.685901e-09	3.523771e-09
270	0.9241669	0.9110602	0.8814469	0.8734014	0.8733479	0.04703893	0.04205018	0.04199868	0.002616312	0.002305177	0.002304614	0.001319205	0.001319155	8.192686e-05	3.35049e-05	9.925261e-06	7.795125e-06	7.780703e-06	7.779649e-06	7.777053e-06	5.145505e-06	4.946175e-06	4.932752e-06	4.610529e-06	2.275222e-07	5.356296e-08	1.364043e-08	9.107642e-09	6.465591e-09	4.960084e-09
271	0.9156001	0.9088655	0.8973613	0.8636158	0.8548502	0.8547935	0.0532159	0.04810272	0.04804844	0.002896634	0.002539904	0.002539274	0.001439426	0.001439374	7.878375e-05	3.152989e-05	8.518194e-06	6.075007e-06	6.058584e-06	6.05741e-06	6.054595e-06	5.809405e-06	5.635768e-06	5.620525e-06	5.317189e-06	2.314692e-07	5.081896e-08	1.323226e-08	8.431931e-09	7.449689e-09
272	0.9965507	0.9030711	0.8975761	0.8872448	0.8477617	0.838999	0.8389353	0.05987873	0.05454476	0.05448735	0.003294274	0.002888609	0.002887903	0.001640769	0.001640714	7.242308e-05	2.871129e-05	9.465978e-06	6.699151e-06	6.680691e-06	6.679392e-06	6.676323e-06	6.467129e-06	6.339173e-06	6.322231e-06	6.042245e-06	1.91182e-07	4.701456e-08	1.525159e-08	9.484262e-09
273	0.9995227	0.9957775	0.8935545	0.8884274	0.8792542	0.8350379	0.8263471	0.8262775	0.06496802	0.05965094	0.05959804	0.003577745	0.003135856	0.003135203	0.001792039	0.001791984	6.057197e-05	2.107947e-05	8.031718e-06	5.680369e-06	5.66469e-06	5.663531e-06	5.660303e-06	5.480295e-06	5.379186e-06	5.366775e-06	5.126621e-06	1.280003e-07	4.24838e-08	1.684451e-08
274	0.9961762	0.9958171	0.9923839	0.8833518	0.8809944	0.8729514	0.8240246	0.8153052	0.8152303	0.06804954	0.06360212	0.06357144	0.003833935	0.003362929	0.003362622	0.001934827	0.001934772	4.262937e-05	7.234306e-06	8.634334e-07	7.017818e-07	7.003499e-07	6.9995e-07	6.965995e-07	5.452314e-07	4.732734e-07	4.655225e-07	3.135375e-07	6.58598e-08	3.806355e-08
275	0.9972419	0.9946838	0.9943272	0.9908918	0.8812306	0.8788741	0.8709081	0.8227475	0.8141205	0.8140454	0.06846057	0.06400453	0.06397386	0.00385503	0.003381367	0.003381061	0.001946916	0.001946861	4.271694e-05	7.209443e-06	8.356672e-07	6.831189e-07	6.817412e-07	6.813426e-07	6.77969e-07	5.263543e-07	4.545327e-07	4.467402e-07	2.938561e-07	6.592217e-08
