#unpaired probabilities
 #i$	l=1	2	3	4	5	6	7	8	9	10	11	12	13	14	15	16	17	18	19	20	21	22	23	24	25	26	27	28	29	30	
1	0.9609165	NA	NA	NA	NA	NA	NA	NA	NA	NA	NA	NA	NA	NA	NA	NA	NA	NA	NA	NA	NA	NA	NA	NA	NA	NA	NA	NA	NA	NA
2	0.9898497	0.959849	NA	NA	NA	NA	NA	NA	NA	NA	NA	NA	NA	NA	NA	NA	NA	NA	NA	NA	NA	NA	NA	NA	NA	NA	NA	NA	NA	NA
3	0.9963935	0.9873906	0.9574539	NA	NA	NA	NA	NA	NA	NA	NA	NA	NA	NA	NA	NA	NA	NA	NA	NA	NA	NA	NA	NA	NA	NA	NA	NA	NA	NA
4	0.8705582	0.8697352	0.8621892	0.8347538	NA	NA	NA	NA	NA	NA	NA	NA	NA	NA	NA	NA	NA	NA	NA	NA	NA	NA	NA	NA	NA	NA	NA	NA	NA	NA
5	0.87369	0.8473645	0.8467282	0.8391761	0.8127145	NA	NA	NA	NA	NA	NA	NA	NA	NA	NA	NA	NA	NA	NA	NA	NA	NA	NA	NA	NA	NA	NA	NA	NA	NA
6	0.9026431	0.8716982	0.846542	0.8458051	0.8381189	0.812283	NA	NA	NA	NA	NA	NA	NA	NA	NA	NA	NA	NA	NA	NA	NA	NA	NA	NA	NA	NA	NA	NA	NA	NA
7	0.729917	0.6551871	0.6279411	0.6007187	0.5985614	0.5926401	0.5716963	NA	NA	NA	NA	NA	NA	NA	NA	NA	NA	NA	NA	NA	NA	NA	NA	NA	NA	NA	NA	NA	NA	NA
8	0.7003548	0.535305	0.5221887	0.5023848	0.4774813	0.4728173	0.4684112	0.4587023	NA	NA	NA	NA	NA	NA	NA	NA	NA	NA	NA	NA	NA	NA	NA	NA	NA	NA	NA	NA	NA	NA
9	0.4208701	0.3562231	0.3316625	0.3243066	0.3121849	0.2968947	0.2940054	0.2918799	0.286036	NA	NA	NA	NA	NA	NA	NA	NA	NA	NA	NA	NA	NA	NA	NA	NA	NA	NA	NA	NA	NA
10	0.01765245	0.01109087	0.008965352	0.008894974	0.009217081	0.00917066	0.009198433	0.009398694	0.009344768	0.009157382	NA	NA	NA	NA	NA	NA	NA	NA	NA	NA	NA	NA	NA	NA	NA	NA	NA	NA	NA	NA
11	0.1186337	0.00327508	0.00273884	0.001328511	0.001297842	0.001350683	0.001345851	0.001368035	0.001370371	0.001364862	0.001337369	NA	NA	NA	NA	NA	NA	NA	NA	NA	NA	NA	NA	NA	NA	NA	NA	NA	NA	NA
12	0.3657009	0.1110981	0.002470871	0.002077445	0.0006771457	0.0006288859	0.0006333125	0.0006213394	0.0006271129	0.0006015771	0.0005986926	0.0005865703	NA	NA	NA	NA	NA	NA	NA	NA	NA	NA	NA	NA	NA	NA	NA	NA	NA	NA
13	0.8562205	0.3626143	0.1108585	0.0023942	0.001995693	0.0006687286	0.0006197664	0.0006237479	0.0006120088	0.0006179679	0.0005968084	0.0005939402	0.0005819126	NA	NA	NA	NA	NA	NA	NA	NA	NA	NA	NA	NA	NA	NA	NA	NA	NA
14	0.8268328	0.8195583	0.3518456	0.1096308	0.00226906	0.001895265	0.0005667807	0.000519253	0.0005171568	0.0005035091	0.0005060709	0.0004800499	0.0004777565	0.0004680443	NA	NA	NA	NA	NA	NA	NA	NA	NA	NA	NA	NA	NA	NA	NA	NA
15	0.1802646	0.1497337	0.1322145	0.04207157	0.004730754	0.001691357	0.001574895	0.0002805109	0.0002895781	0.0003108525	0.0003145969	0.0003230488	0.0002968223	0.0002956974	0.0002896366	NA	NA	NA	NA	NA	NA	NA	NA	NA	NA	NA	NA	NA	NA	NA
16	0.1534948	0.07974447	0.05726069	0.03838801	0.01522346	0.001899554	0.0002405591	0.0002259337	0.000229301	0.0002362447	0.0002567296	0.0002583994	0.000263606	0.0002743766	0.0002734069	0.0002677905	NA	NA	NA	NA	NA	NA	NA	NA	NA	NA	NA	NA	NA	NA
17	0.2619288	0.129797	0.07211752	0.05144284	0.03405904	0.0134751	0.001736854	0.0002265143	0.0002129367	0.0002162011	0.0002267619	0.0002468605	0.0002485498	0.0002537239	0.0002642085	0.000263397	0.0002581189	NA	NA	NA	NA	NA	NA	NA	NA	NA	NA	NA	NA	NA
18	0.2847668	0.2345337	0.1265407	0.07073692	0.05047685	0.0333861	0.0131904	0.001707057	0.0002228354	0.0002093945	0.0002125519	0.0002235576	0.0002433781	0.0002450312	0.0002501277	0.0002604958	0.0002597118	0.0002545267	NA	NA	NA	NA	NA	NA	NA	NA	NA	NA	NA	NA
19	0.9832231	0.2814643	0.2325734	0.1264046	0.07060964	0.05039158	0.0332981	0.01314765	0.001674728	0.0002147201	0.0002058283	0.0002085875	0.00021903	0.0002387962	0.0002429967	0.0002500894	0.0002604736	0.0002596897	0.000254505	NA	NA	NA	NA	NA	NA	NA	NA	NA	NA	NA
20	0.9503523	0.9344688	0.2774605	0.2305114	0.1245697	0.07024174	0.05007594	0.03301733	0.01305873	0.001666256	0.0002116109	0.0002034601	0.0002067167	0.0002169445	0.0002371031	0.0002415905	0.0002490826	0.0002597919	0.0002590101	0.000253839	NA	NA	NA	NA	NA	NA	NA	NA	NA	NA
21	0.1542167	0.1380298	0.12805	0.08019893	0.07389781	0.01805887	0.01054641	0.007446266	0.00488647	0.001933018	0.0002475653	3.255292e-05	3.091098e-05	3.07151e-05	3.211818e-05	3.508164e-05	3.570848e-05	3.675992e-05	3.830593e-05	3.817718e-05	3.741586e-05	NA	NA	NA	NA	NA	NA	NA	NA	NA
22	0.1046886	0.09512537	0.08274436	0.07637789	0.05342046	0.0531489	0.003243301	0.001919631	0.001290027	0.0008431232	0.0003340117	4.385031e-05	6.790536e-06	6.071051e-06	5.37803e-06	5.519524e-06	6.008708e-06	6.080133e-06	6.204531e-06	6.431154e-06	6.404034e-06	6.275899e-06	NA	NA	NA	NA	NA	NA	NA	NA
23	0.1245216	0.08855956	0.08539305	0.07462043	0.06868433	0.04916622	0.04958668	0.001399204	0.0008377635	0.0005310117	0.0003455896	0.0001373947	1.877371e-05	3.63555e-06	3.030576e-06	2.278097e-06	2.26721e-06	2.455313e-06	2.463089e-06	2.480356e-06	2.556069e-06	2.541732e-06	2.490708e-06	NA	NA	NA	NA	NA	NA	NA
24	0.1592046	0.1181912	0.0883309	0.08522818	0.07446827	0.06854997	0.04905647	0.04952696	0.001345981	0.000786756	0.000527042	0.0003427671	0.0001359171	1.806986e-05	2.97629e-06	2.302944e-06	2.262395e-06	2.250654e-06	2.437766e-06	2.445946e-06	2.462882e-06	2.538571e-06	2.524303e-06	2.473627e-06	NA	NA	NA	NA	NA	NA
25	0.2146174	0.1468153	0.1100117	0.08095312	0.07773644	0.06663868	0.06836606	0.04891182	0.0494198	0.001277028	0.0007536467	0.000515043	0.0003356943	0.0001331086	1.770554e-05	2.922494e-06	2.248965e-06	2.205843e-06	2.22584e-06	2.411996e-06	2.423502e-06	2.445267e-06	2.529339e-06	2.516305e-06	2.46581e-06	NA	NA	NA	NA	NA
26	0.9743162	0.204104	0.1364282	0.09979947	0.08014823	0.07706048	0.0659371	0.06763548	0.04876983	0.0493974	0.00126241	0.0007464503	0.000512281	0.000333788	0.0001322444	1.748465e-05	2.794778e-06	2.212856e-06	2.166408e-06	2.181671e-06	2.36383e-06	2.380487e-06	2.439887e-06	2.525613e-06	2.512824e-06	2.462403e-06	NA	NA	NA	NA
27	0.9590596	0.9550107	0.1845607	0.1164662	0.08080507	0.06046265	0.05973548	0.04775345	0.04850005	0.04849018	0.04938159	0.00125122	0.0007401671	0.0005081303	0.0003309221	0.000131183	1.732129e-05	2.752696e-06	2.173696e-06	2.143543e-06	2.156932e-06	2.33884e-06	2.355878e-06	2.415558e-06	2.508621e-06	2.495946e-06	2.445862e-06	NA	NA	NA
28	0.993844	0.9549729	0.9516208	0.1819596	0.1146379	0.07984961	0.05986498	0.05920892	0.04721295	0.04843996	0.04844131	0.04934328	0.001224153	0.0007240365	0.0004966954	0.0003233999	0.0001282046	1.694098e-05	2.704669e-06	2.127397e-06	2.09632e-06	2.107433e-06	2.284744e-06	2.300774e-06	2.358769e-06	2.449442e-06	2.436984e-06	2.388075e-06	NA	NA
29	0.9880488	0.9858454	0.9483245	0.9450622	0.1754562	0.113932	0.07953785	0.05968073	0.05906583	0.04706769	0.04841745	0.04842364	0.04932944	0.001214391	0.0007182093	0.0004926384	0.0003207622	0.0001271638	1.680484e-05	2.685854e-06	2.108847e-06	2.077061e-06	2.089771e-06	2.265361e-06	2.280722e-06	2.337654e-06	2.426681e-06	2.418229e-06	2.369694e-06	NA
30	0.9201363	0.9113632	0.9079037	0.901758	0.8999796	0.1294572	0.06694653	0.03138389	0.009723569	0.006805762	0.006600893	0.006280535	0.003959059	0.002262947	0.001192441	0.0007068933	0.0004873833	0.0003174987	0.0001259051	1.665008e-05	2.671782e-06	2.095928e-06	2.064348e-06	2.077786e-06	2.252714e-06	2.268828e-06	2.326777e-06	2.417593e-06	2.409489e-06	2.361202e-06
31	0.9074722	0.8972889	0.894736	0.892228	0.8886488	0.887838	0.1186065	0.05722261	0.02287441	0.007747443	0.004894663	0.004616414	0.004214606	0.003844797	0.002176337	0.001125153	0.0006796967	0.0004696509	0.0003057153	0.0001209738	1.561242e-05	2.093935e-06	2.026821e-06	1.995059e-06	2.00513e-06	2.174744e-06	2.190174e-06	2.246759e-06	2.335516e-06	2.327825e-06
32	0.3040052	0.2773153	0.2488368	0.2249321	0.2000257	0.1723424	0.1447311	0.1157226	0.0549969	0.02136933	0.006529028	0.003743925	0.003419128	0.002965449	0.002545465	0.002133098	0.001091292	0.0006545775	0.0004604892	0.0002996781	0.0001185657	1.524341e-05	1.980573e-06	1.906705e-06	1.951019e-06	1.958186e-06	2.133607e-06	2.149472e-06	2.205167e-06	2.29268e-06
33	0.2895316	0.2605279	0.2360423	0.2085342	0.1846668	0.1600523	0.133998	0.1071093	0.07911281	0.05055349	0.01931432	0.005528807	0.002919747	0.002610363	0.00228346	0.001865177	0.001452679	0.001027528	0.0006194717	0.0004418769	0.0002895914	0.0001148001	1.472943e-05	1.882997e-06	1.805438e-06	1.841673e-06	1.936637e-06	2.11161e-06	2.129698e-06	2.188348e-06
34	0.3017761	0.2765954	0.2509575	0.2284636	0.2062174	0.1827263	0.1585707	0.1330402	0.1064295	0.07849888	0.05000272	0.01923811	0.005489853	0.002892454	0.002582941	0.002255879	0.001849851	0.001447558	0.001023501	0.0006176555	0.0004406276	0.0002888558	0.0001144597	1.463551e-05	1.843749e-06	1.775558e-06	1.810953e-06	1.901783e-06	2.078482e-06	2.118003e-06
35	0.3547382	0.2903695	0.2666572	0.2440599	0.2219803	0.201008	0.1787501	0.1559056	0.1317064	0.1058518	0.07808049	0.04973309	0.01913115	0.005458054	0.002875277	0.002567219	0.002241743	0.001840017	0.001439937	0.001018107	0.0006144146	0.0004384967	0.0002878313	0.000114074	1.458748e-05	1.838856e-06	1.77102e-06	1.806392e-06	1.897037e-06	2.073389e-06
36	0.464506	0.3426829	0.2834123	0.26009	0.2385153	0.2167485	0.1965734	0.1750507	0.1529704	0.1295628	0.1043036	0.07695478	0.04898577	0.01887162	0.005383115	0.002834614	0.002530515	0.002209333	0.001813659	0.001420139	0.001004104	0.0006059467	0.0004327951	0.000285215	0.0001130395	1.445886e-05	1.823801e-06	1.756571e-06	1.791692e-06	1.881619e-06
37	0.4023689	0.07715723	0.03776527	0.02887659	0.02579903	0.02368214	0.02155356	0.01938952	0.01728173	0.01509012	0.01279301	0.01032105	0.007673923	0.004971366	0.001920308	0.000610035	0.0003153062	0.0002828897	0.000253723	0.0001826519	0.0001446649	0.0001043803	6.025676e-05	4.329302e-05	2.884146e-05	1.171277e-05	1.49013e-06	1.786883e-07	1.687999e-07	1.717934e-07
38	0.0297198	0.02919544	0.01968603	0.00343176	0.001491102	0.001156286	0.001061988	0.0009682284	0.0008777869	0.0007844038	0.0006549734	0.0005483099	0.0004442336	0.0003567465	0.0002731726	0.0001330431	8.518468e-05	2.407609e-05	1.839317e-05	1.791908e-05	7.459784e-06	6.095211e-06	4.457582e-06	3.276008e-06	2.542786e-06	1.975408e-06	1.131201e-06	1.35253e-07	5.906572e-09	4.57398e-09
39	0.05827382	0.02535719	0.02506079	0.01624521	0.003055468	0.001256424	0.0009455046	0.0008639156	0.0007828458	0.0007044241	0.0006238341	0.0005434972	0.0004518131	0.0003634111	0.0002987286	0.0002326424	0.0001112688	7.20055e-05	2.203382e-05	1.653142e-05	1.62478e-05	6.000647e-06	5.011256e-06	3.626501e-06	2.700278e-06	2.262725e-06	1.790504e-06	1.058579e-06	1.260282e-07	4.745261e-09
40	0.08494478	0.04852036	0.01885965	0.01850852	0.01555022	0.002676086	0.001194082	0.0008881274	0.0008092739	0.0007315408	0.0006559916	0.0005780551	0.0005007074	0.000416779	0.000341564	0.0002812446	0.0002206001	0.0001040353	6.682574e-05	1.706475e-05	1.603251e-05	1.581963e-05	5.628319e-06	4.700122e-06	3.448202e-06	2.58744e-06	2.18167e-06	1.751885e-06	1.043286e-06	1.240913e-07
41	0.1738525	0.06404853	0.03769322	0.01737701	0.01711965	0.01425349	0.002410075	0.001115071	0.0008209154	0.0007451983	0.0006706985	0.0006034006	0.000533433	0.0004655679	0.0003917206	0.0003226537	0.0002656256	0.0002073771	9.33207e-05	6.59401e-05	1.643457e-05	1.541319e-05	1.521038e-05	5.034724e-06	4.118969e-06	2.878159e-06	2.022656e-06	1.603815e-06	1.148019e-06	5.138552e-07
42	0.74975	0.146617	0.05974555	0.03457093	0.01606257	0.01584117	0.01370132	0.002329759	0.001068835	0.0007785358	0.0007024659	0.0006275723	0.0005618625	0.0004921422	0.0004247971	0.0003516642	0.0002823473	0.0002242447	0.0001648124	9.191215e-05	6.470669e-05	1.549055e-05	1.442954e-05	1.418206e-05	4.834241e-06	3.917765e-06	2.672579e-06	1.810626e-06	1.380262e-06	9.104744e-07
43	0.7442053	0.7284575	0.1383323	0.05635528	0.0319133	0.01403743	0.01380979	0.01347275	0.002270289	0.001023486	0.0007389593	0.0006640047	0.0005904217	0.0005300066	0.0004634058	0.0003999184	0.0003309035	0.0002637417	0.0002060668	0.0001470107	8.431438e-05	5.728563e-05	7.932091e-06	6.509044e-06	5.861303e-06	4.76829e-06	3.869452e-06	2.63875e-06	1.790712e-06	1.36772e-06
44	0.7606	0.7358591	0.7211003	0.1347576	0.05433403	0.03046527	0.01301516	0.01278093	0.01247398	0.001994802	0.0007591503	0.0006952885	0.0006204856	0.0005470685	0.0004870439	0.0004204249	0.00035688	0.0002877935	0.0002205602	0.0001628423	0.0001036517	4.080876e-05	1.256861e-05	7.399697e-06	5.973377e-06	5.321579e-06	4.594355e-06	3.795132e-06	2.586361e-06	1.759343e-06
45	0.9349032	0.7361536	0.7138268	0.7006368	0.1200238	0.04144849	0.01901011	0.002834864	0.002374838	0.002043369	0.001889212	0.0006737129	0.0006147618	0.0005546123	0.0004877143	0.0004334202	0.0003731436	0.0003159997	0.0002543592	0.000194205	0.0001432225	9.091784e-05	3.542093e-05	1.046919e-05	5.877461e-06	5.321335e-06	4.748871e-06	4.111198e-06	3.410303e-06	2.306954e-06
46	0.4273487	0.3949577	0.2186647	0.1876301	0.1683885	0.1158678	0.03851811	0.01708175	0.001713117	0.001251473	0.0009215513	0.000748921	0.0006333041	0.0005772967	0.0005204421	0.0004594355	0.0004080621	0.0003510372	0.0002970424	0.0002388002	0.0001820002	0.0001340903	8.517152e-05	3.303144e-05	9.584208e-06	5.259298e-06	4.726924e-06	4.182625e-06	3.569029e-06	2.894193e-06
47	0.2559902	0.229674	0.2085235	0.09636437	0.07380824	0.06150975	0.0341697	0.02255231	0.009385066	0.0008438033	0.0005890252	0.0004149305	0.0003304882	0.000277091	0.0002552489	0.0002339255	0.0002123033	0.0001926498	0.0001713449	0.000149626	0.0001258703	0.0001010178	7.446698e-05	4.73132e-05	1.824444e-05	5.172887e-06	2.753865e-06	2.432941e-06	2.119852e-06	1.771485e-06
48	0.315231	0.2365935	0.2134503	0.1933476	0.08661802	0.064765	0.05288232	0.03203697	0.02107223	0.008875425	0.0007836009	0.0005446876	0.0003824465	0.0003052517	0.0002557112	0.0002355268	0.0002160819	0.0001964323	0.0001784467	0.0001590057	0.0001390924	0.000117256	9.433112e-05	6.953903e-05	4.418329e-05	1.703058e-05	4.821673e-06	2.561753e-06	2.259249e-06	1.966349e-06
49	0.3437868	0.3027726	0.2257165	0.2026627	0.1825923	0.08310588	0.06170617	0.05222725	0.03170316	0.02086273	0.008769669	0.0007697348	0.0005339525	0.0003758313	0.0002997857	0.0002510806	0.0002311412	0.0002121074	0.0001927465	0.0001750128	0.0001558533	0.000136231	0.0001153947	9.284308e-05	6.844498e-05	4.34783e-05	1.674006e-05	4.716944e-06	2.490217e-06	2.221796e-06
50	0.4483869	0.335904	0.299729	0.2230653	0.2000196	0.1799213	0.08051516	0.05907819	0.049551	0.02906084	0.01817405	0.00875888	0.0007674007	0.0005318758	0.0003744451	0.0002987789	0.0002502557	0.0002303407	0.0002113859	0.0001920601	0.0001743708	0.0001552621	0.0001356909	0.0001149097	9.247803e-05	6.817568e-05	4.330781e-05	1.667355e-05	4.69723e-06	2.479098e-06
51	0.01263469	0.005601998	0.003815015	0.003554469	0.000986882	0.0006533142	0.0005834261	0.0003125082	0.0002450988	0.0002074439	0.0001154179	7.130165e-05	3.484462e-05	4.576198e-06	3.185471e-06	2.386296e-06	2.055643e-06	1.864018e-06	1.790629e-06	1.707666e-06	1.618522e-06	1.40631e-06	1.195425e-06	9.371993e-07	6.623141e-07	4.592458e-07	3.319291e-07	2.108875e-07	8.137752e-08	2.310289e-08
52	0.02161159	0.00799289	0.0035468	0.003050359	0.002885025	0.0004492145	0.0001696373	0.0001487558	9.931326e-05	8.139341e-05	6.716401e-05	4.29293e-05	2.715034e-05	1.304038e-05	1.705258e-06	1.372888e-06	1.178425e-06	1.102059e-06	1.055724e-06	1.026021e-06	9.838637e-07	9.363878e-07	7.696078e-07	6.085437e-07	4.111502e-07	2.016925e-07	8.258063e-08	5.990808e-08	3.804271e-08	1.465911e-08
53	0.08192647	0.0182916	0.005448735	0.003353108	0.003038037	0.002874105	0.0004411955	0.0001650232	0.0001445936	9.717089e-05	7.963836e-05	6.564418e-05	4.212166e-05	2.66356e-05	1.276401e-05	1.621644e-06	1.294109e-06	1.159817e-06	1.085999e-06	1.041134e-06	1.011931e-06	9.711157e-07	9.242697e-07	7.58304e-07	5.98168e-07	4.020937e-07	1.940405e-07	7.914235e-08	5.740434e-08	3.645241e-08
54	0.9662926	0.06107005	0.01406815	0.003808075	0.002635278	0.002340967	0.00232974	0.0001815543	0.0001442602	0.0001265634	8.818167e-05	7.244341e-05	5.93594e-05	3.915519e-05	2.485623e-05	1.188377e-05	1.477349e-06	1.170101e-06	1.062458e-06	1.011091e-06	9.723343e-07	9.442266e-07	9.100078e-07	8.644249e-07	7.016242e-07	5.450889e-07	3.550641e-07	1.534514e-07	6.207515e-08	4.501127e-08
55	0.03589327	0.03229852	0.007351031	0.002183832	0.0004785023	0.0001093885	7.274972e-05	6.235607e-05	3.473884e-05	2.623348e-05	2.271162e-05	1.696275e-05	1.423878e-05	1.177942e-05	7.932645e-06	4.849434e-06	2.314993e-06	2.424453e-07	1.795439e-07	1.545736e-07	1.419145e-07	1.317416e-07	1.235469e-07	1.137798e-07	1.022231e-07	6.509502e-08	5.312001e-08	3.866055e-08	2.329421e-08	1.484372e-08
56	0.007578979	0.003210421	0.002690553	0.00155433	0.0005378828	0.0001799273	4.266362e-05	2.948622e-05	2.728577e-05	7.645583e-06	6.157021e-06	5.354936e-06	3.274905e-06	2.843918e-06	2.551513e-06	1.354035e-06	5.781608e-07	2.892244e-07	5.525135e-08	4.882426e-08	3.244604e-08	2.625138e-08	2.286114e-08	2.2139e-08	2.14468e-08	2.069101e-08	1.912658e-08	1.795672e-08	1.621989e-08	1.426762e-08
57	0.03710917	0.004646339	0.002331286	0.001915607	0.001256171	0.0004637635	0.0001686728	3.812256e-05	2.619645e-05	2.442035e-05	5.9173e-06	4.818828e-06	4.120491e-06	2.339252e-06	1.975236e-06	1.737697e-06	7.918995e-07	4.543127e-07	2.286352e-07	4.619491e-08	4.126756e-08	2.690817e-08	2.164385e-08	1.880249e-08	1.833668e-08	1.786737e-08	1.737026e-08	1.634576e-08	1.545918e-08	1.405739e-08
58	0.9881512	0.03284194	0.004350394	0.002198122	0.001811683	0.001188424	0.0004432106	0.0001654783	3.706079e-05	2.54865e-05	2.378682e-05	5.362912e-06	4.381545e-06	3.72415e-06	2.126841e-06	1.803593e-06	1.586796e-06	7.209316e-07	4.108607e-07	2.087895e-07	4.309926e-08	3.865265e-08	2.495943e-08	2.00165e-08	1.733078e-08	1.689414e-08	1.645003e-08	1.59822e-08	1.502847e-08	1.422298e-08
59	0.05093053	0.03755181	0.02234734	0.003606015	0.001856785	0.001554705	0.001030965	0.000399696	0.0001592794	3.502203e-05	2.411358e-05	2.259403e-05	4.397608e-06	3.480275e-06	3.106036e-06	1.733996e-06	1.470236e-06	1.312474e-06	5.708241e-07	3.175541e-07	1.637165e-07	3.763249e-08	3.436525e-08	2.140945e-08	1.688184e-08	1.449603e-08	1.420408e-08	1.396127e-08	1.369082e-08	1.319567e-08
60	0.06960936	0.04501396	0.03230462	0.01969781	0.003235765	0.001667389	0.001394057	0.0009261691	0.000366397	0.0001548989	3.387507e-05	2.347714e-05	2.205885e-05	3.888161e-06	3.395795e-06	3.031466e-06	1.683178e-06	1.427095e-06	1.276653e-06	5.470772e-07	3.012099e-07	1.541347e-07	3.330256e-08	3.011391e-08	1.859552e-08	1.460831e-08	1.250566e-08	1.220194e-08	1.193699e-08	1.164396e-08
61	0.08922786	0.06836232	0.04426891	0.0316585	0.01926232	0.002995661	0.001437769	0.001170166	0.0007727581	0.0002658022	5.477595e-05	3.264258e-05	2.247407e-05	2.198081e-05	3.833262e-06	3.387756e-06	3.024571e-06	1.678385e-06	1.423243e-06	1.273433e-06	5.449902e-07	2.997728e-07	1.533139e-07	3.295443e-08	2.977345e-08	1.838187e-08	1.443805e-08	1.235679e-08	1.205308e-08	1.178678e-08
62	0.1105539	0.0862719	0.06762251	0.04391103	0.03139408	0.01910686	0.002956263	0.001411236	0.001144926	0.0007489416	0.0002491304	5.228007e-05	3.017679e-05	2.242758e-05	2.19386e-05	3.79965e-06	3.362279e-06	3.008486e-06	1.66896e-06	1.414991e-06	1.266153e-06	5.414112e-07	2.978514e-07	1.523777e-07	3.28282e-08	2.967118e-08	1.830574e-08	1.437462e-08	1.230139e-08	1.200281e-08
63	0.8839482	0.01339566	0.009430365	0.007048181	0.003823182	0.002509452	0.00119675	0.0002141532	9.768057e-05	7.766347e-05	5.254683e-05	2.051776e-05	6.517187e-06	5.42397e-06	8.650798e-07	7.650983e-07	5.087965e-07	3.918812e-07	3.582829e-07	1.633888e-07	1.340248e-07	1.179746e-07	5.292946e-08	3.141696e-08	1.56435e-08	1.926928e-09	1.535685e-09	1.047796e-09	8.102013e-10	6.668083e-10
64	0.8574128	0.8647738	0.003983324	0.001554238	0.001229484	0.0008302974	0.0006103129	0.0003669728	5.856809e-05	2.955263e-05	2.461872e-05	1.628809e-05	5.341251e-06	1.09281e-06	5.49204e-07	4.717865e-07	4.082176e-07	1.932933e-07	1.331941e-07	1.266233e-07	5.241158e-08	4.661908e-08	4.394478e-08	1.138954e-08	5.645584e-09	3.218981e-09	7.655696e-10	7.195259e-10	4.623418e-10	3.399738e-10
65	0.8961914	0.8568595	0.8645399	0.00377301	0.001446203	0.001149851	0.0007724857	0.0005826967	0.0003538248	5.63236e-05	2.853815e-05	2.38299e-05	1.577321e-05	5.157643e-06	1.037078e-06	5.072996e-07	4.318654e-07	4.029738e-07	1.886418e-07	1.291642e-07	1.232656e-07	5.085315e-08	4.543269e-08	4.293972e-08	1.082807e-08	5.296432e-09	3.04881e-09	7.465394e-10	7.050331e-10	4.522124e-10
66	0.8442496	0.8519943	0.851988	0.862695	0.002281025	0.0003734382	0.0002841342	0.0002203403	0.0001781628	0.0001004455	1.439858e-05	6.991077e-06	5.839511e-06	3.944306e-06	1.445804e-06	4.837484e-07	3.569492e-07	3.43117e-07	3.24744e-07	1.274594e-07	6.977739e-08	6.832162e-08	1.02196e-08	9.264575e-09	8.730686e-09	2.244139e-09	1.071992e-09	5.70423e-10	1.810394e-10	1.720374e-10
67	0.9239116	0.8417477	0.8504328	0.8517063	0.8625589	0.002160361	0.0002773564	0.0002046015	0.0001577758	0.0001282232	6.358146e-05	8.378539e-06	3.705966e-06	3.024597e-06	2.094903e-06	8.7093e-07	4.035125e-07	3.383792e-07	3.338345e-07	3.169878e-07	1.211461e-07	6.354344e-08	6.264036e-08	4.870534e-09	4.161752e-09	3.796014e-09	1.322517e-09	7.325514e-10	3.792709e-10	9.77054e-11
68	0.8215142	0.8241663	0.828275	0.8380575	0.8493645	0.8603574	0.001991203	0.0001394106	8.700199e-05	6.078414e-05	4.579816e-05	1.637453e-05	2.860334e-06	1.447975e-06	1.180147e-06	8.180452e-07	4.263995e-07	2.836308e-07	2.707166e-07	2.729381e-07	2.562283e-07	6.296091e-08	4.429883e-09	2.733086e-09	1.579507e-09	1.303535e-09	1.119701e-09	5.836154e-10	3.57295e-10	1.731773e-10
69	0.03706754	0.0206813	0.01373129	0.007374879	0.005777454	0.004671387	0.002300821	0.001952628	0.0001081345	6.087812e-05	3.996588e-05	2.855508e-05	1.140502e-05	2.07072e-06	1.06911e-06	8.725237e-07	6.163377e-07	3.609194e-07	2.710007e-07	2.64184e-07	2.673342e-07	2.507441e-07	6.136606e-08	2.903712e-09	1.296566e-09	9.419042e-10	7.831839e-10	6.466229e-10	4.168482e-10	2.667845e-10
70	0.1124906	0.03269345	0.01817687	0.01122041	0.004863539	0.003580811	0.002662533	0.0002607537	0.0001231917	0.0001075688	6.038551e-05	3.954832e-05	2.819161e-05	1.112855e-05	1.892836e-06	8.96031e-07	6.977071e-07	4.403474e-07	1.842872e-07	9.195328e-08	8.168842e-08	8.113568e-08	6.067113e-08	6.134977e-08	2.888321e-09	1.28248e-09	9.33172e-10	7.75701e-10	6.399651e-10	4.142719e-10
71	0.2072928	0.1028244	0.02749875	0.01495591	0.009873652	0.00434165	0.003352547	0.002592391	0.0002130177	7.742271e-05	6.394176e-05	5.15409e-05	3.341556e-05	2.411614e-05	8.845196e-06	1.515797e-06	6.796128e-07	5.141795e-07	3.519315e-07	1.424757e-07	6.71353e-08	5.994651e-08	5.959205e-08	6.035318e-08	6.111202e-08	2.702151e-09	1.121662e-09	7.946328e-10	6.595309e-10	5.471697e-10
72	0.2091926	0.1873052	0.08414834	0.0261269	0.01404188	0.009156497	0.004078766	0.003289517	0.002564703	0.0002049199	6.981986e-05	5.682554e-05	4.487708e-05	3.197715e-05	2.309995e-05	8.202996e-06	1.394976e-06	5.923665e-07	4.328595e-07	2.7617e-07	8.483458e-08	1.256683e-08	4.92354e-09	3.587966e-09	3.209611e-09	2.772045e-09	2.646672e-09	1.085161e-09	7.649861e-10	6.346408e-10
73	0.9664143	0.1874775	0.1698305	0.06915985	0.02178631	0.01014115	0.005393929	0.001823897	0.001033416	0.0003037679	0.000201315	6.66358e-05	5.407532e-05	4.25675e-05	3.108496e-05	2.254506e-05	7.960833e-06	1.343885e-06	5.708341e-07	4.172993e-07	2.660109e-07	8.097199e-08	1.100126e-08	3.456974e-09	2.174443e-09	1.782123e-09	1.330017e-09	1.181794e-09	1.051332e-09	7.383581e-10
74	0.1972362	0.177138	0.1612847	0.1502202	0.0586897	0.01960861	0.008920903	0.004676648	0.001495981	0.0008061791	0.0001554437	6.259338e-05	5.242809e-05	4.134452e-05	3.109895e-05	2.087627e-05	1.324356e-05	6.27853e-06	1.107246e-06	4.67543e-07	3.35645e-07	2.11942e-07	6.400643e-08	8.383225e-09	2.688498e-09	1.702288e-09	1.368887e-09	9.74314e-10	8.39879e-10	7.286125e-10
75	0.2078179	0.1933561	0.1736962	0.1595342	0.149191	0.05772792	0.01958312	0.00890687	0.004668186	0.001491929	0.0008033101	0.0001537917	6.104796e-05	5.136644e-05	4.126115e-05	3.103029e-05	2.082224e-05	1.320048e-05	6.249691e-06	1.104601e-06	4.663071e-07	3.346467e-07	2.112693e-07	6.374734e-08	8.285623e-09	2.607679e-09	1.623029e-09	1.28878e-09	9.710188e-10	8.367793e-10
76	0.2125184	0.1246673	0.1193791	0.1088677	0.1050044	0.1021165	0.01833402	0.008478803	0.002883433	0.001549155	0.0004877335	0.0002644286	5.236066e-05	2.159431e-05	1.829128e-05	1.471005e-05	1.122005e-05	7.662594e-06	5.007309e-06	2.590209e-06	3.806392e-07	1.681934e-07	1.256807e-07	8.163849e-08	2.460289e-08	3.34464e-09	1.109726e-09	6.285499e-10	5.06901e-10	4.006928e-10
77	0.7666027	0.09975854	0.041059	0.03618518	0.02590301	0.02245439	0.0196427	0.01185137	0.003765999	0.002031073	0.001098156	0.0003426685	0.000186385	3.747628e-05	1.57076e-05	1.334061e-05	1.072758e-05	8.218938e-06	5.658106e-06	3.740485e-06	1.991818e-06	2.750936e-07	1.244141e-07	9.467748e-08	6.196609e-08	1.862872e-08	2.664769e-09	8.176603e-10	4.81616e-10	3.925727e-10
78	0.1211899	0.1069908	0.06543316	0.02619973	0.02324228	0.01540169	0.01418186	0.01287007	0.007912595	0.001504024	0.0008102235	0.0004515159	0.0001333635	7.282888e-05	1.474328e-05	6.138017e-06	5.200749e-06	4.131787e-06	3.156063e-06	2.160674e-06	1.42057e-06	7.109098e-07	1.023719e-07	4.56394e-08	3.541536e-08	2.322168e-08	7.104196e-09	1.078058e-09	3.777033e-10	2.509125e-10
79	0.09050331	0.06617393	0.05424535	0.029473	0.02017702	0.017545	0.009856875	0.008816134	0.00759653	0.00700093	0.001234448	0.0006811565	0.0003823744	0.00011108	6.064619e-05	1.22311e-05	5.015621e-06	4.229724e-06	3.335374e-06	2.520017e-06	1.704558e-06	1.096657e-06	4.983222e-07	8.238163e-08	3.59642e-08	2.786467e-08	1.771774e-08	5.437842e-09	7.663555e-10	3.079659e-10
80	0.1099835	0.07106216	0.05805061	0.04658425	0.02462296	0.01861148	0.01710604	0.009481155	0.008511741	0.007359176	0.006811457	0.001106628	0.000593009	0.0003146782	0.0001031733	5.634237e-05	1.129442e-05	4.583698e-06	3.851377e-06	3.029913e-06	2.272744e-06	1.517722e-06	9.543397e-07	3.993097e-07	6.765622e-08	2.843285e-08	2.149714e-08	1.351575e-08	4.117215e-09	5.663727e-10
81	0.6955572	0.09437668	0.06548844	0.05353818	0.04213589	0.02392449	0.0185603	0.01713162	0.009434508	0.008498162	0.007344709	0.006798967	0.001039858	0.0005561454	0.0002942281	9.572367e-05	5.204686e-05	9.945769e-06	4.008349e-06	3.370484e-06	2.649779e-06	1.992657e-06	1.336405e-06	8.464683e-07	3.614189e-07	6.32885e-08	2.664834e-08	1.997005e-08	1.25486e-08	3.818729e-09
82	0.6404596	0.6171115	0.08396107	0.05610574	0.04481816	0.03412536	0.01681213	0.01141915	0.00990565	0.009338842	0.008591209	0.00742881	0.006879832	0.001041658	0.0005570062	0.0002945606	9.570615e-05	5.196264e-05	9.791794e-06	3.885615e-06	3.272658e-06	2.626593e-06	1.974081e-06	1.322026e-06	8.350116e-07	3.556049e-07	6.306147e-08	2.652286e-08	1.982891e-08	1.244858e-08
83	0.5740651	0.490046	0.4776955	0.07296897	0.05072376	0.0415547	0.03129899	0.01495518	0.009837573	0.009078036	0.008621053	0.008037763	0.006974637	0.006517665	0.0007478945	0.0003992153	0.0002118757	6.909723e-05	3.771361e-05	7.150001e-06	2.886266e-06	2.441383e-06	1.966588e-06	1.495336e-06	1.017717e-06	6.60436e-07	3.031605e-07	5.431393e-08	2.364287e-08	1.781515e-08
84	0.7524179	0.5193443	0.4396457	0.4288337	0.06552597	0.04579263	0.0375753	0.02744321	0.0116354	0.009426715	0.008747334	0.008339107	0.007830321	0.006803689	0.006390744	0.0006171544	0.0003289767	0.0001749266	5.722065e-05	3.135298e-05	5.95508e-06	2.423312e-06	2.053315e-06	1.65482e-06	1.26229e-06	8.631537e-07	5.647153e-07	2.753574e-07	5.002288e-08	2.225641e-08
85	0.7745621	0.7212952	0.50189	0.4252553	0.4158817	0.0646708	0.04547828	0.03744471	0.02725693	0.01144566	0.009268483	0.008709479	0.008317329	0.007830897	0.006810479	0.006437136	0.0005939991	0.0003165485	0.0001684304	5.514982e-05	3.025458e-05	5.74387e-06	2.339935e-06	1.983328e-06	1.598227e-06	1.219587e-06	8.336866e-07	5.477531e-07	2.716945e-07	4.948642e-08
86	0.710267	0.5907177	0.5610332	0.4111794	0.3455469	0.3379925	0.04438823	0.02696643	0.01903781	0.01660865	0.01029672	0.008420729	0.007951303	0.007617852	0.007178575	0.006875449	0.006504602	0.000580075	0.0003083506	0.000163396	5.276304e-05	2.84386e-05	5.469048e-06	2.200178e-06	1.861328e-06	1.500284e-06	1.141037e-06	7.739339e-07	5.02459e-07	2.422605e-07
87	0.7249047	0.6173699	0.522229	0.5019086	0.3573688	0.3165203	0.309163	0.03686043	0.02046865	0.01289824	0.01053328	0.00441092	0.003013646	0.002516431	0.002124774	0.001631934	0.001265065	0.0008866871	0.0005489582	0.0002919029	0.0001547215	4.99785e-05	2.694357e-05	5.182086e-06	2.086065e-06	1.765503e-06	1.423239e-06	1.082896e-06	7.347956e-07	4.776758e-07
88	0.6330447	0.4362502	0.373867	0.3561572	0.3474915	0.2363003	0.2080676	0.2045154	0.01690979	0.009046691	0.006045713	0.005127575	0.001906502	0.001171759	0.0009561136	0.0008053089	0.0006237013	0.0004941461	0.0003273698	0.0001939764	0.000104809	5.585435e-05	1.809858e-05	9.817347e-06	1.960254e-06	8.381798e-07	7.194792e-07	5.844853e-07	4.566101e-07	3.201073e-07
89	0.5071203	0.479012	0.326277	0.2829383	0.2825936	0.2783919	0.1797371	0.1543681	0.151901	0.008903134	0.004983016	0.00361002	0.003187664	0.001020762	0.0005159993	0.0003952578	0.0003256431	0.0002514582	0.0002013762	0.0001415427	7.684734e-05	4.164601e-05	2.241001e-05	7.29043e-06	3.985828e-06	8.358067e-07	3.870335e-07	3.383635e-07	2.767321e-07	2.238362e-07
90	0.534634	0.4778964	0.4548064	0.3016395	0.2677066	0.2683173	0.2655403	0.167707	0.1429977	0.1406024	0.007689088	0.004272291	0.003093398	0.002723172	0.0007562351	0.0004105387	0.0003042602	0.0002436571	0.0001801758	0.0001371965	0.000102319	6.525438e-05	3.539821e-05	1.908593e-05	6.214362e-06	3.405933e-06	7.202216e-07	3.380482e-07	2.964018e-07	2.421798e-07
91	0.6805308	0.4420238	0.4268768	0.4054998	0.2525867	0.2283466	0.2295847	0.227905	0.1321165	0.126379	0.1241457	0.006034755	0.003364291	0.002551825	0.002292178	0.0005427715	0.0002660485	0.0001807481	0.0001380536	9.909122e-05	7.385136e-05	5.427654e-05	3.410377e-05	1.865257e-05	1.021885e-05	3.350197e-06	1.860505e-06	4.215476e-07	2.171773e-07	1.937012e-07
92	0.7208421	0.5313678	0.431129	0.4170677	0.3962438	0.2413203	0.2197616	0.2210061	0.2197059	0.1230848	0.1174386	0.1151329	0.00593475	0.003333625	0.002536118	0.002279483	0.0005360609	0.0002616905	0.0001765605	0.0001342848	9.624315e-05	7.157699e-05	5.266044e-05	3.316679e-05	1.815409e-05	9.959791e-06	3.267701e-06	1.817463e-06	4.133062e-07	2.138985e-07
93	0.7436959	0.4843249	0.2992453	0.2191299	0.2038532	0.1917327	0.1914534	0.17313	0.1738885	0.1733082	0.1147332	0.108999	0.1065579	0.005089463	0.002751193	0.002007002	0.001834347	0.0005102827	0.0002553231	0.00017152	0.000131857	9.445813e-05	7.012125e-05	5.110138e-05	3.201896e-05	1.74895e-05	9.556253e-06	3.081689e-06	1.689939e-06	3.877231e-07
94	0.4486615	0.407003	0.3781549	0.2144039	0.1930371	0.1811078	0.1699162	0.1702278	0.1571821	0.1582132	0.1584485	0.100686	0.0958175	0.09336584	0.004182167	0.002271791	0.001704363	0.001585018	0.0003919839	0.000186551	0.0001152456	8.422794e-05	5.823547e-05	4.224431e-05	3.062358e-05	1.928207e-05	1.06656e-05	5.935537e-06	1.910234e-06	1.058091e-06
95	0.6959099	0.4368377	0.3982935	0.3713491	0.2063211	0.1853088	0.1732833	0.1618938	0.1621483	0.1529097	0.1539585	0.1546703	0.09653594	0.09159015	0.08905184	0.00416819	0.002267513	0.001704614	0.001586785	0.0003909411	0.0001864321	0.0001146439	8.343157e-05	5.774576e-05	4.1748e-05	3.028498e-05	1.918556e-05	1.061893e-05	5.913357e-06	1.901903e-06
96	0.7232155	0.642179	0.4307622	0.3923028	0.3661576	0.1994	0.1790263	0.1684288	0.1568416	0.1570544	0.1485327	0.1495884	0.1505036	0.09178682	0.08670483	0.08406267	0.004198589	0.002291951	0.001724011	0.001605141	0.0003961581	0.000189188	0.0001162997	8.463034e-05	5.860145e-05	4.234679e-05	3.073741e-05	1.948605e-05	1.078824e-05	6.008762e-06
97	0.9569594	0.7016652	0.6274185	0.4220178	0.3851842	0.3611674	0.1923529	0.1724349	0.1617968	0.1500233	0.1502336	0.1438949	0.1449194	0.1458275	0.08624236	0.08102386	0.07828197	0.004198407	0.002303474	0.001736407	0.001618619	0.0003981447	0.0001892074	0.0001156561	8.390628e-05	5.799297e-05	4.185096e-05	3.037885e-05	1.926996e-05	1.067956e-05
98	0.9765754	0.9401373	0.6845902	0.6139656	0.4185277	0.3820562	0.3580148	0.1869775	0.1667627	0.1569521	0.1449846	0.1451505	0.1386631	0.1400503	0.1413239	0.08090732	0.07552587	0.07265423	0.004234782	0.002330742	0.001757293	0.001638134	0.0004009098	0.0001886704	0.0001138231	8.152038e-05	5.511013e-05	4.26171e-05	3.094444e-05	1.96351e-05
99	0.8331506	0.8199794	0.7980537	0.5476939	0.5165695	0.3463393	0.3206146	0.3114575	0.1452196	0.1371272	0.1331148	0.1248193	0.1256514	0.1213612	0.1228452	0.1242709	0.06404033	0.05870911	0.05571441	0.002435877	0.001406021	0.001098081	0.001038702	0.0002677498	0.0001144093	5.320501e-05	3.510754e-05	2.054302e-05	1.606518e-05	1.166157e-05
100	0.7480318	0.7507886	0.7425306	0.7262729	0.4781499	0.4581006	0.3026379	0.2857204	0.2824755	0.1192179	0.1163102	0.1165402	0.1110264	0.1121592	0.1094452	0.1108444	0.11221	0.05115596	0.04618035	0.04344323	0.001280802	0.0007687839	0.0006058373	0.000575563	0.0001551578	6.695093e-05	3.843242e-05	2.710034e-05	1.473674e-05	1.138228e-05
101	0.7363991	0.7253253	0.7284157	0.7216806	0.7054835	0.4543038	0.4368495	0.2840833	0.2794155	0.2763718	0.1108084	0.107893	0.1081795	0.102523	0.1035897	0.1042501	0.105602	0.1069316	0.04490995	0.03985321	0.03697497	0.001241885	0.0007560633	0.0006008837	0.0005730819	0.0001538981	6.624506e-05	3.775675e-05	2.641284e-05	1.443311e-05
102	0.6909317	0.5712825	0.5596752	0.5625089	0.56441	0.5673181	0.3335085	0.3202835	0.2252879	0.2223101	0.2187287	0.05012799	0.04634271	0.04584064	0.03917666	0.03931203	0.0390098	0.03938336	0.03981995	0.0387297	0.03349017	0.03045562	0.000973124	0.000525529	0.0003673087	0.0003353732	0.0001558168	6.726534e-05	3.831269e-05	2.680828e-05
103	0.8145774	0.6640003	0.5448613	0.5334515	0.5363763	0.5402303	0.5438672	0.3105213	0.2993076	0.2141588	0.2137555	0.2103371	0.03922055	0.03537321	0.03488014	0.02800788	0.02806626	0.02774233	0.02796185	0.02822963	0.02737694	0.0276044	0.02444396	0.0008485132	0.0004441382	0.0003169606	0.0002890622	0.0001235312	6.113943e-05	3.477496e-05
104	0.5982517	0.5710212	0.4209866	0.2981166	0.2848512	0.2870752	0.2903074	0.2920225	0.2950197	0.2856479	0.2066994	0.2076254	0.2043284	0.03063746	0.0267323	0.02624703	0.01918272	0.01917846	0.01881586	0.01890665	0.01903569	0.01836783	0.01848582	0.01873333	0.0007183953	0.0003513736	0.000243499	0.0002173476	6.561039e-05	3.885296e-05
105	0.1491846	0.1310401	0.1162435	0.07371614	0.0571986	0.04260424	0.04201877	0.04207151	0.04098782	0.04076895	0.03608237	0.02417199	0.02288788	0.01804138	0.01764839	0.01361146	0.01311642	0.0129144	0.01290662	0.01253172	0.01254275	0.01258745	0.01207675	0.01211307	0.01225411	0.0005428555	0.0002290332	0.0001420265	0.0001191682	4.208142e-05
106	0.3258353	0.128377	0.1119782	0.09795695	0.05842004	0.04233565	0.02913527	0.02863981	0.02854696	0.02789896	0.02772297	0.02509102	0.01800128	0.01687329	0.01213052	0.01175821	0.007775112	0.007308094	0.007045985	0.00698961	0.006569165	0.006526061	0.006478931	0.006006178	0.005950607	0.005983575	0.0004665125	0.0001958559	0.0001198114	9.825163e-05
107	0.5579434	0.2509629	0.1212496	0.1049596	0.09142355	0.05261566	0.03645632	0.02313638	0.02266631	0.02250488	0.02197436	0.02180317	0.0199824	0.01453621	0.01344725	0.009910394	0.009516538	0.005467897	0.005009783	0.004718995	0.004640053	0.004194976	0.004122639	0.004036508	0.003564644	0.003469217	0.003457599	0.0004401017	0.000184063	0.0001119479
108	0.6626011	0.2519771	0.1276215	0.1004033	0.08496375	0.07175504	0.04841054	0.03282774	0.01940989	0.01892997	0.01872014	0.01821405	0.01801551	0.01668469	0.01180231	0.01069736	0.009301262	0.008903612	0.004819382	0.004400995	0.004102657	0.004020047	0.003586117	0.00351308	0.003420559	0.002974508	0.002874739	0.002854032	0.0004333109	0.0001805154
109	0.443974	0.316335	0.1484819	0.1022886	0.08681942	0.07198079	0.05955702	0.04025726	0.02559909	0.0151239	0.01461976	0.01435637	0.01384371	0.01361031	0.01245464	0.007991652	0.007270695	0.005834994	0.005403189	0.004154931	0.003737591	0.003432695	0.003346763	0.002904895	0.00282267	0.002717949	0.002269215	0.002156838	0.002122536	0.0003025265
110	0.508703	0.3068269	0.2869239	0.138263	0.09786665	0.08444188	0.06978274	0.0572553	0.03948598	0.02477793	0.01419126	0.01368738	0.0134097	0.01291545	0.01268	0.01169657	0.007491534	0.006772593	0.005528437	0.005089656	0.003830859	0.003425345	0.003113122	0.003023845	0.00257957	0.002496201	0.002385737	0.00194063	0.001822928	0.001782236
111	0.505777	0.3963099	0.2794794	0.2627087	0.1333001	0.09599738	0.08297305	0.06886346	0.05622249	0.03873241	0.02400809	0.01362484	0.0131247	0.0128381	0.01235823	0.01212458	0.01124356	0.007224184	0.00651145	0.005258378	0.004814494	0.003554855	0.003146312	0.00282791	0.002736652	0.002283723	0.00219674	0.002079486	0.001627949	0.001502922
112	0.7947799	0.4806765	0.3721835	0.2775389	0.2606759	0.1335338	0.09634531	0.08322997	0.06940347	0.05662959	0.03897529	0.02406568	0.01354673	0.01304494	0.01275388	0.01227727	0.01204357	0.01119307	0.007205731	0.006487333	0.005221293	0.0047708	0.00349284	0.003079236	0.00275497	0.002661789	0.002201783	0.00211491	0.00199444	0.001536474
113	0.9327006	0.7695739	0.478013	0.3688842	0.2762978	0.2592878	0.1328563	0.09564034	0.08239245	0.06998191	0.05707577	0.03921795	0.02413891	0.0135039	0.01300136	0.0127068	0.01224361	0.01201044	0.01118449	0.007207647	0.006483832	0.005203189	0.004746599	0.003449035	0.003030388	0.002700526	0.002605468	0.002137365	0.002051662	0.001928078
114	0.6381158	0.6177308	0.4780305	0.2894314	0.202645	0.148336	0.1391486	0.06242749	0.04443848	0.04005843	0.03572307	0.02956575	0.01854805	0.01204033	0.009403822	0.009354089	0.009240342	0.008999115	0.008977365	0.008523394	0.005142888	0.004852475	0.003820785	0.003591117	0.002471954	0.002224578	0.002008826	0.001928553	0.001507495	0.001423384
115	0.5210477	0.5004975	0.48447	0.3552612	0.1949402	0.1425232	0.1008288	0.09311958	0.03830808	0.02546151	0.02278515	0.02110984	0.01849324	0.01319557	0.009685454	0.008291392	0.008295901	0.008195707	0.007982128	0.007988521	0.007780425	0.004553645	0.004359084	0.003394757	0.003195151	0.002078432	0.001849202	0.001728817	0.001652028	0.001260896
116	0.5210716	0.4848525	0.4684981	0.4545727	0.3302971	0.1785966	0.1311859	0.09242905	0.08487411	0.0349533	0.02311638	0.02071549	0.01944201	0.01738231	0.01239047	0.009295089	0.008092244	0.008112364	0.008013623	0.007810575	0.007823512	0.00764931	0.004457889	0.004281158	0.003307409	0.003111345	0.001978938	0.00174999	0.001644783	0.001569459
117	0.3669424	0.3351983	0.3098708	0.2940499	0.2817477	0.2527475	0.1241499	0.1007725	0.07165056	0.06911292	0.02944352	0.01998405	0.01775617	0.01666441	0.01483851	0.009894937	0.007750621	0.006653141	0.006662686	0.006543966	0.006323688	0.006321401	0.006200072	0.003082519	0.002919981	0.002397944	0.002284078	0.001614732	0.001490206	0.001435567
118	0.3935376	0.3016434	0.2729877	0.2496945	0.2353462	0.2264578	0.2013959	0.1060705	0.08738947	0.06268794	0.06103659	0.02670593	0.01846505	0.01632255	0.01530868	0.01357788	0.008624816	0.006920976	0.005863764	0.005867467	0.00573742	0.00550622	0.005498584	0.005409346	0.002330927	0.002179319	0.001883147	0.001807622	0.001411096	0.001337138
119	0.6743895	0.3684257	0.2773401	0.2502375	0.2277559	0.2142333	0.2059784	0.1828766	0.09306467	0.08181531	0.05852591	0.05687371	0.02440117	0.01642714	0.0142464	0.0132046	0.01143692	0.008238557	0.006573544	0.005506662	0.005506662	0.005560722	0.005325189	0.005320484	0.005242567	0.002189533	0.00203864	0.001769976	0.001698141	0.001334813
120	0.9156521	0.6569294	0.3489053	0.2588588	0.2341852	0.2125101	0.1995258	0.1917797	0.1702404	0.087529	0.07680584	0.05511338	0.05343635	0.02285489	0.01523939	0.01303408	0.01198072	0.01109718	0.007860107	0.006308988	0.005237486	0.005239119	0.005290273	0.005056342	0.005049366	0.004979332	0.002047075	0.001899692	0.001649782	0.001583067
121	0.8561264	0.7783397	0.6449355	0.3367856	0.2466536	0.2224342	0.2016099	0.189343	0.1820768	0.1621169	0.08436082	0.07376145	0.05317235	0.05233723	0.022664	0.0152396	0.013081	0.0120151	0.01112104	0.007857084	0.006286003	0.005199251	0.005201684	0.005253805	0.00501727	0.00501147	0.004950706	0.001993499	0.00184832	0.001595069
122	0.4136748	0.2901454	0.2843275	0.2533379	0.2445656	0.1594015	0.1392372	0.124417	0.1156312	0.1113831	0.09970038	0.05489491	0.04753953	0.03503667	0.03416565	0.01675061	0.01208213	0.009982273	0.008963853	0.008124221	0.004823678	0.003584606	0.002539331	0.002504922	0.002513915	0.002324759	0.002297791	0.002235933	0.0009677461	0.0008750175
123	0.3084347	0.3014405	0.1789985	0.1750504	0.14941	0.140794	0.1260538	0.1069837	0.09410472	0.08641008	0.0831017	0.0747899	0.04380476	0.03782834	0.02846704	0.02755576	0.01492527	0.0111451	0.009030415	0.008048527	0.007202338	0.003843524	0.002645472	0.001581555	0.001534616	0.001527579	0.001409726	0.001377795	0.001315122	0.0006720559
124	0.1685187	0.1558346	0.1520039	0.1378564	0.1341989	0.1147513	0.1063616	0.0926027	0.07975199	0.06831913	0.06145734	0.05890839	0.05326355	0.0341403	0.02907	0.02252005	0.02155616	0.01238853	0.009633198	0.008487635	0.007489961	0.006628837	0.003211114	0.002004005	0.0009201497	0.000864739	0.0008462405	0.0007994156	0.0007650329	0.0007050577
125	0.2764508	0.1538379	0.1414726	0.1379904	0.1239884	0.1203549	0.1009981	0.09257578	0.07934962	0.06699598	0.05611962	0.04962694	0.04747009	0.04326829	0.03064898	0.0259502	0.02074351	0.01975738	0.01203119	0.009571189	0.008414169	0.007398949	0.006521921	0.003045048	0.001817944	0.0007117435	0.0006529836	0.0006306519	0.0005982358	0.0005620956
126	0.1672833	0.1186377	0.09957944	0.0953119	0.09286904	0.09002594	0.08992283	0.08612319	0.07908189	0.06625687	0.0540955	0.04341906	0.03707862	0.03508463	0.03200447	0.02416513	0.02106943	0.01700515	0.01595927	0.009435938	0.007145285	0.005933634	0.004860128	0.003925081	0.002961568	0.001713937	0.0005872063	0.0005259236	0.0005022173	0.0004732419
127	0.3958671	0.135758	0.09794449	0.08395572	0.08289946	0.08128011	0.0790598	0.07898205	0.07695541	0.07074269	0.05825654	0.0462911	0.03587354	0.02970829	0.02792376	0.02548651	0.02047154	0.01775786	0.01472539	0.01364189	0.008966596	0.007049733	0.005822898	0.004730117	0.003777677	0.002795448	0.00164768	0.0004998881	0.0004364543	0.0004107093
128	0.3789338	0.3460394	0.1186648	0.08537396	0.07705771	0.07656303	0.07554679	0.07377117	0.0737076	0.07224053	0.06626033	0.05399681	0.04216683	0.03192287	0.02589743	0.0243214	0.02222444	0.01829108	0.01626611	0.01369322	0.01258408	0.008847572	0.007115069	0.005871271	0.004760764	0.00379173	0.002791803	0.001633827	0.0004642812	0.0003995349
129	0.7873191	0.3237082	0.3193588	0.1114182	0.08071155	0.07303038	0.07265428	0.07169137	0.07081447	0.07075713	0.0693538	0.06335584	0.05123899	0.03951617	0.02943536	0.02355001	0.02218617	0.02038809	0.01741847	0.01579422	0.01347021	0.01234312	0.008906373	0.007212892	0.005949818	0.004821127	0.003835408	0.00281764	0.001638343	0.0004462358
130	0.4942194	0.4763755	0.07484628	0.07189461	0.01966548	0.01289201	0.01165423	0.01154824	0.01136679	0.01118104	0.01116537	0.01089432	0.01029252	0.008924273	0.007645098	0.006528397	0.005859935	0.005610991	0.005222007	0.004107885	0.003509846	0.002572175	0.002484369	0.001034636	0.0007069195	0.000587389	0.0004822487	0.0003904789	0.0002955838	0.0001849437
131	0.4581948	0.4470041	0.4387254	0.04023914	0.03743294	0.007977026	0.004499415	0.004046228	0.004001317	0.003947781	0.003847218	0.003839319	0.003700802	0.003679208	0.003549044	0.003434632	0.003342619	0.003287281	0.003233191	0.003088823	0.002592213	0.002103888	0.001378091	0.001396802	0.0002049718	2.916257e-05	2.703124e-05	2.686419e-05	2.679685e-05	2.668133e-05
132	0.4454834	0.4427435	0.4341676	0.4293511	0.02936193	0.02667981	0.005443001	0.002992833	0.002682798	0.002661287	0.002633083	0.002557504	0.002552427	0.002447125	0.002444133	0.002402206	0.002365723	0.002340586	0.002331984	0.002323736	0.002257278	0.002004503	0.001667205	0.001091574	0.001107776	0.0001508889	1.345114e-05	1.276973e-05	1.297706e-05	1.319957e-05
133	0.1068012	0.02420295	0.02308653	0.02058133	0.01872294	0.01712914	0.01447748	0.003150765	0.001750488	0.001570802	0.001558156	0.001543507	0.001500155	0.001496238	0.001435669	0.001435136	0.001413286	0.001394427	0.00138092	0.001377261	0.001373982	0.001332016	0.001185286	0.0009535808	0.0006229725	0.0006323306	8.126136e-05	8.325355e-06	7.941295e-06	8.074869e-06
134	0.0955908	0.09118944	0.007931173	0.007517359	0.006671476	0.005844305	0.005159778	0.005154151	0.001106528	0.0006079608	0.0005437648	0.0005391435	0.0005348434	0.0005215077	0.0005211588	0.0005024044	0.0005037322	0.0004995257	0.0004960698	0.0004926463	0.0004929238	0.0004935937	0.0004726487	0.00041901	0.000284274	0.0001857063	0.000188413	2.343431e-05	3.727951e-06	3.639356e-06
135	0.5662572	0.09172306	0.08786082	0.003751075	0.003531507	0.003199096	0.002635679	0.002172875	0.002169482	0.0004605785	0.0002501932	0.0002226156	0.0002202151	0.0002175934	0.0002139562	0.0002137567	0.0002085807	0.0002101494	0.0002100396	0.000209987	0.0002085514	0.0002091143	0.0002100483	0.000194741	0.0001670252	6.394679e-05	4.270639e-05	4.31746e-05	7.891929e-06	2.542852e-06
136	0.4764974	0.4473622	0.00641535	0.004096549	0.001367235	0.001328381	0.001227948	0.0008299696	0.0005038898	0.0005017709	0.000113142	6.441989e-05	5.721864e-05	5.575621e-05	5.402988e-05	5.282499e-05	5.269174e-05	5.131214e-05	5.169828e-05	5.109869e-05	5.037339e-05	4.83511e-05	4.759089e-05	4.708751e-05	4.23493e-05	2.335868e-05	1.765706e-05	1.289605e-05	1.304718e-05	3.912682e-06
137	0.01242382	0.01181931	0.01131088	0.0005114029	0.0004510801	7.836719e-05	7.309573e-05	6.798865e-05	4.460674e-05	2.552133e-05	2.539017e-05	5.894359e-06	3.424414e-06	3.044224e-06	2.951902e-06	2.851099e-06	2.781356e-06	2.773776e-06	2.691673e-06	2.696735e-06	2.650301e-06	2.598447e-06	2.451316e-06	2.387483e-06	2.341966e-06	2.09089e-06	1.106521e-06	9.297273e-07	6.986302e-07	7.064634e-07
138	0.02705274	0.01059215	0.01043633	0.01028668	0.0001965418	0.0001479302	1.846374e-05	1.508458e-05	1.385807e-05	9.152392e-06	5.303815e-06	5.271039e-06	1.260871e-06	7.498867e-07	6.664026e-07	6.457703e-07	6.248436e-07	6.084079e-07	6.066101e-07	5.821759e-07	5.712467e-07	5.575185e-07	5.414275e-07	5.071502e-07	4.906668e-07	4.784833e-07	4.263369e-07	2.198621e-07	1.880923e-07	1.377242e-07
139	0.4798095	0.02287975	0.01043285	0.01033097	0.01025075	0.0001699762	0.0001252199	1.125876e-05	8.024113e-06	7.243772e-06	4.874293e-06	2.895351e-06	2.874746e-06	7.10693e-07	4.331457e-07	3.851445e-07	3.733458e-07	3.622005e-07	3.520089e-07	3.509065e-07	3.330496e-07	3.20088e-07	3.088579e-07	2.962026e-07	2.754472e-07	2.643246e-07	2.552381e-07	2.272337e-07	1.139014e-07	1.010055e-07
140	0.4537526	0.09999179	0.008888581	0.003255704	0.003195553	0.003123604	0.0001454001	0.0001227194	9.743405e-06	6.506925e-06	5.815767e-06	3.943585e-06	2.390678e-06	2.372821e-06	5.884932e-07	3.603743e-07	3.200735e-07	3.110132e-07	3.02117e-07	2.932144e-07	2.922926e-07	2.755812e-07	2.625142e-07	2.52999e-07	2.425106e-07	2.264783e-07	2.179211e-07	2.109972e-07	1.885843e-07	9.68427e-08
141	0.3525749	0.2816589	0.03749917	0.003182977	0.0008991925	0.000853338	0.0008057689	0.0001381247	0.0001226047	8.232262e-06	4.975485e-06	4.428141e-06	3.021273e-06	1.846811e-06	1.838462e-06	4.56835e-07	2.812913e-07	2.490889e-07	2.43552e-07	2.369979e-07	2.294234e-07	2.28838e-07	2.132869e-07	2.000309e-07	1.929325e-07	1.85053e-07	1.742235e-07	1.685258e-07	1.640941e-07	1.477899e-07
142	0.3858628	0.2771328	0.2085189	0.01646376	0.001867504	0.0003252193	0.000290381	0.0002463428	0.0001332957	0.0001202405	4.402832e-06	3.627422e-06	3.17016e-06	2.186643e-06	1.356441e-06	1.350353e-06	3.362795e-07	2.076941e-07	1.873739e-07	1.840321e-07	1.795282e-07	1.732145e-07	1.727807e-07	1.583846e-07	1.448273e-07	1.397592e-07	1.339728e-07	1.275691e-07	1.242173e-07	1.218023e-07
143	0.3643244	0.3549251	0.2478903	0.1783772	0.01303647	0.001465224	0.0002815642	0.0002548887	0.0002130945	0.0001244867	0.0001116372	3.362043e-06	2.613152e-06	2.212091e-06	1.580669e-06	1.035326e-06	1.031032e-06	2.596274e-07	1.625876e-07	1.471754e-07	1.453928e-07	1.425027e-07	1.387166e-07	1.38389e-07	1.248991e-07	1.10688e-07	1.059215e-07	1.005037e-07	9.670025e-08	9.440609e-08
144	0.3865584	0.3417881	0.3342604	0.2265947	0.1561578	0.01140114	0.001282782	0.0002712019	0.0002473624	0.0002061293	0.000125655	0.0001129761	3.031454e-06	2.301848e-06	1.938888e-06	1.367959e-06	8.733551e-07	8.694642e-07	2.202903e-07	1.388059e-07	1.258007e-07	1.246625e-07	1.221795e-07	1.193914e-07	1.191169e-07	1.058121e-07	9.110395e-08	8.653133e-08	8.297776e-08	8.119866e-08
145	0.3351461	0.2760742	0.241388	0.2344524	0.2209356	0.149808	0.01065797	0.001203433	0.0002702957	0.0002493141	0.0002084748	0.0001273789	0.0001144948	2.60993e-06	1.875691e-06	1.586743e-06	1.154936e-06	7.786546e-07	7.755002e-07	1.974387e-07	1.25199e-07	1.137165e-07	1.127768e-07	1.10831e-07	1.087278e-07	1.085158e-07	9.561552e-08	8.063687e-08	7.664256e-08	7.386571e-08
146	0.1471074	0.1294892	0.08099507	0.05265716	0.04716771	0.04288941	0.04243367	0.006494917	0.0009176626	0.000263107	0.000246482	0.0002062762	0.0001283104	0.0001161404	2.176907e-06	1.445019e-06	1.232949e-06	9.391897e-07	6.803856e-07	6.779593e-07	1.664132e-07	1.025186e-07	9.249836e-08	9.172895e-08	9.030948e-08	8.848788e-08	8.833709e-08	8.620179e-08	7.096346e-08	6.753638e-08
147	0.6862051	0.1205744	0.1061565	0.06430615	0.0397443	0.03539158	0.03193678	0.03162595	0.005814089	0.0008462276	0.000261877	0.0002488698	0.0002092399	0.0001302871	0.0001179107	1.764853e-06	1.030041e-06	8.952647e-07	7.347572e-07	5.892066e-07	5.87436e-07	1.453637e-07	9.01101e-08	8.168766e-08	8.10878e-08	8.01509e-08	7.865536e-08	7.853377e-08	7.685105e-08	6.167508e-08
148	0.6815652	0.6748233	0.1011206	0.08904516	0.05365025	0.03389479	0.03001797	0.0270583	0.026791	0.004549798	0.0007790082	0.0002615163	0.0002517357	0.0002125325	0.0001325277	0.0001199351	1.520269e-06	7.811483e-07	6.870337e-07	5.900264e-07	4.980703e-07	4.966368e-07	1.244462e-07	7.794315e-08	7.107239e-08	7.063599e-08	6.995416e-08	6.897599e-08	6.887995e-08	6.758124e-08
149	0.6039865	0.603516	0.6019796	0.02332198	0.01842343	0.01026242	0.005988927	0.005415232	0.004902635	0.004836832	0.0009566654	0.0003003575	0.0002203984	0.0002178199	0.0001804636	0.0001231522	0.0001215648	8.929845e-07	1.56296e-07	1.335207e-07	1.245784e-07	1.169876e-07	1.16864e-07	2.545945e-08	1.419528e-08	1.233413e-08	1.224721e-08	1.217211e-08	1.187938e-08	1.186693e-08
150	0.6183512	0.6026921	0.6024924	0.6017396	0.01201644	0.008237048	0.004481702	0.002630649	0.002377558	0.002158354	0.00211744	0.0004648155	0.0001842024	0.000150041	0.0001486336	0.0001479852	0.0001252448	0.0001239365	8.137898e-07	6.7686e-08	5.651256e-08	5.25283e-08	4.914566e-08	4.908142e-08	1.088154e-08	6.134218e-09	5.258355e-09	5.204074e-09	5.163882e-09	5.041037e-09
151	0.7014514	0.6188004	0.6111973	0.6110865	0.6105681	0.008818041	0.005419494	0.002787676	0.001547553	0.001389916	0.001253291	0.001241473	0.0002030992	2.547507e-05	4.027625e-06	3.322136e-06	3.062718e-06	8.115509e-07	7.673998e-07	7.616984e-07	4.460307e-08	3.662265e-08	3.399499e-08	3.175285e-08	3.170387e-08	6.831533e-09	3.757535e-09	3.301853e-09	3.27025e-09	3.244384e-09
152	0.7863962	0.6897759	0.6288047	0.6225784	0.6224826	0.6220239	0.007560341	0.004237394	0.002116507	0.001161546	0.001041308	0.0009392645	0.0009304642	0.0001528797	1.86338e-05	2.480753e-06	2.144437e-06	2.013183e-06	7.90146e-08	5.283698e-08	5.158623e-08	3.399106e-08	2.74913e-08	2.543331e-08	2.367342e-08	2.363049e-08	5.083317e-09	2.78901e-09	2.480465e-09	2.457632e-09
153	0.6845589	0.6829987	0.672235	0.6364877	0.634135	0.6340581	0.6336756	0.005963534	0.002749134	0.001275587	0.0006839777	0.0006102201	0.0005500425	0.0005448611	8.815602e-05	1.009492e-05	5.909638e-07	4.39045e-07	3.764137e-07	4.194438e-08	3.644419e-08	3.579993e-08	1.831396e-08	1.613823e-08	1.501394e-08	1.404435e-08	1.402331e-08	2.983563e-09	1.62481e-09	1.450923e-09
154	0.09325947	0.02653791	0.02564736	0.02522961	0.006439651	0.005192685	0.005126703	0.004791932	0.004662835	0.001495763	0.0007275295	0.0003740786	0.0003316146	0.0002991655	0.0002963587	4.842584e-05	5.621051e-06	4.56053e-07	3.778375e-07	3.456494e-07	3.222517e-08	2.767588e-08	2.718903e-08	9.545912e-09	8.41011e-09	7.843991e-09	7.365062e-09	7.358687e-09	1.591359e-09	8.767979e-10
155	0.1052084	0.07760111	0.01086697	0.01000549	0.009588047	0.001627412	0.001084198	0.001035748	0.0009970893	0.0009441666	0.0008789649	0.0003832864	0.0001807302	0.0001574413	0.0001423992	0.0001410835	2.371498e-05	2.880786e-06	3.86163e-07	3.47167e-07	3.319317e-07	2.690969e-08	2.287324e-08	2.246426e-08	4.545481e-09	3.966833e-09	3.500456e-09	3.107084e-09	3.102374e-09	7.146973e-10
156	0.2170862	0.09952215	0.07439289	0.007461188	0.006596127	0.006173117	0.0009257927	0.0005584396	0.0005535698	0.0005258277	0.0005005192	0.0004548288	0.0002990546	0.0001328342	0.0001143321	0.0001036108	0.0001026648	1.762202e-05	2.209059e-06	3.738661e-07	3.450674e-07	3.340771e-07	2.597583e-08	2.200535e-08	2.161014e-08	3.306758e-09	2.86451e-09	2.418582e-09	2.039918e-09	2.035573e-09
157	0.2534145	0.2073891	0.09754173	0.0733638	0.005334653	0.005137471	0.004706337	0.0006663098	0.0003787181	0.0003748801	0.0003594262	0.0003391219	0.0003062775	0.0001821975	0.0001092469	9.288843e-05	8.428244e-05	8.351817e-05	1.458564e-05	1.868656e-06	3.717689e-07	3.479924e-07	3.391855e-07	2.57165e-08	2.177625e-08	2.139373e-08	2.685263e-09	2.326842e-09	1.912156e-09	1.560995e-09
158	0.2331095	0.2321212	0.1994704	0.09631014	0.07285046	0.003434615	0.003292691	0.003278863	0.00047888	0.0002738855	0.0002709953	0.0002596639	0.0002452479	0.0002211196	0.0001306836	7.649008e-05	6.935949e-05	6.304831e-05	6.248174e-05	1.123595e-05	1.492045e-06	3.672985e-07	3.491585e-07	3.426004e-07	2.540681e-08	2.147841e-08	2.111666e-08	1.994268e-09	1.740148e-09	1.376113e-09
159	0.1316024	0.05505472	0.05451515	0.03599146	0.02502925	0.00268182	0.002232102	0.002160918	0.002147044	0.000315641	0.0001802492	0.0001783367	0.0001708477	0.0001612497	0.0001452251	8.510368e-05	4.917731e-05	4.444303e-05	4.033385e-05	3.997035e-05	8.066993e-06	1.121028e-06	3.445412e-07	3.327024e-07	3.284277e-07	5.123588e-09	1.38106e-09	1.322544e-09	1.304486e-09	1.119954e-09
160	0.1362866	0.07114642	0.02166451	0.02129495	0.009678406	0.002878338	0.001661124	0.001416522	0.001348859	0.001334704	0.0001938882	0.0001094353	0.0001083394	0.0001037399	9.780806e-05	8.798217e-05	5.088125e-05	2.913357e-05	2.626354e-05	2.379153e-05	2.358355e-05	4.378846e-06	8.528886e-07	3.442799e-07	3.375126e-07	3.350292e-07	4.553265e-09	7.604633e-10	7.086885e-10	6.99136e-10
161	0.7031571	0.1038615	0.04667982	0.01105843	0.01087645	0.005088573	0.001558577	0.0008153581	0.0007205552	0.0007136104	0.00070971	0.0001017518	5.665478e-05	5.607083e-05	5.364004e-05	5.053597e-05	4.540046e-05	2.572248e-05	1.475509e-05	1.333391e-05	1.210292e-05	1.199892e-05	2.455126e-06	5.700337e-07	3.473016e-07	3.439308e-07	3.426678e-07	4.273955e-09	4.136762e-10	3.651325e-10
162	0.3575319	0.07177825	0.04689043	0.02774803	0.006035608	0.005919822	0.002696836	0.0007379787	0.0004547089	0.0004023901	0.0003968745	0.0003928934	5.595341e-05	3.102391e-05	3.071646e-05	2.938701e-05	2.768882e-05	2.488471e-05	1.412492e-05	8.16171e-06	7.37742e-06	6.69847e-06	6.641148e-06	1.38047e-06	4.817184e-07	3.499652e-07	3.481147e-07	3.474198e-07	4.179966e-09	2.486347e-10
163	0.1379625	0.1343558	0.02887102	0.01607445	0.01172935	0.000959525	0.0009131292	0.0003997542	0.0001086925	6.569373e-05	5.689947e-05	5.625544e-05	5.608347e-05	7.693926e-06	4.216784e-06	4.171395e-06	4.008884e-06	3.809331e-06	3.47766e-06	2.224163e-06	1.512275e-06	1.398867e-06	1.29758e-06	1.288991e-06	5.071148e-07	3.733846e-07	3.568628e-07	3.565827e-07	3.564796e-07	4.102517e-09
164	0.7404746	0.05667989	0.05421179	0.02278984	0.01187985	0.008223737	0.0005501873	0.0005141918	0.0002266055	6.068705e-05	3.616245e-05	3.129838e-05	3.102557e-05	3.091529e-05	4.176603e-06	2.259581e-06	2.233353e-06	2.144541e-06	2.036875e-06	1.857543e-06	1.184127e-06	7.972515e-07	7.310044e-07	6.714042e-07	6.663906e-07	2.061743e-07	1.27584e-07	1.18009e-07	1.178459e-07	1.177862e-07
165	0.1398203	0.1288349	0.01318969	0.0113831	0.006124222	0.005729833	0.005473725	0.000218764	0.0002029544	9.111918e-05	2.344535e-05	1.371303e-05	1.185416e-05	1.176248e-05	1.165913e-05	1.560685e-06	9.017985e-07	8.929113e-07	8.584581e-07	8.158826e-07	7.441043e-07	4.759758e-07	3.184549e-07	2.875834e-07	2.598057e-07	2.574998e-07	4.222727e-08	5.695755e-09	1.249648e-09	1.175134e-09
166	0.1033334	0.05154819	0.04364192	0.0118551	0.01007644	0.005313192	0.005194543	0.005061073	0.0001409731	0.0001282265	5.848271e-05	1.514726e-05	8.992051e-06	7.878452e-06	7.8346e-06	7.73341e-06	9.77783e-07	5.361805e-07	5.309674e-07	5.084638e-07	4.797476e-07	4.317951e-07	2.504051e-07	1.451336e-07	1.306273e-07	1.177725e-07	1.166876e-07	1.878864e-08	2.111266e-09	7.633477e-11
167	0.07605383	0.0698282	0.04295017	0.0366273	0.01158333	0.009780659	0.005297604	0.005218597	0.00511187	7.459898e-05	6.173584e-05	2.788372e-05	7.426239e-06	4.396284e-06	3.854757e-06	3.834632e-06	3.730597e-06	4.82288e-07	2.648517e-07	2.62277e-07	2.509949e-07	2.365378e-07	2.125061e-07	1.211339e-07	6.883314e-08	6.187265e-08	5.578222e-08	5.526687e-08	8.907709e-09	1.002454e-09
168	0.04902173	0.04376487	0.03803737	0.02941702	0.02420348	0.01049439	0.008653088	0.005350368	0.005296961	0.005206895	2.284561e-05	9.76367e-06	4.178401e-06	1.178904e-06	7.201172e-07	6.324837e-07	6.262475e-07	5.190528e-07	9.886598e-08	6.186636e-08	6.127235e-08	5.884213e-08	5.572182e-08	5.040359e-08	3.116351e-08	1.834184e-08	1.64219e-08	1.483847e-08	1.470728e-08	2.370448e-09
169	0.1885667	0.03138677	0.02952849	0.0236241	0.01516194	0.009805497	0.00924527	0.007342889	0.005522999	0.00546849	0.005375902	2.234997e-05	8.840082e-06	3.735848e-06	1.047524e-06	6.517901e-07	5.780887e-07	5.720914e-07	4.613287e-07	9.30285e-08	5.904343e-08	5.847734e-08	5.617667e-08	5.322146e-08	4.817093e-08	2.999934e-08	1.769567e-08	1.583301e-08	1.431281e-08	1.418705e-08
170	0.9294045	0.1812468	0.03200454	0.03019497	0.02409286	0.01560885	0.01008768	0.009560179	0.007592223	0.005711676	0.005655737	0.005560279	2.235916e-05	8.389431e-06	3.521719e-06	9.941564e-07	6.211437e-07	5.525866e-07	5.466298e-07	4.320508e-07	9.069551e-08	5.810255e-08	5.754614e-08	5.529113e-08	5.239231e-08	4.742946e-08	2.963677e-08	1.746236e-08	1.561362e-08	1.411701e-08
171	0.779862	0.7661282	0.1320001	0.01994442	0.01836949	0.01418429	0.008832282	0.008196398	0.007747804	0.007715652	0.005771803	0.005763055	0.00575683	2.159052e-05	7.143412e-06	2.885335e-06	7.43705e-07	4.224686e-07	3.639531e-07	3.607366e-07	3.606456e-07	8.331298e-08	5.448445e-08	5.396219e-08	5.186396e-08	4.918493e-08	4.45445e-08	2.805163e-08	1.649788e-08	1.486016e-08
172	0.8784655	0.7698083	0.7556745	0.1311809	0.02058062	0.0189965	0.01465736	0.009145069	0.008488102	0.008028509	0.008000677	0.005985339	0.005976316	0.005969897	2.226341e-05	7.315421e-06	2.944656e-06	7.530886e-07	4.299969e-07	3.723773e-07	3.691069e-07	3.690132e-07	8.579424e-08	5.61756e-08	5.56372e-08	5.347484e-08	5.071386e-08	4.593041e-08	2.893579e-08	1.701768e-08
173	0.6494512	0.6479541	0.6192742	0.6054614	0.1067419	0.01753761	0.01612454	0.01164529	0.007158255	0.006548075	0.006228003	0.006199299	0.006178624	0.006171722	0.006166809	2.146679e-05	5.987384e-06	2.342134e-06	6.079181e-07	3.458617e-07	3.024179e-07	2.999123e-07	2.998293e-07	7.234296e-08	4.603518e-08	4.559165e-08	4.374075e-08	4.136556e-08	3.732769e-08	2.258423e-08
174	0.6885229	0.6297813	0.6287466	0.5991916	0.5848763	0.1043446	0.01810739	0.01668754	0.01203073	0.007418283	0.006787501	0.006462837	0.006446311	0.006425471	0.006418361	0.006413301	2.217634e-05	6.093541e-06	2.370643e-06	6.088904e-07	3.486946e-07	3.066463e-07	3.041132e-07	3.040276e-07	7.436573e-08	4.741309e-08	4.695639e-08	4.505115e-08	4.260597e-08	3.844783e-08
175	0.4800277	0.4779477	0.4683191	0.467936	0.4587078	0.4438494	0.07207615	0.008197643	0.007285598	0.002780019	0.0008812491	0.00034745	8.070858e-05	6.432282e-05	4.936672e-05	4.702464e-05	4.535594e-05	2.166482e-05	5.291813e-06	1.997116e-06	5.195058e-07	3.010423e-07	2.687324e-07	2.6746e-07	2.673987e-07	3.270801e-08	1.731263e-08	1.714307e-08	1.639021e-08	1.541057e-08
176	0.7468375	0.407212	0.4054618	0.3990133	0.3987197	0.3926841	0.3775488	0.06161741	0.007261731	0.00670609	0.002033483	0.0007667598	0.0002580592	3.789439e-05	2.086161e-05	7.958096e-06	6.539094e-06	5.532981e-06	4.868851e-06	4.852143e-06	1.785058e-06	3.910443e-07	1.898037e-07	1.620441e-07	1.610543e-07	1.609965e-07	1.930652e-08	1.018321e-08	1.008302e-08	9.641906e-09
177	0.6890686	0.684211	0.3297831	0.3283534	0.3226288	0.3223595	0.3161362	0.3136595	0.05214522	0.007200078	0.006724429	0.001845653	0.0007477866	0.0002312979	3.498599e-05	1.719042e-05	5.290539e-06	4.132258e-06	3.312705e-06	2.763633e-06	2.755976e-06	1.629856e-06	3.365861e-07	1.531637e-07	1.295184e-07	1.286506e-07	1.285925e-07	1.544106e-08	8.15178e-09	8.071362e-09
178	0.6099163	0.6077732	0.6045341	0.2339737	0.2327743	0.2279568	0.2278073	0.2270357	0.2268435	0.03937209	0.007086448	0.006703927	0.001599391	0.0007087376	0.0001854131	3.222124e-05	1.358424e-05	3.412656e-06	2.572466e-06	1.980328e-06	1.593502e-06	1.588084e-06	7.748441e-07	2.616219e-07	1.072853e-07	8.92675e-08	8.856019e-08	8.850196e-08	1.069147e-08	5.66961e-09
179	0.5429248	0.5383269	0.5379486	0.5353306	0.1465482	0.1453696	0.1412538	0.1411472	0.1409881	0.140976	0.02674347	0.00699679	0.00670247	0.001347413	0.0006261364	9.137197e-05	2.672265e-05	7.158458e-06	2.222913e-06	1.650202e-06	1.249133e-06	9.893165e-07	9.858035e-07	4.634589e-07	1.288055e-07	6.771301e-08	5.522087e-08	5.465971e-08	5.460085e-08	6.702845e-09
180	0.09135051	0.09101486	0.08895675	0.08856201	0.08769019	0.08734288	0.08610801	0.08469713	0.0845909	0.08444492	0.08443273	0.01272913	0.0005411436	0.0004370779	0.0004302432	0.0001186014	8.723373e-05	2.670076e-05	6.1251e-06	2.070809e-06	1.53038e-06	1.153325e-06	9.069189e-07	9.036213e-07	4.137942e-07	9.925849e-08	6.027437e-08	5.114903e-08	5.082398e-08	5.081854e-08
181	0.04465551	0.0412577	0.04110954	0.04017019	0.04016451	0.03977533	0.03956381	0.03953954	0.03879487	0.03872226	0.03862298	0.03862248	0.00583799	0.0002700032	0.0002220047	0.0002187015	7.10924e-05	5.51258e-05	2.564827e-05	3.941565e-06	9.854034e-07	7.349474e-07	5.566837e-07	4.321977e-07	4.305997e-07	1.934063e-07	4.747985e-08	2.963823e-08	2.531431e-08	2.515916e-08
182	0.006785099	0.003442507	0.003123828	0.003112805	0.003043289	0.003038732	0.003019578	0.003010048	0.003006943	0.002959003	0.002901343	0.002848639	0.002848507	0.0004307016	2.015039e-05	1.664811e-05	1.641261e-05	5.320427e-06	4.426327e-06	2.181526e-06	2.18116e-06	8.747181e-08	6.584217e-08	5.212231e-08	3.200953e-08	3.186529e-08	1.430522e-08	3.510803e-09	2.186614e-09	1.899997e-09
183	0.8664169	0.005203536	0.002665826	0.002438836	0.002430415	0.002375544	0.002370733	0.002355621	0.002347453	0.002344619	0.002306582	0.002245719	0.002236836	0.002236705	0.0003368546	1.426395e-05	1.152061e-05	1.133467e-05	2.547783e-06	1.855794e-06	1.35389e-07	1.35077e-07	7.320808e-08	5.52357e-08	4.423624e-08	2.51853e-08	2.506437e-08	1.124647e-08	2.755054e-09	1.717613e-09
184	0.6905801	0.677652	0.002907618	0.001873673	0.001711975	0.001706147	0.001667191	0.00166713	0.001656434	0.001652139	0.001651162	0.001623295	0.001622438	0.001613897	0.001613861	0.0002431462	1.038493e-05	8.420494e-06	8.28581e-06	1.831111e-06	1.347277e-06	1.00126e-07	9.996892e-08	5.498294e-08	4.411272e-08	3.628945e-08	1.820962e-08	1.811199e-08	8.124277e-09	1.988807e-09
185	0.7742829	0.6806459	0.6713856	0.002286963	0.001432079	0.001331489	0.001326938	0.001296555	0.00129651	0.001288176	0.00128473	0.001284041	0.001262525	0.00126187	0.001256407	0.001256378	0.0001892268	8.011915e-06	6.493914e-06	6.390561e-06	1.406089e-06	1.057929e-06	8.000539e-08	7.989331e-08	4.487107e-08	3.720546e-08	3.170758e-08	1.419579e-08	1.411548e-08	6.336816e-09
186	0.9850804	0.7900952	0.7095751	0.7014138	0.002024901	0.001271707	0.001184078	0.001180019	0.001152934	0.001152895	0.001145471	0.001142324	0.001141726	0.001122633	0.001122054	0.001118465	0.001118436	0.0001684802	7.092293e-06	5.747145e-06	5.655757e-06	1.236719e-06	9.294695e-07	5.88267e-08	5.872887e-08	2.762925e-08	2.096656e-08	1.618944e-08	1.265307e-08	1.257686e-08
187	0.9828639	0.9797994	0.8133375	0.7442046	0.7372054	0.00176207	0.001089027	0.001016947	0.001013445	0.0009901085	0.000990074	0.000983684	0.0009808705	0.0009803627	0.0009639077	0.0009634096	0.0009615533	0.0009615243	0.000144918	6.093219e-06	4.94414e-06	4.865587e-06	1.063439e-06	8.002048e-07	5.02584e-08	5.017517e-08	2.343844e-08	1.778346e-08	1.372769e-08	1.086616e-08
188	0.2631422	0.2603022	0.2580228	0.1249675	0.0690495	0.06339067	0.00149205	0.0008830605	0.0008220936	0.0008192445	0.0008003069	0.0008002788	0.0007951017	0.0007926793	0.0007922779	0.0007789505	0.000778549	0.0007773918	0.000777363	0.000117261	4.911582e-06	3.993079e-06	3.929725e-06	8.592144e-07	6.48065e-07	4.028735e-08	4.022125e-08	1.859164e-08	1.412028e-08	1.091165e-08
189	0.1899999	0.1876055	0.186841	0.1851698	0.08964036	0.04948483	0.04541127	0.0008969339	0.0006407262	0.0005907257	0.0005886546	0.0005749544	0.0005749332	0.0005711999	0.0005692389	0.0005689515	0.0005592841	0.0005589945	0.0005580957	0.0005580669	8.434603e-05	3.520838e-06	2.87732e-06	2.831817e-06	6.191197e-07	4.67318e-07	2.900937e-08	2.896199e-08	1.334415e-08	1.014571e-08
190	0.1065362	0.1004329	0.09915891	0.09875694	0.09781003	0.04728051	0.02616943	0.02401355	0.0004656441	0.0003300669	0.0003129504	0.0003118122	0.000304393	0.0003043803	0.0003023785	0.0003009701	0.0003008196	0.0002956077	0.0002954541	0.0002950772	0.0002950485	4.459373e-05	1.859187e-06	1.518947e-06	1.494869e-06	3.267288e-07	2.46943e-07	1.523911e-08	1.521426e-08	7.007178e-09
191	0.01212424	0.01080398	0.00546991	0.004656566	0.004620795	0.00458125	0.0022161	0.001230585	0.001129115	2.180521e-05	1.541469e-05	1.460804e-05	1.454039e-05	1.419977e-05	1.419577e-05	1.410386e-05	1.407072e-05	1.406239e-05	1.3823e-05	1.381383e-05	1.379594e-05	1.376677e-05	2.086573e-06	8.777454e-08	7.213533e-08	7.099118e-08	1.539351e-08	1.160933e-08	7.172312e-10	7.160619e-10
192	0.07177027	0.007865896	0.007723019	0.001691564	0.0007876688	0.0007643618	0.0007572976	0.0003674964	0.0002072585	0.0001897456	3.631077e-06	2.541085e-06	2.403793e-06	2.395091e-06	2.330712e-06	2.327137e-06	2.311768e-06	2.306289e-06	2.304904e-06	2.262146e-06	2.260504e-06	2.257348e-06	2.232479e-06	3.395675e-07	1.552798e-08	1.276435e-08	1.255302e-08	2.598072e-09	1.923655e-09	1.208015e-10
193	0.1175332	0.01759007	0.008200894	0.008157541	0.001312911	0.0002643737	0.0002397789	0.000237159	0.000116926	6.876419e-05	6.256093e-05	1.161519e-06	7.824479e-07	7.349225e-07	7.318233e-07	7.155351e-07	7.116091e-07	7.06594e-07	7.049201e-07	7.044007e-07	6.875382e-07	6.870264e-07	6.858252e-07	6.670133e-07	1.028432e-07	5.962334e-09	4.905544e-09	4.816168e-09	8.815221e-10	6.174625e-10
194	0.09030906	0.01336646	0.002786739	0.001258016	0.001249436	0.001248793	7.283349e-05	4.575819e-05	4.470245e-05	2.640153e-05	1.845508e-05	1.632615e-05	2.687338e-07	1.365097e-07	1.200606e-07	1.191181e-07	1.16551e-07	1.1654e-07	1.152835e-07	1.149424e-07	1.146976e-07	1.062595e-07	1.060076e-07	1.054555e-07	1.054527e-07	1.77958e-08	2.764053e-09	2.307023e-09	2.256469e-09	2.883e-10
195	0.01700094	0.004155713	0.001401451	0.0001027747	1.420071e-05	1.378172e-05	1.375344e-05	8.293575e-06	2.37309e-06	2.266526e-06	1.128034e-06	6.365605e-07	4.74084e-07	1.059765e-08	7.940302e-09	7.58717e-09	7.491996e-09	7.333328e-09	7.332185e-09	7.095503e-09	7.067201e-09	7.038874e-09	6.200319e-09	6.178217e-09	6.153964e-09	6.153757e-09	1.091857e-09	2.250239e-10	2.130994e-10	2.080223e-10
196	0.4012746	0.00950471	0.001409458	0.0003970085	4.628069e-05	1.807168e-06	1.585907e-06	1.56795e-06	1.47648e-06	1.443678e-06	1.415857e-06	6.722765e-07	3.545954e-07	2.836464e-07	6.390825e-09	4.935692e-09	4.738193e-09	4.717171e-09	4.619165e-09	4.618353e-09	4.570272e-09	4.552321e-09	4.532071e-09	4.032452e-09	4.021587e-09	4.007246e-09	4.007103e-09	6.966286e-10	1.305361e-10	1.259173e-10
197	0.4905536	0.2308871	0.006340477	0.0009428321	0.0002794227	3.257762e-05	1.233906e-06	1.078008e-06	1.064522e-06	1.053915e-06	1.043764e-06	1.031227e-06	4.72783e-07	2.408019e-07	2.037195e-07	4.523864e-09	3.574312e-09	3.44329e-09	3.432407e-09	3.358502e-09	3.357872e-09	3.336916e-09	3.324565e-09	3.308841e-09	3.077124e-09	3.070633e-09	3.062782e-09	3.062672e-09	5.011471e-10	6.325594e-11
198	0.4495652	0.3026655	0.1439915	0.003953558	0.0005882049	0.0001743179	2.020799e-05	7.679005e-07	6.711413e-07	6.625624e-07	6.55981e-07	6.500396e-07	6.431771e-07	2.884514e-07	1.435284e-07	1.258073e-07	2.780624e-09	2.229474e-09	2.15284e-09	2.145914e-09	2.098629e-09	2.098221e-09	2.084872e-09	2.077268e-09	2.067075e-09	1.971404e-09	1.967879e-09	1.96426e-09	1.964189e-09	3.103902e-10
