#unpaired probabilities
 #i$	l=1	2	3	4	5	6	7	8	9	10	11	12	13	14	15	16	17	18	19	20	21	22	23	24	25	26	27	28	29	30	
1	0.9792502	NA	NA	NA	NA	NA	NA	NA	NA	NA	NA	NA	NA	NA	NA	NA	NA	NA	NA	NA	NA	NA	NA	NA	NA	NA	NA	NA	NA	NA
2	0.9831213	0.9790452	NA	NA	NA	NA	NA	NA	NA	NA	NA	NA	NA	NA	NA	NA	NA	NA	NA	NA	NA	NA	NA	NA	NA	NA	NA	NA	NA	NA
3	0.9954603	0.9786665	0.9753124	NA	NA	NA	NA	NA	NA	NA	NA	NA	NA	NA	NA	NA	NA	NA	NA	NA	NA	NA	NA	NA	NA	NA	NA	NA	NA	NA
4	0.9951877	0.9915901	0.9747999	0.9714469	NA	NA	NA	NA	NA	NA	NA	NA	NA	NA	NA	NA	NA	NA	NA	NA	NA	NA	NA	NA	NA	NA	NA	NA	NA	NA
5	0.5490761	0.5477528	0.5442118	0.5274246	0.5241377	NA	NA	NA	NA	NA	NA	NA	NA	NA	NA	NA	NA	NA	NA	NA	NA	NA	NA	NA	NA	NA	NA	NA	NA	NA
6	0.4614577	0.4590749	0.458744	0.4552049	0.4385267	0.4353	NA	NA	NA	NA	NA	NA	NA	NA	NA	NA	NA	NA	NA	NA	NA	NA	NA	NA	NA	NA	NA	NA	NA	NA
7	0.2130124	0.2105625	0.2102979	0.2100904	0.2067698	0.1986147	0.1954156	NA	NA	NA	NA	NA	NA	NA	NA	NA	NA	NA	NA	NA	NA	NA	NA	NA	NA	NA	NA	NA	NA	NA
8	0.1711313	0.1703883	0.1702198	0.1700688	0.1700148	0.1666981	0.1585429	0.1573127	NA	NA	NA	NA	NA	NA	NA	NA	NA	NA	NA	NA	NA	NA	NA	NA	NA	NA	NA	NA	NA	NA
9	0.1326475	0.1209192	0.120274	0.1201247	0.1199947	0.1199413	0.1166252	0.1165494	0.1153275	NA	NA	NA	NA	NA	NA	NA	NA	NA	NA	NA	NA	NA	NA	NA	NA	NA	NA	NA	NA	NA
10	0.1244631	0.1208393	0.1121785	0.1116472	0.111516	0.111394	0.111342	0.1080259	0.1079501	0.1078761	NA	NA	NA	NA	NA	NA	NA	NA	NA	NA	NA	NA	NA	NA	NA	NA	NA	NA	NA	NA
11	0.7101428	0.1218305	0.1185252	0.1100179	0.1094924	0.1093628	0.1092411	0.1091892	0.1058731	0.1058643	0.1058005	NA	NA	NA	NA	NA	NA	NA	NA	NA	NA	NA	NA	NA	NA	NA	NA	NA	NA	NA
12	0.455116	0.2273055	0.1141164	0.1126743	0.1052912	0.1051236	0.1050815	0.1050672	0.1050568	0.1050555	0.1050467	0.104983	NA	NA	NA	NA	NA	NA	NA	NA	NA	NA	NA	NA	NA	NA	NA	NA	NA	NA
13	0.41441	0.3060355	0.1582978	0.05158122	0.05133073	0.04779539	0.04767727	0.04765481	0.0476456	0.04764473	0.04764364	0.04763486	0.04763263	NA	NA	NA	NA	NA	NA	NA	NA	NA	NA	NA	NA	NA	NA	NA	NA	NA
14	0.8697242	0.4110682	0.3028168	0.155519	0.05076455	0.05051895	0.04705254	0.04693569	0.04691383	0.04690586	0.04690504	0.04690418	0.04690415	0.04690297	NA	NA	NA	NA	NA	NA	NA	NA	NA	NA	NA	NA	NA	NA	NA	NA
15	0.8132824	0.8128928	0.3552692	0.2482371	0.1021261	0.001347899	0.001132031	0.0007412228	0.0006535648	0.0006424716	0.0006361988	0.0006355237	0.0006346603	0.0006346361	0.0006342669	NA	NA	NA	NA	NA	NA	NA	NA	NA	NA	NA	NA	NA	NA	NA
16	0.8701871	0.8127506	0.8123845	0.3547701	0.2478189	0.1017599	0.001020508	0.0008050311	0.0004346565	0.0003471972	0.000336184	0.0003299388	0.0003292654	0.0003284021	0.0003284021	0.000328047	NA	NA	NA	NA	NA	NA	NA	NA	NA	NA	NA	NA	NA	NA
17	0.5093911	0.440686	0.383395	0.3830402	0.3540111	0.2470645	0.101162	0.000778493	0.0005640619	0.0002586402	0.0001713251	0.0001604105	0.0001541959	0.0001535465	0.0001534037	0.0001534037	0.0001530486	NA	NA	NA	NA	NA	NA	NA	NA	NA	NA	NA	NA	NA
18	0.5194868	0.5031974	0.4345524	0.3772699	0.3769501	0.3479221	0.2470565	0.101154	0.0007711337	0.0005567473	0.0002517786	0.0001644685	0.0001535559	0.0001473417	0.0001466937	0.0001465509	0.0001465509	0.0001462474	NA	NA	NA	NA	NA	NA	NA	NA	NA	NA	NA	NA
19	0.8377437	0.4182624	0.4165691	0.3488762	0.2916151	0.2912957	0.2622678	0.2470536	0.1011512	0.0007685054	0.0005541294	0.0002493202	0.0001620118	0.0001510999	0.0001448858	0.0001442381	0.0001440954	0.0001440954	0.0001438514	NA	NA	NA	NA	NA	NA	NA	NA	NA	NA	NA
20	0.923923	0.8221453	0.4029021	0.4013467	0.3336558	0.2763958	0.2760764	0.2470487	0.2470449	0.1011425	0.0007603977	0.0005460247	0.000241705	0.0001544014	0.0001434912	0.0001372775	0.0001366298	0.0001364871	0.0001364871	0.0001364869	NA	NA	NA	NA	NA	NA	NA	NA	NA	NA
21	0.2791785	0.2700672	0.2668634	0.2162685	0.2161343	0.1485431	0.1479149	0.1478136	0.1478051	0.1478014	0.001957488	0.0003940715	0.0001802576	0.0001523484	0.00015076	0.0001400843	0.0001371889	0.0001365462	0.0001364818	0.0001364818	0.0001364816	NA	NA	NA	NA	NA	NA	NA	NA	NA
22	0.0694073	0.009081492	0.005802062	0.00431505	0.002742118	0.002726273	0.002457828	0.001829596	0.001827308	0.001818799	0.001815196	0.001738693	0.0001752762	0.0001689569	0.0001410479	0.000140016	0.0001397159	0.0001368454	0.0001365441	0.0001364797	0.0001364797	0.0001364795	NA	NA	NA	NA	NA	NA	NA	NA
23	0.06202455	0.06166315	0.004050406	0.001570642	0.0005984223	0.000540166	0.0005357283	0.0002689366	0.0002495336	0.0002475221	0.0002450544	0.0002414603	0.0001656189	0.0001531844	0.0001468926	0.000137179	0.0001369796	0.0001368483	0.0001368032	0.0001365069	0.0001364773	0.0001364773	0.0001364771	NA	NA	NA	NA	NA	NA	NA
24	0.06955686	0.06129164	0.06120696	0.003625368	0.001195546	0.0002282941	0.0001891442	0.0001855647	0.0001847832	0.0001653802	0.0001651346	0.0001626669	0.0001590742	0.0001589229	0.0001464884	0.0001464282	0.0001367146	0.0001366004	0.0001365413	0.0001365123	0.0001365069	0.0001364772	0.0001364772	0.000136477	NA	NA	NA	NA	NA	NA
25	0.1032323	0.06750687	0.06058585	0.06051388	0.003065833	0.0007356675	0.0002210794	0.0001847999	0.0001812651	0.0001808955	0.0001635431	0.0001633947	0.0001610822	0.0001574897	0.0001573634	0.0001457334	0.0001456795	0.000136608	0.0001365195	0.000136486	0.0001364788	0.0001364769	0.0001364769	0.0001364769	0.0001364767	NA	NA	NA	NA	NA
26	0.3008207	0.1019776	0.06743989	0.06058539	0.06051366	0.00306563	0.0007354653	0.000220878	0.0001846387	0.0001811048	0.0001808423	0.0001634898	0.0001633485	0.000161036	0.0001574435	0.0001573513	0.0001457212	0.0001456706	0.0001365991	0.0001365132	0.0001364819	0.0001364769	0.0001364769	0.0001364769	0.0001364769	0.0001364767	NA	NA	NA	NA
27	0.01055716	0.005993558	0.004631772	0.004343886	0.003381267	0.003365054	0.002528482	0.0004278879	1.444343e-05	1.541949e-06	1.462094e-06	1.28252e-06	1.167205e-06	1.162963e-06	1.046498e-06	1.023095e-06	1.022453e-06	9.468386e-07	9.465014e-07	8.875561e-07	8.869976e-07	8.867938e-07	8.867612e-07	8.867608e-07	8.867484e-07	8.867454e-07	8.867402e-07	NA	NA	NA
28	0.005691033	0.005029225	0.004332509	0.004065609	0.004031293	0.003218683	0.003218624	0.002523776	0.0004257326	1.309556e-05	3.569927e-07	2.964943e-07	2.856591e-07	2.640948e-07	2.607163e-07	1.566554e-07	1.531046e-07	1.530104e-07	1.416568e-07	1.416065e-07	1.32785e-07	1.327014e-07	1.326705e-07	1.326654e-07	1.32665e-07	1.326526e-07	1.326526e-07	1.326495e-07	NA	NA
29	0.004795148	0.004116648	0.004082461	0.004042715	0.003971352	0.003969673	0.003162266	0.003162263	0.00248849	0.0004151471	4.337462e-06	7.073959e-08	1.346603e-08	1.105032e-08	9.984987e-09	7.356592e-09	7.022103e-09	6.807247e-09	6.802318e-09	6.298692e-09	6.296309e-09	5.904397e-09	5.900594e-09	5.899151e-09	5.89886e-09	5.89866e-09	5.898631e-09	5.898631e-09	5.895579e-09	NA
30	0.009952009	0.003321836	0.002872624	0.002842054	0.002814838	0.002788855	0.002787513	0.002778559	0.002778557	0.002488426	0.0004150945	4.293591e-06	2.951067e-08	1.222217e-08	1.016589e-08	9.187706e-09	6.562919e-09	6.248124e-09	6.107628e-09	6.103204e-09	5.651137e-09	5.648986e-09	5.297197e-09	5.293775e-09	5.29247e-09	5.292201e-09	5.292002e-09	5.291972e-09	5.291972e-09	5.291956e-09
31	0.9999764	0.009951776	0.003321695	0.002872483	0.002841925	0.002814804	0.002788852	0.002787511	0.002778558	0.002778555	0.002488425	0.0004150931	4.29213e-06	2.804977e-08	1.076129e-08	8.965338e-09	7.987159e-09	6.561908e-09	6.247113e-09	6.106618e-09	6.10261e-09	5.650543e-09	5.648542e-09	5.296753e-09	5.293419e-09	5.292203e-09	5.292009e-09	5.292002e-09	5.291972e-09	5.291972e-09
32	0.006000222	0.006000123	0.0009639441	0.000840427	0.0007389656	0.0007336895	0.0007333658	0.000715728	0.0007157117	0.0007069722	0.0007069721	0.0004173702	0.0004098346	1.419812e-06	1.864882e-08	1.545457e-09	7.583649e-10	5.127951e-10	1.32937e-10	7.439221e-11	7.197424e-11	7.180481e-11	6.610423e-11	6.606406e-11	6.192436e-11	6.188465e-11	6.186974e-11	6.186699e-11	6.18611e-11	6.184617e-11
33	0.006804243	0.003466594	0.003466505	0.00061038	0.0005242594	0.0004369236	0.0004318727	0.0004316983	0.0004199038	0.0004198949	0.0004193383	0.0004193383	0.0004173489	0.0004098185	1.406734e-06	6.764831e-09	1.154365e-09	5.936439e-10	4.674132e-10	8.899666e-11	4.061825e-11	3.953599e-11	3.945044e-11	3.622128e-11	3.619846e-11	3.392442e-11	3.390239e-11	3.389396e-11	3.389222e-11	3.388634e-11
34	0.06575491	0.002493395	0.002385492	0.002385474	1.731584e-05	9.538816e-06	9.009532e-06	8.764998e-06	8.623105e-06	8.323451e-06	8.316165e-06	7.759891e-06	7.759872e-06	5.77055e-06	2.157777e-06	1.402101e-06	6.342943e-09	7.326618e-10	4.058886e-10	3.153818e-10	8.125067e-11	3.316018e-11	3.224264e-11	3.217491e-11	2.950598e-11	2.948838e-11	2.764909e-11	2.763157e-11	2.762509e-11	2.762399e-11
35	0.9923013	0.06290848	0.0005361076	0.0004320535	0.0004320485	1.279458e-05	5.247677e-06	5.042948e-06	5.027251e-06	5.008828e-06	4.767867e-06	4.76682e-06	4.212733e-06	4.212729e-06	2.248041e-06	7.607423e-07	8.791709e-09	6.167171e-09	5.575211e-10	3.201999e-10	2.688812e-10	3.499684e-11	4.499951e-12	4.215724e-12	4.182247e-12	3.807078e-12	3.803197e-12	3.565047e-12	3.562757e-12	3.561898e-12
36	0.08130326	0.0812587	0.05601421	0.0001125293	7.299216e-05	7.29878e-05	3.401084e-06	3.262935e-06	3.083978e-06	3.070122e-06	3.064502e-06	3.045235e-06	3.04482e-06	3.039957e-06	3.039953e-06	2.242386e-06	7.55118e-07	3.167699e-09	5.444494e-10	5.341251e-10	3.163168e-10	2.657948e-10	3.192587e-11	1.476032e-12	1.327373e-12	1.301889e-12	1.140016e-12	1.138204e-12	1.066037e-12	1.065322e-12
37	0.132841	0.07072518	0.07070975	0.05597864	0.0001089039	7.095097e-05	7.094987e-05	2.754486e-06	2.641267e-06	2.623326e-06	2.617784e-06	2.612655e-06	2.603571e-06	2.603179e-06	2.598381e-06	2.598377e-06	1.800821e-06	3.381776e-07	2.803656e-09	2.28247e-10	2.17925e-10	1.337824e-10	1.093056e-10	3.173292e-11	1.365176e-12	1.218849e-12	1.195107e-12	1.042837e-12	1.041436e-12	9.76182e-13
38	0.8631794	0.00255019	0.001198686	0.001187271	7.108829e-05	6.203586e-05	2.428921e-05	2.428854e-05	1.298818e-06	1.186629e-06	1.171241e-06	1.169693e-06	1.165912e-06	1.157205e-06	1.156971e-06	1.152185e-06	1.152184e-06	3.546301e-07	3.366736e-07	1.323109e-09	1.713169e-10	1.610011e-10	1.028033e-10	9.002748e-11	1.247804e-11	1.075257e-12	9.353843e-13	9.119694e-13	7.807862e-13	7.794852e-13
39	0.00824396	0.002969349	0.0007639765	7.309839e-05	7.114075e-05	2.925077e-05	2.352614e-05	2.329936e-05	2.32988e-05	4.263664e-07	3.727649e-07	3.654603e-07	3.641964e-07	3.629256e-07	3.565848e-07	3.564751e-07	3.564261e-07	3.564248e-07	3.546228e-07	3.366669e-07	1.316535e-09	1.648392e-10	1.602397e-10	1.020527e-10	8.936465e-11	1.181589e-11	4.210593e-13	3.702814e-13	3.472009e-13	2.577621e-13
40	0.9928226	0.003603214	0.002935155	0.0007494349	6.806886e-05	6.742573e-05	2.668923e-05	2.285437e-05	2.284707e-05	2.284696e-05	4.808906e-08	7.205342e-09	5.821482e-09	5.20851e-09	3.948142e-09	3.440319e-09	3.331833e-09	3.312928e-09	3.311676e-09	1.510413e-09	1.258984e-09	1.22376e-09	7.567632e-11	7.10768e-11	1.293184e-11	1.14965e-11	1.148693e-11	4.167742e-13	3.66036e-13	3.44735e-13
41	0.01244977	0.0117916	9.812066e-05	6.462811e-05	1.015753e-05	5.521647e-06	5.095647e-06	1.316749e-07	5.553457e-08	5.396261e-08	5.391526e-08	4.519257e-08	4.45421e-09	3.188097e-09	2.716899e-09	2.320695e-09	2.059838e-09	2.040213e-09	2.029116e-09	2.029079e-09	2.278456e-10	7.249507e-11	6.652857e-11	6.438086e-11	5.978544e-11	1.647374e-12	2.334057e-13	2.259449e-13	2.227162e-13	1.762227e-13
42	0.002517837	0.000738629	0.0005855863	6.310519e-06	1.850763e-06	6.150696e-07	1.863526e-07	1.812199e-07	7.198471e-08	1.192255e-08	1.144651e-08	1.140254e-08	3.252801e-09	3.204192e-09	1.948336e-09	1.481592e-09	1.165192e-09	1.057218e-09	1.041571e-09	1.038459e-09	1.03843e-09	2.230974e-10	6.780376e-11	6.186747e-11	5.972243e-11	5.972045e-11	1.582392e-12	1.703059e-13	1.628577e-13	1.598814e-13
43	0.9287423	0.002305658	0.0005883994	0.0005181069	4.729613e-06	1.518107e-06	5.648037e-07	1.681764e-07	1.635393e-07	6.985318e-08	1.051521e-08	1.007486e-08	1.005057e-08	2.004265e-09	1.956525e-09	1.526858e-09	1.428602e-09	1.115706e-09	1.025175e-09	1.00972e-09	1.007025e-09	1.006997e-09	1.916647e-10	5.980591e-11	5.968309e-11	5.956454e-11	5.956261e-11	1.499853e-12	9.829581e-14	9.191813e-14
44	0.9371239	0.9266549	0.00132681	0.0005673275	0.0004987435	3.234278e-06	1.391393e-06	4.603332e-07	1.062012e-07	1.031174e-07	1.158754e-08	8.463459e-09	8.091989e-09	8.068194e-09	1.43015e-09	1.384299e-09	1.272197e-09	1.248556e-09	9.420683e-10	8.549919e-10	8.39878e-10	8.37285e-10	8.37258e-10	2.192617e-11	1.66015e-12	1.578116e-12	1.479425e-12	1.477551e-12	1.476765e-12	7.903838e-14
45	0.9941351	0.9367758	0.9266357	0.001321483	0.0005664658	0.0004983366	3.080696e-06	1.367926e-06	4.491094e-07	1.032205e-07	1.006215e-07	9.942651e-09	8.253493e-09	7.944068e-09	7.933529e-09	1.341278e-09	1.30149e-09	1.190916e-09	1.1764e-09	9.219486e-10	8.498208e-10	8.372715e-10	8.350916e-10	8.350712e-10	1.97404e-11	2.067913e-13	1.710268e-13	7.418771e-14	7.257204e-14	7.23784e-14
46	0.9954512	0.9938258	0.9367747	0.9266348	0.001321407	0.0005664371	0.0004983198	3.07539e-06	1.367744e-06	4.489411e-07	1.03102e-07	1.005121e-07	9.833226e-09	8.14409e-09	7.841494e-09	7.830971e-09	1.238723e-09	1.198935e-09	1.190904e-09	1.176388e-09	9.219374e-10	8.498128e-10	8.372634e-10	8.350852e-10	8.350648e-10	1.9734e-11	2.003966e-13	1.646322e-13	6.779381e-14	6.617823e-14
47	0.0682057	0.06787289	0.06766578	0.01181015	0.001678426	0.001240261	0.0004880891	0.0004216083	2.528338e-06	1.287405e-06	3.840831e-07	9.128125e-08	9.066561e-08	1.341567e-09	9.821689e-10	9.39201e-10	9.37857e-10	8.963505e-10	8.861077e-10	8.80573e-10	8.787363e-10	8.462393e-10	8.369675e-10	8.353651e-10	8.349036e-10	8.34901e-10	1.95728e-11	4.550662e-14	1.012472e-14	8.906418e-15
48	0.002344785	0.001497648	0.001238069	0.001100603	0.0008080612	0.0008058108	0.0004201882	0.0004197873	0.0004183261	1.430969e-06	1.261249e-06	3.783218e-07	8.929099e-08	8.894595e-08	4.578179e-10	1.208484e-10	8.961821e-11	8.856975e-11	5.829767e-11	5.53134e-11	5.491015e-11	5.354827e-11	2.819829e-11	2.101879e-11	1.976878e-11	1.95727e-11	1.957067e-11	1.957032e-11	4.30342e-14	7.657486e-15
49	0.927705	0.001909599	0.001085401	0.0008805844	0.0007727923	0.0007171099	0.0007155339	0.00041984	0.0004195807	0.000418158	1.414174e-06	1.260491e-06	3.779886e-07	8.916936e-08	8.88727e-08	4.111616e-10	8.280589e-11	5.784684e-11	5.701973e-11	3.04288e-11	2.806651e-11	2.789247e-11	2.685324e-11	6.850607e-12	1.185591e-12	1.992641e-13	4.454889e-14	4.295034e-14	4.265815e-14	4.093904e-14
50	0.0768515	0.06146194	0.0009175942	0.0007796966	0.0005759394	0.0004687672	0.000414188	0.0004126178	0.0003219726	0.0003217149	0.0003202929	1.4096e-06	1.256158e-06	3.736627e-07	8.916177e-08	8.886603e-08	4.050113e-10	8.214819e-11	5.731553e-11	5.64927e-11	3.021573e-11	2.786708e-11	2.769816e-11	2.667729e-11	6.778093e-12	1.14308e-12	1.618552e-13	7.940172e-15	6.349949e-15	6.058936e-15
51	0.8705782	0.003982173	0.002272133	7.550265e-06	5.798883e-06	4.787251e-06	3.932431e-06	3.515922e-06	2.507774e-06	2.437285e-06	2.427776e-06	1.143041e-06	1.13448e-06	1.02231e-06	1.41185e-07	8.880322e-08	8.868324e-08	3.201773e-10	1.044962e-11	8.76229e-12	8.758205e-12	1.81003e-13	1.386733e-13	1.37675e-13	1.325209e-13	3.372364e-14	5.743039e-15	8.713701e-16	1.071006e-16	9.920536e-17
52	0.005375201	0.002804556	0.001547581	6.667463e-05	1.933667e-06	1.705495e-06	1.203479e-06	6.591729e-07	4.900514e-07	2.285005e-07	1.586904e-07	1.57964e-07	1.536587e-07	1.451086e-07	1.450034e-07	1.410485e-07	8.866828e-08	8.864457e-08	3.19976e-10	1.025977e-11	8.636549e-12	8.634522e-12	8.987575e-14	6.894431e-14	6.833169e-14	6.573108e-14	1.670359e-14	2.81827e-15	4.007377e-16	2.146137e-17
53	0.09535383	0.005011713	0.002444736	0.001537488	5.783972e-05	1.818607e-06	1.61043e-06	1.154427e-06	6.343427e-07	4.779328e-07	2.165301e-07	1.477476e-07	1.470777e-07	1.428072e-07	1.403082e-07	1.402123e-07	1.362577e-07	8.866796e-08	8.864429e-08	3.197223e-10	1.01896e-11	8.571626e-12	8.569784e-12	8.284147e-14	6.250315e-14	6.20342e-14	5.970454e-14	1.517069e-14	2.557872e-15	3.619193e-16
54	0.8791682	0.02969535	0.004776924	0.002253605	0.001505486	3.46244e-05	1.740522e-06	1.547454e-06	1.095546e-06	5.787493e-07	4.250213e-07	1.636777e-07	9.768993e-08	9.702505e-08	9.275755e-08	9.272468e-08	9.26297e-08	8.867513e-08	8.866027e-08	8.86366e-08	3.120321e-10	1.018597e-11	8.56847e-12	8.566645e-12	8.221837e-14	6.192928e-14	6.146802e-14	5.916834e-14	1.503443e-14	2.534871e-15
55	0.9999999	0.8791681	0.02969523	0.004776923	0.002253605	0.001505486	3.46244e-05	1.740522e-06	1.547454e-06	1.095546e-06	5.787493e-07	4.250213e-07	1.636777e-07	9.768993e-08	9.702505e-08	9.275755e-08	9.272468e-08	9.26297e-08	8.867513e-08	8.866027e-08	8.86366e-08	3.120321e-10	1.018597e-11	8.568463e-12	8.566638e-12	8.221175e-14	6.192265e-14	6.146802e-14	5.916834e-14	1.503443e-14
56	0.06285383	0.06285372	0.009456942	0.001119103	0.0005098854	0.0005084023	0.0005049285	6.184867e-06	9.408422e-07	7.863199e-07	3.642608e-07	1.425533e-07	2.905503e-08	3.199541e-09	1.499152e-09	9.79706e-10	4.606001e-10	4.332499e-10	3.472916e-10	3.298084e-10	3.150373e-10	3.146488e-10	3.109946e-10	9.149071e-12	8.56236e-12	8.560655e-12	7.774292e-14	5.784635e-14	5.741013e-14	5.525978e-14
57	0.06257587	0.0559944	0.05599429	0.00438958	0.0007267264	0.0005049841	0.0005035221	0.0005015123	2.798478e-06	9.390166e-07	7.845552e-07	3.624961e-07	1.40802e-07	2.731952e-08	1.76896e-09	1.169341e-09	6.511085e-10	1.321966e-10	1.18007e-10	3.204873e-11	1.45656e-11	1.319534e-11	1.280681e-11	9.15257e-12	9.124755e-12	8.538043e-12	8.536339e-12	7.772755e-14	5.783098e-14	5.739551e-14
58	0.0567494	0.05587678	0.05212096	0.05212085	0.0009907981	0.0002266505	7.044224e-06	6.521002e-06	5.148172e-06	2.751674e-06	9.042469e-07	7.525341e-07	3.343267e-07	1.149996e-07	2.698101e-09	1.500173e-09	9.138089e-10	4.014188e-10	1.126695e-10	9.852092e-11	1.337163e-11	1.053635e-11	9.177828e-12	8.8151e-12	8.612726e-12	8.584998e-12	8.537219e-12	8.53553e-12	7.711466e-14	5.730436e-14
59	0.06339955	0.05540853	0.055403	0.05172018	0.05172007	0.0005980348	0.0001985133	6.303425e-06	5.780519e-06	4.488494e-06	2.09425e-06	9.032859e-07	7.515961e-07	3.333888e-07	1.140735e-07	2.447832e-09	1.286489e-09	8.893002e-10	3.769738e-10	9.438339e-11	8.995085e-11	4.830389e-12	1.999259e-12	7.225892e-13	3.598617e-13	1.574878e-13	1.478145e-13	1.000359e-13	9.834708e-14	7.710247e-14
60	0.05690523	0.05686738	0.05538719	0.05538451	0.05170186	0.05170175	0.0005842495	0.0001983862	6.181002e-06	5.704076e-06	4.464261e-06	2.09308e-06	9.021626e-07	7.514468e-07	3.332394e-07	1.140497e-07	2.440011e-09	1.2853e-09	8.884533e-10	3.76423e-10	9.421303e-11	8.992677e-11	4.808654e-12	1.983599e-12	7.069435e-13	3.444204e-13	1.423828e-13	1.327095e-13	8.496826e-14	8.327943e-14
61	0.06494705	0.05685376	0.05683356	0.05538716	0.0553845	0.05170185	0.05170174	0.0005842413	0.0001983861	6.180985e-06	5.704058e-06	4.464247e-06	2.093065e-06	9.021623e-07	7.514465e-07	3.332392e-07	1.140495e-07	2.439799e-09	1.285089e-09	8.884511e-10	3.764209e-10	9.421121e-11	8.992643e-11	4.808309e-12	1.983255e-12	7.068216e-13	3.442987e-13	1.422611e-13	1.325879e-13	8.48467e-14
62	0.06704438	0.06135182	0.05390741	0.05388918	0.05260012	0.05259749	0.05170176	0.05170165	0.0005841546	0.0001983029	6.175072e-06	5.698146e-06	4.458336e-06	2.087159e-06	9.021589e-07	7.514431e-07	3.332357e-07	1.14046e-07	2.436394e-09	1.281751e-09	8.881863e-10	3.761561e-10	9.394666e-11	8.992451e-11	4.80639e-12	1.981407e-12	7.064966e-13	3.439737e-13	1.419362e-13	1.324998e-13
63	0.9981328	0.06535603	0.05999108	0.05261342	0.05259525	0.05170502	0.0517024	0.05170175	0.05170164	0.0005841427	0.000198291	6.174229e-06	5.697303e-06	4.457493e-06	2.086316e-06	9.021583e-07	7.514425e-07	3.332352e-07	1.140455e-07	2.435836e-09	1.281203e-09	8.881486e-10	3.761184e-10	9.390904e-11	8.99242e-11	4.806085e-12	1.981112e-12	7.064517e-13	3.439289e-13	1.418913e-13
