#unpaired probabilities
 #i$	l=1	2	3	4	5	6	7	8	9	10	11	
1	0.9733839	NA	NA	NA	NA	NA	NA	NA	NA	NA	NA
2	1	0.9733839	NA	NA	NA	NA	NA	NA	NA	NA	NA
3	1	1	0.9733839	NA	NA	NA	NA	NA	NA	NA	NA
4	0.998745	0.998745	0.998745	0.972129	NA	NA	NA	NA	NA	NA	NA
5	1	0.998745	0.998745	0.998745	0.972129	NA	NA	NA	NA	NA	NA
6	0.9896561	0.9896561	0.9884011	0.9884011	0.9884011	0.972129	NA	NA	NA	NA	NA
7	0.9925225	0.9821786	0.9821786	0.9809236	0.9809236	0.9809236	0.972129	NA	NA	NA	NA
8	0.9899504	0.9824729	0.972129	0.972129	0.972129	0.972129	0.972129	0.972129	NA	NA	NA
9	1	0.9899504	0.9824729	0.972129	0.972129	0.972129	0.972129	0.972129	0.972129	NA	NA
10	1	1	0.9899504	0.9824729	0.972129	0.972129	0.972129	0.972129	0.972129	0.972129	NA
11	1	1	1	0.9899504	0.9824729	0.972129	0.972129	0.972129	0.972129	0.972129	0.972129
