#unpaired probabilities
 #i$	l=1	2	3	4	5	6	7	8	9	10	11	12	13	14	15	16	17	18	19	20	21	22	23	24	25	26	27	28	29	30	
1	0.9999999	NA	NA	NA	NA	NA	NA	NA	NA	NA	NA	NA	NA	NA	NA	NA	NA	NA	NA	NA	NA	NA	NA	NA	NA	NA	NA	NA	NA	NA
2	0.1688271	0.1688271	NA	NA	NA	NA	NA	NA	NA	NA	NA	NA	NA	NA	NA	NA	NA	NA	NA	NA	NA	NA	NA	NA	NA	NA	NA	NA	NA	NA
3	0.1592858	0.1552946	0.1552946	NA	NA	NA	NA	NA	NA	NA	NA	NA	NA	NA	NA	NA	NA	NA	NA	NA	NA	NA	NA	NA	NA	NA	NA	NA	NA	NA
4	0.1341025	0.1283586	0.1271228	0.1271227	NA	NA	NA	NA	NA	NA	NA	NA	NA	NA	NA	NA	NA	NA	NA	NA	NA	NA	NA	NA	NA	NA	NA	NA	NA	NA
5	0.3663565	0.1285262	0.1242072	0.1230039	0.1230039	NA	NA	NA	NA	NA	NA	NA	NA	NA	NA	NA	NA	NA	NA	NA	NA	NA	NA	NA	NA	NA	NA	NA	NA	NA
6	0.2515634	0.1526036	0.1226153	0.1220866	0.1211933	0.1211933	NA	NA	NA	NA	NA	NA	NA	NA	NA	NA	NA	NA	NA	NA	NA	NA	NA	NA	NA	NA	NA	NA	NA	NA
7	0.8820761	0.1394043	0.1245376	0.1051103	0.1049045	0.104853	0.104853	NA	NA	NA	NA	NA	NA	NA	NA	NA	NA	NA	NA	NA	NA	NA	NA	NA	NA	NA	NA	NA	NA	NA
8	0.1259944	0.03039346	0.02266262	0.01411327	0.009445687	0.009304848	0.009297346	0.009297312	NA	NA	NA	NA	NA	NA	NA	NA	NA	NA	NA	NA	NA	NA	NA	NA	NA	NA	NA	NA	NA	NA
9	0.001337819	0.0009698943	0.0007294003	0.000641137	0.0006094023	0.0002758374	0.0002750526	0.000272401	0.0002723673	NA	NA	NA	NA	NA	NA	NA	NA	NA	NA	NA	NA	NA	NA	NA	NA	NA	NA	NA	NA	NA
10	0.03074096	0.0005125994	0.0004548136	0.0003589987	0.0003113814	0.0002994474	0.0001353385	0.0001348669	0.0001322953	0.0001322953	NA	NA	NA	NA	NA	NA	NA	NA	NA	NA	NA	NA	NA	NA	NA	NA	NA	NA	NA	NA
11	0.6420485	0.006829548	0.0003254153	0.0002900935	0.0002548664	0.0002135406	0.0002043903	4.703542e-05	4.669939e-05	4.666628e-05	4.666628e-05	NA	NA	NA	NA	NA	NA	NA	NA	NA	NA	NA	NA	NA	NA	NA	NA	NA	NA	NA
12	0.02629536	0.005615797	0.0008632557	7.517479e-05	5.595413e-05	2.851752e-05	7.962605e-06	1.623112e-06	1.411179e-06	1.406432e-06	1.405229e-06	1.405229e-06	NA	NA	NA	NA	NA	NA	NA	NA	NA	NA	NA	NA	NA	NA	NA	NA	NA	NA
13	0.00631227	0.006209621	0.005232877	0.0006694353	1.239026e-05	9.468595e-06	7.093379e-06	6.852963e-06	8.008085e-07	7.533115e-07	7.489229e-07	7.478531e-07	7.478531e-07	NA	NA	NA	NA	NA	NA	NA	NA	NA	NA	NA	NA	NA	NA	NA	NA	NA
14	0.01788231	0.006169217	0.006134262	0.00522078	0.0006648143	1.184434e-05	9.228748e-06	7.021271e-06	6.80679e-06	7.871552e-07	7.409496e-07	7.365751e-07	7.355074e-07	7.355074e-07	NA	NA	NA	NA	NA	NA	NA	NA	NA	NA	NA	NA	NA	NA	NA	NA
15	0.9954657	0.01335661	0.001643563	0.00160861	0.0006951295	0.0006648114	1.184143e-05	9.225849e-06	7.018371e-06	6.803891e-06	7.842559e-07	7.380503e-07	7.365421e-07	7.354744e-07	7.354744e-07	NA	NA	NA	NA	NA	NA	NA	NA	NA	NA	NA	NA	NA	NA	NA
16	0.6933784	0.6933781	0.01039196	0.0009810715	0.0009533436	4.712037e-05	1.884154e-05	1.167355e-05	9.060317e-06	6.854788e-06	6.658452e-06	6.389161e-07	5.992188e-07	5.977533e-07	5.969806e-07	5.969806e-07	NA	NA	NA	NA	NA	NA	NA	NA	NA	NA	NA	NA	NA	NA
17	0.6538166	0.6535074	0.6535072	0.009406502	5.670899e-05	2.998803e-05	1.183372e-05	6.917009e-06	6.055337e-06	6.050494e-06	6.044727e-06	6.007775e-06	3.038534e-07	2.666285e-07	2.652194e-07	2.644589e-07	2.644589e-07	NA	NA	NA	NA	NA	NA	NA	NA	NA	NA	NA	NA	NA
18	0.3583697	0.0295925	0.02928569	0.02928556	0.009271566	5.218882e-05	2.547129e-05	7.328884e-06	6.212202e-06	6.036551e-06	6.032013e-06	6.026431e-06	5.989524e-06	2.856066e-07	2.498897e-07	2.490491e-07	2.48734e-07	2.48734e-07	NA	NA	NA	NA	NA	NA	NA	NA	NA	NA	NA	NA
19	0.3493836	0.3491113	0.02035597	0.02005015	0.02005003	8.736741e-05	5.184594e-05	2.514343e-05	7.110589e-06	6.01259e-06	5.975508e-06	5.971886e-06	5.966754e-06	5.929974e-06	2.260627e-07	1.92561e-07	1.917275e-07	1.914799e-07	1.914799e-07	NA	NA	NA	NA	NA	NA	NA	NA	NA	NA	NA
20	0.3439523	0.3438165	0.3437501	0.02007582	0.01998383	0.01998381	3.749638e-05	2.084435e-06	2.067214e-06	1.238389e-06	1.834652e-07	1.596641e-07	1.576604e-07	1.565933e-07	1.547334e-07	1.544685e-07	1.209727e-07	1.201394e-07	1.198917e-07	1.198917e-07	NA	NA	NA	NA	NA	NA	NA	NA	NA	NA
21	0.9748883	0.3248388	0.324706	0.3246411	0.001061741	0.0009698475	0.0009698264	3.735139e-05	2.029267e-06	2.012354e-06	1.185337e-06	1.483188e-07	1.249266e-07	1.229604e-07	1.219114e-07	1.200563e-07	1.197913e-07	1.179943e-07	1.177083e-07	1.176125e-07	1.176125e-07	NA	NA	NA	NA	NA	NA	NA	NA	NA
22	0.3227988	0.3227042	0.3015316	0.3014984	0.3014345	0.000833139	0.0007412963	0.0007412757	2.368072e-06	9.896964e-07	9.730953e-07	1.4659e-07	1.425356e-07	1.202425e-07	1.183183e-07	1.172898e-07	1.154401e-07	1.151752e-07	1.15042e-07	1.150399e-07	1.150101e-07	1.150101e-07	NA	NA	NA	NA	NA	NA	NA	NA
23	0.06072387	0.0180657	0.01799108	0.0009493524	0.0009166021	0.0008527896	0.0008325541	0.0007407488	0.0007407285	2.092272e-06	9.638703e-07	9.474351e-07	1.237114e-07	1.198023e-07	1.185359e-07	1.166357e-07	1.15619e-07	1.137726e-07	1.135077e-07	1.135063e-07	1.135061e-07	1.135053e-07	1.135053e-07	NA	NA	NA	NA	NA	NA	NA
24	0.04134517	0.03972649	0.01737103	0.01734908	0.0007615844	0.0007560926	0.000755711	0.0007377405	0.0007375556	0.0007375534	1.147152e-06	2.502258e-08	1.960966e-08	1.83489e-08	1.455797e-08	1.344777e-08	1.326198e-08	1.313305e-08	1.155675e-08	1.155471e-08	1.155334e-08	1.155316e-08	1.155228e-08	1.155228e-08	NA	NA	NA	NA	NA	NA
25	0.5619998	0.01732306	0.01665817	0.01656119	0.01656042	2.396268e-05	1.894835e-05	1.886055e-05	1.174683e-06	1.157891e-06	1.157722e-06	1.12617e-06	8.307045e-09	3.98916e-09	3.825454e-09	2.814206e-09	2.545853e-09	2.529968e-09	2.484427e-09	9.304388e-10	9.284e-10	9.282337e-10	9.282311e-10	9.282106e-10	9.282106e-10	NA	NA	NA	NA	NA
26	0.5361769	0.5360987	0.0007075943	9.624156e-05	1.441349e-05	1.409433e-05	5.053269e-06	8.601488e-08	2.214211e-08	1.803293e-08	1.433935e-08	1.432082e-08	7.13163e-09	7.037283e-09	2.804468e-09	2.732757e-09	1.723758e-09	1.699386e-09	1.696693e-09	1.657627e-09	1.053727e-10	1.03334e-10	1.032663e-10	1.032652e-10	1.032637e-10	1.032637e-10	NA	NA	NA	NA
27	0.0009679514	0.0008091615	0.0008073748	4.291698e-06	2.777663e-06	2.355044e-06	2.1476e-06	5.101027e-08	4.948843e-08	7.823697e-09	6.993177e-09	6.506911e-09	6.505296e-09	1.569757e-09	1.485309e-09	1.080227e-09	1.044648e-09	3.575047e-11	1.153514e-11	1.12973e-11	1.109941e-11	1.102278e-11	9.013347e-12	8.945635e-12	8.944516e-12	8.943054e-12	8.943054e-12	NA	NA	NA
28	0.001575366	7.585902e-05	6.860669e-05	6.74091e-05	2.502815e-06	2.209845e-06	2.182592e-06	2.095146e-06	2.515674e-08	2.485814e-08	6.737043e-09	6.02818e-09	5.959363e-09	5.958571e-09	1.128206e-09	1.04408e-09	1.043624e-09	1.037842e-09	2.894965e-11	4.742313e-12	4.580149e-12	4.425536e-12	4.403619e-12	4.397616e-12	4.330082e-12	4.328965e-12	4.327502e-12	4.327502e-12	NA	NA
29	0.1983296	0.001413632	3.142906e-05	2.504021e-05	2.425346e-05	2.321258e-06	2.190773e-06	2.167533e-06	2.080793e-06	2.08704e-08	2.067822e-08	2.622416e-09	2.308276e-09	2.277041e-09	2.276672e-09	1.050173e-09	1.040933e-09	1.040722e-09	1.035198e-09	2.64672e-11	2.269832e-12	2.145632e-12	2.009653e-12	1.992724e-12	1.98672e-12	1.953798e-12	1.953449e-12	1.953304e-12	1.953304e-12	NA
30	0.2701905	0.159457	0.001076844	1.302704e-05	7.609124e-06	7.009433e-06	2.194395e-06	2.170812e-06	2.150618e-06	2.06437e-06	2.021444e-08	2.010083e-08	2.090869e-09	1.900506e-09	1.895444e-09	1.895378e-09	9.976085e-10	9.947724e-10	9.947312e-10	9.894246e-10	2.4749e-11	5.615555e-13	4.638029e-13	3.40802e-13	3.273465e-13	3.213436e-13	2.998796e-13	2.998285e-13	2.997895e-13	2.997895e-13
31	0.1690098	0.08950559	0.02313952	3.256239e-05	2.467642e-06	2.197476e-06	1.830719e-06	1.721192e-07	1.625203e-07	1.523873e-07	6.623625e-08	1.823441e-08	1.8218e-08	2.21382e-10	4.320904e-11	4.130206e-11	4.127592e-11	3.120095e-11	2.88832e-11	2.886252e-11	2.357833e-11	2.353794e-11	3.568074e-13	2.622407e-13	1.408027e-13	1.277654e-13	1.217625e-13	1.007001e-13	1.006747e-13	1.006659e-13
32	0.3326391	0.09601537	0.02202888	0.000422321	4.286769e-06	1.055267e-06	1.019007e-06	6.968948e-07	1.09531e-07	1.052146e-07	1.048281e-07	1.876742e-08	1.812104e-08	1.811036e-08	1.181647e-10	1.463795e-11	1.404868e-11	1.404531e-11	6.12062e-12	5.662781e-12	5.650558e-12	3.74837e-13	3.519385e-13	2.726124e-13	1.793573e-13	5.856314e-14	4.569816e-14	3.96953e-14	1.867189e-14	1.864669e-14
33	0.1203704	0.1153023	0.02660181	0.01533263	0.0002619729	1.75074e-06	3.772481e-07	3.642567e-07	3.527296e-07	2.117954e-09	7.999099e-10	6.947339e-10	6.724154e-10	1.220994e-10	1.204772e-10	1.175418e-10	1.42345e-11	1.369397e-11	1.369078e-11	5.801696e-12	5.344292e-12	5.339612e-12	1.590684e-13	1.364843e-13	5.730424e-14	5.684948e-14	5.197302e-14	4.136026e-14	3.881944e-14	1.779603e-14
34	0.4869826	0.1140858	0.1109835	0.02650425	0.01528352	0.0002540682	7.692709e-07	3.678801e-07	3.553262e-07	3.439245e-07	1.534277e-09	2.697871e-10	1.802231e-10	1.582555e-10	2.152528e-11	1.994545e-11	1.703657e-11	1.376853e-11	1.324232e-11	1.32393e-11	5.375253e-12	5.265401e-12	5.260807e-12	8.035093e-14	5.781342e-14	5.642124e-14	5.597994e-14	5.111011e-14	4.049912e-14	3.79583e-14
35	0.2615124	0.1671824	0.1064749	0.1036939	0.01998647	0.01517568	0.0002367978	6.661415e-07	3.235428e-07	3.14627e-07	3.084981e-07	1.396838e-09	2.353645e-10	1.584339e-10	1.434934e-10	1.809121e-11	1.726784e-11	1.672936e-11	1.350283e-11	1.31574e-11	1.31544e-11	5.296062e-12	5.186266e-12	5.182851e-12	6.232666e-14	3.979936e-14	3.841246e-14	3.813457e-14	3.796406e-14	3.789196e-14
36	0.983314	0.2601371	0.1667822	0.1062923	0.1035157	0.01994633	0.01517357	0.0002362398	6.650743e-07	3.230752e-07	3.141781e-07	3.080544e-07	1.394728e-09	2.351431e-10	1.582616e-10	1.433351e-10	1.808663e-11	1.726456e-11	1.672714e-11	1.350145e-11	1.315654e-11	1.315355e-11	5.295939e-12	5.186145e-12	5.182732e-12	6.221177e-14	3.9759e-14	3.837214e-14	3.809471e-14	3.792442e-14
37	0.6594306	0.6592545	0.2346611	0.1414042	0.1014385	0.09868747	0.01574671	0.01503493	0.0001057834	3.950156e-07	1.585962e-07	1.500136e-07	1.43905e-07	1.242846e-09	1.837357e-10	1.120744e-10	9.720498e-11	1.530054e-11	1.451205e-11	1.397833e-11	1.32451e-11	1.290214e-11	1.289917e-11	5.27309e-12	5.165179e-12	5.161779e-12	4.127013e-14	1.887877e-14	1.750219e-14	1.722661e-14
38	0.6794491	0.6553465	0.6551731	0.2343344	0.1411012	0.1011703	0.09842721	0.01573917	0.01503323	0.0001054317	3.938644e-07	1.579874e-07	1.494284e-07	1.43326e-07	1.239125e-09	1.833489e-10	1.117908e-10	9.694133e-11	1.528365e-11	1.449778e-11	1.396574e-11	1.323386e-11	1.289176e-11	1.28888e-11	5.26394e-12	5.156033e-12	5.152638e-12	3.213528e-14	1.881406e-14	1.743756e-14
39	0.275842	0.2718836	0.2487974	0.2486687	0.2209069	0.1289243	0.1010126	0.09827451	0.01572931	0.01503077	0.0001040049	3.900737e-07	1.558099e-07	1.472649e-07	1.411707e-07	1.228639e-09	1.757957e-10	1.044887e-10	8.965227e-11	8.792225e-12	8.008564e-12	7.477392e-12	7.104407e-12	6.762762e-12	6.759806e-12	5.158873e-12	5.155623e-12	5.152231e-12	3.173133e-14	1.841533e-14
40	0.9990269	0.2757526	0.2717943	0.2487939	0.2486654	0.2209051	0.1289226	0.1010109	0.09827284	0.01572928	0.01503075	0.0001040025	3.900655e-07	1.558053e-07	1.472605e-07	1.411664e-07	1.228614e-09	1.757932e-10	1.044868e-10	8.965052e-11	8.792159e-12	8.008513e-12	7.477353e-12	7.104378e-12	6.762738e-12	6.759783e-12	5.158858e-12	5.155608e-12	5.152217e-12	3.171661e-14
41	0.9999886	0.9990155	0.2757444	0.2717862	0.2487928	0.2486643	0.2209045	0.128922	0.1010103	0.0982723	0.01572926	0.01503075	0.0001040014	3.900622e-07	1.558035e-07	1.472588e-07	1.411646e-07	1.228606e-09	1.757922e-10	1.04486e-10	8.964981e-11	8.792121e-12	8.00848e-12	7.477325e-12	7.104353e-12	6.762716e-12	6.759761e-12	5.158839e-12	5.155589e-12	5.152198e-12
42	0.4626711	0.4626602	0.4616902	0.1424698	0.1385247	0.1284567	0.1283405	0.1124624	0.1123127	0.08573149	0.08320932	0.0009618147	0.0003073839	0.0001037311	3.504325e-07	1.471613e-07	1.415148e-07	1.401327e-07	1.14272e-09	9.414324e-11	6.985247e-11	6.499213e-11	3.4641e-12	2.727123e-12	2.272156e-12	1.902252e-12	1.640792e-12	1.637846e-12	3.814519e-14	3.489855e-14
43	0.05210894	0.04884351	0.04883841	0.04871919	0.03744172	0.03730972	0.03597719	0.03594243	0.02752402	0.0275011	0.002894735	0.002802957	3.157909e-05	8.862897e-06	2.077852e-06	8.706604e-08	6.504357e-09	6.016533e-09	5.963647e-09	4.190296e-11	6.804465e-12	5.168071e-12	5.00414e-12	8.63174e-14	6.080682e-14	4.424426e-14	2.498131e-14	1.613588e-14	1.60339e-14	4.161765e-15
44	0.1119233	0.009759499	0.009581538	0.009576697	0.009470344	0.002950403	0.002875963	0.001697107	0.001693845	0.001653973	0.001647921	0.001645209	0.001590202	1.801218e-05	4.828639e-06	1.107128e-06	5.282732e-09	2.975624e-09	2.567308e-09	2.535254e-09	2.201628e-11	2.211332e-12	1.199605e-12	1.108497e-12	4.327068e-14	2.857914e-14	1.872088e-14	1.209187e-14	7.058916e-15	7.000226e-15
45	0.01739241	0.01147465	0.009338874	0.00921753	0.00921269	0.009106399	0.002837326	0.002763162	0.001600889	0.001597658	0.001564895	0.001560998	0.001558415	0.001512212	1.678455e-05	4.806505e-06	1.102504e-06	4.95024e-09	2.652364e-09	2.551624e-09	2.524208e-09	2.069364e-11	1.619727e-12	1.190218e-12	1.101098e-12	4.030132e-14	2.689191e-14	1.863313e-14	1.202963e-14	7.017016e-15
46	0.4194342	0.01589911	0.01003798	0.007945043	0.007825133	0.007820293	0.007714004	0.001918929	0.001844773	0.001598745	0.001595515	0.001562816	0.001560235	0.00155766	0.001511889	1.668931e-05	4.804445e-06	1.102367e-06	4.943309e-09	2.64595e-09	2.548865e-09	2.523808e-09	2.068063e-11	1.613982e-12	1.188998e-12	1.100635e-12	3.999473e-14	2.661796e-14	1.837099e-14	1.176841e-14
47	0.4870034	0.4188982	0.01578894	0.009928716	0.007841006	0.007721281	0.007721141	0.007705128	0.001913891	0.001842152	0.001596273	0.001594208	0.001562456	0.00156007	0.00155751	0.001511789	1.668758e-05	4.803715e-06	1.102294e-06	4.942864e-09	2.645656e-09	2.548631e-09	2.523642e-09	2.067909e-11	1.613754e-12	1.188887e-12	1.100552e-12	3.998131e-14	2.661062e-14	1.836476e-14
48	0.4355367	0.4275298	0.4024011	0.006237532	0.000407362	0.0002917475	0.0002629369	0.0002628973	0.0002625184	0.0001272221	0.0001255547	3.974821e-05	3.917836e-05	3.651486e-05	3.645026e-05	3.606264e-05	3.500282e-05	3.864694e-07	1.112199e-07	2.551941e-08	1.147508e-10	6.127072e-11	5.902314e-11	5.844333e-11	4.788993e-13	3.747827e-14	2.763729e-14	2.559172e-14	9.37614e-16	6.280045e-16
49	0.0194722	0.01850446	0.01400919	0.006007692	0.00599767	0.0001686099	0.0001008553	8.792259e-05	8.788532e-05	8.787173e-05	8.47321e-05	8.470186e-05	2.640345e-06	2.105409e-06	5.264073e-07	5.219596e-07	5.129813e-07	4.977966e-07	5.592961e-09	1.582174e-09	3.641866e-10	1.62855e-12	8.722906e-13	8.391859e-13	8.297563e-13	6.80974e-15	5.353759e-16	3.91452e-16	3.620189e-16	1.320303e-17
50	0.01281919	0.01257374	0.01230845	0.008038465	7.208334e-05	6.385833e-05	6.26277e-05	1.719852e-05	4.27565e-06	4.238388e-06	4.226532e-06	2.768283e-06	2.7458e-06	2.465282e-06	1.930511e-06	3.560359e-07	3.525554e-07	3.438354e-07	3.337303e-07	3.687009e-09	1.062428e-09	2.451116e-10	1.092186e-12	5.840849e-13	5.626546e-13	5.570954e-13	4.565118e-15	3.564502e-16	2.625931e-16	2.430761e-16
51	0.02927933	0.01240891	0.01233532	0.01221144	0.007944642	2.50004e-05	1.725694e-05	1.724753e-05	1.658105e-05	3.661063e-06	3.661041e-06	3.65755e-06	2.218966e-06	2.20332e-06	1.924657e-06	1.924323e-06	3.515026e-07	3.482526e-07	3.39712e-07	3.29736e-07	3.64163e-09	1.049561e-09	2.422007e-10	1.079111e-12	5.770769e-13	5.559114e-13	5.504301e-13	4.510429e-15	3.521191e-16	2.594458e-16
52	0.4380524	0.009003521	0.0007848747	0.0007418809	0.0006483316	0.000644015	9.743206e-06	3.311158e-06	3.307016e-06	2.981815e-06	2.294161e-06	2.294156e-06	2.29337e-06	1.833507e-06	1.829987e-06	1.579024e-06	1.578949e-06	8.735873e-08	8.451303e-08	7.643648e-08	7.418881e-08	8.207899e-10	2.375116e-10	5.582613e-11	2.436146e-13	1.298672e-13	1.251022e-13	1.238447e-13	1.014931e-15	7.935491e-17
53	0.9094534	0.4224022	0.006725168	0.0001423075	0.0001081839	2.33823e-05	2.096337e-05	4.819377e-06	2.252446e-06	2.249783e-06	2.012557e-06	1.960685e-06	1.960685e-06	1.960596e-06	1.752939e-06	1.752544e-06	1.508721e-06	1.508712e-06	1.92427e-08	1.650202e-08	8.591561e-09	8.335622e-09	9.215624e-11	2.65343e-11	6.078012e-12	2.819102e-14	1.462607e-14	1.408724e-14	1.391818e-14	1.140859e-16
54	0.89111	0.8247582	0.4166165	0.005159429	0.0001252664	9.219762e-05	9.570819e-06	7.750575e-06	2.19804e-06	2.129433e-06	2.126972e-06	1.894185e-06	1.891818e-06	1.891818e-06	1.891764e-06	1.696528e-06	1.696287e-06	1.452824e-06	1.452819e-06	9.000702e-09	6.282231e-09	5.25105e-09	5.093423e-09	5.634597e-11	1.623104e-11	3.713639e-12	1.686516e-14	8.94832e-15	8.617658e-15	8.502256e-15
55	0.4273631	0.4268478	0.4260679	0.4164187	0.005119471	9.998524e-05	8.796573e-05	8.851444e-06	7.080919e-06	1.54443e-06	1.483017e-06	1.482752e-06	1.47418e-06	1.471832e-06	1.471832e-06	1.471781e-06	1.453257e-06	1.453029e-06	1.452418e-06	1.452413e-06	8.606273e-09	5.983639e-09	4.958063e-09	4.811721e-09	5.315911e-11	1.530383e-11	3.508422e-12	1.592388e-14	8.434694e-15	8.124987e-15
56	0.9336171	0.4270023	0.4264943	0.4257422	0.4161553	0.005106838	9.984453e-05	8.788139e-05	8.778366e-06	7.025609e-06	1.536567e-06	1.478198e-06	1.477944e-06	1.470066e-06	1.468794e-06	1.468794e-06	1.468748e-06	1.452216e-06	1.452013e-06	1.451458e-06	1.451454e-06	8.065697e-09	5.443922e-09	4.422263e-09	4.291649e-09	4.741829e-11	1.365119e-11	3.129111e-12	1.422153e-14	7.524545e-15
57	0.5886561	0.5222732	0.01703545	0.01652778	0.01577568	0.006188783	0.005105573	9.857927e-05	8.661613e-05	7.513102e-06	7.025609e-06	1.536567e-06	1.478198e-06	1.477944e-06	1.470066e-06	1.468794e-06	1.468794e-06	1.468748e-06	1.452216e-06	1.452013e-06	1.451458e-06	1.451454e-06	8.065697e-09	5.443922e-09	4.422263e-09	4.291649e-09	4.741829e-11	1.365119e-11	3.129111e-12	1.422153e-14
58	0.1708644	0.1708254	0.110946	0.006196058	0.005695819	0.004960645	0.001466852	0.001313614	9.587605e-05	8.44753e-05	5.517944e-06	5.418242e-06	4.759961e-08	1.08531e-08	1.067272e-08	7.520712e-09	7.448841e-09	7.44879e-09	7.44081e-09	4.458061e-09	4.422294e-09	4.25144e-09	4.250677e-09	3.672647e-09	1.05653e-09	7.775682e-10	7.539907e-10	8.368551e-12	2.410204e-12	5.496716e-13
59	0.1686513	0.1652246	0.1651935	0.1065863	0.003175555	0.002926883	0.002380494	0.001450744	0.001302395	8.530175e-05	8.305218e-05	5.512132e-06	5.413493e-06	4.346996e-08	6.92519e-09	6.777105e-09	4.674132e-09	4.615902e-09	4.615853e-09	4.608126e-09	1.793906e-09	1.759278e-09	1.649136e-09	1.648397e-09	1.070941e-09	1.031254e-09	7.52425e-10	7.29934e-10	8.097127e-12	2.332717e-12
60	0.4969988	0.08020653	0.07834521	0.07833567	0.0197474	0.001927318	0.001678699	0.001132387	0.0002179207	9.830406e-05	8.524851e-05	8.301397e-05	5.476868e-06	5.385404e-06	1.957607e-08	5.43637e-09	5.291277e-09	3.374661e-09	3.329638e-09	3.329598e-09	3.323348e-09	1.043372e-09	1.015362e-09	9.203432e-10	9.197458e-10	8.414707e-10	8.020057e-10	6.087152e-10	5.904441e-10	6.557341e-12
61	0.1000104	0.096196	0.07852547	0.07731606	0.07730839	0.01885187	0.00106373	0.001055411	0.001027786	0.0001429675	2.346103e-05	1.042718e-05	1.030563e-05	5.476711e-06	5.385262e-06	1.944875e-08	5.311826e-09	5.240628e-09	3.338394e-09	3.293407e-09	3.293367e-09	3.287123e-09	1.026846e-09	9.988624e-10	9.187036e-10	9.181067e-10	8.398424e-10	8.01262e-10	6.079723e-10	5.898698e-10
62	0.6041892	0.09866402	0.09485013	0.07852479	0.07731594	0.07730828	0.01885177	0.001063645	0.001055326	0.001027701	0.0001428827	2.338222e-05	1.034837e-05	1.022682e-05	5.397896e-06	5.385262e-06	1.944875e-08	5.311826e-09	5.240628e-09	3.338394e-09	3.293407e-09	3.293367e-09	3.287123e-09	1.026846e-09	9.988624e-10	9.187036e-10	9.181067e-10	8.398424e-10	8.01262e-10	6.079723e-10
63	0.8503041	0.4545613	0.03509993	0.03399245	0.01811544	0.01810111	0.01809348	0.01800004	0.0002204555	0.0002147228	0.0001946018	0.000137999	1.849869e-05	5.471855e-06	5.408068e-06	5.396691e-06	5.38408e-06	1.826956e-08	4.132922e-09	4.07563e-09	3.283112e-09	3.238278e-09	3.238238e-09	3.231994e-09	9.729982e-10	9.450143e-10	8.809294e-10	8.803325e-10	8.020682e-10	8.010485e-10
64	0.434833	0.4279078	0.4276518	0.01994574	0.01890191	0.01618293	0.01617531	0.01617525	0.01608546	0.0002133434	0.0002076256	0.0001875131	0.0001309136	1.314517e-05	1.200522e-07	5.626487e-08	4.489114e-08	3.293205e-08	1.815885e-08	4.102959e-09	4.045669e-09	3.253152e-09	3.212061e-09	3.212021e-09	3.205777e-09	9.467815e-10	9.187976e-10	8.547128e-10	8.541158e-10	8.009291e-10
65	0.473754	0.4129647	0.4084663	0.4084458	0.001455324	0.0004129858	0.0003080648	0.0003058897	0.0003058391	0.0002792264	0.0002130535	0.0002073614	0.0001873272	0.0001307702	1.300385e-05	1.083521e-07	4.456767e-08	3.329084e-08	2.137314e-08	6.629977e-09	3.863096e-09	3.805869e-09	3.013377e-09	2.979124e-09	2.979084e-09	2.972841e-09	7.138494e-10	6.858655e-10	6.217806e-10	6.211837e-10
66	0.4150314	0.4141285	0.4126679	0.4082695	0.4082498	0.001423958	0.0003856056	0.0002813416	0.000279738	0.0002796874	0.0002535371	0.0001874068	0.0001872648	0.0001870517	0.0001307695	1.300322e-05	1.077339e-07	4.446865e-08	3.323825e-08	2.132106e-08	6.579569e-09	3.812821e-09	3.800765e-09	3.01286e-09	2.978608e-09	2.978568e-09	2.972324e-09	7.135055e-10	6.855216e-10	6.215517e-10
67	0.4303028	0.4148952	0.4140028	0.4126645	0.4082673	0.4082476	0.001423129	0.0003852215	0.0002809807	0.0002795378	0.0002794873	0.0002534629	0.0001873389	0.0001872083	0.0001870306	0.0001307694	1.300321e-05	1.077275e-07	4.446368e-08	3.323756e-08	2.132047e-08	6.579013e-09	3.812273e-09	3.800305e-09	3.012741e-09	2.97849e-09	2.97845e-09	2.972206e-09	7.134459e-10	6.85462e-10
