#unpaired probabilities
 #i$	l=1	2	3	4	5	6	7	8	9	10	11	12	13	14	15	16	17	18	19	20	21	22	23	
1	0.7650579	NA	NA	NA	NA	NA	NA	NA	NA	NA	NA	NA	NA	NA	NA	NA	NA	NA	NA	NA	NA	NA	NA
2	1	0.7650579	NA	NA	NA	NA	NA	NA	NA	NA	NA	NA	NA	NA	NA	NA	NA	NA	NA	NA	NA	NA	NA
3	0.8847555	0.8847555	0.6604132	NA	NA	NA	NA	NA	NA	NA	NA	NA	NA	NA	NA	NA	NA	NA	NA	NA	NA	NA	NA
4	0.02827625	0.02785847	0.02785847	0.02733342	NA	NA	NA	NA	NA	NA	NA	NA	NA	NA	NA	NA	NA	NA	NA	NA	NA	NA	NA
5	0.02496831	0.02232942	0.02231377	0.02231377	0.02185937	NA	NA	NA	NA	NA	NA	NA	NA	NA	NA	NA	NA	NA	NA	NA	NA	NA	NA
6	0.02953877	0.02386136	0.02175695	0.02174517	0.02174517	0.02173501	NA	NA	NA	NA	NA	NA	NA	NA	NA	NA	NA	NA	NA	NA	NA	NA	NA
7	1	0.02953877	0.02386136	0.02175695	0.02174517	0.02174517	0.02173501	NA	NA	NA	NA	NA	NA	NA	NA	NA	NA	NA	NA	NA	NA	NA	NA
8	0.5383421	0.5383421	0.02615412	0.02356743	0.02159373	0.0215824	0.0215824	0.02157255	NA	NA	NA	NA	NA	NA	NA	NA	NA	NA	NA	NA	NA	NA	NA
9	1	0.5383421	0.5383421	0.02615412	0.02356743	0.02159373	0.0215824	0.0215824	0.02157255	NA	NA	NA	NA	NA	NA	NA	NA	NA	NA	NA	NA	NA	NA
10	0.812045	0.812045	0.4241637	0.4241637	0.02083691	0.01973224	0.01785479	0.01784382	0.01784382	0.01783406	NA	NA	NA	NA	NA	NA	NA	NA	NA	NA	NA	NA	NA
11	1	0.812045	0.812045	0.4241637	0.4241637	0.02083691	0.01973224	0.01785479	0.01784382	0.01784382	0.01783406	NA	NA	NA	NA	NA	NA	NA	NA	NA	NA	NA	NA
12	0.9920073	0.9920073	0.8061795	0.8061795	0.4183091	0.4183091	0.01549543	0.01448104	0.01396257	0.01395213	0.01395213	0.01394263	NA	NA	NA	NA	NA	NA	NA	NA	NA	NA	NA
13	0.9555119	0.9550269	0.9550269	0.7727604	0.7727604	0.405514	0.405514	0.003049293	0.002048329	0.001530155	0.001525062	0.001525062	0.001517624	NA	NA	NA	NA	NA	NA	NA	NA	NA	NA
14	0.6405366	0.6185973	0.61816	0.61816	0.6004953	0.6004953	0.4053552	0.4053552	0.002893901	0.001893321	0.001375185	0.001373246	0.001373246	0.001370495	NA	NA	NA	NA	NA	NA	NA	NA	NA
15	0.9967234	0.6374376	0.6160949	0.6157503	0.6157503	0.5980924	0.5980924	0.4029522	0.4029522	0.002363696	0.001366238	0.001361494	0.001359556	0.001359556	0.001356806	NA	NA	NA	NA	NA	NA	NA	NA
16	0.7123764	0.7098084	0.4242594	0.4030013	0.4029684	0.4029684	0.4029494	0.4029494	0.4029467	0.4029467	0.002358192	0.001360734	0.001355991	0.001355541	0.001355541	0.001355211	NA	NA	NA	NA	NA	NA	NA
17	0.5042562	0.2779758	0.2778187	0.1568319	0.1543073	0.154284	0.154284	0.1542668	0.1542668	0.1542643	0.1542643	0.001891356	0.001242411	0.001239045	0.001238597	0.001238597	0.001238269	NA	NA	NA	NA	NA	NA
18	0.0301618	0.02902541	0.02554372	0.02547243	0.003328856	0.002252543	0.002235796	0.002235796	0.002218941	0.002218941	0.002216456	0.002216456	0.001511537	0.001238788	0.001236425	0.001235978	0.001235978	0.001235649	NA	NA	NA	NA	NA
19	0.01128917	0.005007331	0.0047596	0.003971474	0.003938772	0.002356266	0.0012996	0.001285755	0.001285755	0.00126916	0.00126916	0.001266675	0.001266675	0.001239221	0.00123731	0.001236226	0.001235779	0.001235779	0.00123545	NA	NA	NA	NA
20	0.5029196	0.01022431	0.004825432	0.004578264	0.003809893	0.003777371	0.002338067	0.001294989	0.001281166	0.001281166	0.001264576	0.001264576	0.001262091	0.001262091	0.001236935	0.001236226	0.001236226	0.001235779	0.001235779	0.00123545	NA	NA	NA
21	1	0.5029196	0.01022431	0.004825432	0.004578264	0.003809893	0.003777371	0.002338067	0.001294989	0.001281166	0.001281166	0.001264576	0.001264576	0.001262091	0.001262091	0.001236935	0.001236226	0.001236226	0.001235779	0.001235779	0.00123545	NA	NA
22	0.7134913	0.7134913	0.3332292	0.009643512	0.004604178	0.004552748	0.003785022	0.003773536	0.002334398	0.001291442	0.001278961	0.001278961	0.001263329	0.001263329	0.001261461	0.001261461	0.001236305	0.001235596	0.001235596	0.001235551	0.001235551	0.00123545	NA
23	0.9328585	0.6560906	0.6560906	0.3314146	0.009613121	0.0045937	0.004550442	0.003782896	0.003772543	0.002333427	0.001290498	0.001278163	0.001278163	0.00126291	0.00126291	0.001261315	0.001261315	0.001236159	0.00123545	0.00123545	0.00123545	0.00123545	0.00123545
