#unpaired probabilities
 #i$	l=1	2	3	4	5	6	7	8	9	10	11	12	13	14	15	
1	0.1275554	NA	NA	NA	NA	NA	NA	NA	NA	NA	NA	NA	NA	NA	NA
2	0.1369335	0.1222782	NA	NA	NA	NA	NA	NA	NA	NA	NA	NA	NA	NA	NA
3	0.9986487	0.1356623	0.1222527	NA	NA	NA	NA	NA	NA	NA	NA	NA	NA	NA	NA
4	0.5642145	0.5628633	0.1299086	0.1194402	NA	NA	NA	NA	NA	NA	NA	NA	NA	NA	NA
5	1	0.5642145	0.5628633	0.1299086	0.1194402	NA	NA	NA	NA	NA	NA	NA	NA	NA	NA
6	0.991797	0.991797	0.5563961	0.5550448	0.1233071	0.1182621	NA	NA	NA	NA	NA	NA	NA	NA	NA
7	0.9970119	0.9896117	0.9896117	0.5542143	0.5542143	0.1225379	0.1175283	NA	NA	NA	NA	NA	NA	NA	NA
8	0.9992169	0.9966532	0.9892804	0.9892804	0.5538834	0.5538834	0.122207	0.1171975	NA	NA	NA	NA	NA	NA	NA
9	0.5607378	0.5599651	0.5586747	0.5513121	0.5513121	0.5475572	0.5475572	0.1181783	0.1170465	NA	NA	NA	NA	NA	NA
10	0.9990804	0.5598272	0.5590545	0.5577651	0.5511838	0.5511838	0.5474289	0.5474289	0.11805	0.1169182	NA	NA	NA	NA	NA
11	0.1393759	0.1389051	0.128768	0.1279953	0.1267736	0.1201924	0.1201924	0.1181468	0.1181468	0.1175801	0.1169182	NA	NA	NA	NA
12	0.1365553	0.1336447	0.1333887	0.1249861	0.1248679	0.123647	0.1170663	0.1170663	0.1170409	0.1170409	0.1170273	0.1169182	NA	NA	NA
13	0.9982226	0.1352101	0.1322995	0.1320436	0.1238132	0.123695	0.1225174	0.1170663	0.1170663	0.1170409	0.1170409	0.1170273	0.1169182	NA	NA
14	0.9996915	0.9979168	0.134906	0.1319954	0.1317395	0.1235091	0.1233909	0.1225174	0.1170663	0.1170663	0.1170409	0.1170409	0.1170273	0.1169182	NA
15	0.9980856	0.9977788	0.9960894	0.1344657	0.131577	0.1314679	0.1232428	0.1232428	0.1223694	0.1169182	0.1169182	0.1169182	0.1169182	0.1169182	0.1169182
