#unpaired probabilities
 #i$	l=1	2	3	4	5	6	7	8	9	10	11	12	13	14	15	16	17	18	19	20	21	22	23	24	25	26	27	28	29	30	
1	0.9929877	NA	NA	NA	NA	NA	NA	NA	NA	NA	NA	NA	NA	NA	NA	NA	NA	NA	NA	NA	NA	NA	NA	NA	NA	NA	NA	NA	NA	NA
2	0.9577407	0.9388316	NA	NA	NA	NA	NA	NA	NA	NA	NA	NA	NA	NA	NA	NA	NA	NA	NA	NA	NA	NA	NA	NA	NA	NA	NA	NA	NA	NA
3	0.9941232	0.9521276	0.9330911	NA	NA	NA	NA	NA	NA	NA	NA	NA	NA	NA	NA	NA	NA	NA	NA	NA	NA	NA	NA	NA	NA	NA	NA	NA	NA	NA
4	0.8949105	0.8795739	0.8517735	0.8175449	NA	NA	NA	NA	NA	NA	NA	NA	NA	NA	NA	NA	NA	NA	NA	NA	NA	NA	NA	NA	NA	NA	NA	NA	NA	NA
5	0.8983559	0.8753297	0.8582868	0.8291272	0.7904433	NA	NA	NA	NA	NA	NA	NA	NA	NA	NA	NA	NA	NA	NA	NA	NA	NA	NA	NA	NA	NA	NA	NA	NA	NA
6	0.9378688	0.8747498	0.8620287	0.841683	0.8057782	0.7569923	NA	NA	NA	NA	NA	NA	NA	NA	NA	NA	NA	NA	NA	NA	NA	NA	NA	NA	NA	NA	NA	NA	NA	NA
7	0.9662307	0.9279067	0.8664053	0.8548127	0.8344601	0.7980722	0.7489271	NA	NA	NA	NA	NA	NA	NA	NA	NA	NA	NA	NA	NA	NA	NA	NA	NA	NA	NA	NA	NA	NA	NA
8	0.9376823	0.9125074	0.9042483	0.8496745	0.8437443	0.8218555	0.7799304	0.723647	NA	NA	NA	NA	NA	NA	NA	NA	NA	NA	NA	NA	NA	NA	NA	NA	NA	NA	NA	NA	NA	NA
9	0.9423128	0.930321	0.905252	0.9007597	0.8470321	0.8414355	0.820313	0.7776703	0.7208977	NA	NA	NA	NA	NA	NA	NA	NA	NA	NA	NA	NA	NA	NA	NA	NA	NA	NA	NA	NA	NA
10	0.8879195	0.8763467	0.860809	0.8372088	0.8277547	0.8258315	0.8204753	0.7996262	0.7578245	0.701861	NA	NA	NA	NA	NA	NA	NA	NA	NA	NA	NA	NA	NA	NA	NA	NA	NA	NA	NA	NA
11	0.9701617	0.8871282	0.8755114	0.8599357	0.8363162	0.827566	0.8256139	0.8203778	0.7995084	0.7577808	0.7018101	NA	NA	NA	NA	NA	NA	NA	NA	NA	NA	NA	NA	NA	NA	NA	NA	NA	NA	NA
12	0.9687555	0.937464	0.8770991	0.8650025	0.8490595	0.8332199	0.825256	0.8233665	0.8184641	0.7973409	0.7563478	0.7002888	NA	NA	NA	NA	NA	NA	NA	NA	NA	NA	NA	NA	NA	NA	NA	NA	NA	NA
13	0.1167158	0.1204971	0.1193291	0.1248226	0.1258751	0.1177453	0.1113816	0.1054326	0.09723991	0.08494506	0.06247622	0.08038002	0.08906426	NA	NA	NA	NA	NA	NA	NA	NA	NA	NA	NA	NA	NA	NA	NA	NA	NA
14	0.05656293	0.02471714	0.0257015	0.02530791	0.02593382	0.02574482	0.02282929	0.02198058	0.02154547	0.02097469	0.02027836	0.01904858	0.02610238	0.02736781	NA	NA	NA	NA	NA	NA	NA	NA	NA	NA	NA	NA	NA	NA	NA	NA
15	0.01641659	0.01072553	0.002704777	0.002650426	0.002766074	0.002911481	0.003049819	0.001240826	0.0009692343	0.000895802	0.0007821895	0.0007255555	0.0007584337	0.0008583491	0.0009705282	NA	NA	NA	NA	NA	NA	NA	NA	NA	NA	NA	NA	NA	NA	NA
16	0.0713491	0.01372645	0.009243754	0.002346915	0.002482373	0.002609148	0.0027558	0.002891967	0.001083019	0.0008074919	0.0007272513	0.0006566626	0.0005973412	0.0006254093	0.0006970017	0.0008075544	NA	NA	NA	NA	NA	NA	NA	NA	NA	NA	NA	NA	NA	NA
17	0.1880896	0.07108917	0.01368075	0.009196787	0.002296844	0.002428225	0.002550192	0.002712735	0.002887426	0.001079888	0.0008048139	0.0007252438	0.000655125	0.0005963125	0.0006241879	0.0006952999	0.0008050996	NA	NA	NA	NA	NA	NA	NA	NA	NA	NA	NA	NA	NA
18	0.5740838	0.1508608	0.05969869	0.01250353	0.008927576	0.002199895	0.002332552	0.002470514	0.002630828	0.002807033	0.001000145	0.0007250474	0.000645323	0.0005748063	0.0005154494	0.0005432162	0.0006208185	0.0007363659	NA	NA	NA	NA	NA	NA	NA	NA	NA	NA	NA	NA
19	0.5853596	0.1817463	0.135824	0.054947	0.01197174	0.008796722	0.00213806	0.002269394	0.002418902	0.002578374	0.002754289	0.0009475451	0.000672287	0.000592069	0.0005206623	0.0004595945	0.0004843782	0.0005508949	0.0006501108	NA	NA	NA	NA	NA	NA	NA	NA	NA	NA	NA
20	0.3058142	0.2174219	0.1686499	0.1316578	0.05375851	0.01087406	0.00762782	0.000880214	0.0009067746	0.00093254	0.0009436562	0.0009574869	0.0009451875	0.0006699176	0.0005897348	0.0005182572	0.0004570604	0.0004815392	0.0005468387	0.0006443744	NA	NA	NA	NA	NA	NA	NA	NA	NA	NA
21	0.06689514	0.05517158	0.04254003	0.02852011	0.01567221	0.01117328	0.006719868	0.00658829	0.0004260572	0.0004469815	0.0004711619	0.0004890897	0.0004892566	0.0004582248	0.0003923587	0.0003133377	0.0002397616	0.0001756908	0.0001982107	0.0002827792	0.0004003149	NA	NA	NA	NA	NA	NA	NA	NA	NA
22	0.101771	0.05380228	0.04410712	0.03389743	0.02212207	0.01139504	0.008818424	0.006483215	0.006511252	0.0003779407	0.0003962432	0.0004187495	0.0004337651	0.00043301	0.0004052329	0.000341915	0.0002667956	0.0001967851	0.0001381328	0.0001706157	0.0002472953	0.0003577093	NA	NA	NA	NA	NA	NA	NA	NA
23	0.109392	0.07058562	0.04039943	0.03240051	0.02379434	0.01366138	0.004283533	0.002274971	0.0004543793	0.0003505767	0.0003407635	0.0003623721	0.0003842729	0.0003981883	0.0003966966	0.0003716322	0.0003104923	0.0002380303	0.0001709276	0.0001128598	0.0001424351	0.0002084255	0.0003062518	NA	NA	NA	NA	NA	NA	NA
24	0.1265813	0.08995786	0.05995965	0.03375333	0.02676359	0.01920979	0.01010749	0.003551899	0.001888356	0.0004015511	0.0003228997	0.0003217262	0.0003461311	0.0003675691	0.0003803598	0.0003783041	0.0003533724	0.000292565	0.0002204226	0.0001543928	9.6093e-05	0.000123514	0.0001812589	0.0002677112	NA	NA	NA	NA	NA	NA
25	0.778057	0.1238284	0.08815652	0.05829804	0.03220503	0.02519748	0.01763214	0.01000012	0.003512437	0.001870362	0.0003982446	0.0003205917	0.0003194936	0.0003437252	0.0003649825	0.0003775914	0.0003757096	0.0003526424	0.0002918391	0.0002197074	0.0001536601	9.532295e-05	0.0001226429	0.0001800069	0.0002659318	NA	NA	NA	NA	NA
26	0.5141106	0.4399693	0.1223839	0.08735132	0.05776893	0.03173712	0.02472738	0.01715603	0.009527651	0.003028777	0.001863756	0.0003967129	0.0003192755	0.0003181486	0.0003422721	0.0003634108	0.000377063	0.0003751519	0.0003520667	0.0002915271	0.0002194198	0.0001533907	9.507049e-05	0.00012234	0.0001796207	0.0002653764	NA	NA	NA	NA
27	0.7427398	0.4164551	0.3440383	0.1209295	0.08654435	0.05734977	0.03148157	0.02450725	0.01697478	0.00938552	0.002921519	0.001805791	0.000381915	0.0003075128	0.0003062756	0.0003294488	0.0003494739	0.0003745843	0.0003724507	0.0003490958	0.0002911247	0.0002190099	0.0001529651	9.463674e-05	0.0001218758	0.0001791567	0.0002648799	NA	NA	NA
28	0.9703078	0.7371416	0.4131091	0.3415443	0.1206234	0.08634488	0.05720173	0.03137711	0.02441298	0.01692954	0.009354026	0.002902041	0.001793529	0.0003766869	0.0003025796	0.0003010949	0.000323843	0.0003433754	0.0003679541	0.0003652956	0.0003412113	0.0002909292	0.0002188185	0.0001527637	9.441927e-05	0.0001216308	0.0001788212	0.0002645076	NA	NA
29	0.9554694	0.9453201	0.722102	0.3980349	0.3269531	0.1199345	0.08590696	0.05693835	0.03121976	0.02428212	0.01683848	0.009294875	0.00287004	0.001776779	0.0003734794	0.000300362	0.0002989657	0.0003215561	0.0003409106	0.0003653807	0.0003625135	0.000338224	0.0002876108	0.0002183132	0.000152259	9.391481e-05	0.0001211274	0.0001781198	0.0002635959	NA
30	0.9008839	0.8813292	0.8741086	0.6747181	0.3607769	0.3221837	0.1186943	0.08488946	0.05607322	0.03096091	0.02411044	0.01670764	0.009204369	0.002822245	0.00175066	0.0003694107	0.0002980503	0.0002980068	0.0003206327	0.0003399884	0.0003643944	0.0003614807	0.000337175	0.0002865294	0.0002171745	0.0001515991	9.32666e-05	0.000120503	0.0001772579	0.0002624432
31	0.949914	0.8927392	0.8790029	0.8719121	0.6735958	0.3598011	0.321706	0.1186366	0.08486701	0.05605456	0.03094471	0.02409435	0.01669642	0.009198067	0.002816438	0.001744912	0.0003636513	0.0002919059	0.0002913951	0.0003134703	0.0003321755	0.000355824	0.000361416	0.0003371451	0.0002865076	0.0002171616	0.000151586	9.325404e-05	0.0001204895	0.0001772396
32	0.954311	0.9342881	0.8818843	0.8681352	0.8612276	0.6634101	0.3492868	0.3189881	0.1179235	0.0843148	0.05562045	0.03061649	0.02378903	0.01641953	0.009141363	0.00279435	0.001733611	0.0003619707	0.000290929	0.0002905113	0.0003125212	0.0003311649	0.0003547449	0.0003602606	0.0003366889	0.0002860504	0.0002166956	0.0001511029	9.274023e-05	0.0001199091
33	0.8289818	0.8339139	0.8294401	0.785844	0.7816567	0.7820204	0.5889876	0.2738018	0.2443687	0.07489669	0.05157369	0.03366398	0.01869728	0.01468068	0.01033676	0.006043774	0.002371793	0.001480508	0.0003320789	0.0002709431	0.0002721684	0.0002929576	0.0003115602	0.0003342297	0.0003383917	0.000312794	0.0002597232	0.0001870403	0.0001167047	5.112027e-05
34	0.6067278	0.5912546	0.603973	0.6156276	0.5880279	0.6012901	0.6123246	0.4370991	0.152834	0.1541996	0.01242801	0.008520001	0.00547287	0.003035714	0.002426286	0.001766253	0.00110457	0.0005177418	0.0002780702	3.479703e-05	1.527611e-05	9.737989e-06	1.026605e-05	1.062866e-05	1.102198e-05	1.132645e-05	1.06601e-05	9.865798e-06	8.910901e-06	7.886444e-06
35	0.6339915	0.5854012	0.5702761	0.5825709	0.5938841	0.5849069	0.5984202	0.609563	0.4346147	0.150918	0.1529019	0.01149119	0.007932617	0.005088074	0.002820943	0.002256579	0.001645467	0.001032052	0.0004863269	0.0002582272	2.907834e-05	1.02815e-05	4.587675e-06	4.715052e-06	4.709453e-06	4.898816e-06	5.164092e-06	5.055513e-06	5.390403e-06	5.917667e-06
36	0.3308389	0.3136484	0.2763137	0.2547654	0.2597018	0.2652447	0.2487894	0.2546838	0.2587998	0.1397916	0.1448265	0.149313	0.008877587	0.006227859	0.003894468	0.002050582	0.001596183	0.001106385	0.0006115707	0.0001752107	9.671224e-05	1.235621e-05	6.463673e-06	3.203812e-06	3.37147e-06	3.410759e-06	3.622062e-06	3.905192e-06	3.817708e-06	4.169952e-06
37	0.6726603	0.3261133	0.3088123	0.2713469	0.2496513	0.2544287	0.2598024	0.2485183	0.254404	0.2585223	0.1395075	0.1445327	0.1490079	0.008866214	0.006226694	0.003893428	0.00204963	0.001595225	0.001105442	0.0006106473	0.00017427	9.646155e-05	1.212062e-05	6.212699e-06	2.933793e-06	3.078963e-06	3.091716e-06	3.271221e-06	3.519195e-06	3.816667e-06
38	0.2365359	0.2188077	0.1941684	0.1799087	0.1453928	0.1211139	0.1227317	0.1251247	0.1279484	0.1311302	0.1329092	0.00990594	0.01001141	0.009222499	0.007633728	0.005542947	0.003413982	0.001738713	0.001327953	0.0008864808	0.0004388976	4.599846e-05	3.006753e-05	5.30022e-06	4.654352e-06	2.365394e-06	2.517405e-06	2.546761e-06	2.749458e-06	3.001524e-06
39	0.2692259	0.2327158	0.2161478	0.1923107	0.1782336	0.1439323	0.1196781	0.1212836	0.1236855	0.1270493	0.1302585	0.132086	0.009208285	0.009295547	0.008489054	0.00689645	0.005499785	0.003383934	0.001719771	0.001311946	0.0008737684	0.0004293886	3.943946e-05	2.658302e-05	4.913807e-06	4.531341e-06	2.289401e-06	2.437309e-06	2.463976e-06	2.662071e-06
40	0.01121584	0.006176812	0.004684135	0.004211675	0.003181751	0.002825288	0.002383028	0.002304222	0.001576632	0.001553046	0.001554607	0.001302168	0.00125858	0.001175258	0.001136985	0.0003586894	0.0002067015	0.0001720257	0.0001395908	5.355564e-05	4.426746e-05	3.512327e-05	1.404431e-05	4.111646e-06	2.210273e-06	2.503617e-07	1.084511e-07	8.312531e-08	8.646298e-08	8.856528e-08
41	0.2666823	0.004152233	0.00313535	0.002360751	0.002023435	0.001553481	0.001357549	0.001114011	0.001099847	0.001104849	0.001081283	0.001077835	0.001037433	0.001020624	0.0009850491	0.001016771	0.0002373777	9.812099e-05	7.518982e-05	5.493604e-05	3.671404e-05	3.179436e-05	2.674102e-05	9.694954e-06	3.379284e-06	1.782963e-06	2.023183e-07	8.17141e-08	6.041865e-08	6.40741e-08
42	0.4718815	0.2662273	0.004072775	0.003065383	0.002292836	0.001964215	0.001497381	0.001301096	0.001057647	0.001042011	0.001045512	0.001038815	0.001034058	0.001032083	0.001019473	0.000983904	0.001015598	0.0002364149	9.727174e-05	7.444628e-05	5.441815e-05	3.630139e-05	3.168252e-05	2.666551e-05	9.655475e-06	3.374078e-06	1.779809e-06	2.019492e-07	8.148208e-08	6.02107e-08
43	0.5357142	0.4498915	0.2542271	0.003806629	0.002875871	0.002132807	0.001822425	0.001437357	0.00125418	0.001039577	0.001025329	0.001029382	0.001023291	0.001020381	0.001018982	0.001006757	0.0009713424	0.001002691	0.0002232909	8.465965e-05	6.227171e-05	4.26798e-05	2.489794e-05	1.998378e-05	1.465192e-05	9.405562e-06	3.340364e-06	1.759333e-06	1.995744e-07	7.9919e-08
44	0.4688829	0.4364229	0.3709381	0.2450782	0.001943805	0.001212243	0.0009285725	0.000758162	0.0005622791	0.0004556912	0.0003298978	0.0003133944	0.0003057901	0.0002898248	0.0002711698	0.0002523636	0.0002238586	0.0001639331	0.0001661002	0.0001674635	3.981325e-05	2.776172e-05	1.9141e-05	1.158971e-05	9.540208e-06	7.28807e-06	5.071186e-06	3.031918e-06	1.557888e-06	1.735326e-07
45	0.3040857	0.2913591	0.2660444	0.253716	0.2111252	0.001564552	0.0009348213	0.0007135432	0.0005716384	0.000413859	0.0003250309	0.0002197036	0.0002043066	0.0001957985	0.0001791412	0.0001596044	0.0001397687	0.0001098404	4.667375e-05	4.466085e-05	4.173506e-05	3.18105e-05	2.167637e-05	1.501978e-05	9.293885e-06	7.758546e-06	6.060265e-06	4.389306e-06	2.838547e-06	1.51107e-06
46	0.2648902	0.2217577	0.2081497	0.1848602	0.1720348	0.1392614	0.001417277	0.0008894326	0.0006833756	0.0005462871	0.0003950882	0.0003096143	0.0002098231	0.0001950116	0.0001866307	0.0001704821	0.0001526945	0.0001332414	0.0001038587	4.075068e-05	3.862983e-05	3.571125e-05	2.675856e-05	1.850374e-05	1.287099e-05	8.103243e-06	6.842549e-06	5.448257e-06	4.079931e-06	2.81374e-06
47	0.4850996	0.2626939	0.221126	0.207544	0.1843578	0.1715739	0.1390508	0.001407521	0.0008875617	0.0006816478	0.0005446563	0.0003935255	0.0003080742	0.0002083366	0.0001934947	0.0001864746	0.0001703364	0.0001525518	0.0001331127	0.0001037848	4.068505e-05	3.856359e-05	3.565147e-05	2.671039e-05	1.846629e-05	1.284817e-05	8.090442e-06	6.832653e-06	5.441489e-06	4.076273e-06
48	0.1974168	0.1078563	0.07355742	0.05671595	0.04333568	0.03370804	0.01988794	0.01088283	0.0008112088	0.0006613218	0.0005153473	0.0004048035	0.0002785648	0.0002074153	0.0001272492	0.0001136553	0.000106246	9.206364e-05	7.499424e-05	5.696318e-05	2.970836e-05	2.143295e-05	2.134382e-05	2.062368e-05	1.489343e-05	9.677443e-06	6.78185e-06	4.394063e-06	3.775322e-06	3.090394e-06
49	0.502985	0.1410224	0.1024053	0.07118279	0.05487103	0.04187658	0.03251831	0.01892392	0.01026781	0.0007868189	0.0006418179	0.0005001495	0.0003929276	0.0002707131	0.0002016809	0.0001237573	0.0001105821	0.0001034038	8.96554e-05	7.313633e-05	5.565757e-05	2.9222e-05	2.120634e-05	2.114251e-05	2.044976e-05	1.476559e-05	9.593631e-06	6.724526e-06	4.360037e-06	3.747658e-06
50	0.5827917	0.4816938	0.1406037	0.1022979	0.07109506	0.05479105	0.04181521	0.03246141	0.01890237	0.01025561	0.0007864519	0.0006415304	0.0004999253	0.0003927493	0.0002705952	0.0002015926	0.0001237022	0.0001105332	0.0001033579	8.961589e-05	7.310476e-05	5.563361e-05	2.920895e-05	2.11972e-05	2.113418e-05	2.044241e-05	1.476009e-05	9.589711e-06	6.721794e-06	4.358374e-06
51	0.8447986	0.5509064	0.4501887	0.1337693	0.09643212	0.06572586	0.04937682	0.03633024	0.02694606	0.01886151	0.01023859	0.0007844062	0.0006398058	0.0004985163	0.0003914485	0.0002694922	0.0002005884	0.000123016	0.0001098421	0.0001026509	8.889552e-05	7.237489e-05	5.488919e-05	2.845165e-05	2.042719e-05	2.035689e-05	1.96885e-05	1.423095e-05	9.261579e-06	6.509367e-06
52	0.7330016	0.6926227	0.4546337	0.3850436	0.1131777	0.08183444	0.05468095	0.04134219	0.03075363	0.02278511	0.01616885	0.009102776	0.0006378756	0.0005193375	0.0004047453	0.0003187025	0.0002205653	0.0001650182	0.0001014392	9.091813e-05	8.522124e-05	7.426928e-05	6.114714e-05	4.724656e-05	2.619907e-05	1.975298e-05	1.973574e-05	1.911725e-05	1.39277e-05	9.062741e-06
53	0.3944428	0.3455386	0.3403261	0.1182254	0.08840191	0.01363511	0.01034387	0.00804438	0.007151644	0.006666831	0.005954693	0.0054504	0.004569494	4.22592e-05	2.897619e-05	2.220537e-05	1.812674e-05	1.333711e-05	1.059489e-05	6.726861e-06	6.214918e-06	5.917476e-06	5.38947e-06	4.910842e-06	4.396309e-06	3.657525e-06	2.969983e-06	2.974146e-06	2.902654e-06	2.234147e-06
54	0.4496437	0.3625572	0.3158496	0.3111041	0.08911125	0.06009254	0.01032098	0.008291026	0.006732399	0.006145894	0.005907563	0.005386506	0.005184908	0.004456759	2.752703e-05	1.682604e-05	1.269786e-05	1.059643e-05	8.066169e-06	6.6115e-06	4.243529e-06	3.996626e-06	3.82268e-06	3.569682e-06	3.389071e-06	3.198663e-06	2.938857e-06	2.385121e-06	2.390681e-06	2.339601e-06
55	0.4939587	0.3631084	0.3179669	0.2846927	0.2807097	0.0592371	0.03109731	0.007385071	0.006541189	0.005549382	0.00521756	0.005183049	0.004942356	0.0049628	0.004372756	1.645182e-05	7.746305e-06	5.657807e-06	4.641263e-06	3.500229e-06	2.856405e-06	1.956526e-06	1.85091e-06	1.702423e-06	1.566405e-06	1.477209e-06	1.394213e-06	1.282709e-06	7.447461e-07	7.24375e-07
56	0.4193984	0.4028929	0.3439262	0.3052312	0.2744354	0.2718137	0.05064226	0.0227634	0.006713547	0.006158037	0.005287566	0.005013264	0.005025277	0.004840286	0.004890736	0.004332878	1.371263e-05	5.53239e-06	3.953482e-06	3.261751e-06	2.521841e-06	2.099888e-06	1.513214e-06	1.446982e-06	1.313112e-06	1.204627e-06	1.154276e-06	1.094116e-06	1.008601e-06	4.787652e-07
57	0.3868165	0.2063717	0.1876922	0.1250412	0.08267402	0.06064553	0.05430328	0.05023467	0.02239434	0.006668437	0.006127201	0.005264298	0.004995141	0.00501141	0.004832666	0.004885772	0.004330759	1.33432e-05	5.233881e-06	3.702374e-06	3.042998e-06	2.340034e-06	1.938051e-06	1.37517e-06	1.309715e-06	1.289869e-06	1.183216e-06	1.134101e-06	1.075465e-06	9.927583e-07
58	0.2836313	0.2022716	0.1208083	0.1080819	0.06071864	0.04220987	0.02749807	0.02376909	0.01938029	0.01848921	0.005657621	0.005205686	0.005001252	0.00495807	0.004982588	0.004816488	0.004875589	0.004325576	1.11278e-05	4.662474e-06	3.242259e-06	2.64926e-06	2.005647e-06	1.640194e-06	1.127144e-06	1.065801e-06	1.043096e-06	9.818087e-07	9.327834e-07	8.766758e-07
59	0.5077268	0.2206206	0.1765255	0.1069556	0.09538416	0.04844211	0.03022048	0.02627522	0.0226611	0.01829464	0.01743778	0.005529094	0.005120634	0.004935476	0.004902943	0.004936026	0.004779237	0.0048436	0.004303307	1.060592e-05	4.237361e-06	2.915307e-06	2.386997e-06	1.820494e-06	1.498788e-06	1.044857e-06	9.914221e-07	9.71922e-07	9.164525e-07	8.750168e-07
60	0.7569249	0.3663716	0.1796196	0.1354931	0.06531072	0.05537799	0.04540352	0.02716381	0.02320249	0.01958149	0.01822234	0.01736591	0.005477816	0.00506931	0.00488359	0.004850261	0.004882441	0.004778743	0.004843273	0.004303155	1.056176e-05	4.219456e-06	2.900372e-06	2.374186e-06	1.810011e-06	1.489577e-06	1.037185e-06	9.838321e-07	9.702693e-07	9.14918e-07
61	0.573396	0.3765455	0.2026809	0.1058659	0.0961073	0.04713517	0.04068124	0.03302384	0.02091021	0.01747715	0.01381247	0.01240151	0.01208005	0.004899532	0.004689723	0.004642012	0.004665153	0.004709303	0.004754489	0.004828722	0.00429733	9.489877e-06	3.270045e-06	2.078026e-06	1.679445e-06	1.215711e-06	9.498204e-07	5.723154e-07	5.199294e-07	5.002028e-07
62	0.3589781	0.2367069	0.2316102	0.09279769	0.08195422	0.07825716	0.03603749	0.03330347	0.02746725	0.01646065	0.01302592	0.009323747	0.007866167	0.007627368	0.004090541	0.003997496	0.003992175	0.004030983	0.004085244	0.004132824	0.004206954	0.004285869	8.124716e-06	2.143997e-06	1.197232e-06	9.873209e-07	7.400805e-07	5.955517e-07	3.509146e-07	3.240198e-07
63	0.6072284	0.2445732	0.166363	0.1605522	0.04307158	0.03241911	0.02789613	0.02352492	0.02080297	0.01484736	0.01297883	0.01288209	0.009184705	0.007724947	0.007528982	0.004079153	0.003988455	0.003987339	0.004029332	0.004083657	0.004132652	0.004206851	0.004285827	8.116079e-06	2.137349e-06	1.19203e-06	9.829712e-07	7.363299e-07	5.922442e-07	3.482234e-07
64	0.2628261	0.09410909	0.02742258	0.01766558	0.01749284	0.01475026	0.0117696	0.01165905	0.01146584	0.01140968	0.006901709	0.005766437	0.005780296	0.002057375	0.0005385044	0.0003692679	3.976036e-05	2.668222e-05	1.310057e-05	1.117081e-05	9.798112e-06	8.400322e-06	7.590691e-06	6.79751e-06	6.337698e-06	6.828951e-07	6.898086e-08	4.511875e-08	3.110709e-08	2.304583e-08
65	0.3701077	0.1693752	0.07601902	0.01094492	0.00878216	0.008602417	0.006135867	0.003126204	0.002931749	0.002652478	0.002543235	0.002503915	0.001953772	0.001913524	0.001942773	0.000505857	0.0003379544	2.990836e-05	1.794116e-05	6.060844e-06	4.695449e-06	3.608315e-06	2.474059e-06	1.787223e-06	1.110575e-06	6.730301e-07	6.640742e-07	5.470614e-08	3.395213e-08	2.356422e-08
66	0.3720047	0.3258693	0.1486784	0.06410831	0.003261754	0.0030547	0.002970954	0.001169877	0.0007142131	0.0006385716	0.0005430159	0.000491586	0.0004697433	0.0004044668	0.0004085231	0.0004144329	0.0004203756	0.0002648245	1.948839e-05	1.169502e-05	1.402959e-06	1.054909e-06	8.04115e-07	4.681066e-07	2.959976e-07	1.378285e-07	2.937551e-08	2.711825e-08	2.43162e-08	1.02802e-08
67	0.3326244	0.3215331	0.2767222	0.1002787	0.01530012	0.001016983	0.0009076777	0.0008297587	0.000649505	0.0002694588	0.0002276501	0.0001762277	0.0001502198	0.0001384028	0.0001098919	0.0001108301	0.0001124523	0.0001129294	8.739995e-05	1.337372e-05	1.011614e-05	9.489871e-07	7.097743e-07	5.317448e-07	3.230856e-07	2.071503e-07	9.661582e-08	1.158511e-08	9.64612e-09	7.564571e-09
68	0.5808082	0.247014	0.2375465	0.1921414	0.01509713	0.01500267	0.0007992505	0.0007417575	0.0006782395	0.0005403471	0.0001797762	0.0001523777	0.0001182909	0.0001030925	9.636294e-05	7.169287e-05	7.205449e-05	7.312037e-05	7.293565e-05	4.760882e-05	1.167596e-05	9.528603e-06	6.921568e-07	5.091367e-07	3.729632e-07	2.344933e-07	1.485546e-07	6.282271e-08	8.391481e-09	6.828061e-09
69	0.3854164	0.3165626	0.2289521	0.2289371	0.184644	0.009886942	0.009768265	0.000288087	0.000264254	0.0002095742	0.0001612827	7.699679e-05	6.362603e-05	5.13138e-05	4.411549e-05	4.090158e-05	3.197908e-05	3.214264e-05	3.263622e-05	3.31421e-05	3.26837e-05	2.595904e-06	5.727483e-07	2.774374e-07	1.971101e-07	1.458423e-07	8.901932e-08	5.589728e-08	2.330948e-08	3.216145e-09
70	0.4481514	0.2076262	0.145613	0.06030098	0.05794358	0.01106759	0.008095655	0.007950784	0.000250238	0.0002281817	0.0001745134	0.0001393286	5.744913e-05	4.532824e-05	3.567406e-05	2.952549e-05	2.671745e-05	1.923183e-05	1.91991e-05	1.945518e-05	1.9707e-05	1.94854e-05	2.162815e-06	4.684454e-07	2.452307e-07	1.844866e-07	1.357207e-07	8.417734e-08	5.323601e-08	2.236732e-08
71	0.5792494	0.2836983	0.1556488	0.09880496	0.01416596	0.01129626	0.01076992	0.007808395	0.007887385	0.0001924276	0.0001705746	0.0001602627	0.0001321405	5.071943e-05	4.046723e-05	3.138598e-05	2.550465e-05	2.279721e-05	1.548099e-05	1.538161e-05	1.556715e-05	1.574394e-05	1.55155e-05	8.908293e-07	4.459848e-07	2.3929e-07	1.799516e-07	1.321801e-07	8.252727e-08	5.234367e-08
72	0.5015288	0.4583043	0.2684558	0.1469775	0.09539696	0.01150878	0.009089981	0.008653095	0.007622817	0.007716939	0.0001448111	0.0001268176	0.0001186689	0.0001033291	2.471503e-05	1.666384e-05	1.016868e-05	5.739571e-06	3.636419e-06	2.588046e-06	2.275045e-06	2.228665e-06	2.195267e-06	2.06896e-06	3.729333e-07	2.64343e-07	1.996943e-07	1.510513e-07	1.107441e-07	6.934726e-08
73	0.7299626	0.4121933	0.4003475	0.2188585	0.09719172	0.08760322	0.003657598	0.001154972	0.0006047261	0.0001870402	0.0001635064	0.0001401016	0.0001222641	0.0001141914	0.0001026531	2.417422e-05	1.624512e-05	9.893882e-06	5.550289e-06	3.487841e-06	2.468676e-06	2.158488e-06	2.111621e-06	2.077264e-06	1.955281e-06	3.569761e-07	2.524727e-07	1.898417e-07	1.419971e-07	1.021548e-07
74	0.5669512	0.4916298	0.3054727	0.2973101	0.1949764	0.09465216	0.08630366	0.003025423	0.0009403319	0.0005012806	0.0001622711	0.0001425015	0.0001238332	0.000110444	0.0001057514	9.659383e-05	1.965138e-05	1.310459e-05	8.108255e-06	4.700074e-06	3.0847e-06	2.277551e-06	1.972918e-06	1.934283e-06	1.908182e-06	1.808203e-06	3.061484e-07	2.127779e-07	1.597467e-07	1.198776e-07
75	0.5934062	0.388652	0.3481698	0.1702764	0.1618645	0.1007582	0.09350271	0.08553956	0.002773793	0.0008586566	0.0004587364	0.000150029	0.0001341056	0.0001172422	0.0001066291	0.0001025514	9.429847e-05	1.795028e-05	1.191877e-05	7.428381e-06	4.36866e-06	2.919396e-06	2.190874e-06	1.888017e-06	1.852173e-06	1.828917e-06	1.738534e-06	2.864978e-07	1.9761e-07	1.48168e-07
76	0.5411366	0.462684	0.285192	0.2559544	0.08115233	0.07210785	0.02166931	0.0139363	0.004990485	0.002623851	0.0008075459	0.0004322613	0.0001424018	0.0001297474	0.0001137688	0.0001045705	0.000100775	9.304827e-05	1.715796e-05	1.138137e-05	7.112609e-06	4.202786e-06	2.825741e-06	2.137321e-06	1.835156e-06	1.800444e-06	1.778057e-06	1.691805e-06	2.702124e-07	1.851078e-07
77	0.395941	0.2692825	0.1935731	0.1477597	0.1239459	0.07113982	0.063665	0.01885527	0.01155412	0.004505431	0.002199718	0.0007142493	0.0003519571	7.163353e-05	5.849886e-05	4.175079e-05	3.497955e-05	3.013967e-05	2.147606e-05	1.688251e-05	1.120958e-05	7.008888e-06	4.142643e-06	2.787089e-06	2.111018e-06	1.808888e-06	1.774008e-06	1.751458e-06	1.666311e-06	2.606729e-07
78	0.4337747	0.3757102	0.257315	0.1850627	0.1426958	0.1194929	0.06891396	0.06186251	0.01852474	0.01137921	0.004396318	0.002136395	0.0006907179	0.0003404128	6.83701e-05	5.608809e-05	3.961086e-05	3.291578e-05	2.818813e-05	1.973837e-05	1.52001e-05	1.107485e-05	6.921141e-06	4.084059e-06	2.742762e-06	2.076192e-06	1.77383e-06	1.738579e-06	1.716151e-06	1.632127e-06
79	0.3204332	0.2970389	0.2607548	0.1784653	0.1170212	0.09537708	0.08681996	0.05174951	0.04733753	0.01156256	0.007106121	0.002056188	0.001033882	0.0003410054	0.0001678353	3.317552e-05	2.707826e-05	1.889875e-05	1.589111e-05	1.375105e-05	9.119995e-06	7.046405e-06	5.219528e-06	3.531001e-06	2.390921e-06	1.840127e-06	1.544726e-06	1.560777e-06	1.546605e-06	1.542664e-06
80	0.5436494	0.2899633	0.268376	0.2430855	0.1669884	0.1074232	0.0880093	0.08046868	0.04726692	0.04361892	0.009830697	0.006383624	0.001655714	0.0008448203	0.0002808208	0.0001381722	2.71318e-05	2.209858e-05	1.530621e-05	1.295651e-05	1.128572e-05	7.331425e-06	5.705294e-06	4.286457e-06	2.996283e-06	2.137692e-06	1.738362e-06	1.505502e-06	1.523526e-06	1.514236e-06
81	0.4755441	0.3271455	0.126495	0.1105204	0.09505637	0.06987464	0.05869518	0.04766776	0.04238623	0.02715547	0.02367548	0.008362675	0.00560834	0.001117832	0.0005431387	0.0001778253	8.896761e-05	1.877345e-05	1.566923e-05	1.062002e-05	8.732548e-06	7.369696e-06	5.201196e-06	3.917969e-06	2.781174e-06	1.672698e-06	9.123612e-07	5.522885e-07	3.763162e-07	3.759892e-07
82	0.3730493	0.3123161	0.163334	0.1113995	0.1002502	0.08733899	0.0643229	0.05343129	0.04309097	0.03789115	0.02301058	0.019695	0.004819745	0.001990414	0.00112104	0.000543192	0.0001760516	8.679701e-05	1.76519e-05	1.452043e-05	1.036375e-05	8.458171e-06	7.075108e-06	5.052029e-06	3.758585e-06	2.604897e-06	1.477775e-06	7.026013e-07	3.333233e-07	1.573524e-07
83	0.1071611	0.01949107	0.01190876	0.00923823	0.005280064	0.004231395	0.003409642	0.002824871	0.002661725	0.002472282	0.002321638	0.001249829	0.001208904	9.292804e-05	3.923902e-05	2.239209e-05	1.155495e-05	4.015518e-06	2.093001e-06	5.53515e-07	4.784358e-07	3.742338e-07	3.262284e-07	2.916515e-07	1.979319e-07	1.614514e-07	1.28607e-07	9.344892e-08	6.944816e-08	5.807569e-08
84	0.1964553	0.05919275	0.01032941	0.00503733	0.004580399	0.002207931	0.001278553	0.0006363863	0.0004270439	0.0003914898	0.0003507639	0.0003091249	0.0001623321	0.000151725	1.801369e-05	7.963298e-06	4.268297e-06	2.163953e-06	7.987285e-07	4.572229e-07	1.595847e-07	1.406764e-07	1.169797e-07	1.076267e-07	1.013685e-07	6.562637e-08	5.807412e-08	5.164222e-08	4.448576e-08	4.027636e-08
85	0.2150828	0.176013	0.04798741	0.007702596	0.003136402	0.002787857	0.001870286	0.0009594717	0.0003447112	0.000201454	0.000196935	0.0001868711	0.0001644782	7.883573e-05	7.772373e-05	3.427435e-06	2.040062e-06	9.675765e-07	5.590497e-07	2.652341e-07	1.838126e-07	9.003351e-08	8.78587e-08	7.746372e-08	7.438992e-08	7.217762e-08	4.461956e-08	4.121045e-08	3.820254e-08	3.441827e-08
86	0.3459529	0.1141812	0.08949549	0.03503762	0.005167442	0.002290523	0.0019971	0.001509238	0.0005966684	0.0003234103	0.0001813591	0.0001772436	0.0001685656	0.0001508513	7.283614e-05	7.19371e-05	3.109656e-06	1.813915e-06	8.733135e-07	5.058308e-07	2.223808e-07	1.427311e-07	6.910251e-08	6.674844e-08	5.769945e-08	5.446159e-08	5.187291e-08	3.909697e-08	3.577144e-08	3.262461e-08
87	0.3004117	0.2543425	0.07279668	0.05379718	0.02380032	0.003298907	0.001897045	0.001731284	0.001462657	0.0005402656	0.0002719933	0.000134529	0.0001307411	0.0001236601	0.0001105926	5.309035e-05	5.237214e-05	2.431586e-06	1.5013e-06	7.400938e-07	4.443339e-07	1.937344e-07	1.226974e-07	5.749435e-08	5.538894e-08	4.772459e-08	4.470761e-08	4.252555e-08	3.233355e-08	2.925213e-08
88	0.7601534	0.2369922	0.203169	0.03678274	0.02840856	0.01424728	0.002176733	0.001342944	0.001244067	0.001083847	0.0001660425	0.0001429421	5.937786e-05	5.635941e-05	5.04504e-05	4.200824e-05	1.912709e-05	1.846681e-05	1.697658e-06	1.234294e-06	6.431663e-07	4.020002e-07	1.704789e-07	1.036126e-07	4.403941e-08	4.201538e-08	3.558908e-08	3.269777e-08	3.03958e-08	2.26816e-08
89	0.8456044	0.6702895	0.2121268	0.1866723	0.0188651	0.01092558	0.007249692	0.001652036	0.001201287	0.001148824	0.00108101	0.000152857	0.0001329941	4.894307e-05	4.627912e-05	4.144163e-05	3.682809e-05	1.74221e-05	1.697005e-05	1.519393e-06	1.091979e-06	6.034384e-07	3.8946e-07	1.607044e-07	9.398228e-08	3.6325e-08	3.423959e-08	2.86806e-08	2.578921e-08	2.332443e-08
90	0.4436366	0.4045631	0.3263739	0.1851268	0.1811301	0.01281889	0.006407451	0.003598739	0.001472514	0.001115298	0.001088104	0.001031289	0.0001323054	0.0001170782	3.273395e-05	2.997196e-05	2.607542e-05	2.350417e-05	1.106235e-05	1.064728e-05	1.366087e-06	1.017698e-06	5.78647e-07	3.811959e-07	1.553143e-07	8.899173e-08	3.256394e-08	3.04802e-08	2.537458e-08	2.248521e-08
91	0.33435	0.3007489	0.263479	0.2324057	0.1835339	0.1810065	0.01076217	0.004550623	0.001915692	0.0005838087	0.0002332513	0.0001996971	0.0001325382	0.0001301888	0.0001151424	2.985608e-05	2.708531e-05	2.341862e-05	2.133731e-05	1.004298e-05	9.645561e-06	1.334405e-06	1.003963e-06	5.739274e-07	3.805671e-07	1.548464e-07	8.841057e-08	3.201739e-08	2.993543e-08	2.49e-08
92	0.154127	0.1414879	0.1182293	0.08911325	0.06362201	0.01552476	0.01103597	0.006170051	0.003498601	0.001038077	0.0004716318	0.0001376177	0.0001082549	4.176544e-05	3.956393e-05	3.324251e-05	2.841842e-05	2.569562e-05	2.216172e-05	2.054688e-05	9.726786e-06	9.352038e-06	1.311996e-06	9.892137e-07	5.687223e-07	3.794354e-07	1.541345e-07	8.769992e-08	3.144201e-08	2.936352e-08
93	0.7523887	0.08340865	0.07431507	0.05792599	0.03405032	0.01759113	0.009168372	0.006145704	0.003253263	0.001631713	0.0007859087	0.0003174081	4.551709e-05	3.264583e-05	2.248446e-05	2.153727e-05	1.8798e-05	1.569768e-05	1.496667e-05	1.253664e-05	1.181637e-05	6.204263e-06	6.128968e-06	5.561015e-07	3.407606e-07	1.976117e-07	1.170001e-07	4.156705e-08	2.056788e-08	4.273724e-09
94	0.9138254	0.7473511	0.07807269	0.06926296	0.05365276	0.02987191	0.01634763	0.008563462	0.005642812	0.002846819	0.00131636	0.0007466635	0.0003139625	4.146215e-05	2.913015e-05	2.084979e-05	2.044031e-05	1.776809e-05	1.478898e-05	1.411366e-05	1.182811e-05	1.114799e-05	5.86089e-06	5.803117e-06	5.271694e-07	3.185409e-07	1.850157e-07	1.083325e-07	3.807813e-08	1.849097e-08
95	0.7782892	0.7722954	0.7455292	0.07477183	0.06637827	0.05229929	0.02907883	0.01579934	0.008124547	0.005242027	0.002517111	0.001015397	0.0007082467	0.0003077326	3.750615e-05	2.684113e-05	2.019891e-05	1.981872e-05	1.720246e-05	1.427985e-05	1.366511e-05	1.148694e-05	1.09069e-05	5.747292e-06	5.708954e-06	4.649235e-07	2.579967e-07	1.792725e-07	1.048414e-07	3.636702e-08
96	0.7806204	0.7629046	0.7583742	0.7376221	0.06876699	0.0604925	0.04946559	0.02911438	0.0157529	0.008001166	0.005120956	0.002399282	0.0009374959	0.0006497488	0.0003014257	2.891612e-05	2.61469e-05	1.970039e-05	1.931723e-05	1.667031e-05	1.38085e-05	1.318307e-05	1.110477e-05	1.059876e-05	5.598422e-06	5.562758e-06	4.639789e-07	2.599222e-07	1.814542e-07	1.062466e-07
97	0.8307423	0.7656279	0.7511563	0.7476417	0.7298546	0.06529634	0.05720655	0.04689773	0.02684418	0.0152079	0.007633178	0.004889562	0.00224387	0.0008554723	0.0005927876	0.0003011509	2.643716e-05	2.411296e-05	1.863225e-05	1.831316e-05	1.570101e-05	1.299575e-05	1.247568e-05	1.053042e-05	1.008324e-05	5.33636e-06	5.303893e-06	4.237028e-07	2.286919e-07	1.543464e-07
98	0.9493581	0.8320791	0.7665122	0.7520479	0.7485491	0.7314151	0.06535676	0.05722877	0.04723277	0.0269963	0.01524015	0.007579017	0.004824768	0.002169587	0.0008103145	0.0005577677	0.000303563	2.574601e-05	2.369897e-05	1.83084e-05	1.79885e-05	1.534282e-05	1.267926e-05	1.215111e-05	1.028195e-05	9.866279e-06	5.230925e-06	5.200121e-06	4.237592e-07	2.305384e-07
99	0.9659493	0.9476893	0.8342373	0.7680484	0.7535695	0.7500732	0.733582	0.06544693	0.05726439	0.0476078	0.02716758	0.01527543	0.007517017	0.004751993	0.00208726	0.0007652009	0.0005244147	0.0003060643	2.49829e-05	2.320018e-05	1.789225e-05	1.757366e-05	1.489204e-05	1.228091e-05	1.174031e-05	9.965221e-06	9.583217e-06	5.090716e-06	5.061697e-06	4.242177e-07
100	0.8840196	0.8801809	0.8725239	0.7772047	0.7522077	0.7399622	0.7385694	0.7254677	0.05763622	0.05086917	0.04307508	0.02385061	0.01323226	0.006526684	0.004152055	0.001894135	0.0006704363	0.0004813478	0.000305709	2.189917e-05	2.050452e-05	1.633712e-05	1.612626e-05	1.352067e-05	1.114556e-05	1.076719e-05	9.323953e-06	9.05609e-06	4.771069e-06	4.765769e-06
101	0.2223671	0.2102177	0.2024521	0.1900372	0.09869961	0.08805953	0.07955766	0.07090606	0.05964732	0.04909096	0.04322305	0.03675623	0.02060286	0.01182506	0.005518645	0.003390876	0.001381755	0.0002214771	5.430318e-05	2.393655e-05	2.002206e-05	1.895244e-05	1.535094e-05	1.518104e-05	1.259446e-05	1.042758e-05	1.011015e-05	8.819455e-06	8.616779e-06	4.540108e-06
102	0.1291099	0.1008134	0.0950822	0.09257553	0.08675108	0.03539942	0.03185905	0.02909926	0.02631422	0.0223131	0.01827557	0.01641203	0.01420781	0.01239675	0.00725915	0.00288769	0.001853483	0.00096508	9.362886e-05	2.884147e-05	1.440658e-05	1.320651e-05	1.268833e-05	1.081656e-05	1.080568e-05	8.458857e-06	7.440116e-06	7.408848e-06	6.82253e-06	6.7867e-06
103	0.1587383	0.04996208	0.04369513	0.04035683	0.03977007	0.03689942	0.01133632	0.01031539	0.009728941	0.009175902	0.008055557	0.006860675	0.006493091	0.005932522	0.005552998	0.005220278	0.001562607	0.001016673	0.000636438	3.767864e-05	1.483062e-05	8.789646e-06	8.489961e-06	8.508249e-06	7.444832e-06	7.485354e-06	5.218546e-06	4.907494e-06	4.968287e-06	4.77209e-06
104	0.1811128	0.03187982	0.0250843	0.02336993	0.02061022	0.02026027	0.01820431	0.003741088	0.003258651	0.003007779	0.002777951	0.002296619	0.00177169	0.001611634	0.001344049	0.001174412	0.001029205	0.0009680803	0.0005839806	0.0003760035	1.677557e-05	8.941347e-06	6.143539e-06	6.034037e-06	6.07596e-06	5.16605e-06	5.223804e-06	2.942988e-06	2.799424e-06	2.846463e-06
105	0.07940776	0.04181758	0.01574733	0.01352086	0.01218258	0.009461758	0.009039302	0.007613459	0.002339502	0.002036397	0.00179902	0.001566071	0.001261301	0.00100054	0.0008309226	0.000640515	0.000482414	0.0003338242	0.0002629246	0.0001849964	9.696884e-05	6.402158e-06	3.724405e-06	3.026599e-06	3.017752e-06	3.047705e-06	3.058319e-06	3.091732e-06	7.537664e-07	7.024564e-07
106	0.07673087	0.02783057	0.01548698	0.006503923	0.004951259	0.004507857	0.004214351	0.004001015	0.003698303	0.002077941	0.001830438	0.001595123	0.0013605	0.001090897	0.0008803282	0.0007080212	0.0005324103	0.0003758752	0.0002248382	0.0001518195	9.630749e-05	3.8732e-05	2.432023e-06	7.08421e-07	3.912664e-07	3.527867e-07	3.426216e-07	3.102463e-07	3.094931e-07	3.056059e-07
107	0.1657315	0.06583073	0.02615419	0.0137375	0.005468259	0.004081357	0.003687905	0.003401359	0.003183097	0.002921621	0.001999651	0.00175833	0.001521926	0.001285317	0.00102808	0.0008376065	0.0006631532	0.0004927989	0.0003358998	0.0001829949	0.0001087088	6.232306e-05	1.518298e-05	1.618245e-06	3.38784e-07	1.971851e-07	1.638414e-07	1.540108e-07	1.222257e-07	1.193492e-07
108	0.2782274	0.1208696	0.06222963	0.02492863	0.01248053	0.00493002	0.003579177	0.003209403	0.002923493	0.002701343	0.002455907	0.001952853	0.001716127	0.001479519	0.001242207	0.0009963388	0.0008152243	0.0006399617	0.0004726152	0.0003159887	0.0001637594	8.970664e-05	4.732931e-05	4.485077e-06	8.384321e-07	1.421313e-07	8.025545e-08	6.417627e-08	5.82446e-08	4.05959e-08
109	0.9473531	0.2806538	0.1219527	0.06272143	0.02503747	0.01242809	0.004982605	0.003618138	0.003244181	0.002954986	0.002730246	0.002482287	0.001979955	0.001740371	0.001500624	0.001260055	0.001010878	0.000827411	0.0006495606	0.0004797494	0.0003206918	0.0001660093	9.076953e-05	4.77878e-05	4.311814e-06	8.425047e-07	1.406155e-07	7.95552e-08	6.330704e-08	5.729877e-08
110	0.9783215	0.9392878	0.2829608	0.123132	0.06329058	0.02525355	0.01251545	0.005021352	0.003646172	0.003268851	0.00297695	0.002750134	0.002500125	0.002000571	0.00176035	0.00151802	0.001274735	0.001022933	0.0008377053	0.0006576494	0.0004857464	0.0003246278	0.0001678585	9.170374e-05	4.819707e-05	4.170328e-06	8.353551e-07	1.374379e-07	7.830008e-08	6.20319e-08
111	0.6419683	0.6372702	0.6150717	0.2150978	0.06808918	0.02466283	0.006862346	0.003557556	0.001424763	0.001062027	0.0009631828	0.0008752305	0.0008130727	0.0007464547	0.0005373617	0.0004732182	0.0004096032	0.0003466643	0.0002771195	0.0002222813	0.0001769252	0.000131285	8.889643e-05	4.70917e-05	2.601185e-05	1.429345e-05	2.05466e-06	5.446198e-07	1.038002e-07	5.07842e-08
112	0.5309342	0.4928884	0.4883881	0.4731716	0.2040871	0.05885224	0.01799302	0.003648777	0.001975594	0.0007748532	0.0005878658	0.0005371681	0.0005022711	0.0004692314	0.0004348117	0.0002826296	0.0002490426	0.0002165711	0.0001847012	0.0001468433	0.0001154692	9.240671e-05	6.907988e-05	4.726884e-05	2.540025e-05	1.388176e-05	7.783424e-06	1.403563e-06	4.816752e-07	9.528067e-08
113	0.4536326	0.3665784	0.3323607	0.3278684	0.3191161	0.06502081	0.05551705	0.01554112	0.002433671	0.001377689	0.0005272483	0.0004067441	0.0003743662	0.0003528155	0.0003355836	0.000313623	0.0001855113	0.0001634832	0.0001435188	0.0001234067	9.752009e-05	7.468319e-05	6.032496e-05	4.530675e-05	3.132143e-05	1.697851e-05	9.070571e-06	5.131715e-06	1.073226e-06	4.600517e-07
114	0.3067167	0.2922647	0.2229135	0.1982507	0.1979631	0.1936731	0.02346874	0.01682525	0.0148094	0.002042118	0.001159578	0.0004193801	0.0003188608	0.0002915489	0.0002733689	0.0002587229	0.0002411953	0.000151105	0.0001329337	0.0001163224	9.954954e-05	7.915081e-05	6.100108e-05	4.902839e-05	3.673607e-05	2.520008e-05	1.364859e-05	7.068019e-06	3.886371e-06	6.197121e-07
115	0.2545187	0.2271307	0.2179248	0.1625041	0.1469943	0.1469371	0.1433813	0.01185667	0.006020698	0.003981943	0.001920109	0.001089815	0.000381765	0.000287346	0.0002627178	0.0002455455	0.0002316408	0.0002151448	0.0001390676	0.0001228574	0.0001072307	9.139309e-05	7.259239e-05	5.666164e-05	4.538592e-05	3.390393e-05	2.311336e-05	1.236143e-05	6.50484e-06	3.545607e-06
116	0.2453341	0.2306375	0.2077551	0.1990632	0.146709	0.1325214	0.1324744	0.1289727	0.01036393	0.005470264	0.003931729	0.001889966	0.001082371	0.0003757804	0.000282074	0.0002576514	0.0002406353	0.0002268244	0.0002105017	0.0001371914	0.0001211135	0.000105657	8.989958e-05	7.131774e-05	5.619267e-05	4.497769e-05	3.35883e-05	2.286545e-05	1.224775e-05	6.467405e-06
117	0.5832485	0.2316601	0.2195455	0.1965989	0.1884773	0.1402419	0.1267549	0.1267083	0.1231792	0.01042357	0.005536998	0.003979696	0.001911446	0.00109288	0.0003767322	0.0002825027	0.0002577803	0.0002405912	0.0002265978	0.0002101636	0.0001389068	0.0001226452	0.0001069735	9.097886e-05	7.215928e-05	5.711317e-05	4.572256e-05	3.417182e-05	2.326968e-05	1.246565e-05
118	0.7487201	0.5384282	0.1960804	0.1847519	0.1760483	0.1706809	0.1273603	0.1152142	0.1151694	0.1117514	0.009990674	0.005426412	0.00386201	0.001917415	0.001092388	0.0003707514	0.0002757894	0.0002509314	0.0002335813	0.0002193911	0.0002028569	0.0001393664	0.0001230704	0.0001072699	9.112163e-05	7.23934e-05	5.755648e-05	4.605674e-05	3.443763e-05	2.343197e-05
119	0.8968529	0.6730784	0.4644074	0.1782467	0.1681744	0.1645969	0.1618194	0.124201	0.1129471	0.1129023	0.1094544	0.009843631	0.005264672	0.00367704	0.001703368	0.000863185	0.0003720947	0.0002757852	0.0002506093	0.0002330866	0.0002187007	0.0002020737	0.0001414797	0.0001250034	0.0001089772	9.258372e-05	7.359506e-05	5.855371e-05	4.686667e-05	3.505909e-05
120	0.8728987	0.8301248	0.6063748	0.4489607	0.1672835	0.1581135	0.1557928	0.15353	0.1216956	0.1113766	0.1113317	0.1078477	0.00994263	0.005331547	0.003721871	0.001719506	0.0008667202	0.0003685276	0.0002757849	0.0002502589	0.000232543	0.000217942	0.0002012042	0.0001434936	0.0001271388	0.0001108694	9.421278e-05	7.492914e-05	5.96429e-05	4.775414e-05
121	0.8632485	0.8325595	0.7902926	0.5765028	0.4244351	0.1564986	0.1482855	0.1462811	0.144255	0.1158863	0.1062242	0.1061794	0.102868	0.009853335	0.005355683	0.003732109	0.001734984	0.0008726021	0.0003691454	0.0002753883	0.0002501471	0.0002322844	0.000217524	0.0002006933	0.0001450086	0.0001285002	0.0001120403	9.51689e-05	7.575905e-05	6.048293e-05
122	0.4813834	0.4610221	0.433779	0.4274668	0.2838677	0.1814229	0.1187474	0.1129816	0.1116278	0.1101957	0.09009369	0.08297216	0.08293458	0.08067303	0.005358742	0.002254239	0.001565887	0.0007042292	0.0003655657	0.0001621655	0.0001247293	0.0001147444	0.0001078869	0.0001020315	9.528366e-05	6.095359e-05	5.433368e-05	4.786497e-05	4.145474e-05	3.280284e-05
123	0.538979	0.4264733	0.4127843	0.3919295	0.3862306	0.2623441	0.1636022	0.1047136	0.1006989	0.09950413	0.09827675	0.08126522	0.07488136	0.07484466	0.07297802	0.004587833	0.001837833	0.001278655	0.0005673309	0.0002973271	0.0001333165	0.0001032624	9.528167e-05	8.987688e-05	8.516881e-05	7.97848e-05	4.969495e-05	4.438352e-05	3.925178e-05	3.414777e-05
124	0.9908902	0.5285501	0.4192339	0.4060402	0.385216	0.3795426	0.2552154	0.1555312	0.09590313	0.09249392	0.09140529	0.0903167	0.07540057	0.06949266	0.06945593	0.06775509	0.004438277	0.001859384	0.00129478	0.0005738313	0.0002995194	0.0001331983	0.0001027025	9.460699e-05	8.913541e-05	8.4343e-05	7.892305e-05	5.013872e-05	4.476862e-05	3.955352e-05
125	0.3722928	0.3670814	0.3047391	0.259869	0.2535413	0.2433092	0.2402121	0.2145966	0.1242662	0.07667115	0.07401036	0.07314463	0.07229043	0.06076596	0.05578959	0.05576561	0.05482632	0.002852039	0.0009303685	0.0006518788	0.0002707808	0.0001490002	7.076464e-05	5.678235e-05	5.313087e-05	5.084457e-05	4.914226e-05	4.668704e-05	2.496776e-05	2.248245e-05
126	0.2159018	0.2105092	0.2060484	0.1729006	0.1466265	0.1425042	0.1330033	0.1311376	0.1134719	0.1055511	0.06179986	0.05950785	0.05874806	0.0580201	0.04831571	0.04393628	0.04392437	0.04325106	0.001992599	0.0005911459	0.0004212903	0.0001644743	9.468142e-05	4.751812e-05	3.930294e-05	3.717391e-05	3.595179e-05	3.509724e-05	3.383363e-05	1.559685e-05
127	0.234351	0.1850503	0.1810326	0.1778815	0.152996	0.1304055	0.1268671	0.1175819	0.1158436	0.09985382	0.09265783	0.05127087	0.04904036	0.0483109	0.0476409	0.03833729	0.03414496	0.03413316	0.03352056	0.001492931	0.0005275979	0.0003782292	0.000147177	8.47449e-05	4.282607e-05	3.554663e-05	3.381903e-05	3.273697e-05	3.19894e-05	3.086508e-05
128	0.43735	0.08651532	0.06639068	0.06530558	0.06361514	0.05472933	0.04649023	0.04513335	0.03665382	0.03547461	0.03086747	0.028778	0.02183518	0.02117328	0.02083327	0.02067114	0.01879027	0.01709733	0.01708784	0.01688046	0.0005358447	9.537921e-05	6.788197e-05	2.883332e-05	1.8921e-05	1.130111e-05	1.007779e-05	9.855922e-06	9.764666e-06	9.733698e-06
129	0.4378733	0.3592231	0.06263408	0.04530318	0.04459545	0.04385234	0.03624079	0.0316815	0.03082668	0.0224585	0.02136541	0.01868916	0.01740357	0.01354353	0.01304044	0.01275518	0.01266631	0.011742	0.01083781	0.01082843	0.01067224	0.0004340498	4.118259e-05	2.841484e-05	1.292984e-05	9.412521e-06	6.227629e-06	5.754593e-06	5.700245e-06	5.707509e-06
130	0.4804423	0.3790293	0.3399135	0.04873461	0.03194932	0.03131032	0.03070263	0.02357645	0.01973946	0.01904327	0.01868708	0.0179688	0.01573175	0.01483935	0.01153682	0.0110525	0.0107733	0.01069561	0.009906843	0.009113895	0.009112848	0.008963934	0.0004093091	3.18576e-05	2.165506e-05	9.994806e-06	7.627321e-06	5.266e-06	4.931545e-06	4.907656e-06
131	0.4616751	0.4598005	0.3744566	0.3410197	0.04547995	0.0286212	0.02800698	0.02753873	0.02043885	0.01708052	0.01647396	0.01617556	0.0159214	0.01387947	0.01311159	0.009872317	0.009392126	0.009114258	0.009041356	0.008310271	0.007570755	0.007570358	0.007427082	0.0003882831	2.776909e-05	1.871624e-05	8.669561e-06	6.757545e-06	4.786073e-06	4.514431e-06
132	0.1523124	0.1488999	0.1480211	0.07414419	0.04429383	0.04299986	0.0265235	0.02592102	0.02551827	0.01835433	0.01527027	0.014777	0.01452118	0.0142813	0.01230978	0.01155639	0.008273273	0.008120951	0.00784024	0.007767089	0.007033701	0.006291049	0.006290651	0.006146442	0.0003821282	2.736135e-05	1.842143e-05	8.444942e-06	6.574116e-06	4.703173e-06
133	0.6897081	0.1413409	0.1380771	0.1372289	0.07055904	0.042151	0.04094406	0.02590132	0.0253015	0.02492914	0.01766432	0.01469378	0.01422421	0.01398802	0.01375312	0.01177945	0.01102505	0.007687471	0.00753297	0.00725489	0.007182654	0.006438426	0.005683681	0.005683278	0.00553717	0.0003836829	2.763416e-05	1.859345e-05	8.463882e-06	6.55869e-06
134	0.7055711	0.6771992	0.1279465	0.1248198	0.1240511	0.06356257	0.03705853	0.03594686	0.02458563	0.02424269	0.02390352	0.01653967	0.01379755	0.01336594	0.0131504	0.01292129	0.01107114	0.01036109	0.006976799	0.006829967	0.006613225	0.006544051	0.005826849	0.005083231	0.005082858	0.004950223	0.0003760702	2.732063e-05	1.829533e-05	8.099526e-06
135	0.9718631	0.6829148	0.6549075	0.1024249	0.09945854	0.09877708	0.04554425	0.03292734	0.03192625	0.02286974	0.02258444	0.02228489	0.01482569	0.01248167	0.01211004	0.01191814	0.01169656	0.01014675	0.009542692	0.006120503	0.005996189	0.005841084	0.005779737	0.005146444	0.004448483	0.004448191	0.004352043	0.0003545952	2.639102e-05	1.757651e-05
136	0.6689687	0.6496008	0.6338956	0.6300875	0.08433226	0.08169662	0.08107443	0.03512997	0.02407732	0.02319287	0.01938934	0.01912235	0.01886318	0.01343029	0.01135966	0.01103313	0.01086413	0.01064907	0.009266513	0.008724119	0.005285716	0.005189908	0.005054419	0.005004108	0.004482207	0.003874523	0.003874322	0.003819559	0.0003087412	2.513232e-05
137	0.658441	0.6444007	0.6376921	0.6234929	0.6201499	0.07073141	0.06833295	0.06777774	0.02877397	0.01917985	0.01840915	0.01794867	0.01783456	0.01761458	0.01213348	0.01032417	0.01004127	0.009895513	0.009686993	0.008451931	0.007962507	0.004472782	0.00439227	0.004288983	0.004245019	0.003790925	0.003258078	0.003257911	0.003216212	0.0002419514
138	0.9672413	0.6497635	0.6389672	0.6334243	0.6198231	0.6167382	0.06181055	0.05970049	0.05919373	0.026046	0.01780424	0.01712987	0.01677043	0.01672828	0.01654133	0.0110016	0.009426394	0.009180739	0.009054819	0.008851376	0.007740812	0.007295776	0.003749777	0.00367777	0.003644173	0.003604876	0.003191708	0.002721961	0.002721823	0.002691652
139	0.4371717	0.4232459	0.1098063	0.101447	0.0978614	0.08972228	0.08778725	0.04769776	0.04576876	0.04534228	0.01821666	0.01117162	0.01059012	0.01027973	0.01024327	0.01008985	0.009906058	0.008580355	0.00837268	0.008266824	0.00806844	0.007086874	0.006687252	0.003085238	0.003020031	0.002992951	0.00296001	0.002581099	0.002179	0.002178887
140	0.4297815	0.4245929	0.4118992	0.0951678	0.0874902	0.0843159	0.07665691	0.07488706	0.03820574	0.03747134	0.03707807	0.01573392	0.009852638	0.009361324	0.009161553	0.009130532	0.009009843	0.008866352	0.00776972	0.007599505	0.007513739	0.007320275	0.00646127	0.006103671	0.002439533	0.002376446	0.002352909	0.002322815	0.001962036	0.001625173
141	0.4604268	0.4144945	0.410625	0.4028801	0.08244739	0.07539467	0.07259978	0.06536534	0.06374613	0.03019447	0.02956309	0.02924671	0.01327774	0.008691537	0.008283857	0.008119802	0.008095285	0.008005055	0.007899165	0.007026143	0.006890781	0.006823711	0.006634475	0.005888885	0.005570009	0.001840024	0.001778508	0.001757426	0.001729791	0.001383776
142	0.4186404	0.3673003	0.3262063	0.3231413	0.3171339	0.06952119	0.06402221	0.06201664	0.05612591	0.05485944	0.0227974	0.02224463	0.02194344	0.01101811	0.007441703	0.007110974	0.006973861	0.006953236	0.006891649	0.006802219	0.006125039	0.006024283	0.005992554	0.005977129	0.005345393	0.005078634	0.001278982	0.001218153	0.0011991	0.00117368
143	0.7581628	0.4122104	0.3625808	0.3223138	0.3196518	0.3142136	0.06328707	0.05816508	0.05637194	0.05075951	0.04959778	0.01760488	0.01711674	0.0169945	0.009495537	0.006593699	0.006306019	0.006188402	0.006170699	0.006128356	0.006049294	0.005566748	0.005495959	0.005475638	0.005465051	0.004985933	0.004769657	0.000897826	0.0008374844	0.00082103
144	0.9844243	0.7612647	0.4149257	0.3654333	0.3248829	0.3223478	0.3170839	0.06149035	0.05646618	0.05474193	0.04917799	0.0480468	0.01565497	0.01517862	0.01506562	0.008953697	0.00630867	0.006035908	0.005927404	0.005910844	0.005876289	0.00580066	0.00539683	0.005338135	0.005322496	0.005313868	0.004894829	0.004697696	0.0007442787	0.000683352
145	0.2300268	0.2254929	0.08048849	0.05355357	0.04955962	0.04761793	0.04636979	0.0456547	0.04140533	0.04051946	0.04032355	0.03966602	0.03945386	0.008071688	0.007620919	0.007515946	0.003064008	0.002042379	0.001792305	0.001715166	0.001702302	0.001677029	0.001610562	0.001261293	0.001209931	0.001198204	0.001191028	0.0008016467	0.0006167484	0.0005414249
146	0.121022	0.1169376	0.1152817	0.05424638	0.04462449	0.0422408	0.04101046	0.04049271	0.04000673	0.03729	0.03668729	0.03655117	0.03604835	0.035885	0.005681493	0.005252411	0.005152493	0.002302608	0.001614763	0.001439526	0.001369442	0.001357681	0.001341381	0.001281344	0.000982806	0.0009397956	0.0009319106	0.0009262278	0.0005729551	0.0004042678
147	0.1179142	0.1021785	0.09886915	0.09757136	0.04572534	0.03811893	0.0364374	0.03555819	0.03512788	0.03478922	0.0326027	0.03211181	0.03201952	0.03161384	0.03148215	0.004103953	0.003716934	0.003625103	0.001820421	0.001356646	0.001200955	0.001138412	0.001127961	0.001117559	0.001064511	0.0008042154	0.000767086	0.0007619263	0.0007573673	0.0004310371
148	0.1608826	0.106647	0.09435751	0.09135135	0.09018417	0.04227546	0.03583827	0.03456057	0.03388558	0.03350065	0.03324899	0.03134488	0.03091365	0.0308481	0.03049402	0.03037914	0.003215019	0.002833616	0.002742903	0.001561203	0.001229134	0.001080929	0.001020964	0.001010978	0.001004087	0.0009529636	0.0007102908	0.0006760214	0.0006725018	0.000668545
149	0.285892	0.1338541	0.09236121	0.08117746	0.07885467	0.07784992	0.04141526	0.03552675	0.03441023	0.03380673	0.03343047	0.03320659	0.0313725	0.0309546	0.03089679	0.03055506	0.03044417	0.00293643	0.002548875	0.002456592	0.001490907	0.001201666	0.00105345	0.0009935854	0.0009835603	0.0009778788	0.0009302245	0.0006886062	0.0006546302	0.0006516398
150	0.3918484	0.2771575	0.132247	0.09230278	0.08136493	0.07905063	0.0780496	0.0416409	0.03585276	0.0347945	0.03421954	0.0338442	0.03363492	0.03181565	0.03140092	0.03134824	0.03100932	0.03089935	0.002818214	0.002423538	0.002329535	0.001469349	0.001199919	0.001050047	0.0009928691	0.0009827778	0.0009776925	0.0009294506	0.0006854582	0.0006512611
151	0.9875015	0.3828171	0.26912	0.1340861	0.09400849	0.08293929	0.08058686	0.07956841	0.04248836	0.03663908	0.0355784	0.03500113	0.03461893	0.03441015	0.03256075	0.03213908	0.03208694	0.0317424	0.03163063	0.002834974	0.002431048	0.002334776	0.00148984	0.001221249	0.001068026	0.00101149	0.001001248	0.0009962429	0.0009468911	0.0006975469
152	0.9991391	0.9865011	0.3848471	0.2717256	0.1362859	0.09588263	0.08465064	0.08225449	0.08121696	0.04339975	0.037475	0.03641128	0.03583141	0.03544194	0.03523349	0.03335212	0.03292311	0.03287152	0.03252104	0.03240735	0.002854596	0.00244039	0.002341753	0.001512855	0.001245627	0.001088866	0.001031249	0.001020809	0.001015889	0.0009653604
153	0.9938297	0.9930204	0.9805164	0.3820813	0.2696641	0.1363167	0.09610118	0.08609231	0.08365787	0.08260606	0.04416263	0.03815758	0.03709337	0.03651186	0.03611488	0.03590729	0.033994	0.03355752	0.03350652	0.03315023	0.03303463	0.00286711	0.002442197	0.002340953	0.001532577	0.001267019	0.001106552	0.001047953	0.001037253	0.001032441
154	0.9962294	0.9935618	0.9927588	0.9800347	0.3846115	0.2727785	0.1387014	0.09812962	0.08798823	0.08550566	0.08443314	0.04518332	0.03908808	0.03802257	0.03743912	0.03703416	0.03682717	0.03487984	0.03443542	0.03438501	0.03402234	0.03390467	0.002884067	0.002447735	0.002343744	0.001556917	0.001293046	0.001128658	0.001069279	0.001058311
155	0.9996525	0.9960377	0.9933572	0.9925478	0.9796549	0.3861926	0.2750035	0.1408302	0.1000763	0.08983779	0.08731023	0.08621844	0.04620611	0.04003591	0.03897627	0.03839398	0.03798113	0.03777569	0.03579796	0.03534601	0.03529621	0.03492769	0.03480813	0.002884878	0.002436342	0.002329474	0.00157577	0.001315812	0.001147444	0.001089327
156	0.9998584	0.9995717	0.9959033	0.9932052	0.9923874	0.9793158	0.3869872	0.2765033	0.1427841	0.1020034	0.09168993	0.08912005	0.08801002	0.04725324	0.0410152	0.03996673	0.03938802	0.03896725	0.03876394	0.03675839	0.03629918	0.03624998	0.03587598	0.03575466	0.00287509	0.002413645	0.002303693	0.001593188	0.001339069	0.001166617
157	0.9997845	0.999661	0.9994564	0.9957381	0.9930282	0.9922013	0.9789395	0.3874392	0.277739	0.144761	0.1040113	0.0936284	0.09101429	0.08988535	0.0483467	0.04204513	0.04101104	0.04043732	0.04000837	0.03980755	0.03777345	0.0373067	0.03725817	0.03687855	0.03675543	0.002859652	0.00238432	0.002271095	0.001610941	0.001364655
158	0.9990608	0.9988647	0.9988191	0.9986342	0.9948617	0.9921439	0.991308	0.9778459	0.3873079	0.2784761	0.1464899	0.1057986	0.09554934	0.09288987	0.0917414	0.04943955	0.0430654	0.04204737	0.04147919	0.0410416	0.04084371	0.03877819	0.03830331	0.03825551	0.03786993	0.03774487	0.002840029	0.002350167	0.002233444	0.001628004
159	0.999342	0.9988713	0.9987677	0.9987214	0.9985479	0.9947083	0.9919664	0.9911192	0.9774244	0.3878428	0.2799367	0.1487898	0.1081202	0.09779582	0.09508355	0.09391258	0.05069076	0.04423502	0.04323375	0.04267136	0.04222443	0.04202951	0.03992907	0.03944527	0.03939826	0.039006	0.03887878	0.002821458	0.002315864	0.002195408
160	0.9997252	0.9992081	0.9987307	0.9986274	0.9985799	0.9984053	0.9944698	0.9916695	0.9908031	0.9767811	0.3912487	0.2851514	0.1523938	0.1110891	0.1005568	0.09777615	0.0965756	0.05219964	0.04560554	0.04459658	0.04402878	0.04357118	0.04337675	0.04122601	0.04073093	0.04068511	0.04028373	0.04015357	0.002859371	0.002336876
161	0.9978835	0.9976263	0.9971102	0.9966217	0.9965245	0.9964763	0.9962994	0.9922658	0.9894029	0.9885165	0.9741574	0.3958968	0.2908275	0.1560906	0.1140526	0.1034491	0.1005981	0.09936717	0.05380267	0.04705891	0.04603826	0.04546327	0.0449948	0.04480028	0.04259791	0.04209151	0.04204666	0.04163585	0.04150262	0.002907861
162	0.9993861	0.9972177	0.9970052	0.996493	0.9959954	0.9958989	0.9958494	0.9956734	0.9915131	0.9885737	0.9876642	0.9728665	0.4021253	0.2980213	0.1605777	0.1175683	0.1068012	0.1038599	0.1025899	0.05556347	0.04863175	0.04759573	0.04701138	0.0465287	0.04633378	0.04406417	0.04354292	0.04349915	0.04307606	0.04293885
163	0.9998486	0.9992955	0.9970533	0.9968391	0.9963102	0.9957975	0.9956974	0.9956462	0.9954658	0.9911667	0.9881416	0.9872037	0.9719282	0.4091644	0.3060757	0.165664	0.1215848	0.1105139	0.1074735	0.1061607	0.05751353	0.05037701	0.04932397	0.04872935	0.04823124	0.04803578	0.04569306	0.04515568	0.04511305	0.04467661
164	0.9997495	0.999645	0.9990789	0.9967653	0.9965486	0.996002	0.9954713	0.9953676	0.9953146	0.9951294	0.9906856	0.9875713	0.9866038	0.9708295	0.4163441	0.3143135	0.1708827	0.1257135	0.11433	0.1111881	0.1098316	0.0595281	0.05218144	0.05111106	0.05050598	0.0499919	0.04979591	0.04737689	0.04682271	0.04678127
165	0.9962401	0.9959814	0.9958774	0.9952948	0.9929472	0.9927313	0.9921675	0.99162	0.9915127	0.9914578	0.9912681	0.9866821	0.983478	0.9824816	0.9662197	0.4230345	0.3225214	0.176149	0.1298973	0.1183293	0.1150836	0.1136823	0.06165599	0.05409415	0.05300749	0.05239249	0.05186194	0.05166594	0.04917232	0.04860159
166	0.9990063	0.9951071	0.9948408	0.9947349	0.9941658	0.9917884	0.9915676	0.9909915	0.9904317	0.9903229	0.990267	0.9900743	0.9853883	0.9821707	0.9811532	0.9645475	0.4265243	0.3266494	0.1783197	0.1314113	0.1197451	0.1164357	0.1150067	0.06196967	0.05429382	0.0531981	0.05257742	0.05203533	0.05183926	0.04929311
167	0.9997615	0.9988141	0.9947471	0.9944711	0.9943621	0.9937797	0.9913089	0.9910817	0.9904908	0.9899161	0.9898034	0.9897458	0.9895495	0.9847439	0.9814739	0.9804313	0.9634139	0.4308159	0.3316202	0.1809984	0.13327	0.1213901	0.118004	0.116542	0.06229763	0.05448618	0.05337923	0.05275164	0.05219697	0.05200068
168	0.9986867	0.9984933	0.9975417	0.9934009	0.9931144	0.9930025	0.9924082	0.9898392	0.9896073	0.9890052	0.9884212	0.9883048	0.9882458	0.988047	0.9831532	0.9798683	0.9788065	0.9614859	0.432107	0.3333065	0.1811329	0.1328567	0.120858	0.1174201	0.115936	0.06097652	0.05310877	0.05199771	0.05136742	0.05080393
169	0.9988794	0.9975044	0.9973047	0.9963182	0.9920273	0.9917321	0.9916185	0.9910199	0.9883496	0.9881137	0.9875127	0.9869334	0.9868144	0.9867551	0.9865577	0.9816782	0.9784905	0.9774291	0.9601585	0.42479	0.3251586	0.1737461	0.1257832	0.1140328	0.1106247	0.1091542	0.05502346	0.04733555	0.04624	0.04561886
170	0.9985085	0.9973803	0.995937	0.9957296	0.9948083	0.9905017	0.9901962	0.9900811	0.9894802	0.9867056	0.9864659	0.9858662	0.985294	0.9851722	0.9851124	0.9849168	0.9800547	0.9769824	0.9759218	0.9587121	0.4163076	0.3156792	0.1650685	0.1174446	0.1058962	0.102521	0.1010655	0.04789577	0.04041939	0.039342
171	0.998186	0.9966135	0.9954398	0.9939249	0.9937116	0.9927538	0.9882464	0.987929	0.9878119	0.9872075	0.9843105	0.9840662	0.9834682	0.9829055	0.9827808	0.9827208	0.9825273	0.9776857	0.9747574	0.973698	0.9565588	0.4055156	0.3037398	0.1542525	0.1070879	0.09584237	0.09251088	0.09107512	0.03909142	0.03186168
172	0.9998782	0.9979827	0.9963192	0.9950952	0.9934956	0.9932729	0.9922717	0.9875189	0.9871877	0.9870683	0.9864602	0.9834262	0.9831765	0.9825786	0.9820275	0.9818995	0.9818392	0.9816476	0.9768134	0.9740504	0.9729893	0.9558746	0.3935062	0.290249	0.1418259	0.09511425	0.08413895	0.0808524	0.0794371	0.02876013
173	0.9731915	0.9730698	0.9710976	0.9694127	0.9681666	0.9665275	0.9662985	0.9652678	0.9602753	0.9599301	0.959809	0.9592031	0.9560216	0.9557682	0.9551855	0.9546542	0.9545235	0.9544637	0.9542777	0.9495832	0.9470684	0.9460325	0.9294126	0.3705178	0.2682833	0.1244963	0.07936071	0.06904621	0.0658833	0.06452235
174	0.8004763	0.7719482	0.7718214	0.7698448	0.7681361	0.7668346	0.7651044	0.7648679	0.7637805	0.7584739	0.7581166	0.7579967	0.757386	0.7540229	0.7537715	0.7532164	0.7526883	0.7525528	0.7524934	0.7523239	0.7478746	0.7455935	0.744614	0.7289364	0.3152778	0.2384068	0.1114867	0.07112331	0.06215103	0.05921058
175	0.7810044	0.7776148	0.7476623	0.7475481	0.7455869	0.7455012	0.7444358	0.744343	0.744303	0.7437001	0.7383959	0.7383116	0.738264	0.7377079	0.7342912	0.7341726	0.7336764	0.7331735	0.7331329	0.7330999	0.7329588	0.7286825	0.7265196	0.7256347	0.7104897	0.3007118	0.2257494	0.1047849	0.06644932	0.05788275
176	0.7785977	0.7642514	0.7607105	0.7284995	0.7283766	0.7262704	0.7261791	0.7250381	0.7249436	0.724904	0.7242617	0.71856	0.7184756	0.7184297	0.7178622	0.7142083	0.7140932	0.7136168	0.7131078	0.7130674	0.7130357	0.7129018	0.7087955	0.7067439	0.7058924	0.6913433	0.2849334	0.2120316	0.09755848	0.06136601
177	0.9995907	0.7597384	0.744888	0.7410554	0.7061663	0.7060331	0.7037572	0.7036593	0.7024301	0.7023336	0.7022945	0.701606	0.6954406	0.695356	0.695312	0.6947314	0.6908008	0.6906896	0.6902363	0.6897202	0.6896799	0.6896498	0.6895243	0.6856159	0.6836943	0.6828816	0.669026	0.2664811	0.1959921	0.08909509
178	0.999888	0.9994583	0.7378014	0.7223172	0.7181397	0.6800841	0.6799388	0.6774612	0.6773553	0.6760203	0.6759202	0.6758808	0.6751364	0.6684207	0.6683349	0.6682925	0.6676946	0.6634343	0.6633268	0.6629021	0.6623738	0.6623337	0.6623053	0.6621879	0.6585277	0.6567344	0.6559707	0.6429855	0.2457991	0.1783689
179	0.9371999	0.937077	0.9366186	0.6487962	0.6338823	0.6336091	0.6321341	0.6319743	0.6318406	0.6317252	0.6316062	0.6315017	0.6314619	0.631374	0.6307904	0.6307033	0.6306627	0.6304766	0.6299721	0.629869	0.6294788	0.6292983	0.6292584	0.6292323	0.6291243	0.6257635	0.6243435	0.6236387	0.6117031	0.2210512
180	0.9997765	0.9398606	0.9397244	0.9392189	0.6194165	0.6038531	0.6035525	0.6019191	0.6017416	0.6015987	0.6014715	0.601346	0.6012356	0.601195	0.6011046	0.6004674	0.6003779	0.6003389	0.6001715	0.5996415	0.5995423	0.5991867	0.5990245	0.5989844	0.5989605	0.5988621	0.5958023	0.5945603	0.5939144	0.5830324
181	0.9995379	0.9993205	0.9430256	0.9428728	0.9423076	0.5825301	0.5661162	0.5657806	0.5639481	0.5637484	0.5635927	0.5634506	0.5633155	0.5631965	0.5631541	0.5630589	0.5623523	0.5622581	0.5622198	0.5620661	0.5614973	0.5613998	0.5611033	0.5609554	0.5609148	0.5608932	0.5608047	0.5582819	0.557203	0.5566611
182	0.9959183	0.9954387	0.9952288	0.9435619	0.9433878	0.9427458	0.5315717	0.5178824	0.5175019	0.5154133	0.5151851	0.5150129	0.5148516	0.514704	0.5145741	0.5145295	0.5144282	0.5136321	0.513532	0.5134946	0.5133582	0.5127393	0.5126442	0.5124234	0.5122937	0.5122523	0.5122337	0.5121582	0.5103239	0.5094524
183	0.5128922	0.5126726	0.5121866	0.5120408	0.4675962	0.467595	0.4669622	0.4669615	0.45218	0.4519444	0.4496945	0.4496944	0.4495187	0.4495155	0.4493633	0.449346	0.4493352	0.4492364	0.4483729	0.4483568	0.4483435	0.4482361	0.4475864	0.447559	0.4474454	0.4473432	0.4473377	0.4473314	0.4472866	0.4463091
184	0.4118904	0.4046356	0.4044459	0.4039287	0.4038071	0.3679445	0.3679437	0.3671887	0.3671883	0.364546	0.3642665	0.3615729	0.3615729	0.3613684	0.3613664	0.3611913	0.3611802	0.3611733	0.361063	0.3600395	0.3600302	0.3600226	0.3599321	0.3591837	0.35917	0.3591419	0.3590592	0.3590574	0.3590555	0.3590324
185	0.2591982	0.256709	0.2529378	0.2528431	0.2527616	0.2526931	0.2300963	0.2300959	0.2300945	0.2300943	0.2284327	0.2284317	0.2284298	0.2284298	0.2284278	0.2284266	0.2284242	0.2284175	0.2284134	0.2284105	0.2284067	0.2284011	0.2283965	0.2283884	0.2283809	0.2283727	0.2283562	0.2283465	0.2283454	0.2283443
186	0.9999718	0.2592372	0.2567483	0.2529713	0.2528766	0.2527952	0.2527267	0.2300666	0.2300662	0.2300649	0.2300647	0.2284129	0.2284119	0.2284101	0.2284101	0.2284082	0.228407	0.2284048	0.2283981	0.228394	0.2283913	0.2283876	0.2283821	0.2283776	0.2283697	0.2283626	0.2283545	0.2283384	0.2283292	0.2283282
187	0.9999325	0.9999044	0.2593009	0.2568124	0.2530478	0.2529531	0.2528718	0.2528033	0.230016	0.2300157	0.2300145	0.2300143	0.2283763	0.2283754	0.2283737	0.2283737	0.228372	0.2283708	0.2283687	0.2283621	0.2283581	0.2283555	0.2283521	0.2283467	0.2283423	0.2283347	0.2283281	0.2283201	0.2283043	0.2282956
188	0.9991592	0.9990918	0.9990637	0.2587685	0.256281	0.2525414	0.2524468	0.2523656	0.2522972	0.2299126	0.2299123	0.2299114	0.2299113	0.2282814	0.2282807	0.2282794	0.2282794	0.228278	0.2282768	0.2282752	0.2282686	0.2282646	0.2282625	0.2282597	0.2282544	0.2282501	0.2282432	0.2282374	0.2282297	0.2282141
