#unpaired probabilities
 #i$	l=1	2	3	4	5	6	7	8	9	10	11	12	13	14	15	16	17	18	19	20	21	22	23	24	25	26	27	28	29	30	
1	0.8719286	NA	NA	NA	NA	NA	NA	NA	NA	NA	NA	NA	NA	NA	NA	NA	NA	NA	NA	NA	NA	NA	NA	NA	NA	NA	NA	NA	NA	NA
2	0.7701703	0.7264992	NA	NA	NA	NA	NA	NA	NA	NA	NA	NA	NA	NA	NA	NA	NA	NA	NA	NA	NA	NA	NA	NA	NA	NA	NA	NA	NA	NA
3	0.9067186	0.7643135	0.7225557	NA	NA	NA	NA	NA	NA	NA	NA	NA	NA	NA	NA	NA	NA	NA	NA	NA	NA	NA	NA	NA	NA	NA	NA	NA	NA	NA
4	0.3146563	0.1608158	0.1283266	0.1124719	NA	NA	NA	NA	NA	NA	NA	NA	NA	NA	NA	NA	NA	NA	NA	NA	NA	NA	NA	NA	NA	NA	NA	NA	NA	NA
5	0.4247452	0.2526941	0.09198579	0.06445904	0.05155603	NA	NA	NA	NA	NA	NA	NA	NA	NA	NA	NA	NA	NA	NA	NA	NA	NA	NA	NA	NA	NA	NA	NA	NA	NA
6	0.5131945	0.3753682	0.2438398	0.08760032	0.06092748	0.04863122	NA	NA	NA	NA	NA	NA	NA	NA	NA	NA	NA	NA	NA	NA	NA	NA	NA	NA	NA	NA	NA	NA	NA	NA
7	0.8882253	0.511799	0.3743911	0.2431424	0.08739995	0.06080182	0.04856743	NA	NA	NA	NA	NA	NA	NA	NA	NA	NA	NA	NA	NA	NA	NA	NA	NA	NA	NA	NA	NA	NA	NA
8	0.07621199	0.05613196	0.04317418	0.03482716	0.0259287	0.01092481	0.008451081	0.006845325	NA	NA	NA	NA	NA	NA	NA	NA	NA	NA	NA	NA	NA	NA	NA	NA	NA	NA	NA	NA	NA	NA
9	0.9459858	0.06940837	0.05163244	0.03953696	0.03187646	0.02356822	0.008279224	0.005976727	0.004473251	NA	NA	NA	NA	NA	NA	NA	NA	NA	NA	NA	NA	NA	NA	NA	NA	NA	NA	NA	NA	NA
10	0.1856717	0.1162699	0.0306093	0.02358662	0.0227596	0.01872103	0.01412399	0.005829145	0.004491226	0.00340247	NA	NA	NA	NA	NA	NA	NA	NA	NA	NA	NA	NA	NA	NA	NA	NA	NA	NA	NA	NA
11	0.1071261	0.07605529	0.05625681	0.01351207	0.01093729	0.01021308	0.007659448	0.004529332	0.002230727	0.001664101	0.001246807	NA	NA	NA	NA	NA	NA	NA	NA	NA	NA	NA	NA	NA	NA	NA	NA	NA	NA	NA
12	0.129396	0.0620589	0.04792291	0.03901026	0.008296258	0.006396509	0.005403215	0.00446528	0.003127578	0.001290318	0.0008994727	0.0005854361	NA	NA	NA	NA	NA	NA	NA	NA	NA	NA	NA	NA	NA	NA	NA	NA	NA	NA
13	0.378502	0.0787168	0.05602547	0.04529592	0.03698338	0.007801745	0.005952779	0.005034027	0.004124503	0.002800458	0.0009302882	0.0005653887	0.000267968	NA	NA	NA	NA	NA	NA	NA	NA	NA	NA	NA	NA	NA	NA	NA	NA	NA
14	0.3518307	0.0867323	0.02631663	0.02117794	0.01844557	0.01593627	0.00282385	0.002454987	0.001671509	0.001405904	0.0008215064	0.0002678925	0.0001614412	7.488604e-05	NA	NA	NA	NA	NA	NA	NA	NA	NA	NA	NA	NA	NA	NA	NA	NA
15	0.3084918	0.07195823	0.02113907	0.003862204	0.002183017	0.001861203	0.001282942	0.001100671	0.001194263	0.0003961418	0.000368964	7.100227e-05	3.224991e-05	2.35958e-05	1.681056e-05	NA	NA	NA	NA	NA	NA	NA	NA	NA	NA	NA	NA	NA	NA	NA
16	0.1514543	0.07002849	0.05961226	0.01718341	0.001597865	0.0002244478	0.0001217186	8.918945e-05	6.871492e-05	7.261032e-05	8.012362e-05	8.849098e-05	1.223357e-05	1.02846e-05	9.335113e-06	8.696643e-06	NA	NA	NA	NA	NA	NA	NA	NA	NA	NA	NA	NA	NA	NA
17	0.1840433	0.0791919	0.0515106	0.04497097	0.00255739	0.001096347	0.0001456907	8.11774e-05	5.985019e-05	5.443644e-05	6.035895e-05	6.759109e-05	7.873723e-05	5.990152e-06	6.401047e-06	5.970485e-06	5.709345e-06	NA	NA	NA	NA	NA	NA	NA	NA	NA	NA	NA	NA	NA
18	0.1334741	0.08574429	0.04154017	0.01373901	0.005426764	0.002313885	0.0009276999	8.423068e-05	2.4565e-05	1.258139e-05	5.723581e-06	5.212474e-06	5.667915e-06	5.427533e-06	5.252225e-06	5.547879e-06	5.185187e-06	4.967873e-06	NA	NA	NA	NA	NA	NA	NA	NA	NA	NA	NA	NA
19	0.8971107	0.1235802	0.07937896	0.03848408	0.01254475	0.004761419	0.001795985	0.0008611644	7.732476e-05	2.208295e-05	1.083903e-05	4.704168e-06	4.197802e-06	4.604285e-06	4.313418e-06	4.032806e-06	4.733863e-06	4.426061e-06	4.243873e-06	NA	NA	NA	NA	NA	NA	NA	NA	NA	NA	NA
20	0.7152894	0.6990886	0.04269181	0.02841008	0.01265116	0.004627598	0.002320997	0.001614304	0.0007701451	6.5337e-05	1.660539e-05	8.148911e-06	3.417362e-06	2.891602e-06	3.146067e-06	2.848237e-06	2.497207e-06	2.824059e-06	2.638323e-06	2.523301e-06	NA	NA	NA	NA	NA	NA	NA	NA	NA	NA
21	0.7196606	0.6142719	0.6386596	0.009384061	0.007226756	0.00149114	0.0005129436	0.0002255211	0.000106689	3.449211e-05	7.661689e-06	5.473579e-06	1.741071e-06	1.024736e-06	9.883059e-07	1.07436e-06	7.783105e-07	3.639269e-07	2.967478e-07	2.632929e-07	2.397731e-07	NA	NA	NA	NA	NA	NA	NA	NA	NA
22	0.6081155	0.5932186	0.6056723	0.632492	0.005575674	0.00489349	0.0003693524	0.0001601308	9.91208e-05	5.14682e-05	8.900963e-06	5.201192e-06	4.619991e-06	1.054078e-06	4.844767e-07	4.122205e-07	4.386352e-07	3.414329e-07	1.946192e-07	9.321548e-08	7.176928e-08	5.518205e-08	NA	NA	NA	NA	NA	NA	NA	NA
23	0.1244689	0.05340578	0.02197668	0.009649447	0.005993333	0.0008432073	0.0002586218	0.0001025628	5.638376e-05	4.180409e-05	7.125225e-06	5.559934e-06	4.813522e-06	4.43994e-06	8.938047e-07	3.446124e-07	2.636583e-07	2.731856e-07	2.252278e-07	1.451229e-07	4.929112e-08	3.047333e-08	1.545935e-08	NA	NA	NA	NA	NA	NA	NA
24	0.1587732	0.1030369	0.0417697	0.01571674	0.007148185	0.005262116	0.0002990715	0.0001865121	5.081979e-05	1.948216e-05	7.419198e-06	4.30786e-06	2.684243e-06	1.832687e-06	1.239879e-06	8.178983e-07	3.043134e-07	2.248356e-07	2.337744e-07	1.890822e-07	1.361262e-07	4.366754e-08	2.575123e-08	1.116051e-08	NA	NA	NA	NA	NA	NA
25	0.483752	0.1288635	0.1007351	0.04044599	0.01457387	0.007002478	0.005123556	0.0002668571	0.0001603787	4.528153e-05	1.756661e-05	6.552477e-06	3.757097e-06	2.478557e-06	1.794612e-06	1.214728e-06	7.932376e-07	3.011236e-07	2.218556e-07	2.306344e-07	1.867636e-07	1.348829e-07	4.243054e-08	2.459739e-08	1.005345e-08	NA	NA	NA	NA	NA
26	0.316127	0.2693952	0.1166861	0.0886343	0.03996395	0.0144677	0.006974388	0.005101719	0.000260308	0.0001554689	4.130131e-05	1.414981e-05	6.387197e-06	3.661542e-06	2.382645e-06	1.696165e-06	1.208983e-06	7.889112e-07	2.983082e-07	2.189703e-07	2.27996e-07	1.856133e-07	1.342401e-07	4.206467e-08	2.430212e-08	9.791254e-09	NA	NA	NA	NA
27	0.4607304	0.2931646	0.2515444	0.100242	0.07209835	0.02341168	0.01438287	0.006903378	0.005053944	0.0002481532	0.0001530862	3.994366e-05	1.346947e-05	5.885088e-06	3.61502e-06	2.351383e-06	1.677743e-06	1.191613e-06	7.847973e-07	2.955774e-07	2.161368e-07	2.253519e-07	1.835101e-07	1.330014e-07	4.16319e-08	2.400871e-08	9.558672e-09	NA	NA	NA
28	0.5536294	0.4253071	0.2776078	0.2371578	0.09492897	0.06691843	0.01809814	0.008841274	0.00688022	0.005031977	0.0002417465	0.0001469975	3.940018e-05	1.317897e-05	5.659719e-06	3.400015e-06	2.332443e-06	1.666221e-06	1.182556e-06	7.763633e-07	2.944859e-07	2.15138e-07	2.246141e-07	1.829356e-07	1.32596e-07	4.149006e-08	2.390116e-08	9.466564e-09	NA	NA
29	0.6007571	0.4889377	0.3688241	0.2274409	0.1909502	0.05197146	0.02602808	0.01616902	0.007446092	0.005595631	0.003876249	0.0002126933	0.0001376696	3.533887e-05	1.202958e-05	5.309019e-06	3.283359e-06	2.256337e-06	1.620866e-06	1.139786e-06	7.320844e-07	2.477937e-07	1.62764e-07	1.667072e-07	1.352528e-07	9.857069e-08	3.499057e-08	2.141485e-08	8.831166e-09	NA
30	0.528044	0.4848084	0.4014199	0.2995212	0.1766077	0.1558265	0.02903513	0.01296056	0.006790142	0.004789093	0.003360983	0.003121106	0.0001648738	0.0001133841	2.337226e-05	8.277836e-06	3.930372e-06	2.6478e-06	1.826062e-06	1.353168e-06	9.345676e-07	5.901188e-07	1.805187e-07	1.224595e-07	1.220237e-07	9.720355e-08	6.744463e-08	1.766229e-08	1.005046e-08	6.805256e-09
31	0.8549017	0.4431175	0.4104402	0.3251608	0.2260008	0.1736309	0.153386	0.02739772	0.01157592	0.005461955	0.003435656	0.002581809	0.002305991	0.0001610668	0.0001112555	2.23267e-05	7.957319e-06	3.824043e-06	2.609834e-06	1.800514e-06	1.336399e-06	9.223864e-07	5.822827e-07	1.781352e-07	1.208302e-07	1.203065e-07	9.590961e-08	6.669074e-08	1.741027e-08	9.880327e-09
32	0.4317155	0.3110488	0.2846484	0.2813348	0.2130422	0.1655479	0.1379847	0.1283447	0.01306644	0.00514232	0.002052596	0.001124101	0.0008418033	0.0007460409	0.0001240899	9.907739e-05	1.678917e-05	5.502228e-06	2.211126e-06	1.200439e-06	6.100081e-07	3.060827e-07	1.658673e-07	1.122284e-07	5.109865e-08	4.714043e-08	3.946398e-08	3.063773e-08	2.055672e-08	7.118244e-09
33	0.1572031	0.0431032	0.04098667	0.03582292	0.03544899	0.033732	0.02378576	0.01268775	0.007206376	0.004041922	0.001436188	0.0004121546	0.0001377621	9.844854e-05	7.982467e-05	2.790889e-05	1.67754e-05	8.574395e-06	2.725511e-06	1.01141e-06	4.75132e-07	2.346087e-07	2.323502e-08	8.33523e-09	6.268672e-09	4.619079e-09	4.765467e-09	5.256553e-09	4.073866e-09	2.510643e-09
34	0.10635	0.08027965	0.02853192	0.02737451	0.0251253	0.02501465	0.02372671	0.01657081	0.00901665	0.00531668	0.002994618	0.001039716	0.0002674112	6.412798e-05	3.624454e-05	2.497779e-05	1.696094e-05	1.024401e-05	5.267909e-06	1.732305e-06	6.96016e-07	3.765341e-07	1.847029e-07	1.600587e-08	4.474034e-09	3.411506e-09	2.576664e-09	2.550048e-09	2.804067e-09	2.032409e-09
35	0.1907842	0.06909534	0.0446319	0.02653699	0.02550767	0.02464102	0.02460793	0.02333748	0.01639	0.00892676	0.005265301	0.002962492	0.00102989	0.0002635775	6.237682e-05	3.485557e-05	2.377393e-05	1.677877e-05	1.013341e-05	5.206419e-06	1.712857e-06	6.86813e-07	3.702701e-07	1.815339e-07	1.561044e-08	4.25779e-09	3.202853e-09	2.36938e-09	2.478355e-09	2.747534e-09
36	0.06116424	0.04305416	0.02256525	0.01347223	0.01004204	0.009517264	0.009264099	0.009181088	0.008575144	0.005363585	0.002620321	0.001573046	0.0009145259	0.0003197149	7.665566e-05	2.017409e-05	1.019442e-05	6.964944e-06	4.615578e-06	2.944143e-06	1.577015e-06	6.007029e-07	3.22783e-07	2.440214e-07	1.193387e-07	9.276119e-09	1.732428e-09	9.78225e-10	3.401243e-10	2.559309e-10
37	0.3382513	0.03144979	0.02162701	0.0103853	0.0051455	0.003675012	0.003519219	0.003406313	0.003405629	0.00319652	0.002280443	0.001347867	0.0008662636	0.0005236125	0.0001856958	3.918654e-05	9.144247e-06	4.810878e-06	3.094431e-06	1.841412e-06	1.154506e-06	5.905427e-07	1.866037e-07	6.771122e-08	3.023895e-08	1.477364e-08	1.268345e-09	3.2574e-10	2.170487e-10	1.250305e-10
38	0.4388584	0.2475458	0.01920402	0.01296816	0.006738767	0.003437172	0.002434961	0.002339842	0.00225468	0.002256855	0.002111521	0.001452102	0.0007428103	0.0004503804	0.0002643725	0.000116315	2.16722e-05	5.684162e-06	3.166927e-06	2.288365e-06	1.477374e-06	9.250532e-07	4.68113e-07	1.405116e-07	4.332547e-08	1.205942e-08	5.899851e-09	5.557438e-10	1.714218e-10	1.169416e-10
39	0.2298586	0.2235952	0.1767762	0.003137941	0.000770843	0.0003525722	0.0002982542	0.0002093998	0.0002079507	0.0001862681	0.0001877921	0.000188749	5.905455e-05	2.881735e-05	1.699683e-05	9.044675e-06	3.839746e-06	1.829811e-06	1.061611e-06	3.686694e-07	3.47222e-07	7.476369e-08	4.532311e-08	2.234677e-08	6.519517e-09	1.804988e-09	2.65213e-10	1.538934e-10	7.807121e-11	5.611616e-11
40	0.3667202	0.2246001	0.2197748	0.1754954	0.002630037	0.0006022151	0.0002580261	0.000224456	0.0001753781	0.0001764649	0.0001549659	0.0001560549	0.0001582147	3.640799e-05	1.827237e-05	1.143219e-05	5.944801e-06	2.62177e-06	1.3421e-06	9.835761e-07	3.128467e-07	3.021715e-07	3.911673e-08	2.300181e-08	1.112694e-08	3.285167e-09	9.487075e-10	1.862902e-10	1.152877e-10	7.401489e-11
41	0.5451122	0.1577277	0.03636471	0.03028892	0.005665365	0.00251724	0.0005242041	0.0002344213	0.0002074501	0.00016372	0.0001650621	0.0001441347	0.0001463761	0.0001490889	2.978239e-05	1.522056e-05	9.681684e-06	4.957896e-06	2.217426e-06	1.16233e-06	8.647862e-07	2.98016e-07	2.906343e-07	3.050317e-08	1.798572e-08	8.636122e-09	2.566276e-09	7.573942e-10	1.672326e-10	1.055262e-10
42	0.21336	0.1841038	0.1299671	0.01996182	0.01551524	0.003423137	0.0004941353	0.0003587997	9.432418e-05	7.218223e-05	3.252832e-05	3.01451e-05	2.805151e-05	2.659786e-05	2.563033e-05	2.133909e-05	1.119768e-05	7.561104e-06	3.813462e-06	1.81127e-06	1.044398e-06	8.308141e-07	2.745873e-07	2.713483e-07	1.589421e-08	9.455085e-09	4.387053e-09	1.338527e-09	4.291486e-10	1.325289e-10
43	0.4181574	0.1772347	0.1604545	0.1178367	0.01089528	0.0101327	0.001171528	0.0002447678	0.0001408565	8.239684e-05	6.237093e-05	2.400132e-05	2.150376e-05	1.926886e-05	1.837355e-05	1.728809e-05	1.336948e-05	8.51947e-06	5.212532e-06	2.862942e-06	1.033597e-06	3.147102e-07	8.994793e-08	4.223661e-08	2.859742e-08	1.296352e-08	7.450174e-09	3.700316e-09	1.128281e-09	3.599197e-10
44	0.2605901	0.2172906	0.1606995	0.1468217	0.1113785	0.007199824	0.006613042	0.000742909	0.0002048469	0.0001117548	6.071587e-05	4.317466e-05	1.77195e-05	1.720596e-05	1.568954e-05	1.516529e-05	1.423932e-05	1.10699e-05	7.084384e-06	4.517781e-06	2.466814e-06	8.780777e-07	2.571866e-07	6.613222e-08	3.008216e-08	1.876794e-08	1.056548e-08	6.105918e-09	3.010586e-09	8.968927e-10
45	0.9377438	0.2512703	0.2088	0.1525628	0.1389097	0.110496	0.006810425	0.006355624	0.0006650394	0.000158264	0.0001066207	5.924138e-05	4.223581e-05	1.737691e-05	1.687714e-05	1.539878e-05	1.48892e-05	1.397576e-05	1.084076e-05	6.885361e-06	4.376587e-06	2.392287e-06	8.513063e-07	2.49038e-07	6.352799e-08	2.878213e-08	1.81978e-08	1.04628e-08	6.079959e-09	3.001836e-09
46	0.9666039	0.9247954	0.2498439	0.2074345	0.1512412	0.1376117	0.1095164	0.006776999	0.006327421	0.0006567158	0.0001535446	0.0001019805	5.897089e-05	4.20205e-05	1.720039e-05	1.669796e-05	1.531899e-05	1.481126e-05	1.389753e-05	1.076856e-05	6.818015e-06	4.314039e-06	2.383438e-06	8.476475e-07	2.473866e-07	6.242883e-08	2.841793e-08	1.799317e-08	1.042466e-08	6.045327e-09
47	0.8639258	0.8429762	0.8330636	0.203543	0.1836733	0.1456278	0.135741	0.1087087	0.006669718	0.006260477	0.0006237148	0.0001436172	9.566581e-05	5.59367e-05	4.07103e-05	1.633951e-05	1.587395e-05	1.451573e-05	1.400372e-05	1.313683e-05	1.009598e-05	6.2481e-06	3.914314e-06	2.156142e-06	7.699613e-07	2.28638e-07	5.956218e-08	2.733299e-08	1.783647e-08	1.039469e-08
48	0.7796578	0.766745	0.7536726	0.7438231	0.1664652	0.1538174	0.1421347	0.1341617	0.1080267	0.006579944	0.006204664	0.0005959168	0.0001350883	9.017036e-05	5.318889e-05	3.939486e-05	1.532738e-05	1.488585e-05	1.353119e-05	1.300307e-05	1.251034e-05	9.536008e-06	5.7662e-06	3.580234e-06	1.966241e-06	7.051934e-07	2.128981e-07	5.715438e-08	2.641624e-08	1.770284e-08
49	0.7864497	0.6427414	0.6316361	0.62339	0.6115462	0.078536	0.06446075	0.0508451	0.04105029	0.01277385	0.006288231	0.00594209	0.0004124529	0.0001152916	7.332154e-05	3.696134e-05	2.291596e-05	1.413732e-05	1.382733e-05	1.28745e-05	1.253933e-05	1.206641e-05	9.362357e-06	5.671951e-06	3.513247e-06	1.919531e-06	6.73052e-07	1.860474e-07	4.864072e-08	2.251696e-08
50	0.6653681	0.6489689	0.6138471	0.6049753	0.5972228	0.5862192	0.0636866	0.04983794	0.03639204	0.02665262	0.01222371	0.006081075	0.005840043	0.0003517207	0.0001064446	6.813578e-05	3.347015e-05	1.987341e-05	1.236697e-05	1.208126e-05	1.182114e-05	1.189672e-05	1.145561e-05	9.010034e-06	5.47084e-06	3.379702e-06	1.840601e-06	6.391455e-07	1.695165e-07	3.787424e-08
51	0.5401128	0.4616053	0.4441217	0.4196986	0.4084433	0.3983173	0.3838811	0.05579375	0.04246571	0.02948775	0.02007296	0.01170544	0.00599402	0.005777983	0.0003217808	9.604396e-05	6.46983e-05	3.1462e-05	1.849705e-05	1.195433e-05	1.168314e-05	1.148198e-05	1.158506e-05	1.115322e-05	8.743014e-06	5.231557e-06	3.205168e-06	1.751087e-06	6.066224e-07	1.592581e-07
52	0.5534807	0.2763305	0.2567531	0.2365093	0.2088128	0.1937608	0.1795381	0.1606802	0.05413333	0.04114874	0.02849336	0.01931829	0.01135836	0.005959942	0.005756521	0.0003107945	9.336844e-05	6.286017e-05	3.078437e-05	1.817909e-05	1.175648e-05	1.148923e-05	1.129188e-05	1.139355e-05	1.096573e-05	8.566407e-06	5.064545e-06	3.073194e-06	1.702437e-06	5.894163e-07
53	0.4477871	0.2938341	0.2187962	0.2063102	0.1920675	0.1701083	0.1599066	0.1511052	0.1365294	0.03830453	0.02940678	0.02101947	0.01470512	0.009368031	0.005701108	0.005596669	0.0002311205	6.95907e-05	4.797558e-05	2.3939e-05	1.556805e-05	9.99809e-06	9.785034e-06	9.614194e-06	9.699277e-06	9.335416e-06	7.046876e-06	3.656454e-06	2.088617e-06	1.143945e-06
54	0.4111622	0.3578489	0.2306744	0.1666132	0.159899	0.1518887	0.1343886	0.128199	0.1241264	0.1138633	0.02500378	0.01963532	0.0146066	0.01079742	0.007682221	0.005481846	0.005460928	0.0001629225	4.831197e-05	3.41304e-05	1.682929e-05	1.197353e-05	7.353355e-06	7.289511e-06	7.251207e-06	7.355669e-06	7.257911e-06	5.386816e-06	2.473986e-06	1.263197e-06
55	0.7327168	0.3097139	0.2585764	0.1968858	0.150433	0.1444695	0.1374886	0.1221669	0.1164137	0.1122554	0.1027018	0.02019026	0.01474323	0.009615006	0.005756288	0.002573893	0.0004546573	0.0003198134	0.0001481259	4.141784e-05	2.988082e-05	1.335692e-05	8.425314e-06	7.207154e-06	7.171298e-06	7.183439e-06	7.306792e-06	7.21024e-06	5.360166e-06	2.455392e-06
56	0.3107404	0.2912924	0.2581182	0.2196496	0.1700939	0.1291989	0.1257362	0.120399	0.1073203	0.1036578	0.1011647	0.09302676	0.01517783	0.01106599	0.007200062	0.004285092	0.001937309	0.0003629301	0.0002602208	0.0001179265	3.299208e-05	2.424475e-05	1.02165e-05	6.562265e-06	5.858558e-06	5.911827e-06	6.010912e-06	6.15325e-06	6.222925e-06	4.63257e-06
57	0.1851558	0.1496489	0.1449242	0.1355903	0.1171549	0.1084604	0.07339511	0.07297306	0.07085104	0.07051944	0.07020558	0.07024751	0.06994816	0.004350514	0.0031804	0.002101299	0.00129091	0.000580307	0.0001063372	6.767616e-05	2.788654e-05	7.72906e-06	5.238776e-06	2.533667e-06	1.420657e-06	1.140317e-06	1.107565e-06	1.095286e-06	1.098034e-06	1.056218e-06
58	0.3235931	0.06141927	0.04769284	0.04681483	0.04429699	0.04402637	0.04119516	0.006829584	0.006469159	0.004384967	0.004014078	0.003750142	0.003468314	0.003072971	0.0009027033	0.0006474297	0.0004331079	0.0002697308	0.0001356512	4.38418e-05	2.713025e-05	7.996366e-06	1.915275e-06	1.403348e-06	8.192198e-07	6.230938e-07	5.278863e-07	5.019204e-07	4.901672e-07	4.824599e-07
59	0.1278764	0.0494632	0.009312833	0.002679165	0.002437722	0.00141297	0.001317612	0.001246265	0.001184365	0.00107485	0.001015764	0.0009808022	0.0009859469	0.0009918896	0.001004537	3.132928e-05	2.686838e-05	2.303601e-05	1.860878e-05	1.397883e-05	9.855916e-06	9.526374e-06	6.905082e-07	8.920859e-08	6.159281e-08	4.875636e-08	4.610254e-08	1.910309e-08	1.818719e-08	1.374019e-08
60	0.1538224	0.1250032	0.04838449	0.00862235	0.0024312	0.002234915	0.001236063	0.001149027	0.001108473	0.001068612	0.0009988902	0.0009758317	0.0009443039	0.0009522498	0.0009615571	0.0009779067	2.13093e-05	1.903858e-05	1.745883e-05	1.593863e-05	1.255562e-05	9.290856e-06	9.161162e-06	4.928092e-07	6.574613e-08	4.536365e-08	3.836771e-08	3.748567e-08	1.124719e-08	1.071416e-08
61	0.6630209	0.03210793	0.01501955	0.008025634	0.00725522	0.002011167	0.001861546	0.001087696	0.00104364	0.001033469	0.0009990568	0.0009295566	0.000920926	0.0008911221	0.0008995621	0.0009089483	0.0009255608	7.879388e-06	6.075288e-06	4.83454e-06	3.817051e-06	2.019641e-06	8.908681e-07	6.553597e-07	3.331224e-07	3.13356e-08	1.845114e-08	1.36243e-08	1.265934e-08	6.219386e-09
62	0.1544791	0.1423023	0.0187727	0.009544548	0.007047976	0.006538899	0.001331506	0.001176361	0.001009242	0.0009783166	0.0009803199	0.0009488176	0.0008796425	0.000886374	0.0008744887	0.000884144	0.0008943524	0.0009119342	4.681961e-06	3.502101e-06	2.825872e-06	2.246818e-06	1.004074e-06	5.678586e-07	4.212221e-07	1.90836e-07	1.651207e-08	9.633968e-09	7.207459e-09	6.647245e-09
63	0.1930153	0.1397832	0.1312546	0.01622265	0.009197265	0.006938576	0.006457411	0.001255304	0.001100084	0.0009557548	0.0009574338	0.0009629407	0.0009316345	0.00086218	0.0008702998	0.0008671609	0.0008781843	0.0008883177	0.000905894	3.781045e-06	2.609865e-06	1.930776e-06	1.388605e-06	9.109593e-07	5.288441e-07	3.927917e-07	1.72753e-07	1.230641e-08	6.352345e-09	4.083253e-09
64	0.45476	0.1874698	0.1359023	0.1276982	0.01435372	0.009170157	0.006920861	0.006440521	0.001238491	0.00108304	0.0009393881	0.0009410954	0.0009464129	0.0009147982	0.0008450117	0.0008527975	0.0008656354	0.0008772636	0.0008873821	0.0009049491	3.751946e-06	2.584049e-06	1.906371e-06	1.366593e-06	8.900968e-07	5.27684e-07	3.917937e-07	1.723934e-07	1.215609e-08	6.230224e-09
65	0.6587368	0.4120358	0.1807706	0.1298936	0.1218894	0.009166794	0.003993321	0.001671092	0.001254683	0.001133378	0.0009788297	0.0008333951	0.0008331859	0.0008372972	0.0008272424	0.0008396618	0.0008514256	0.0008642655	0.000875893	0.0008867906	0.0009048207	3.669442e-06	2.523344e-06	1.867504e-06	1.34308e-06	8.796822e-07	5.26022e-07	3.906357e-07	1.71816e-07	1.20148e-08
66	0.8804307	0.6269641	0.3805827	0.1498815	0.1283772	0.1209937	0.008909581	0.003801408	0.001481282	0.001066941	0.0009553701	0.0009661899	0.0008206382	0.0008202543	0.0008245921	0.0008147349	0.0008297505	0.0008445881	0.0008573098	0.0008688119	0.0008863188	0.0009047174	3.605874e-06	2.476667e-06	1.836918e-06	1.324506e-06	8.715448e-07	5.248284e-07	3.8984e-07	1.714156e-07
67	0.7171757	0.6273101	0.3982392	0.3563556	0.1390848	0.1214692	0.1157025	0.005109624	0.001301152	0.001000694	0.0007984493	0.000788966	0.0007988562	0.0007977852	0.0007983457	0.0008083257	0.0008006388	0.0008155807	0.0008311683	0.0008463127	0.0008633562	0.0008809404	0.0008997521	2.592971e-06	1.592938e-06	1.066444e-06	6.712647e-07	3.217741e-07	8.65424e-08	6.005134e-08
68	0.5571424	0.5342867	0.5145479	0.2908768	0.2531547	0.04038002	0.02607857	0.02101173	0.004214844	0.001097448	0.0009389752	0.0007596367	0.0007601177	0.0007704103	0.0007801292	0.0007920823	0.0008037655	0.0007965641	0.0008117087	0.0008275655	0.0008442747	0.0008617201	0.0008794954	0.0008985085	1.828474e-06	1.021693e-06	6.777648e-07	4.219704e-07	1.958215e-07	4.352016e-08
69	0.2927539	0.2671776	0.2467753	0.234194	0.226368	0.1964549	0.01466407	0.0078785	0.005261666	0.001600125	0.0002584288	0.0002031696	3.455178e-05	3.099875e-05	2.963742e-05	2.767227e-05	2.688931e-05	2.561705e-05	3.832247e-06	3.466592e-06	3.198385e-06	3.073216e-06	2.960322e-06	2.340744e-06	2.192519e-06	9.459953e-07	3.679556e-07	2.400138e-07	1.475508e-07	6.438998e-08
70	0.04202782	0.03879738	0.03260747	0.01198131	0.0085891	0.00640544	0.005412417	0.003414166	0.001516587	0.0009717652	0.0002708495	1.698355e-05	5.374321e-06	3.149749e-06	2.210655e-06	1.820422e-06	1.379736e-06	1.168903e-06	8.44094e-07	7.478027e-07	6.4472e-07	5.94391e-07	5.57343e-07	5.232569e-07	4.161598e-07	3.74813e-07	1.390337e-07	1.029552e-07	6.401552e-08	3.809136e-08
71	0.06377222	0.03683655	0.03419477	0.02892984	0.008409411	0.005994936	0.004517117	0.003797387	0.002275824	0.001026732	0.0006214567	0.0001726528	1.177718e-05	3.514852e-06	1.951134e-06	1.463279e-06	1.187146e-06	9.09856e-07	7.811501e-07	5.628595e-07	4.980815e-07	4.551986e-07	4.143821e-07	3.809305e-07	3.501568e-07	2.958342e-07	2.607605e-07	1.140831e-07	8.33167e-08	5.424119e-08
72	0.07355273	0.0346603	0.01452006	0.01190439	0.007380294	0.006780031	0.004824921	0.003632961	0.003036992	0.001782454	0.0007998696	0.0004813385	0.000135998	9.646254e-06	2.789434e-06	1.491494e-06	1.094458e-06	9.532367e-07	7.354457e-07	6.33661e-07	4.565052e-07	4.038791e-07	3.684077e-07	3.360609e-07	3.053123e-07	2.770206e-07	2.406847e-07	2.122973e-07	1.008306e-07	7.363243e-08
73	0.6177979	0.07263348	0.03402717	0.01407498	0.0114587	0.006940661	0.006334354	0.004789261	0.00362255	0.003029575	0.001777933	0.0007972883	0.0004790528	0.0001348489	9.501841e-06	2.746656e-06	1.474457e-06	1.084272e-06	9.436155e-07	7.275588e-07	6.258812e-07	4.516167e-07	3.99206e-07	3.636937e-07	3.314549e-07	3.006775e-07	2.723236e-07	2.359972e-07	2.081107e-07	1.00621e-07
74	0.5098402	0.3459075	0.06891312	0.03232515	0.01332031	0.01082986	0.00651239	0.005934313	0.004468545	0.003483527	0.002916796	0.001717118	0.0007698457	0.0004592932	0.0001298921	9.178409e-06	2.643167e-06	1.413481e-06	1.036354e-06	9.013303e-07	6.950224e-07	5.971116e-07	4.296647e-07	3.793088e-07	3.451928e-07	3.14538e-07	2.855161e-07	2.585803e-07	2.240809e-07	1.974249e-07
75	0.6911946	0.4590881	0.2975236	0.04241983	0.02078781	0.009254504	0.006765884	0.004585717	0.00399905	0.003180186	0.002498099	0.001970714	0.00120091	0.0005763729	0.0002989039	9.558436e-05	7.763258e-06	2.18605e-06	1.134105e-06	8.202849e-07	7.255709e-07	5.737092e-07	4.912835e-07	3.525586e-07	3.086463e-07	2.783405e-07	2.479121e-07	2.180574e-07	1.901304e-07	1.644153e-07
76	0.6168926	0.5380735	0.4483967	0.2929509	0.0413034	0.02034535	0.008981646	0.006536562	0.004469519	0.003886821	0.003093951	0.002427498	0.001904973	0.001175105	0.0005638725	0.0002898657	9.316348e-05	7.646641e-06	2.146923e-06	1.111819e-06	8.035953e-07	7.117197e-07	5.633443e-07	4.823441e-07	3.457921e-07	3.029123e-07	2.733676e-07	2.431341e-07	2.133946e-07	1.857266e-07
77	0.5859859	0.4922082	0.4143939	0.326518	0.2906212	0.04016413	0.01992696	0.00874033	0.006313778	0.004355081	0.003777468	0.003014668	0.002364858	0.001848171	0.001139441	0.0005489319	0.0002791042	9.030937e-05	7.523062e-06	2.108441e-06	1.090376e-06	7.879531e-07	6.995344e-07	5.542851e-07	4.744816e-07	3.399541e-07	2.977046e-07	2.686418e-07	2.386523e-07	2.090881e-07
78	0.6850846	0.3892771	0.2938258	0.2240288	0.1340241	0.09554804	0.03907048	0.01964956	0.008661876	0.006236594	0.004317289	0.003739803	0.002989654	0.00234619	0.001830466	0.001129758	0.0005452202	0.0002760432	8.963126e-05	7.493185e-06	2.099001e-06	1.084731e-06	7.836273e-07	6.959702e-07	5.518167e-07	4.723375e-07	3.38411e-07	2.962978e-07	2.673151e-07	2.373548e-07
79	0.5807068	0.5645053	0.3772521	0.2835649	0.2141018	0.1246926	0.08616421	0.03760041	0.01951809	0.008635154	0.006215599	0.004302943	0.003726788	0.002980702	0.002339189	0.001824561	0.001125682	0.0005422455	0.0002734112	8.944682e-05	7.479237e-06	2.093414e-06	1.081239e-06	7.808331e-07	6.934082e-07	5.499461e-07	4.70659e-07	3.369937e-07	2.949719e-07	2.660371e-07
80	0.6415785	0.5741322	0.5583153	0.374733	0.2820238	0.2128698	0.1238772	0.08541753	0.03736655	0.01939061	0.008605603	0.006186009	0.004289145	0.003712922	0.002971552	0.002332101	0.001817722	0.00112206	0.0005408799	0.0002723741	8.920126e-05	7.462408e-06	2.085826e-06	1.076559e-06	7.774607e-07	6.903174e-07	5.477152e-07	4.686279e-07	3.351935e-07	2.932367e-07
81	0.1890927	0.1699339	0.1485292	0.145921	0.1002456	0.07551539	0.05081444	0.02127056	0.01735732	0.007477848	0.003942295	0.0017373	0.001255624	0.0008725629	0.0007584905	0.000609348	0.0004735848	0.0003678868	0.0002266312	0.000110034	5.641071e-05	1.955019e-05	2.912993e-06	6.841764e-07	2.948303e-07	1.676222e-07	1.495682e-07	1.186116e-07	1.021769e-07	7.149203e-08
82	0.1122075	0.09045735	0.08272222	0.06889087	0.06749809	0.04245161	0.03114263	0.01992305	0.00674588	0.005568299	0.002352631	0.001247947	0.0005419624	0.0003932121	0.0002750953	0.0002400811	0.0001938826	0.0001487151	0.0001149932	7.081277e-05	3.475914e-05	1.811911e-05	6.653809e-06	1.380159e-06	3.191865e-07	1.380476e-07	5.692887e-08	5.089459e-08	4.041983e-08	3.511937e-08
83	0.005360941	0.0043616	0.004104997	0.003789815	0.003408952	0.00315333	0.002577086	0.001974106	0.0008765655	9.297377e-05	7.668129e-05	3.046734e-05	1.95625e-05	5.333386e-06	4.504705e-06	3.563989e-06	3.421493e-06	3.044556e-06	1.404107e-06	9.485232e-07	5.558007e-07	3.281054e-07	2.408479e-07	1.615286e-07	8.563839e-08	2.046047e-08	7.678485e-09	1.227713e-09	1.122842e-09	9.497452e-10
84	0.1293406	0.001118257	0.0008587073	0.0007739283	0.0006809218	0.0006329416	0.0006360819	0.0005949907	0.0005606412	8.100538e-05	2.535123e-05	2.062427e-05	1.031534e-05	8.195366e-06	1.361151e-06	1.33706e-06	1.202952e-06	1.218704e-06	1.14311e-06	2.018649e-07	1.107883e-07	7.401083e-08	5.298156e-08	5.105532e-08	3.881244e-08	4.776705e-09	1.275309e-09	5.339978e-10	3.200927e-10	3.049862e-10
85	0.1390657	0.1163757	0.0008016758	0.0006284723	0.0005785757	0.0005256694	0.0004952793	0.0004995921	0.0004855158	0.0004803325	3.454218e-05	1.484797e-05	1.100794e-05	5.55981e-06	4.435588e-06	7.183892e-07	7.081345e-07	6.435043e-07	6.527028e-07	6.129078e-07	9.80747e-08	5.278117e-08	3.704327e-08	2.706349e-08	2.64747e-08	2.002753e-08	1.417682e-09	3.108964e-10	2.015588e-10	1.623284e-10
86	0.01338401	0.007917304	0.001041757	4.902644e-05	4.147886e-05	3.834582e-05	3.713283e-05	3.646184e-05	3.683746e-05	3.574963e-05	3.522314e-05	4.540455e-06	1.615261e-06	1.506393e-06	6.268809e-07	4.584453e-07	8.209218e-08	8.0537e-08	6.878061e-08	6.961505e-08	6.291198e-08	1.088826e-08	6.636783e-09	4.794479e-09	3.116649e-09	3.028413e-09	2.030868e-09	1.452154e-10	2.826987e-11	1.63242e-11
87	0.02273304	0.007241884	0.001916276	0.0002756245	6.628279e-06	4.472841e-06	3.292996e-06	2.960811e-06	2.734649e-06	2.758186e-06	2.357802e-06	2.043533e-06	1.629299e-06	8.066716e-07	7.871781e-07	2.068153e-07	1.068937e-07	2.854844e-08	2.780197e-08	1.910514e-08	1.918824e-08	1.491646e-08	4.307784e-09	3.327784e-09	2.235385e-09	1.069283e-09	1.038289e-09	4.474171e-10	5.69252e-11	1.027904e-11
88	0.05137049	0.02025387	0.007087335	0.001715921	0.0001253858	3.419119e-06	2.45825e-06	1.762406e-06	1.634356e-06	1.563472e-06	1.577238e-06	1.403692e-06	1.219037e-06	9.556613e-07	6.391586e-07	6.399598e-07	1.169204e-07	3.049747e-08	1.718227e-08	1.658249e-08	8.385407e-09	8.298763e-09	4.491646e-09	2.93847e-09	2.67117e-09	1.715456e-09	6.364584e-10	6.12959e-10	1.014717e-10	3.838653e-11
89	0.1579868	0.02223007	0.006144151	0.00201674	0.0004262944	7.761521e-05	2.307084e-06	1.707142e-06	1.233266e-06	1.151371e-06	1.108229e-06	1.119403e-06	1.011369e-06	9.023342e-07	7.559658e-07	5.755583e-07	5.801993e-07	7.467135e-08	1.924091e-08	1.162915e-08	1.153638e-08	5.38529e-09	5.397637e-09	2.969412e-09	2.023585e-09	1.90849e-09	1.189771e-09	3.896483e-10	3.840903e-10	5.790126e-11
90	0.8498082	0.0514013	0.009527179	0.001755328	0.0005576599	0.0001395269	3.843759e-05	1.055598e-06	7.488099e-07	4.665542e-07	4.161706e-07	3.889128e-07	3.915689e-07	3.223841e-07	2.523046e-07	1.631983e-07	5.304731e-08	5.16488e-08	3.447194e-08	9.930524e-09	6.788364e-09	6.841192e-09	2.716391e-09	2.739988e-09	1.693549e-09	1.295952e-09	1.25546e-09	7.070169e-10	1.719888e-10	1.6954e-10
91	0.8547779	0.8479089	0.04080252	0.005857871	0.001290492	0.00042077	9.659926e-05	1.842632e-05	4.412704e-07	2.975304e-07	1.68792e-07	1.460406e-07	1.335099e-07	1.331808e-07	1.041638e-07	7.779033e-08	5.494019e-08	2.224669e-08	2.148092e-08	1.461211e-08	4.473213e-09	3.080151e-09	3.115452e-09	1.301619e-09	1.314963e-09	8.697877e-10	7.002889e-10	6.877286e-10	3.090449e-10	7.354381e-11
92	0.9435086	0.8423342	0.8513784	0.03642604	0.003329433	0.0001624697	3.548016e-05	1.754473e-05	1.196593e-05	2.727057e-07	1.802638e-07	9.280416e-08	8.12319e-08	7.61268e-08	7.53453e-08	6.145563e-08	4.612646e-08	3.28981e-08	1.355128e-08	1.289343e-08	9.654224e-09	2.968443e-09	2.139555e-09	2.164647e-09	8.83395e-10	8.921656e-10	5.978958e-10	4.893166e-10	4.810137e-10	2.136909e-10
93	0.05593281	0.04482975	0.0348361	0.03425461	0.0343955	0.002638337	0.0001108577	2.693576e-05	1.059458e-05	6.201445e-06	1.364505e-07	8.850389e-08	4.315739e-08	3.669345e-08	3.368689e-08	3.399264e-08	2.611435e-08	1.980146e-08	1.369965e-08	7.053987e-09	6.826932e-09	5.008337e-09	1.542701e-09	1.11148e-09	1.124425e-09	4.589822e-10	4.639676e-10	3.113023e-10	2.547723e-10	2.498856e-10
94	0.1529924	0.02780324	0.01625585	0.007189304	0.006378677	0.006160697	0.00235304	9.448807e-05	2.21035e-05	7.675312e-06	3.553188e-06	8.679555e-08	5.930081e-08	3.359169e-08	2.931089e-08	2.707269e-08	2.734786e-08	2.05209e-08	1.507368e-08	1.001863e-08	4.353087e-09	4.137204e-09	2.845053e-09	8.798205e-10	6.311545e-10	6.377137e-10	2.620803e-10	2.648327e-10	1.78564e-10	1.464349e-10
95	0.1499897	0.139087	0.02386209	0.01256625	0.004726265	0.00402852	0.003790562	0.0002379384	7.580313e-05	1.845326e-05	4.53372e-06	8.987582e-07	3.740855e-08	3.045998e-08	2.439946e-08	2.246673e-08	2.114366e-08	2.140045e-08	1.577105e-08	1.098062e-08	6.542971e-09	1.60486e-09	1.40267e-09	6.774838e-10	2.141761e-10	1.482077e-10	1.480404e-10	6.327561e-11	6.362921e-11	4.392823e-11
96	0.08188351	0.0798618	0.06806467	0.0217903	0.0104466	0.004429631	0.003826705	0.003588329	0.000131194	5.258081e-05	1.729157e-05	3.432207e-06	1.66439e-07	1.683884e-08	1.572228e-08	1.501724e-08	1.454418e-08	1.420298e-08	1.440971e-08	1.068409e-08	7.158785e-09	3.939386e-09	4.143974e-10	3.720408e-10	9.533397e-11	3.564877e-11	1.945298e-11	1.75351e-11	9.615339e-12	9.301438e-12
97	0.09605997	0.06630568	0.06566097	0.05354581	0.01722167	0.005691799	0.001835797	0.001286169	0.001012846	0.0001211291	5.149836e-05	1.725132e-05	3.245011e-06	9.723156e-08	9.863548e-09	9.225978e-09	8.916823e-09	8.792842e-09	8.727191e-09	8.854805e-09	6.515958e-09	4.287306e-09	2.328629e-09	2.030838e-10	1.728755e-10	4.600216e-11	2.019011e-11	9.116077e-12	7.202048e-12	4.917174e-12
98	0.1578797	0.08069216	0.05268685	0.05208895	0.03967978	0.0148344	0.003162317	0.001309455	0.0008335122	0.0005532747	0.0001088397	5.066004e-05	1.732228e-05	3.201338e-06	7.605057e-08	4.305999e-09	3.788807e-09	3.544182e-09	3.487878e-09	3.460642e-09	3.506247e-09	2.550209e-09	1.766905e-09	9.740871e-10	1.148467e-10	9.62536e-11	3.342415e-11	1.603834e-11	7.260915e-12	5.469815e-12
99	0.1143553	0.07967546	0.06879958	0.04514624	0.0445669	0.03194959	0.0137036	0.001914155	0.001250048	0.000820112	0.0005379043	9.424574e-05	5.098179e-05	1.746022e-05	3.196761e-06	6.4648e-08	1.224832e-09	7.642109e-10	5.431365e-10	4.891782e-10	4.522353e-10	4.490142e-10	3.339237e-10	2.499771e-10	1.710988e-10	7.445736e-11	6.229305e-11	2.647411e-11	1.389187e-11	6.233638e-12
100	0.2761338	0.09533113	0.06468904	0.05383628	0.04485931	0.04428733	0.03154525	0.01378064	0.001875526	0.001262021	0.0008302645	0.0005446372	9.504367e-05	5.148576e-05	1.765505e-05	3.231403e-06	6.49228e-08	1.099847e-09	6.362071e-10	4.133497e-10	3.594882e-10	3.22303e-10	3.170373e-10	2.429237e-10	1.887647e-10	1.37521e-10	7.281392e-11	6.09727e-11	2.662432e-11	1.404898e-11
101	0.4133209	0.2710131	0.09641981	0.06548286	0.05448608	0.04540387	0.04482456	0.03191555	0.01394223	0.001872068	0.001278522	0.0008419575	0.000552344	9.638969e-05	5.226232e-05	1.792544e-05	3.281098e-06	6.571175e-08	1.072263e-09	6.023797e-10	3.765362e-10	3.221827e-10	2.845091e-10	2.785064e-10	2.066528e-10	1.593255e-10	1.223427e-10	7.340286e-11	6.149208e-11	2.705371e-11
102	0.9859035	0.4141269	0.2731428	0.0975925	0.06634561	0.05520142	0.04600793	0.04542074	0.03234117	0.01413461	0.001895177	0.001295696	0.0008531263	0.000559366	9.778841e-05	5.306249e-05	1.820388e-05	3.332149e-06	6.653563e-08	1.077694e-09	6.019833e-10	3.736536e-10	3.192605e-10	2.818349e-10	2.756917e-10	2.051499e-10	1.58252e-10	1.220752e-10	7.396124e-11	6.186775e-11
103	0.9631756	0.9532726	0.4009065	0.2661951	0.09511984	0.06609477	0.05489607	0.04591145	0.04531789	0.03216263	0.01382225	0.001504902	0.0008973427	0.0004461955	0.0001428055	9.791719e-05	5.343568e-05	1.833519e-05	3.352474e-06	6.31174e-08	1.029513e-09	5.812131e-10	3.653527e-10	3.122394e-10	2.759197e-10	2.696859e-10	2.007152e-10	1.544517e-10	1.188505e-10	7.154462e-11
104	0.2213595	0.2016017	0.1987842	0.07211548	0.04362663	0.02041161	0.01288094	0.01052818	0.008815982	0.008780385	0.006059166	0.003129766	0.0004786983	0.000349759	0.0002500323	3.343167e-05	2.162905e-05	1.161722e-05	4.062295e-06	7.774808e-07	1.658382e-08	2.314155e-10	1.233232e-10	6.657935e-11	5.72678e-11	5.110723e-11	4.916057e-11	3.534531e-11	2.58168e-11	2.118285e-11
105	0.1212559	0.1057826	0.1016502	0.09977487	0.02795336	0.01405032	0.003679195	0.001261336	0.001000295	0.0007679182	0.0007528326	0.0005940145	0.0003746423	0.0002211628	0.0002101063	0.0002017657	5.412287e-06	2.520121e-06	7.810725e-07	3.235967e-07	7.46168e-08	5.259326e-09	1.020366e-10	6.225267e-11	3.206518e-11	2.824016e-11	2.623818e-11	2.588113e-11	1.867215e-11	1.331306e-11
106	0.03154042	0.02875796	0.02843587	0.02829864	0.0279611	0.01222789	0.006637316	0.002041149	0.00095204	0.0007026481	0.0005237125	0.0005197982	0.000364504	0.0001731505	2.142938e-05	1.304973e-05	4.568669e-06	3.20705e-06	1.596344e-06	7.501198e-07	3.160488e-07	7.085673e-08	2.421064e-09	4.395962e-11	2.596255e-11	1.213352e-11	9.940889e-12	8.392992e-12	7.8638e-12	5.546974e-12
107	0.8370755	0.02434705	0.0231433	0.02288008	0.02279365	0.02251134	0.009561251	0.005285902	0.001676859	0.0008330636	0.0006528168	0.0005093781	0.0005056066	0.0003535795	0.0001685625	1.981031e-05	1.184585e-05	3.432824e-06	2.07649e-06	1.360055e-06	6.500918e-07	2.283384e-07	5.082129e-08	1.874542e-09	3.351444e-11	1.970508e-11	9.971512e-12	8.275283e-12	6.941987e-12	6.496358e-12
108	0.8872174	0.8139403	0.01850683	0.0174875	0.01729952	0.01724198	0.01701659	0.006999817	0.004006369	0.001333644	0.0007383289	0.0006155134	0.0005002387	0.0004965109	0.000346506	0.0001660931	1.915282e-05	1.154784e-05	3.16965e-06	1.821332e-06	1.19948e-06	6.349029e-07	2.184012e-07	4.174931e-08	1.324842e-09	2.341432e-11	1.351621e-11	7.648491e-12	6.461722e-12	5.37054e-12
109	0.897168	0.8727158	0.805364	0.01442125	0.01350112	0.01335322	0.01330834	0.0131201	0.005107299	0.002989407	0.001145183	0.0007306676	0.0006085107	0.0004974525	0.0004937165	0.00034349	0.0001662563	1.8954e-05	1.151206e-05	3.083004e-06	1.726463e-06	1.155752e-06	6.372791e-07	2.196159e-07	4.163622e-08	9.238079e-10	1.548126e-11	9.273819e-12	6.231782e-12	5.380347e-12
110	0.9876482	0.9032754	0.8798122	0.8117271	0.01268417	0.01176791	0.0116315	0.01159582	0.01146421	0.004636393	0.002816769	0.001129057	0.0007412173	0.000617454	0.0005047342	0.0005009451	0.0003485093	0.0001688158	1.920063e-05	1.167145e-05	3.109783e-06	1.73128e-06	1.163618e-06	6.479383e-07	2.234142e-07	4.230234e-08	8.653058e-10	1.371654e-11	8.166477e-12	5.846054e-12
111	0.1280309	0.1236091	0.05948297	0.05312187	0.0233588	0.007273609	0.006513272	0.006441764	0.006423143	0.00635114	0.002517014	0.001464253	0.0003697764	0.0002023882	0.0001751269	0.0001169513	0.0001162186	8.241414e-05	4.028123e-05	7.094863e-06	5.158783e-06	7.692274e-07	4.681882e-07	2.882123e-07	1.410113e-07	4.831843e-08	9.335048e-09	3.688045e-10	7.329247e-12	4.703331e-12
112	0.04776403	0.03286189	0.03104631	0.02321696	0.02129649	0.007942554	0.001951461	0.001907108	0.001884121	0.001878907	0.001858004	0.0007355005	0.0004592005	0.0002205184	0.0001412411	0.0001161602	0.0001008396	0.0001003947	6.978024e-05	3.332565e-05	3.216282e-06	1.721123e-06	6.09763e-07	3.244303e-07	2.256498e-07	1.328455e-07	4.568198e-08	8.61948e-09	1.792875e-10	2.563391e-12
113	0.05601135	0.01733939	0.0171704	0.01694894	0.01537688	0.01512374	0.002894314	0.0002620534	0.0002552625	0.0002485973	0.0002478173	0.0002450841	9.944806e-05	6.155763e-05	3.055512e-05	2.217571e-05	1.901788e-05	1.664133e-05	1.659707e-05	1.257485e-05	4.408845e-06	4.219615e-07	2.254403e-07	7.958594e-08	4.234815e-08	2.953699e-08	1.749225e-08	5.993538e-09	1.084503e-09	1.908606e-11
114	0.8942584	0.04145348	0.01729707	0.0171344	0.01692986	0.01550226	0.01526668	0.002849412	0.0002406871	0.0002343593	0.0002277562	0.0002270321	0.0002245117	9.023081e-05	5.570951e-05	2.768642e-05	2.028107e-05	1.748891e-05	1.530649e-05	1.526499e-05	1.16887e-05	3.929897e-06	3.762576e-07	2.011804e-07	7.106018e-08	3.784743e-08	2.637614e-08	1.562209e-08	5.345025e-09	9.613514e-10
115	0.4953332	0.4921725	0.0279705	0.015415	0.01534537	0.01525594	0.01483382	0.01474189	0.002328481	0.0001225724	0.0001187309	0.0001129333	0.0001125491	0.0001111407	3.469479e-05	1.91094e-05	8.825066e-06	7.478869e-06	7.053927e-06	6.19463e-06	6.173111e-06	5.509307e-06	7.719191e-07	7.992694e-08	4.046163e-08	1.443458e-08	7.935641e-09	5.238804e-09	3.060076e-09	9.893518e-10
116	0.3795719	0.3630891	0.3622858	0.02529952	0.01460188	0.01453545	0.0144785	0.01433584	0.01427298	0.001674542	8.835827e-05	8.528265e-05	7.963523e-05	7.934368e-05	7.82955e-05	2.106791e-05	1.077875e-05	4.82165e-06	4.628436e-06	4.605153e-06	4.04113e-06	4.025526e-06	4.087553e-06	2.403503e-08	8.937149e-09	2.431694e-09	1.063674e-09	9.009045e-10	2.861941e-10	1.175006e-10
117	0.4754114	0.3164019	0.3028678	0.3021807	0.01457664	0.01344839	0.01338203	0.01332465	0.01318649	0.01313269	0.0003214175	6.808353e-05	6.568539e-05	6.013669e-05	5.991977e-05	5.910202e-05	1.392075e-05	5.773309e-06	8.057453e-07	6.544076e-07	6.352226e-07	6.482414e-08	6.146806e-08	6.089321e-08	1.486886e-08	4.876824e-09	1.836725e-09	8.174718e-10	7.051521e-10	1.98183e-10
118	0.2300577	0.2294149	0.1858436	0.1733578	0.1729553	0.001215871	0.0004650486	0.0004625042	0.000404736	0.0002984215	0.0002840851	0.0002754868	5.14927e-05	5.00109e-05	4.957512e-05	4.940707e-05	4.872971e-05	1.081071e-05	3.988545e-06	6.79909e-07	5.940739e-07	5.75363e-07	4.729228e-08	4.42573e-08	4.389461e-08	3.867431e-09	2.856796e-09	1.493582e-09	6.17901e-10	5.079787e-10
119	0.9554361	0.2158105	0.2151826	0.1708414	0.1581886	0.157826	0.0009272089	0.0003693165	0.0003669262	0.0003082457	0.0002008558	0.0001882548	0.0001813248	4.577131e-05	4.456104e-05	4.419491e-05	4.405445e-05	4.345881e-05	9.758498e-06	3.658378e-06	6.758061e-07	5.956208e-07	5.769895e-07	3.967813e-08	3.665819e-08	3.667686e-08	2.79447e-09	2.244759e-09	1.463787e-09	6.122106e-10
120	0.8168489	0.8150988	0.1680771	0.1674944	0.1311992	0.1189226	0.1187778	0.0007296974	0.000284047	0.0002824426	0.0002819932	0.0001746792	0.0001654451	0.0001593736	3.79029e-05	3.690933e-05	3.658592e-05	3.647218e-05	3.596378e-05	8.455332e-06	3.267703e-06	6.548084e-07	5.827276e-07	5.77383e-07	3.060514e-08	2.754576e-08	2.740052e-08	1.786884e-09	1.210495e-09	6.143242e-10
121	0.7689625	0.7610442	0.7608478	0.1035911	0.1033687	0.1026851	0.1024827	0.1023583	0.000672876	0.0002605195	0.0002595627	0.0002591946	0.000152528	0.0001448138	0.0001398467	3.169703e-05	3.084953e-05	3.062023e-05	3.052194e-05	3.00933e-05	6.934149e-06	2.779891e-06	6.416622e-07	5.837834e-07	5.797507e-07	2.366305e-08	2.061818e-08	2.042941e-08	1.381243e-09	8.716343e-10
122	0.991918	0.7681639	0.7602365	0.7600392	0.09067404	0.09044831	0.08975327	0.08956827	0.08945809	0.0006358557	0.0002478509	0.0002470349	0.0002467329	0.0001388739	0.0001318207	0.0001274244	2.698699e-05	2.623178e-05	2.602709e-05	2.593969e-05	2.557546e-05	5.953642e-06	2.451804e-06	6.350997e-07	5.881162e-07	5.850545e-07	1.861065e-08	1.552549e-08	1.523958e-08	1.204831e-09
123	0.9324061	0.9322429	0.7429318	0.7355871	0.7354082	0.0570983	0.05686954	0.0561633	0.05601416	0.05593312	0.0003756601	0.0002307237	0.0002301186	0.0002299072	0.0001210601	0.0001153128	0.0001120693	1.990097e-05	1.933497e-05	1.91803e-05	1.9114e-05	1.884738e-05	4.508706e-06	1.970827e-06	6.265069e-07	5.943442e-07	5.920572e-07	1.48578e-08	1.173618e-08	1.144049e-08
124	0.7138548	0.6933603	0.6932341	0.6056937	0.5989094	0.5987344	0.03775833	0.03752603	0.03680791	0.03670057	0.03664545	0.0002873866	0.0002021697	0.000201754	0.0002016366	9.181384e-05	8.756668e-05	8.534862e-05	1.360497e-05	1.321555e-05	1.310962e-05	1.306434e-05	1.288483e-05	3.238328e-06	1.540567e-06	6.177815e-07	6.012798e-07	5.997347e-07	1.135862e-08	8.200125e-09
125	0.3497138	0.09424604	0.08213303	0.08204429	0.02649154	0.02042989	0.02026418	0.01651406	0.01627858	0.01554867	0.01551053	0.01549503	0.0001644633	0.0001298228	0.0001296338	0.0001295788	1.789494e-05	1.606545e-05	1.540556e-05	5.974877e-06	5.860339e-06	5.830902e-06	5.818037e-06	5.745556e-06	1.767321e-06	1.062843e-06	6.173251e-07	6.087414e-07	6.078401e-07	7.808232e-09
126	0.02971104	0.02918741	0.0242209	0.01510647	0.01502602	0.001937505	0.001708673	0.001582863	0.001530849	0.00153033	0.001529061	0.001525768	0.001524198	5.796804e-06	2.492593e-06	2.465545e-06	2.439802e-06	2.270235e-06	1.538513e-06	1.469282e-06	5.486998e-07	5.381928e-07	5.352084e-07	5.33908e-07	5.264485e-07	1.166963e-07	4.395768e-08	6.971069e-09	5.371561e-09	5.0646e-09
127	0.03474168	0.02249944	0.02236532	0.01770504	0.0102565	0.01017609	0.0004085191	0.000197581	7.18432e-05	5.022947e-05	5.001383e-05	4.927857e-05	4.906276e-05	4.900843e-05	3.69334e-07	2.529065e-07	2.516645e-07	2.322847e-07	8.819582e-08	7.174e-08	6.300571e-08	1.7452e-08	1.709441e-08	1.697418e-08	1.693205e-08	1.67624e-08	7.66767e-09	4.888643e-09	2.458471e-09	1.759278e-09
128	0.1237697	0.0242575	0.01791706	0.0177891	0.01379819	0.006213929	0.006212758	0.0002513642	5.899737e-05	5.424304e-05	3.355387e-05	3.340258e-05	3.279836e-05	3.261711e-05	3.258569e-05	2.399022e-07	1.592475e-07	1.58378e-07	1.465097e-07	5.370593e-08	4.365296e-08	4.021018e-08	1.158494e-08	1.136408e-08	1.128379e-08	1.125824e-08	1.115537e-08	5.637392e-09	3.759203e-09	1.958736e-09
129	0.5208214	0.08033737	0.01446909	0.01319311	0.01307296	0.009160059	0.001414414	0.001413586	3.150258e-05	2.671014e-05	2.312008e-05	2.128854e-05	2.114426e-05	2.055947e-05	2.040335e-05	2.038625e-05	8.690971e-08	4.291309e-08	4.24559e-08	4.020774e-08	2.229983e-08	1.991868e-08	1.825105e-08	7.274195e-09	7.157883e-09	7.109476e-09	7.096456e-09	7.031348e-09	3.486992e-09	2.596303e-09
130	0.4940002	0.4511287	0.06245193	0.004223528	0.003446744	0.003436108	0.001299862	0.001123443	0.001122754	2.291819e-05	2.006202e-05	1.988025e-05	1.821873e-05	1.809934e-05	1.763853e-05	1.75741e-05	1.756042e-05	5.857582e-08	2.07915e-08	2.046849e-08	1.987897e-08	1.561421e-08	1.479825e-08	1.402517e-08	6.251253e-09	6.161963e-09	6.131533e-09	6.121472e-09	6.067171e-09	3.095794e-09
131	0.3387389	0.2013633	0.1925439	0.02714912	0.001372537	0.001188126	0.001181868	0.001138584	0.000993921	0.0009935196	1.38994e-05	1.173287e-05	1.155025e-05	1.11097e-05	1.110043e-05	1.103489e-05	1.09769e-05	1.096426e-05	4.032617e-08	1.655721e-08	1.64115e-08	1.613527e-08	1.241035e-08	1.168027e-08	1.094719e-08	3.930313e-09	3.851169e-09	3.823556e-09	3.814315e-09	3.763988e-09
132	0.610951	0.29424	0.1823906	0.1743033	0.02386641	0.0005367744	0.0003883461	0.000382053	0.0003439628	0.000196101	0.0001956913	1.276713e-05	1.056803e-05	1.03814e-05	1.011505e-05	1.010594e-05	1.00401e-05	9.982674e-06	9.971017e-06	3.72531e-08	1.564669e-08	1.55109e-08	1.523175e-08	1.143563e-08	1.075547e-08	1.005542e-08	3.574612e-09	3.502138e-09	3.476211e-09	3.467794e-09
133	0.67349	0.3034131	0.2701777	0.1654911	0.1578534	0.02175485	0.0005192686	0.0003869122	0.0003805448	0.0003417802	0.0001904577	0.0001900427	1.008534e-05	9.647172e-06	9.458491e-06	9.213346e-06	9.204092e-06	9.136813e-06	9.080167e-06	9.069598e-06	3.344252e-08	1.379472e-08	1.367035e-08	1.34453e-08	1.029463e-08	9.711549e-09	9.054909e-09	3.251014e-09	3.186068e-09	3.162096e-09
134	0.5475955	0.5437828	0.2208316	0.1988393	0.1470261	0.1428991	0.01958422	0.0003346735	0.0002136867	0.0002131443	0.0001940312	0.0001932707	0.0001928461	8.951203e-06	8.509768e-06	8.474794e-06	8.246534e-06	8.245168e-06	8.240208e-06	8.229739e-06	8.220175e-06	3.003392e-08	1.224839e-08	1.215032e-08	1.192708e-08	8.776035e-09	8.280469e-09	7.878916e-09	2.938382e-09	2.881221e-09
135	0.4144491	0.1632069	0.1593346	0.1259252	0.1049404	0.07596397	0.07327807	0.009899651	7.106839e-05	9.109404e-06	8.843757e-06	7.345878e-06	7.108072e-06	6.675147e-06	4.780466e-06	4.359715e-06	4.324411e-06	4.17786e-06	4.177498e-06	4.175788e-06	4.166454e-06	4.157889e-06	1.929266e-08	1.015053e-08	1.009388e-08	9.869845e-09	6.649988e-09	6.187134e-09	5.82327e-09	1.507585e-09
136	0.5686363	0.3987403	0.1442932	0.1403272	0.1075319	0.08635406	0.0616162	0.05925514	0.007990333	5.942593e-05	7.421926e-06	7.199949e-06	5.841314e-06	5.646983e-06	5.202988e-06	3.542939e-06	3.512673e-06	3.476599e-06	3.346618e-06	3.346278e-06	3.344605e-06	3.335888e-06	3.327964e-06	1.680582e-08	9.45132e-09	9.402914e-09	9.175942e-09	5.889836e-09	5.448194e-09	5.109398e-09
137	0.4746658	0.473661	0.3275314	0.08957243	0.08803411	0.07730451	0.07013629	0.04940583	0.04743012	0.006397175	4.96375e-05	5.677686e-06	5.491781e-06	4.527559e-06	4.370726e-06	4.25501e-06	2.806733e-06	2.7803e-06	2.769088e-06	2.652502e-06	2.65226e-06	2.651385e-06	2.642892e-06	2.636195e-06	1.501738e-08	9.131978e-09	9.090616e-09	8.861483e-09	5.496859e-09	5.06144e-09
138	0.4003786	0.3872699	0.3869291	0.2471933	0.06940031	0.06782685	0.05873079	0.05173662	0.03668978	0.03501968	0.004704102	3.956222e-05	4.598641e-06	4.451001e-06	3.546253e-06	3.42772e-06	3.308892e-06	2.028101e-06	2.006551e-06	1.995147e-06	1.915174e-06	1.914948e-06	1.914162e-06	1.90673e-06	1.902327e-06	1.279542e-08	8.502648e-09	8.468931e-09	8.23928e-09	4.795468e-09
139	0.2691693	0.2662936	0.2641361	0.2638905	0.2247041	0.04788344	0.04758391	0.04049268	0.03798429	0.02684299	0.02554638	0.003404255	2.996404e-05	3.491349e-06	3.381139e-06	2.683386e-06	2.599603e-06	2.560777e-06	1.439416e-06	1.421317e-06	1.41787e-06	1.350513e-06	1.350336e-06	1.349972e-06	1.345741e-06	1.343246e-06	9.966536e-09	6.944126e-09	6.916439e-09	6.684361e-09
140	0.2264143	0.08977108	0.08796286	0.08659383	0.08638251	0.05210395	0.03358155	0.03327614	0.02785571	0.02570707	0.01815256	0.01720474	0.002270073	2.115688e-05	2.716088e-06	2.637129e-06	2.068496e-06	2.012138e-06	1.974197e-06	9.626455e-07	9.474477e-07	9.43987e-07	8.962542e-07	8.961054e-07	8.958059e-07	8.935964e-07	8.922737e-07	7.30309e-09	5.316054e-09	5.294398e-09
141	0.06644389	0.06239853	0.04596028	0.04506286	0.04404279	0.04401377	0.03627409	0.02042801	0.02040917	0.01673708	0.01564874	0.01070796	0.01008186	0.001354117	1.407166e-05	2.024638e-06	1.972427e-06	1.587077e-06	1.554055e-06	1.536645e-06	6.045732e-07	5.914857e-07	5.903495e-07	5.554025e-07	5.553051e-07	5.551564e-07	5.541753e-07	5.535931e-07	4.826698e-09	3.618294e-09
142	0.8654281	0.03611491	0.03317945	0.02320015	0.02265686	0.02207627	0.02204784	0.01698985	0.01288131	0.01286315	0.01020467	0.009334885	0.006134996	0.005704103	0.0007764991	9.553948e-06	1.629445e-06	1.593665e-06	1.3037e-06	1.284573e-06	1.267051e-06	3.679194e-07	3.560033e-07	3.54879e-07	3.305758e-07	3.305033e-07	3.303897e-07	3.300874e-07	3.299146e-07	3.327916e-09
143	0.095545	0.09030094	0.01952234	0.01844686	0.01312354	0.01284698	0.01237805	0.01237171	0.01026812	0.007092955	0.007091325	0.005536009	0.005077509	0.003230753	0.002983211	0.0004089552	6.127393e-06	1.250182e-06	1.22884e-06	1.113985e-06	1.103929e-06	1.089264e-06	2.014199e-07	1.902387e-07	1.896007e-07	1.75148e-07	1.751133e-07	1.75072e-07	1.748375e-07	1.747128e-07
144	0.6841626	0.08010631	0.07751624	0.0135977	0.01274427	0.008995205	0.008809396	0.008480545	0.008474253	0.007153313	0.004777664	0.004776296	0.003667667	0.003300136	0.002037172	0.001865109	0.0002546208	3.89414e-06	1.144364e-06	1.12858e-06	1.053601e-06	1.047211e-06	1.032075e-06	1.310029e-07	1.19914e-07	1.192725e-07	1.092146e-07	1.091939e-07	1.091631e-07	1.0897e-07
145	0.6624482	0.636095	0.07299762	0.07137106	0.01011579	0.009425003	0.006645951	0.006538254	0.006234051	0.006233824	0.005431205	0.003267928	0.003267636	0.002457878	0.00216318	0.001264858	0.001142524	0.0001560087	2.981782e-06	1.054631e-06	1.046789e-06	1.010589e-06	1.006805e-06	1.006802e-06	8.56541e-08	7.450438e-08	7.388414e-08	6.651815e-08	6.650779e-08	6.648644e-08
146	0.9203895	0.6677552	0.6504673	0.0735888	0.0721596	0.00961975	0.008931703	0.006330817	0.00623208	0.005941091	0.005940887	0.005219132	0.003047606	0.003047343	0.002277597	0.001987101	0.001141523	0.001026183	0.000139783	2.664869e-06	1.0711e-06	1.063813e-06	1.032357e-06	1.028932e-06	1.028928e-06	7.873501e-08	6.725855e-08	6.66192e-08	5.964077e-08	5.963215e-08
147	0.9990903	0.922417	0.685517	0.6694805	0.07442549	0.07310726	0.009060406	0.008369998	0.005933851	0.005842476	0.005720824	0.00572064	0.005066488	0.002868954	0.002868716	0.002131603	0.001843414	0.00103868	0.0009290464	0.0001265214	2.583946e-06	1.09274e-06	1.085913e-06	1.058707e-06	1.055581e-06	1.055578e-06	7.305745e-08	6.122166e-08	6.056146e-08	5.387431e-08
148	0.9957561	0.9948836	0.921405	0.7009763	0.6862667	0.07541272	0.07421505	0.00860325	0.007910775	0.00560659	0.005523145	0.005456109	0.005455945	0.004873897	0.002655493	0.002655282	0.001965113	0.001681677	0.0009273585	0.0008253575	0.000112355	2.48765e-06	1.120894e-06	1.114623e-06	1.087301e-06	1.084475e-06	1.084472e-06	6.721861e-08	5.499898e-08	5.431614e-08
149	0.9774576	0.9730915	0.9722628	0.908374	0.713559	0.700386	0.07624862	0.07518789	0.008066187	0.00737322	0.00519613	0.005121364	0.005071149	0.005071007	0.004565416	0.002349694	0.002349511	0.001748233	0.001477256	0.0007985548	0.0007096279	9.724154e-05	2.337032e-06	1.150251e-06	1.144798e-06	1.117907e-06	1.11541e-06	1.115407e-06	6.079216e-08	4.844784e-08
150	0.2853607	0.27663	0.274259	0.2737867	0.2222621	0.08814306	0.07702308	0.05595093	0.05507214	0.005483143	0.004798396	0.002749211	0.002684614	0.002641265	0.002641146	0.00221249	0.001649628	0.001649475	0.001339344	0.00111919	0.0006340442	0.0005839688	8.149891e-05	1.928774e-06	1.172831e-06	1.169371e-06	1.143154e-06	1.140994e-06	1.140991e-06	5.259471e-08
151	0.898882	0.2084162	0.2025964	0.200265	0.1999746	0.1790391	0.07776619	0.07131365	0.05580305	0.05523471	0.004539193	0.003858719	0.001949997	0.001896081	0.001862511	0.00186242	0.00152393	0.001192009	0.001191892	0.001040173	0.0008449834	0.0004804927	0.0004528333	6.205619e-05	5.369609e-07	5.856452e-08	5.641951e-08	5.409185e-08	5.271216e-08	5.271211e-08
152	0.1054909	0.08974761	0.08652233	0.08633998	0.0861659	0.08597845	0.07113147	0.01428303	0.009781111	0.004297892	0.003901513	0.002361968	0.001679261	0.00123988	0.00119697	0.001174446	0.001174383	0.0009349799	0.0007316045	0.0007315233	0.0006482351	0.0004603633	0.0003286617	0.0003123068	4.276134e-05	3.32186e-07	2.88613e-08	2.751069e-08	2.604955e-08	2.509162e-08
153	0.04299221	0.04282418	0.04231412	0.04220614	0.0421681	0.04211651	0.04203411	0.03539706	0.006663671	0.004535605	0.001765546	0.00157915	0.0007934151	0.0007681404	0.0005377252	0.000524023	0.0005124482	0.0005124158	0.0003861156	0.0002846463	0.0002846051	0.0002433231	0.0002332416	0.0001659781	0.0001578646	2.161201e-05	1.666893e-07	1.408809e-08	1.341344e-08	1.277584e-08
154	0.06680184	0.02227675	0.02222226	0.02192651	0.02184705	0.02182131	0.0217886	0.02174452	0.01830587	0.003453502	0.002353418	0.0009215172	0.000825152	0.0004108242	0.000397655	0.0002839238	0.000276368	0.0002705929	0.0002705756	0.0001977882	0.0001466197	0.0001465981	0.0001258105	0.0001202952	8.578297e-05	8.166642e-05	1.117857e-05	8.545512e-08	7.227946e-09	6.882274e-09
155	0.003748307	0.003435797	0.001268617	0.001265904	0.001256298	0.001254856	0.001254157	0.001252918	0.001249869	0.001054117	0.0001924563	0.0001301844	4.790607e-05	4.249667e-05	1.868566e-05	1.797636e-05	1.147188e-05	1.108688e-05	1.086217e-05	1.086005e-05	7.398065e-06	6.547004e-06	6.545029e-06	6.344302e-06	6.263505e-06	4.845471e-06	4.741878e-06	6.46516e-07	3.707662e-09	3.915226e-10
156	0.06993056	0.002497489	0.002378424	0.0007527327	0.0007508781	0.000744785	0.0007437728	0.0007433434	0.0007426036	0.0007404929	0.0006245911	0.0001137453	7.685688e-05	2.809645e-05	2.489152e-05	1.07642e-05	1.03474e-05	6.499053e-06	6.272951e-06	6.15169e-06	6.149891e-06	4.127706e-06	3.833886e-06	3.832365e-06	3.735575e-06	3.692231e-06	2.869774e-06	2.811398e-06	3.82451e-07	2.172967e-09
157	0.03523855	0.02768344	0.001533336	0.00148574	0.0002977315	0.0002967893	0.0002941527	0.0002938486	0.0002937332	0.0002934793	0.0002929275	0.0002470534	4.495449e-05	3.035424e-05	1.10673e-05	9.79737e-06	4.201996e-06	4.03907e-06	2.520094e-06	2.432076e-06	2.384689e-06	2.38447e-06	1.606853e-06	1.502355e-06	1.502072e-06	1.470543e-06	1.454921e-06	1.134361e-06	1.112234e-06	1.512636e-07
158	0.005447859	0.002420709	0.002056591	0.0009561137	0.0009542985	1.063308e-05	1.013149e-05	9.195753e-06	9.178595e-06	9.174716e-06	9.166586e-06	9.149252e-06	7.711628e-06	1.40653e-06	9.519543e-07	3.452956e-07	3.055783e-07	1.315143e-07	1.263026e-07	7.913254e-08	7.639411e-08	7.494434e-08	7.493746e-08	5.094826e-08	4.765927e-08	4.765037e-08	4.671111e-08	4.625165e-08	3.531224e-08	3.464293e-08
159	0.9994622	0.005238801	0.002254765	0.0019304	0.001008997	0.001007497	8.453298e-06	7.9252e-06	6.94755e-06	6.931494e-06	6.928477e-06	6.922273e-06	6.909152e-06	5.821258e-06	1.063293e-06	7.201625e-07	2.608339e-07	2.307679e-07	9.958442e-08	9.560295e-08	6.00751e-08	5.800641e-08	5.691722e-08	5.691201e-08	3.889449e-08	3.62992e-08	3.629247e-08	3.555402e-08	3.520749e-08	2.663086e-08
160	0.8837839	0.8834536	0.002229972	0.0006690165	0.0004866151	5.260723e-05	5.162467e-05	5.883795e-06	5.330462e-06	4.326058e-06	4.313221e-06	4.311418e-06	4.307633e-06	4.299432e-06	3.61697e-06	6.570216e-07	4.427246e-07	1.602346e-07	1.413269e-07	6.104604e-08	5.849209e-08	3.653456e-08	3.524127e-08	3.456999e-08	3.456671e-08	2.345668e-08	2.211653e-08	2.211229e-08	2.160373e-08	2.13874e-08
161	0.03808033	0.03573003	0.03559476	0.0003920823	0.0002602465	0.0002242133	4.779909e-05	4.750196e-05	1.890306e-06	1.831519e-06	1.569419e-06	1.565787e-06	1.565108e-06	1.563708e-06	1.560656e-06	1.306503e-06	2.365899e-07	1.586521e-07	5.645953e-08	4.947855e-08	2.178059e-08	2.075516e-08	1.304618e-08	1.257417e-08	1.23407e-08	1.233947e-08	8.543053e-09	8.039186e-09	8.037594e-09	7.901418e-09
162	0.02010719	0.007881778	0.00746206	0.0074349	0.0001495692	0.000122616	0.0001167253	4.826949e-05	4.82303e-05	6.391717e-07	5.787643e-07	3.058065e-07	3.038901e-07	3.037003e-07	3.033838e-07	3.026814e-07	2.493892e-07	4.344949e-08	2.825449e-08	8.470368e-09	7.166891e-09	3.582779e-09	3.429283e-09	2.301007e-09	2.2339e-09	2.204112e-09	2.203808e-09	1.762756e-09	1.665203e-09	1.664815e-09
163	0.9996236	0.02007837	0.007835512	0.007418205	0.007390684	0.0001558706	0.000129465	0.0001237442	5.222481e-05	5.218686e-05	6.625992e-07	5.972069e-07	3.016785e-07	2.996252e-07	2.994312e-07	2.991139e-07	2.984086e-07	2.452813e-07	4.253814e-08	2.754221e-08	8.054887e-09	6.769917e-09	3.454617e-09	3.304647e-09	2.238663e-09	2.174786e-09	2.147602e-09	2.147295e-09	1.747914e-09	1.653366e-09
164	0.9169932	0.9167286	0.01999645	0.007724866	0.007317646	0.007301457	0.0001633485	0.000137344	0.0001318794	5.683515e-05	5.680191e-05	6.895131e-07	6.183835e-07	2.967268e-07	2.945718e-07	2.944407e-07	2.941383e-07	2.934468e-07	2.405214e-07	4.147412e-08	2.671302e-08	7.56605e-09	6.303173e-09	3.300052e-09	3.154454e-09	2.15943e-09	2.099469e-09	2.075246e-09	2.074971e-09	1.724465e-09
165	0.9514921	0.9128115	0.9125469	0.01999207	0.007649826	0.007245749	0.007229972	0.0001666764	0.0001411443	0.0001358921	5.640856e-05	5.637727e-05	6.67081e-07	5.99504e-07	2.914996e-07	2.894434e-07	2.893134e-07	2.890127e-07	2.883233e-07	2.358763e-07	4.044565e-08	2.592641e-08	7.117001e-09	5.876545e-09	3.155021e-09	3.013669e-09	2.083886e-09	2.027492e-09	2.006161e-09	2.005887e-09
166	0.9992727	0.952777	0.9151027	0.9148486	0.01986947	0.007611838	0.00721019	0.007194503	0.0001458815	0.0001232373	0.0001180851	3.257383e-05	3.254369e-05	4.186849e-07	3.964667e-07	2.814868e-07	2.806624e-07	2.805373e-07	2.802485e-07	2.79588e-07	2.295667e-07	3.932626e-08	2.522648e-08	6.925803e-09	5.721605e-09	3.087743e-09	2.951309e-09	2.053927e-09	1.999388e-09	1.979142e-09
167	0.9922809	0.9915391	0.9439705	0.9084716	0.9082124	0.01959533	0.007448152	0.007051653	0.007036893	0.0001542965	0.0001312419	0.0001260205	3.591697e-05	3.588538e-05	4.179692e-07	3.938301e-07	2.681148e-07	2.67238e-07	2.671103e-07	2.668151e-07	2.661388e-07	2.166269e-07	3.774953e-08	2.430583e-08	7.03609e-09	5.893742e-09	3.119156e-09	2.98111e-09	2.080676e-09	2.02612e-09
168	0.9996797	0.9913598	0.99059	0.9412839	0.9083847	0.9081158	0.01962802	0.007512824	0.007118039	0.007102867	0.0001722026	0.0001483393	0.0001429383	4.096931e-05	4.093545e-05	4.240973e-07	3.965515e-07	2.530089e-07	2.520377e-07	2.519056e-07	2.515999e-07	2.508982e-07	2.016611e-07	3.60361e-08	2.333128e-08	7.263393e-09	6.191576e-09	3.194783e-09	3.053364e-09	2.137794e-09
169	0.999517	0.9991613	0.9898295	0.9890178	0.9373969	0.9082264	0.9079445	0.01967082	0.007598761	0.007206282	0.007190563	0.0001962089	0.0001712108	0.0001655705	4.770979e-05	4.767288e-05	4.32281e-07	4.001882e-07	2.328545e-07	2.317572e-07	2.316194e-07	2.312995e-07	2.305641e-07	1.816956e-07	3.374752e-08	2.202864e-08	7.560897e-09	6.583188e-09	3.295367e-09	3.14946e-09
170	0.9938188	0.9933203	0.9931673	0.9825405	0.98193	0.9441645	0.9173894	0.9171808	0.01509713	0.007774158	0.007376264	0.007359684	0.0001734287	0.0001478945	0.0001419108	1.153783e-05	1.149664e-05	4.482419e-07	4.098504e-07	2.094938e-07	2.082593e-07	2.081504e-07	2.079056e-07	2.073598e-07	1.68142e-07	3.186737e-08	2.138204e-08	8.038466e-09	7.138847e-09	3.47257e-09
171	0.9919149	0.9915503	0.9910231	0.9908614	0.9785752	0.9780585	0.9476975	0.9169602	0.91679	0.01603605	0.007934113	0.007533728	0.007516079	0.0002080387	0.0001804768	0.0001740724	1.390175e-05	1.385936e-05	3.353037e-07	3.155034e-07	2.307962e-07	2.298417e-07	2.297453e-07	2.295376e-07	2.290907e-07	1.921637e-07	3.594056e-08	2.442543e-08	9.247675e-09	8.236759e-09
172	0.9849821	0.9771259	0.9768052	0.9762473	0.976071	0.9741781	0.9735003	0.9337717	0.8934287	0.8932066	0.0179608	0.008026986	0.007625578	0.007606388	0.0002648108	0.0002343065	0.0002272722	1.802541e-05	1.797917e-05	4.356053e-07	4.100975e-07	3.007982e-07	2.998846e-07	2.997611e-07	2.99494e-07	2.989112e-07	2.508929e-07	4.6099e-08	3.10319e-08	1.142098e-08
173	0.9990321	0.9842015	0.9765203	0.9761923	0.9755415	0.9753439	0.9734483	0.9727258	0.9332388	0.8928404	0.8926163	0.01795084	0.007976992	0.007579059	0.007559782	0.0002628556	0.0002322634	0.0002252121	1.104105e-05	1.099441e-05	3.720312e-07	3.588628e-07	3.026143e-07	3.020329e-07	3.019081e-07	3.01642e-07	3.010621e-07	2.535285e-07	4.62912e-08	3.132807e-08
174	0.9972774	0.9969536	0.9822309	0.9745632	0.9742603	0.9738894	0.9737568	0.9719036	0.9713273	0.9319486	0.8916084	0.8913946	0.01792562	0.007965974	0.007568639	0.007549649	0.0002625353	0.0002319824	0.0002249413	1.102768e-05	1.098114e-05	3.715051e-07	3.583538e-07	3.021774e-07	3.016001e-07	3.014802e-07	3.012152e-07	3.006371e-07	2.531656e-07	4.622702e-08
