#unpaired probabilities
 #i$	l=1	2	3	4	5	6	7	8	9	10	11	12	13	14	15	16	17	18	19	20	21	22	23	24	25	26	27	28	29	30	
1	0.9999929	NA	NA	NA	NA	NA	NA	NA	NA	NA	NA	NA	NA	NA	NA	NA	NA	NA	NA	NA	NA	NA	NA	NA	NA	NA	NA	NA	NA	NA
2	0.2389438	0.2388391	NA	NA	NA	NA	NA	NA	NA	NA	NA	NA	NA	NA	NA	NA	NA	NA	NA	NA	NA	NA	NA	NA	NA	NA	NA	NA	NA	NA
3	0.9169631	0.2386036	0.2384769	NA	NA	NA	NA	NA	NA	NA	NA	NA	NA	NA	NA	NA	NA	NA	NA	NA	NA	NA	NA	NA	NA	NA	NA	NA	NA	NA
4	0.0999886	0.0648359	0.02762706	0.02744425	NA	NA	NA	NA	NA	NA	NA	NA	NA	NA	NA	NA	NA	NA	NA	NA	NA	NA	NA	NA	NA	NA	NA	NA	NA	NA
5	0.2100521	0.07226191	0.04555952	0.02001533	0.01991099	NA	NA	NA	NA	NA	NA	NA	NA	NA	NA	NA	NA	NA	NA	NA	NA	NA	NA	NA	NA	NA	NA	NA	NA	NA
6	0.3921349	0.2051549	0.07115715	0.0446841	0.01961537	0.01951255	NA	NA	NA	NA	NA	NA	NA	NA	NA	NA	NA	NA	NA	NA	NA	NA	NA	NA	NA	NA	NA	NA	NA	NA
7	0.9999978	0.3921324	0.2051519	0.07115336	0.0446841	0.01961537	0.01951255	NA	NA	NA	NA	NA	NA	NA	NA	NA	NA	NA	NA	NA	NA	NA	NA	NA	NA	NA	NA	NA	NA	NA
8	0.6883052	0.7295669	0.1889687	0.1024568	0.03359017	0.02510798	0.01022754	0.01012466	NA	NA	NA	NA	NA	NA	NA	NA	NA	NA	NA	NA	NA	NA	NA	NA	NA	NA	NA	NA	NA	NA
9	0.8275936	0.6415775	0.6831091	0.146163	0.09906765	0.03201035	0.02490526	0.01015468	0.01005187	NA	NA	NA	NA	NA	NA	NA	NA	NA	NA	NA	NA	NA	NA	NA	NA	NA	NA	NA	NA	NA
10	0.8126621	0.6722768	0.6367904	0.6789769	0.1435024	0.0985185	0.03165124	0.02486329	0.01015123	0.01005027	NA	NA	NA	NA	NA	NA	NA	NA	NA	NA	NA	NA	NA	NA	NA	NA	NA	NA	NA	NA
11	0.5063873	0.4357165	0.258561	0.17865	0.1568175	0.139947	0.09698544	0.03126678	0.02470283	0.01013954	0.01003258	NA	NA	NA	NA	NA	NA	NA	NA	NA	NA	NA	NA	NA	NA	NA	NA	NA	NA	NA
12	0.6866318	0.4947952	0.4233285	0.245012	0.163614	0.1397244	0.1200932	0.09357432	0.03121258	0.02466685	0.0101263	0.01001957	NA	NA	NA	NA	NA	NA	NA	NA	NA	NA	NA	NA	NA	NA	NA	NA	NA	NA
13	0.3530622	0.3075632	0.2930133	0.2762824	0.138072	0.09914564	0.08724949	0.0745542	0.05892398	0.01675968	0.01376441	0.006783057	0.006784081	NA	NA	NA	NA	NA	NA	NA	NA	NA	NA	NA	NA	NA	NA	NA	NA	NA
14	0.5144393	0.2613468	0.2117732	0.1897864	0.1639754	0.1326181	0.09681555	0.08516786	0.07290238	0.0576097	0.01636658	0.01345331	0.006634373	0.006635564	NA	NA	NA	NA	NA	NA	NA	NA	NA	NA	NA	NA	NA	NA	NA	NA
15	0.8475617	0.4545653	0.2581932	0.208726	0.1866156	0.1606378	0.1299227	0.09558203	0.08382911	0.07269889	0.05744698	0.01631573	0.01341155	0.006616207	0.006617415	NA	NA	NA	NA	NA	NA	NA	NA	NA	NA	NA	NA	NA	NA	NA
16	0.006326428	0.00233342	0.001419522	0.0009058322	0.0005831699	0.0005175583	0.0004496361	0.0003616903	0.0002706002	0.0002404479	0.0002059928	0.0001587202	3.9838e-05	3.272791e-05	1.735566e-05	1.90883e-05	NA	NA	NA	NA	NA	NA	NA	NA	NA	NA	NA	NA	NA	NA
17	0.0212462	0.003629781	0.0002301807	0.000204797	0.0001968643	1.870485e-05	1.746281e-05	1.60075e-05	8.774432e-06	6.190024e-06	5.186683e-06	3.729989e-06	1.586207e-06	3.988996e-07	3.222442e-07	1.701087e-07	1.860154e-07	NA	NA	NA	NA	NA	NA	NA	NA	NA	NA	NA	NA	NA
18	0.05076003	0.02055052	0.003473774	0.0001961305	0.0001785009	0.0001863877	9.271946e-06	8.207945e-06	6.947039e-06	5.45328e-06	3.707634e-06	2.979209e-06	1.842559e-06	1.330623e-07	3.629682e-08	2.414985e-08	1.196211e-08	1.203469e-08	NA	NA	NA	NA	NA	NA	NA	NA	NA	NA	NA	NA
19	0.08707297	0.04264751	0.01858921	0.001424246	0.0001882727	0.0001715541	0.0001841843	7.286874e-06	6.479728e-06	5.465708e-06	4.277097e-06	2.898017e-06	2.30786e-06	1.389816e-06	9.634924e-08	2.583951e-08	1.741632e-08	8.591839e-09	8.589188e-09	NA	NA	NA	NA	NA	NA	NA	NA	NA	NA	NA
20	0.02548867	0.0190328	0.01784322	0.01821506	0.001129654	0.0001563	0.0001650094	0.0001776426	4.172519e-07	1.568816e-07	1.28411e-07	1.025521e-07	7.126791e-08	5.927252e-08	3.559911e-08	2.814748e-09	7.657937e-10	5.844401e-10	2.621891e-10	2.6354e-10	NA	NA	NA	NA	NA	NA	NA	NA	NA	NA
21	0.04829962	0.004977025	0.003414542	0.001462571	0.0009293425	0.0009848799	2.648383e-06	3.840805e-07	3.993777e-07	4.006209e-07	1.413646e-07	1.149306e-07	9.170447e-08	6.371364e-08	5.282209e-08	3.229444e-08	2.558348e-09	6.963903e-10	5.404198e-10	2.4036e-10	2.413043e-10	NA	NA	NA	NA	NA	NA	NA	NA	NA
22	0.139738	0.04457068	0.002840237	0.001452053	0.0005635364	4.380074e-06	2.196377e-06	2.078577e-06	1.657513e-07	1.646092e-07	1.464698e-07	1.352177e-07	1.098015e-07	8.761935e-08	6.083674e-08	5.044756e-08	3.086027e-08	2.468587e-09	6.826972e-10	5.30293e-10	2.353679e-10	2.362292e-10	NA	NA	NA	NA	NA	NA	NA	NA
23	0.9488219	0.1196783	0.0390475	0.002496727	0.001358078	0.0005179856	2.048831e-06	3.659251e-07	1.902648e-07	1.494401e-07	1.506363e-07	1.322978e-07	1.265015e-07	1.042437e-07	8.334864e-08	5.799837e-08	4.814876e-08	2.921491e-08	1.736937e-09	4.208534e-10	3.348811e-10	1.611286e-10	1.631888e-10	NA	NA	NA	NA	NA	NA	NA
24	0.948544	0.9469997	0.1191649	0.03891926	0.002494136	0.001357123	0.0005175778	1.971256e-06	3.455146e-07	1.6876e-07	1.264359e-07	1.279388e-07	1.318817e-07	1.260641e-07	1.037816e-07	8.299207e-08	5.794343e-08	4.809567e-08	2.918975e-08	1.719035e-09	4.156562e-10	3.307703e-10	1.591373e-10	1.611628e-10	NA	NA	NA	NA	NA	NA
25	0.9999068	0.9485415	0.9469996	0.1191649	0.0389192	0.002494135	0.001357122	0.0005175775	1.97101e-06	3.452583e-07	1.684867e-07	1.26143e-07	1.276236e-07	1.315403e-07	1.256916e-07	1.037816e-07	8.299207e-08	5.794343e-08	4.809567e-08	2.918975e-08	1.719032e-09	4.156528e-10	3.307703e-10	1.591373e-10	1.611628e-10	NA	NA	NA	NA	NA
26	0.7907702	0.8098026	0.819216	0.8495439	0.04057134	0.03076881	0.002354342	0.001299708	0.0004933863	1.409001e-06	2.574753e-07	1.122794e-07	1.109735e-07	1.162816e-07	1.207723e-07	1.170097e-07	1.002354e-07	8.013617e-08	5.586071e-08	4.627777e-08	2.763195e-08	5.186833e-10	6.432676e-11	4.346931e-11	2.278357e-11	2.488795e-11	NA	NA	NA	NA
27	0.1090795	0.07352119	0.06463022	0.04470984	0.04180962	0.04026976	0.03064334	0.00235201	0.001298435	0.0004928966	1.397045e-06	2.538802e-07	1.085652e-07	1.070178e-07	1.122315e-07	1.196736e-07	1.158306e-07	9.896504e-08	7.905286e-08	5.578901e-08	4.621177e-08	2.760095e-08	5.06467e-10	6.041722e-11	4.131431e-11	2.168875e-11	2.369072e-11	NA	NA	NA
28	0.196783	0.03472688	0.03208526	0.02524076	0.009378789	0.00680551	0.00482863	0.002858317	0.0003053953	8.80642e-05	3.35013e-05	2.642732e-07	1.240734e-07	1.024484e-08	1.046987e-08	1.042576e-08	1.089679e-08	9.683292e-09	8.365872e-09	6.802105e-09	4.783087e-09	4.080965e-09	3.006817e-09	1.540653e-10	4.244563e-11	2.848252e-11	1.410681e-11	1.406482e-11	NA	NA
29	0.2406008	0.1945949	0.03351179	0.03132859	0.02447082	0.008809147	0.006260666	0.00470244	0.002731751	0.0002971339	8.317754e-05	3.164658e-05	2.59029e-07	1.233817e-07	9.671299e-09	9.864002e-09	9.806743e-09	1.028736e-08	9.068997e-09	7.795557e-09	6.290221e-09	4.551533e-09	3.881557e-09	2.907551e-09	1.526317e-10	4.236406e-11	2.842165e-11	1.407078e-11	1.401718e-11	NA
30	0.9999969	0.2405978	0.1945925	0.03351176	0.03132856	0.0244708	0.008809147	0.006260666	0.00470244	0.002731751	0.0002971339	8.317754e-05	3.164658e-05	2.590289e-07	1.233816e-07	9.671184e-09	9.86388e-09	9.806621e-09	1.028722e-08	9.068853e-09	7.795557e-09	6.290221e-09	4.551533e-09	3.881557e-09	2.90755e-09	1.526315e-10	4.236384e-11	2.842165e-11	1.407078e-11	1.401718e-11
31	0.2360004	0.2209232	0.1913846	0.1727822	0.0227928	0.02291071	0.02180979	0.00677848	0.004313657	0.002773247	0.0007974012	1.192118e-05	5.460626e-06	2.125325e-06	1.347831e-07	9.712114e-08	1.412578e-09	1.250828e-09	9.203864e-10	8.473292e-10	3.919047e-10	3.388305e-10	2.772492e-10	2.077367e-10	1.846038e-10	1.571377e-10	1.149969e-10	2.768021e-11	2.281447e-11	1.211652e-11
32	0.2503384	0.2255899	0.2117727	0.1853458	0.1698625	0.0216981	0.02221267	0.02111555	0.006754658	0.004291649	0.002752005	0.0007858836	9.989154e-06	4.912124e-06	1.886799e-06	4.214351e-08	1.300874e-09	1.016991e-09	8.424365e-10	4.930347e-10	3.937449e-10	3.530221e-10	3.051412e-10	2.495129e-10	1.868578e-10	1.661631e-10	1.425966e-10	1.102444e-10	2.757874e-11	2.275863e-11
33	0.1494039	0.1068546	0.07777353	0.05904163	0.03302035	0.01212387	0.01048344	0.01056892	0.009006687	0.006727274	0.004263713	0.002723197	0.0007840322	9.849275e-06	4.83599e-06	1.857841e-06	4.20142e-08	1.249293e-09	9.669764e-10	8.342675e-10	4.852638e-10	3.854846e-10	3.454095e-10	2.994324e-10	2.449471e-10	1.836147e-10	1.634645e-10	1.409672e-10	1.101796e-10	2.754669e-11
34	0.1901915	0.1397649	0.1013797	0.07261919	0.05507026	0.03103708	0.01180821	0.01021916	0.01037135	0.008808849	0.006526516	0.004064812	0.00254109	0.0005951106	7.605155e-06	3.737898e-06	1.437185e-06	3.446341e-08	1.029488e-09	7.998005e-10	6.904984e-10	3.920262e-10	3.173951e-10	2.838297e-10	2.443873e-10	1.976628e-10	1.454115e-10	1.275281e-10	1.106047e-10	8.741049e-11
35	0.9897529	0.1897289	0.1395066	0.1011936	0.07248825	0.05497229	0.03098255	0.01179044	0.0102015	0.01035343	0.008793522	0.006514954	0.004057393	0.002536226	0.0005939739	7.590845e-06	3.730874e-06	1.434484e-06	3.439852e-08	1.027553e-09	7.982882e-10	6.891916e-10	3.912902e-10	3.168015e-10	2.832983e-10	2.439306e-10	1.972912e-10	1.45138e-10	1.272881e-10	1.10396e-10
36	0.09161343	0.08111026	0.02031682	0.0150204	0.01105355	0.008191523	0.006129966	0.003773851	0.001863753	0.001874681	0.001906354	0.001564716	0.001074925	0.0005653469	0.0002455523	5.76867e-05	7.41809e-07	3.64867e-07	1.404671e-07	3.7083e-09	1.107291e-10	8.278813e-11	7.142727e-11	4.112187e-11	3.396635e-11	3.020109e-11	2.522322e-11	1.932569e-11	1.409084e-11	1.232958e-11
37	0.01330585	0.009308778	0.009304667	0.001265996	0.0008170306	0.0006157724	0.0004981161	0.0003613297	0.0002003842	0.0001177067	0.0001178788	0.0001190071	8.541325e-05	4.064102e-05	2.146795e-05	9.441707e-06	2.368517e-06	4.235931e-08	2.143583e-08	8.398342e-09	4.715411e-10	1.301718e-11	5.709736e-12	4.352136e-12	2.617738e-12	2.378117e-12	2.019627e-12	1.635753e-12	1.179504e-12	7.083798e-13
38	0.05754936	0.005126532	0.003915504	0.004024855	2.174362e-05	1.346245e-05	9.13638e-06	8.673817e-06	7.342166e-06	4.765539e-06	2.950494e-06	2.669285e-06	2.409803e-06	2.215471e-07	1.210286e-07	7.761705e-08	5.085582e-08	3.636051e-08	2.898446e-09	1.309553e-09	5.020163e-10	9.562411e-12	5.73889e-12	1.880201e-13	1.868779e-13	1.53012e-13	1.55353e-13	1.327559e-13	1.119891e-13	8.75271e-14
39	0.007373252	0.006063075	0.0008088274	0.0007071584	0.0007265984	3.539338e-06	2.805998e-06	2.404996e-06	2.313731e-06	1.784446e-06	1.071509e-06	3.361631e-07	1.743902e-07	1.482928e-08	4.469879e-09	3.410727e-09	3.270546e-09	3.169131e-09	3.067865e-09	2.178089e-10	1.194397e-10	4.821543e-11	5.05631e-12	5.215287e-12	1.762274e-14	1.580846e-14	1.359828e-14	1.381973e-14	1.043376e-14	9.093813e-15
40	0.007827788	0.000395263	0.000282827	1.559674e-05	1.406689e-05	1.445868e-05	4.006252e-07	3.237894e-07	1.221641e-07	1.122593e-07	1.127885e-07	2.978914e-08	1.612809e-08	3.068274e-09	2.28211e-09	2.29192e-09	1.796374e-09	1.83743e-09	1.826909e-09	1.76122e-09	1.288012e-10	7.494678e-11	2.844909e-11	8.058183e-14	1.273347e-14	1.074226e-14	8.877757e-15	6.808299e-15	7.123571e-15	6.831603e-15
41	0.06665422	0.004159773	0.0001988059	0.0001549729	2.592738e-06	2.194748e-06	2.252906e-06	2.558062e-07	2.005725e-07	7.376159e-08	6.588652e-08	6.780522e-08	9.096351e-09	2.440251e-09	1.172772e-09	1.124618e-09	1.148987e-09	1.084891e-09	1.108529e-09	1.073079e-09	1.088854e-09	7.959024e-11	4.623764e-11	1.755233e-11	5.070999e-14	6.515558e-15	5.192725e-15	5.443594e-15	4.233328e-15	4.412402e-15
42	0.05972191	0.03208242	0.003438394	0.0001737797	0.0001304663	2.483949e-06	2.129985e-06	2.186323e-06	2.208066e-07	1.873906e-07	6.853282e-08	6.567624e-08	6.760191e-08	9.026624e-09	2.417201e-09	1.156299e-09	1.116053e-09	1.140384e-09	1.076221e-09	1.100528e-09	1.06878e-09	1.084415e-09	7.927353e-11	4.605493e-11	1.748298e-11	5.050187e-14	6.459359e-15	5.139565e-15	5.386954e-15	4.194395e-15
43	0.999934	0.05966019	0.03203083	0.003437725	0.0001737485	0.0001304378	2.483907e-06	2.129966e-06	2.186303e-06	2.208064e-07	1.873906e-07	6.853281e-08	6.567624e-08	6.760191e-08	9.026622e-09	2.4172e-09	1.156299e-09	1.116053e-09	1.140383e-09	1.076221e-09	1.100528e-09	1.06878e-09	1.084415e-09	7.927352e-11	4.605493e-11	1.748297e-11	5.050184e-14	6.459344e-15	5.139549e-15	5.386937e-15
44	0.260796	0.2443967	0.04254019	0.01922302	0.00271072	0.0001688009	0.0001271289	2.38328e-06	2.064056e-06	2.119087e-06	2.155929e-07	1.84301e-07	6.740116e-08	6.460404e-08	6.658702e-08	8.704974e-09	2.30468e-09	1.103167e-09	1.086725e-09	1.112927e-09	1.056134e-09	1.081678e-09	1.049829e-09	1.067623e-09	7.788448e-11	4.532485e-11	1.720654e-11	4.734618e-14	6.168041e-15	4.951831e-15
45	0.9791314	0.2596623	0.243237	0.04139445	0.01807523	0.002709354	0.0001687848	0.0001271188	2.383206e-06	2.064009e-06	2.119039e-06	2.155881e-07	1.842989e-07	6.740067e-08	6.460359e-08	6.658656e-08	8.70487e-09	2.304655e-09	1.103152e-09	1.086711e-09	1.112912e-09	1.05612e-09	1.081666e-09	1.049817e-09	1.06761e-09	7.788353e-11	4.532429e-11	1.720633e-11	4.734454e-14	6.16792e-15
46	0.2777118	0.2615978	0.2119779	0.1957709	0.03776924	0.01672148	0.002464923	0.000157934	0.0001170293	2.238073e-06	1.946808e-06	1.999489e-06	1.831896e-07	1.54983e-07	4.014478e-08	3.65943e-08	3.773891e-08	8.033093e-09	1.872835e-09	9.999908e-10	1.006106e-09	1.032349e-09	1.016953e-09	1.043041e-09	1.01083e-09	1.044214e-09	7.610487e-11	4.430834e-11	1.681948e-11	4.192954e-14
47	0.1422971	0.1390019	0.1407202	0.1092882	0.1102126	0.003053064	0.001299109	0.0001651685	9.943752e-06	8.720612e-06	5.737447e-07	4.751737e-07	4.885696e-07	9.082316e-09	6.833426e-09	2.634804e-09	2.549569e-09	2.59426e-09	3.824074e-10	1.487277e-10	6.135358e-11	6.13509e-11	6.282639e-11	5.959063e-11	6.063767e-11	6.259618e-11	6.417546e-11	3.539896e-12	1.484419e-12	5.699801e-13
48	0.3256423	0.13544	0.1367403	0.1384249	0.1076643	0.1085836	0.002965619	0.001251983	0.0001591088	9.789943e-06	8.588665e-06	5.643945e-07	4.698843e-07	4.831797e-07	7.977665e-09	5.913173e-09	1.826156e-09	1.719594e-09	1.738381e-09	3.693807e-10	1.4286e-10	5.819915e-11	5.857008e-11	6.000044e-11	5.84603e-11	5.951075e-11	6.144886e-11	6.338338e-11	3.47373e-12	1.44165e-12
49	0.7622561	0.1130941	0.09435768	0.09607096	0.0981659	0.1001749	0.1023018	0.0008598595	0.0003182644	2.386014e-05	8.530802e-07	7.206825e-07	3.166061e-08	2.620839e-08	2.693447e-08	3.769901e-10	2.131256e-10	9.299419e-11	9.122842e-11	9.294329e-11	5.243918e-11	4.787601e-11	2.35353e-12	2.347628e-12	2.285008e-12	1.927772e-12	1.777456e-12	1.722298e-12	1.630068e-12	9.033413e-14
50	0.1359349	0.1085207	0.1104468	0.09318444	0.09491367	0.09701933	0.09913475	0.1014317	0.0004443735	0.0001408329	2.001687e-06	2.538157e-08	1.882332e-08	2.835792e-10	2.474035e-10	2.539909e-10	4.800139e-11	4.585592e-11	4.087302e-11	4.19402e-11	4.332072e-11	4.316072e-11	4.436121e-11	1.24881e-13	1.071621e-13	9.959545e-14	7.808215e-14	6.336229e-14	5.599608e-14	5.544361e-14
51	0.01514388	0.002269251	0.000924965	0.0007847836	0.0007590665	0.0004793007	0.0004866291	0.0004121191	0.0004203828	0.0004272278	0.0001333642	6.672628e-07	8.058806e-09	5.187972e-09	1.05026e-10	8.853227e-11	9.076226e-11	9.7794e-12	7.735374e-12	1.945477e-12	1.775133e-12	1.832326e-12	4.110845e-13	1.063613e-13	6.714117e-14	4.829766e-14	4.925663e-14	4.801652e-14	4.740035e-14	4.887981e-14
52	0.04819419	0.01437063	0.001666556	0.0005283717	0.0003829291	0.0003487332	0.0003542792	0.0003588316	0.0003643878	0.0003715755	0.0003772976	0.0001332792	6.605614e-07	7.9656e-09	5.149333e-09	9.959077e-11	8.689329e-11	8.907863e-11	9.694078e-12	7.680453e-12	1.913475e-12	1.755145e-12	1.811754e-12	3.923042e-13	8.759999e-14	4.776739e-14	4.791869e-14	4.891412e-14	4.774165e-14	4.719925e-14
53	0.7286768	0.01674906	0.003933178	0.0008629832	0.0002701465	0.0001437345	0.000119232	0.0001212635	0.0001237954	0.0001254334	0.0001281935	0.0001299365	0.0001326078	5.6572e-07	3.020602e-09	9.5575e-10	3.813306e-11	3.303186e-11	3.383292e-11	2.097976e-12	1.21284e-12	2.968147e-13	2.72419e-13	2.811206e-13	6.261302e-14	1.550243e-14	9.307041e-15	9.265648e-15	9.529136e-15	8.818513e-15
54	0.6172495	0.6168463	0.01183398	0.001561612	0.0001659341	0.0001341869	8.025179e-06	2.70425e-06	2.567433e-06	2.613178e-06	1.765355e-06	1.793738e-06	9.166898e-07	8.95029e-07	5.461477e-07	2.071272e-09	1.550029e-10	2.555794e-11	2.19646e-11	2.246992e-11	6.07238e-13	1.080708e-13	2.292199e-14	2.117075e-14	2.175261e-14	6.667758e-15	3.128682e-15	2.756801e-15	2.705317e-15	2.802714e-15
55	0.6310825	0.6073986	0.6103146	0.0052493	0.001173397	0.0001624721	0.0001321401	6.683835e-06	1.385845e-06	1.380044e-06	1.400609e-06	1.252327e-06	1.270065e-06	3.839256e-07	3.608801e-07	3.817054e-09	2.055159e-09	1.467699e-10	2.301705e-11	2.185717e-11	2.235977e-11	5.926663e-13	9.658427e-14	1.980013e-14	1.818482e-14	1.867129e-14	4.840548e-15	1.509968e-15	1.11931e-15	1.106206e-15
56	0.8022919	0.615981	0.5999869	0.6059275	0.002828142	0.0002245875	1.604741e-05	8.033909e-06	6.281335e-06	1.186077e-06	1.196474e-06	1.217813e-06	1.21859e-06	1.240172e-06	3.570232e-07	3.564342e-07	1.656676e-09	9.535369e-11	8.654965e-11	1.939818e-11	1.903935e-11	1.956796e-11	1.407014e-13	4.333694e-14	1.032783e-14	9.537701e-15	9.776754e-15	2.635627e-15	1.066193e-15	8.578321e-16
57	0.04348946	0.03295403	0.02178006	0.007007515	0.004617285	0.002699203	0.0001770053	7.263355e-06	2.445621e-06	5.878662e-07	3.930467e-07	3.867345e-07	3.904157e-07	3.736726e-07	3.776647e-07	3.522984e-07	3.543374e-07	1.244977e-09	3.326757e-11	2.428014e-11	4.792374e-12	4.073894e-12	4.17723e-12	1.269368e-13	3.998341e-14	9.036851e-15	8.281148e-15	8.519722e-15	1.865749e-15	4.068942e-16
58	0.05643208	0.02563812	0.01864087	0.009368911	0.004738348	0.002462023	0.0005344427	0.0001331681	5.998324e-06	2.061111e-06	2.287662e-07	6.935512e-08	6.566107e-08	6.409324e-08	4.303204e-08	4.100196e-08	1.144817e-08	8.307949e-09	7.732058e-10	2.046712e-11	1.7083e-11	4.591519e-12	3.944312e-12	4.044136e-12	8.126253e-14	2.479161e-14	5.610696e-15	5.144194e-15	5.281258e-15	1.169404e-15
59	0.3318896	0.03873086	0.02069244	0.01594147	0.007952074	0.004450236	0.002221968	0.0003118535	9.927612e-05	5.238532e-06	1.979835e-06	1.778877e-07	4.526802e-08	4.364372e-08	4.329779e-08	3.846587e-08	3.75348e-08	9.161475e-09	7.108601e-09	2.380876e-10	1.911726e-11	1.636067e-11	4.000626e-12	3.92834e-12	4.027741e-12	6.823315e-14	1.216627e-14	2.500432e-15	2.291139e-15	2.33509e-15
60	0.1700584	0.1609269	0.02070811	0.01402929	0.01010422	0.006690114	0.003657223	0.001762543	7.332708e-05	2.632577e-05	6.731041e-07	1.601197e-07	1.469759e-07	3.751649e-08	3.731317e-08	3.738131e-08	3.664719e-08	3.61998e-08	8.217569e-09	6.823674e-09	2.026796e-10	1.05013e-11	9.548993e-12	3.534503e-12	3.611859e-12	3.714161e-12	1.681169e-14	6.118448e-15	1.448467e-15	1.333416e-15
61	0.037623	0.03287219	0.03204166	0.01692408	0.01174105	0.008027084	0.004931464	0.00201346	0.0001124549	6.439271e-05	2.370155e-05	4.627427e-07	4.118282e-08	2.67108e-08	1.405574e-08	1.339495e-08	1.296378e-08	1.173731e-08	1.080493e-08	8.009751e-09	6.726444e-09	1.822357e-10	4.979487e-12	4.049607e-12	8.693736e-14	7.381911e-14	7.530332e-14	1.538763e-14	5.936412e-15	1.403959e-15
62	0.1007857	0.02460106	0.02096395	0.02032021	0.01271768	0.009498012	0.00677995	0.004302452	0.001951276	8.738892e-05	4.792754e-05	1.72945e-05	1.957026e-07	1.384785e-08	8.083113e-09	4.643279e-09	4.524826e-09	4.466771e-09	3.633912e-09	3.051183e-09	1.501413e-09	6.571458e-10	1.193218e-10	1.532364e-12	1.124198e-12	3.536791e-14	2.729493e-14	2.752516e-14	3.411416e-15	1.324078e-15
63	0.4574107	0.08920619	0.02356836	0.0207276	0.0201597	0.01262153	0.00945083	0.006751216	0.004286977	0.00194765	8.41601e-05	4.476183e-05	1.720925e-05	1.920879e-07	1.317492e-08	7.510992e-09	4.169144e-09	4.067769e-09	4.006162e-09	3.584444e-09	3.008735e-09	1.476599e-09	6.427222e-10	1.1078e-10	1.494574e-12	1.09314e-12	3.425514e-14	2.675533e-14	2.697207e-14	3.290724e-15
64	0.6227306	0.225271	0.03080658	0.01469577	0.0136532	0.01339516	0.006058458	0.005261739	0.004141604	0.003027408	0.001898982	6.435203e-05	3.442754e-05	1.403449e-05	6.302738e-08	5.740885e-09	3.846509e-09	1.739571e-09	1.65462e-09	1.569218e-09	1.460674e-09	1.338053e-09	3.009124e-10	1.315616e-10	1.918947e-11	9.625345e-13	8.184741e-13	1.975648e-14	1.386819e-14	1.420269e-14
65	0.2280958	0.1724746	0.166922	0.01779628	0.006969578	0.00622961	0.006016175	0.005728735	0.005050188	0.00402242	0.002968477	0.001893383	5.98946e-05	3.395878e-05	1.389573e-05	5.738249e-08	4.731989e-09	2.87731e-09	9.366575e-10	8.37092e-10	7.354276e-10	6.279294e-10	5.217608e-10	2.191292e-10	9.631809e-11	1.424418e-11	7.581511e-13	6.392871e-13	1.439136e-14	8.77489e-15
66	0.2665907	0.2252503	0.1713475	0.1665009	0.01770067	0.006934788	0.006196824	0.005983601	0.005697146	0.005045056	0.004019325	0.002966919	0.001893282	5.985373e-05	3.393017e-05	1.388671e-05	5.702301e-08	4.699066e-09	2.857169e-09	9.288404e-10	8.300921e-10	7.290341e-10	6.224226e-10	5.169671e-10	2.162791e-10	9.55913e-11	1.41369e-11	7.524265e-13	6.350152e-13	1.430913e-14
67	0.3416973	0.2121253	0.1846968	0.1657019	0.1613682	0.01660251	0.005885575	0.00529166	0.00509951	0.004830131	0.004561091	0.003744913	0.002823885	0.001870721	5.451371e-05	3.05114e-05	1.24942e-05	2.801321e-09	7.595116e-11	5.62276e-11	3.547971e-11	3.504664e-11	3.464983e-11	3.101833e-11	2.456804e-11	1.593369e-11	6.754969e-12	9.538877e-13	1.667499e-14	9.6831e-15
68	0.2853948	0.2679648	0.1928532	0.1665339	0.1626369	0.1583596	0.01368257	0.003271741	0.00269336	0.002502139	0.002248607	0.002030888	0.001418262	0.0007256872	9.37115e-06	3.909055e-07	2.269503e-07	9.083468e-08	2.062505e-10	3.46462e-11	3.151533e-11	2.747426e-11	2.793666e-11	2.844225e-11	2.574123e-11	2.018508e-11	1.409761e-11	5.961805e-12	8.331757e-13	5.496974e-15
69	0.2619848	0.2426227	0.2263557	0.1550456	0.1540932	0.1503421	0.1460698	0.001404005	0.001125636	0.0005475174	0.0003563254	0.0001028918	7.967441e-05	4.969701e-05	2.450052e-05	4.941746e-07	1.180682e-07	7.429785e-08	3.083917e-08	1.805699e-10	3.109014e-11	3.000143e-11	2.625961e-11	2.671675e-11	2.720702e-11	2.464277e-11	1.931572e-11	1.349389e-11	5.699214e-12	7.855843e-13
70	0.1228157	0.0738069	0.06506904	0.04953333	0.00315773	0.002223661	0.001949588	0.00179858	0.0008164047	0.0005383553	0.0003534003	0.0003025357	5.260947e-05	3.503074e-05	2.165053e-05	1.010132e-05	2.460597e-07	6.585229e-08	4.046975e-08	1.690385e-08	1.547639e-10	2.961047e-11	2.862084e-11	2.520482e-11	2.564734e-11	2.611979e-11	2.3654e-11	1.853026e-11	1.295467e-11	5.463785e-12
71	0.3280619	0.1009556	0.06202227	0.05721597	0.04862546	0.002516702	0.001895821	0.001642917	0.001499006	0.000530832	0.0005092144	0.0003244528	0.0002737291	2.383354e-05	1.560725e-05	9.594708e-06	4.339736e-06	1.667215e-07	5.982507e-08	3.684098e-08	1.533531e-08	9.994279e-11	1.737974e-11	1.676333e-11	1.477157e-11	1.502851e-11	1.530472e-11	1.382992e-11	1.078614e-11	7.488144e-12
72	0.2322863	0.07538942	0.02844003	0.006137848	0.005347708	0.003120615	0.0008813365	0.0002727154	0.0002415192	0.0002139264	0.0001565301	0.0001355726	0.0001344293	0.0001339406	2.129571e-06	8.902843e-07	8.115955e-07	1.078547e-07	4.495924e-08	1.017433e-08	6.257966e-09	2.58688e-09	3.714164e-12	2.607219e-13	1.569073e-13	8.321399e-14	8.065085e-14	7.855813e-14	6.814118e-14	5.52505e-14
73	0.3508079	0.1359309	0.05678605	0.0197699	0.00587151	0.005147413	0.002936749	0.0007005034	0.0002669394	0.0002364398	0.0002088754	0.0001515473	0.0001347836	0.0001336425	0.0001331548	1.344121e-06	7.915112e-07	7.466853e-07	7.513573e-08	4.373445e-08	9.662583e-09	5.977277e-09	2.483936e-09	1.847145e-12	1.35803e-13	8.997271e-14	3.853311e-14	3.628284e-14	3.400366e-14	3.05929e-14
74	0.3357833	0.1393041	0.1099863	0.04754037	0.01300464	0.001035252	0.0004936693	0.0004795429	0.0004767302	4.431437e-05	1.955648e-05	1.922523e-05	1.912547e-05	2.395553e-06	1.307392e-06	1.296934e-06	1.293381e-06	7.475445e-07	7.26058e-07	5.887331e-08	3.148466e-08	1.090478e-09	6.233332e-10	2.562388e-10	1.139351e-12	9.98906e-14	6.357401e-14	2.355411e-14	2.164851e-14	1.970456e-14
75	0.2776665	0.1955183	0.0512323	0.05013995	0.02866537	0.002212792	0.0009654528	0.0004851827	0.0004740938	0.000472661	4.292829e-05	1.899644e-05	1.867379e-05	1.859654e-05	1.954724e-06	8.685859e-07	8.585066e-07	8.554432e-07	6.982808e-07	6.835108e-07	2.205904e-08	3.745613e-10	7.097247e-11	4.474157e-11	1.842524e-11	1.0412e-13	1.411698e-14	1.244857e-14	8.751034e-15	8.816765e-15
76	0.4619938	0.1806112	0.16756	0.02405757	0.02379002	0.00390978	0.001651253	0.0005154122	3.751902e-05	2.765638e-05	2.634933e-05	2.606958e-05	2.175136e-06	1.853951e-06	1.779578e-06	1.752348e-06	6.662883e-07	6.562414e-07	6.531883e-07	6.568434e-07	6.547194e-07	7.372181e-09	1.733489e-10	6.199531e-11	3.944585e-11	1.629426e-11	7.292153e-14	1.131503e-14	1.001315e-14	6.822838e-15
77	0.2506157	0.175637	0.1653198	0.164792	0.02219169	0.02204524	0.002605507	0.0003991783	1.222309e-05	6.528565e-06	1.824554e-06	1.126171e-06	9.605986e-07	2.179521e-07	1.540915e-07	8.837705e-08	6.410597e-08	3.125196e-08	2.810564e-08	2.511147e-08	1.7932e-08	1.194815e-08	7.020984e-09	1.361864e-10	3.847866e-11	2.403463e-11	9.98387e-12	6.825192e-14	1.096351e-14	9.763156e-15
78	0.3443081	0.1883455	0.1735755	0.1638977	0.1635464	0.0221461	0.02200346	0.002588592	0.0003847824	1.009673e-05	5.348484e-06	1.046956e-06	3.671837e-07	2.018299e-07	1.466846e-07	1.180109e-07	5.328489e-08	2.90263e-08	2.671989e-08	2.545474e-08	2.248958e-08	1.534156e-08	9.498371e-09	4.649955e-09	1.120835e-10	2.235713e-11	1.331182e-11	5.520728e-12	6.458192e-14	1.078498e-14
79	0.8116715	0.3441633	0.1882122	0.1735493	0.1638762	0.1635291	0.02212895	0.02198809	0.00258743	0.0003847304	1.00945e-05	5.348252e-06	1.04685e-06	3.671253e-07	2.017731e-07	1.466709e-07	1.179978e-07	5.327365e-08	2.901519e-08	2.670887e-08	2.544379e-08	2.247867e-08	1.533088e-08	9.487707e-09	4.639212e-09	1.012469e-10	2.230442e-11	1.328156e-11	5.51651e-12	6.440998e-14
80	0.3019992	0.3019794	0.1343912	0.03403998	0.02286942	0.02257499	0.02230373	0.02192122	0.02178756	0.002549965	0.0003615626	8.079308e-06	4.447444e-06	4.290349e-07	2.585216e-07	9.359257e-08	5.836726e-08	5.406258e-08	4.413594e-08	1.989108e-08	1.816823e-08	1.807228e-08	1.803224e-08	1.141173e-08	7.029762e-09	3.371288e-09	6.385658e-11	6.442502e-12	3.988868e-12	1.660405e-12
81	0.3474077	0.2879971	0.2879892	0.1196187	0.01795243	0.006843084	0.006664899	0.006454337	0.006225225	0.006201296	0.0008745606	0.0002106033	7.38426e-06	4.457219e-06	4.104491e-07	2.500659e-07	8.366447e-08	5.746008e-08	5.319663e-08	4.439482e-08	1.985641e-08	1.812945e-08	1.80371e-08	1.801208e-08	1.139679e-08	7.017724e-09	3.356297e-09	4.845186e-11	4.880127e-12	2.99452e-12
82	0.4295369	0.1066962	0.1060078	0.1060045	0.01167802	0.01129383	0.004358057	0.004189106	0.004187152	0.003978508	0.003965999	0.0006091119	0.0001802615	8.295079e-07	1.361827e-07	2.744363e-08	1.770658e-08	1.759019e-08	3.164955e-09	2.918213e-09	2.182334e-09	2.1776e-09	5.336136e-10	5.210987e-10	5.151814e-10	3.708395e-10	1.704635e-10	8.267744e-11	3.392703e-12	1.510429e-12
83	0.2848676	0.2648858	0.1026195	0.102178	0.1021762	0.006666517	0.006388055	0.002306839	0.002208508	0.00220674	0.002021548	0.002011613	0.000338241	0.0001258646	4.570256e-07	3.130104e-08	7.7333e-09	3.828772e-09	3.780941e-09	5.016594e-10	4.231093e-10	1.555684e-10	1.538399e-10	9.595229e-11	9.081065e-11	8.780628e-11	5.506358e-11	2.80533e-11	1.440556e-11	2.059314e-12
84	0.6506719	0.2499226	0.2369813	0.09803642	0.09775808	0.09775744	0.0008846503	0.000621844	0.0005336422	0.000441935	0.0004401815	0.0003911906	0.0003831555	0.000113412	8.148813e-05	3.274267e-07	2.328474e-08	5.716597e-09	2.839588e-09	2.799389e-09	2.492369e-10	2.066942e-10	8.236375e-11	8.14822e-11	6.963807e-11	6.779512e-11	6.652846e-11	3.867748e-11	2.109038e-11	1.060438e-11
85	0.5110325	0.4098749	0.2412076	0.2319891	0.09961297	0.09934904	0.09934859	0.0006825715	0.0004221426	0.0004145952	0.000322911	0.0003211413	0.0002765391	0.0002687827	8.071325e-05	5.837907e-05	2.477679e-07	1.763604e-08	4.330814e-09	2.268518e-09	2.234733e-09	1.765232e-10	1.467083e-10	6.25796e-11	6.194325e-11	5.329181e-11	5.203609e-11	5.109229e-11	2.828904e-11	1.57804e-11
86	0.9484311	0.5128455	0.416863	0.2453835	0.2360861	0.1014817	0.1012146	0.1012142	0.0006526684	0.0003873265	0.0003797609	0.0002863973	0.000284594	0.0002394777	0.0002315992	7.209503e-05	5.282318e-05	2.34995e-07	1.727614e-08	4.344624e-09	2.28364e-09	2.249386e-09	1.696834e-10	1.415668e-10	6.292502e-11	6.231047e-11	5.426145e-11	5.299673e-11	5.207271e-11	2.884182e-11
87	0.3904441	0.3825917	0.2931799	0.2537359	0.1310771	0.1282964	0.001145218	0.001014895	0.001014603	0.0005128989	0.000320342	0.0003155565	0.0002208247	0.0002198648	0.0001744402	0.0001729513	6.064814e-05	4.659373e-05	1.255341e-07	7.764395e-09	6.369005e-10	1.893506e-10	1.852506e-10	5.855701e-11	4.9619e-11	2.090432e-11	2.070084e-11	1.535534e-11	1.51312e-11	1.46708e-11
88	0.2981683	0.2535157	0.2468923	0.1741682	0.1479299	0.1329627	0.1302749	0.0008550836	0.0007278459	0.0007275872	0.0003008361	0.0002900257	0.0002852722	0.000188721	0.0001883171	0.0001422801	0.0001417146	5.353287e-05	4.220443e-05	1.125774e-07	6.902274e-09	5.409184e-10	1.460518e-10	1.425867e-10	4.760811e-11	4.084655e-11	1.851589e-11	1.835661e-11	1.354688e-11	1.334766e-11
89	0.5375982	0.2864566	0.2473625	0.2406328	0.1720727	0.1503773	0.1352512	0.1326363	0.0008319612	0.0007037259	0.0007035264	0.0002698371	0.0002589092	0.0002542251	0.0001557908	0.0001553791	0.0001086514	0.0001080981	4.029227e-05	3.159906e-05	8.473899e-08	5.86364e-09	4.740075e-10	1.226572e-10	1.193441e-10	4.363312e-11	3.745149e-11	1.75212e-11	1.73731e-11	1.377543e-11
90	0.09369462	0.07096	0.05765813	0.04511888	0.03882852	0.02882036	0.01620451	0.001950523	0.001215779	0.0006528686	0.0005239453	0.0005238125	8.488193e-05	7.473896e-05	7.264571e-05	7.246294e-05	7.20468e-05	7.15206e-05	7.09837e-05	2.56702e-05	1.989571e-05	4.912467e-08	1.408186e-09	1.02042e-10	5.069974e-11	4.986753e-11	7.636678e-12	7.032533e-12	2.853363e-12	2.794137e-12
91	0.51624	0.05734973	0.03561896	0.02684448	0.02108667	0.01473129	0.00861376	0.001894478	0.001377076	0.0007768084	0.000488803	0.0004862993	0.0004862361	4.010505e-05	3.463451e-05	3.26734e-05	3.258445e-05	3.257123e-05	3.231005e-05	3.181351e-05	1.01616e-05	7.458445e-06	1.64744e-08	1.628836e-10	4.969764e-11	2.5686e-11	2.533236e-11	3.526562e-12	3.287707e-12	1.231527e-12
92	0.7859411	0.5129403	0.0443147	0.02274311	0.01582603	0.01398751	0.00947866	0.005510152	0.00156351	0.001078215	0.0005871679	0.0004753064	0.000473896	0.000473874	1.905696e-05	1.352746e-05	1.164168e-05	1.161145e-05	1.159816e-05	1.149034e-05	1.099404e-05	1.889997e-06	8.182815e-07	2.336483e-09	7.435392e-11	2.905177e-11	1.525246e-11	1.493831e-11	1.758212e-12	1.555147e-12
93	0.9988041	0.8007954	0.5230445	0.0440081	0.02203125	0.01516567	0.01371528	0.009107792	0.00525583	0.001563655	0.00107285	0.0005796493	0.0004830643	0.0004817332	0.0004817152	1.690935e-05	1.126402e-05	9.347165e-06	9.322324e-06	9.308768e-06	9.215709e-06	8.709673e-06	9.35047e-07	3.761215e-08	6.868202e-10	6.534037e-11	2.719201e-11	1.432315e-11	1.400711e-11	1.586695e-12
94	0.1726902	0.1725809	0.04044808	0.03357356	0.03350427	0.01105998	0.007619253	0.00669557	0.00397354	0.001422281	0.0005832523	0.0001850642	6.768767e-05	1.311874e-05	1.262598e-05	1.261391e-05	1.227773e-05	7.949229e-06	5.995248e-06	5.975652e-06	5.964977e-06	5.904424e-06	5.390555e-06	5.281556e-07	2.228192e-08	6.625524e-10	6.464766e-11	2.632753e-11	1.415594e-11	1.385791e-11
95	0.1476479	0.1194681	0.1193845	0.01390576	0.009464213	0.009416527	0.009390436	0.005954128	0.005236573	0.003267147	0.00114358	0.0005570769	0.0001626672	4.90584e-05	6.824744e-06	6.409372e-06	6.40344e-06	6.187123e-06	6.15073e-06	4.154943e-06	4.13818e-06	4.131533e-06	4.089258e-06	3.565803e-06	3.470416e-07	1.552148e-08	6.562626e-10	6.239843e-11	2.597631e-11	1.414289e-11
96	0.09644175	0.0953215	0.08847932	0.08845954	0.006004455	0.002872086	0.002846043	0.002833887	0.002383809	0.002096859	0.001882653	0.0005772864	0.000257615	7.410403e-05	2.857097e-05	2.599727e-06	2.437526e-06	2.436316e-06	2.312496e-06	2.278859e-06	2.235466e-06	2.223487e-06	2.216714e-06	2.196642e-06	1.662504e-06	1.631556e-07	8.63958e-09	6.474736e-10	6.056203e-11	2.54833e-11
97	0.08367889	0.07466869	0.07441619	0.07304662	0.07304416	0.00464117	0.002204519	0.002179839	0.00217859	0.00178702	0.001677492	0.001468415	0.0002899295	0.0002412735	5.879077e-05	1.577773e-05	3.453976e-07	2.692595e-07	2.687215e-07	2.369898e-07	2.060944e-07	2.010177e-07	1.950242e-07	1.880989e-07	1.864152e-07	1.437369e-07	1.643677e-08	3.159905e-09	6.32687e-10	6.034113e-11
98	0.9941826	0.08358063	0.0746657	0.07442412	0.07342784	0.07342655	0.004489046	0.002075415	0.002050502	0.002050029	0.001676971	0.001590673	0.001389669	0.000263868	0.0002343175	5.624003e-05	1.507154e-05	1.908553e-07	1.207456e-07	1.202725e-07	9.488625e-08	6.350628e-08	5.850459e-08	5.255088e-08	4.545422e-08	4.484792e-08	3.671428e-08	6.008777e-09	2.66247e-09	5.207412e-10
99	0.3563744	0.3504399	0.02580687	0.01836448	0.01814179	0.01719145	0.01719035	0.00415313	0.001806933	0.001797632	0.001797263	0.001431511	0.001370964	0.001172886	0.0002192097	0.0001978079	5.581437e-05	1.520008e-05	1.47917e-07	7.889867e-08	7.843832e-08	5.686534e-08	4.047706e-08	3.538913e-08	2.931685e-08	2.924029e-08	2.875123e-08	2.483565e-08	4.622195e-09	2.366121e-09
100	0.2625311	0.1265398	0.1265288	0.01803926	0.01325628	0.01321601	0.01298891	0.01298852	0.0008892525	0.0005297639	0.0005263271	0.0005260799	0.0005081401	0.0004881186	0.0004817041	2.638401e-05	1.316185e-05	1.658958e-06	3.827143e-07	1.028958e-07	5.598622e-08	5.595707e-08	3.652564e-08	1.980396e-08	1.463591e-08	1.457098e-08	1.45094e-08	1.437286e-08	1.381163e-08	3.315519e-09
101	0.1445448	0.102827	0.09759362	0.09759345	0.01472526	0.01166982	0.01163081	0.01151238	0.01151235	0.0007621708	0.0004126298	0.0004100458	0.0004100311	0.0003942036	0.0003791152	0.0003734793	2.264977e-05	1.186014e-05	1.323116e-06	2.228607e-07	4.289289e-08	4.115876e-08	4.114539e-08	2.254439e-08	5.998124e-09	7.308691e-10	6.929065e-10	6.534977e-10	6.302524e-10	6.138344e-10
102	0.4508515	0.09074072	0.07299371	0.06915004	0.06914995	0.01443586	0.01157718	0.01154625	0.0114725	0.01147248	0.0005948309	0.0002602845	0.0002577464	0.0002577338	0.000246683	0.0002327368	0.0002290308	1.564242e-05	6.60871e-06	7.891945e-07	1.997193e-07	4.338061e-08	4.188188e-08	4.187291e-08	2.3027e-08	6.023134e-09	6.133361e-10	5.778226e-10	5.396043e-10	5.237906e-10
103	0.9003533	0.3429905	0.09284619	0.07492535	0.07097802	0.07097793	0.01482777	0.01188858	0.01187377	0.01179873	0.01179871	0.0006110861	0.0002670576	0.0002644472	0.0002644358	0.0002530756	0.0002387559	0.0002349442	1.607202e-05	6.796213e-06	8.107362e-07	2.046591e-07	4.451077e-08	4.297361e-08	4.296449e-08	2.358665e-08	6.097208e-09	5.331243e-10	4.967861e-10	4.574788e-10
104	0.2278069	0.2275875	0.1450541	0.03118561	0.03043955	0.02908416	0.02908415	0.0107143	0.01051735	0.01050551	0.01043397	0.01043396	0.0003892517	7.783839e-05	7.642636e-05	7.641862e-05	6.989174e-05	5.848236e-05	5.684531e-05	4.442475e-06	4.711437e-07	1.830891e-07	1.461996e-07	1.566244e-08	1.462821e-08	1.462412e-08	6.167169e-09	6.090049e-09	3.707954e-10	3.388283e-10
105	0.2949485	0.1613314	0.1611902	0.09598904	0.02743733	0.02695037	0.02604888	0.02604888	0.01062135	0.01045472	0.01044669	0.01041386	0.01041386	0.0003446655	6.023432e-05	5.891459e-05	5.890927e-05	5.72215e-05	4.699927e-05	4.54821e-05	3.979979e-06	2.093187e-07	1.44799e-07	1.34042e-07	1.522222e-08	1.425793e-08	1.425425e-08	6.11558e-09	6.04536e-09	2.14203e-10
106	0.06314136	0.04820966	0.04638374	0.04632175	0.02724565	0.002481235	0.002246407	0.002195696	0.002195695	0.0001151507	9.56401e-05	9.54937e-05	9.503852e-05	9.503389e-05	1.499343e-05	1.13265e-05	1.129867e-05	1.129551e-05	1.094245e-05	1.076841e-05	9.287113e-06	1.650536e-07	1.574784e-08	1.479239e-08	1.366413e-08	3.553143e-10	1.972729e-10	1.93803e-10	6.914079e-11	6.78432e-11
107	0.1133008	0.01442172	0.007534075	0.007219313	0.007217006	0.003826809	0.0006332673	0.0004158747	0.0004082144	0.0004082144	9.977902e-06	6.055201e-06	6.03001e-06	5.971444e-06	5.971271e-06	2.672853e-06	2.557898e-06	2.54092e-06	2.540671e-06	2.182401e-06	2.071735e-06	5.651262e-07	3.105216e-08	1.423078e-08	1.407929e-08	1.297858e-08	1.91657e-10	4.363982e-11	4.028974e-11	1.659112e-11
108	0.1311206	0.07337897	0.01241706	0.006197525	0.005999589	0.005998002	0.002973698	0.0005768251	0.0003573876	0.0003501158	0.0003501158	8.624912e-06	5.204946e-06	5.182414e-06	5.136692e-06	5.136573e-06	2.381263e-06	2.280015e-06	2.263265e-06	2.263065e-06	1.893061e-06	1.78054e-06	4.239934e-07	2.161343e-08	1.461231e-08	1.449145e-08	1.335726e-08	1.734053e-10	2.075261e-11	1.773766e-11
109	0.3207877	0.04192699	0.04071061	0.009468792	0.005260659	0.005139736	0.005138543	0.002244373	0.0003610301	0.0003506966	0.0003435292	0.0003435292	8.394812e-06	5.044992e-06	5.022695e-06	4.986753e-06	4.986664e-06	2.343774e-06	2.258754e-06	2.242166e-06	2.241986e-06	1.859796e-06	1.748695e-06	3.955945e-07	2.128867e-08	1.504582e-08	1.495813e-08	1.378746e-08	1.739526e-10	1.635039e-11
110	0.6825149	0.06629567	0.02133588	0.02078423	0.003129883	0.001370211	0.001312107	0.001311303	0.00111387	1.194446e-05	9.021372e-06	8.525242e-06	8.525231e-06	2.205791e-07	1.437568e-07	1.430167e-07	1.242807e-07	1.2422e-07	6.035183e-08	4.445404e-08	4.434419e-08	4.430405e-08	3.379801e-08	2.845203e-08	2.271556e-08	2.272507e-09	1.280305e-09	1.237555e-09	1.052654e-10	7.608006e-12
111	0.6590572	0.6569692	0.02230021	0.001804988	0.00165983	0.0007450331	0.0007236612	0.0007083499	0.000707914	0.0006093701	1.971073e-06	4.285372e-07	3.002507e-07	3.00245e-07	5.588603e-08	3.723922e-08	3.708927e-08	2.756698e-08	2.753403e-08	2.337936e-09	1.331339e-09	1.326364e-09	1.304864e-09	1.143182e-09	8.316371e-10	7.485195e-10	4.954354e-10	5.92045e-11	3.744965e-11	2.263975e-11
112	0.7920896	0.6773102	0.675824	0.01773577	0.001067598	0.000955618	0.0005963871	0.0005907284	0.0005768702	0.0005765044	0.0004957097	1.526037e-06	3.050642e-07	2.080074e-07	2.080027e-07	3.115468e-08	2.911469e-08	2.897709e-08	2.122654e-08	2.11989e-08	1.68525e-09	8.949354e-10	8.923852e-10	8.743476e-10	8.18815e-10	5.721994e-10	5.415764e-10	3.661355e-10	2.483142e-11	2.139811e-11
113	0.790765	0.7854273	0.6979851	0.6968659	0.013509	0.000800719	0.0007187416	0.0004590627	0.0004548542	0.0004423543	0.0004420612	0.0003775229	1.110627e-06	2.241346e-07	1.531867e-07	1.531828e-07	2.297255e-08	2.145654e-08	2.138541e-08	1.547187e-08	1.544972e-08	1.258505e-09	6.737752e-10	6.718116e-10	6.573574e-10	6.12848e-10	4.252954e-10	3.937788e-10	2.668537e-10	1.895668e-11
114	0.07268256	0.07257136	0.06935307	0.01149324	0.01079931	0.008927239	0.0005092472	0.0004597193	0.0003053824	0.0003027328	0.00029687	0.0002966555	0.0002496993	6.53478e-07	1.287338e-07	8.684166e-08	8.683886e-08	1.396297e-08	1.307662e-08	1.305466e-08	9.132939e-09	9.116727e-09	7.461476e-10	3.861987e-10	3.851855e-10	3.746097e-10	3.522516e-10	2.286529e-10	2.284036e-10	1.577426e-10
115	0.0456443	0.03841461	0.03836099	0.03658713	0.005829608	0.005427707	0.004461975	0.0002787749	0.0002512245	0.0001687954	0.0001672425	0.0001641728	0.0001640298	0.0001329584	3.479062e-07	6.846362e-08	4.625149e-08	4.624962e-08	7.463574e-09	6.990554e-09	6.978992e-09	4.865401e-09	4.85459e-09	3.955067e-10	2.072434e-10	2.066878e-10	1.996356e-10	1.876117e-10	1.216809e-10	1.21588e-10
116	0.006058772	0.003846783	0.00321883	0.003214105	0.002942997	0.0005423414	0.0004486196	0.0003611951	3.505333e-05	3.303877e-05	2.650387e-05	2.624853e-05	2.48021e-05	2.473419e-05	1.036479e-05	2.722099e-08	5.396874e-09	3.657252e-09	3.656363e-09	6.469874e-10	6.085181e-10	6.073573e-10	3.914526e-10	3.863189e-10	3.494194e-11	1.952624e-11	1.945276e-11	1.610391e-11	1.487247e-11	9.473594e-12
117	0.2338954	0.0008092673	5.330691e-05	1.472541e-05	1.458325e-05	1.275551e-05	3.083851e-06	2.653493e-06	1.45738e-06	3.862373e-07	3.798417e-07	1.878224e-07	1.668862e-07	6.862753e-08	6.844104e-08	2.858444e-08	1.009451e-10	4.070621e-11	3.389147e-11	3.388902e-11	7.031771e-12	6.696938e-12	6.6723e-12	2.081206e-12	2.067109e-12	3.310993e-13	2.004129e-13	2.000491e-13	1.908533e-13	1.614636e-13
118	0.2494501	0.2449832	0.0005430246	9.964795e-06	3.860629e-06	3.837784e-06	3.711384e-06	4.614007e-07	3.348562e-07	3.224626e-07	1.831727e-07	1.825165e-07	1.139284e-08	4.472158e-10	2.188121e-10	2.183645e-10	1.050069e-10	1.992197e-11	1.967643e-11	1.866395e-11	1.866394e-11	4.007323e-13	2.165573e-13	2.153536e-13	2.040556e-13	2.040225e-13	1.240643e-13	1.01143e-13	1.010275e-13	1.01006e-13
119	0.2694534	0.2582923	0.2566205	0.0005545256	4.50698e-06	4.910431e-07	4.732398e-07	4.667196e-07	4.39636e-07	3.083978e-07	3.005499e-07	1.693684e-07	1.687102e-07	8.822199e-10	7.149247e-11	5.490077e-11	5.485542e-11	3.681884e-11	1.923203e-11	1.914258e-11	1.817113e-11	1.817113e-11	3.325891e-13	1.586291e-13	1.575587e-13	1.566238e-13	1.566211e-13	9.9358e-14	9.728805e-14	9.721443e-14
120	0.8484195	0.2796916	0.2721859	0.2706571	0.0005825094	4.422157e-06	3.34994e-07	3.163688e-07	3.107089e-07	2.83752e-07	1.527508e-07	1.446909e-07	6.398051e-09	5.971234e-09	7.333793e-11	4.290808e-11	4.215572e-11	4.213954e-11	3.138405e-11	1.858427e-11	1.851614e-11	1.773968e-11	1.773967e-11	3.089997e-13	1.477308e-13	1.466853e-13	1.465013e-13	1.465008e-13	9.732192e-14	9.546948e-14
121	0.9997492	0.8667584	0.2948905	0.2881828	0.2865725	0.0006166941	4.63096e-06	3.486169e-07	3.291451e-07	3.233257e-07	2.959054e-07	1.572139e-07	1.487735e-07	2.390222e-09	1.945969e-09	4.628035e-11	3.567848e-11	3.533818e-11	3.532196e-11	2.524991e-11	1.490756e-11	1.484449e-11	1.419363e-11	1.419363e-11	2.527318e-13	1.235348e-13	1.226951e-13	1.225541e-13	1.225537e-13	7.834058e-14
122	0.9365866	0.9363208	0.8659942	0.3115029	0.3061755	0.3044699	0.0006428927	4.674283e-06	2.54805e-07	2.344613e-07	2.284881e-07	2.006261e-07	1.657277e-07	1.568781e-07	1.38639e-09	9.26049e-10	3.225614e-11	2.518972e-11	2.492705e-11	2.491008e-11	1.735656e-11	1.041273e-11	1.036069e-11	9.896684e-12	9.89668e-12	1.768303e-13	8.702164e-14	8.644329e-14	8.634334e-14	8.634289e-14
123	0.4493824	0.4205545	0.4202846	0.3791064	0.3285192	0.3265751	0.324767	0.0006855302	4.812179e-06	2.44934e-07	2.235077e-07	2.172795e-07	1.885387e-07	1.762409e-07	1.668798e-07	1.053437e-09	5.662883e-10	1.892947e-11	1.483425e-11	1.462929e-11	1.461138e-11	1.151404e-11	6.767284e-12	6.752717e-12	6.42154e-12	6.421536e-12	1.10422e-13	5.212087e-14	5.172953e-14	5.165577e-14
124	0.07350739	0.05544563	0.04260286	0.04231433	0.02415071	0.001602501	0.0007371164	0.0007344395	0.0007342218	4.891419e-06	4.994817e-08	2.725482e-08	2.393316e-08	2.327253e-08	1.011059e-08	8.841375e-10	7.003675e-10	1.80744e-10	8.254297e-12	6.946045e-12	6.810788e-12	6.79181e-12	5.129749e-12	2.834081e-12	2.827348e-12	2.640837e-12	2.640833e-12	4.501688e-14	2.102333e-14	2.083569e-14
125	0.05335801	0.03359914	0.01622809	0.01421941	0.01390893	0.008871826	0.0003261607	6.505007e-06	5.233528e-06	5.200687e-06	5.195262e-06	5.21294e-08	2.782431e-08	2.432325e-08	2.419243e-08	1.011285e-08	2.234471e-10	4.412411e-11	4.098347e-11	2.876834e-12	2.685088e-12	2.569272e-12	2.548916e-12	1.40597e-12	4.89321e-13	4.868807e-13	3.844389e-13	3.844343e-13	8.549335e-15	4.965338e-15
126	0.5262617	0.04052909	0.03469759	0.01600478	0.01425243	0.0139161	0.008957291	0.0003260802	1.399744e-06	8.691895e-08	6.274886e-08	6.242616e-08	5.591128e-08	2.958518e-08	2.579486e-08	2.567216e-08	1.094112e-08	2.291272e-10	3.546933e-11	3.524535e-11	2.899404e-12	2.749342e-12	2.624851e-12	2.602801e-12	1.387548e-12	4.453886e-13	4.42981e-13	3.352163e-13	3.352112e-13	7.94621e-15
127	0.4853726	0.4613513	0.04047813	0.0356608	0.01536147	0.01376226	0.01376219	0.008849514	0.0003344804	1.410483e-06	4.736511e-08	2.287413e-08	2.261103e-08	1.621946e-08	1.618394e-08	1.205146e-08	1.193802e-08	1.193255e-08	2.484139e-10	3.779968e-11	3.760059e-11	2.937638e-12	2.821013e-12	2.685852e-12	2.685836e-12	1.36861e-12	3.951428e-13	3.931257e-13	2.790833e-13	2.790833e-13
128	0.4101208	0.3888751	0.3778375	0.02029681	0.01602868	0.01514165	0.01385897	0.01385891	0.009108559	0.0003423408	7.828944e-07	2.95804e-08	6.825406e-09	6.589072e-09	3.068273e-10	2.71907e-10	2.29954e-10	1.239849e-10	1.18174e-10	6.514044e-11	3.974921e-11	3.955419e-11	3.013047e-12	2.901666e-12	2.770667e-12	2.770652e-12	1.333449e-12	3.383074e-13	3.361908e-13	2.578835e-13
129	0.3589294	0.3353428	0.3167625	0.3066568	0.01853936	0.01477578	0.01432438	0.01333721	0.01333715	0.009344	0.0003515446	7.954147e-07	2.726096e-08	6.912199e-09	6.688996e-09	2.469644e-10	2.111694e-10	1.684072e-10	7.838518e-11	7.213692e-11	4.543561e-11	4.338252e-11	4.318973e-11	2.910512e-12	2.798449e-12	2.791662e-12	2.791646e-12	1.201854e-12	2.697209e-13	2.674699e-13
130	0.3270647	0.2676782	0.2547227	0.2380885	0.2314153	0.01292173	0.009545797	0.009366244	0.00858513	0.008585086	0.007124473	0.0002666603	6.005572e-07	1.201114e-08	4.745543e-09	4.570639e-09	1.217952e-10	9.711178e-11	7.112321e-11	1.347509e-11	7.075765e-12	5.499963e-12	3.818192e-12	3.718978e-12	2.252724e-12	2.144217e-12	2.141357e-12	2.141346e-12	4.296588e-13	2.271094e-13
131	0.9272552	0.2506829	0.21865	0.2087437	0.1946914	0.1892966	0.005685801	0.002953078	0.002816508	0.002164708	0.002164673	0.001129297	4.258898e-05	1.087854e-07	7.656444e-09	3.776635e-09	3.640727e-09	7.408692e-11	5.428741e-11	4.732994e-11	3.886956e-12	3.216793e-12	3.107092e-12	1.685979e-12	1.603435e-12	3.797279e-13	3.379034e-13	3.354241e-13	3.354152e-13	3.021073e-13
132	0.2031678	0.1747603	0.155364	0.1329504	0.1261673	0.1176551	0.1139845	0.003402665	0.001750709	0.001671378	0.001278692	0.001278666	0.0006576959	2.477079e-05	6.417524e-08	5.03635e-09	2.75337e-09	2.670479e-09	4.752926e-11	3.296009e-11	2.839905e-11	2.351721e-12	1.959881e-12	1.890434e-12	1.06599e-12	1.016012e-12	2.219204e-13	1.964607e-13	1.956914e-13	1.956849e-13
133	0.08345771	0.05894413	0.04492545	0.04046542	0.02895765	0.02631895	0.02454815	0.02258879	0.0006817358	0.0003530594	0.0003347537	0.0002569998	0.0002569849	0.0001357288	5.07661e-06	1.437142e-08	2.126506e-09	1.538431e-09	1.520857e-09	1.590695e-11	7.530924e-12	5.688966e-12	6.283509e-13	5.230489e-13	4.874211e-13	3.204416e-13	3.095869e-13	4.767403e-14	4.221273e-14	4.195936e-14
134	0.04600758	0.01429469	0.00967158	0.006113549	0.004896098	0.001902884	0.001320237	0.001230198	0.0007111332	2.433258e-05	1.305948e-05	1.152511e-05	9.110302e-06	9.106226e-06	5.891008e-06	2.258592e-07	1.0844e-09	5.03584e-10	4.158157e-10	4.147632e-10	2.918946e-12	6.233106e-13	2.174063e-13	9.286742e-14	7.897326e-14	6.982559e-14	6.202222e-14	6.129986e-14	2.211326e-15	1.823009e-15
135	0.7304559	0.03740925	0.009726739	0.006516218	0.003971071	0.003550319	0.001417778	0.0009976777	0.0009289856	0.0005599943	1.925062e-05	1.032668e-05	9.208456e-06	7.302796e-06	7.299891e-06	4.822978e-06	1.84504e-07	8.454066e-10	3.679431e-10	2.96284e-10	2.954467e-10	2.099085e-12	4.628381e-13	1.716059e-13	7.535615e-14	6.501888e-14	5.851075e-14	5.416688e-14	5.362259e-14	1.779294e-15
136	0.4080603	0.3671244	0.02226475	0.002490557	0.001767915	0.001217767	0.0009420711	0.0005170142	0.0004305761	0.0004014378	0.0003273913	1.113598e-05	6.277505e-06	5.923108e-06	4.805678e-06	4.805102e-06	3.267265e-06	1.243537e-07	4.34191e-10	1.105141e-10	5.84458e-11	5.80486e-11	4.970526e-13	1.729245e-13	1.076586e-13	4.675161e-14	4.322562e-14	4.164313e-14	3.903573e-14	3.884006e-14
137	0.2226836	0.1356167	0.1218879	0.006784414	0.001122601	0.0007960179	0.0005510202	0.0004728265	0.0002655486	0.0002229696	0.000207837	0.0001720896	5.184902e-06	2.627554e-06	2.450573e-06	1.861877e-06	1.861599e-06	1.090487e-06	4.166226e-08	1.517085e-10	4.33957e-11	2.857295e-11	2.842377e-11	2.317321e-13	7.494873e-14	4.499703e-14	1.430633e-14	1.312819e-14	1.252288e-14	1.117539e-14
