#unpaired probabilities
 #i$	l=1	2	3	4	5	6	7	8	9	10	11	12	13	14	15	16	17	18	19	20	21	22	23	24	25	26	27	28	29	30	
1	0.9547993	NA	NA	NA	NA	NA	NA	NA	NA	NA	NA	NA	NA	NA	NA	NA	NA	NA	NA	NA	NA	NA	NA	NA	NA	NA	NA	NA	NA	NA
2	0.3417225	0.3417072	NA	NA	NA	NA	NA	NA	NA	NA	NA	NA	NA	NA	NA	NA	NA	NA	NA	NA	NA	NA	NA	NA	NA	NA	NA	NA	NA	NA
3	0.3394472	0.3383808	0.3383674	NA	NA	NA	NA	NA	NA	NA	NA	NA	NA	NA	NA	NA	NA	NA	NA	NA	NA	NA	NA	NA	NA	NA	NA	NA	NA	NA
4	0.05028395	0.02965317	0.02914136	0.02912968	NA	NA	NA	NA	NA	NA	NA	NA	NA	NA	NA	NA	NA	NA	NA	NA	NA	NA	NA	NA	NA	NA	NA	NA	NA	NA
5	0.04823742	0.04288057	0.02244499	0.02195833	0.02194667	NA	NA	NA	NA	NA	NA	NA	NA	NA	NA	NA	NA	NA	NA	NA	NA	NA	NA	NA	NA	NA	NA	NA	NA	NA
6	0.4423806	0.04437426	0.04237016	0.02200738	0.0215269	0.02152287	NA	NA	NA	NA	NA	NA	NA	NA	NA	NA	NA	NA	NA	NA	NA	NA	NA	NA	NA	NA	NA	NA	NA	NA
7	0.339433	0.3374554	0.04385203	0.04210868	0.02177569	0.02129639	0.02129236	NA	NA	NA	NA	NA	NA	NA	NA	NA	NA	NA	NA	NA	NA	NA	NA	NA	NA	NA	NA	NA	NA	NA
8	0.8729673	0.3147927	0.3133788	0.02314822	0.02178309	0.02170651	0.02122752	0.02122349	NA	NA	NA	NA	NA	NA	NA	NA	NA	NA	NA	NA	NA	NA	NA	NA	NA	NA	NA	NA	NA	NA
9	0.6395522	0.6356623	0.3130716	0.3120248	0.02253931	0.02131227	0.02123864	0.02117129	0.02116726	NA	NA	NA	NA	NA	NA	NA	NA	NA	NA	NA	NA	NA	NA	NA	NA	NA	NA	NA	NA	NA
10	0.9824179	0.6378624	0.6343252	0.3128572	0.3118279	0.02251989	0.02129877	0.02122543	0.02116091	0.0211602	NA	NA	NA	NA	NA	NA	NA	NA	NA	NA	NA	NA	NA	NA	NA	NA	NA	NA	NA	NA
11	0.8917787	0.8859982	0.5566068	0.5532838	0.2964487	0.295607	0.006474626	0.005280564	0.0052083	0.005195707	0.005194996	NA	NA	NA	NA	NA	NA	NA	NA	NA	NA	NA	NA	NA	NA	NA	NA	NA	NA	NA
12	0.5879068	0.5551883	0.5508413	0.4432163	0.4411043	0.2942578	0.2936816	0.005768712	0.004707125	0.004640872	0.00463581	0.0046351	NA	NA	NA	NA	NA	NA	NA	NA	NA	NA	NA	NA	NA	NA	NA	NA	NA	NA
13	0.1859794	0.1851634	0.1849706	0.1807055	0.1776049	0.1755067	0.0294043	0.02886923	0.005665652	0.004604711	0.004539077	0.00453402	0.004533309	NA	NA	NA	NA	NA	NA	NA	NA	NA	NA	NA	NA	NA	NA	NA	NA	NA
14	0.2067558	0.1825993	0.18188	0.1817146	0.1774502	0.1743538	0.1743454	0.02911191	0.02857686	0.00537401	0.00460284	0.004537207	0.004532418	0.004532417	NA	NA	NA	NA	NA	NA	NA	NA	NA	NA	NA	NA	NA	NA	NA	NA
15	0.6105523	0.2058397	0.1819224	0.181218	0.1810573	0.1772526	0.174157	0.1741485	0.02891507	0.02851976	0.005316913	0.004545742	0.004537204	0.004532414	0.004532414	NA	NA	NA	NA	NA	NA	NA	NA	NA	NA	NA	NA	NA	NA	NA
16	0.38176	0.3711979	0.06726347	0.04484051	0.04425873	0.04411335	0.04080101	0.03787154	0.03786416	0.02757352	0.02717855	0.003975781	0.003874582	0.003866046	0.003865533	0.003865533	NA	NA	NA	NA	NA	NA	NA	NA	NA	NA	NA	NA	NA	NA
17	0.7645114	0.380553	0.3699932	0.06655847	0.04414477	0.04357316	0.04342844	0.04055882	0.03762941	0.03762203	0.0273314	0.0271742	0.003971437	0.003870238	0.003866042	0.003865529	0.003865529	NA	NA	NA	NA	NA	NA	NA	NA	NA	NA	NA	NA	NA
18	0.65706	0.4258394	0.3570104	0.3492665	0.04740347	0.02826003	0.02776421	0.02767141	0.02731139	0.02520447	0.02520225	0.02385657	0.02370087	0.0005147138	0.0004691521	0.0004666078	0.000466488	0.0004664878	NA	NA	NA	NA	NA	NA	NA	NA	NA	NA	NA	NA
19	0.3463893	0.3370486	0.3287957	0.2761282	0.2690867	0.03095491	0.01258528	0.01228985	0.01224761	0.01200921	0.01175678	0.01175479	0.01040931	0.0104069	0.0003688182	0.0003232571	0.0003220395	0.0003219201	0.0003219198	NA	NA	NA	NA	NA	NA	NA	NA	NA	NA	NA
20	0.3240921	0.312151	0.3094307	0.3015555	0.2689378	0.2619619	0.02389179	0.01083976	0.01054907	0.01051015	0.01043217	0.01023231	0.01023065	0.01016306	0.01016074	0.0001237389	0.000105792	0.0001047004	0.0001046426	0.0001046423	NA	NA	NA	NA	NA	NA	NA	NA	NA	NA
21	0.260204	0.05244115	0.05137159	0.04922421	0.04918525	0.02160328	0.01474634	0.01334015	0.000538125	0.0004369144	0.000413235	0.0003662136	0.0001797754	0.0001781802	0.0001105975	0.0001094946	8.176211e-05	6.381522e-05	6.328381e-05	6.322602e-05	6.32258e-05	NA	NA	NA	NA	NA	NA	NA	NA	NA
22	0.4362498	0.2451497	0.03946921	0.03844585	0.03630695	0.0362769	0.008835954	0.001979571	0.0005742738	0.0005153105	0.0004141767	0.0003905248	0.0003446262	0.0001585557	0.0001569629	9.11675e-05	9.006547e-05	6.233716e-05	6.226393e-05	6.173302e-05	6.170534e-05	6.170512e-05	NA	NA	NA	NA	NA	NA	NA	NA
23	0.4444388	0.3588873	0.2145873	0.01050717	0.009567008	0.009485448	0.00946092	0.008330588	0.001487608	0.0003383089	0.0002808967	0.0002782486	0.0002777601	0.0002686455	0.000103124	0.0001016063	3.581655e-05	3.47495e-05	1.243179e-05	1.235855e-05	1.225434e-05	1.222666e-05	1.222645e-05	NA	NA	NA	NA	NA	NA	NA
24	0.7590035	0.4402642	0.3577212	0.2140214	0.009978572	0.00948328	0.009407158	0.009382702	0.0083211	0.001478349	0.0003291677	0.0002749106	0.0002722781	0.0002718007	0.0002632363	9.789484e-05	9.637833e-05	3.503676e-05	3.397003e-05	1.165237e-05	1.159039e-05	1.148619e-05	1.148152e-05	1.14813e-05	NA	NA	NA	NA	NA	NA
25	0.8145727	0.6034024	0.3089858	0.2264806	0.207129	0.003094617	0.002617935	0.002541875	0.002540168	0.001478697	0.001475548	0.0003263676	0.0002733148	0.0002706823	0.000270205	0.0002616414	9.630031e-05	9.628287e-05	3.498865e-05	3.392192e-05	1.160427e-05	1.158893e-05	1.148473e-05	1.148019e-05	1.148019e-05	NA	NA	NA	NA	NA
26	0.3779581	0.3462905	0.1374519	0.0708329	0.02027813	0.005230641	0.001626928	0.001273119	0.001205043	0.001204153	0.0001452689	0.0001421526	0.0001404651	8.754164e-05	8.551415e-05	8.530215e-05	7.680077e-05	7.400654e-05	7.398911e-05	1.269489e-05	1.162998e-05	1.152719e-05	1.151186e-05	1.148288e-05	1.147835e-05	1.147835e-05	NA	NA	NA	NA
27	0.2943495	0.2938447	0.2642306	0.05554078	0.05497175	0.004802268	0.00455781	0.001161698	0.001157366	0.00109054	0.001089673	3.078868e-05	2.768535e-05	2.6564e-05	2.623036e-05	2.42029e-05	2.399091e-05	1.548953e-05	1.26953e-05	1.267788e-05	1.267588e-05	1.161097e-05	1.150818e-05	1.150782e-05	1.147884e-05	1.147835e-05	1.147835e-05	NA	NA	NA
28	0.3036525	0.2930655	0.2929414	0.2633609	0.05480383	0.05460592	0.004686763	0.004537428	0.001152863	0.001149148	0.001087506	0.00108664	2.788246e-05	2.477924e-05	2.366403e-05	2.333081e-05	2.305223e-05	2.287766e-05	1.440306e-05	1.162587e-05	1.160844e-05	1.160644e-05	1.160085e-05	1.150798e-05	1.150761e-05	1.147884e-05	1.147835e-05	1.147835e-05	NA	NA
29	0.4301369	0.08800261	0.08033227	0.08025264	0.05067992	0.04705718	0.04688987	0.001603686	0.001464589	0.001144005	0.001140475	0.0010872	0.001086352	2.76257e-05	2.452304e-05	2.349122e-05	2.316103e-05	2.29237e-05	2.275177e-05	1.427744e-05	1.150347e-05	1.148605e-05	1.148405e-05	1.14792e-05	1.14792e-05	1.147884e-05	1.147884e-05	1.147835e-05	1.147835e-05	NA
30	0.4774648	0.4279803	0.08791038	0.08024534	0.08017893	0.05060622	0.04698352	0.0468876	0.001601418	0.00146429	0.001143708	0.001140471	0.001087196	0.001086348	2.762119e-05	2.451882e-05	2.348703e-05	2.315947e-05	2.292215e-05	2.275021e-05	1.427588e-05	1.150192e-05	1.148449e-05	1.148319e-05	1.147835e-05	1.147835e-05	1.147835e-05	1.147835e-05	1.147835e-05	1.147835e-05
