#unpaired probabilities
 #i$	l=1	2	3	4	5	6	7	8	9	10	11	12	13	14	15	16	17	18	19	20	21	22	23	24	25	26	27	28	29	30	
1	0.9855053	NA	NA	NA	NA	NA	NA	NA	NA	NA	NA	NA	NA	NA	NA	NA	NA	NA	NA	NA	NA	NA	NA	NA	NA	NA	NA	NA	NA	NA
2	0.9822076	0.9682546	NA	NA	NA	NA	NA	NA	NA	NA	NA	NA	NA	NA	NA	NA	NA	NA	NA	NA	NA	NA	NA	NA	NA	NA	NA	NA	NA	NA
3	0.04213459	0.03840449	0.03727322	NA	NA	NA	NA	NA	NA	NA	NA	NA	NA	NA	NA	NA	NA	NA	NA	NA	NA	NA	NA	NA	NA	NA	NA	NA	NA	NA
4	0.08981282	0.01220586	0.01197505	0.01175898	NA	NA	NA	NA	NA	NA	NA	NA	NA	NA	NA	NA	NA	NA	NA	NA	NA	NA	NA	NA	NA	NA	NA	NA	NA	NA
5	0.2845018	0.082634	0.01141551	0.01121469	0.01102315	NA	NA	NA	NA	NA	NA	NA	NA	NA	NA	NA	NA	NA	NA	NA	NA	NA	NA	NA	NA	NA	NA	NA	NA	NA
6	0.6264586	0.07493926	0.0239005	0.003275534	0.003230604	0.003173989	NA	NA	NA	NA	NA	NA	NA	NA	NA	NA	NA	NA	NA	NA	NA	NA	NA	NA	NA	NA	NA	NA	NA	NA
7	0.007020794	0.003022677	0.0008753097	0.0002762626	3.799805e-05	3.715898e-05	3.608212e-05	NA	NA	NA	NA	NA	NA	NA	NA	NA	NA	NA	NA	NA	NA	NA	NA	NA	NA	NA	NA	NA	NA	NA
8	0.01654069	0.002547972	0.0002069117	7.385265e-05	2.383802e-05	3.299702e-06	3.17036e-06	3.089781e-06	NA	NA	NA	NA	NA	NA	NA	NA	NA	NA	NA	NA	NA	NA	NA	NA	NA	NA	NA	NA	NA	NA
9	0.08203463	0.01013185	0.002419838	0.0001227686	4.787441e-05	1.528767e-05	2.069808e-06	2.037745e-06	1.992641e-06	NA	NA	NA	NA	NA	NA	NA	NA	NA	NA	NA	NA	NA	NA	NA	NA	NA	NA	NA	NA	NA
10	0.6097041	0.07126295	0.008463418	0.002397467	0.0001113216	4.194141e-05	1.346597e-05	1.818372e-06	1.79031e-06	1.751987e-06	NA	NA	NA	NA	NA	NA	NA	NA	NA	NA	NA	NA	NA	NA	NA	NA	NA	NA	NA	NA
11	0.8870891	0.5892718	0.06193364	0.007514025	0.002379023	0.0001026146	3.643557e-05	1.177077e-05	1.585519e-06	1.56317e-06	1.532425e-06	NA	NA	NA	NA	NA	NA	NA	NA	NA	NA	NA	NA	NA	NA	NA	NA	NA	NA	NA
12	0.9524084	0.8810803	0.5855502	0.06023902	0.007348977	0.002374504	0.0001010957	3.543745e-05	1.146688e-05	1.543795e-06	1.522103e-06	1.492552e-06	NA	NA	NA	NA	NA	NA	NA	NA	NA	NA	NA	NA	NA	NA	NA	NA	NA	NA
13	0.7843964	0.7902881	0.7951994	0.53111	0.03515398	0.00475907	0.002039203	7.809819e-05	2.039513e-05	6.551698e-06	8.478163e-07	8.321697e-07	8.078525e-07	NA	NA	NA	NA	NA	NA	NA	NA	NA	NA	NA	NA	NA	NA	NA	NA	NA
14	0.7945148	0.7583307	0.7677537	0.7771804	0.517751	0.02990964	0.002681087	8.968066e-05	6.398913e-05	1.819696e-05	5.874823e-06	7.542999e-07	7.400183e-07	7.180518e-07	NA	NA	NA	NA	NA	NA	NA	NA	NA	NA	NA	NA	NA	NA	NA	NA
15	0.5942091	0.4023375	0.362637	0.3594943	0.353669	0.06173609	0.02333847	0.002077898	4.822879e-05	2.481475e-05	1.430258e-05	4.68908e-06	5.920937e-07	5.803936e-07	5.63104e-07	NA	NA	NA	NA	NA	NA	NA	NA	NA	NA	NA	NA	NA	NA	NA
16	0.648527	0.5878022	0.3986074	0.3597247	0.3569649	0.3515826	0.06066923	0.02274391	0.002008899	4.710413e-05	2.407222e-05	1.361235e-05	4.231714e-06	5.792225e-07	5.688262e-07	5.519234e-07	NA	NA	NA	NA	NA	NA	NA	NA	NA	NA	NA	NA	NA	NA
17	0.5467569	0.441027	0.3778592	0.1783794	0.1297525	0.1090691	0.08249602	0.05880446	0.02187892	0.00193274	4.540801e-05	2.325443e-05	1.304015e-05	4.003886e-06	5.456873e-07	5.364017e-07	5.205871e-07	NA	NA	NA	NA	NA	NA	NA	NA	NA	NA	NA	NA	NA
18	0.4407305	0.3812485	0.3527081	0.3117694	0.1243273	0.08628747	0.07057556	0.05246712	0.03444645	0.0158946	0.001402689	3.075147e-05	1.428894e-05	9.499909e-06	2.939286e-06	4.00119e-07	3.933295e-07	3.822713e-07	NA	NA	NA	NA	NA	NA	NA	NA	NA	NA	NA	NA
19	0.4654738	0.2978518	0.2317348	0.1953915	0.1524894	0.1199137	0.08471465	0.06925493	0.05143963	0.03386412	0.01562283	0.001379094	3.020706e-05	1.401585e-05	9.299771e-06	2.84851e-06	3.925752e-07	3.86447e-07	3.756187e-07	NA	NA	NA	NA	NA	NA	NA	NA	NA	NA	NA
20	0.1488411	0.06586759	0.0511503	0.04090805	0.03365714	0.02448574	0.01930393	0.01297419	0.01054598	0.007798909	0.005109588	0.002350962	0.0002091779	4.594803e-06	2.165608e-06	1.432643e-06	4.710928e-07	6.688599e-08	6.63345e-08	6.594347e-08	NA	NA	NA	NA	NA	NA	NA	NA	NA	NA
21	0.4363071	0.1442796	0.06339856	0.04934081	0.0395305	0.03250411	0.02356229	0.01857567	0.01244332	0.01010149	0.007500337	0.004912942	0.002260413	0.0002011921	4.41499e-06	2.078951e-06	1.372018e-06	4.461878e-07	6.288683e-08	6.219419e-08	6.132108e-08	NA	NA	NA	NA	NA	NA	NA	NA	NA
22	0.4476135	0.3370893	0.1163307	0.04245954	0.03469358	0.02741175	0.02156228	0.01748792	0.01395463	0.009335592	0.007557055	0.005634365	0.003686358	0.001694407	0.0001512997	3.321852e-06	1.572562e-06	1.03536e-06	3.433451e-07	4.876921e-08	4.831722e-08	4.790078e-08	NA	NA	NA	NA	NA	NA	NA	NA
23	0.282214	0.2122676	0.1752796	0.07515527	0.01860969	0.01535105	0.01228674	0.009675912	0.008040198	0.006672998	0.004264306	0.003409394	0.002550647	0.001653784	0.0007577376	6.872388e-05	1.501755e-06	7.217147e-07	4.672839e-07	1.59475e-07	2.251591e-08	2.212472e-08	2.142727e-08	NA	NA	NA	NA	NA	NA	NA
24	0.2694043	0.2158701	0.1946512	0.1633227	0.07230197	0.01623314	0.01336619	0.01051319	0.007985319	0.006463257	0.00518386	0.003931552	0.003139496	0.002350418	0.001522045	0.0006970299	6.337016e-05	1.382556e-06	6.651172e-07	4.284317e-07	1.450138e-07	2.045702e-08	2.010204e-08	1.947016e-08	NA	NA	NA	NA	NA	NA
25	0.3168576	0.2201749	0.1814712	0.1689091	0.1442816	0.06932839	0.01386116	0.0114842	0.009031071	0.006715656	0.005419072	0.004317947	0.003243963	0.002656515	0.001975047	0.001307017	0.0005978228	5.462486e-05	1.190191e-06	5.754639e-07	3.683376e-07	1.256369e-07	1.776889e-08	1.745983e-08	1.691511e-08	NA	NA	NA	NA	NA
26	0.3282577	0.245824	0.165134	0.1262688	0.1135886	0.09047024	0.0166345	0.01243579	0.01011797	0.007782544	0.006430624	0.005185636	0.004127513	0.003095586	0.002530005	0.001886928	0.00124469	0.0005739479	5.24991e-05	1.117809e-06	5.234373e-07	3.539126e-07	1.210072e-07	1.711049e-08	1.680374e-08	1.62542e-08	NA	NA	NA	NA
27	0.2338718	0.1994662	0.1457976	0.1119276	0.08596201	0.07674703	0.06035611	0.01187573	0.008697699	0.007257306	0.005588646	0.004596289	0.003704393	0.002956016	0.002225012	0.001818369	0.001355988	0.0008948388	0.0004118235	3.638757e-05	7.97544e-07	3.675799e-07	2.436207e-07	7.322887e-08	1.003763e-08	9.868247e-09	9.550912e-09	NA	NA	NA
28	0.8105801	0.2321149	0.1978329	0.1450785	0.111496	0.08562452	0.07646826	0.06012525	0.0118389	0.008667697	0.007231666	0.005571591	0.004582272	0.003693411	0.002947571	0.002219064	0.001813847	0.001352661	0.0008926506	0.0004108203	3.629692e-05	7.926961e-07	3.666519e-07	2.429799e-07	7.298136e-08	1.000341e-08	9.834282e-09	9.517077e-09	NA	NA
29	0.9187555	0.7722325	0.2242501	0.1916974	0.1397038	0.1094046	0.08377855	0.074737	0.05854193	0.01074014	0.008499142	0.007074354	0.005442438	0.004534723	0.003655633	0.002917966	0.002197476	0.001796827	0.001339879	0.0008831927	0.0004076697	3.601906e-05	7.863287e-07	3.634814e-07	2.410236e-07	7.228761e-08	9.901243e-09	9.731021e-09	9.407254e-09	NA
30	0.5490613	0.5342765	0.4741581	0.01839417	0.01482957	0.01097597	0.008815631	0.007049404	0.005354425	0.004193809	0.0007805585	0.0006170023	0.0005147806	0.0003973091	0.0003299265	0.0002674413	0.0002116789	0.0001560431	0.0001274212	9.461452e-05	6.238039e-05	2.87158e-05	2.531545e-06	5.560206e-08	2.570202e-08	1.705882e-08	5.193488e-09	7.13341e-10	7.0212e-10	6.818528e-10
31	0.5933633	0.5459364	0.5312993	0.47256	0.01717514	0.01375332	0.0101381	0.008157144	0.006544276	0.004898936	0.003836521	0.0007152615	0.0005653276	0.0004717315	0.000364301	0.0003024272	0.0002452846	0.0001939772	0.0001426854	0.000116498	8.64684e-05	5.701074e-05	2.623724e-05	2.312957e-06	5.068779e-08	2.34918e-08	1.559302e-08	4.753689e-09	6.532529e-10	6.430557e-10
32	0.2896024	0.1660913	0.1092615	0.09518378	0.02123902	0.01610828	0.0127936	0.009470656	0.007634369	0.006141644	0.004543433	0.003556041	0.0006571238	0.0005215502	0.0004344615	0.0003354714	0.0002811782	0.0002282739	0.0001805155	0.0001327026	0.000108478	8.045956e-05	5.300416e-05	2.444341e-05	2.154822e-06	4.721212e-08	2.187046e-08	1.452098e-08	4.419703e-09	6.064218e-10
33	0.3270357	0.277727	0.1546669	0.1024864	0.0938305	0.01994658	0.01482046	0.01267357	0.009371227	0.007555252	0.006084671	0.004491882	0.003515646	0.0006496846	0.0005156329	0.0004295185	0.0003316293	0.000277943	0.0002256381	0.0001784147	0.0001311307	0.0001072566	7.954883e-05	5.240434e-05	2.416654e-05	2.130413e-06	4.667754e-08	2.162284e-08	1.435635e-08	4.369479e-09
34	0.6207811	0.3259057	0.276844	0.154122	0.1020689	0.09354529	0.01965659	0.01452692	0.01237189	0.009348306	0.007542383	0.006074647	0.00448338	0.003508971	0.0006484685	0.000514671	0.0004287176	0.0003310129	0.0002774294	0.0002252244	0.0001780842	0.0001308815	0.0001070529	7.939835e-05	5.230517e-05	2.412078e-05	2.126378e-06	4.658882e-08	2.15819e-08	1.432912e-08
35	0.6433292	0.6138051	0.3223828	0.2741992	0.1517193	0.1011785	0.09272118	0.01881139	0.01366505	0.01148269	0.00848774	0.006664412	0.005164458	0.004466444	0.003494916	0.0006463588	0.0005130096	0.0004273143	0.0003298925	0.0002764704	0.0002244246	0.0001774142	0.000130337	0.0001065729	7.918655e-05	5.216582e-05	2.405687e-05	2.120739e-06	4.645836e-08	2.151829e-08
36	0.5222013	0.4743453	0.4436015	0.164217	0.1202561	0.08359851	0.03232431	0.02307636	0.01839437	0.01333489	0.01120755	0.008250071	0.006473014	0.005015134	0.004329643	0.003396241	0.0006281118	0.0004984468	0.000415558	0.0003208023	0.0002688731	0.0002182979	0.0001725254	0.0001266768	0.0001036194	7.698496e-05	5.072472e-05	2.339715e-05	2.062594e-06	4.518284e-08
37	0.7766818	0.5032008	0.4560111	0.4253985	0.154289	0.1106728	0.07421644	0.03015728	0.02087821	0.0161493	0.01314878	0.01103774	0.008127916	0.006377411	0.004940694	0.004261879	0.003341933	0.0006176164	0.0004908155	0.0004091059	0.0003161074	0.0002650469	0.0002152182	0.0001700674	0.0001248256	0.0001021086	7.585789e-05	4.997891e-05	2.305935e-05	2.032814e-06
38	0.817575	0.5908158	0.4744894	0.4503559	0.4215177	0.1536737	0.1101292	0.07374491	0.02992841	0.02064644	0.01591405	0.01291395	0.01079743	0.007889741	0.006136295	0.004692911	0.004248946	0.003330967	0.0006161274	0.0004896536	0.0004081189	0.0003153193	0.0002643638	0.0002146366	0.0001695673	0.0001244035	0.0001017236	7.569929e-05	4.987451e-05	2.301137e-05
39	0.660863	0.6490961	0.5624279	0.454214	0.431449	0.408225	0.140108	0.09647363	0.06963475	0.02585543	0.01645564	0.01493291	0.01190879	0.01076059	0.007857243	0.006109422	0.004670848	0.004228182	0.003316254	0.0006128307	0.0004867707	0.0004066873	0.0003141939	0.0002634084	0.000213853	0.0001689382	0.0001239363	0.0001013798	7.544191e-05	4.971177e-05
40	0.6501475	0.6291258	0.6180908	0.5534772	0.4488407	0.4262843	0.4036378	0.1376417	0.09409668	0.06759656	0.02425458	0.01481035	0.01323983	0.01030342	0.009101559	0.007818681	0.00608093	0.004649108	0.004208835	0.003300473	0.0006089353	0.0004835966	0.0004037787	0.0003126497	0.0002623876	0.0002130558	0.0001683271	0.0001235085	0.0001010571	7.520185e-05
41	0.8982579	0.6210526	0.6006303	0.5891466	0.5249219	0.4343531	0.4115065	0.3888761	0.1373515	0.0938308	0.06737419	0.02410878	0.01466183	0.0130882	0.01015021	0.00894406	0.007663575	0.006074474	0.00464398	0.004204763	0.003297119	0.0006083305	0.0004830993	0.0004033441	0.00031228	0.0002620551	0.0002127596	0.0001680584	0.0001232642	0.0001008201
42	0.8149197	0.7964299	0.5962038	0.5763678	0.5644011	0.5224209	0.432626	0.4100304	0.3875373	0.1361226	0.0932953	0.06697105	0.02394494	0.01452404	0.01295502	0.01002982	0.008876856	0.007601742	0.006020346	0.004611942	0.004174415	0.003270924	0.0006023474	0.0004777024	0.0003983446	0.000307536	0.0002573388	0.0002084105	0.0001667527	0.0001226898
43	0.6937795	0.6019528	0.5908023	0.4017939	0.3785341	0.361367	0.3144781	0.219136	0.1904482	0.1615413	0.136089	0.09326326	0.06694351	0.02392846	0.01450717	0.01293774	0.01001234	0.008858828	0.007583381	0.006019492	0.004611183	0.004173791	0.003270361	0.000602247	0.0004776122	0.0003982578	0.000307453	0.0002572559	0.0002083273	0.0001666678
44	0.716342	0.6315026	0.5555334	0.5440842	0.3741872	0.3524178	0.3346461	0.2914512	0.1962286	0.1669959	0.1374593	0.1113213	0.08566126	0.05913937	0.0159471	0.01447608	0.01290822	0.009987277	0.008838906	0.00756499	0.006003315	0.004598819	0.004161749	0.003259343	0.0005973355	0.0004727111	0.0003933821	0.0003024456	0.0002520263	0.0002030618
45	0.721446	0.6899147	0.6277839	0.5526514	0.5414441	0.3726137	0.3508709	0.3336128	0.290703	0.1956613	0.166485	0.1370464	0.110934	0.08530447	0.05897659	0.01583793	0.01436662	0.01288786	0.009970499	0.008824407	0.007551986	0.005992357	0.004589506	0.004152825	0.003253432	0.0005963743	0.0004719211	0.0003929073	0.0003020765	0.0002517166
46	0.7382469	0.7160216	0.6854219	0.6252484	0.5513442	0.5401419	0.3719592	0.3503146	0.3330804	0.2902384	0.1953356	0.1661998	0.1368026	0.1107369	0.0851434	0.05885227	0.01580166	0.01433204	0.01285493	0.009954765	0.008810286	0.007540882	0.005984113	0.004583325	0.004147316	0.003249337	0.0005952218	0.0004710487	0.0003921422	0.0003016051
47	0.9891812	0.73546	0.7137577	0.6832431	0.6232351	0.5495309	0.5383425	0.3705767	0.3494126	0.3322182	0.2894696	0.194857	0.1657883	0.1364602	0.1104635	0.08493152	0.05870274	0.01575114	0.01428463	0.01281062	0.009916595	0.00877434	0.007524943	0.005971605	0.004574263	0.004139862	0.003244013	0.000593848	0.0004699147	0.0003911938
48	0.4538755	0.4518464	0.3231108	0.3142284	0.2991351	0.2684848	0.2359337	0.2316192	0.1618521	0.1528708	0.1464674	0.1270808	0.07942867	0.06731037	0.05547419	0.04521023	0.0352889	0.0248733	0.006899736	0.006351643	0.005800909	0.004601658	0.00418559	0.003688856	0.002976162	0.002453671	0.002307326	0.001948123	0.0002485747	0.0001842854
49	0.3928522	0.3738424	0.3724767	0.2861014	0.2782432	0.2656412	0.237472	0.2104545	0.2066342	0.1452806	0.1372131	0.1316231	0.1140966	0.07025798	0.05944931	0.04896888	0.03992614	0.03119364	0.02198583	0.006164563	0.005685527	0.005203557	0.004152558	0.003790643	0.003355603	0.002731407	0.002277242	0.002152528	0.001842694	0.0002183755
50	0.9834112	0.385457	0.3702381	0.3689569	0.2836851	0.2765898	0.2640257	0.2359308	0.209013	0.2051973	0.1440943	0.1365586	0.130995	0.113528	0.0699362	0.05917346	0.04874082	0.039747	0.03105716	0.02189248	0.006139506	0.005662946	0.005183467	0.004137053	0.003777085	0.003344437	0.0027227	0.002270886	0.002147813	0.001839282
51	0.3462647	0.3382714	0.2442806	0.2353179	0.2348677	0.1810285	0.1767293	0.1683546	0.1501259	0.1329797	0.1306603	0.0926223	0.08782355	0.08439273	0.07304104	0.0439916	0.03713031	0.03055914	0.02493248	0.01950756	0.01375441	0.003925383	0.003631246	0.003335346	0.002684541	0.002464587	0.002192197	0.001807877	0.001531817	0.001457198
52	0.004807298	0.004550521	0.004525195	0.002814785	0.001375766	0.001171332	0.0008921383	0.0008694466	0.0008320854	0.0007462591	0.0006645221	0.0006491684	0.0004654609	0.0004422869	0.0004141343	0.0003596643	0.0002237852	0.0001871938	0.0001547926	0.0001230628	9.558552e-05	6.696576e-05	1.896401e-05	1.744737e-05	1.594977e-05	1.27773e-05	1.165744e-05	1.030037e-05	8.450196e-06	7.083601e-06
53	0.009510852	0.00214444	0.002107341	0.002079979	0.002018972	0.000627737	0.0004250106	0.0003226525	0.0003146701	0.0003020584	0.0002731801	0.000245044	0.0002373628	0.000173513	0.0001655513	0.0001485602	0.0001297516	8.414998e-05	6.932389e-05	5.77867e-05	4.39798e-05	3.38279e-05	2.353358e-05	6.620175e-06	6.045794e-06	5.497092e-06	4.380926e-06	3.968766e-06	3.48016e-06	2.836973e-06
54	0.01655698	0.004143266	0.000532533	0.0005090232	0.0004626076	0.0004304858	0.0004267418	0.000225801	0.0001688925	0.000164637	0.0001585362	0.0001447506	0.0001308374	0.0001251506	9.312877e-05	8.918082e-05	7.585037e-05	6.64935e-05	4.481414e-05	3.77539e-05	3.181714e-05	2.281708e-05	1.731836e-05	1.193791e-05	3.328416e-06	3.007573e-06	2.714261e-06	2.146822e-06	1.924773e-06	1.668765e-06
55	0.01864758	0.007244866	0.002013312	0.0001526508	0.0001381344	0.0001334373	0.0001182753	0.000114637	0.0001146013	8.021479e-05	7.785628e-05	7.474576e-05	6.808783e-05	6.097082e-05	5.975835e-05	4.330777e-05	4.114986e-05	3.934498e-05	3.469458e-05	2.478422e-05	2.169213e-05	1.869798e-05	1.21397e-05	9.012255e-06	6.130311e-06	1.683939e-06	1.492843e-06	1.330499e-06	1.038071e-06	9.137522e-07
56	0.0348608	0.0155589	0.006345384	0.001779336	0.0001233829	0.0001101352	0.0001056951	9.404545e-05	9.058289e-05	9.0319e-05	6.994539e-05	6.783145e-05	6.511219e-05	5.935279e-05	5.311165e-05	5.201732e-05	3.809827e-05	3.619728e-05	3.458548e-05	3.081485e-05	2.235937e-05	1.964287e-05	1.701015e-05	1.076725e-05	7.956818e-06	5.397132e-06	1.474954e-06	1.300952e-06	1.15572e-06	8.981641e-07
57	0.9963499	0.03477094	0.01549564	0.006334298	0.001773541	0.0001180452	0.0001067725	0.00010232	9.114854e-05	8.775516e-05	8.743993e-05	6.70254e-05	6.49086e-05	6.214205e-05	5.636033e-05	5.005305e-05	4.888676e-05	3.489332e-05	3.291412e-05	3.121651e-05	2.735585e-05	1.880681e-05	1.598955e-05	1.325021e-05	1.076481e-05	7.954944e-06	5.395844e-06	1.474569e-06	1.300599e-06	1.155399e-06
58	0.0233134	0.01753127	0.006261045	0.003031586	0.001280617	0.0003609293	2.42684e-05	2.172823e-05	2.041365e-05	1.859345e-05	1.784739e-05	1.778003e-05	1.377458e-05	1.339368e-05	1.27838e-05	1.133983e-05	1.00286e-05	9.793141e-06	6.955218e-06	6.555412e-06	6.206067e-06	5.439747e-06	3.77962e-06	3.166458e-06	2.6157e-06	2.113881e-06	1.616369e-06	1.075487e-06	2.896825e-07	2.608973e-07
59	0.03212417	0.0133532	0.01076619	0.004200588	0.002033841	0.0008592573	0.0002415543	1.573878e-05	1.385841e-05	1.325451e-05	1.204503e-05	1.150329e-05	1.144504e-05	8.809245e-06	8.546279e-06	8.113791e-06	7.460454e-06	6.584029e-06	6.420816e-06	4.609028e-06	4.336443e-06	4.093409e-06	3.607645e-06	2.572726e-06	2.140139e-06	1.768689e-06	1.425821e-06	1.083811e-06	7.083247e-07	1.897919e-07
60	0.9140558	0.01591546	0.006200384	0.005518088	0.0009105719	0.000441797	0.0001867477	5.307629e-05	4.3477e-06	4.007044e-06	3.795496e-06	3.438838e-06	3.21609e-06	3.190555e-06	2.422564e-06	2.337159e-06	2.232627e-06	2.054597e-06	1.852221e-06	1.801818e-06	1.359538e-06	1.284433e-06	1.207599e-06	1.075072e-06	8.057625e-07	6.353731e-07	5.233125e-07	4.22868e-07	3.220032e-07	1.916292e-07
61	0.03845701	0.02240097	0.004854861	0.002248316	0.001546278	0.0008280848	0.0004030922	0.000170742	4.825027e-05	3.57314e-06	3.283499e-06	3.105915e-06	2.825285e-06	2.704713e-06	2.685648e-06	2.039411e-06	1.966752e-06	1.878151e-06	1.728667e-06	1.556995e-06	1.516504e-06	1.141593e-06	1.080108e-06	1.016958e-06	9.071962e-07	6.81565e-07	5.306537e-07	4.377029e-07	3.554084e-07	2.730285e-07
62	0.0716092	0.02283573	0.009354747	0.004117707	0.001868897	0.001255796	0.0007148049	0.0003476283	0.0001475079	4.162349e-05	3.003391e-06	2.749372e-06	2.63206e-06	2.391368e-06	2.290383e-06	2.277308e-06	1.715132e-06	1.649168e-06	1.570163e-06	1.440743e-06	1.291792e-06	1.255802e-06	9.356111e-07	8.810937e-07	8.2974e-07	7.341113e-07	5.387117e-07	4.617343e-07	3.811286e-07	3.101036e-07
63	0.1215382	0.0677843	0.02145316	0.008504995	0.003752114	0.001582935	0.001188341	0.0006861854	0.0003336826	0.0001416072	3.993883e-05	2.863254e-06	2.618375e-06	2.516514e-06	2.286529e-06	2.189411e-06	2.177617e-06	1.636745e-06	1.572529e-06	1.496031e-06	1.37454e-06	1.231605e-06	1.197364e-06	8.913384e-07	8.387457e-07	7.91381e-07	6.997154e-07	5.123842e-07	4.407652e-07	3.671173e-07
64	0.9587124	0.1147976	0.06531443	0.02106069	0.008314544	0.003631403	0.001523792	0.001134324	0.0006755426	0.0003285686	0.0001395159	3.93403e-05	2.807521e-06	2.566699e-06	2.466347e-06	2.240108e-06	2.144271e-06	2.132457e-06	1.600058e-06	1.5367e-06	1.46957e-06	1.350289e-06	1.210403e-06	1.176721e-06	8.758576e-07	8.241448e-07	7.77551e-07	6.875181e-07	5.038263e-07	4.334314e-07
65	0.9971399	0.9566139	0.1136399	0.06486347	0.02085012	0.008243126	0.003599107	0.001509477	0.001123829	0.0006688281	0.0003253077	0.0001381226	3.89329e-05	2.759171e-06	2.544827e-06	2.44523e-06	2.220656e-06	2.125432e-06	2.11364e-06	1.585016e-06	1.522763e-06	1.456065e-06	1.337614e-06	1.198933e-06	1.165427e-06	8.674925e-07	8.171812e-07	7.709046e-07	6.815542e-07	5.000215e-07
66	0.9751898	0.9738882	0.9444974	0.1061504	0.06293302	0.01991141	0.007927393	0.003421523	0.001422504	0.001069918	0.0006353105	0.0003088035	0.0001312679	3.698282e-05	2.585691e-06	2.38276e-06	2.288387e-06	2.075464e-06	1.993744e-06	1.983766e-06	1.479933e-06	1.419528e-06	1.355738e-06	1.245924e-06	1.11402e-06	1.081818e-06	7.987765e-07	7.506083e-07	7.061791e-07	6.209394e-07
67	0.9523793	0.9356965	0.934992	0.910453	0.07374827	0.03181819	0.01864857	0.007348931	0.002986635	0.001341137	0.001010531	0.0005978167	0.0002902351	0.0001230763	3.459172e-05	2.187977e-06	2.008926e-06	1.930271e-06	1.75369e-06	1.687615e-06	1.680474e-06	1.253481e-06	1.20026e-06	1.150074e-06	1.055294e-06	9.399318e-07	9.149641e-07	6.583357e-07	6.191115e-07	5.838439e-07
68	0.8906354	0.8876374	0.8844278	0.8862815	0.8863093	0.05850461	0.02646828	0.01565519	0.006514581	0.002534015	0.001139311	0.0008602411	0.0005049246	0.0002451006	0.0001038858	2.913455e-05	1.768488e-06	1.619472e-06	1.551816e-06	1.407502e-06	1.350166e-06	1.342541e-06	1.033742e-06	9.864267e-07	9.452888e-07	8.70133e-07	7.756201e-07	7.539999e-07	5.461575e-07	5.130016e-07
69	0.862928	0.8388715	0.843776	0.8474657	0.8548357	0.8611108	0.0402568	0.01432558	0.008605307	0.004210643	0.001262053	0.0005806892	0.0004461338	0.0002439332	0.0001184686	5.02792e-05	1.418478e-05	9.680143e-07	8.881262e-07	8.548735e-07	7.783716e-07	7.504423e-07	7.47898e-07	5.795871e-07	5.471617e-07	5.237775e-07	4.766858e-07	4.241484e-07	4.138512e-07	2.981044e-07
70	0.1702891	0.1082587	0.07593236	0.06970026	0.06179952	0.05713712	0.05107047	0.03985053	0.01417322	0.008535301	0.004182162	0.001243232	0.0005683361	0.0004349648	0.000241608	0.0001173494	4.980302e-05	1.404555e-05	9.517706e-07	8.730314e-07	8.405045e-07	7.652501e-07	7.380879e-07	7.357174e-07	5.695811e-07	5.375457e-07	5.146258e-07	4.681052e-07	4.163891e-07	4.064407e-07
71	0.238432	0.1469996	0.08761361	0.0552433	0.04885243	0.04090225	0.03595954	0.02964471	0.02004867	0.01407814	0.008484101	0.004163068	0.001234682	0.0005645666	0.0004321745	0.0002398176	0.0001164871	4.943892e-05	1.394373e-05	9.459234e-07	8.678412e-07	8.355267e-07	7.607177e-07	7.337324e-07	7.313821e-07	5.662366e-07	5.34399e-07	5.115979e-07	4.652858e-07	4.138843e-07
72	0.251848	0.2250745	0.1402636	0.08184484	0.05017439	0.04405148	0.03692399	0.03217128	0.0262952	0.0177021	0.01200233	0.007512857	0.0033767	0.001182597	0.0005416594	0.0004152509	0.0002290003	0.0001112387	4.721192e-05	1.331601e-05	9.04193e-07	8.291924e-07	7.980534e-07	7.259265e-07	6.998741e-07	6.974933e-07	5.385318e-07	5.141137e-07	4.920938e-07	4.472511e-07
73	0.9750294	0.235497	0.2089049	0.1297788	0.07182847	0.04899215	0.04295043	0.03602661	0.03132453	0.02555307	0.01747705	0.01185259	0.00742231	0.003335948	0.001158853	0.0005327094	0.0004078132	0.000226239	0.0001098985	4.664125e-05	1.315041e-05	8.865906e-07	8.128385e-07	7.824425e-07	7.116793e-07	6.863904e-07	6.841683e-07	5.277112e-07	5.036804e-07	4.82172e-07
74	0.2232078	0.1949991	0.1755803	0.1641047	0.1152509	0.0604036	0.03983979	0.03502147	0.03027117	0.02620177	0.02141076	0.01405227	0.009172646	0.005328276	0.001784658	0.001009343	0.0004669773	0.0003592627	0.0001952324	9.484536e-05	4.025874e-05	1.135927e-05	7.782433e-07	7.130113e-07	6.862088e-07	6.233909e-07	6.010137e-07	5.989518e-07	4.605603e-07	4.45295e-07
75	0.1866023	0.1550476	0.1359149	0.128367	0.120964	0.08362515	0.03333951	0.02601633	0.02296912	0.02013728	0.01762865	0.01461508	0.008895662	0.005720098	0.003319862	0.001116502	0.0006357452	0.0003089687	0.0002422826	0.0001214606	5.902004e-05	2.506936e-05	7.092772e-06	5.09301e-07	4.658974e-07	4.501448e-07	4.102641e-07	3.975664e-07	3.970967e-07	3.069507e-07
76	0.2487036	0.1726485	0.1436734	0.1274463	0.1212312	0.1155548	0.08152702	0.03143854	0.02554556	0.02254991	0.01977914	0.01731047	0.01434596	0.008709917	0.005581727	0.003219247	0.001050526	0.0005766903	0.0002544618	0.000188005	0.0001194971	5.806704e-05	2.466356e-05	6.97534e-06	4.97223e-07	4.546728e-07	4.394659e-07	4.005431e-07	3.884333e-07	3.881065e-07
77	0.2495779	0.1905005	0.1246536	0.1168495	0.1057841	0.09998946	0.09439712	0.07683366	0.02735261	0.02160385	0.01872031	0.01607586	0.01368568	0.0108111	0.008295546	0.005305805	0.003057114	0.0009941911	0.0005484784	0.0002419882	0.0001787576	0.000113543	5.523743e-05	2.346365e-05	6.638162e-06	4.762216e-07	4.353056e-07	4.207638e-07	3.833276e-07	3.717535e-07
78	0.2638229	0.238371	0.1811121	0.1206184	0.1131748	0.1024907	0.09677891	0.09125162	0.07423421	0.02483316	0.02116712	0.01832249	0.01572129	0.01336616	0.01052852	0.008055883	0.005224269	0.003009734	0.0009784084	0.0005395671	0.0002378316	0.0001755688	0.0001117591	5.435006e-05	2.310409e-05	6.535957e-06	4.681249e-07	4.278193e-07	4.136307e-07	3.768571e-07
79	0.3237768	0.2618068	0.2378969	0.1808665	0.1204813	0.1130565	0.1024031	0.09669561	0.09117182	0.07417545	0.02477782	0.02111317	0.01826936	0.01569895	0.01334494	0.01050852	0.008040933	0.00521077	0.003007953	0.0009777705	0.0005392586	0.0002376931	0.0001754651	0.0001116909	5.431492e-05	2.308675e-05	6.532253e-06	4.678363e-07	4.276095e-07	4.134286e-07
80	0.2611647	0.2402536	0.1813222	0.16006	0.1254908	0.07487152	0.06710658	0.0595892	0.05350936	0.04759324	0.03074092	0.0236963	0.02014511	0.01762806	0.01513247	0.01285114	0.01018963	0.007798401	0.00504726	0.00291265	0.0009471441	0.0005223768	0.0002302706	0.0001699862	0.0001081915	5.261552e-05	2.236607e-05	6.329749e-06	4.556095e-07	4.16402e-07
81	0.5420851	0.2597595	0.239098	0.1796888	0.1605036	0.1257274	0.07498893	0.06720823	0.05968003	0.05358339	0.0476493	0.03071788	0.02363613	0.02020891	0.01768157	0.01517901	0.01288738	0.01021372	0.00781109	0.005076494	0.002931737	0.0009532391	0.0005255766	0.0002314575	0.0001708912	0.0001090373	5.30126e-05	2.252275e-05	6.356229e-06	4.2804e-07
82	0.9865883	0.534831	0.2624919	0.2417036	0.1816022	0.1623896	0.1272762	0.0759165	0.06804555	0.06042932	0.05425985	0.04825322	0.03109594	0.02391801	0.02045474	0.01789375	0.01538978	0.01306634	0.01035646	0.007922014	0.005153338	0.002979609	0.0009689845	0.0005343686	0.0002353067	0.0001738278	0.0001109662	5.394875e-05	2.291307e-05	6.455286e-06
83	0.5318862	0.5212207	0.3930128	0.183343	0.1619333	0.1420673	0.1224444	0.09557068	0.07414869	0.06628082	0.05945999	0.0532989	0.04729952	0.03038908	0.02375237	0.02030511	0.01777422	0.01527219	0.0129506	0.0103525	0.007918928	0.005155108	0.002982458	0.0009702221	0.0005351137	0.0002355941	0.000174153	0.0001112341	5.407396e-05	2.295523e-05
84	0.5746202	0.5192693	0.5088024	0.3881207	0.1841964	0.1626869	0.1427037	0.1235878	0.09649664	0.07492589	0.06699247	0.0601088	0.05388567	0.0478245	0.03070199	0.02398229	0.02050711	0.01800312	0.01546981	0.01311948	0.01049916	0.008031399	0.005232124	0.003029174	0.0009857286	0.0005437776	0.0002394101	0.0001770751	0.0001131519	5.501085e-05
85	0.9829231	0.5648194	0.5136961	0.5032187	0.3892624	0.1859323	0.1641776	0.1441075	0.1249727	0.09755868	0.07573868	0.06770368	0.06073639	0.05443123	0.04828694	0.03091061	0.02408977	0.02056425	0.01802084	0.01545812	0.01306843	0.0104038	0.007893088	0.005322662	0.003083097	0.001003571	0.0005537796	0.0002438623	0.0001804457	0.0001153531
86	0.985172	0.9783956	0.5633997	0.5140927	0.5040891	0.3909629	0.1882791	0.1662771	0.1459727	0.1266125	0.09883477	0.07672378	0.0685857	0.0615289	0.05514066	0.04891341	0.03127791	0.02435487	0.02077969	0.01819818	0.01569315	0.01326698	0.01056072	0.008010234	0.005398736	0.003138911	0.001022012	0.000564158	0.0002484864	0.0001839504
87	0.948001	0.9468302	0.9429055	0.555372	0.5099764	0.5002496	0.3914836	0.1896367	0.16755	0.1471635	0.1277555	0.0996202	0.07727313	0.06939525	0.06226065	0.05584792	0.0495478	0.03165959	0.02464291	0.02101971	0.01840441	0.01586297	0.01340121	0.0107326	0.008142035	0.005489905	0.003192799	0.001040347	0.0005744546	0.0002530801
88	0.9670868	0.9384907	0.9372217	0.9332741	0.5557395	0.511432	0.5016209	0.3937531	0.1921991	0.1698522	0.1492125	0.129564	0.1010435	0.07838892	0.07040905	0.06318135	0.056683	0.05029624	0.03213333	0.02500957	0.02133626	0.01868202	0.01610223	0.0136015	0.01088979	0.008286118	0.00558981	0.003252544	0.001059969	0.000585666
89	0.924317	0.9225623	0.8941593	0.8923799	0.8899083	0.5215528	0.4792968	0.4690467	0.3627656	0.194673	0.1720743	0.151184	0.1312946	0.1023818	0.07941951	0.07133639	0.06401377	0.05742836	0.05095372	0.03251505	0.02528231	0.02167002	0.01897715	0.01636011	0.01382043	0.01106563	0.008421461	0.005691323	0.00331343	0.001080015
90	0.9775333	0.9221019	0.9203402	0.8916939	0.8898688	0.8873435	0.5227612	0.4806366	0.4702892	0.3644594	0.1973919	0.1745192	0.1533631	0.133213	0.1038929	0.08060468	0.07241444	0.06499332	0.05831789	0.05175212	0.03302237	0.02567618	0.02201364	0.01927973	0.01664627	0.01406575	0.01126505	0.008575657	0.005798619	0.003378084
91	0.8973164	0.8873819	0.8563705	0.853749	0.8458989	0.8434424	0.840268	0.5053176	0.4637022	0.4530073	0.3479537	0.1821617	0.1587449	0.1371748	0.1164786	0.1018367	0.07872047	0.07037118	0.06281747	0.05599748	0.04928419	0.03331561	0.0261026	0.02238877	0.0196166	0.01694207	0.01431946	0.01147311	0.008736264	0.005910835
92	0.9122339	0.8890607	0.8801378	0.8496366	0.8469293	0.8392658	0.8366923	0.8334108	0.5039467	0.4625143	0.4516793	0.3484146	0.1839859	0.1602624	0.1386886	0.117704	0.1030208	0.07968662	0.07121908	0.06364027	0.05672084	0.04990656	0.0337037	0.02639629	0.02262707	0.01982931	0.01710973	0.01444096	0.01168866	0.008902576
93	0.9950055	0.9096265	0.8864767	0.8774156	0.8465993	0.8438235	0.8362693	0.8336256	0.8302629	0.5047567	0.4634021	0.4524517	0.3496743	0.1866247	0.1626066	0.1407511	0.1194825	0.1046021	0.08092982	0.07234787	0.06466513	0.0576489	0.05073611	0.03427239	0.02684781	0.02302502	0.02018405	0.01742161	0.01470866	0.01190935
94	0.9943486	0.9911338	0.904875	0.8814825	0.8722478	0.841068	0.8381858	0.8310361	0.8282871	0.8248078	0.5059709	0.4647135	0.4536478	0.3513404	0.1893683	0.1650447	0.1428964	0.1213325	0.1062472	0.08222322	0.07352251	0.06573183	0.05861506	0.0515999	0.03486413	0.02731746	0.02344007	0.02055413	0.01774867	0.01498971
95	0.4470501	0.4517559	0.4568485	0.4579125	0.4584778	0.4605347	0.4606107	0.4663888	0.4709679	0.4771455	0.4831512	0.2226061	0.2033634	0.2049085	0.1355601	0.004691198	0.003825614	0.003310626	0.002842652	0.002427206	0.001938359	0.001795974	0.001673365	0.001562741	0.001436494	0.00102513	0.00088328	0.0005952938	0.000536674	0.0004690913
96	0.4524143	0.4326425	0.437321	0.4424112	0.4438785	0.4444696	0.4464514	0.4466927	0.4524389	0.4573961	0.4635486	0.4695279	0.214084	0.1952555	0.1968183	0.1284625	0.003644807	0.002932127	0.002542696	0.002193084	0.001858101	0.001501002	0.00140668	0.001326752	0.001255223	0.00116688	0.0008448505	0.0007435897	0.0004723027	0.0004290798
97	0.4616198	0.440966	0.4220649	0.4267281	0.4317793	0.4332887	0.4338145	0.4357135	0.4359844	0.4416834	0.4466602	0.4527678	0.4587037	0.2083473	0.1898762	0.1914346	0.1246334	0.00339568	0.00272971	0.002372955	0.002052223	0.001735897	0.001408922	0.001325688	0.001255535	0.001192954	0.001112993	0.0008100405	0.0007176103	0.000447507
98	0.4598105	0.4509779	0.4316883	0.4129068	0.4175385	0.4225536	0.4240732	0.4245273	0.4263518	0.4266169	0.4322725	0.4372618	0.443329	0.449229	0.2043141	0.1862356	0.1877974	0.1222709	0.003309119	0.002662003	0.002314853	0.002001874	0.001687438	0.001368735	0.001287393	0.001219441	0.001159153	0.00108306	0.0007869634	0.0006985457
99	0.4586761	0.4486251	0.4410537	0.4219259	0.402956	0.4075805	0.4125399	0.4139827	0.414329	0.4160519	0.4162701	0.4218617	0.4268276	0.4328322	0.4386705	0.2010085	0.1833461	0.1849138	0.1204732	0.003301089	0.002666632	0.002322549	0.002009852	0.001693277	0.001375168	0.001293831	0.001225925	0.001165686	0.001089568	0.0007925661
100	0.4297426	0.4214767	0.4148066	0.4086609	0.3935594	0.3754221	0.3798315	0.3845352	0.3870158	0.3907597	0.3922382	0.3923929	0.3977551	0.4025307	0.4082958	0.4138899	0.1892587	0.1727723	0.1742714	0.1135154	0.003063736	0.00247782	0.002160156	0.001868554	0.00156067	0.001261777	0.001185375	0.001123279	0.001068416	0.0009978843
101	0.4366806	0.4173166	0.4093988	0.4026104	0.3963075	0.3814319	0.3650387	0.3693889	0.3740321	0.3765154	0.3802415	0.3816109	0.382181	0.3874749	0.3921912	0.397888	0.4034154	0.1848167	0.1687565	0.1702418	0.1107877	0.002869881	0.002286871	0.00196825	0.00167229	0.001520945	0.001223583	0.001145794	0.001082695	0.001026396
102	0.9773201	0.4123954	0.3980406	0.3899429	0.3829125	0.3763568	0.3611672	0.3537257	0.357994	0.3625547	0.3649624	0.3686094	0.3698384	0.3713293	0.376543	0.3811847	0.3868012	0.3922459	0.1801978	0.1646061	0.1660761	0.1081495	0.002860487	0.00228406	0.001968044	0.001671105	0.001520554	0.001224553	0.00114618	0.001083355
103	0.9610305	0.938538	0.4013969	0.3877323	0.3799087	0.3730635	0.3666541	0.3514841	0.3441772	0.3483891	0.3528948	0.3552975	0.3588983	0.3600114	0.3615066	0.3666594	0.3712615	0.3768187	0.3822	0.1753608	0.1601304	0.1615862	0.1049957	0.002757697	0.002201218	0.001897486	0.001611116	0.001468223	0.001184558	0.001110106
104	0.9895307	0.9548863	0.9328887	0.3922651	0.3788041	0.3709834	0.3641104	0.3576619	0.3423174	0.3349954	0.3391496	0.3435987	0.3459833	0.3495288	0.3505227	0.3520101	0.3571004	0.3616629	0.3671593	0.3724756	0.1707028	0.1558147	0.1572547	0.1022424	0.002715293	0.002169767	0.001870577	0.001587381	0.001446484	0.001165762
105	0.9811622	0.9772917	0.9421984	0.9202499	0.3838873	0.3703943	0.3624468	0.3554454	0.3488584	0.3332464	0.3258319	0.3299246	0.334313	0.3366682	0.340151	0.3410196	0.3424866	0.3475095	0.3520259	0.3574565	0.3627025	0.1663099	0.1517828	0.1532073	0.0997193	0.002700967	0.002161749	0.001863255	0.001579578	0.001438377
106	0.963362	0.9511414	0.9470091	0.9118562	0.890552	0.3741448	0.3607642	0.3527459	0.3456498	0.33895	0.3230965	0.3156064	0.3196216	0.3239327	0.3262478	0.3296525	0.3303757	0.3318099	0.336746	0.3414317	0.3467797	0.3519381	0.1613869	0.1472514	0.1486525	0.0968767	0.002684243	0.002152143	0.001854445	0.001570312
107	0.9236359	0.9174521	0.905068	0.9004995	0.8677853	0.84819	0.3544009	0.3410096	0.332886	0.3255704	0.3185749	0.3110093	0.3033642	0.3073976	0.3116109	0.3138483	0.3171355	0.3200873	0.3214933	0.3263724	0.3309825	0.3362626	0.3413402	0.1564199	0.1426433	0.1443752	0.09423421	0.002646022	0.002123747	0.001823674
108	0.8871472	0.8390207	0.8327989	0.8236118	0.8185426	0.7910969	0.7710614	0.3426455	0.3299709	0.3218807	0.3144163	0.3072333	0.2994575	0.2925852	0.2965281	0.3006484	0.302834	0.3060213	0.308846	0.3106012	0.315383	0.3199058	0.3250881	0.330063	0.1524278	0.1391578	0.1408841	0.09212864	0.002636307	0.00211722
109	0.9666476	0.8548868	0.8106224	0.8065063	0.7992409	0.7961263	0.7703082	0.751917	0.321559	0.3102297	0.3033194	0.2968265	0.2905431	0.2835706	0.2774311	0.2812427	0.2852289	0.2874506	0.2905269	0.2931753	0.2949231	0.2995514	0.3039438	0.3089673	0.3137753	0.1432985	0.1304524	0.1321225	0.08611504	0.002306516
110	0.871869	0.8653916	0.7793839	0.7421134	0.7400253	0.7338181	0.7315057	0.7079229	0.6954969	0.2974848	0.2872927	0.2812633	0.2755353	0.2698599	0.2634264	0.2578049	0.2614071	0.2651777	0.2678685	0.2709667	0.2733618	0.2750318	0.2794243	0.2836001	0.2883764	0.2929303	0.1324746	0.1204933	0.1220768	0.07948319
111	0.7132785	0.6338367	0.6254309	0.5765314	0.5651454	0.5632996	0.5610366	0.559174	0.5442789	0.5319556	0.2708131	0.2619469	0.2566621	0.251472	0.2462961	0.2403201	0.2351467	0.2384854	0.2419835	0.2445511	0.2474002	0.2494741	0.2510021	0.255078	0.25896	0.2634023	0.2676069	0.1210471	0.1101303	0.1116105
112	0.7059173	0.6925047	0.618314	0.6116163	0.5631146	0.5526589	0.5508775	0.5486887	0.546814	0.5319396	0.5198644	0.2583023	0.2498758	0.2444766	0.2391682	0.2338676	0.2277472	0.2226933	0.2258987	0.22926	0.2318035	0.2345155	0.2364094	0.2380517	0.2419746	0.245715	0.2499989	0.2540378	0.1157949	0.1054731
113	0.9778221	0.6980749	0.6850944	0.611145	0.604338	0.5557446	0.5461186	0.5442816	0.5420264	0.5400823	0.5249552	0.5130294	0.2482772	0.2397408	0.2341528	0.2286506	0.2231498	0.2168119	0.2116169	0.2147041	0.217944	0.2203917	0.2229777	0.2247056	0.2262729	0.2300556	0.233711	0.2378509	0.241736	0.1112638
114	0.9711622	0.9688639	0.686373	0.6740954	0.6004264	0.5949483	0.5473552	0.5376021	0.5357282	0.5335657	0.5315353	0.516145	0.5043172	0.2357704	0.2270662	0.2212412	0.2154699	0.2096992	0.2040824	0.1986896	0.201645	0.2047328	0.2070458	0.2094653	0.21284	0.2143275	0.2179862	0.2215018	0.2254925	0.2292178
115	0.9743876	0.9519094	0.9494256	0.6634895	0.6514353	0.5945258	0.5889219	0.5412497	0.5313282	0.5293633	0.5270985	0.5249653	0.5092841	0.4975726	0.2251518	0.2163237	0.2102569	0.2042365	0.1982085	0.1923327	0.1868758	0.1896913	0.1926348	0.194827	0.1970944	0.2003081	0.2020169	0.2055144	0.2088771	0.2126994
116	0.9414803	0.9151715	0.9007063	0.8985489	0.6103377	0.5981965	0.5874188	0.581724	0.533968	0.5239032	0.5218754	0.519538	0.5173321	0.50141	0.4898584	0.2137553	0.2049113	0.1986331	0.1923902	0.1861294	0.1800173	0.1746246	0.1772889	0.1800763	0.1821311	0.1842339	0.1872728	0.1890739	0.1923928	0.1955853
117	0.9941631	0.9355445	0.9099041	0.8955502	0.8934926	0.6018341	0.58989	0.5793155	0.5735259	0.5257861	0.5160261	0.5140072	0.5116528	0.5094313	0.4932574	0.4819109	0.2017555	0.192813	0.1863376	0.1799164	0.1734767	0.167178	0.1616555	0.1641536	0.1667691	0.1687125	0.1706378	0.1734813	0.1751603	0.1782746
118	0.6799403	0.6739246	0.634471	0.612228	0.5964619	0.5908735	0.551502	0.5393685	0.5287292	0.5224031	0.50857	0.5012587	0.4992653	0.4969212	0.4947108	0.4783002	0.4687399	0.1882814	0.179326	0.1727329	0.1661731	0.1595782	0.1531143	0.1474852	0.1497903	0.1522061	0.1540381	0.1561429	0.158769	0.1603137
119	0.7420209	0.6658626	0.6601569	0.6204376	0.600405	0.584666	0.5791431	0.5392353	0.5272425	0.517582	0.513891	0.5006809	0.4932073	0.4912337	0.4889152	0.4867499	0.4714214	0.4619898	0.1770273	0.1678725	0.1610071	0.1541584	0.1472552	0.1404808	0.1346173	0.136757	0.1389888	0.1406442	0.1425522	0.1449675
120	0.9648996	0.7172074	0.6535233	0.6480258	0.6089715	0.5894414	0.5740036	0.5684695	0.5281959	0.5160991	0.5065524	0.5028293	0.4899686	0.486418	0.4845147	0.4822669	0.4801752	0.4646913	0.4555113	0.1660365	0.15681	0.1497926	0.1427673	0.135662	0.1286774	0.1226661	0.1246365	0.1266925	0.128194	0.1299204
121	0.8868637	0.8596207	0.6549923	0.5918184	0.5858506	0.5603904	0.5449297	0.5304782	0.5246034	0.4944728	0.4819923	0.4724723	0.4685032	0.4612145	0.4579872	0.4560235	0.4535552	0.4512354	0.4352159	0.4286151	0.1543434	0.1451064	0.138008	0.130846	0.1235749	0.1164138	0.1102776	0.1120648	0.1139294	0.1152938
122	0.9621731	0.8823468	0.8547294	0.6504375	0.5873631	0.5812672	0.5555887	0.5401015	0.5254324	0.5194138	0.488911	0.4761788	0.467422	0.4633303	0.456387	0.4530766	0.4510272	0.4484544	0.4460304	0.4296731	0.4232132	0.1443008	0.1349265	0.1275324	0.1200624	0.1124701	0.1049824	0.09867635	0.1002836	0.1019602
123	0.9525437	0.9178254	0.8554364	0.8271823	0.6395432	0.5759673	0.5696886	0.5437112	0.5280892	0.5214331	0.515325	0.4844806	0.4715601	0.4628392	0.4586775	0.4520635	0.4492789	0.4471706	0.4445282	0.4420356	0.4253762	0.4190734	0.1354029	0.1258408	0.1181869	0.1104512	0.1025813	0.09480921	0.08828381	0.08972757
124	0.8919402	0.8851992	0.8554816	0.8064794	0.78014	0.6104328	0.5502215	0.5444385	0.5192539	0.5038007	0.4968338	0.4905918	0.4590796	0.4520061	0.4430912	0.4389356	0.4324367	0.4293785	0.4270443	0.4249762	0.4229742	0.4205984	0.4144475	0.1258332	0.1160582	0.108124	0.1000938	0.09192078	0.0841276	0.07736185
125	0.8701785	0.7797851	0.7772248	0.755631	0.7124301	0.6900685	0.5276324	0.4794702	0.478154	0.4570361	0.4448295	0.4421337	0.4391925	0.4108349	0.4084472	0.4031414	0.4005708	0.3976243	0.3955384	0.3934258	0.3914194	0.3894709	0.3881762	0.3851318	0.09447892	0.08773116	0.08178731	0.07703405	0.07270671	0.06863127
126	0.260996	0.2434885	0.2374093	0.2325088	0.217141	0.2078104	0.2038545	0.1842121	0.1781669	0.1743885	0.1680136	0.1608397	0.1559366	0.1500196	0.1433989	0.1385551	0.1317582	0.1265683	0.1208919	0.1155221	0.1091041	0.1025941	0.0959837	0.09002256	0.08410218	0.07906908	0.07298934	0.06741114	0.06337059	0.05987497
127	0.3733359	0.2447389	0.2281296	0.2225297	0.2175018	0.2043989	0.1956655	0.1919228	0.1742588	0.1686953	0.1648424	0.1586059	0.1515351	0.1465306	0.1404558	0.133757	0.1288295	0.1220422	0.1167053	0.1112721	0.1056932	0.09907654	0.09231569	0.08542812	0.0791986	0.07331351	0.06811667	0.06274552	0.05718152	0.05296354
128	0.3937515	0.3494126	0.2305321	0.2151239	0.2096916	0.2048075	0.1933503	0.1851305	0.1813457	0.1648984	0.159498	0.1555514	0.1493591	0.1423492	0.1372584	0.1310827	0.1243473	0.1193365	0.1125609	0.1070768	0.1018894	0.09610159	0.0894883	0.08247976	0.07531571	0.06882727	0.0630075	0.0576781	0.05218763	0.04695491
129	0.4074032	0.377386	0.3356332	0.2184513	0.2042633	0.1989269	0.1941639	0.1837898	0.1762037	0.1724257	0.1569668	0.1516773	0.1476701	0.1415247	0.1346002	0.1294616	0.1233035	0.1165752	0.1115095	0.1047851	0.09919587	0.09424282	0.08827178	0.08151237	0.07427285	0.06685453	0.06013721	0.05440891	0.04899598	0.04344619
130	0.296237	0.2629521	0.2433257	0.227871	0.1750682	0.1640811	0.1599637	0.1567126	0.1488118	0.1430289	0.1400888	0.1275527	0.1233831	0.1202661	0.1154757	0.110222	0.1063192	0.1016546	0.09656139	0.09256977	0.08726663	0.08280455	0.07865688	0.07274332	0.06587545	0.05846786	0.05086666	0.04434032	0.03982548	0.03553341
131	0.3007718	0.2669848	0.2384347	0.2213747	0.2070794	0.1589379	0.1492355	0.1454266	0.1426208	0.1358341	0.1307489	0.1279983	0.1166226	0.1127416	0.1098149	0.1053787	0.1005807	0.09696204	0.0926351	0.08795199	0.08439364	0.07946332	0.0752278	0.07138642	0.06537262	0.05833123	0.05072	0.04290323	0.03627946	0.03210842
132	0.4447535	0.2931442	0.2615281	0.2341215	0.217691	0.2033606	0.155909	0.1463635	0.1425286	0.1396589	0.1332495	0.1285528	0.1257432	0.1146527	0.1108594	0.1078679	0.1033946	0.09857234	0.09488363	0.09046234	0.08571769	0.08207067	0.07712371	0.07278152	0.06901012	0.06285654	0.05564412	0.04784495	0.03982943	0.03302846
133	0.3668525	0.07693466	0.07300485	0.07090893	0.0617832	0.05658421	0.05305306	0.04804285	0.04571781	0.04472659	0.04415181	0.04255496	0.04140857	0.04103744	0.03705785	0.03637879	0.03604706	0.03545708	0.03523687	0.03516927	0.03509457	0.03498757	0.03458087	0.03368904	0.03288276	0.03106124	0.02613309	0.01991371	0.01317839	0.006242692
134	0.279862	0.277818	0.03503648	0.03227152	0.03080474	0.02796565	0.0264259	0.02480366	0.02067528	0.01905792	0.01820898	0.01738026	0.01624987	0.01522584	0.01456082	0.01307027	0.0123084	0.01169522	0.01111504	0.01077607	0.01046608	0.01014342	0.009786815	0.009244581	0.008972674	0.008867497	0.008542653	0.007746974	0.006830499	0.006099851
135	0.2479155	0.2476328	0.2460495	0.02979663	0.02747365	0.02622778	0.02412779	0.02299284	0.02141777	0.01741982	0.0159142	0.01505804	0.01445868	0.01335143	0.01243131	0.01173084	0.01046243	0.009717394	0.0090646	0.00847829	0.008123683	0.007782038	0.007426399	0.007037356	0.006470546	0.006283406	0.006252123	0.006092615	0.005735067	0.005381884
136	0.2760068	0.2362778	0.2360416	0.234528	0.02959171	0.02735266	0.02612489	0.02405051	0.02293044	0.0213395	0.01728965	0.01577183	0.01494022	0.01433572	0.01322195	0.01244934	0.01173948	0.01046861	0.009714541	0.00905168	0.008457804	0.008099461	0.007752267	0.0073908	0.006995601	0.006420144	0.006235389	0.006208248	0.006057703	0.005713733
137	0.9691942	0.2647993	0.225138	0.224901	0.2234435	0.02959785	0.02742861	0.02621453	0.02414554	0.02302862	0.02142302	0.01732306	0.01579143	0.01496133	0.0143531	0.01323309	0.01245317	0.01181738	0.01053851	0.009775774	0.009103519	0.008502015	0.008140263	0.007788118	0.007422658	0.007021887	0.006436848	0.00625187	0.006226413	0.006079991
138	0.2463453	0.2176564	0.2024267	0.2000353	0.1998543	0.1985515	0.02786583	0.025882	0.02474109	0.02296463	0.02195527	0.02038579	0.01646992	0.01496914	0.01424054	0.01363106	0.01252694	0.011753	0.0111087	0.009895659	0.009130348	0.008449774	0.007847454	0.007482232	0.007123084	0.006747591	0.006337697	0.00574233	0.005583936	0.005588679
139	0.2240085	0.2208983	0.1918283	0.1869645	0.1852422	0.1850965	0.1838681	0.02777756	0.02588428	0.02476518	0.02301702	0.02202298	0.02044096	0.01647804	0.01496901	0.0142405	0.01362535	0.0125195	0.01174175	0.01109258	0.009879445	0.009104832	0.00841471	0.007807129	0.007438651	0.007073785	0.006692862	0.006277118	0.005671292	0.005515145
140	0.2059349	0.2036223	0.2018521	0.1723857	0.1702196	0.1687437	0.1686273	0.1674918	0.02710815	0.02533194	0.02425829	0.02258976	0.02165475	0.02006979	0.01606114	0.01455242	0.01381787	0.01319796	0.0120971	0.0113144	0.01065353	0.009453	0.00866792	0.007964613	0.007362919	0.007050629	0.006703214	0.006365948	0.005997386	0.005431792
141	0.1937649	0.1899773	0.1886036	0.186966	0.1570913	0.1554018	0.1540537	0.1539382	0.1528875	0.02580463	0.02414504	0.02314318	0.02163777	0.02078953	0.01924052	0.01524251	0.01376894	0.01304497	0.01242882	0.01135805	0.01060226	0.009946872	0.008811322	0.008076454	0.007387043	0.00681222	0.006508324	0.006162123	0.005830892	0.005464156
142	0.997753	0.181268	0.1774668	0.1760835	0.1744454	0.1441318	0.1424643	0.1411148	0.1410189	0.1400302	0.02578445	0.02420348	0.02322281	0.02173693	0.02089807	0.01933735	0.01528547	0.01380213	0.01307152	0.01244884	0.01137675	0.01061658	0.009953577	0.008815493	0.008073218	0.007375411	0.006796171	0.006494267	0.006144325	0.005812272
143	0.9985428	0.997044	0.1680759	0.1642276	0.1628312	0.1615888	0.1308219	0.1291526	0.1278027	0.1277481	0.1268226	0.0257777	0.02427821	0.02331973	0.02185773	0.02102979	0.01945409	0.01534442	0.01384855	0.01310971	0.01248027	0.0114039	0.01063707	0.009964447	0.008822796	0.00807323	0.007364232	0.0067781	0.006473971	0.006118743
144	0.9983771	0.9970649	0.9955867	0.1536887	0.1498145	0.1484104	0.1482895	0.1170555	0.1154151	0.1140653	0.1140447	0.1131851	0.02573199	0.02431661	0.02338105	0.02194257	0.02112601	0.0195356	0.01536704	0.01385915	0.01311177	0.01247499	0.0113951	0.01062097	0.009938165	0.008792457	0.008032571	0.007312187	0.006720557	0.006425417
145	0.9961011	0.994778	0.9940438	0.9926434	0.1374168	0.1334932	0.1320787	0.1319998	0.1002845	0.09863849	0.09728847	0.09726905	0.09647778	0.02308635	0.02175775	0.02084577	0.01943227	0.01862737	0.01698697	0.0153765	0.01386154	0.01310856	0.01246636	0.01138722	0.01061057	0.009921035	0.00877635	0.008016358	0.007289185	0.006695657
146	0.06167892	0.06158067	0.06148584	0.06134945	0.06053307	0.06029205	0.05673769	0.05556273	0.05553301	0.05543785	0.0544171	0.05413329	0.05412944	0.05381978	0.004326716	0.003890526	0.003700814	0.00333647	0.003129447	0.00293278	0.002659399	0.002445485	0.002296352	0.002231689	0.002080061	0.001989183	0.001924371	0.001735407	0.001655939	0.001586904
147	0.03965341	0.03755183	0.0374931	0.03745176	0.03739834	0.03727873	0.03714201	0.03709896	0.03595024	0.03592657	0.03588833	0.0355974	0.03543172	0.0354299	0.03522896	0.001948565	0.001702127	0.001614381	0.001408105	0.001292365	0.00125449	0.001122959	0.001049963	0.000963624	0.0009584044	0.0009147021	0.0008985656	0.000898326	0.0008220049	0.0008145212
148	0.03134351	0.02250855	0.02175893	0.02170554	0.02168053	0.02165179	0.02155428	0.02153311	0.02150446	0.02148662	0.02146373	0.02144328	0.02116811	0.02108063	0.02107918	0.02096852	0.001428175	0.001285093	0.001234594	0.001069595	0.0009776138	0.0009627424	0.0008464964	0.0008048039	0.000724917	0.0007258739	0.0007070988	0.0007015791	0.000708382	0.0006517141
149	0.0789395	0.01856426	0.01254217	0.01202502	0.01197225	0.01195475	0.01193595	0.01184468	0.01182452	0.01179907	0.01178364	0.01178038	0.01176742	0.01149426	0.01141072	0.01140955	0.01134743	0.001270097	0.001191087	0.001160394	0.001012233	0.000928117	0.0009142603	0.0007959362	0.0007568014	0.0006753985	0.0006755435	0.0006623971	0.0006576761	0.0006638336
150	0.9576678	0.03454982	0.01411974	0.009149976	0.008750841	0.008700296	0.008685607	0.008671629	0.008585348	0.008570823	0.008547784	0.00853441	0.0085318	0.008522581	0.00825113	0.008174028	0.008173007	0.008127335	0.001005676	0.0009495231	0.0009280736	0.0007904413	0.0007122345	0.0007044875	0.0007094819	0.0006775529	0.0005977492	0.0006005392	0.0005941922	0.0005937924
151	0.08100565	0.07884524	0.01160809	0.007196182	0.005655148	0.005434104	0.005383617	0.00537478	0.005365802	0.005307372	0.005293167	0.005272872	0.005260464	0.005257914	0.005252399	0.005195575	0.00511932	0.005118317	0.00508798	0.0009559404	0.0009203392	0.0009054053	0.0007723287	0.0006963883	0.0006897877	0.0006953414	0.0006644707	0.0005835848	0.0005864491	0.0005823328
152	0.01159879	0.01073041	0.01045314	0.003687271	0.002455952	0.001770966	0.001706008	0.001697863	0.001694084	0.001691051	0.001661443	0.001654594	0.001644544	0.001638702	0.001637491	0.001635317	0.001607058	0.001582351	0.001581761	0.001571679	0.0004308969	0.0004186098	0.0004125002	0.0003439209	0.0003055348	0.0003005801	0.0003017596	0.0002955893	0.0002979248	0.0002956713
153	0.0553191	0.005235108	0.004889052	0.004671213	0.001775822	0.001085834	0.0007725256	0.0007289769	0.0007208655	0.0007178184	0.0007158283	0.000686541	0.0006797407	0.0006699032	0.0006642588	0.0006631041	0.0006616763	0.0006336136	0.0006091883	0.0006087567	0.0006035114	0.0004126238	0.0004067458	0.0004025937	0.0003347771	0.0002967026	0.0002917469	0.0002928686	0.0002868632	0.0002891677
154	0.02282902	0.01146535	0.0007493374	0.0006745398	0.0006548318	0.0002917053	0.0001870545	9.756994e-05	9.09669e-05	9.061954e-05	9.042053e-05	9.024409e-05	8.921358e-05	8.883482e-05	8.822855e-05	8.784331e-05	8.775573e-05	8.742384e-05	8.582526e-05	8.379392e-05	8.37384e-05	8.308113e-05	3.106044e-05	2.983887e-05	2.892993e-05	2.651313e-05	2.498106e-05	2.348222e-05	2.215864e-05	2.083701e-05
155	0.8740494	0.020425	0.009649258	0.0006991348	0.0006287079	0.0006104118	0.0002703351	0.0001789897	9.020233e-05	8.50516e-05	8.475904e-05	8.458364e-05	8.442504e-05	8.360527e-05	8.327071e-05	8.273203e-05	8.238359e-05	8.230366e-05	8.198328e-05	8.057059e-05	7.869378e-05	7.864053e-05	7.802209e-05	2.820192e-05	2.704311e-05	2.617328e-05	2.427123e-05	2.300914e-05	2.15489e-05	2.022814e-05
156	0.6879393	0.6493187	0.01960043	0.009551247	0.0006887433	0.0006191076	0.0006005893	0.0002695466	0.0001787549	8.875435e-05	8.35755e-05	8.327997e-05	8.31287e-05	8.298923e-05	8.216805e-05	8.182946e-05	8.13302e-05	8.097942e-05	8.089845e-05	8.058692e-05	7.915919e-05	7.72561e-05	7.720199e-05	7.658722e-05	2.852191e-05	2.736894e-05	2.649659e-05	2.458739e-05	2.332282e-05	2.184746e-05
157	0.6944449	0.6438796	0.6052818	0.01938116	0.009576877	0.000679527	0.000610009	0.0005912162	0.0002676572	0.0001785757	8.72856e-05	8.208689e-05	8.178868e-05	8.16416e-05	8.150782e-05	8.068017e-05	8.03369e-05	7.983365e-05	7.948662e-05	7.94045e-05	7.909321e-05	7.764695e-05	7.571595e-05	7.566096e-05	7.505043e-05	2.887971e-05	2.772959e-05	2.685153e-05	2.492217e-05	2.364263e-05
158	0.8729035	0.6446252	0.6078568	0.5702849	0.01880424	0.009616845	0.000629364	0.0005672536	0.0005499337	0.0002506568	0.0001640493	8.092937e-05	7.601492e-05	7.575278e-05	7.562517e-05	7.550369e-05	7.482361e-05	7.451824e-05	7.410604e-05	7.380727e-05	7.373535e-05	7.343023e-05	7.224012e-05	7.051406e-05	7.046235e-05	6.990725e-05	2.563968e-05	2.457225e-05	2.380666e-05	2.22139e-05
159	0.8468169	0.8316429	0.6136417	0.581481	0.5435653	0.01832482	0.009562568	0.0005901988	0.0005326821	0.0005157754	0.0002315527	0.0001603867	7.688456e-05	7.227051e-05	7.201933e-05	7.189858e-05	7.178285e-05	7.114366e-05	7.08492e-05	7.045995e-05	7.017365e-05	7.010475e-05	6.980466e-05	6.868132e-05	6.702e-05	6.696881e-05	6.644292e-05	2.444681e-05	2.341469e-05	2.268586e-05
160	0.8016586	0.7833317	0.7683751	0.5951167	0.5633947	0.5247068	0.01819158	0.009698244	0.0005830551	0.000525795	0.0005085861	0.0002310476	0.0001601305	7.53282e-05	7.068088e-05	7.042535e-05	7.030772e-05	7.019508e-05	6.954865e-05	6.924899e-05	6.885525e-05	6.857128e-05	6.850118e-05	6.820007e-05	6.70583e-05	6.536724e-05	6.531506e-05	6.479393e-05	2.483664e-05	2.380494e-05
161	0.8355976	0.7767161	0.7607196	0.7538993	0.5803543	0.5503371	0.5109638	0.01802466	0.009771896	0.0005076719	0.0004504182	0.000433092	0.0001636667	9.319025e-05	7.318735e-05	6.854172e-05	6.82863e-05	6.817104e-05	6.806062e-05	6.742262e-05	6.712252e-05	6.673415e-05	6.645185e-05	6.638258e-05	6.607874e-05	6.495056e-05	6.325586e-05	6.32037e-05	6.269334e-05	2.483541e-05
162	0.7609706	0.6125091	0.5934883	0.5776699	0.5720335	0.5032342	0.4778113	0.4376506	0.01740198	0.009872125	0.0004879672	0.0004327526	0.0004152254	0.0001577746	8.888674e-05	6.915068e-05	6.639427e-05	6.613637e-05	6.602237e-05	6.591377e-05	6.527387e-05	6.497077e-05	6.458097e-05	6.42968e-05	6.422708e-05	6.392104e-05	6.27876e-05	6.107617e-05	6.102321e-05	6.052183e-05
163	0.5971443	0.5727929	0.5239163	0.5100182	0.4982382	0.4946411	0.4322224	0.4084477	0.4040666	0.01672048	0.009967415	0.0004521434	0.0003973584	0.0003844605	0.0001483412	8.164377e-05	6.344859e-05	6.092795e-05	6.071999e-05	6.061544e-05	6.051624e-05	5.991118e-05	5.965562e-05	5.932539e-05	5.910897e-05	5.904556e-05	5.874971e-05	5.778834e-05	5.634993e-05	5.629853e-05
164	0.9551444	0.5853598	0.5608289	0.5110505	0.4969679	0.4850226	0.4816485	0.4185413	0.3944187	0.3899781	0.01664103	0.01013078	0.0004411199	0.0003859097	0.0003728056	0.0001441207	7.769797e-05	6.145375e-05	5.894993e-05	5.873906e-05	5.863529e-05	5.853753e-05	5.792628e-05	5.766686e-05	5.733406e-05	5.711564e-05	5.705438e-05	5.675463e-05	5.578432e-05	5.432408e-05
165	0.8600481	0.8534871	0.5409678	0.5191387	0.4704206	0.4570691	0.4457288	0.4424669	0.3828198	0.359469	0.355327	0.007215911	0.001143815	0.0004173193	0.0003620487	0.000349509	0.0001366363	7.247425e-05	5.723669e-05	5.494503e-05	5.475244e-05	5.465649e-05	5.456515e-05	5.400942e-05	5.376705e-05	5.347216e-05	5.327462e-05	5.321696e-05	5.291745e-05	5.205797e-05
166	0.8586328	0.8354729	0.8306874	0.5152439	0.4930381	0.4434055	0.4366236	0.4250989	0.4217775	0.3614394	0.3437246	0.339522	0.00687182	0.001068269	0.0003694865	0.0003511581	0.0003384045	0.0001338345	7.003639e-05	5.495629e-05	5.271499e-05	5.252014e-05	5.242521e-05	5.233561e-05	5.177587e-05	5.153002e-05	5.123277e-05	5.103338e-05	5.097796e-05	5.067422e-05
167	0.8000635	0.7964294	0.7842624	0.7805452	0.4774858	0.4591106	0.417244	0.4110874	0.4006844	0.3981274	0.3385418	0.3210426	0.3176173	0.00643555	0.001007897	0.000346288	0.0003286076	0.0003212945	0.000129007	6.603939e-05	5.142724e-05	4.925889e-05	4.908016e-05	4.89894e-05	4.890515e-05	4.836544e-05	4.814732e-05	4.785606e-05	4.767063e-05	4.761588e-05
168	0.9666007	0.7779495	0.7743204	0.761994	0.7601819	0.4565662	0.4382545	0.3960804	0.389913	0.3795984	0.377495	0.3183081	0.3009269	0.29757	0.006042268	0.0009566768	0.0003290525	0.0003120823	0.0003049193	0.0001239019	6.157754e-05	4.841816e-05	4.631692e-05	4.61413e-05	4.605436e-05	4.59735e-05	4.545074e-05	4.523524e-05	4.495519e-05	4.477541e-05
169	0.8384691	0.8285961	0.7450793	0.7439756	0.7320823	0.7307213	0.4323692	0.4141691	0.3717265	0.3657031	0.3555006	0.3534179	0.2953281	0.2782426	0.2749542	0.005537652	0.0008366814	0.0003092537	0.0002928583	0.0002858449	0.0001174584	5.762754e-05	4.499404e-05	4.300485e-05	4.283452e-05	4.275242e-05	4.267568e-05	4.217915e-05	4.196798e-05	4.169777e-05
170	0.9220156	0.8175311	0.8084998	0.7278173	0.7267441	0.7145758	0.7133087	0.4121721	0.3938579	0.3508255	0.3447488	0.3345188	0.3324238	0.2744858	0.2574264	0.2541613	0.005129899	0.0007832609	0.0002924773	0.0002768106	0.0002698537	0.0001128732	5.414929e-05	4.191387e-05	3.998283e-05	3.981721e-05	3.973974e-05	3.966678e-05	3.919621e-05	3.898766e-05
171	0.916087	0.8970411	0.7949421	0.7862032	0.7055113	0.7044666	0.6920013	0.6908057	0.3891208	0.3708628	0.3274601	0.3214236	0.3112855	0.3094123	0.2519741	0.2350435	0.2318546	0.00469195	0.0007259051	0.0002743637	0.0002592707	0.0002524834	0.0001080507	5.005934e-05	3.856179e-05	3.670658e-05	3.654456e-05	3.647141e-05	3.640224e-05	3.595135e-05
172	0.7845096	0.7415338	0.7314592	0.6896614	0.6829294	0.6429046	0.6419728	0.6292136	0.6282146	0.3618458	0.3439578	0.3006103	0.2945912	0.2847501	0.2829217	0.2272976	0.2108598	0.2078485	0.00418075	0.0006233954	0.0002151859	0.000200685	0.0001942858	6.391238e-05	4.555974e-05	3.47981e-05	3.307319e-05	3.292086e-05	3.285474e-05	3.279075e-05
173	0.8850072	0.7755079	0.7347835	0.7250008	0.6825904	0.6759102	0.636319	0.6353948	0.6222773	0.6213197	0.3489755	0.3306839	0.2862568	0.2801077	0.2700574	0.2681974	0.2114469	0.1946755	0.1916023	0.003863667	0.0005829748	0.0002028669	0.0001886125	0.0001820856	6.012999e-05	4.295279e-05	3.253031e-05	3.082379e-05	3.066812e-05	3.060281e-05
174	0.7098182	0.7049825	0.6053211	0.5689911	0.5619107	0.5189629	0.5127747	0.5016902	0.5007993	0.4873337	0.4864531	0.3192434	0.3015748	0.2575091	0.2514121	0.241833	0.2400439	0.1853228	0.1690858	0.1662922	0.003330175	0.0004807843	0.0001786281	0.0001650263	0.0001591162	5.254117e-05	3.79978e-05	2.851815e-05	2.696745e-05	2.68137e-05
175	0.912174	0.6723794	0.6675537	0.5706968	0.537584	0.5312482	0.4876504	0.4828058	0.4730634	0.4721886	0.4583323	0.4575165	0.2969168	0.2791946	0.2344794	0.2288059	0.2192533	0.2174613	0.1630939	0.1475188	0.1447219	0.002906748	0.00042477	0.0001612356	0.0001481963	0.0001422715	4.733163e-05	3.442681e-05	2.536213e-05	2.390972e-05
176	0.6328954	0.629689	0.5101302	0.5068198	0.4480472	0.4219356	0.4172005	0.3837342	0.3792056	0.3715873	0.37081	0.3664595	0.3659975	0.223822	0.2109277	0.1945997	0.189286	0.1809483	0.1793655	0.1334782	0.1203676	0.1178563	0.002373765	0.0003512628	0.0001364495	0.0001240999	0.0001185537	3.94542e-05	2.878961e-05	2.090747e-05
177	0.6285834	0.5899735	0.5870743	0.4707084	0.4675305	0.4113482	0.3871916	0.3830571	0.3490662	0.3476426	0.3407132	0.3399385	0.3354819	0.3350747	0.2040444	0.1918264	0.1765311	0.1741199	0.166232	0.1647157	0.122011	0.1100905	0.1077789	0.002161537	0.0003136827	0.000117405	0.0001131635	0.0001080296	3.587396e-05	2.613856e-05
178	0.176651	0.1705677	0.1579806	0.1574615	0.15386	0.1518438	0.1467281	0.1389213	0.1370789	0.135747	0.1352479	0.1325623	0.1319064	0.1317703	0.1316127	0.07736962	0.07310636	0.06707603	0.06618665	0.06337049	0.06254084	0.04669265	0.04220724	0.04107197	0.0008293738	0.0001228939	4.785905e-05	4.611335e-05	4.371742e-05	1.450179e-05
179	0.1382614	0.08687187	0.08185101	0.07662932	0.07651718	0.07456613	0.07450399	0.07178035	0.06790768	0.06723382	0.06657045	0.06628839	0.064895	0.06485039	0.06477849	0.06469933	0.03756322	0.0354692	0.03252699	0.03210581	0.03071498	0.03010658	0.02257361	0.02042354	0.01979917	0.0004000808	6.009643e-05	2.397363e-05	2.309777e-05	2.176257e-05
180	0.2031568	0.04399758	0.03292267	0.03106509	0.02900371	0.02898801	0.0281816	0.02816164	0.02717672	0.02557007	0.02527733	0.02498079	0.02481345	0.02415546	0.02413934	0.02411319	0.02407695	0.01470428	0.01399546	0.01298175	0.01283172	0.01236429	0.01228774	0.009290019	0.008411354	0.008191702	0.0001643692	2.436462e-05	9.493266e-06	9.147815e-06
181	0.332461	0.1034395	0.03380448	0.02547213	0.02359588	0.02185256	0.02184007	0.02118943	0.02117132	0.02043113	0.01923096	0.01900329	0.01876282	0.01861216	0.01807562	0.01806337	0.01804236	0.01801315	0.01097802	0.01044589	0.00968512	0.009570447	0.009219552	0.009162094	0.00693675	0.006276941	0.006111453	0.0001226491	1.818951e-05	7.095465e-06
182	0.2806758	0.278171	0.05642719	0.0229215	0.01697466	0.01530149	0.0138403	0.01383097	0.01335164	0.01333553	0.01285577	0.01210682	0.01195156	0.0117741	0.0116622	0.01125958	0.01125165	0.01123648	0.01121542	0.00683437	0.006502455	0.0060283	0.005961805	0.00574296	0.005707142	0.004310522	0.003906122	0.00380223	7.631795e-05	1.13203e-05
183	0.1499683	0.1487266	0.1480997	0.02592975	0.01149054	0.007535996	0.006885054	0.005658331	0.005653263	0.005536661	0.005523278	0.005349685	0.005051528	0.004980629	0.00493468	0.004855557	0.004583609	0.004580124	0.004575946	0.004570064	0.002747253	0.002609354	0.002412133	0.002384483	0.002293587	0.00227869	0.001702146	0.001540225	0.00149771	3.010251e-05
184	0.1505323	0.04139632	0.0404167	0.03993831	0.0155134	0.005817656	0.004804592	0.004136345	0.002997086	0.002992931	0.002934471	0.002921391	0.002834086	0.002686153	0.002638842	0.002614496	0.002539949	0.002307438	0.00230536	0.002303205	0.002299972	0.001370299	0.001299933	0.001199363	0.001185271	0.001138912	0.001131313	0.0008429395	0.0007622768	0.0007404517
185	0.4332564	0.1424491	0.03511632	0.03416168	0.03370151	0.009434707	0.005186221	0.004324936	0.003629858	0.00246412	0.002460041	0.002413435	0.002399982	0.002330179	0.002212707	0.00216936	0.002149309	0.0020733	0.001841945	0.001840128	0.001838389	0.00183567	0.001090502	0.001034097	0.0009535122	0.0009422329	0.0009050827	0.0008989924	0.0006695277	0.0006053985
186	0.7709802	0.2897847	0.03208558	0.01050853	0.00958559	0.009148564	0.005686157	0.002874939	0.002472451	0.001748097	0.001680663	0.001676666	0.001642992	0.001629132	0.001578398	0.001493961	0.001454913	0.001439543	0.001361934	0.001331556	0.001330023	0.001328741	0.001326581	0.0007852648	0.0007442216	0.0006856245	0.0006774269	0.0006504089	0.0006459788	0.0004809706
187	0.8048208	0.7627213	0.2587744	0.02318676	0.006881895	0.006771782	0.006363142	0.003899658	0.002137491	0.001879026	0.001122869	0.001073392	0.001072853	0.001051511	0.001051127	0.001018563	0.000966027	0.000956068	0.0009451454	0.000865671	0.0008446767	0.0008441175	0.000843272	0.0008416536	0.00049402	0.0004676449	0.0004300532	0.0004248015	0.000407459	0.0004046181
188	0.7429137	0.6698044	0.6645738	0.1362242	0.008644496	0.002469967	0.002415137	0.002386578	0.001523389	0.0006831322	0.0005567642	0.0005241939	0.0004945918	0.0004943203	0.0004841022	0.0004838897	0.0004690625	0.0004443718	0.0004389086	0.0004350061	0.0004287839	0.0004160049	0.0004157264	0.0004153258	0.0004148439	0.0002373923	0.0002240117	0.0002048693	0.0002022035	0.0001933819
189	0.733135	0.6905289	0.6847085	0.6821154	0.1260027	0.004085962	0.001333188	0.001299965	0.001284038	0.0008262995	0.0003795248	0.0003165033	0.0002830253	0.0002736891	0.0002734965	0.0002679773	0.000267825	0.0002599604	0.0002473375	0.0002437584	0.0002415971	0.0002356933	0.0002313706	0.0002312049	0.0002309698	0.0002307001	0.0001263261	0.0001184786	0.0001072569	0.0001057007
190	0.1839343	0.1520384	0.1296119	0.1266416	0.125086	0.1250179	0.002538304	0.0007660755	0.0007516074	0.0007422678	0.0004772706	0.0002309436	0.0001960066	0.0001611136	0.0001554752	0.0001554131	0.0001523414	0.0001522963	0.0001479569	0.00014112	0.0001399822	0.000138702	0.0001328001	0.0001302726	0.000130201	0.0001300649	0.0001299006	6.958533e-05	6.508023e-05	5.864169e-05
191	0.02189663	0.01804083	0.009424919	0.00399534	0.003202652	0.002846089	0.00280353	0.001015609	0.0001933962	0.0001889059	0.0001865933	0.0001192154	5.254807e-05	4.309077e-05	4.294735e-05	4.092469e-05	4.090525e-05	4.007198e-05	4.00578e-05	3.887987e-05	3.701276e-05	3.670026e-05	3.640356e-05	3.630822e-05	3.534691e-05	3.532564e-05	3.528924e-05	3.52531e-05	1.884102e-05	1.76142e-05
192	0.07324784	0.009553514	0.007918863	0.003843505	0.00152367	0.001208392	0.001052905	0.001011679	0.0002280189	8.441742e-05	8.19022e-05	8.075939e-05	5.156317e-05	2.248054e-05	1.838602e-05	1.831042e-05	1.775106e-05	1.773944e-05	1.737468e-05	1.736666e-05	1.685117e-05	1.603457e-05	1.589605e-05	1.576602e-05	1.572266e-05	1.546503e-05	1.54539e-05	1.543782e-05	1.542093e-05	8.247221e-06
193	0.1105035	0.03005634	0.006364335	0.005320168	0.002464328	0.0009555641	0.0007596389	0.0006589296	0.0006570539	0.0001474263	5.423106e-05	5.320199e-05	5.23703e-05	3.344687e-05	1.456921e-05	1.191272e-05	1.185502e-05	1.149229e-05	1.148791e-05	1.125151e-05	1.124824e-05	1.091418e-05	1.038592e-05	1.029836e-05	1.021391e-05	1.018474e-05	1.001745e-05	1.001213e-05	1.000161e-05	9.989984e-06
194	0.04899743	0.0446282	0.01224373	0.002477223	0.002039197	0.001046712	0.0004084453	0.0003258032	0.0002829253	0.0002821519	6.344985e-05	2.322077e-05	2.277948e-05	2.251651e-05	1.439999e-05	6.242314e-06	5.09625e-06	5.081034e-06	4.924931e-06	4.923164e-06	4.821929e-06	4.820552e-06	4.677199e-06	4.450516e-06	4.412971e-06	4.376805e-06	4.365377e-06	4.292951e-06	4.290708e-06	4.28632e-06
195	0.02472679	0.01251084	0.01156395	0.003149892	0.0006407252	0.0005286091	0.0002687111	0.0001064718	8.537538e-05	7.455202e-05	7.435489e-05	1.664005e-05	6.019428e-06	5.903451e-06	5.829863e-06	3.761412e-06	1.597218e-06	1.29692e-06	1.292793e-06	1.2527e-06	1.252239e-06	1.2264e-06	1.226043e-06	1.189199e-06	1.131232e-06	1.121647e-06	1.112223e-06	1.109158e-06	1.090007e-06	1.089419e-06
196	0.1193976	0.01192872	0.006066311	0.005615581	0.001510754	0.0003096444	0.0002564767	0.0001284613	5.207164e-05	4.21059e-05	3.709024e-05	3.699735e-05	8.213117e-06	2.912256e-06	2.854792e-06	2.814849e-06	1.845547e-06	7.577102e-07	6.094825e-07	6.073388e-07	5.881128e-07	5.878873e-07	5.756848e-07	5.755125e-07	5.579083e-07	5.30444e-07	5.259039e-07	5.212975e-07	5.197307e-07	5.101089e-07
197	0.2479485	0.05665766	0.008615191	0.00438493	0.004061235	0.001087507	0.0002247009	0.0001868469	9.228221e-05	3.818668e-05	3.112763e-05	2.763011e-05	2.756426e-05	6.078408e-06	2.115128e-06	2.07244e-06	2.040539e-06	1.355274e-06	5.406398e-07	4.309471e-07	4.292921e-07	4.154498e-07	4.152842e-07	4.066158e-07	4.064907e-07	3.938453e-07	3.742787e-07	3.710397e-07	3.676597e-07	3.664652e-07
198	0.8643159	0.1918451	0.0552137	0.00829951	0.004259704	0.003945912	0.001034797	0.0002193863	0.0001828477	8.981692e-05	3.744306e-05	3.066602e-05	2.728951e-05	2.722564e-05	5.986442e-06	2.068899e-06	2.026793e-06	1.994538e-06	1.331296e-06	5.249715e-07	4.172867e-07	4.156301e-07	4.022391e-07	4.020761e-07	3.936341e-07	3.935115e-07	3.811231e-07	3.61834e-07	3.586453e-07	3.553211e-07
199	0.7940443	0.7845848	0.1869754	0.05462285	0.008008916	0.00414492	0.003840101	0.0009971352	0.0002136248	0.0001784055	8.700173e-05	3.668367e-05	3.018507e-05	2.694391e-05	2.688301e-05	5.885254e-06	2.013599e-06	1.972223e-06	1.943068e-06	1.305146e-06	5.072969e-07	4.014457e-07	3.998283e-07	3.868157e-07	3.866618e-07	3.784708e-07	3.783544e-07	3.662325e-07	3.471675e-07	3.440328e-07
200	0.8180623	0.7631413	0.7540583	0.1755466	0.04533901	0.007718337	0.003975211	0.003696117	0.0009656739	0.0002086778	0.0001748138	8.448519e-05	3.608487e-05	2.983384e-05	2.671739e-05	2.665863e-05	5.749622e-06	1.896262e-06	1.855224e-06	1.82565e-06	1.211434e-06	4.913921e-07	3.867172e-07	3.850839e-07	3.723958e-07	3.722445e-07	3.642715e-07	3.641576e-07	3.522356e-07	3.332401e-07
201	0.9587916	0.7877203	0.7356468	0.7267624	0.1591517	0.04515039	0.007672998	0.003972819	0.003696801	0.0009571891	0.0002092335	0.0001757838	8.413071e-05	3.649323e-05	3.035025e-05	2.728166e-05	2.72236e-05	5.830316e-06	1.890436e-06	1.848628e-06	1.817813e-06	1.212592e-06	4.846552e-07	3.81219e-07	3.795249e-07	3.669236e-07	3.667708e-07	3.588133e-07	3.586991e-07	3.466614e-07
202	0.9094707	0.9064176	0.7417728	0.6910255	0.6826052	0.1572229	0.04522631	0.007635946	0.003976616	0.003703755	0.0009474304	0.0002104201	0.0001774761	8.382619e-05	3.718453e-05	3.116783e-05	2.808412e-05	2.802662e-05	5.93617e-06	1.880183e-06	1.837261e-06	1.812742e-06	1.219319e-06	4.79071e-07	3.737312e-07	3.723534e-07	3.597442e-07	3.595932e-07	3.516511e-07	3.515381e-07
203	0.9197273	0.8955782	0.8925935	0.7306144	0.680941	0.6726868	0.1565923	0.04569805	0.007624417	0.004007974	0.003736513	0.0009398398	0.0002131959	0.0001807342	8.386021e-05	3.835043e-05	3.246917e-05	2.934241e-05	2.928478e-05	6.123184e-06	1.886193e-06	1.841413e-06	1.81595e-06	1.235451e-06	4.744667e-07	3.660513e-07	3.646295e-07	3.519773e-07	3.518229e-07	3.438597e-07
204	0.9974918	0.9173788	0.8939274	0.8909608	0.7294295	0.6802466	0.6720558	0.1584399	0.04678247	0.007293542	0.004088931	0.003813995	0.0009060711	0.0002190669	0.0001866211	8.329521e-05	4.072643e-05	3.491477e-05	3.16656e-05	3.160661e-05	6.502901e-06	1.931284e-06	1.883041e-06	1.855764e-06	1.282348e-06	4.775619e-07	3.627805e-07	3.612695e-07	3.483276e-07	3.481654e-07
205	0.9981505	0.9964813	0.9164215	0.8932186	0.8902532	0.7292568	0.6811947	0.6730949	0.1624634	0.04929307	0.007402061	0.004271703	0.004001188	0.0009062787	0.0002310526	0.0001995393	8.547297e-05	4.468523e-05	3.903662e-05	3.554974e-05	3.548817e-05	7.137712e-06	2.008993e-06	1.954991e-06	1.924695e-06	1.361027e-06	4.832629e-07	3.576826e-07	3.560226e-07	3.424966e-07
206	0.9489976	0.9486646	0.9471647	0.8739519	0.851892	0.8491602	0.699813	0.6531651	0.6453212	0.1613847	0.04970054	0.00735271	0.004293233	0.004024186	0.0008876333	0.0002272607	0.0001962591	8.568085e-05	4.609813e-05	4.058017e-05	3.704933e-05	3.698781e-05	7.387692e-06	2.024501e-06	1.968329e-06	1.937017e-06	1.384662e-06	4.793921e-07	3.502382e-07	3.485433e-07
207	0.9965393	0.9473375	0.9470052	0.945509	0.8724435	0.850463	0.8477367	0.6986859	0.6521436	0.6443145	0.1612868	0.04970746	0.007344767	0.004292147	0.004023509	0.0008858523	0.0002268718	0.0001959322	8.5673e-05	4.620779e-05	4.070246e-05	3.71663e-05	3.710476e-05	7.405006e-06	2.024518e-06	1.968181e-06	1.936788e-06	1.385498e-06	4.7894e-07	3.495813e-07
