#unpaired probabilities
 #i$	l=1	2	3	4	5	6	7	8	9	10	11	12	13	14	15	16	17	18	19	20	21	22	23	24	25	26	27	28	29	30	
1	0.9920218	NA	NA	NA	NA	NA	NA	NA	NA	NA	NA	NA	NA	NA	NA	NA	NA	NA	NA	NA	NA	NA	NA	NA	NA	NA	NA	NA	NA	NA
2	0.9621371	0.9581568	NA	NA	NA	NA	NA	NA	NA	NA	NA	NA	NA	NA	NA	NA	NA	NA	NA	NA	NA	NA	NA	NA	NA	NA	NA	NA	NA	NA
3	0.9830407	0.9612922	0.9573187	NA	NA	NA	NA	NA	NA	NA	NA	NA	NA	NA	NA	NA	NA	NA	NA	NA	NA	NA	NA	NA	NA	NA	NA	NA	NA	NA
4	0.9967436	0.9826073	0.9608889	0.956917	NA	NA	NA	NA	NA	NA	NA	NA	NA	NA	NA	NA	NA	NA	NA	NA	NA	NA	NA	NA	NA	NA	NA	NA	NA	NA
5	0.9956963	0.9926469	0.9785471	0.9568773	0.9529339	NA	NA	NA	NA	NA	NA	NA	NA	NA	NA	NA	NA	NA	NA	NA	NA	NA	NA	NA	NA	NA	NA	NA	NA	NA
6	0.9296915	0.9289142	0.9265052	0.9133865	0.8929703	0.889359	NA	NA	NA	NA	NA	NA	NA	NA	NA	NA	NA	NA	NA	NA	NA	NA	NA	NA	NA	NA	NA	NA	NA	NA
7	0.9211272	0.9102042	0.9092019	0.9062665	0.8920179	0.8791861	0.8756329	NA	NA	NA	NA	NA	NA	NA	NA	NA	NA	NA	NA	NA	NA	NA	NA	NA	NA	NA	NA	NA	NA	NA
8	0.8479355	0.8238954	0.8141412	0.8129724	0.8119708	0.7980109	0.7863928	0.7832333	NA	NA	NA	NA	NA	NA	NA	NA	NA	NA	NA	NA	NA	NA	NA	NA	NA	NA	NA	NA	NA	NA
9	0.3599061	0.3453755	0.3324437	0.328107	0.3281431	0.3285208	0.3169049	0.3115436	0.3101109	NA	NA	NA	NA	NA	NA	NA	NA	NA	NA	NA	NA	NA	NA	NA	NA	NA	NA	NA	NA	NA
10	0.3497244	0.2624855	0.2509453	0.2405523	0.2381123	0.2386997	0.2396359	0.230734	0.2265969	0.2255195	NA	NA	NA	NA	NA	NA	NA	NA	NA	NA	NA	NA	NA	NA	NA	NA	NA	NA	NA	NA
11	0.3622911	0.2603535	0.1905941	0.1817085	0.1788077	0.1767746	0.1766054	0.1762603	0.1759202	0.1725801	0.1717914	NA	NA	NA	NA	NA	NA	NA	NA	NA	NA	NA	NA	NA	NA	NA	NA	NA	NA	NA
12	0.3252421	0.2805842	0.2230405	0.1629405	0.1587198	0.1570773	0.1554399	0.1553388	0.1550702	0.154848	0.1519784	0.1513275	NA	NA	NA	NA	NA	NA	NA	NA	NA	NA	NA	NA	NA	NA	NA	NA	NA	NA
13	0.3744448	0.31972	0.2759712	0.2191335	0.1597679	0.1565037	0.1549361	0.1532797	0.1531124	0.1527409	0.1523474	0.1502675	0.1496251	NA	NA	NA	NA	NA	NA	NA	NA	NA	NA	NA	NA	NA	NA	NA	NA	NA
14	0.4278881	0.3569935	0.3030334	0.2591004	0.214166	0.1566294	0.1539967	0.1524528	0.1508205	0.1506533	0.1502799	0.1499092	0.1478634	0.1472355	NA	NA	NA	NA	NA	NA	NA	NA	NA	NA	NA	NA	NA	NA	NA	NA
15	0.4810073	0.3937934	0.3235747	0.2686564	0.2231538	0.1768893	0.1531894	0.1505331	0.1492682	0.1477261	0.1475999	0.1472552	0.1468923	0.1448841	0.144269	NA	NA	NA	NA	NA	NA	NA	NA	NA	NA	NA	NA	NA	NA	NA
16	0.9609729	0.4707166	0.3872564	0.3202683	0.2655809	0.220038	0.1737864	0.1520783	0.1499831	0.1487166	0.1471693	0.1470292	0.1466632	0.146265	0.1444092	0.143796	NA	NA	NA	NA	NA	NA	NA	NA	NA	NA	NA	NA	NA	NA
17	0.9916072	0.960458	0.4703192	0.3868839	0.3200172	0.2653152	0.2197903	0.1736361	0.15195	0.1498393	0.1485528	0.1469865	0.1468173	0.1466605	0.1462624	0.1444065	0.1437934	NA	NA	NA	NA	NA	NA	NA	NA	NA	NA	NA	NA	NA
18	0.1691824	0.1670306	0.1557751	0.114036	0.1037509	0.07756409	0.06767865	0.05963976	0.037811	0.03165227	0.02998997	0.02971829	0.02940392	0.02936923	0.02933754	0.02926256	0.02888625	0.02876366	NA	NA	NA	NA	NA	NA	NA	NA	NA	NA	NA	NA
19	0.09334357	0.07699831	0.07874897	0.07551021	0.05016802	0.04828202	0.02969213	0.02863389	0.0279812	0.01093308	0.007923661	0.006357269	0.006285933	0.006219022	0.006211593	0.006205517	0.006187348	0.006105917	0.006079948	NA	NA	NA	NA	NA	NA	NA	NA	NA	NA	NA
20	0.987085	0.09189755	0.07614732	0.07795781	0.07490016	0.04967422	0.04784577	0.02932538	0.02833315	0.02773543	0.01072597	0.007742137	0.006177716	0.00610764	0.006042248	0.006034543	0.006027938	0.006013706	0.00593456	0.005909353	NA	NA	NA	NA	NA	NA	NA	NA	NA	NA
21	0.08046064	0.07172827	0.06166096	0.05437838	0.05674905	0.05511617	0.03579665	0.03587156	0.01881253	0.01950538	0.02026458	0.004170075	0.001664342	0.00150405	0.001481996	0.001465762	0.001463674	0.001461983	0.001458693	0.001438808	0.001432668	NA	NA	NA	NA	NA	NA	NA	NA	NA
22	0.1127233	0.07331805	0.06521995	0.05653128	0.04918665	0.0512992	0.04967939	0.0353766	0.03547978	0.01845064	0.01917884	0.0199636	0.003879838	0.001540668	0.001384315	0.001363265	0.001348215	0.001346173	0.001344471	0.001341233	0.001323773	0.001318121	NA	NA	NA	NA	NA	NA	NA	NA
23	0.3635077	0.1119857	0.07259884	0.06446958	0.05577173	0.04898596	0.05108688	0.04945449	0.03513699	0.03530065	0.0182595	0.01897202	0.0199577	0.00387862	0.001539758	0.001383357	0.001362233	0.001347656	0.001345752	0.001344072	0.001340835	0.00132338	0.00131773	NA	NA	NA	NA	NA	NA	NA
24	0.9983878	0.3619993	0.1114727	0.07207693	0.06395005	0.05523224	0.0486121	0.05069114	0.04903428	0.03468897	0.03524946	0.018205	0.01891312	0.01991335	0.003877961	0.00153929	0.001382886	0.001361733	0.001347261	0.001345475	0.001343826	0.00134059	0.001323138	0.001317489	NA	NA	NA	NA	NA	NA
25	0.9986951	0.9972133	0.3607929	0.1102684	0.0708176	0.06301176	0.05424564	0.04776386	0.04979301	0.04808002	0.03367111	0.03523158	0.01818574	0.01889226	0.01990292	0.003868965	0.001539241	0.001382831	0.00136167	0.001347223	0.001345454	0.001343825	0.001340589	0.001323137	0.001317488	NA	NA	NA	NA	NA
26	0.9872311	0.9861442	0.9847911	0.3488207	0.09824037	0.0585422	0.05020424	0.04084724	0.03363961	0.03484186	0.03219999	0.03364426	0.03520749	0.01816478	0.01887498	0.0198887	0.003856691	0.001528178	0.001372722	0.001351628	0.001337261	0.001335467	0.001333795	0.001330492	0.001313527	0.001307919	NA	NA	NA	NA
27	0.9852209	0.9817474	0.9807323	0.9792365	0.3431579	0.09240767	0.05243492	0.04385908	0.03416872	0.03350003	0.0346941	0.03204301	0.03347686	0.03514108	0.01809327	0.01879752	0.01985912	0.00382991	0.001528062	0.001372594	0.001351484	0.001337122	0.001335321	0.001333786	0.001330484	0.001313518	0.00130791	NA	NA	NA
28	0.4720263	0.4426458	0.4189587	0.3958554	0.3709845	0.3414104	0.09206515	0.05214793	0.04357556	0.03388819	0.0332079	0.03462189	0.03196749	0.03346957	0.03513429	0.01808706	0.01879198	0.0198541	0.003825124	0.001523304	0.001370429	0.001349336	0.001334994	0.00133319	0.001331649	0.001328369	0.001311422	0.001305856	NA	NA
29	0.2823742	0.2567245	0.2310395	0.2035353	0.1760024	0.1466274	0.1142131	0.07033187	0.03065102	0.02133852	0.01127059	0.009429101	0.009458041	0.005293747	0.005034242	0.004769287	0.004464662	0.004097461	0.003854127	0.003773938	0.001490112	0.001337109	0.001318789	0.001304786	0.001303168	0.001301708	0.001298507	0.001281934	0.001276497	NA
30	0.3147053	0.2766028	0.2517496	0.226298	0.1988592	0.1712987	0.1418174	0.1095537	0.06599904	0.02654043	0.017033	0.006749731	0.004659528	0.004409384	0.003939423	0.00359229	0.003227049	0.002812242	0.002319587	0.001915406	0.001646168	0.001487783	0.001334611	0.001317807	0.001303824	0.001302219	0.001300773	0.001297574	0.001281013	0.00127558
31	0.9813523	0.3132833	0.2760988	0.2512563	0.2258411	0.1984789	0.1709997	0.1416204	0.1094703	0.06592948	0.02646929	0.01695845	0.006671449	0.004576929	0.004321968	0.003846564	0.003502311	0.003130663	0.002708461	0.002207178	0.001792795	0.001511307	0.001337947	0.00133448	0.001317661	0.001303657	0.001302022	0.001300531	0.001297257	0.001280997
32	0.4358712	0.4156102	0.3097682	0.2743248	0.2494503	0.2239762	0.197959	0.1704663	0.1410736	0.1089087	0.0656083	0.02635267	0.01683703	0.006649583	0.004553935	0.004297627	0.003826991	0.003481439	0.003108416	0.002687515	0.002191416	0.001775859	0.001506734	0.001332891	0.001328792	0.001317512	0.001303578	0.001302016	0.00130053	0.001297256
33	0.5324851	0.4335967	0.4132753	0.3093067	0.273855	0.2494326	0.2239598	0.1979455	0.1704559	0.1410672	0.1089062	0.06560639	0.02635072	0.01683561	0.006648094	0.004552566	0.004296178	0.003825453	0.003479801	0.003107149	0.00268615	0.002189939	0.001774272	0.001505014	0.001332869	0.001328768	0.001317485	0.001303559	0.001302006	0.001300529
34	0.8911925	0.4644312	0.37571	0.3572639	0.2754265	0.2493123	0.2274765	0.204482	0.1804256	0.1549903	0.1275599	0.09767273	0.05838316	0.02344407	0.01497879	0.005915357	0.004051072	0.003823019	0.003404207	0.003096536	0.002764757	0.002390078	0.001948478	0.001578547	0.001338897	0.001185664	0.001182153	0.001172075	0.001159681	0.001158292
35	0.2629791	0.2672965	0.05758814	0.05261587	0.05365914	0.05196564	0.05332916	0.05217284	0.04897942	0.04052848	0.03146775	0.0196283	0.007854904	0.000624259	0.0002030721	0.0001338147	6.035184e-05	4.59971e-05	4.493808e-05	4.171376e-05	3.272496e-05	2.78522e-05	2.362683e-05	1.88265e-05	1.472308e-05	1.196983e-05	1.011199e-05	9.787084e-06	9.348012e-06	9.224221e-06
36	0.148226	0.06004817	0.06037127	0.04574261	0.04608152	0.04711508	0.04814188	0.04973019	0.04872585	0.04576408	0.03767855	0.02901988	0.01786345	0.006632744	0.0001629442	3.988212e-05	2.61389e-05	1.210712e-05	9.399209e-06	9.238058e-06	8.466414e-06	7.877164e-06	5.839568e-06	4.832406e-06	3.795556e-06	2.910821e-06	2.310092e-06	1.890832e-06	1.801868e-06	1.706381e-06
37	0.0489229	0.03618937	0.01884933	0.01880433	0.01810309	0.0184013	0.01857574	0.01909511	0.01972822	0.01944808	0.01848111	0.01573654	0.01286277	0.009137431	0.005396829	6.231438e-05	1.453804e-05	9.344913e-06	4.379506e-06	3.435955e-06	3.390366e-06	3.109323e-06	2.830485e-06	2.475272e-06	1.97012e-06	1.518832e-06	1.133098e-06	8.679128e-07	6.775573e-07	6.312599e-07
38	0.02914727	0.01264832	0.00871677	0.00545016	0.00544422	0.00550619	0.005627117	0.005766142	0.005933618	0.006128115	0.005957052	0.005512104	0.00439956	0.003241908	0.001754772	0.000255827	2.836972e-05	5.490826e-06	3.708288e-06	1.776712e-06	1.420916e-06	1.409623e-06	1.304932e-06	1.180043e-06	1.008946e-06	8.352125e-07	6.3394e-07	4.649512e-07	3.478718e-07	2.623802e-07
39	0.01533892	0.006211116	0.003022503	0.002024047	0.001338766	0.001342558	0.001360231	0.001390127	0.001432017	0.001472868	0.001521099	0.00147654	0.00136561	0.001090879	0.0008034282	0.0004341784	6.199176e-05	5.211615e-06	1.389939e-06	9.172791e-07	4.487073e-07	3.600931e-07	3.574819e-07	3.287051e-07	2.982754e-07	2.417348e-07	1.982703e-07	1.482243e-07	1.111502e-07	8.608826e-08
40	0.015117	0.003405588	0.001431584	0.0006666124	0.0003947981	0.0002727741	0.0002731348	0.0002740644	0.0002794861	0.0002868398	0.0002946836	0.0003041623	0.0002943495	0.000270851	0.0002151649	0.0001585656	8.586085e-05	1.257637e-05	1.119402e-06	3.30548e-07	2.393919e-07	1.383518e-07	1.217724e-07	1.238827e-07	1.163365e-07	1.06052e-07	7.402606e-08	5.768564e-08	3.913103e-08	2.938609e-08
41	0.03764333	0.008163367	0.001896122	0.0007622476	0.0003201574	0.0001598761	0.0001063489	0.0001066088	0.0001051959	0.0001068565	0.0001100184	0.0001126954	0.0001161944	0.0001118445	0.0001021259	8.052852e-05	5.941768e-05	3.230041e-05	4.966048e-06	4.798977e-07	1.622005e-07	1.243742e-07	8.440879e-08	7.876723e-08	8.124342e-08	7.975021e-08	7.299053e-08	4.519104e-08	3.365584e-08	2.074037e-08
42	0.462511	0.03482048	0.007635947	0.001778143	0.000710093	0.0002934419	0.0001421687	9.316494e-05	9.337677e-05	9.178989e-05	9.315613e-05	9.589289e-05	9.815727e-05	0.0001011789	9.727863e-05	8.865891e-05	6.979117e-05	5.151058e-05	2.802897e-05	4.35919e-06	4.289911e-07	1.488937e-07	1.153503e-07	7.994566e-08	7.518776e-08	7.768519e-08	7.643564e-08	6.999621e-08	4.262113e-08	3.153106e-08
43	0.4216603	0.01963812	0.006878439	0.00149288	0.0003471178	0.0001344049	4.970189e-05	1.925364e-05	1.141256e-05	1.141958e-05	1.054189e-05	1.062763e-05	1.091824e-05	1.113154e-05	1.145624e-05	1.101888e-05	1.006189e-05	7.983426e-06	5.97107e-06	3.385593e-06	7.7953e-07	6.910762e-08	2.868955e-08	2.314518e-08	1.728078e-08	1.665634e-08	1.730241e-08	1.70336e-08	1.646378e-08	7.236724e-09
44	0.005266957	0.004585973	0.001133866	0.0004116141	7.710775e-05	1.353556e-05	5.440906e-06	2.322812e-06	6.214949e-07	4.197331e-07	4.210171e-07	1.250418e-07	1.014896e-07	1.018685e-07	8.993478e-08	9.043379e-08	8.630727e-08	7.87156e-08	6.370378e-08	4.92114e-08	3.070823e-08	1.197959e-08	6.501417e-09	4.774529e-09	4.685094e-09	4.609816e-09	4.793472e-09	5.060109e-09	5.315927e-09	5.523324e-09
45	0.008743149	0.001896101	0.001733962	0.000628624	0.0002739665	4.671116e-05	5.821319e-06	2.032249e-06	6.060203e-07	1.067352e-07	5.658468e-08	5.644983e-08	1.908589e-08	1.103418e-08	1.038502e-08	7.86593e-09	6.861112e-09	6.11086e-09	5.386856e-09	4.752601e-09	4.176889e-09	3.454261e-09	2.694877e-09	1.167599e-09	8.275168e-10	7.894425e-10	7.61102e-10	7.879415e-10	8.310456e-10	8.473418e-10
46	0.02334468	0.006158804	0.00168254	0.001579017	0.0005918014	0.0002600997	4.368257e-05	5.101241e-06	1.759827e-06	5.127617e-07	7.632998e-08	4.615122e-08	4.612863e-08	1.38817e-08	6.49397e-09	5.854989e-09	3.810129e-09	2.805211e-09	2.183073e-09	1.701478e-09	1.54721e-09	1.432778e-09	1.300467e-09	1.13978e-09	9.429058e-10	6.774339e-10	6.649166e-10	6.51365e-10	6.768856e-10	7.1447e-10
47	0.03883871	0.01987388	0.005592556	0.001607638	0.001522075	0.0005725336	0.0002520786	4.225202e-05	4.902629e-06	1.687948e-06	4.890373e-07	7.088565e-08	4.459476e-08	4.462817e-08	1.314528e-08	5.954852e-09	5.367321e-09	3.419189e-09	2.440994e-09	1.847068e-09	1.39917e-09	1.292845e-09	1.223814e-09	1.145598e-09	1.041728e-09	8.793428e-10	6.461663e-10	6.399606e-10	6.347342e-10	6.611772e-10
48	0.07516471	0.03861822	0.01979305	0.005570563	0.001601075	0.001516571	0.00057046	0.0002511648	4.210603e-05	4.893509e-06	1.684565e-06	4.875952e-07	7.057625e-08	4.442481e-08	4.445813e-08	1.309318e-08	5.929867e-09	5.344495e-09	3.404104e-09	2.428197e-09	1.836114e-09	1.38968e-09	1.284494e-09	1.216507e-09	1.139548e-09	1.037057e-09	8.75652e-10	6.435819e-10	6.374746e-10	6.323384e-10
49	0.1006727	0.05711804	0.03684412	0.01845347	0.004484442	0.0005625335	0.0004595502	0.0001537498	6.449695e-05	1.393187e-05	4.523826e-06	1.569139e-06	3.935506e-07	1.966922e-08	8.520751e-09	8.360246e-09	3.382694e-09	2.234089e-09	2.068062e-09	1.685977e-09	1.09027e-09	6.43895e-10	2.584606e-10	2.297723e-10	2.161873e-10	2.000916e-10	1.7942e-10	1.474291e-10	1.016476e-10	1.000556e-10
50	0.09946578	0.07620527	0.05584074	0.03620553	0.01805425	0.004278164	0.0004378778	0.0003339042	0.0001125806	4.730377e-05	1.14336e-05	4.457798e-06	1.541811e-06	3.748989e-07	1.404244e-08	5.531706e-09	5.392565e-09	2.556374e-09	1.903239e-09	1.777093e-09	1.522852e-09	9.580322e-10	5.289393e-10	1.582172e-10	1.406966e-10	1.317521e-10	1.209474e-10	1.073268e-10	8.648741e-11	5.689675e-11
51	0.145183	0.09634952	0.07523111	0.05560872	0.03606096	0.01798144	0.004260306	0.0004354317	0.0003318562	0.0001118918	4.701358e-05	1.137436e-05	4.441047e-06	1.535239e-06	3.723283e-07	1.393973e-08	5.489777e-09	5.351375e-09	2.540317e-09	1.893046e-09	1.767569e-09	1.515103e-09	9.520954e-10	5.251722e-10	1.569877e-10	1.395933e-10	1.307133e-10	1.199843e-10	1.064612e-10	8.576834e-11
52	0.3461876	0.06030528	0.02665022	0.01967563	0.01424064	0.009152605	0.00446768	0.001023175	7.080034e-05	4.311957e-05	1.677987e-05	7.075557e-06	1.647671e-06	4.190607e-07	1.451526e-07	3.616343e-08	3.216829e-09	6.158383e-10	5.874517e-10	3.129808e-10	2.372173e-10	1.972555e-10	1.415691e-10	9.549199e-11	5.70088e-11	2.522263e-11	2.198859e-11	1.948936e-11	1.652383e-11	1.318488e-11
53	0.8631771	0.3222008	0.0400066	0.009604398	0.005935455	0.003961691	0.002465167	0.001211217	0.0002793699	2.097812e-05	1.260764e-05	4.643718e-06	1.920826e-06	4.334228e-07	1.044237e-07	3.733371e-08	1.071434e-08	1.628553e-09	1.996609e-10	1.857388e-10	1.020102e-10	7.403439e-11	6.317317e-11	4.656028e-11	3.382802e-11	2.429625e-11	1.604355e-11	1.380845e-11	1.174119e-11	9.299627e-12
54	0.8611848	0.8593831	0.3205826	0.03876111	0.008579217	0.005115256	0.003355699	0.002072967	0.001016985	0.0002348124	1.783431e-05	1.062052e-05	3.898101e-06	1.611024e-06	3.633807e-07	8.760074e-08	3.136132e-08	9.053364e-09	1.399774e-09	1.715342e-10	1.596892e-10	8.826022e-11	6.436007e-11	5.53107e-11	4.109927e-11	3.045626e-11	2.241663e-11	1.538665e-11	1.32268e-11	1.120362e-11
55	0.8713841	0.8581899	0.8582141	0.3198334	0.03819061	0.008102527	0.004732704	0.003071811	0.001889053	0.0009257841	0.0002137948	1.625631e-05	9.58207e-06	3.516246e-06	1.451556e-06	3.267027e-07	7.754543e-08	2.783825e-08	8.132086e-09	1.310053e-09	1.562878e-10	1.452686e-10	8.089621e-11	5.901965e-11	5.079479e-11	3.774289e-11	2.837052e-11	2.126467e-11	1.500704e-11	1.288956e-11
56	0.9790653	0.8630803	0.8499482	0.8499451	0.3185677	0.03781469	0.007758778	0.004569457	0.002921883	0.001875086	0.0009193365	0.000212333	1.614351e-05	9.521419e-06	3.493295e-06	1.441864e-06	3.245242e-07	7.700909e-08	2.764996e-08	8.081383e-09	1.303635e-09	1.554256e-10	1.444629e-10	8.047805e-11	5.872219e-11	5.055231e-11	3.757431e-11	2.826418e-11	2.120573e-11	1.49868e-11
57	0.4717948	0.4599062	0.3677988	0.346304	0.3371103	0.3134279	0.03746912	0.007621125	0.004466054	0.002842922	0.001811293	0.0009053219	0.0002091121	1.591316e-05	9.382017e-06	3.440639e-06	1.419947e-06	3.195545e-07	7.581758e-08	2.722686e-08	7.963058e-09	1.286866e-09	1.534295e-10	1.42615e-10	7.950742e-11	5.804192e-11	5.000103e-11	3.719371e-11	2.802783e-11	2.107422e-11
58	0.1386982	0.1233005	0.1121431	0.08689465	0.07484944	0.06620453	0.04075166	0.03515506	0.005951732	0.003163784	0.001871028	0.001177683	0.0005856194	0.0001384083	1.093214e-05	6.246104e-06	2.264814e-06	9.318717e-07	2.094912e-07	4.965448e-08	1.787362e-08	5.276811e-09	8.768392e-10	1.084956e-10	1.013224e-10	5.775012e-11	4.308125e-11	3.792642e-11	2.889407e-11	2.293973e-11
59	0.08376645	0.0671664	0.05974905	0.05365345	0.04223351	0.03632586	0.03177268	0.01061385	0.005156429	0.004536388	0.002072889	0.001057713	0.0006495679	0.0003221597	7.506029e-05	6.73286e-06	3.599789e-06	1.272615e-06	5.199679e-07	1.1656e-07	2.750672e-08	9.92263e-09	2.955662e-09	5.071624e-10	7.003988e-11	6.612702e-11	3.931088e-11	3.039743e-11	2.767383e-11	2.183359e-11
60	0.05669589	0.03650356	0.02875421	0.02429937	0.02007911	0.01489928	0.01079019	0.007435205	0.006600989	0.002387375	0.001851016	0.001636094	0.0007385581	0.000442481	0.0002190017	5.045327e-05	3.843389e-06	2.548658e-06	8.782022e-07	3.560799e-07	7.969958e-08	1.87458e-08	6.757535e-09	2.008413e-09	3.454026e-10	5.198682e-11	4.942621e-11	3.017656e-11	2.376121e-11	2.195392e-11
61	0.04527445	0.02758324	0.01866745	0.01447528	0.01197215	0.009470611	0.006653239	0.004224308	0.002132478	0.001594545	0.001472469	0.001040508	0.0009109273	0.0004711294	0.0002696483	0.0001332937	3.06044e-05	2.20914e-06	1.417797e-06	5.46998e-07	2.183843e-07	4.880089e-08	1.145197e-08	4.137298e-09	1.240589e-09	2.190219e-10	3.403736e-11	3.242643e-11	2.188596e-11	1.76717e-11
62	0.04645511	0.02649434	0.0170359	0.01113667	0.008532249	0.007056026	0.005579633	0.003879503	0.002432038	0.001196619	0.0008774805	0.0008017796	0.0007287827	0.000654232	0.0002720288	0.0001586354	7.843263e-05	1.800517e-05	1.302428e-06	8.369013e-07	3.148164e-07	1.312188e-07	2.91411e-08	6.771652e-09	2.456992e-09	7.493607e-10	1.401596e-10	2.52716e-11	2.433498e-11	1.737896e-11
63	0.1771395	0.01371144	0.008246286	0.004875387	0.003396618	0.002651328	0.002177458	0.001700407	0.001186257	0.0007206386	0.00032034	0.0002144863	0.0001858271	0.0001600489	0.0001342769	0.000107449	5.222367e-05	2.579391e-05	5.909735e-06	4.244233e-07	2.714923e-07	1.021775e-07	4.246381e-08	9.485799e-09	2.217755e-09	8.038173e-10	2.440011e-10	4.696956e-11	1.076338e-11	1.047832e-11
64	0.0538023	0.01388456	0.002993603	0.002004599	0.001368101	0.00095791	0.0007497039	0.0006150177	0.0004785549	0.0003350936	0.0002033269	8.819017e-05	5.772841e-05	4.645556e-05	3.862961e-05	3.108616e-05	2.3227e-05	1.497776e-05	7.365536e-06	1.692783e-06	1.231518e-07	7.943304e-08	3.004688e-08	1.244747e-08	2.765653e-09	6.436846e-10	2.368343e-10	7.596075e-11	1.856501e-11	6.871708e-12
65	0.0627704	0.02900049	0.009277226	0.0007863457	0.0005114539	0.0003538414	0.000252682	0.0001984386	0.0001634804	0.0001281537	9.027577e-05	5.608418e-05	2.617879e-05	1.831295e-05	1.232929e-05	1.003567e-05	8.068568e-06	5.991141e-06	3.876854e-06	1.920296e-06	4.413794e-07	3.224131e-08	2.084982e-08	7.868396e-09	3.295402e-09	7.342512e-10	1.722337e-10	6.567884e-11	2.361445e-11	8.912605e-12
66	0.2634556	0.05454888	0.02741169	0.008599648	0.0004135311	0.0002619138	0.00017858	0.0001262681	9.883398e-05	8.115231e-05	6.334789e-05	4.371283e-05	2.645677e-05	1.130386e-05	7.306349e-06	6.363393e-06	5.023657e-06	4.030365e-06	3.005587e-06	1.944298e-06	9.630799e-07	2.216902e-07	1.643962e-08	1.073315e-08	4.151654e-09	1.749449e-09	3.87729e-10	9.056864e-11	3.633586e-11	1.500773e-11
67	0.314224	0.2253145	0.05150871	0.02647642	0.008193858	0.0002054972	0.000122349	7.984194e-05	5.533521e-05	4.320798e-05	3.552472e-05	2.787229e-05	1.876991e-05	1.131468e-05	4.728204e-06	2.992959e-06	2.574508e-06	2.151984e-06	1.719087e-06	1.280111e-06	8.282739e-07	4.105891e-07	9.481512e-08	7.474515e-09	5.051834e-09	2.003639e-09	8.642519e-10	1.879431e-10	4.275972e-11	1.906895e-11
68	0.3890988	0.3091379	0.2248075	0.05146293	0.02646338	0.008188067	0.0002022154	0.0001201271	7.826223e-05	5.419499e-05	4.231075e-05	3.478537e-05	2.729248e-05	1.835862e-05	1.105792e-05	4.605125e-06	2.915085e-06	2.515664e-06	2.104988e-06	1.683129e-06	1.253628e-06	8.11162e-07	4.021178e-07	9.286864e-08	7.33311e-09	4.962015e-09	1.968978e-09	8.491574e-10	1.838554e-10	4.19492e-11
69	0.43528	0.3865026	0.3074446	0.2245072	0.05143005	0.02645402	0.008183844	0.0001997169	0.0001184291	7.705475e-05	5.332446e-05	4.162616e-05	3.422178e-05	2.685173e-05	1.805846e-05	1.087745e-05	4.52523e-06	2.863486e-06	2.472939e-06	2.069893e-06	1.655705e-06	1.233461e-06	7.98128e-07	3.956655e-07	9.138644e-08	7.225737e-09	4.893402e-09	1.942181e-09	8.376319e-10	1.809992e-10
70	0.4822989	0.4303815	0.3838987	0.30548	0.2242177	0.05140608	0.02644672	0.008180041	0.000197128	0.00011646	7.54536e-05	5.197316e-05	4.040728e-05	3.308495e-05	2.579803e-05	1.782211e-05	1.073404e-05	4.461257e-06	2.824479e-06	2.440304e-06	2.043662e-06	1.63667e-06	1.219645e-06	7.89279e-07	3.912497e-07	9.029567e-08	7.050543e-09	4.741756e-09	1.816713e-09	7.721752e-10
71	0.5870943	0.4744439	0.4261652	0.3806812	0.3027665	0.223863	0.05138734	0.02644161	0.008177599	0.0001956216	0.0001154491	7.472108e-05	5.143206e-05	3.997167e-05	3.271782e-05	2.550039e-05	1.760204e-05	1.062815e-05	4.414147e-06	2.795719e-06	2.416116e-06	2.024093e-06	1.62247e-06	1.209321e-06	7.826349e-07	3.878763e-07	8.937384e-08	6.80224e-09	4.508398e-09	1.700573e-09
72	0.3247183	0.2884286	0.1842422	0.1358852	0.08938682	0.06721779	0.0178105	0.003091731	0.001621113	0.0009156487	0.0001859352	0.0001082332	7.151234e-05	5.063899e-05	3.939851e-05	3.227812e-05	2.51703e-05	1.738106e-05	1.050711e-05	4.363943e-06	2.764848e-06	2.389836e-06	2.002655e-06	1.605892e-06	1.197189e-06	7.750638e-07	3.840737e-07	8.844589e-08	6.648733e-09	4.374214e-09
73	0.3213608	0.293114	0.2583877	0.1550021	0.1068871	0.08116047	0.05982417	0.01309812	0.001967512	0.0005991131	0.0002972749	0.0001623266	0.0001061936	7.043147e-05	5.006012e-05	3.911181e-05	3.204518e-05	2.498947e-05	1.725183e-05	1.04262e-05	4.329815e-06	2.744031e-06	2.372255e-06	1.988421e-06	1.595646e-06	1.189792e-06	7.703538e-07	3.816383e-07	8.771475e-08	6.386172e-09
74	0.6132578	0.25297	0.2264881	0.1911003	0.1499786	0.1025265	0.0769894	0.05920802	0.01292258	0.001896608	0.0005430176	0.0002419794	0.0001439097	9.831868e-05	6.960414e-05	4.9575e-05	3.882165e-05	3.187387e-05	2.485663e-05	1.715789e-05	1.036874e-05	4.306328e-06	2.729167e-06	2.359418e-06	1.977681e-06	1.587096e-06	1.183436e-06	7.662471e-07	3.795913e-07	8.722559e-08
75	0.6881008	0.5850897	0.2285922	0.2019062	0.16679	0.1350087	0.1022256	0.07681268	0.05906965	0.01289309	0.001890779	0.0005400707	0.0002396784	0.0001417984	9.643266e-05	6.869087e-05	4.942474e-05	3.871876e-05	3.179794e-05	2.480415e-05	1.712107e-05	1.034662e-05	4.296967e-06	2.723248e-06	2.354305e-06	1.973402e-06	1.583668e-06	1.180884e-06	7.645994e-07	3.787756e-07
76	0.5700861	0.5038835	0.4498398	0.2153001	0.1900351	0.1577651	0.1266424	0.09713168	0.07417207	0.05664703	0.01265852	0.001880463	0.0005344352	0.0002374803	0.000140209	9.535376e-05	6.784875e-05	4.891191e-05	3.840943e-05	3.154619e-05	2.460871e-05	1.698133e-05	1.025944e-05	4.255371e-06	2.703322e-06	2.339221e-06	1.963315e-06	1.578609e-06	1.177534e-06	7.628259e-07
77	0.5388771	0.5063171	0.4571787	0.4074478	0.2105173	0.1866042	0.1551593	0.1244426	0.09513939	0.07327863	0.0559669	0.01253625	0.001874958	0.0005324855	0.0002363989	0.0001396246	9.501595e-05	6.758091e-05	4.869368e-05	3.827344e-05	3.146526e-05	2.454502e-05	1.693444e-05	1.022835e-05	4.244249e-06	2.697231e-06	2.334338e-06	1.959677e-06	1.576058e-06	1.175687e-06
78	0.6557021	0.5324067	0.5015814	0.4529371	0.4033591	0.2089315	0.185725	0.1547473	0.124173	0.09498172	0.07315734	0.05588714	0.0125208	0.001872766	0.0005315925	0.0002358102	0.0001392219	9.473814e-05	6.732677e-05	4.845507e-05	3.804278e-05	3.125731e-05	2.43547e-05	1.674759e-05	1.004446e-05	4.240463e-06	2.69487e-06	2.332308e-06	1.957987e-06	1.574716e-06
79	0.8361037	0.6521058	0.529566	0.4987426	0.4509037	0.4019414	0.208364	0.1854747	0.154584	0.1240609	0.09491657	0.07311051	0.05585205	0.01251302	0.00187156	0.0005312064	0.0002356175	0.000139108	9.467405e-05	6.728028e-05	4.842062e-05	3.801494e-05	3.123374e-05	2.433548e-05	1.673373e-05	1.003494e-05	4.234588e-06	2.690427e-06	2.328978e-06	1.955235e-06
80	0.8852552	0.7473256	0.6326278	0.5192802	0.4925979	0.4480708	0.3996304	0.2075609	0.1849292	0.1541792	0.1237498	0.0946859	0.07294889	0.05574704	0.01247941	0.001864901	0.0005289824	0.0002343843	0.0001381902	9.389461e-05	6.658648e-05	4.778318e-05	3.740478e-05	3.063823e-05	2.37547e-05	1.667584e-05	9.999902e-06	4.219248e-06	2.680712e-06	2.320683e-06
81	0.822935	0.8100228	0.6944203	0.585964	0.4767641	0.4505659	0.4066792	0.3590488	0.1940685	0.1775854	0.1490521	0.1196494	0.09120152	0.06975348	0.05275909	0.01208999	0.001845736	0.0005235647	0.0002316416	0.0001366626	9.323603e-05	6.61308e-05	4.746193e-05	3.715765e-05	3.043889e-05	2.35997e-05	1.656373e-05	9.954806e-06	4.200995e-06	2.670025e-06
82	0.8756594	0.8058711	0.7944788	0.6820787	0.5798382	0.4724348	0.4459029	0.4016173	0.3536077	0.1927713	0.1762065	0.147382	0.1177577	0.08897794	0.06739592	0.05030924	0.01190053	0.001869407	0.0005314934	0.000235244	0.0001389155	9.479656e-05	6.725498e-05	4.828104e-05	3.780909e-05	3.09813e-05	2.402939e-05	1.686904e-05	1.013913e-05	4.281365e-06
83	0.4825292	0.4586023	0.4372706	0.436211	0.3416079	0.2971743	0.2505014	0.2455818	0.2309071	0.2155917	0.096709	0.09171672	0.07641502	0.05937121	0.04113708	0.03283726	0.02732327	0.004788888	0.0005427386	0.0001607541	7.616276e-05	4.466839e-05	2.67279e-05	1.894478e-05	1.35999e-05	1.064995e-05	8.726265e-06	6.765694e-06	4.745233e-06	2.845038e-06
84	0.8811527	0.4389449	0.4200388	0.3998763	0.3988587	0.313551	0.2705388	0.2261512	0.2208897	0.2059611	0.1905431	0.09310989	0.08874595	0.07351033	0.05647929	0.03809599	0.02985825	0.0243871	0.004473482	0.0005444268	0.0001621583	7.678863e-05	4.511313e-05	2.712583e-05	1.923299e-05	1.381087e-05	1.081846e-05	8.867098e-06	6.877119e-06	4.824472e-06
85	0.3123779	0.2999115	0.2685311	0.25632	0.2437658	0.2448668	0.1605071	0.1478516	0.1254611	0.1259437	0.1250146	0.1230791	0.03778409	0.036342	0.02732324	0.0218859	0.01820667	0.01584703	0.01440824	0.00183469	8.646125e-05	2.252529e-05	1.064389e-05	6.286915e-06	3.800707e-06	2.694187e-06	1.937742e-06	1.520403e-06	1.248342e-06	9.706905e-07
86	0.237724	0.229214	0.2226115	0.2058263	0.1945144	0.1820204	0.1829966	0.09809994	0.0932693	0.08470329	0.08567908	0.08613395	0.08613488	0.01637011	0.01539545	0.01411162	0.01266995	0.01216382	0.01091717	0.0101503	0.001135644	1.470218e-05	1.642989e-06	8.424776e-07	5.518272e-07	3.463541e-07	2.486695e-07	1.813633e-07	1.443188e-07	1.202165e-07
87	0.2363564	0.2201202	0.2148872	0.2086045	0.1926208	0.1836944	0.1709761	0.1718433	0.08573	0.0821592	0.07668472	0.07762072	0.07822226	0.07844846	0.01206612	0.01138559	0.01024045	0.008986585	0.008557811	0.007470855	0.006787112	0.0007579514	8.775733e-06	1.185767e-06	7.064987e-07	4.967183e-07	3.258976e-07	2.341143e-07	1.706787e-07	1.357492e-07
88	0.2755458	0.2243657	0.2102473	0.2050954	0.1987509	0.1847081	0.1755726	0.1633535	0.1643893	0.07741341	0.07469469	0.07151688	0.07242473	0.07313031	0.07350344	0.009083318	0.008491984	0.007396256	0.006257473	0.005869585	0.004899629	0.00427249	0.0004779118	5.985777e-06	1.057149e-06	6.883867e-07	4.951087e-07	3.272108e-07	2.35028e-07	1.712378e-07
89	0.2763269	0.2504789	0.2048093	0.1920724	0.1876236	0.1810396	0.1783063	0.1689784	0.1566914	0.157843	0.06956625	0.06775146	0.06691327	0.06779962	0.06861769	0.06914571	0.006091095	0.005567099	0.004512162	0.003484961	0.003134142	0.002275443	0.001704391	0.0001918823	3.174263e-06	9.406969e-07	6.784841e-07	4.984523e-07	3.303943e-07	2.372691e-07
90	0.3871334	0.2460144	0.2227216	0.1810548	0.1686785	0.1639056	0.1648274	0.1620062	0.1639577	0.1514782	0.1525872	0.06296703	0.06148267	0.06164527	0.0624983	0.06332773	0.06389541	0.003854628	0.003363468	0.002483682	0.001803039	0.001615501	0.0009511938	0.0005807105	6.717255e-05	1.93863e-06	8.912155e-07	6.773225e-07	5.029221e-07	3.336722e-07
91	0.9625111	0.3693797	0.2278553	0.2051329	0.1720254	0.1598901	0.1553653	0.1561986	0.1545361	0.156416	0.1453688	0.1468825	0.0559003	0.05448668	0.05502169	0.055799	0.05657107	0.05710839	0.001846323	0.001373042	0.0007754435	0.0006322803	0.000543313	0.000145567	9.25805e-05	1.308912e-05	1.423262e-06	8.810197e-07	6.853354e-07	5.11461e-07
92	0.8571546	0.8403864	0.2409933	0.1917282	0.1722412	0.1455056	0.1369802	0.1325328	0.133099	0.134243	0.1359575	0.137609	0.1393139	0.04687802	0.04548664	0.04608748	0.04678445	0.04748976	0.04796672	0.0007262708	0.0002904754	0.0001546919	9.755407e-05	4.01242e-05	2.659222e-05	2.009209e-05	4.624726e-06	8.461097e-07	3.694547e-07	2.243195e-07
93	0.2891319	0.2259088	0.204896	0.1824173	0.155235	0.1490958	0.1331258	0.1271461	0.1225814	0.1240167	0.1251304	0.1268542	0.1284701	0.1300864	0.03611646	0.03455255	0.03501388	0.03555892	0.03611365	0.03648323	0.0004690956	0.0001845943	9.30896e-05	5.384232e-05	2.643586e-05	1.869485e-05	1.433594e-05	3.245217e-06	5.549493e-07	2.163955e-07
94	0.1676957	0.08662406	0.07397332	0.06731708	0.06020456	0.04777706	0.04248524	0.02930405	0.02450306	0.02467779	0.02475228	0.02487655	0.02515295	0.02535112	0.02568695	0.02530906	0.0235742	0.02387424	0.02424931	0.02463083	0.02487948	0.0003437108	0.0001534773	7.911223e-05	4.633811e-05	2.259704e-05	1.566662e-05	1.163375e-05	2.809349e-06	4.954542e-07
95	0.1069738	0.08829336	0.03633796	0.03113451	0.02948427	0.02799291	0.02007085	0.01904404	0.0140663	0.0126515	0.01276403	0.01281574	0.01286365	0.01299018	0.01307798	0.01325022	0.01267903	0.01276402	0.01293794	0.01314578	0.01335874	0.01350308	0.0001563573	4.268686e-05	1.966136e-05	1.092511e-05	5.598533e-06	4.281664e-06	3.654648e-06	6.6601e-07
96	0.1361795	0.08560886	0.06808893	0.01621272	0.01192481	0.01044547	0.009617827	0.007521039	0.006702398	0.004891423	0.004016345	0.00403521	0.004053594	0.004011636	0.004035748	0.004045803	0.004094315	0.003372368	0.003320673	0.00336329	0.00341593	0.003469292	0.003499305	5.928366e-05	1.911093e-05	9.04588e-06	4.976482e-06	2.30162e-06	1.581193e-06	1.182809e-06
97	0.1808081	0.1224038	0.07912866	0.06230789	0.01063518	0.00688525	0.00582464	0.00544432	0.003773408	0.003394185	0.002626575	0.002088595	0.002092661	0.002088551	0.002037385	0.002060748	0.002053503	0.002074883	0.00130984	0.001228693	0.001241669	0.001260685	0.001280076	0.001284947	1.994713e-05	6.034655e-06	2.787654e-06	1.482426e-06	6.324971e-07	4.043107e-07
98	0.6954784	0.1728321	0.1211428	0.07929988	0.06234637	0.01006121	0.006325907	0.005272483	0.004911075	0.003252459	0.00289702	0.00219766	0.001917853	0.001928821	0.001922634	0.001877909	0.001900421	0.001922646	0.001947821	0.00116866	0.001085683	0.00109833	0.001115854	0.001133927	0.001137512	1.887862e-05	5.829069e-06	2.685136e-06	1.414662e-06	5.807541e-07
99	0.8528244	0.5637936	0.1179027	0.1013853	0.06090552	0.06072395	0.008059414	0.004471755	0.004335239	0.004166829	0.002620942	0.002388704	0.001892552	0.001704523	0.001715257	0.001739225	0.001694169	0.001716194	0.001737281	0.001760357	0.0009652638	0.0008782977	0.0008907508	0.0009059971	0.0009215395	0.0009229995	9.978271e-06	2.311152e-06	9.67038e-07	4.635731e-07
100	0.748894	0.7247229	0.4495994	0.02211141	0.008466744	0.007244997	0.006645388	0.006450339	0.003303357	0.003192673	0.00307834	0.001535311	0.001319839	0.0008974298	0.0007297998	0.0007351854	0.0007444906	0.0007495547	0.0007569049	0.0007650052	0.0007765566	0.0007893321	0.0006981704	0.0007080541	0.0007204232	0.0007331175	0.0007322969	6.749075e-06	1.281042e-06	4.929431e-07
101	0.7093049	0.6925351	0.6899727	0.4124238	0.01477435	0.003838372	0.00313298	0.002914076	0.002791586	0.002626248	0.002575163	0.002521616	0.001049954	0.0009233312	0.0006478887	0.0005495432	0.0005543675	0.0005620578	0.0005666444	0.0005749249	0.0005813052	0.0005902872	0.0006002	0.0005220313	0.0005300951	0.0005395764	0.000549338	0.000549663	5.220114e-06	9.8747e-07
102	0.7751899	0.6837907	0.6739334	0.6784836	0.3994247	0.01168582	0.002054085	0.001904262	0.001861518	0.001879434	0.001861929	0.001885911	0.001909529	0.0005332768	0.0005203492	0.0004105373	0.0003979134	0.0004029335	0.0004089916	0.0004138025	0.000420586	0.0004254906	0.0004322679	0.0004397173	0.0003673028	0.0003731433	0.0003800458	0.0003872055	0.0003922879	3.718579e-06
103	0.8944299	0.7543075	0.6767513	0.6670513	0.6733371	0.3960756	0.01088597	0.001691275	0.001634896	0.001654448	0.001676007	0.001692195	0.001715993	0.001739483	0.0003460061	0.0003320057	0.00025089	0.0002412615	0.0002441117	0.0002478858	0.0002504891	0.0002546654	0.0002574149	0.000261517	0.0002660874	0.0002707773	0.0002750318	0.0002802152	0.0002855957	0.0002896885
104	0.7806114	0.7636525	0.6411487	0.6416615	0.649417	0.6561742	0.394859	0.009344155	0.0003202589	0.0002561499	0.0002576688	0.0002597653	0.0002613344	0.0002644356	0.0002668438	0.0002697888	0.0002547504	0.0001921087	0.0001845517	0.0001866859	0.0001896686	0.0001915783	0.0001948646	0.0001970196	0.0002002173	0.00020378	0.0002075479	0.0002114568	0.0002155178	0.0002197361
105	0.5702943	0.5239653	0.5082463	0.3837821	0.381546	0.3865939	0.3900883	0.3953896	0.009086562	0.0002275111	0.0001718912	0.0001727703	0.0001739071	0.0001748581	0.0001769402	0.0001784657	0.000180409	0.0001825523	0.0001373114	0.0001316494	0.0001330924	0.00013526	0.0001364972	0.0001388834	0.0001404586	0.0001427806	0.000145368	0.0001481072	0.0001509508	0.0001539093
106	0.2559099	0.180678	0.1551969	0.1426655	0.01721701	0.01613766	0.01631823	0.01501702	0.01519441	0.008465084	0.0001529942	0.0001105411	0.0001110014	0.0001114594	0.000112025	0.0001133346	0.0001142574	0.0001154808	0.0001168356	8.88422e-05	8.560497e-05	8.681312e-05	8.825233e-05	8.888812e-05	9.046683e-05	9.152551e-05	9.307408e-05	9.479497e-05	9.661462e-05	9.850482e-05
107	0.1289867	0.1114013	0.03956966	0.01720415	0.008221415	0.005613607	0.004622307	0.00465216	0.0033402	0.00336763	0.0002862551	8.601182e-05	5.093205e-05	5.098473e-05	5.078051e-05	5.096799e-05	5.151365e-05	5.18444e-05	5.23547e-05	5.292618e-05	4.028166e-05	3.88911e-05	3.944969e-05	4.011556e-05	4.010729e-05	4.082785e-05	4.132078e-05	4.20351e-05	4.282746e-05	4.366405e-05
108	0.1368853	0.1165455	0.1045024	0.03272992	0.01045752	0.0030657	0.001515964	0.001408641	0.001395356	0.001282897	0.001287225	0.0001014617	2.344878e-05	1.983328e-05	1.965203e-05	1.965025e-05	1.963399e-05	1.977326e-05	1.981597e-05	1.994571e-05	2.010024e-05	1.521184e-05	1.46376e-05	1.485206e-05	1.510695e-05	1.531947e-05	1.559437e-05	1.578822e-05	1.606687e-05	1.637592e-05
109	0.1028582	0.0920219	0.07629469	0.06458426	0.02785938	0.006888058	0.001013479	0.0001945069	0.0001383144	0.0001131408	3.972767e-05	3.419853e-05	5.694411e-06	2.510467e-06	1.28767e-06	1.082655e-06	8.785883e-07	7.524624e-07	6.514423e-07	5.052384e-07	4.127915e-07	3.21276e-07	1.842227e-07	1.15599e-07	1.157436e-07	1.1755e-07	1.181716e-07	1.202501e-07	1.216366e-07	1.237349e-07
110	0.1983098	0.1035667	0.09264945	0.07674791	0.06489197	0.02821323	0.006966861	0.001017945	0.0001909679	0.0001342578	0.0001086746	3.437022e-05	2.869839e-05	5.31937e-06	2.445384e-06	1.215636e-06	1.007029e-06	7.996804e-07	6.710719e-07	5.673355e-07	4.17879e-07	3.228214e-07	2.285463e-07	1.152794e-07	4.786557e-08	4.697991e-08	4.759337e-08	4.719937e-08	4.795325e-08	4.849813e-08
111	0.9776751	0.1912771	0.1044901	0.09356648	0.07752298	0.06555414	0.02845959	0.007034184	0.00102635	0.0001919416	0.0001348394	0.0001089659	3.366308e-05	2.79153e-05	5.295061e-06	2.455532e-06	1.214025e-06	1.002743e-06	7.928471e-07	6.625018e-07	5.571969e-07	4.054185e-07	3.088072e-07	2.129145e-07	1.02382e-07	3.468296e-08	3.3579e-08	3.39615e-08	3.335775e-08	3.385708e-08
112	0.3301078	0.3128418	0.1759526	0.105464	0.09450104	0.07834029	0.06622101	0.02884582	0.007128539	0.001038247	0.0001927086	0.0001348748	0.0001086222	3.297053e-05	2.712836e-05	5.233724e-06	2.419168e-06	1.159815e-06	9.443826e-07	7.465155e-07	6.133785e-07	5.055039e-07	3.944917e-07	2.960717e-07	1.983042e-07	9.02267e-08	2.175733e-08	2.04278e-08	2.057387e-08	1.976189e-08
113	0.3675969	0.2921059	0.275737	0.1639411	0.09691178	0.08630704	0.07536561	0.0653308	0.02857865	0.006969643	0.001006935	0.000189388	0.0001331818	0.0001079075	3.218068e-05	2.65534e-05	5.084181e-06	2.351319e-06	1.125294e-06	9.153825e-07	7.224003e-07	5.926907e-07	4.874896e-07	3.791031e-07	2.848188e-07	1.89096e-07	8.442697e-08	1.750411e-08	1.614649e-08	1.622424e-08
114	0.3477388	0.3306146	0.2659138	0.2507221	0.1604147	0.09551775	0.08516704	0.07459857	0.0653213	0.02845791	0.006853704	0.0009725289	0.0001830324	0.0001298058	0.0001063279	3.081564e-05	2.561084e-05	4.622026e-06	2.048686e-06	1.00014e-06	8.163238e-07	6.46605e-07	5.326367e-07	4.403072e-07	3.450397e-07	2.582348e-07	1.712029e-07	7.497179e-08	1.331687e-08	1.201249e-08
115	0.2988713	0.2675196	0.2552227	0.2168438	0.2014043	0.1474686	0.0852429	0.07470562	0.06393642	0.05445668	0.01732978	0.006709314	0.0009485273	0.0001807574	0.0001292647	0.0001061751	2.999997e-05	2.487039e-05	4.008908e-06	2.010412e-06	9.823535e-07	8.015419e-07	6.344542e-07	5.222459e-07	4.313042e-07	3.374297e-07	2.513922e-07	1.650638e-07	7.074121e-08	9.687133e-09
116	0.3073818	0.284684	0.2554429	0.243857	0.2127047	0.1971685	0.1459738	0.08619776	0.07555538	0.06467415	0.05509305	0.01747456	0.006754461	0.0009553351	0.0001825906	0.0001307432	0.0001073964	3.00985e-05	2.490719e-05	4.024376e-06	2.022922e-06	9.840956e-07	8.017029e-07	6.331644e-07	5.199415e-07	4.280976e-07	3.333235e-07	2.46716e-07	1.598107e-07	6.732e-08
117	0.4410071	0.3017123	0.2796465	0.2511898	0.2401611	0.2105224	0.194782	0.1467221	0.08638145	0.07559256	0.06455722	0.05483609	0.01767893	0.006809464	0.0009651859	0.0001848901	0.0001323799	0.0001086889	3.041508e-05	2.514478e-05	4.081025e-06	2.054705e-06	9.98745e-07	8.134255e-07	6.421887e-07	5.271097e-07	4.337105e-07	3.372936e-07	2.491933e-07	1.608194e-07
118	0.9499177	0.4054956	0.2842101	0.2626962	0.2346657	0.2235024	0.1939282	0.1778691	0.1295467	0.08744614	0.07654104	0.0653814	0.05554852	0.01787088	0.006870542	0.0009672697	0.0001861996	0.0001339938	0.0001101617	3.076087e-05	2.54572e-05	4.105124e-06	2.065996e-06	1.003856e-06	8.17675e-07	6.456132e-07	5.299584e-07	4.360643e-07	3.390772e-07	2.505383e-07
119	0.6379334	0.5954088	0.3960771	0.2770058	0.257588	0.2362425	0.2253119	0.1957657	0.1795248	0.1308656	0.08822881	0.07717746	0.06586378	0.05589185	0.01813264	0.006968541	0.0009815739	0.000189042	0.0001360601	0.0001118721	3.119951e-05	2.58139e-05	4.17365e-06	2.10139e-06	1.02102e-06	8.317889e-07	6.568951e-07	5.393042e-07	4.437994e-07	3.450982e-07
120	0.9457705	0.6044077	0.5710437	0.3796567	0.2627403	0.2434841	0.2238911	0.2128318	0.1834058	0.1670456	0.1185692	0.08922612	0.07808148	0.06666296	0.05659595	0.0183139	0.007027654	0.0009727776	0.000180636	0.0001367403	0.0001128694	3.129943e-05	2.598215e-05	4.123078e-06	2.078432e-06	1.013447e-06	8.263676e-07	6.533146e-07	5.369664e-07	4.42454e-07
121	0.989715	0.9372182	0.6029247	0.5694324	0.3787862	0.2612102	0.2416945	0.226734	0.2156042	0.1858979	0.1693409	0.1202373	0.09051074	0.07921905	0.06764492	0.05743823	0.0185981	0.007137461	0.0009880155	0.00018327	0.0001386902	0.0001144477	3.183339e-05	2.643226e-05	4.1962e-06	2.11598e-06	1.031978e-06	8.417205e-07	6.657039e-07	5.473765e-07
122	0.9626088	0.9555666	0.90823	0.5811038	0.5616655	0.3722397	0.255786	0.2369343	0.2226037	0.2113801	0.1813209	0.1644609	0.1146338	0.08689408	0.07538164	0.06357137	0.05314183	0.01882884	0.007187397	0.0009388869	0.0001200095	7.360555e-05	4.782366e-05	3.232458e-05	2.683598e-05	4.271783e-06	2.154703e-06	1.051043e-06	8.575099e-07	6.784303e-07
123	0.9552535	0.9384781	0.9316535	0.8906123	0.5732652	0.55427	0.3681908	0.2535855	0.2351941	0.2233479	0.2121371	0.1821582	0.1652988	0.1155401	0.08790475	0.07627278	0.06433289	0.05378573	0.01900145	0.00727487	0.0009480367	0.000120729	7.40902e-05	4.814378e-05	3.269774e-05	2.71795e-05	4.280718e-06	2.149311e-06	1.043533e-06	8.509395e-07
124	0.8945779	0.8515493	0.8460312	0.8391602	0.812735	0.5339453	0.5208174	0.3460066	0.2326773	0.2143223	0.2026395	0.1910931	0.1607981	0.1433814	0.09426809	0.06663498	0.05449444	0.04202482	0.03094993	0.01929389	0.007378956	0.000948249	0.0001069272	5.924623e-05	3.258048e-05	1.663696e-05	1.072124e-05	4.358088e-06	2.188354e-06	1.06239e-06
125	0.769567	0.7642322	0.7391911	0.734252	0.728263	0.7045799	0.4669517	0.4556063	0.2987624	0.2015829	0.1862188	0.1778377	0.1668958	0.1439382	0.1285589	0.08867651	0.06473878	0.05285275	0.04060952	0.02972463	0.01849611	0.007064321	0.0008241991	8.086897e-05	4.432853e-05	2.406481e-05	1.196065e-05	7.459229e-06	3.019726e-06	1.662977e-06
126	0.7987195	0.7447562	0.7396237	0.72312	0.719037	0.713134	0.6894212	0.458965	0.4475992	0.2975618	0.20162	0.1863155	0.1781503	0.1671659	0.1444944	0.1290864	0.08934169	0.06543363	0.05343065	0.04105893	0.03005513	0.01870698	0.007145317	0.0008283147	8.047231e-05	4.411173e-05	2.393738e-05	1.188398e-05	7.400261e-06	2.981567e-06
127	0.4184902	0.3330951	0.2856758	0.2869583	0.2787015	0.2812486	0.2826504	0.2805559	0.1662361	0.1662311	0.07284261	0.03231344	0.02813367	0.02650396	0.02530357	0.02082412	0.01845145	0.008009112	0.004016595	0.00326566	0.002504049	0.001831799	0.001144664	0.0004458401	6.440107e-05	1.082711e-05	6.097727e-06	3.519514e-06	1.974186e-06	1.397108e-06
128	0.443028	0.3793519	0.3133189	0.2651271	0.2662109	0.2576345	0.2599637	0.261235	0.2590918	0.1535423	0.1534431	0.07100165	0.03209349	0.02791279	0.02631506	0.02513512	0.02072752	0.01835694	0.007914409	0.003947203	0.003209635	0.002461581	0.001801161	0.001126062	0.0004390031	6.386115e-05	1.08594e-05	6.118396e-06	3.532487e-06	1.985302e-06
129	0.1909013	0.1923751	0.1828998	0.1659747	0.1170527	0.1180539	0.1155393	0.1169086	0.1177145	0.1167976	0.0591224	0.05926655	0.01233194	0.003467811	0.002989323	0.002281677	0.002166621	0.001452689	0.001285636	0.000538243	0.000207189	0.0001687112	0.0001270892	9.323773e-05	5.870479e-05	2.391722e-05	4.919657e-06	8.166198e-07	4.602192e-07	2.6242e-07
130	0.2071456	0.1746559	0.1763851	0.1680053	0.151359	0.1016458	0.1025263	0.09985298	0.101112	0.1018473	0.100863	0.04625771	0.04637038	0.009161022	0.00246071	0.002185997	0.001676137	0.001599974	0.0009823204	0.0008762838	0.0003290728	9.807332e-05	7.980016e-05	5.870744e-05	4.31109e-05	2.733715e-05	1.167681e-05	3.126662e-06	5.866803e-07	3.317193e-07
131	0.3833414	0.1969435	0.1644815	0.1661028	0.1575052	0.1405011	0.08998739	0.09074076	0.08787012	0.08897919	0.08958925	0.08844172	0.03539608	0.0353717	0.007605114	0.002439328	0.002172709	0.001657028	0.001581204	0.0009608792	0.0008533486	0.0003094113	9.949222e-05	8.100641e-05	5.963888e-05	4.380835e-05	2.779084e-05	1.187646e-05	3.183691e-06	5.972073e-07
132	0.6156381	0.09310137	0.07300998	0.06519729	0.06584234	0.06617423	0.06673675	0.06759536	0.06812527	0.06906077	0.07001485	0.07051169	0.07041251	0.02068271	0.0208063	0.003739884	0.001129178	0.001101634	0.0008172952	0.0007856643	0.0003217359	0.0003099459	8.173112e-05	1.878532e-05	1.526605e-05	1.172607e-05	8.652828e-06	5.484884e-06	2.191865e-06	4.274242e-07
133	0.5387902	0.4362275	0.07654307	0.06079632	0.05354218	0.05408592	0.0544066	0.05490433	0.0556285	0.05606299	0.05684683	0.0576511	0.05807103	0.05789136	0.01673242	0.01683206	0.003147924	0.001046983	0.001026075	0.000741081	0.0007107	0.0002696179	0.0002598865	6.90758e-05	1.64093e-05	1.334981e-05	1.025647e-05	7.568685e-06	4.787946e-06	1.87989e-06
134	0.7594755	0.4924915	0.4342393	0.07006642	0.05421492	0.04812488	0.04860553	0.04887723	0.04930881	0.04996731	0.05033122	0.05104434	0.051777	0.05215979	0.05200572	0.01503383	0.01512602	0.002874858	0.0009851626	0.0009662348	0.0006783915	0.0006492589	0.0002492693	0.0002398566	6.446977e-05	1.583532e-05	1.287166e-05	9.871049e-06	7.259229e-06	4.558178e-06
135	0.7580771	0.7177791	0.48159	0.4303343	0.06177665	0.04612219	0.04234445	0.0427644	0.04302142	0.0434255	0.04401358	0.04430117	0.04493756	0.04559234	0.04593334	0.04580516	0.01323862	0.01332258	0.002580095	0.00091274	0.000896004	0.000606004	0.0005789753	0.0002237159	0.0002149912	5.624036e-05	1.237612e-05	1.004637e-05	7.70089e-06	5.66836e-06
136	0.9645154	0.7549428	0.7143153	0.4814989	0.4301377	0.05666902	0.04074124	0.03696992	0.0373213	0.03750673	0.03783803	0.03835622	0.0385685	0.03912946	0.03970769	0.04000673	0.0399046	0.01158834	0.01166437	0.002317272	0.0008518643	0.0008365519	0.0005435462	0.0005180658	0.0002065139	0.0001976954	5.317646e-05	1.25678e-05	1.020621e-05	7.82587e-06
137	0.9833834	0.9479688	0.7406586	0.7014852	0.4728435	0.4288604	0.05039177	0.03424939	0.03142304	0.03170345	0.03181988	0.03207481	0.03251862	0.03265079	0.03313137	0.03362793	0.03388085	0.03380299	0.009878672	0.009945746	0.002041438	0.0007856555	0.0007719276	0.0004767565	0.0004529553	0.0001871061	0.0001783503	4.909671e-05	1.215729e-05	9.876881e-06
138	0.8509512	0.8368791	0.7991745	0.587457	0.5459016	0.4722965	0.4283446	0.04469141	0.02825091	0.02556916	0.0257702	0.02580424	0.02597464	0.02633665	0.02638089	0.02677305	0.02717959	0.0273785	0.02731849	0.007875102	0.007927687	0.001493098	0.0004462072	0.0004290971	0.0004100689	0.0003878877	0.0001687488	0.000159871	4.581723e-05	1.236957e-05
139	0.961091	0.8162214	0.8016516	0.7630079	0.5482085	0.5056857	0.4721979	0.4281636	0.03918482	0.02244101	0.01978206	0.01990239	0.01985273	0.01993703	0.02021571	0.02017025	0.02047217	0.02078677	0.02093076	0.02088978	0.006065647	0.006106502	0.00119194	0.0003651487	0.0003491505	0.0003324773	0.0003203422	0.0001495539	0.0001405343	4.239138e-05
140	0.2212492	0.2199252	0.2093886	0.2048605	0.1723261	0.1206868	0.09070179	0.07466256	0.03051659	0.03016477	0.01380951	0.01265631	0.01281753	0.01290563	0.01296225	0.01314353	0.01333539	0.01353578	0.01374917	0.0138822	0.01385356	0.003966034	0.003993063	0.0007135772	0.0002076814	0.0002015129	0.000191616	0.0001841458	7.486774e-05	7.197855e-05
141	0.1580303	0.1465808	0.145864	0.140163	0.1383062	0.1064036	0.06164532	0.05954182	0.05155889	0.008249218	0.007736497	0.007030591	0.006281098	0.006355306	0.006397718	0.006481438	0.006578646	0.006673656	0.006779268	0.006887491	0.006955257	0.006945429	0.00198363	0.001998931	0.0003546546	0.0001072438	0.0001046322	9.852716e-05	9.390359e-05	3.908184e-05
142	0.3245736	0.1024747	0.1001041	0.1000634	0.09422017	0.09189765	0.05902473	0.01318869	0.01053163	0.005978977	0.004358182	0.003789942	0.003025854	0.002551482	0.002570612	0.00255986	0.002585122	0.002623693	0.002658843	0.002700819	0.002743931	0.002770728	0.002767082	0.0008029866	0.0008088379	0.0001557906	5.371762e-05	5.195791e-05	4.858301e-05	4.640083e-05
143	0.2303767	0.225958	0.06260821	0.06034192	0.06033299	0.05876206	0.05616822	0.05466191	0.008513314	0.005948084	0.003645288	0.002234233	0.001748844	0.0009636178	0.0005375985	0.0005271145	0.0004894903	0.0004830167	0.0004892657	0.0004958546	0.0005027401	0.0005099515	0.0005143825	0.0005131011	0.0001624408	0.00016286	4.525408e-05	2.312944e-05	2.190617e-05	2.09955e-05
144	0.2330063	0.2216075	0.2208143	0.06005169	0.05776211	0.05775434	0.05620534	0.05458049	0.05310707	0.007463163	0.004974735	0.003153182	0.001798429	0.001306532	0.0005286508	0.0001154348	9.846039e-05	5.509111e-05	4.168541e-05	4.106509e-05	4.057759e-05	4.008081e-05	3.957372e-05	3.900203e-05	3.81128e-05	2.711357e-05	2.63571e-05	2.163211e-05	1.678148e-05	1.57736e-05
145	0.7366504	0.1464692	0.1411299	0.1404371	0.05980463	0.05801838	0.05801096	0.0565099	0.05493268	0.05350259	0.007268766	0.004805872	0.003004897	0.001679059	0.001252489	0.0005094196	0.0001116325	9.545598e-05	5.300557e-05	3.96914e-05	3.910274e-05	3.864352e-05	3.817831e-05	3.770035e-05	3.715756e-05	3.632295e-05	2.619201e-05	2.547374e-05	2.105028e-05	1.630568e-05
146	0.6636164	0.5143928	0.1433348	0.1388084	0.1383077	0.05693586	0.05655864	0.05655402	0.05526312	0.05389024	0.05258408	0.005776874	0.00351535	0.00176232	0.0004640584	0.0003028556	0.0001872643	6.762675e-05	6.589496e-05	3.7394e-05	2.461356e-05	2.474529e-05	2.489303e-05	2.496259e-05	2.501545e-05	2.501576e-05	2.481631e-05	1.589955e-05	1.567204e-05	1.171736e-05
147	0.6281427	0.5363217	0.3900731	0.05859642	0.05449433	0.05409442	0.05348111	0.05330916	0.05330561	0.05257097	0.05176711	0.05102794	0.004139954	0.002416312	0.001161876	0.0002476007	0.0001767117	0.0001169583	5.590003e-05	5.53563e-05	3.442187e-05	2.186788e-05	2.204857e-05	2.223948e-05	2.235266e-05	2.244948e-05	2.248943e-05	2.235907e-05	1.428814e-05	1.410765e-05
148	0.6709382	0.6205449	0.5277632	0.3801084	0.05893564	0.05483462	0.05443739	0.05383077	0.05368887	0.05368539	0.05300381	0.05225335	0.05156881	0.004049112	0.002353362	0.001131871	0.0002439078	0.0001747288	0.0001158255	5.484927e-05	5.431976e-05	3.370046e-05	2.09362e-05	2.110698e-05	2.128799e-05	2.138872e-05	2.147287e-05	2.150627e-05	2.138126e-05	1.410251e-05
149	0.7806235	0.6642683	0.6140072	0.5200113	0.3707086	0.05918602	0.05536511	0.05496707	0.05435742	0.05434647	0.05434301	0.05367801	0.05294359	0.05227615	0.004064723	0.002359323	0.001135416	0.0002447733	0.00017529	0.0001159702	5.433927e-05	5.380356e-05	3.30267e-05	2.003224e-05	2.019126e-05	2.03605e-05	2.044685e-05	2.051609e-05	2.054127e-05	2.042008e-05
150	0.5932801	0.3959026	0.3521266	0.3174673	0.3110064	0.2258047	0.01329144	0.01031159	0.009970073	0.00945859	0.009455214	0.009451791	0.008144841	0.006759501	0.005409984	0.004018259	0.002324056	0.001107217	0.000218907	0.0001503023	9.295669e-05	3.516174e-05	3.437549e-05	1.694525e-05	1.655207e-05	1.672349e-05	1.684513e-05	1.688245e-05	1.690387e-05	1.688951e-05
151	0.591903	0.5606524	0.3605162	0.3188394	0.2851135	0.2788829	0.2019059	0.01290011	0.009926989	0.009660448	0.009151656	0.009148333	0.00914488	0.007820125	0.006458173	0.005089512	0.003684269	0.002346852	0.001117633	0.0002190416	0.0001497375	9.205695e-05	3.420672e-05	3.340439e-05	1.575205e-05	1.536561e-05	1.553072e-05	1.563419e-05	1.566335e-05	1.566304e-05
152	0.515092	0.355735	0.3248893	0.27534	0.2649439	0.2490025	0.2464346	0.1723219	0.007684256	0.004966789	0.004755349	0.004419072	0.004417123	0.004415055	0.003775531	0.003117078	0.002456635	0.001792189	0.001143241	0.0005607574	0.0001405251	0.0001042352	6.812937e-05	2.293118e-05	2.241686e-05	1.379861e-05	1.360476e-05	1.377414e-05	1.388208e-05	1.391061e-05
153	0.3449034	0.3383745	0.2129621	0.2080574	0.2063027	0.205008	0.1971974	0.196474	0.1246503	0.002034966	0.001609515	0.001444811	0.001245617	0.0012447	0.001244097	0.001060976	0.0008716315	0.0006835444	0.0005139757	0.0003247841	0.0001750876	7.505429e-05	6.077237e-05	4.11428e-05	1.312057e-05	1.280753e-05	1.050896e-05	1.04942e-05	1.063413e-05	1.071612e-05
154	0.2634084	0.2277143	0.2222375	0.1252284	0.1209498	0.1208003	0.1204126	0.1150426	0.1144297	0.1105361	0.001606144	0.001266361	0.0012195	0.001027897	0.001027106	0.001026655	0.0008696767	0.00070788	0.0005466216	0.0004062354	0.0002751552	0.0001514652	7.025348e-05	5.720246e-05	3.8755e-05	1.185976e-05	1.154979e-05	9.627519e-06	9.639098e-06	9.783465e-06
155	0.2834045	0.1682526	0.1367002	0.1318465	0.07937628	0.07682135	0.07670243	0.07638392	0.07176494	0.07120681	0.06852033	0.001300223	0.001051462	0.001016205	0.0008404734	0.0008397691	0.0008393371	0.0007253722	0.000607863	0.0004912977	0.0003697325	0.000252696	0.0001403608	6.053126e-05	4.955565e-05	3.371e-05	8.067707e-06	7.776108e-06	5.940807e-06	5.899288e-06
156	0.8211904	0.2694605	0.1541434	0.1293248	0.1244707	0.07539967	0.07314701	0.07305697	0.07274166	0.06810732	0.06754535	0.06493684	0.001245854	0.001005157	0.0009705309	0.0008459238	0.0008452258	0.00084479	0.0007302028	0.0006119932	0.0004946776	0.0003721974	0.0002542056	0.0001412378	6.085438e-05	4.987263e-05	3.386913e-05	7.837219e-06	7.538705e-06	5.677757e-06
157	0.8917335	0.7922664	0.2472739	0.1403831	0.1192941	0.1146837	0.07019004	0.06804083	0.06795075	0.06763849	0.06369429	0.06315922	0.06072905	0.001225861	0.0009958964	0.0009632267	0.0008399058	0.0008392378	0.0008388185	0.0007243695	0.0006061623	0.0004881598	0.0003644809	0.0002464827	0.0001331008	5.174983e-05	4.272623e-05	3.153551e-05	7.297849e-06	7.107493e-06
158	0.6902957	0.6852258	0.6523642	0.2399939	0.13306	0.1123083	0.1076747	0.06673949	0.06477318	0.06468751	0.06437393	0.06047524	0.05993751	0.05758526	0.001189508	0.0009647549	0.0009327355	0.0008460104	0.0008453454	0.0008449234	0.0007296635	0.0006105525	0.0004915456	0.0003667223	0.0002476348	0.0001333951	5.12374e-05	4.261885e-05	3.158119e-05	7.064215e-06
159	0.9049195	0.6846778	0.6797716	0.6475581	0.2359975	0.1281504	0.1072097	0.1025193	0.06373243	0.06182949	0.06174341	0.061426	0.05749119	0.05694699	0.05466289	0.001195724	0.0009755584	0.0009440342	0.0008564117	0.0008557581	0.0008553303	0.0007387683	0.0006182471	0.000497766	0.0003713266	0.0002506231	0.0001351285	5.182067e-05	4.307293e-05	3.184481e-05
160	0.9681796	0.9001117	0.6771998	0.6740228	0.6424807	0.2318495	0.1230597	0.1019372	0.09719077	0.06062102	0.05878352	0.05869647	0.0583757	0.05440644	0.05385596	0.05164345	0.001199832	0.0009845388	0.0009535489	0.000865075	0.0008644307	0.0008639974	0.0007463838	0.0006247067	0.0005030053	0.0003752123	0.000253136	0.0001366258	5.238843e-05	4.352499e-05
161	0.99376	0.9660541	0.8974371	0.6711914	0.6681891	0.6373217	0.2275556	0.1178012	0.09649194	0.09168596	0.05740826	0.05563832	0.05554995	0.05522511	0.05122042	0.05066322	0.04852363	0.001205931	0.0009956939	0.0009652423	0.0008758331	0.0008751983	0.0008747592	0.000755789	0.0006326366	0.0005093866	0.0003798888	0.0002561065	0.0001382817	5.297443e-05
162	0.9359066	0.9342059	0.9069627	0.8392061	0.6361238	0.6334419	0.6092578	0.2105948	0.1027798	0.0862762	0.08177674	0.05105746	0.04940055	0.04931107	0.04898909	0.04587393	0.04535077	0.04343266	0.001178917	0.0009818909	0.0009538998	0.0008669762	0.0008663686	0.0008659513	0.0007473639	0.0006244303	0.0005005145	0.0003696939	0.0002461172	0.0001274724
163	0.9055445	0.9013915	0.900198	0.8877006	0.8212217	0.6183517	0.6158575	0.5934138	0.1985545	0.09495524	0.07909421	0.07460532	0.04679028	0.0452481	0.0451583	0.04483788	0.04184129	0.04131999	0.03951252	0.001136942	0.0009474455	0.0009204903	0.000861153	0.0008605521	0.0008601358	0.0007423738	0.0006202076	0.0004969261	0.0003666414	0.0002435932
164	0.9082071	0.8944652	0.890311	0.8895878	0.8820689	0.8167937	0.6109401	0.6085117	0.5869679	0.1934288	0.08899658	0.07305643	0.06850444	0.04323686	0.04177302	0.04168342	0.04136103	0.03834924	0.03782119	0.03609889	0.001135298	0.0009515072	0.000925225	0.0008661459	0.0008655558	0.0008651346	0.0007468618	0.000624083	0.0005001031	0.0003689856
165	0.920314	0.9035133	0.890185	0.8861879	0.8854729	0.8787969	0.8130101	0.6036858	0.6012356	0.5805798	0.1882	0.08288337	0.06683626	0.06221128	0.03957793	0.03819494	0.03810407	0.0377781	0.03474566	0.03420956	0.03257295	0.001137724	0.0009596483	0.0009340221	0.0008750565	0.0008744763	0.0008740492	0.0007547276	0.0006307751	0.0005055233
166	0.9564282	0.905132	0.8932131	0.8801919	0.8763027	0.8756057	0.8700776	0.8058907	0.593566	0.5911448	0.5717186	0.1821612	0.07607698	0.06012501	0.05546559	0.03558833	0.03429137	0.03420073	0.03388039	0.03086604	0.03032757	0.02880007	0.001109268	0.0009386185	0.000913991	0.0008562027	0.0008556404	0.000855213	0.0007387518	0.0006176726
167	0.938379	0.9273852	0.8943761	0.884808	0.872175	0.8682823	0.8675857	0.8623439	0.7993079	0.5838717	0.581469	0.5631903	0.1749774	0.06903696	0.05423641	0.04984038	0.03216043	0.03093298	0.03084223	0.03052676	0.02772655	0.02721503	0.02578419	0.001083769	0.0009190891	0.0008953883	0.0008411852	0.0008406663	0.0008402422	0.00072572
168	0.9324621	0.9270133	0.9159979	0.8890785	0.8802972	0.8679284	0.8639746	0.8632685	0.857995	0.7946667	0.575758	0.5733362	0.5559986	0.1674351	0.06195062	0.0487162	0.04470563	0.02899679	0.02783162	0.02773976	0.02742254	0.02491259	0.02443861	0.02308806	0.001081021	0.0009207549	0.0008977605	0.0008466914	0.0008461956	0.0008457727
169	0.8321558	0.7920175	0.7871818	0.7764822	0.7507071	0.7421576	0.7301338	0.7261241	0.7254088	0.7201565	0.6562175	0.4725697	0.4702351	0.453991	0.0659373	0.05354318	0.04213762	0.03866962	0.02526862	0.02418485	0.0240918	0.02377215	0.02160127	0.02117855	0.01992637	0.001074343	0.0009240876	0.0009019553	0.0008550566	0.0008545773
170	0.6698799	0.6589883	0.618101	0.6131877	0.6022758	0.5760022	0.5673705	0.5613562	0.5572665	0.5565371	0.5511797	0.4864163	0.4609569	0.4585923	0.4445027	0.05583857	0.04590449	0.03634596	0.03328755	0.02188076	0.0208609	0.02076631	0.02044286	0.01862355	0.01824423	0.01716107	0.001077118	0.0009310095	0.0009098927	0.0008662165
171	0.9983358	0.669308	0.6585868	0.6169573	0.6119486	0.6008157	0.5741155	0.5653305	0.5594913	0.555317	0.5545726	0.5491076	0.4833464	0.4575874	0.4551828	0.4416427	0.04945311	0.04115075	0.03279403	0.02999942	0.01983755	0.0188534	0.01875713	0.01842916	0.01683228	0.01648062	0.01544383	0.001086186	0.0009419787	0.0009211769
172	0.998604	0.9973618	0.6692583	0.658399	0.6158914	0.6107776	0.5994107	0.5721516	0.5631843	0.5576046	0.5533419	0.5525819	0.5470021	0.4801363	0.4540145	0.451566	0.4385955	0.04272603	0.036129	0.02903019	0.02650928	0.01764209	0.01669512	0.01659707	0.01626408	0.01489925	0.01457642	0.01358739	0.001026141	0.0009543172
173	0.4842191	0.4835452	0.4823023	0.3339555	0.3258705	0.2824394	0.2772155	0.2656027	0.2377516	0.2286235	0.2250646	0.2207093	0.2199328	0.214232	0.1460015	0.1215367	0.1190563	0.1069307	0.03721737	0.03125415	0.02420122	0.02206772	0.01500823	0.01410986	0.01401001	0.01367098	0.01231444	0.01203043	0.01112127	0.001029449
174	0.4185528	0.4051597	0.4044988	0.4034069	0.3236578	0.3155772	0.2711815	0.2658421	0.2539721	0.2255025	0.2161818	0.2128515	0.2083995	0.2076059	0.2017789	0.1322015	0.1089972	0.1064724	0.09497589	0.02992546	0.02574012	0.01878799	0.01684299	0.0116225	0.01140656	0.01130467	0.01095935	0.009621155	0.009355546	0.008516852
175	0.287577	0.2703335	0.2657311	0.2650561	0.2641233	0.2335186	0.2284528	0.2247241	0.2214302	0.2207692	0.2079141	0.2004647	0.1983803	0.1978458	0.197476	0.1917598	0.1208593	0.09824417	0.09577564	0.08490515	0.02451107	0.02097094	0.01411606	0.01227972	0.008859222	0.008705414	0.008604385	0.008255048	0.006935467	0.006681296
176	0.3974538	0.2550866	0.2457826	0.2423525	0.2419467	0.2411738	0.215694	0.2150724	0.2125997	0.2123415	0.2120228	0.199588	0.1958046	0.1940806	0.1939217	0.1937984	0.188068	0.1157086	0.09267616	0.09019398	0.07954271	0.02140228	0.01828751	0.01164723	0.0101911	0.007642212	0.007516431	0.00741423	0.007059455	0.005777962
177	0.7802885	0.3815038	0.2480944	0.2393003	0.2360049	0.2357342	0.2351342	0.2119542	0.2114577	0.2110252	0.2109058	0.2107008	0.1980178	0.1942586	0.1929216	0.192815	0.1927539	0.1869332	0.1133981	0.08993358	0.08740798	0.07683134	0.01975118	0.01687854	0.01037516	0.009134884	0.007032905	0.006921464	0.006817236	0.006457065
178	0.9582235	0.7788299	0.3782719	0.2455915	0.2369737	0.2336603	0.2333829	0.2327696	0.2109975	0.210499	0.210056	0.2099339	0.2097244	0.1967324	0.1928827	0.1915871	0.191478	0.1914155	0.1854534	0.1103337	0.08634811	0.08376542	0.07323057	0.01839876	0.01585522	0.009504106	0.00840279	0.006598687	0.006497694	0.006391054
179	0.9915664	0.9487485	0.7707469	0.3690797	0.2377323	0.2293013	0.2259818	0.2256975	0.2250727	0.2050099	0.2045066	0.2040525	0.2039278	0.2037135	0.1903969	0.1864634	0.1852065	0.1850953	0.1850318	0.1789315	0.1057791	0.08176549	0.07919715	0.06904995	0.01721625	0.0148558	0.008488689	0.007539828	0.00607142	0.00598331
180	0.4930768	0.4899406	0.4460594	0.3694318	0.2493895	0.2046311	0.1992579	0.1966255	0.1965814	0.196186	0.1773326	0.1769271	0.1768731	0.1768094	0.1766896	0.1766215	0.1726306	0.1714104	0.1713821	0.1713626	0.1711466	0.09649683	0.07246353	0.07039135	0.06048019	0.0161792	0.01407022	0.007778475	0.00690326	0.005603339
181	0.3080672	0.3021339	0.3018657	0.2576085	0.212849	0.1590395	0.1317161	0.1275241	0.1252986	0.1252929	0.1249449	0.1091001	0.1087091	0.1086945	0.1086498	0.1085381	0.1084855	0.1083083	0.1071657	0.1071461	0.1071349	0.10702	0.06770421	0.04827297	0.04738417	0.04133387	0.01450945	0.01273135	0.006548982	0.005661351
182	0.1880076	0.1845373	0.1834854	0.1833342	0.1381336	0.1099747	0.07308166	0.05445597	0.05162252	0.04978623	0.04978126	0.04950634	0.03852491	0.03839198	0.03838546	0.03836826	0.03832927	0.03831264	0.03828209	0.03764401	0.03764057	0.03763867	0.03763212	0.03594433	0.02182298	0.02170592	0.02003419	0.01153953	0.01014421	0.004319753
183	0.191565	0.1200364	0.1172625	0.1163571	0.1163442	0.1163312	0.09150595	0.0620824	0.0467502	0.04478248	0.0429698	0.04296886	0.04270656	0.03327252	0.03318297	0.03318224	0.03318006	0.0331739	0.03317085	0.03316277	0.03270936	0.0327083	0.03270781	0.03270447	0.03161947	0.01723083	0.01712474	0.01591765	0.008451232	0.007082905
184	0.6612318	0.1538959	0.09275565	0.09028751	0.08969692	0.08968829	0.08968062	0.07185921	0.04892024	0.03883816	0.03768893	0.03590473	0.03590386	0.03564554	0.02730675	0.02726235	0.02726206	0.02726124	0.02725907	0.02725796	0.02725284	0.02698612	0.0269857	0.02698548	0.02698363	0.02637033	0.01166602	0.01156737	0.01080349	0.00489572
185	0.5806642	0.5751956	0.1311302	0.07780154	0.0756708	0.07515784	0.0751512	0.07514535	0.06207494	0.04350217	0.03481372	0.03387727	0.03335036	0.03334961	0.03311401	0.02535142	0.02531587	0.02531565	0.02531507	0.02531357	0.02531279	0.02530829	0.02508422	0.02508391	0.02508374	0.02508223	0.0245831	0.009500509	0.009402183	0.008773183
186	0.6825293	0.5651158	0.5598069	0.1276489	0.07602521	0.07401707	0.07353616	0.07352942	0.07352343	0.06125465	0.04343972	0.0351213	0.03420471	0.03366708	0.03366632	0.03342454	0.02571124	0.02567543	0.0256752	0.02567461	0.02567308	0.02567228	0.02566773	0.02544539	0.02544508	0.02544491	0.02544341	0.0249486	0.009414369	0.009313487
187	0.5054457	0.416375	0.3715094	0.3674908	0.08522642	0.05212426	0.05064467	0.05032101	0.05031844	0.05031609	0.04412106	0.03281003	0.02752059	0.02706067	0.02657783	0.0265773	0.02638061	0.02015055	0.02013264	0.02013257	0.02013244	0.02013222	0.02013206	0.02012899	0.01999595	0.01999586	0.0199958	0.01999511	0.01977047	0.003813759
188	0.3528418	0.3487199	0.2923245	0.2790954	0.2752728	0.06570394	0.04212109	0.04088324	0.040613	0.0406111	0.0406095	0.03617882	0.0289534	0.02520301	0.02488629	0.02477679	0.02477666	0.02475034	0.01916153	0.01914682	0.01914677	0.01914671	0.01914661	0.01914651	0.01914397	0.01903452	0.01903447	0.01903444	0.01903417	0.01895745
189	0.2589119	0.250736	0.2502296	0.2454258	0.2361473	0.2359964	0.05560499	0.0352809	0.03414886	0.03391024	0.03390863	0.033907	0.03018517	0.02407213	0.0210096	0.02073611	0.02067718	0.02067705	0.02065029	0.01917745	0.01916309	0.01916304	0.01916298	0.0191629	0.0191628	0.01916035	0.01905668	0.01905664	0.01905661	0.01905646
190	0.4061133	0.2234362	0.2154713	0.2149807	0.2101859	0.2027413	0.2026053	0.05011253	0.03298054	0.03191988	0.03169789	0.0316965	0.03169481	0.02849692	0.02338575	0.02084527	0.02062023	0.02056522	0.02056508	0.02053741	0.01931318	0.01930772	0.01930767	0.01930761	0.01930752	0.01930743	0.01930492	0.01926396	0.01926392	0.01926389
191	0.7549431	0.2575177	0.1183358	0.113014	0.1127975	0.1092714	0.1050288	0.1049588	0.02202687	0.011181	0.0109191	0.01085835	0.0108574	0.01085565	0.008770844	0.004716237	0.00269099	0.002506259	0.002478772	0.002478631	0.002450052	0.001480463	0.001476917	0.001476865	0.001476804	0.001476722	0.001476624	0.001474069	0.001444215	0.001444175
192	0.8243404	0.7415013	0.231791	0.09098547	0.0857529	0.08567444	0.08524279	0.08096623	0.08091907	0.01684215	0.008522039	0.008324685	0.008278058	0.008277553	0.008276151	0.00667116	0.00354573	0.002005815	0.001858492	0.001834988	0.001834895	0.001805435	0.00106794	0.001064964	0.001064935	0.0010649	0.00106484	0.001064811	0.001064424	0.001041239
193	0.7084012	0.705197	0.6222159	0.096531	0.0657705	0.06108063	0.06101721	0.06064039	0.05648343	0.05644855	0.0116581	0.005870703	0.005733746	0.00570046	0.005699992	0.005698538	0.00458733	0.00242922	0.001395043	0.001288477	0.001268797	0.001268701	0.001238115	0.000742253	0.000739918	0.0007398882	0.0007398536	0.000739796	0.000739769	0.0007393814
194	0.6914399	0.687953	0.6859208	0.6024269	0.05925929	0.03318741	0.03243833	0.03239084	0.03207188	0.03185993	0.03183731	0.006516948	0.003245113	0.0031676	0.003147501	0.003147071	0.003145559	0.002517043	0.001318468	0.0007908468	0.0007240828	0.0007082027	0.0007081026	0.0006763068	0.0004225697	0.0004217116	0.000421681	0.0004216466	0.0004215909	0.000421565
195	0.8738309	0.7118282	0.7088222	0.7069493	0.6204722	0.05530791	0.02885069	0.02821325	0.02818601	0.02792011	0.02771555	0.02769979	0.005650073	0.002801628	0.002734056	0.002716059	0.002715914	0.002715755	0.002168051	0.001133862	0.0006774305	0.0006335	0.0006177896	0.0006177241	0.0005943173	0.000374552	0.0003737785	0.0003737648	0.0003737528	0.0003737315
196	0.8878814	0.7716068	0.6298035	0.6273009	0.6262399	0.6126262	0.05256205	0.02549057	0.02487156	0.02484626	0.02458279	0.02438116	0.02436692	0.004947814	0.00244329	0.002383983	0.002370695	0.002370557	0.002370394	0.001888879	0.000980074	0.0005778586	0.0005380089	0.0005340348	0.0005339667	0.0005096051	0.0003171999	0.0003164913	0.0003164774	0.0003164667
197	0.9268403	0.8383924	0.77249	0.6514399	0.6492897	0.6484054	0.6345541	0.04955762	0.02185583	0.02132225	0.02130917	0.02124024	0.02104217	0.02103191	0.004275199	0.002115354	0.002064122	0.002052627	0.002052549	0.002052439	0.001636664	0.00085663	0.0005100213	0.0004742627	0.0004707608	0.0004707187	0.0004452585	0.0002794088	0.0002787633	0.0002787595
198	0.8861966	0.8810922	0.8207544	0.7697259	0.6699883	0.6681785	0.6674438	0.6533296	0.04099698	0.01807796	0.01759835	0.01758733	0.0175269	0.0173505	0.01734196	0.003519905	0.001738719	0.001696475	0.001686998	0.001686928	0.001686816	0.001344093	0.0007046592	0.0004187327	0.0003938284	0.0003908902	0.0003908461	0.0003641751	0.0002274649	0.0002268977
199	0.9224024	0.8572585	0.8526627	0.8072073	0.7642795	0.6795493	0.677978	0.6773468	0.6628196	0.02022588	0.01538553	0.01493735	0.01492763	0.01487186	0.01470942	0.01470205	0.002988757	0.00148054	0.00144469	0.001436632	0.001436564	0.001436446	0.001145799	0.000607518	0.0003651289	0.0003442658	0.00034169	0.0003416438	0.0003136401	0.0001977264
200	0.9477227	0.916828	0.8665588	0.8624852	0.8164781	0.7811046	0.7102389	0.7088869	0.7083512	0.6933265	0.01723679	0.01258576	0.01238864	0.01238024	0.01232885	0.01228858	0.01228227	0.00250192	0.001243948	0.001213956	0.001207197	0.001207131	0.001207007	0.0009640782	0.0005187083	0.0003162255	0.0002989488	0.0002967012	0.0002966525	0.0002671754
201	0.9478673	0.9403933	0.9183381	0.8793743	0.8756798	0.8286492	0.8011236	0.7447511	0.7436391	0.7432129	0.7276245	0.01431792	0.009815317	0.009638487	0.009632998	0.009589839	0.009555976	0.009551557	0.001936684	0.0009586149	0.0009352245	0.00092994	0.0009299172	0.0009299091	0.0007405981	0.0003945786	0.0002346954	0.0002213819	0.0002194995	0.0002194912
202	0.1702467	0.1331973	0.1278177	0.1110859	0.08189642	0.07969993	0.07832713	0.0577136	0.01448715	0.0137607	0.01344795	0.01280869	0.01182414	0.007393409	0.007231672	0.007227567	0.007189252	0.00716072	0.007157412	0.001442466	0.00070949	0.0006919526	0.000688013	0.0006879964	0.000687989	0.0005461642	0.0002864855	0.0001734657	0.0001630991	0.0001619533
203	0.1138884	0.1097797	0.08697786	0.08321739	0.07220585	0.05330639	0.05141051	0.05050778	0.03706954	0.007322645	0.006825785	0.006611873	0.006170981	0.00542167	0.00483633	0.004700897	0.004698038	0.004663628	0.004642376	0.004640175	0.0009398453	0.000467546	0.0004561238	0.0004535437	0.0004535316	0.000453524	0.0003615234	0.0001944744	0.0001216838	0.0001146569
204	0.06007747	0.05562721	0.05318523	0.04449665	0.04133503	0.03632488	0.02815568	0.02656436	0.0259842	0.02009323	0.003512352	0.003253793	0.003142479	0.002895507	0.002383109	0.002124717	0.002034437	0.002032841	0.002002131	0.001993088	0.001992027	0.0004142673	0.0002167447	0.0002117391	0.0002105807	0.0002105727	0.0002105647	0.0001709035	0.0001010603	7.044059e-05
205	0.1347256	0.02922099	0.02752335	0.02577942	0.02282841	0.01986405	0.01792129	0.01536059	0.01388898	0.01346174	0.01153611	0.001553123	0.00141772	0.001370955	0.001222265	0.000821962	0.0007226359	0.000638742	0.0006380372	0.0006090156	0.0006029897	0.0006025653	0.000133508	7.97689e-05	7.811046e-05	7.769369e-05	7.768981e-05	7.768857e-05	6.533598e-05	4.63283e-05
206	0.9908263	0.1329955	0.02385984	0.02249194	0.02126121	0.01887746	0.01624049	0.0151424	0.01320897	0.01312756	0.01269817	0.01119784	0.001092295	0.0009632556	0.0009214131	0.0007822035	0.0006783319	0.0005922573	0.00050318	0.0005025063	0.0004716316	0.0004654619	0.0004650645	0.0001092721	7.067778e-05	6.934406e-05	6.899705e-05	6.899318e-05	6.899187e-05	5.93678e-05
207	0.8184491	0.8152721	0.09750033	0.02145927	0.02035422	0.01929921	0.01751769	0.01471662	0.01396143	0.01265329	0.01259402	0.01218097	0.01111021	0.0008291478	0.0007064073	0.000668581	0.0005277989	0.0004287818	0.0003592015	0.0003496929	0.0003490355	0.0003158882	0.0003099263	0.0003095542	8.363605e-05	6.24132e-05	6.144759e-05	6.117674e-05	6.11728e-05	6.117139e-05
208	0.1766581	0.1481682	0.1452731	0.02518815	0.01887094	0.01814606	0.01711454	0.01622355	0.01321764	0.01279217	0.01203745	0.01200275	0.01157551	0.01097143	0.0005762319	0.0004922074	0.0004619174	0.0003208356	0.0002543537	0.0001962716	0.0001891141	0.0001887282	0.0001865354	0.0001806264	0.0001803569	5.787439e-05	4.421195e-05	4.360487e-05	4.341253e-05	4.341004e-05
209	0.2061036	0.09963633	0.07874704	0.07657077	0.02175508	0.01777221	0.01716268	0.01688235	0.01621263	0.01292695	0.01262538	0.012099	0.01207465	0.01199314	0.01154337	0.0004923871	0.0004236087	0.0003954421	0.0002461091	0.0001927078	0.000136713	0.0001309222	0.0001306148	0.0001289241	0.0001258333	0.0001256003	4.813393e-05	3.737393e-05	3.691358e-05	3.675e-05
210	0.1316486	0.1221192	0.06097697	0.0482635	0.04730366	0.01514423	0.0125292	0.01216471	0.0120729	0.01163587	0.008011087	0.007840151	0.00755306	0.007539207	0.00752285	0.007235143	0.0003239743	0.0002665322	0.0002402891	0.0001499852	0.0001149205	7.549697e-05	7.152776e-05	7.132749e-05	7.0225e-05	6.797823e-05	6.783318e-05	3.010434e-05	2.483065e-05	2.455726e-05
211	0.06507433	0.04212113	0.03962116	0.01922072	0.01429692	0.01408829	0.003639122	0.002744334	0.002617282	0.002584635	0.002473499	0.002452256	0.002390933	0.002284667	0.002279526	0.002273573	0.002196787	9.891801e-05	9.080311e-05	8.758148e-05	5.484521e-05	4.196597e-05	2.800672e-05	2.657874e-05	2.650561e-05	2.610205e-05	2.531118e-05	2.525875e-05	1.093386e-05	8.970272e-06
212	0.01364875	0.008018937	0.005589418	0.005193829	0.002954348	0.001245805	0.001232624	0.0001483797	7.031084e-05	5.987992e-05	5.772997e-05	4.598256e-05	4.515448e-05	3.881723e-05	2.724963e-05	2.668037e-05	2.624861e-05	1.810435e-05	5.289506e-06	4.946632e-06	4.726824e-06	4.39471e-06	3.286006e-06	2.907713e-06	2.832414e-06	2.826825e-06	2.794389e-06	2.780859e-06	2.777705e-06	7.710924e-07
213	0.4340539	0.01147537	0.007106513	0.005027466	0.004798733	0.002882249	0.0010579	0.001046755	0.0001157135	5.650364e-05	4.729916e-05	4.550206e-05	3.538705e-05	3.468838e-05	2.926999e-05	1.930039e-05	1.879445e-05	1.842964e-05	1.141195e-05	4.3646e-06	4.100298e-06	3.917274e-06	3.797999e-06	2.815747e-06	2.505548e-06	2.438701e-06	2.433754e-06	2.404889e-06	2.394189e-06	2.391474e-06
214	0.9204567	0.4247647	0.01144668	0.007194162	0.005188756	0.004964927	0.00312664	0.001017095	0.001006188	0.0001120035	5.486169e-05	4.519312e-05	4.344153e-05	3.366492e-05	3.298381e-05	2.774864e-05	1.810907e-05	1.760686e-05	1.725006e-05	1.046647e-05	4.292056e-06	4.034119e-06	3.853081e-06	3.745241e-06	2.725223e-06	2.423557e-06	2.355629e-06	2.35097e-06	2.322022e-06	2.311399e-06
215	0.9674016	0.896551	0.4180975	0.009312681	0.005149357	0.003236122	0.003038214	0.001283745	0.0009685926	0.00095788	0.0001033662	4.889036e-05	4.284926e-05	4.113875e-05	3.178346e-05	3.116288e-05	2.615994e-05	1.693635e-05	1.648495e-05	1.614064e-05	9.648666e-06	3.916053e-06	3.664623e-06	3.485818e-06	3.390526e-06	2.613548e-06	2.322705e-06	2.252407e-06	2.247714e-06	2.218387e-06
216	0.9757129	0.9606386	0.8903233	0.415114	0.009117694	0.005095273	0.003201803	0.003005938	0.001269625	0.0009575537	0.0009478367	0.0001021592	4.829549e-05	4.229847e-05	4.062286e-05	3.136273e-05	3.074879e-05	2.579999e-05	1.667052e-05	1.622272e-05	1.588535e-05	9.459079e-06	3.86816e-06	3.618708e-06	3.440907e-06	3.347691e-06	2.573958e-06	2.287443e-06	2.228272e-06	2.223592e-06
217	0.9816305	0.9671597	0.952349	0.8832591	0.4124084	0.009015124	0.005029906	0.003160832	0.002967482	0.001253433	0.0009449698	0.0009353576	0.0001007639	4.758506e-05	4.162563e-05	3.996591e-05	3.082151e-05	3.021531e-05	2.5329e-05	1.631136e-05	1.586694e-05	1.553249e-05	9.186109e-06	3.830025e-06	3.582541e-06	3.405362e-06	3.315509e-06	2.542351e-06	2.25892e-06	2.199821e-06
218	0.9966944	0.979527	0.9651686	0.9503741	0.8814108	0.4116993	0.00900334	0.005027894	0.003159559	0.002966285	0.001252914	0.0009445637	0.0009349875	0.0001007242	4.756653e-05	4.16084e-05	3.995136e-05	3.08105e-05	3.020453e-05	2.532015e-05	1.630596e-05	1.586166e-05	1.552833e-05	9.184392e-06	3.82884e-06	3.581413e-06	3.404264e-06	3.31442e-06	2.541269e-06	2.257907e-06
