#unpaired probabilities
 #i$	l=1	2	3	4	5	6	7	8	9	10	11	12	13	14	15	16	17	18	19	20	21	22	23	24	25	26	27	28	29	30	
1	0.9782291	NA	NA	NA	NA	NA	NA	NA	NA	NA	NA	NA	NA	NA	NA	NA	NA	NA	NA	NA	NA	NA	NA	NA	NA	NA	NA	NA	NA	NA
2	0.8250286	0.8164601	NA	NA	NA	NA	NA	NA	NA	NA	NA	NA	NA	NA	NA	NA	NA	NA	NA	NA	NA	NA	NA	NA	NA	NA	NA	NA	NA	NA
3	0.7852467	0.763594	0.7560679	NA	NA	NA	NA	NA	NA	NA	NA	NA	NA	NA	NA	NA	NA	NA	NA	NA	NA	NA	NA	NA	NA	NA	NA	NA	NA	NA
4	0.998107	0.7838699	0.7629396	0.7554541	NA	NA	NA	NA	NA	NA	NA	NA	NA	NA	NA	NA	NA	NA	NA	NA	NA	NA	NA	NA	NA	NA	NA	NA	NA	NA
5	0.8299244	0.8280314	0.7556168	0.7348985	0.7309567	NA	NA	NA	NA	NA	NA	NA	NA	NA	NA	NA	NA	NA	NA	NA	NA	NA	NA	NA	NA	NA	NA	NA	NA	NA
6	0.9348435	0.7910485	0.7893014	0.7222738	0.7092891	0.7068692	NA	NA	NA	NA	NA	NA	NA	NA	NA	NA	NA	NA	NA	NA	NA	NA	NA	NA	NA	NA	NA	NA	NA	NA
7	0.02220892	0.02141115	0.01864976	0.01861475	0.01619893	0.01586171	0.01577671	NA	NA	NA	NA	NA	NA	NA	NA	NA	NA	NA	NA	NA	NA	NA	NA	NA	NA	NA	NA	NA	NA	NA
8	0.009995753	0.008604078	0.008560502	0.00814613	0.008142882	0.007459698	0.007428655	0.00742307	NA	NA	NA	NA	NA	NA	NA	NA	NA	NA	NA	NA	NA	NA	NA	NA	NA	NA	NA	NA	NA	NA
9	0.007314103	0.006993313	0.00689822	0.006898033	0.006717129	0.006717117	0.00639404	0.006392489	0.006390716	NA	NA	NA	NA	NA	NA	NA	NA	NA	NA	NA	NA	NA	NA	NA	NA	NA	NA	NA	NA	NA
10	0.007610189	0.006953862	0.006743642	0.006659254	0.006659231	0.006531128	0.006531125	0.006356061	0.006354802	0.006353063	NA	NA	NA	NA	NA	NA	NA	NA	NA	NA	NA	NA	NA	NA	NA	NA	NA	NA	NA	NA
11	0.05860907	0.007569849	0.006952336	0.006743392	0.006659024	0.006659001	0.006530904	0.0065309	0.006355844	0.006354592	0.006352852	NA	NA	NA	NA	NA	NA	NA	NA	NA	NA	NA	NA	NA	NA	NA	NA	NA	NA	NA
12	0.9997107	0.05831987	0.007569156	0.006952097	0.006743316	0.006658953	0.006658931	0.006530839	0.006530835	0.006355782	0.006354531	0.006352791	NA	NA	NA	NA	NA	NA	NA	NA	NA	NA	NA	NA	NA	NA	NA	NA	NA	NA
13	0.9999225	0.9996332	0.0582479	0.00754035	0.006937294	0.0067383	0.006654317	0.006654301	0.006526703	0.0065267	0.006351905	0.006350666	0.006348934	NA	NA	NA	NA	NA	NA	NA	NA	NA	NA	NA	NA	NA	NA	NA	NA	NA
14	0.002200209	0.002199548	0.002197362	0.0009040773	0.0007378154	0.0004127993	0.0003011487	0.0002294406	0.0002294399	0.000220094	0.0002200938	6.087211e-05	6.055794e-05	6.019351e-05	NA	NA	NA	NA	NA	NA	NA	NA	NA	NA	NA	NA	NA	NA	NA	NA
15	0.0009206712	0.0008344055	0.0008343247	0.0008339117	0.0007682233	0.0006879884	0.0003642762	0.000252948	0.000181324	0.0001813234	0.0001722856	0.0001722854	4.530312e-05	4.499915e-05	4.464783e-05	NA	NA	NA	NA	NA	NA	NA	NA	NA	NA	NA	NA	NA	NA	NA
16	0.001276996	0.0003220669	0.0002552266	0.0002551458	0.0002547356	0.0001916023	0.0001855201	0.0001831191	0.0001805874	0.0001804737	0.0001804731	0.0001714371	0.0001714369	4.45101e-05	4.427111e-05	4.426031e-05	NA	NA	NA	NA	NA	NA	NA	NA	NA	NA	NA	NA	NA	NA
17	0.9993438	0.0007200432	0.0001973673	0.0001858496	0.0001858196	0.0001856173	0.000158526	0.0001552234	0.0001533219	0.0001512417	0.0001512062	0.0001512062	0.0001426062	0.0001426062	1.575019e-05	1.552079e-05	1.551431e-05	NA	NA	NA	NA	NA	NA	NA	NA	NA	NA	NA	NA	NA
18	0.9992139	0.9992049	0.0006336833	0.0001459772	0.0001437893	0.0001437886	0.0001437827	0.0001420176	0.0001409106	0.0001392203	0.0001373127	0.0001373032	0.0001373032	0.0001292686	0.0001292686	2.430325e-06	2.203272e-06	2.199828e-06	NA	NA	NA	NA	NA	NA	NA	NA	NA	NA	NA	NA
19	0.9995328	0.9990885	0.9990832	0.0006266755	0.0001397909	0.000137734	0.0001377339	0.0001377305	0.000136377	0.0001353332	0.0001336517	0.0001317516	0.0001317433	0.0001317433	0.0001286824	0.0001286824	1.849014e-06	1.622122e-06	1.61882e-06	NA	NA	NA	NA	NA	NA	NA	NA	NA	NA	NA
20	0.9997312	0.9994246	0.9989805	0.9989754	0.0006235641	0.0001366886	0.0001346341	0.0001346339	0.0001346306	0.0001332979	0.0001322562	0.000130575	0.0001286752	0.0001286669	0.0001286669	0.0001286553	0.0001286553	1.82685e-06	1.599962e-06	1.596666e-06	NA	NA	NA	NA	NA	NA	NA	NA	NA	NA
21	0.9998683	0.9997312	0.9994246	0.9989805	0.9989754	0.000623564	0.0001366885	0.000134634	0.0001346338	0.0001346305	0.0001332979	0.0001322562	0.000130575	0.0001286752	0.0001286669	0.0001286669	0.0001286553	0.0001286553	1.826846e-06	1.599958e-06	1.596661e-06	NA	NA	NA	NA	NA	NA	NA	NA	NA
22	0.9999962	0.9998645	0.9997312	0.9994246	0.9989805	0.9989754	0.000623563	0.0001366878	0.0001346332	0.0001346331	0.0001346297	0.0001332971	0.0001322561	0.0001305749	0.0001286751	0.0001286668	0.0001286668	0.0001286553	0.0001286553	1.826774e-06	1.599887e-06	1.59659e-06	NA	NA	NA	NA	NA	NA	NA	NA
23	0.001287994	0.001287828	0.001159783	0.001132993	0.0009433316	0.000506898	0.000502585	0.0004961953	9.392893e-06	7.651943e-06	7.651785e-06	7.648451e-06	6.316857e-06	5.394458e-06	3.727799e-06	1.828116e-06	1.819793e-06	1.819793e-06	1.815868e-06	1.815867e-06	1.815774e-06	1.588886e-06	1.585589e-06	NA	NA	NA	NA	NA	NA	NA
24	0.0001813069	0.0001598397	0.0001596734	3.162798e-05	1.356304e-05	1.242621e-05	1.102636e-05	1.031353e-05	4.945768e-06	4.821401e-06	3.447863e-06	3.447705e-06	3.444371e-06	2.112777e-06	1.651506e-06	1.616584e-06	1.595986e-06	1.591189e-06	1.591188e-06	1.587265e-06	1.587263e-06	1.587171e-06	1.586772e-06	1.584954e-06	NA	NA	NA	NA	NA	NA
25	0.001308582	0.0001676989	0.0001574914	0.0001573251	2.927967e-05	1.154721e-05	1.065975e-05	9.652025e-06	9.344555e-06	3.98497e-06	3.940412e-06	3.435037e-06	3.434879e-06	3.431545e-06	2.099951e-06	1.642562e-06	1.610185e-06	1.591688e-06	1.588948e-06	1.588947e-06	1.585025e-06	1.585023e-06	1.584931e-06	1.584877e-06	1.584798e-06	NA	NA	NA	NA	NA
26	1	0.001308582	0.0001676989	0.0001574913	0.0001573251	2.927966e-05	1.154721e-05	1.065975e-05	9.652024e-06	9.344554e-06	3.98497e-06	3.940412e-06	3.435037e-06	3.434879e-06	3.431545e-06	2.099951e-06	1.642561e-06	1.610185e-06	1.591687e-06	1.588948e-06	1.588947e-06	1.585024e-06	1.585023e-06	1.58493e-06	1.584876e-06	1.584798e-06	NA	NA	NA	NA
27	0.9560658	0.9560658	0.001220457	0.0001439346	0.0001412437	0.0001410775	1.303202e-05	1.697192e-06	1.59802e-06	1.590049e-06	1.589063e-06	1.496501e-06	1.491921e-06	1.491013e-06	1.490855e-06	1.487521e-06	1.559269e-07	3.431702e-08	2.897825e-08	2.741936e-08	2.736318e-08	2.736266e-08	2.728794e-08	2.728645e-08	2.719408e-08	2.717185e-08	2.716886e-08	NA	NA	NA
28	0.01424644	0.01408806	0.01408806	5.242463e-05	1.157244e-05	1.144204e-05	1.144193e-05	1.143644e-05	1.983379e-07	1.667305e-07	1.600565e-07	1.596892e-07	1.336719e-07	1.293514e-07	1.290348e-07	1.290344e-07	1.290328e-07	1.287392e-07	1.096092e-08	9.080844e-09	7.736726e-09	7.710585e-09	7.710287e-09	7.685663e-09	7.685627e-09	7.675836e-09	7.655449e-09	7.652564e-09	NA	NA
29	0.0001655932	0.0001105292	0.0001088678	0.0001088663	3.816148e-07	6.251403e-08	5.325802e-08	5.314826e-08	4.765886e-08	3.922872e-08	2.802254e-08	2.721351e-08	2.699682e-08	7.904227e-09	7.837836e-09	7.614886e-09	7.614469e-09	7.61286e-09	7.319295e-09	6.33439e-09	5.773068e-09	5.673797e-09	5.653318e-09	5.65302e-09	5.633447e-09	5.633411e-09	5.62484e-09	5.622481e-09	5.620831e-09	NA
30	0.0001069447	2.337298e-05	1.054708e-05	9.959191e-06	9.957731e-06	3.998103e-08	1.33579e-08	1.255845e-08	1.244869e-08	6.959286e-09	6.079128e-09	5.71958e-09	5.183676e-09	5.085569e-09	1.546845e-09	1.533108e-09	1.504991e-09	1.504575e-09	1.502965e-09	1.2094e-09	1.135873e-09	1.095228e-09	1.050242e-09	1.041819e-09	1.041521e-09	1.033315e-09	1.033279e-09	1.024739e-09	1.022886e-09	1.021683e-09
31	0.01608174	4.822149e-05	7.118375e-06	5.418193e-06	5.180844e-06	5.180422e-06	1.948417e-08	6.890236e-09	6.140331e-09	6.133682e-09	5.66638e-09	5.146292e-09	4.829272e-09	4.348051e-09	4.252658e-09	1.098296e-09	1.089701e-09	1.064758e-09	1.064664e-09	1.064626e-09	1.056284e-09	1.011518e-09	9.766709e-10	9.354884e-10	9.272613e-10	9.269876e-10	9.190699e-10	9.190531e-10	9.108494e-10	9.099839e-10
32	0.05661715	0.01264665	4.223585e-05	6.359744e-06	4.983897e-06	4.766586e-06	4.766164e-06	1.682951e-08	5.56492e-09	5.51339e-09	5.506742e-09	5.039439e-09	4.893253e-09	4.687821e-09	4.217565e-09	4.138277e-09	1.039949e-09	1.031913e-09	1.009595e-09	1.0095e-09	1.009463e-09	1.00112e-09	9.815642e-10	9.56756e-10	9.174154e-10	9.101808e-10	9.099071e-10	9.020305e-10	9.020137e-10	8.938157e-10
33	1	0.05661715	0.01264664	4.223465e-05	6.358545e-06	4.983897e-06	4.766586e-06	4.766164e-06	1.682951e-08	5.56492e-09	5.51339e-09	5.506742e-09	5.039439e-09	4.893253e-09	4.687821e-09	4.217565e-09	4.138277e-09	1.039949e-09	1.031913e-09	1.009595e-09	1.0095e-09	1.009463e-09	1.00112e-09	9.815642e-10	9.56756e-10	9.174154e-10	9.101808e-10	9.099071e-10	9.020305e-10	9.020137e-10
34	0.9514391	0.9514391	0.04984319	0.01163856	3.778023e-05	5.105178e-06	4.441372e-06	4.273475e-06	4.273475e-06	1.390277e-08	4.487859e-09	4.441976e-09	4.441976e-09	4.441976e-09	4.312975e-09	4.221162e-09	4.16211e-09	4.083187e-09	9.862905e-10	9.796478e-10	9.574168e-10	9.574168e-10	9.574168e-10	9.574168e-10	9.388558e-10	9.276503e-10	9.157862e-10	9.089428e-10	9.089428e-10	9.010669e-10
35	0.9739799	0.9393683	0.9393683	0.04432119	0.01132777	3.615558e-05	5.025283e-06	4.410051e-06	4.245846e-06	4.245846e-06	1.36403e-08	4.326007e-09	4.283155e-09	4.283155e-09	4.283155e-09	4.202354e-09	4.130197e-09	4.089944e-09	4.069628e-09	9.743568e-10	9.679773e-10	9.467469e-10	9.467469e-10	9.467469e-10	9.467469e-10	9.292016e-10	9.191351e-10	9.095296e-10	9.080283e-10	9.080283e-10
36	0.8127887	0.7869588	0.775459	0.775459	0.03340768	0.003851426	3.522546e-05	4.83018e-06	4.282072e-06	4.202046e-06	4.202046e-06	1.347725e-08	4.319605e-09	4.277261e-09	4.277261e-09	4.277261e-09	4.196485e-09	4.124347e-09	4.084105e-09	4.063794e-09	9.703534e-10	9.639756e-10	9.42751e-10	9.42751e-10	9.42751e-10	9.42751e-10	9.252104e-10	9.151465e-10	9.055433e-10	9.040425e-10
37	0.9461474	0.7727584	0.7475257	0.7398073	0.7398073	0.0311119	0.003733829	2.357346e-05	4.746947e-06	4.233606e-06	4.16037e-06	4.16037e-06	1.330187e-08	4.313018e-09	4.271218e-09	4.271218e-09	4.271218e-09	4.190448e-09	4.118312e-09	4.078071e-09	4.05776e-09	9.680696e-10	9.616918e-10	9.404675e-10	9.404675e-10	9.404675e-10	9.404675e-10	9.229271e-10	9.128633e-10	9.032601e-10
38	0.9919815	0.9460571	0.7726685	0.7474358	0.7398049	0.7398049	0.03110947	0.003733797	2.354117e-05	4.714653e-06	4.233606e-06	4.16037e-06	4.16037e-06	1.330187e-08	4.313018e-09	4.271218e-09	4.271218e-09	4.271218e-09	4.190448e-09	4.118312e-09	4.078071e-09	4.05776e-09	9.680696e-10	9.616918e-10	9.404675e-10	9.404675e-10	9.404675e-10	9.404675e-10	9.229271e-10	9.128633e-10
39	0.8356867	0.8350634	0.8003577	0.7507987	0.7268559	0.7214164	0.7214164	0.03046612	0.003690199	2.332151e-05	4.668389e-06	4.207516e-06	4.138859e-06	4.138859e-06	1.302537e-08	4.229386e-09	4.1879e-09	4.1879e-09	4.1879e-09	4.107181e-09	4.035077e-09	3.994859e-09	3.974554e-09	9.602247e-10	9.538487e-10	9.326338e-10	9.326338e-10	9.326338e-10	9.326338e-10	9.150983e-10
40	0.8436381	0.8320733	0.8314503	0.7974843	0.7501029	0.7261763	0.7207925	0.7207925	0.03044314	0.003688446	2.331103e-05	4.666792e-06	4.206282e-06	4.13766e-06	4.13766e-06	1.301483e-08	4.223915e-09	4.182849e-09	4.182849e-09	4.182849e-09	4.102427e-09	4.031567e-09	3.992398e-09	3.973741e-09	9.594368e-10	9.530966e-10	9.321202e-10	9.321202e-10	9.321202e-10	9.321202e-10
