#unpaired probabilities
 #i$	l=1	2	3	4	5	6	7	8	9	10	11	12	13	14	15	16	17	18	19	20	21	22	23	24	25	26	27	28	29	30	
1	0.6291623	NA	NA	NA	NA	NA	NA	NA	NA	NA	NA	NA	NA	NA	NA	NA	NA	NA	NA	NA	NA	NA	NA	NA	NA	NA	NA	NA	NA	NA
2	0.9999808	0.629162	NA	NA	NA	NA	NA	NA	NA	NA	NA	NA	NA	NA	NA	NA	NA	NA	NA	NA	NA	NA	NA	NA	NA	NA	NA	NA	NA	NA
3	0.5698021	0.5596271	0.3576423	NA	NA	NA	NA	NA	NA	NA	NA	NA	NA	NA	NA	NA	NA	NA	NA	NA	NA	NA	NA	NA	NA	NA	NA	NA	NA	NA
4	0.06836998	0.05615427	0.0550567	0.05090992	NA	NA	NA	NA	NA	NA	NA	NA	NA	NA	NA	NA	NA	NA	NA	NA	NA	NA	NA	NA	NA	NA	NA	NA	NA	NA
5	0.008671111	0.001514586	0.001222455	0.00117682	0.001053321	NA	NA	NA	NA	NA	NA	NA	NA	NA	NA	NA	NA	NA	NA	NA	NA	NA	NA	NA	NA	NA	NA	NA	NA	NA
6	0.1173789	0.004073179	0.0007773308	0.0006037007	0.0005668846	0.000481221	NA	NA	NA	NA	NA	NA	NA	NA	NA	NA	NA	NA	NA	NA	NA	NA	NA	NA	NA	NA	NA	NA	NA	NA
7	0.3385732	0.09612484	0.003287627	0.0006441193	0.0005061898	0.0004771628	0.0004087314	NA	NA	NA	NA	NA	NA	NA	NA	NA	NA	NA	NA	NA	NA	NA	NA	NA	NA	NA	NA	NA	NA	NA
8	0.4407312	0.2961757	0.09124798	0.00307085	0.0006129396	0.0004844143	0.0004572653	0.0003930727	NA	NA	NA	NA	NA	NA	NA	NA	NA	NA	NA	NA	NA	NA	NA	NA	NA	NA	NA	NA	NA	NA
9	0.8611991	0.3492028	0.2536176	0.06080065	0.001842966	0.0004227067	0.0003438742	0.000330425	0.000296205	NA	NA	NA	NA	NA	NA	NA	NA	NA	NA	NA	NA	NA	NA	NA	NA	NA	NA	NA	NA	NA
10	0.8976874	0.8601573	0.3488773	0.2534965	0.06071442	0.001839521	0.0004221905	0.0003434956	0.0003300863	0.0002959537	NA	NA	NA	NA	NA	NA	NA	NA	NA	NA	NA	NA	NA	NA	NA	NA	NA	NA	NA	NA
11	0.8338201	0.824019	0.7886026	0.3293494	0.2385263	0.05540275	0.001594783	0.0003645012	0.0002968567	0.0002852231	0.0002555217	NA	NA	NA	NA	NA	NA	NA	NA	NA	NA	NA	NA	NA	NA	NA	NA	NA	NA	NA
12	0.02184889	0.01020179	0.00894293	0.007074431	0.003911149	0.002534419	0.001016975	4.704525e-05	1.149913e-05	9.204799e-06	8.62535e-06	6.939803e-06	NA	NA	NA	NA	NA	NA	NA	NA	NA	NA	NA	NA	NA	NA	NA	NA	NA	NA
13	0.04702311	0.003792492	0.002005867	0.001578564	0.001142162	0.0007221934	0.0004074895	0.00029137	1.422425e-05	3.233829e-06	2.277037e-06	1.837705e-06	6.394221e-07	NA	NA	NA	NA	NA	NA	NA	NA	NA	NA	NA	NA	NA	NA	NA	NA	NA
14	0.1490627	0.01997812	0.002414878	0.001723533	0.001352316	0.001022611	0.0006534846	0.0003741495	0.0002771934	1.35795e-05	3.082985e-06	2.15222e-06	1.716196e-06	5.289636e-07	NA	NA	NA	NA	NA	NA	NA	NA	NA	NA	NA	NA	NA	NA	NA	NA
15	0.3721265	0.1081818	0.01579976	0.002049712	0.001481392	0.001141036	0.0008326977	0.0004721713	0.000200549	0.0001075284	4.704424e-06	1.146286e-06	7.519697e-07	6.509955e-07	4.397379e-07	NA	NA	NA	NA	NA	NA	NA	NA	NA	NA	NA	NA	NA	NA	NA
16	0.9635219	0.3675081	0.1055637	0.01520413	0.001995338	0.00143722	0.001100311	0.0007938793	0.0004331129	0.0001695916	7.765682e-05	3.170682e-06	8.23687e-07	5.316955e-07	5.003782e-07	4.277786e-07	NA	NA	NA	NA	NA	NA	NA	NA	NA	NA	NA	NA	NA	NA
17	0.5931723	0.5766629	0.1527757	0.05294627	0.0128313	0.001603366	0.001220343	0.000916899	0.0006507568	0.0003175652	8.671981e-05	4.095104e-05	1.965179e-06	4.423873e-07	3.605301e-07	3.439071e-07	3.034423e-07	NA	NA	NA	NA	NA	NA	NA	NA	NA	NA	NA	NA	NA
18	0.6046989	0.5758796	0.5593414	0.148893	0.05147733	0.01214101	0.001470922	0.001086238	0.0008866929	0.0006390686	0.0003096423	8.299802e-05	3.955592e-05	1.89833e-06	4.245885e-07	3.451658e-07	3.299768e-07	2.904394e-07	NA	NA	NA	NA	NA	NA	NA	NA	NA	NA	NA	NA
19	0.2486576	0.1932303	0.1648738	0.141555	0.1163069	0.0328382	0.0076586	0.0008478667	0.0007316545	0.0006085788	0.0004589423	0.0002032651	6.470805e-05	3.710665e-05	1.807606e-06	4.02733e-07	3.276301e-07	3.132116e-07	2.76026e-07	NA	NA	NA	NA	NA	NA	NA	NA	NA	NA	NA
20	0.5216981	0.193691	0.1406429	0.1108827	0.08584748	0.0582053	0.03161726	0.007394129	0.0008210416	0.0007091352	0.0005904893	0.0004461873	0.0001943218	6.037314e-05	3.420637e-05	1.678352e-06	3.806055e-07	3.121279e-07	3.008337e-07	2.698468e-07	NA	NA	NA	NA	NA	NA	NA	NA	NA	NA
21	0.1929421	0.1847935	0.01573104	0.01349809	0.01005243	0.008627152	0.00671457	0.002100005	0.0005609256	0.0001513492	0.0001527742	0.0001563598	0.0001604552	1.750243e-05	8.973931e-06	3.430379e-06	1.48451e-07	3.098407e-08	2.354699e-08	2.008019e-08	9.989213e-09	NA	NA	NA	NA	NA	NA	NA	NA	NA
22	0.1922288	0.1627713	0.1582199	0.01039113	0.008684246	0.007626302	0.006709498	0.005486591	0.001355772	0.0003148522	3.468693e-05	2.985032e-05	2.476039e-05	1.850044e-05	1.263606e-05	6.74078e-06	2.027102e-06	7.736801e-08	1.496817e-08	1.176272e-08	1.099764e-08	9.22147e-09	NA	NA	NA	NA	NA	NA	NA	NA
23	0.6873676	0.1872802	0.1618345	0.1575363	0.009891183	0.008325805	0.007341384	0.00649696	0.005345143	0.001274671	0.0002958833	3.262167e-05	2.807643e-05	2.329441e-05	1.740851e-05	1.18035e-05	6.44318e-06	1.845781e-06	6.986054e-08	1.373053e-08	1.085887e-08	1.02249e-08	8.733742e-09	NA	NA	NA	NA	NA	NA	NA
24	0.5951378	0.5787178	0.1642262	0.1513657	0.1488616	0.00634172	0.005515773	0.004984865	0.004535312	0.003804173	0.0007379974	0.0001731252	2.017895e-05	1.764674e-05	1.498976e-05	1.173326e-05	8.066678e-06	5.212123e-06	1.149269e-06	4.259722e-08	9.503682e-09	7.757232e-09	7.456783e-09	6.695068e-09	NA	NA	NA	NA	NA	NA
25	0.5158315	0.4429818	0.4312412	0.04233885	0.02711954	0.0189883	0.003653618	0.002925538	0.00238627	0.00190618	0.001128486	0.0006140341	0.0001442644	1.702921e-05	1.494582e-05	1.276053e-05	1.008118e-05	6.818675e-06	4.594396e-06	8.355324e-07	3.151997e-08	7.635967e-09	6.348788e-09	6.179102e-09	5.677058e-09	NA	NA	NA	NA	NA
26	0.2992185	0.2847833	0.2855976	0.2914669	0.0285272	0.02336711	0.01580622	0.001277624	0.001104392	0.000937963	0.0007979522	0.0003880435	0.0001890195	4.590821e-05	7.202565e-06	6.739825e-06	6.292504e-06	5.720492e-06	3.993027e-06	3.551851e-06	3.027089e-07	8.767313e-09	2.209692e-09	1.843175e-09	1.780649e-09	1.574373e-09	NA	NA	NA	NA
27	0.1396524	0.1147363	0.1098279	0.1074312	0.1079145	0.01751778	0.01503553	0.01519732	0.0007481953	0.0006184273	0.0005050306	0.0004031745	0.000288052	0.0001309322	3.048335e-05	3.12129e-06	2.630873e-06	2.102236e-06	1.450838e-06	9.747753e-07	4.029536e-07	7.886082e-08	3.460861e-09	8.704298e-10	7.30048e-10	7.125194e-10	6.558575e-10	NA	NA	NA
28	0.3493681	0.09357179	0.08683988	0.08171365	0.07836499	0.07767395	0.01738554	0.01497647	0.01513911	0.0007330403	0.0006048476	0.0004930281	0.0003925603	0.0002789672	0.000128705	2.987591e-05	2.940592e-06	2.44613e-06	1.911331e-06	1.252399e-06	7.616833e-07	1.769095e-07	6.438319e-08	3.185667e-09	8.318873e-10	7.016344e-10	6.87467e-10	6.389791e-10	NA	NA
29	0.3786855	0.2331263	0.07737211	0.07167058	0.06995915	0.0692674	0.07010645	0.01531157	0.01437232	0.01461026	0.0003886718	0.0003106261	0.0002535201	0.0002029534	0.0001427271	6.536832e-05	1.517191e-05	1.493023e-06	1.241481e-06	9.705814e-07	6.41214e-07	3.982223e-07	1.198526e-07	5.895254e-08	3.010584e-09	7.974873e-10	6.733186e-10	6.601525e-10	6.145582e-10	NA
30	0.3180546	0.1581861	0.09591485	0.06624595	0.06040396	0.05844367	0.05731081	0.05764965	0.002430797	0.0008934127	0.0004584263	0.0003628881	0.0002841974	0.0002262284	0.0001745789	0.0001130977	6.474616e-05	1.502991e-05	1.478775e-06	1.22955e-06	9.611293e-07	6.348209e-07	3.940867e-07	1.184997e-07	5.858356e-08	2.992578e-09	7.936799e-10	6.704731e-10	6.576182e-10	6.126825e-10
31	0.2413242	0.1189392	0.07337557	0.0246736	0.006649567	0.002182561	0.00155259	0.001203256	0.001033156	0.0005522922	0.0004024246	4.172107e-05	3.330948e-05	2.887989e-05	2.301539e-05	1.910142e-05	9.306445e-06	5.229944e-06	1.220649e-06	1.309404e-07	1.113033e-07	9.178536e-08	6.749247e-08	4.870518e-08	2.747498e-08	1.020904e-08	4.644954e-10	1.119044e-10	8.938421e-11	8.128381e-11
32	0.2901817	0.2061737	0.1032805	0.06335193	0.01925347	0.004821162	0.001354738	0.0009879744	0.0007938927	0.0006966515	0.0004410598	0.0003797707	2.313793e-05	1.814572e-05	1.580064e-05	1.380103e-05	1.204695e-05	4.60213e-06	2.532885e-06	5.952524e-07	6.905789e-08	6.021004e-08	5.114324e-08	4.002975e-08	3.123881e-08	2.191132e-08	6.914674e-09	3.010127e-10	7.446572e-11	6.153711e-11
33	0.8212929	0.2898046	0.2060922	0.1032389	0.06332736	0.01923589	0.004815621	0.001350602	0.0009847804	0.0007915005	0.0006947253	0.0004404729	0.0003795522	2.293483e-05	1.79577e-05	1.573258e-05	1.374668e-05	1.200517e-05	4.574248e-06	2.516908e-06	5.915627e-07	6.870613e-08	5.992063e-08	5.091379e-08	3.987201e-08	3.113369e-08	2.187097e-08	6.884665e-09	2.994709e-10	7.411829e-11
34	0.7212599	0.5393033	0.2141662	0.1464206	0.05293925	0.03836318	0.01232726	0.002861296	0.0006606704	0.0004599702	0.0003173646	0.0002355645	6.446645e-05	1.392939e-05	1.15233e-05	7.798003e-06	6.243577e-06	4.9949e-06	3.859989e-06	2.618417e-06	1.394445e-06	3.286203e-07	3.984975e-08	3.521892e-08	3.052578e-08	2.488346e-08	2.125529e-08	1.687236e-08	6.131777e-09	2.765502e-10
35	0.7142233	0.547798	0.5280406	0.2076756	0.1451509	0.05244836	0.03811195	0.01213675	0.002812129	0.0006367906	0.000442183	0.000306077	0.0002269055	6.166889e-05	1.224366e-05	9.830202e-06	7.421528e-06	5.893814e-06	4.672089e-06	3.559629e-06	2.349119e-06	1.345798e-06	3.176404e-07	3.892482e-08	3.449038e-08	2.987038e-08	2.427481e-08	2.065637e-08	1.628169e-08	5.568664e-09
36	0.6049755	0.5795133	0.4295504	0.4139997	0.2041712	0.1431302	0.05060044	0.03631552	0.01036207	0.002772689	0.000615576	0.000426061	0.0002938124	0.0002168275	5.934151e-05	1.166193e-05	9.340869e-06	7.04083e-06	5.581655e-06	4.422025e-06	3.366285e-06	2.217633e-06	1.273796e-06	3.009836e-07	3.723287e-08	3.306735e-08	2.871755e-08	2.34516e-08	2.007123e-08	1.598767e-08
37	0.2016807	0.2038615	0.2055834	0.1583119	0.1620992	0.006601256	0.00347323	0.002512887	0.001736142	0.0007369608	0.0001527828	3.519035e-05	2.4087e-05	1.703965e-05	1.307711e-05	3.273939e-06	7.121434e-07	5.732732e-07	4.427589e-07	3.606373e-07	2.864538e-07	2.190621e-07	1.472877e-07	8.506657e-08	1.973408e-08	2.639988e-09	2.335168e-09	2.077453e-09	1.768475e-09	1.586856e-09
38	0.3702377	0.1119837	0.1136304	0.1149601	0.1161184	0.1193395	0.002909427	0.001784077	0.001351455	0.001005614	0.000355014	6.805469e-05	1.623103e-05	1.087001e-05	8.054245e-06	6.481498e-06	1.630004e-06	3.83609e-07	3.081214e-07	2.418725e-07	2.002662e-07	1.591219e-07	1.215684e-07	8.134962e-08	4.728931e-08	1.096416e-08	1.415372e-09	1.214685e-09	1.059639e-09	8.735935e-10
39	0.2628478	0.2221885	0.1049775	0.1072951	0.1093988	0.1124449	0.115831	0.0005637251	0.0003094449	0.0002333856	0.0001574636	0.0001238264	6.910797e-06	1.371684e-06	8.673728e-07	6.302783e-07	5.000626e-07	1.267118e-07	3.04146e-08	2.519147e-08	1.989602e-08	1.633668e-08	1.290419e-08	9.797745e-09	6.972391e-09	4.573387e-09	8.291074e-10	1.42153e-10	7.708677e-11	6.573944e-11
40	0.6354541	0.09175373	0.09305658	0.001935285	0.001448282	0.001158608	0.001107805	0.001129434	0.0004156752	0.0002438203	0.0001882773	0.0001272915	0.0001059204	3.432238e-06	5.696113e-07	3.331618e-07	2.433994e-07	1.954136e-07	5.543633e-08	1.310807e-08	1.068138e-08	8.240233e-09	6.68497e-09	4.967329e-09	3.409318e-09	2.288985e-09	1.33295e-09	3.472016e-10	8.432348e-11	2.601705e-11
41	0.2419709	0.2331447	0.08766032	0.08930611	0.001282788	0.001092765	0.0009537085	0.0009050045	0.0009226662	0.000221439	0.0001917157	0.0001611344	0.0001117597	9.812816e-05	1.602192e-06	3.213701e-07	1.993127e-07	1.473037e-07	1.186683e-07	3.108376e-08	7.595837e-09	6.298795e-09	5.010931e-09	4.205698e-09	3.327185e-09	2.53298e-09	1.690382e-09	9.69567e-10	2.259129e-10	2.346572e-11
42	0.3155234	0.2410563	0.2325473	0.08758906	0.08924159	0.001248164	0.001079036	0.0009446352	0.0008958707	0.0009194317	0.0002184641	0.0001901357	0.0001608533	0.000111596	9.804367e-05	1.580629e-06	3.176371e-07	1.969942e-07	1.456217e-07	1.172992e-07	3.070926e-08	7.497399e-09	6.215196e-09	4.942454e-09	4.146418e-09	3.297541e-09	2.513608e-09	1.677448e-09	9.621066e-10	2.24081e-10
43	0.4020276	0.3018202	0.2403206	0.2321007	0.08738016	0.08904627	0.0010751	0.001055607	0.0009291116	0.0008802896	0.0009049811	0.0002042313	0.000188733	0.0001601991	0.000111427	9.795958e-05	1.553756e-06	3.090385e-07	1.921425e-07	1.419247e-07	1.141872e-07	3.01599e-08	7.375603e-09	6.114617e-09	4.863496e-09	4.08051e-09	3.244321e-09	2.48104e-09	1.655705e-09	9.495297e-10
44	0.4089109	0.3537227	0.2842265	0.2334432	0.2305284	0.08664168	0.088674	0.0009360506	0.000942638	0.0009090443	0.0008621965	0.0008864215	0.000191404	0.0001812904	0.0001593917	0.000110946	9.773423e-05	1.435211e-06	2.092588e-07	1.151844e-07	8.359951e-08	6.644837e-08	1.690666e-08	4.088403e-09	3.381852e-09	2.684641e-09	2.246709e-09	1.787828e-09	1.369172e-09	9.139687e-10
45	0.8583505	0.4076896	0.352748	0.2833343	0.2333991	0.2305196	0.08664048	0.08867281	0.0009359666	0.0009425725	0.0009089849	0.000862147	0.0008863708	0.0001913809	0.0001812864	0.00015939	0.0001109448	9.773334e-05	1.434605e-06	2.087635e-07	1.147993e-07	8.331179e-08	6.621642e-08	1.684356e-08	4.072825e-09	3.368865e-09	2.674274e-09	2.237994e-09	1.780885e-09	1.363851e-09
46	0.5079843	0.4997643	0.1133131	0.09075748	0.03673856	0.01179496	0.005591964	0.001800801	0.001636459	0.0006003693	0.0006001893	0.0005575444	0.0005683491	0.0005840565	0.0001874063	0.0001801819	0.0001586949	0.0001104645	9.741473e-05	1.347744e-06	1.569475e-07	7.461013e-08	5.334951e-08	4.215503e-08	1.057126e-08	2.56399e-09	2.115244e-09	1.682008e-09	1.411249e-09	1.123324e-09
47	0.3442469	0.3345121	0.3286398	0.08829644	0.07097249	0.0272865	0.007254352	0.003207555	0.001426764	0.001428872	0.0004485324	0.0004561471	0.0004661037	0.0004765272	0.0004905882	9.258002e-05	8.936727e-05	8.998581e-05	9.136953e-05	9.325863e-05	4.281129e-07	1.044196e-07	6.91538e-08	5.053016e-08	4.009234e-08	1.010081e-08	2.452046e-09	2.04083e-09	1.62462e-09	1.364144e-09
48	0.8160066	0.3372819	0.3274055	0.3213796	0.08088539	0.06344983	0.02728243	0.007253402	0.003207245	0.001426716	0.001428824	0.0004485277	0.0004561437	0.0004661004	0.0004765244	0.0004905853	9.257818e-05	8.936649e-05	8.998567e-05	9.136948e-05	9.325859e-05	4.280793e-07	1.043914e-07	6.913274e-08	5.051576e-08	4.008168e-08	1.009891e-08	2.451616e-09	2.040472e-09	1.624333e-09
49	0.442063	0.2550506	0.1196599	0.1064756	0.0968567	0.05240436	0.03752569	0.02408173	0.005634727	0.001638838	0.000239475	0.0002113499	2.407936e-05	2.059796e-05	1.815835e-05	1.616503e-05	1.627927e-05	1.177193e-05	6.032502e-06	4.211619e-06	2.691706e-06	1.418419e-06	4.17387e-07	9.452435e-08	6.182804e-08	4.574367e-08	3.668013e-08	9.797207e-09	2.401955e-09	1.999705e-09
50	0.240628	0.2427082	0.07047898	0.02156641	0.02052494	0.01927458	0.01435612	0.01312138	0.01186196	0.0009557713	0.0004197764	2.599396e-05	2.403678e-05	5.777736e-06	5.224631e-06	3.639778e-06	3.530318e-06	3.602108e-06	3.278997e-06	4.826661e-07	1.374227e-07	8.026931e-08	4.875382e-08	3.283031e-08	1.450441e-08	9.83719e-09	6.463605e-09	4.599977e-09	9.810547e-10	2.201778e-10
51	0.280868	0.2354847	0.2379587	0.06584435	0.01779258	0.01690325	0.01585644	0.0137106	0.0127087	0.01168048	0.0008929072	0.0003980211	2.168673e-05	2.007117e-05	5.087292e-06	4.652789e-06	3.077784e-06	3.000144e-06	3.059259e-06	2.802366e-06	3.46525e-07	8.852739e-08	5.255006e-08	3.233772e-08	2.537286e-08	1.150575e-08	8.07431e-09	5.290712e-09	3.753042e-09	8.560038e-10
52	0.4132806	0.2733047	0.2331232	0.2356999	0.06373755	0.01655051	0.0158034	0.01493266	0.01328084	0.01239724	0.01156407	0.0008297201	0.0003538474	1.917841e-05	1.776169e-05	4.550793e-06	4.187076e-06	2.614687e-06	2.550852e-06	2.597756e-06	2.371601e-06	2.705429e-07	6.246926e-08	3.935821e-08	2.451104e-08	2.08615e-08	9.803952e-09	6.851092e-09	4.640084e-09	3.289935e-09
53	0.1668099	0.1282459	0.09892371	0.06306338	0.06258411	0.06228241	0.01547192	0.01483714	0.01409836	0.01265312	0.01194236	0.01122711	0.0005596345	0.0003380982	1.6727e-05	1.645824e-05	4.320719e-06	4.003539e-06	2.436378e-06	2.373989e-06	2.444912e-06	2.234684e-06	2.475207e-07	5.543755e-08	3.467009e-08	2.206229e-08	1.910618e-08	8.775494e-09	6.108265e-09	4.117172e-09
54	0.2742186	0.08992932	0.05603377	0.03019656	0.01373444	0.01273544	0.01154401	0.005639696	0.004912488	0.004050356	0.002518751	0.001685165	0.0008396122	0.0003842716	0.0001890273	1.458921e-05	1.428687e-05	4.190767e-06	3.907376e-06	2.342304e-06	2.290028e-06	2.35854e-06	2.185118e-06	2.387262e-07	5.17509e-08	3.205465e-08	2.000875e-08	1.811197e-08	8.027012e-09	5.561971e-09
55	0.2303826	0.2236895	0.05030624	0.02832113	0.01478197	0.007853268	0.00751171	0.006720404	0.002101897	0.00181113	0.001468392	0.0009050432	0.0005994015	0.0002938623	0.0001059515	2.122557e-05	4.742995e-06	4.826003e-06	3.35667e-07	2.638263e-07	2.5965e-07	2.038477e-07	2.097658e-07	8.843482e-08	1.348851e-08	6.023821e-09	4.372901e-09	3.423208e-09	2.352167e-09	1.957635e-09
56	0.8672778	0.2246726	0.2187425	0.04550986	0.02386871	0.01066521	0.004113801	0.003707195	0.002847014	0.002015643	0.001732036	0.001401715	0.0008640836	0.0005708255	0.0002779082	9.896337e-05	1.639416e-05	4.474902e-06	4.561617e-06	2.324838e-07	1.660596e-07	1.611252e-07	1.208157e-07	1.242345e-07	1.262525e-08	6.460036e-09	4.588224e-09	3.453186e-09	2.89853e-09	1.854841e-09
57	0.685599	0.6463431	0.2205121	0.2156541	0.04310511	0.02213758	0.009442582	0.003316699	0.002928909	0.00255062	0.001774206	0.001510308	0.001314194	0.0008024499	0.0005300503	0.0002579039	9.18395e-05	1.525568e-05	4.188388e-06	4.269599e-06	2.164813e-07	1.550616e-07	1.510882e-07	1.128195e-07	1.160303e-07	1.126798e-08	6.006574e-09	4.297308e-09	3.229437e-09	2.70455e-09
58	0.7853736	0.6427707	0.6040638	0.2138363	0.208997	0.03891517	0.01885479	0.009222847	0.003261112	0.002878237	0.002504708	0.001743893	0.001483406	0.001289762	0.000789519	0.0005221604	0.000253767	9.05689e-05	1.501894e-05	4.133235e-06	4.213984e-06	2.129872e-07	1.523869e-07	1.484728e-07	1.108135e-07	1.139725e-07	1.057363e-08	5.788508e-09	4.158143e-09	3.134398e-09
59	0.2285885	0.2186481	0.2107582	0.210984	0.01398781	0.01407409	0.01376366	0.003312655	0.0003561546	7.76966e-05	7.534134e-05	7.38935e-05	4.026724e-05	3.847235e-05	2.957644e-05	9.094364e-06	5.711915e-06	2.623603e-06	1.056375e-06	4.404013e-07	1.039409e-07	9.878155e-08	8.378096e-09	7.309263e-09	7.115889e-09	5.37023e-09	5.472658e-09	2.709755e-09	1.067274e-09	7.186283e-10
60	0.2188873	0.1917792	0.1926402	0.1914734	0.1938306	0.002772694	0.002714956	0.002744225	0.002756332	0.0002809969	3.726653e-05	3.618489e-05	3.591487e-05	7.04142e-06	6.287243e-06	5.402026e-06	2.421318e-06	1.719125e-06	8.304855e-07	3.301451e-07	9.754537e-08	1.102066e-08	9.607078e-09	1.37015e-09	1.067495e-09	1.019861e-09	8.710892e-10	8.807656e-10	6.686386e-10	2.846276e-10
61	0.2919271	0.1968221	0.1851498	0.1872443	0.187253	0.1901419	0.0003897993	0.0002953508	0.0002845503	0.0002743427	0.0002658327	3.445895e-05	3.345246e-05	3.325117e-05	5.195245e-06	4.522763e-06	4.016232e-06	1.853923e-06	1.282732e-06	6.80082e-07	2.560648e-07	5.36552e-08	4.846631e-09	4.345574e-09	3.553504e-10	2.952668e-10	2.684375e-10	2.290859e-10	2.296582e-10	1.425654e-10
62	0.07173857	0.01009906	0.003846082	0.001622696	0.00109678	0.0007254973	0.0004575809	0.0001127888	2.757856e-05	2.235702e-05	1.719784e-05	1.327998e-05	9.971139e-06	9.12959e-06	9.06698e-06	2.533168e-06	2.354785e-06	2.217661e-06	5.004102e-07	3.345016e-07	1.681458e-07	6.402116e-08	1.624894e-08	2.926662e-09	2.638783e-09	2.410354e-10	2.053406e-10	1.863637e-10	1.566133e-10	1.576795e-10
63	0.0352724	0.02093728	0.006389846	0.002866557	0.001084588	0.0008337181	0.0005049958	0.0003230644	2.738304e-05	2.312639e-05	1.868506e-05	1.455292e-05	1.142805e-05	8.771013e-06	8.741382e-06	8.721994e-06	2.276676e-06	2.180995e-06	2.073727e-06	3.959546e-07	2.628845e-07	1.311051e-07	5.030283e-08	1.348022e-08	2.649779e-09	2.40452e-09	2.049883e-10	1.727753e-10	1.646918e-10	1.358589e-10
64	0.6121732	0.03222944	0.01796829	0.006270377	0.002816302	0.001066196	0.0008191914	0.0004927903	0.0003109921	2.074014e-05	1.649606e-05	1.24974e-05	8.706616e-06	5.574351e-06	2.992205e-06	2.851422e-06	2.715869e-06	2.102332e-06	2.007415e-06	1.899979e-06	3.827383e-07	2.548452e-07	1.271798e-07	4.890088e-08	1.3232e-08	2.5855e-09	2.339151e-09	2.010936e-10	1.700196e-10	1.619941e-10
65	0.8368468	0.6117283	0.03219903	0.01794001	0.006246604	0.002792909	0.001043363	0.0007961678	0.0004924132	0.0003106285	2.059475e-05	1.635759e-05	1.2404e-05	8.656379e-06	5.564742e-06	2.988406e-06	2.848016e-06	2.71284e-06	2.100117e-06	2.00552e-06	1.898314e-06	3.813611e-07	2.540977e-07	1.268765e-07	4.879453e-08	1.321656e-08	2.581949e-09	2.335532e-09	2.008969e-10	1.699152e-10
66	0.4899903	0.4796095	0.2706837	0.03056403	0.01653711	0.006060854	0.002726455	0.001017571	0.0007758304	0.0004768357	0.0002963954	1.896193e-05	1.492687e-05	1.135948e-05	7.792941e-06	4.875973e-06	2.44029e-06	2.298699e-06	2.161565e-06	1.864115e-06	1.77307e-06	1.710375e-06	3.496533e-07	2.348002e-07	1.190471e-07	4.570813e-08	1.190511e-08	2.083256e-09	1.840049e-09	1.701358e-10
67	0.6316034	0.2877062	0.2747007	0.1757732	0.02983581	0.01593227	0.005972808	0.002692423	0.001000849	0.0007636695	0.0004660102	0.0002855803	1.775977e-05	1.378377e-05	1.037069e-05	6.831212e-06	3.920903e-06	1.482792e-06	1.32263e-06	1.166067e-06	8.558692e-07	7.437413e-07	6.608668e-07	3.458529e-07	2.326462e-07	1.180538e-07	4.523363e-08	1.162191e-08	2.049757e-09	1.806972e-09
68	0.8451108	0.6309633	0.2872007	0.274233	0.1753803	0.02983126	0.0159284	0.005970814	0.002690664	0.000999361	0.0007624206	0.0004657876	0.0002853689	1.770955e-05	1.373644e-05	1.035279e-05	6.820441e-06	3.915271e-06	1.479173e-06	1.319123e-06	1.162645e-06	8.526901e-07	7.406236e-07	6.577852e-07	3.428366e-07	2.323686e-07	1.17945e-07	4.519556e-08	1.161593e-08	2.048382e-09
69	0.3910949	0.3703021	0.2662999	0.2139419	0.2020701	0.1333607	0.0270663	0.01375161	0.005437834	0.002327215	0.0008550793	0.0006546818	0.0003774095	0.0002042962	2.649256e-06	1.641184e-06	1.299565e-06	9.291305e-07	5.168206e-07	1.87441e-07	1.691071e-07	1.510785e-07	1.138451e-07	9.738684e-08	8.260668e-08	4.733995e-08	3.65484e-08	2.291868e-08	1.124569e-08	5.966359e-09
70	0.3048391	0.2821848	0.2605021	0.2202219	0.1969765	0.1852789	0.120269	0.02622383	0.01329254	0.005281778	0.002255654	0.0008278969	0.0006335687	0.0003655439	0.0001970536	2.420202e-06	1.4688e-06	1.148792e-06	8.599439e-07	4.748166e-07	1.66639e-07	1.49303e-07	1.322171e-07	9.797287e-08	8.233912e-08	7.065142e-08	4.241479e-08	3.385302e-08	2.149629e-08	1.060527e-08
71	0.5534729	0.1337679	0.133224	0.1234443	0.1181966	0.1118914	0.1131521	0.07630209	0.0007364984	0.0005719798	0.00032586	0.0001094838	3.113184e-05	2.245262e-05	1.354123e-05	6.476053e-06	9.930854e-08	5.556068e-08	4.729284e-08	4.100725e-08	2.518145e-08	1.15503e-08	1.127777e-08	1.106055e-08	5.52123e-09	5.218537e-09	4.625253e-09	3.200064e-09	2.667041e-09	1.90078e-09
72	0.4162615	0.3420892	0.05485055	0.05488271	0.05546102	0.05310921	0.04607093	0.04636721	0.009375075	0.0006161023	0.0004852586	0.0002749527	6.679597e-05	2.225002e-05	1.496639e-05	7.791337e-06	1.074342e-06	3.524998e-08	2.448619e-08	2.084018e-08	1.748957e-08	8.579482e-09	3.171233e-09	2.962673e-09	2.779249e-09	1.916317e-09	1.737962e-09	1.501982e-09	1.06193e-09	8.415216e-10
73	0.3828022	0.3727593	0.3008355	0.01332785	0.0128782	0.01301718	0.01033049	0.009768746	0.009519476	0.00932459	0.0005834699	0.0004623945	0.0002658895	6.194976e-05	2.112897e-05	1.429267e-05	7.357585e-06	8.484315e-07	2.65999e-08	1.949719e-08	1.680963e-08	1.433322e-08	6.559081e-09	2.186785e-09	2.034289e-09	1.89462e-09	1.28087e-09	1.14626e-09	9.647091e-10	6.284408e-10
74	0.6233698	0.3800104	0.3716013	0.2999348	0.01300024	0.01256499	0.01270153	0.01008428	0.009526808	0.0092838	0.009109977	0.0005778953	0.0004586175	0.0002642623	6.128483e-05	2.087619e-05	1.410784e-05	7.243835e-06	7.913151e-07	2.120611e-08	1.437457e-08	1.17531e-08	9.350269e-09	6.055894e-09	1.860092e-09	1.710881e-09	1.573786e-09	9.95045e-10	8.646673e-10	7.516141e-10
75	0.8661734	0.5715114	0.3686012	0.3616674	0.2906035	0.003724614	0.003196548	0.00319871	0.0007026357	0.0004635477	0.0004160411	0.0002901754	0.0002052799	0.0001624665	0.0001245261	1.587266e-05	3.381025e-06	2.444542e-06	1.426802e-06	6.881899e-07	1.555509e-08	9.714658e-09	7.635489e-09	5.723045e-09	3.237727e-09	1.201147e-09	1.08112e-09	9.682656e-10	7.097099e-10	6.052638e-10
76	0.2191731	0.2037465	0.1506726	0.01295498	0.00598923	0.001291951	0.00098136	0.0006361683	0.0006103895	0.0004557363	0.0002737526	0.000244951	0.0001382233	6.137457e-05	3.152164e-05	1.233093e-05	5.595442e-06	2.043196e-06	1.551907e-06	9.35126e-07	5.517187e-07	9.134934e-09	5.182847e-09	4.148381e-09	3.199739e-09	1.735938e-09	6.544878e-10	5.961654e-10	5.423801e-10	3.970316e-10
77	0.251235	0.2117097	0.1976738	0.1468827	0.01102932	0.004953385	0.00080093	0.000652294	0.0005828128	0.0005593395	0.0004317217	0.0002563611	0.0002297362	0.0001307	5.567166e-05	2.848679e-05	1.115145e-05	5.093146e-06	1.859021e-06	1.421188e-06	8.54918e-07	5.128658e-07	7.779167e-09	4.223738e-09	3.414266e-09	2.674072e-09	1.429316e-09	5.431018e-10	5.005428e-10	4.596698e-10
78	0.7604302	0.1809496	0.167029	0.1589593	0.1282655	0.0007899716	0.00049168	0.0003529034	0.0002988715	0.0002736564	0.0002750423	0.0002210068	7.890102e-05	7.969844e-05	4.020928e-05	1.781562e-06	1.591755e-06	6.724945e-07	5.555132e-07	1.740825e-07	1.287473e-07	1.104388e-07	1.097339e-07	2.777452e-09	1.139088e-09	9.889139e-10	8.478917e-10	4.730334e-10	2.121912e-10	2.058199e-10
79	0.6824323	0.675348	0.1642485	0.1514294	0.1432216	0.1125792	0.0007093317	0.0004571274	0.0003382034	0.0002866737	0.0002617794	0.0002630625	0.0002143648	7.234351e-05	7.313033e-05	3.41456e-05	1.545786e-06	1.420484e-06	5.647371e-07	4.620688e-07	1.35324e-07	9.120826e-08	7.887734e-08	7.848478e-08	2.605721e-09	1.007547e-09	8.789219e-10	7.58095e-10	4.029655e-10	1.789544e-10
80	0.2136002	0.2028637	0.193024	0.1483527	0.1358345	0.137204	0.1123899	0.0005407511	0.0002985382	0.000199922	0.0001499524	0.000127282	0.0001265986	7.939178e-05	7.022763e-05	7.099283e-05	3.409059e-05	1.51188e-06	1.398431e-06	5.553759e-07	4.571698e-07	1.336776e-07	9.040145e-08	7.829471e-08	7.810224e-08	2.574264e-09	9.91822e-10	8.6672e-10	7.492364e-10	3.973862e-10
81	0.6163796	0.1909452	0.18228	0.1741276	0.1319209	0.1287475	0.1301265	0.1135119	0.0004579918	0.0002514675	0.0001663975	0.0001208709	0.0001035555	0.0001025208	6.561809e-05	5.921323e-05	5.987103e-05	3.399705e-05	1.418646e-06	1.313813e-06	4.786934e-07	3.84854e-07	1.152957e-07	8.093434e-08	7.117807e-08	7.102004e-08	2.057536e-09	7.964717e-10	6.948917e-10	6.073236e-10
82	0.9641383	0.5850762	0.1876993	0.1789959	0.1707404	0.1288192	0.1256281	0.1270014	0.11491	0.0004374996	0.0002282134	0.0001434889	0.0001013091	8.891215e-05	8.764158e-05	5.789519e-05	5.334976e-05	5.394412e-05	3.414711e-05	1.336602e-06	1.235494e-06	4.041733e-07	3.129462e-07	9.687178e-08	7.116579e-08	6.365433e-08	6.340332e-08	1.681568e-09	7.46963e-10	6.460624e-10
83	0.5293566	0.4948301	0.1325952	0.038047	0.02977549	0.02157525	0.01137072	0.01086712	0.01074854	0.001689596	0.0003259306	0.0001538986	8.291156e-05	4.991879e-05	4.253962e-05	4.056144e-05	2.004755e-05	1.701888e-05	1.71005e-05	3.049408e-06	9.896065e-07	8.996018e-07	3.114429e-07	2.300485e-07	7.57804e-08	5.965757e-08	5.477154e-08	5.45059e-08	1.089731e-09	5.191303e-10
84	0.2280906	0.2177495	0.2122589	0.05916264	0.01827956	0.01341476	0.008995808	0.005985726	0.005572841	0.00549298	0.001283898	0.000175158	9.925126e-05	4.985585e-05	2.352047e-05	2.156355e-05	2.186945e-05	1.055751e-05	9.576859e-06	9.606432e-06	2.218572e-06	4.824376e-07	4.086182e-07	1.941632e-07	1.22327e-07	5.733185e-08	5.17811e-08	4.859959e-08	4.836988e-08	4.671037e-10
85	0.08839075	0.06593084	0.06123292	0.05814066	0.02770567	0.01139464	0.008290578	0.005327124	0.004187165	0.003977786	0.003948651	0.0008961241	9.254948e-05	4.717374e-05	3.220725e-05	1.439688e-05	1.369397e-05	1.390094e-05	7.045373e-06	6.521414e-06	6.57563e-06	1.152646e-06	7.307379e-08	6.458567e-08	2.897254e-08	2.420071e-08	1.150746e-08	9.768056e-09	8.840334e-09	8.734292e-09
86	0.1699145	0.03723559	0.02756208	0.02664918	0.02619739	0.01304886	0.002571611	0.002060525	0.0009209448	0.0003587886	0.0003191234	0.0003093401	0.0001228348	1.644146e-05	6.936353e-06	3.783484e-06	1.535995e-06	1.459774e-06	1.481651e-06	6.002042e-07	5.53129e-07	5.554243e-07	1.380357e-07	7.421349e-09	6.433027e-09	2.130169e-09	1.835022e-09	6.694918e-10	5.194525e-10	4.163148e-10
87	0.2499633	0.1453667	0.03460884	0.02542158	0.02467361	0.02430135	0.01255283	0.002172352	0.001716657	0.0006236462	9.48616e-05	7.431535e-05	6.321382e-05	3.757585e-05	1.19338e-05	3.476178e-06	6.429743e-07	2.978714e-07	2.832249e-07	2.868906e-07	8.817223e-08	7.880053e-08	7.632502e-08	2.431588e-08	4.359435e-09	3.667357e-09	8.921876e-10	6.746542e-10	2.712402e-10	2.023906e-10
88	0.9808901	0.2528549	0.1471609	0.03499379	0.0257465	0.02499385	0.02462137	0.01271839	0.002197999	0.001736262	0.0006279438	9.204548e-05	7.152702e-05	6.023229e-05	3.674819e-05	1.207256e-05	3.488196e-06	6.112676e-07	2.843277e-07	2.704143e-07	2.739378e-07	8.10526e-08	7.215602e-08	6.95638e-08	2.27071e-08	4.392623e-09	3.693598e-09	8.88601e-10	6.684495e-10	2.707576e-10
89	0.7347613	0.7217507	0.2130029	0.1421306	0.03096645	0.02204563	0.0214654	0.0212216	0.009609195	0.001903514	0.001558807	0.000543192	7.395816e-05	5.654242e-05	4.840881e-05	2.830873e-05	8.826634e-06	2.587696e-06	4.789373e-07	2.24788e-07	2.136888e-07	2.164666e-07	6.875874e-08	6.174379e-08	5.990108e-08	1.937917e-08	3.68147e-09	3.080619e-09	7.595409e-10	5.738085e-10
90	0.608693	0.593386	0.5831776	0.213161	0.1432603	0.0307691	0.02178648	0.02145407	0.021287	0.009673711	0.001880391	0.0015466	0.0005347916	6.724136e-05	5.034819e-05	4.252615e-05	2.586821e-05	8.447615e-06	2.475435e-06	4.544877e-07	2.055195e-07	1.953727e-07	1.980336e-07	5.65875e-08	5.052112e-08	4.863957e-08	1.64099e-08	3.561586e-09	3.000848e-09	7.236049e-10
91	0.7584639	0.4847937	0.4684596	0.4573165	0.1232069	0.09895911	0.03031638	0.02201633	0.02169293	0.02153458	0.009770331	0.001889906	0.001556739	0.0005347116	6.18885e-05	4.530221e-05	3.745206e-05	2.410439e-05	8.407626e-06	2.451691e-06	4.345412e-07	1.887819e-07	1.794325e-07	1.818863e-07	4.47332e-08	3.945839e-08	3.741274e-08	1.353241e-08	3.524418e-09	2.971747e-09
92	0.9581742	0.7547286	0.4778483	0.4612653	0.450122	0.124371	0.1000729	0.03051259	0.02231376	0.02199049	0.02183437	0.009905013	0.001912188	0.001574393	0.0005371803	5.767319e-05	4.126581e-05	3.324379e-05	2.25235e-05	8.517007e-06	2.46821e-06	4.18339e-07	1.739013e-07	1.653139e-07	1.675715e-07	3.336141e-08	2.879231e-08	2.653175e-08	1.051887e-08	3.533316e-09
93	0.8394229	0.7956334	0.6551338	0.3818429	0.3652702	0.3554626	0.04678296	0.02527563	0.02367167	0.02224776	0.02192954	0.02177801	0.009685045	0.001875599	0.001536795	0.0004872307	5.158344e-05	3.513796e-05	2.708569e-05	2.22685e-05	8.470099e-06	2.448711e-06	4.11292e-07	1.642065e-07	1.559084e-07	1.581201e-07	2.392584e-08	1.995085e-08	1.761171e-08	1.001813e-08
94	0.8695061	0.8286589	0.7844841	0.647112	0.3720657	0.3554078	0.3458863	0.046938	0.02531708	0.02373371	0.02251136	0.02220122	0.02205834	0.009808249	0.001891611	0.001553781	0.0004934448	5.129953e-05	3.472244e-05	2.65836e-05	2.211792e-05	8.481621e-06	2.429094e-06	4.104629e-07	1.624729e-07	1.542412e-07	1.564747e-07	2.221399e-08	1.823608e-08	1.587838e-08
95	0.664522	0.5315677	0.5091213	0.4774272	0.3403126	0.3049326	0.2891295	0.2820654	0.0393248	0.01825159	0.01671726	0.01587129	0.0154752	0.01524183	0.002728671	0.001892891	0.001557037	0.000486432	3.849695e-05	3.164965e-05	2.355662e-05	1.947427e-05	8.346768e-06	2.387033e-06	4.026497e-07	1.552467e-07	1.472383e-07	1.4948e-07	1.763003e-08	1.377985e-08
96	0.3626515	0.3314588	0.3199284	0.3097548	0.3019173	0.2720753	0.2530375	0.2465414	0.2403062	0.02571709	0.005562064	0.004105682	0.003230164	0.002754085	0.002391701	0.001854898	0.001050032	0.0007471019	0.0004852807	3.188155e-05	2.599041e-05	1.910556e-05	1.645418e-05	7.118591e-06	2.044453e-06	3.5399e-07	1.339107e-07	1.268527e-07	1.287979e-07	1.441573e-08
97	0.4940602	0.2891287	0.2792507	0.2690394	0.2590332	0.2515653	0.2230007	0.2067549	0.2003843	0.1951215	0.01275799	0.005212409	0.003787341	0.002919131	0.002445293	0.002083641	0.001549139	0.001042236	0.0007435607	0.0004857238	3.104774e-05	2.531509e-05	1.848731e-05	1.605125e-05	7.061053e-06	2.029347e-06	3.537756e-07	1.311626e-07	1.241532e-07	1.261225e-07
98	0.76173	0.4557824	0.2786161	0.2686353	0.2605709	0.2503855	0.2428589	0.2139397	0.1982569	0.191797	0.1867228	0.01268577	0.005091779	0.003684695	0.00280482	0.002323784	0.001956136	0.001413802	0.001055455	0.000753751	0.0004932832	3.141003e-05	2.560834e-05	1.867995e-05	1.627843e-05	7.174622e-06	2.061154e-06	3.577411e-07	1.318756e-07	1.248286e-07
99	0.940146	0.7579408	0.4482084	0.2715102	0.261311	0.2530431	0.2426228	0.2348893	0.2055177	0.1905016	0.1839394	0.1790463	0.0128382	0.005164425	0.003737448	0.002845428	0.002357662	0.001984797	0.001434569	0.001072564	0.0007661304	0.0005014746	3.189419e-05	2.600466e-05	1.896132e-05	1.65577e-05	7.30463e-06	2.097352e-06	3.620218e-07	1.327717e-07
100	0.5484866	0.4969989	0.3958042	0.3402341	0.2368209	0.2270418	0.220469	0.2108619	0.2039987	0.1761967	0.1621625	0.1558822	0.1515217	0.01146143	0.00450409	0.003162226	0.002312245	0.001844446	0.001485149	0.0009569975	0.0006114244	0.0003139487	5.575512e-05	3.036395e-05	2.474132e-05	1.805604e-05	1.57587e-05	6.944395e-06	1.994167e-06	3.440305e-07
101	0.1774717	0.1763362	0.1577099	0.1117779	0.07137439	0.04138746	0.04176502	0.04210619	0.04242495	0.0429091	0.04268838	0.04248076	0.04258735	0.04189258	0.0005745832	4.622722e-05	3.623489e-05	3.073204e-05	2.8479e-05	2.706284e-05	1.589286e-05	5.823095e-06	4.883378e-06	4.031982e-06	1.985655e-06	1.390979e-06	1.338998e-06	8.882067e-07	6.701647e-08	5.004924e-08
102	0.4446069	0.1540063	0.1534246	0.1348796	0.08870398	0.04779564	0.03126477	0.03154241	0.0317701	0.03201976	0.03238743	0.03247593	0.03230841	0.03234443	0.03167802	0.0004439017	2.837146e-05	2.257879e-05	1.966032e-05	1.865154e-05	1.806356e-05	1.107335e-05	3.225561e-06	2.909505e-06	2.603928e-06	1.377136e-06	1.016619e-06	9.851958e-07	6.066487e-07	3.859955e-08
103	0.08883907	0.05630629	0.04674156	0.04652465	0.04070003	0.02839487	0.02818506	0.01723146	0.01734652	0.017493	0.01758015	0.01777056	0.0177769	0.01756823	0.01750464	0.01695464	0.0002853736	1.566132e-05	1.177153e-05	1.000823e-05	9.414766e-06	9.14362e-06	8.24604e-06	1.845179e-06	1.713978e-06	1.593421e-06	8.713636e-07	6.4521e-07	6.320292e-07	3.919286e-07
104	0.4819391	0.03817601	0.02711571	0.02312914	0.02308847	0.02330219	0.01209678	0.01183168	0.00915749	0.009182508	0.009228555	0.009271802	0.009357216	0.009336049	0.009219893	0.009119747	0.008635565	0.0001794194	7.136678e-06	4.541226e-06	3.711974e-06	3.424936e-06	3.261882e-06	2.822837e-06	9.735948e-07	9.16167e-07	8.695164e-07	4.351871e-07	3.764381e-07	3.700517e-07
105	0.04340846	0.03084897	0.01231336	0.005064323	0.003800115	0.003757622	0.003778585	0.003680718	0.003522466	0.00270987	0.00265437	0.002608387	0.002576719	0.002566172	0.002494142	0.002401563	0.002267588	0.001924884	5.415646e-05	2.960869e-06	1.552839e-06	1.133445e-06	9.608842e-07	8.377471e-07	6.811278e-07	2.417431e-07	2.022461e-07	1.670215e-07	6.966706e-08	5.938692e-08
106	0.07734739	0.03677481	0.02416529	0.01020219	0.003276306	0.002226301	0.002208986	0.002216877	0.002161493	0.002060438	0.001569264	0.001499906	0.001436544	0.001394232	0.001365939	0.001297632	0.001209562	0.00106973	0.0007545774	3.003666e-05	2.333737e-06	1.095199e-06	7.085675e-07	5.433824e-07	4.192304e-07	2.962789e-07	1.29425e-07	8.994439e-08	5.512797e-08	2.202565e-08
107	0.9899881	0.07808901	0.03719798	0.0244313	0.01030573	0.003293788	0.002231946	0.002214575	0.002222768	0.002167206	0.002065139	0.001573344	0.001503056	0.00143881	0.001396034	0.001367346	0.001298156	0.001209042	0.001067095	0.0007471208	2.946794e-05	2.360953e-06	1.107111e-06	7.144615e-07	5.466144e-07	4.203388e-07	2.961712e-07	1.28353e-07	8.811842e-08	5.261197e-08
108	0.9437377	0.9342417	0.07590172	0.03698389	0.02415171	0.01005665	0.003153975	0.00209	0.002071008	0.002078044	0.00202248	0.001923417	0.001491961	0.001423911	0.00136136	0.001320526	0.001293817	0.00122954	0.001147193	0.00101612	0.0006938739	2.913626e-05	2.282918e-06	1.024869e-06	7.016582e-07	5.361064e-07	4.095716e-07	2.853199e-07	1.274389e-07	8.714807e-08
109	0.9557595	0.9319558	0.9224297	0.07575963	0.03725872	0.0242632	0.01009431	0.003105156	0.002030991	0.002011105	0.002017699	0.001960979	0.001860731	0.001442218	0.001372477	0.001308213	0.001266408	0.00123845	0.001172546	0.001090418	0.0009568954	0.0006302087	2.929395e-05	2.305824e-06	1.028006e-06	7.00411e-07	5.323481e-07	4.035684e-07	2.780034e-07	1.280348e-07
110	0.5894126	0.59256	0.5890539	0.5897959	0.01455261	0.002486709	0.002242315	0.001553748	0.001063878	0.0007486114	0.0007553012	0.0007606364	0.0007538538	0.000747287	0.000554189	0.0005556537	0.0005581376	0.0005601946	0.0005625207	0.0005569375	0.0005514636	0.0005410607	0.0005329349	4.234543e-06	3.030055e-07	2.28376e-07	1.742218e-07	1.349114e-07	1.129683e-07	9.276435e-08
111	0.5956509	0.5762037	0.579452	0.5774015	0.5783294	0.01234707	0.001956579	0.001861307	0.001352005	0.0009389106	0.0006288521	0.0006342179	0.0006384638	0.0006314293	0.0006264711	0.0004951824	0.0004980403	0.0005016712	0.0005047395	0.0005077735	0.0005043659	0.0005036603	0.0004988671	0.0004962889	3.822094e-06	2.636476e-07	2.021849e-07	1.499101e-07	1.109008e-07	8.929512e-08
112	0.7793789	0.5721861	0.5643866	0.5676015	0.5683521	0.5724636	0.01156231	0.001922379	0.001830093	0.001347591	0.0009325756	0.0006218342	0.0006274943	0.0006320113	0.0006252366	0.0006203442	0.0004896273	0.0004924675	0.0004962749	0.0004993999	0.0005038298	0.0005042566	0.0005036233	0.0004992127	0.0004969034	3.769233e-06	2.634609e-07	2.028163e-07	1.497818e-07	1.101017e-07
113	0.7291618	0.5701638	0.5589214	0.554485	0.5576796	0.5587534	0.5629007	0.01108026	0.001711237	0.001679503	0.001265593	0.0008909774	0.0005813973	0.0005868362	0.0005914416	0.0005858964	0.0005851382	0.0004583808	0.0004645828	0.0004713405	0.0004773874	0.000484713	0.0004910801	0.0004962088	0.000500574	0.0004998366	3.630428e-06	1.939332e-07	1.385496e-07	1.105486e-07
114	0.5823104	0.5526088	0.4491561	0.449125	0.451793	0.4540408	0.4568976	0.4610574	0.007099703	0.000834787	0.0008248301	0.0005798306	0.0003201193	9.096222e-05	9.080416e-05	9.034616e-05	8.49886e-05	8.340511e-05	7.437653e-05	7.549624e-05	7.668375e-05	7.776923e-05	7.905296e-05	8.020082e-05	8.122161e-05	8.249008e-05	8.356048e-05	4.967172e-07	4.54532e-08	3.565873e-08
115	0.1641707	0.1524362	0.1206065	0.02795637	0.02381404	0.0235863	0.02389214	0.02191287	0.02217478	0.0009099152	0.0005217832	0.0005279587	0.0005085511	0.0002518694	2.507087e-05	2.411168e-05	2.320273e-05	1.711645e-05	1.708332e-05	1.167693e-05	1.181231e-05	1.196701e-05	1.199869e-05	1.216189e-05	1.217482e-05	1.208463e-05	1.220383e-05	1.226274e-05	4.084939e-07	3.423077e-08
116	0.2006709	0.1510016	0.1397411	0.1075175	0.02509431	0.02153357	0.02133935	0.02162497	0.01990866	0.02015484	0.0006726862	0.0005211381	0.0005275545	0.0005093064	0.0002521574	2.399813e-05	2.30403e-05	2.214737e-05	1.608741e-05	1.606653e-05	1.091638e-05	1.104431e-05	1.118986e-05	1.123745e-05	1.139111e-05	1.140666e-05	1.132114e-05	1.143562e-05	1.149042e-05	2.617575e-07
117	0.5232633	0.1260045	0.1131499	0.1062288	0.07993452	0.01564217	0.01363694	0.01350793	0.01368994	0.01302021	0.01317339	0.0002035222	6.97934e-05	6.981746e-05	5.08197e-05	3.341192e-05	2.018937e-05	2.030553e-05	2.043566e-05	1.524162e-05	1.525106e-05	1.038681e-05	1.052603e-05	1.068066e-05	1.076477e-05	1.092829e-05	1.097237e-05	1.09376e-05	1.110861e-05	1.130144e-05
118	0.1283679	0.08368376	0.07535867	0.0635352	0.05634691	0.02951286	0.01307236	0.01144459	0.01132983	0.01148401	0.01108548	0.01121437	0.0001762002	5.305303e-05	5.288742e-05	4.851404e-05	3.16262e-05	1.87858e-05	1.889341e-05	1.901277e-05	1.381232e-05	1.380882e-05	1.005272e-05	1.019007e-05	1.034239e-05	1.043175e-05	1.059322e-05	1.064088e-05	1.063904e-05	1.081079e-05
119	0.05999	0.04270945	0.0301486	0.02378346	0.01754921	0.01249463	0.01201684	0.006346815	0.006109501	0.00614785	0.006234876	0.006068265	0.006153466	7.182803e-05	2.337157e-05	2.315975e-05	2.207786e-05	1.035569e-05	2.571216e-06	2.476101e-06	2.385822e-06	2.191429e-06	2.13704e-06	1.55426e-06	1.550533e-06	1.550046e-06	1.53382e-06	1.531049e-06	1.420304e-06	1.354721e-06
120	0.2049982	0.04659826	0.03389372	0.02168024	0.01522208	0.009018998	0.003844907	0.003299351	0.001428457	0.001300079	0.001296777	0.00131526	0.001256877	0.001274593	4.990642e-05	2.097003e-05	2.085248e-05	2.028844e-05	8.868663e-06	1.095788e-06	9.854235e-07	8.83371e-07	7.233447e-07	6.899468e-07	5.559229e-07	5.352953e-07	5.162999e-07	4.92967e-07	4.7205e-07	3.889842e-07
121	0.857438	0.1921536	0.04658369	0.03390802	0.02166685	0.01518615	0.008948208	0.003742556	0.003196936	0.001331659	0.001203265	0.001198802	0.00121613	0.001156788	0.001173336	4.868534e-05	2.082052e-05	2.071052e-05	2.017424e-05	8.874002e-06	1.053106e-06	9.430656e-07	8.457061e-07	6.897451e-07	6.561805e-07	5.364504e-07	5.154231e-07	4.960091e-07	4.726775e-07	4.512445e-07
122	0.9740769	0.8558879	0.1943799	0.04704692	0.03423272	0.02184026	0.01527774	0.00895846	0.003682798	0.003129335	0.001262492	0.001132632	0.001127231	0.001143761	0.001083332	0.001099075	4.896991e-05	2.109627e-05	2.099125e-05	2.046491e-05	8.99102e-06	1.04368e-06	9.317199e-07	8.326675e-07	6.742323e-07	6.401395e-07	5.243969e-07	5.02787e-07	4.827865e-07	4.587939e-07
123	0.6741854	0.6703033	0.6269403	0.1874923	0.04723881	0.03438289	0.02192133	0.01531344	0.008929461	0.003596593	0.00304385	0.00118201	0.001052933	0.001046534	0.00106211	0.001000974	0.001015779	4.673919e-05	2.07522e-05	2.065734e-05	2.018319e-05	9.004957e-06	9.857209e-07	8.75802e-07	7.876257e-07	6.387001e-07	6.044476e-07	4.978049e-07	4.755294e-07	4.548702e-07
124	0.7723775	0.6693184	0.6654218	0.6223497	0.189695	0.04773126	0.03472181	0.02210379	0.01541181	0.008943787	0.003538474	0.002977705	0.001113703	0.0009829601	0.0009755577	0.0009902927	0.000927899	0.0009418471	4.700214e-05	2.103052e-05	2.09411e-05	2.048095e-05	9.128079e-06	9.760091e-07	8.64113e-07	7.743761e-07	6.230337e-07	5.882292e-07	4.854976e-07	4.626122e-07
125	0.7665063	0.7108314	0.6387877	0.6348824	0.5923005	0.1903582	0.04772541	0.03469934	0.02203835	0.0153233	0.008824461	0.003391266	0.002826285	0.0009908319	0.0008597472	0.0008507547	0.0008637809	0.0008002374	0.0008124167	4.636261e-05	2.113751e-05	2.105779e-05	2.061335e-05	9.190071e-06	9.556647e-07	8.42391e-07	7.524458e-07	6.014858e-07	5.670075e-07	4.688942e-07
126	0.9035394	0.72529	0.6767973	0.6130803	0.6093845	0.5774856	0.1915659	0.0479324	0.03481471	0.02205714	0.0152878	0.008729309	0.003243683	0.002677212	0.0008665438	0.000734313	0.0007235203	0.0007347449	0.0006695713	0.0006798709	4.582303e-05	2.098893e-05	2.091251e-05	2.075807e-05	9.278682e-06	9.369674e-07	8.226292e-07	7.339185e-07	5.83571e-07	5.487237e-07
127	0.8541213	0.8508142	0.6781042	0.6294244	0.5754778	0.5718011	0.5585347	0.192717	0.04736643	0.03434215	0.02179259	0.0151539	0.008620468	0.003095066	0.002519498	0.000687296	0.0005517457	0.0005426284	0.0005511252	0.0004827323	0.0004901426	4.567402e-05	2.115728e-05	2.116946e-05	2.102723e-05	9.39948e-06	9.220853e-07	8.119381e-07	7.227129e-07	5.710953e-07
128	0.9964144	0.8542086	0.8508655	0.6757599	0.6264184	0.5725054	0.5687798	0.5559146	0.1952624	0.04797469	0.03477585	0.02205337	0.01532243	0.008695005	0.003087794	0.002503833	0.0006453266	0.0005071673	0.0004972142	0.0005051161	0.0004348925	0.0004416801	4.611367e-05	2.148062e-05	2.150031e-05	2.137085e-05	9.546398e-06	9.145632e-07	8.023079e-07	7.11396e-07
129	0.9995487	0.9962564	0.8544939	0.8511101	0.6735417	0.6235271	0.5697097	0.5659326	0.5534705	0.1978536	0.04855845	0.03522675	0.02232532	0.01549871	0.008773851	0.003081779	0.002489096	0.0006031599	0.0004622913	0.0004514675	0.0004587487	0.0003866153	0.0003927499	4.658062e-05	2.181435e-05	2.184189e-05	2.173094e-05	9.700287e-06	9.073801e-07	7.9292e-07
130	0.981525	0.9812825	0.9787587	0.8406539	0.8372337	0.6571359	0.6064153	0.5535777	0.5497483	0.5384992	0.2005364	0.04920478	0.03568992	0.02260363	0.01567824	0.008852845	0.003073096	0.002471815	0.0005581278	0.0004143819	0.0004027802	0.0004093838	0.0003352253	0.0003407146	4.682016e-05	2.211328e-05	2.214977e-05	2.207094e-05	9.822715e-06	8.635854e-07
131	0.6591729	0.6591294	0.6589607	0.6569179	0.636521	0.6330647	0.4503744	0.3995694	0.3481255	0.344383	0.3346413	0.05756098	0.03289502	0.02387028	0.01508979	0.01048019	0.00600328	0.002210314	0.00185208	0.0003698386	0.0002604677	0.0002501466	0.0002542627	0.0002042182	0.0002075451	3.509272e-05	1.233159e-05	1.21926e-05	1.204298e-05	5.016117e-06
132	0.485733	0.4294795	0.4294498	0.429293	0.4275311	0.4088967	0.4070495	0.4066853	0.3558333	0.3298095	0.3267657	0.3176882	0.05755565	0.03294642	0.02416118	0.01528774	0.01062114	0.006081752	0.002233839	0.001874812	0.000370339	0.0002596768	0.0002496719	0.0002539277	0.0002030719	0.0002064796	3.52249e-05	1.234304e-05	1.220952e-05	1.207381e-05
133	0.3334657	0.2935158	0.2869086	0.2868796	0.2867853	0.2855732	0.2714981	0.2714775	0.2714643	0.2710668	0.2472341	0.2468028	0.2396038	0.03149273	0.01439352	0.0106404	0.006779542	0.004718464	0.002774187	0.00112891	0.0009627936	0.0002035885	0.0001420633	0.0001367973	0.0001391929	0.0001141495	0.0001160443	2.905484e-05	6.635179e-06	6.533573e-06
134	0.1828854	0.1262583	0.1168294	0.1147842	0.114757	0.1147127	0.1142285	0.1095663	0.109557	0.1095504	0.1091703	0.09319697	0.0927892	0.09135161	0.00804019	0.0004217166	0.0002786614	0.0001381439	7.477529e-05	6.013736e-05	5.058114e-05	3.033388e-05	2.23053e-05	1.683036e-05	1.692883e-05	1.721854e-05	1.633476e-05	1.655417e-05	7.16847e-06	1.662883e-06
135	0.3175771	0.09675301	0.06089681	0.05543257	0.05496943	0.05496939	0.05495179	0.05469257	0.05284243	0.05283866	0.05283655	0.05283464	0.03863133	0.03862973	0.03797008	0.0001772598	3.506928e-05	1.488241e-05	9.83171e-06	8.504744e-06	7.846894e-06	7.369923e-06	6.939054e-06	6.755666e-06	6.784479e-06	6.895716e-06	7.015538e-06	7.107622e-06	7.196139e-06	2.269755e-07
136	0.244245	0.208295	0.06076037	0.03922913	0.03569714	0.03548371	0.03548371	0.03547626	0.03536649	0.03455272	0.03455111	0.03455018	0.03454945	0.03432862	0.03432848	0.03415379	5.370712e-05	1.768451e-05	4.893499e-06	2.547809e-06	2.047892e-06	1.607494e-06	1.253712e-06	1.108304e-06	9.566135e-07	9.535974e-07	9.653565e-07	9.802275e-07	9.773733e-07	9.760495e-07
137	0.4375194	0.2427601	0.2093515	0.06019645	0.03839785	0.03483081	0.03461601	0.03461601	0.03461101	0.03453736	0.03399056	0.03398947	0.03398883	0.03398836	0.0338397	0.03383963	0.03372228	2.137595e-05	1.86143e-06	1.164735e-06	1.001264e-06	9.471694e-07	8.934854e-07	8.654408e-07	7.724837e-07	6.329033e-07	6.314797e-07	6.403802e-07	6.504636e-07	6.54559e-07
138	0.5547884	0.4189617	0.2371591	0.2084157	0.05913181	0.0374207	0.03387711	0.03366416	0.03366416	0.03366161	0.03362408	0.03334432	0.03334375	0.03334339	0.03334315	0.03326599	0.03326594	0.03320556	1.860077e-05	1.351896e-06	9.449056e-07	8.393822e-07	8.016252e-07	7.5897e-07	7.36638e-07	6.761259e-07	5.463004e-07	5.443677e-07	5.523506e-07	5.620374e-07
139	0.1312199	0.09279947	0.08414106	0.0009405186	0.0004026837	0.0002215244	0.0001986855	0.0001868987	0.0001860701	0.0001860678	0.0001859617	0.0001844361	0.000169895	0.0001698518	0.0001697751	0.0001697318	0.0001637843	0.0001637549	0.0001601156	1.505135e-05	7.636191e-07	5.427164e-07	5.267428e-07	5.267797e-07	5.165213e-07	5.147015e-07	5.178634e-07	4.366268e-07	4.39784e-07	4.470596e-07
140	0.1070373	0.07445273	0.04070088	0.04040939	0.0005045043	0.0002085307	0.0001393143	0.0001333487	0.0001318583	0.0001314177	0.0001314155	0.0001313539	0.0001304836	0.0001211562	0.0001211222	0.0001210496	0.0001210094	0.0001164637	0.0001164372	0.0001139326	1.044847e-06	5.79856e-07	3.578638e-07	3.451149e-07	3.455286e-07	3.344372e-07	3.312285e-07	3.326925e-07	2.621939e-07	2.627332e-07
141	0.4449862	0.04143451	0.02753045	0.01248325	0.01243007	0.0002959362	0.0001276153	8.551778e-05	8.184319e-05	8.091757e-05	8.082402e-05	8.08218e-05	8.077777e-05	8.01657e-05	7.390381e-05	7.387319e-05	7.380152e-05	7.376224e-05	7.158113e-05	7.155707e-05	6.994439e-05	5.536295e-07	3.274632e-07	1.567774e-07	1.447893e-07	1.445828e-07	1.453317e-07	1.470211e-07	1.469502e-07	1.025442e-07
142	0.459472	0.44163	0.03126572	0.01718997	0.002842496	0.00281712	3.434394e-05	1.511949e-05	1.063352e-05	1.01195e-05	9.979208e-06	9.963019e-06	9.962815e-06	9.948871e-06	9.74642e-06	8.293319e-06	8.290054e-06	8.283125e-06	8.249206e-06	7.59959e-06	7.587363e-06	7.171511e-06	2.764712e-07	2.218958e-07	4.753894e-08	3.514653e-08	3.382172e-08	3.310236e-08	3.271619e-08	3.300417e-08
143	0.4722643	0.4546685	0.446253	0.02883918	0.01457735	0.0006557993	0.0006390359	6.497419e-06	2.958436e-06	2.093149e-06	1.990703e-06	1.964959e-06	1.959606e-06	1.959597e-06	1.956989e-06	1.918658e-06	1.648559e-06	1.647986e-06	1.647387e-06	1.626223e-06	1.414019e-06	1.413243e-06	1.348284e-06	2.273012e-07	1.944037e-07	2.181052e-08	9.381516e-09	8.035446e-09	6.983506e-09	6.193736e-09
144	0.4032955	0.3985752	0.396459	0.3962125	0.01939024	0.005299298	4.062479e-05	3.353301e-05	9.095347e-07	4.909471e-07	3.86343e-07	3.738966e-07	3.711431e-07	3.697065e-07	3.697011e-07	3.695492e-07	3.673851e-07	3.515414e-07	3.514901e-07	3.511718e-07	3.298317e-07	1.900101e-07	1.892961e-07	1.840164e-07	8.870942e-08	5.708655e-08	1.281197e-08	3.434963e-09	2.197818e-09	1.218239e-09
145	0.1649562	0.02378657	0.01970636	0.01815309	0.0180793	0.01775823	0.005022142	2.208671e-05	1.545676e-05	5.458264e-07	2.446415e-07	1.7597e-07	1.686087e-07	1.670439e-07	1.662995e-07	1.662941e-07	1.662363e-07	1.654593e-07	1.594606e-07	1.59429e-07	1.591163e-07	1.373959e-07	1.277266e-07	1.270024e-07	1.241153e-07	7.319407e-08	4.089648e-08	9.5311e-09	3.253954e-09	2.020562e-09
146	0.2473252	0.1488499	0.01090323	0.006952916	0.005424111	0.005364389	0.005153277	0.005099985	1.695334e-05	1.023715e-05	4.6369e-07	1.940311e-07	1.333051e-07	1.284568e-07	1.272081e-07	1.264844e-07	1.264843e-07	1.264607e-07	1.26112e-07	1.230974e-07	1.230923e-07	1.230895e-07	1.230871e-07	1.142071e-07	1.142046e-07	1.120052e-07	7.371486e-08	4.086722e-08	9.340755e-09	3.234334e-09
147	0.239734	0.1835301	0.1440656	0.005781207	0.001803634	0.0002816044	0.0002260745	0.0002251372	0.0002186711	1.596505e-05	9.229664e-06	4.428944e-07	1.82207e-07	1.244603e-07	1.199596e-07	1.1881e-07	1.181919e-07	1.181919e-07	1.181736e-07	1.179038e-07	1.156116e-07	1.156077e-07	1.156056e-07	1.156041e-07	1.089492e-07	1.089488e-07	1.071146e-07	7.454772e-08	4.116251e-08	9.112542e-09
148	0.230196	0.2228296	0.1847035	0.1463315	0.005853915	0.001822383	0.000275449	0.0002198956	0.0002195098	0.0002173599	1.09469e-05	8.814648e-06	3.877418e-07	1.506509e-07	1.009611e-07	9.745827e-08	9.659139e-08	9.605257e-08	9.605256e-08	9.60488e-08	9.599339e-08	9.480774e-08	9.480694e-08	9.480649e-08	9.480618e-08	9.454869e-08	9.454846e-08	9.438621e-08	7.593203e-08	4.195819e-08
149	0.1238722	0.01921257	0.01812594	0.01528641	0.0057988	0.005548278	0.001554709	4.154696e-05	3.850535e-06	3.716736e-06	3.635234e-06	4.072731e-07	3.733425e-07	2.794533e-08	2.177321e-08	1.845289e-08	1.821192e-08	1.815895e-08	1.814773e-08	1.814773e-08	1.814728e-08	1.814061e-08	1.805225e-08	1.805215e-08	1.805209e-08	1.805205e-08	1.800655e-08	1.800648e-08	1.7971e-08	1.167116e-09
150	0.1071215	0.07958835	0.004808454	0.004097937	0.002053385	0.001617269	0.001586386	0.001569436	3.834589e-05	5.590893e-07	4.281762e-07	3.771493e-07	2.035183e-07	2.009399e-07	1.942476e-08	1.707143e-08	1.48741e-08	1.471031e-08	1.467615e-08	1.467339e-08	1.467339e-08	1.467295e-08	1.466649e-08	1.460573e-08	1.460564e-08	1.460558e-08	1.460555e-08	1.457559e-08	1.457552e-08	1.455173e-08
151	0.06006948	0.05605129	0.0543734	0.002827718	0.002369679	0.0004403117	5.952929e-05	3.93309e-05	3.850103e-05	3.813147e-05	5.019565e-07	3.733633e-07	3.236522e-07	1.676174e-07	1.654326e-07	1.757136e-09	4.521392e-10	2.985085e-10	2.851347e-10	2.81151e-10	2.80521e-10	2.805201e-10	2.80454e-10	2.794653e-10	2.660381e-10	2.660226e-10	2.66014e-10	2.660066e-10	2.548952e-10	2.548609e-10
152	0.1337584	0.04238641	0.04062689	0.03916586	0.002080705	0.001758723	0.0003155535	1.699447e-05	1.719502e-06	1.06878e-06	7.461143e-07	4.709608e-07	3.397615e-07	2.891195e-07	1.323875e-07	1.30484e-07	1.171005e-09	1.658434e-10	1.042426e-10	9.963906e-11	9.835646e-11	9.800628e-11	9.800595e-11	9.79875e-11	9.769563e-11	9.457615e-11	9.457076e-11	9.456768e-11	9.456412e-11	9.25882e-11
153	0.4634129	0.1030842	0.03103377	0.0294061	0.02794648	0.001262246	0.001029326	0.0002068091	1.310634e-05	1.308976e-06	7.741541e-07	4.856301e-07	2.15998e-07	2.150918e-07	2.126029e-07	8.823436e-08	8.661112e-08	1.020148e-09	1.279776e-10	7.946874e-11	7.591161e-11	7.48911e-11	7.458779e-11	7.458751e-11	7.457129e-11	7.431336e-11	7.190766e-11	7.190284e-11	7.19001e-11	7.18968e-11
154	0.3733945	0.3076093	0.04736056	0.01952656	0.01824703	0.01707041	0.0004431502	0.0002970031	6.400449e-05	5.676084e-06	4.890657e-07	3.128275e-07	2.639977e-07	3.668007e-08	3.607653e-08	3.564094e-08	2.534906e-08	2.45953e-08	1.274016e-10	4.099838e-11	2.654783e-11	2.549453e-11	2.521699e-11	2.516576e-11	2.51655e-11	2.516163e-11	2.508492e-11	2.431575e-11	2.431353e-11	2.431221e-11
155	0.3692941	0.07631499	0.04555104	0.02640421	0.015349	0.01466599	0.01346806	0.0002100955	9.541778e-05	1.728403e-05	3.908597e-06	1.741892e-07	4.916538e-08	1.872792e-08	1.198551e-08	1.164136e-08	1.128849e-08	6.279685e-09	5.62048e-09	3.981962e-11	2.056453e-11	1.325179e-11	1.273863e-11	1.262363e-11	1.260651e-11	1.260641e-11	1.260617e-11	1.260302e-11	1.245802e-11	1.245795e-11
156	0.09433132	0.07716668	0.04247472	0.0182167	0.01127923	0.006629959	0.006266224	0.006254902	9.496053e-05	3.602361e-05	7.091293e-06	2.093413e-06	9.273494e-08	2.766393e-08	1.203285e-08	7.583653e-09	7.577462e-09	7.497081e-09	2.715186e-09	2.108744e-09	1.789569e-11	9.114265e-12	5.872124e-12	5.64441e-12	5.593201e-12	5.585163e-12	5.585082e-12	5.584925e-12	5.582836e-12	5.511742e-12
157	0.144178	0.05144159	0.03747826	0.01078444	0.00743227	0.004869141	0.003443073	0.00309562	0.00308429	4.795262e-05	1.786963e-05	3.568882e-06	1.081478e-06	4.708409e-08	1.384423e-08	7.518693e-09	6.077136e-09	6.073382e-09	6.004657e-09	1.663722e-09	1.052684e-09	7.260522e-12	2.52434e-12	1.624877e-12	1.561338e-12	1.546848e-12	1.543763e-12	1.543687e-12	1.543548e-12	1.541688e-12
158	0.1514637	0.1180904	0.03859315	0.02436639	0.00417958	0.002648429	0.001336176	0.0004171571	6.508458e-05	5.360737e-05	1.201416e-06	7.174298e-07	2.027405e-07	2.396705e-08	6.258966e-09	5.635275e-09	5.475377e-09	5.140893e-09	5.138224e-09	5.075945e-09	7.128985e-10	9.134426e-11	4.009491e-12	1.780841e-12	1.156955e-12	1.111815e-12	1.10154e-12	1.098985e-12	1.098914e-12	1.09879e-12
159	0.4093034	0.1466033	0.1132642	0.03300607	0.01849862	0.002597046	0.001715887	0.0007598019	4.554101e-05	3.902145e-05	2.728394e-05	7.542201e-07	5.084976e-07	1.520729e-07	1.111219e-08	1.48991e-09	1.140193e-09	1.039835e-09	7.553392e-10	7.539365e-10	7.528871e-10	7.108432e-10	7.545087e-11	3.577011e-12	1.455727e-12	9.43423e-13	9.065198e-13	8.980934e-13	8.95899e-13	8.958982e-13
160	0.5712403	0.3753269	0.13255	0.09890562	0.01779601	0.01776529	0.00200591	0.001322441	0.000578242	2.152153e-05	1.743268e-05	1.738178e-05	5.639892e-07	3.928844e-07	1.212904e-07	7.862321e-09	6.641603e-10	4.076116e-10	3.339082e-10	9.915111e-11	9.803643e-11	9.751651e-11	6.743672e-11	6.397e-11	3.213678e-12	1.137342e-12	7.359973e-13	7.071446e-13	7.005449e-13	6.991841e-13
161	0.3430941	0.315427	0.1159496	0.02306957	0.02056104	0.01512647	0.01510528	0.001455042	0.0009590812	0.0004184034	1.365758e-05	1.068199e-05	1.066269e-05	3.980321e-07	2.947318e-07	9.260615e-08	4.666243e-09	4.644375e-10	2.956789e-10	2.447029e-10	6.005673e-11	5.918504e-11	5.885776e-11	4.254821e-11	4.021263e-11	1.101653e-12	8.277995e-13	5.350867e-13	5.140399e-13	5.092099e-13
162	0.3870762	0.2832537	0.2720694	0.06879665	0.01555825	0.01386722	0.01253362	0.01252087	0.000903506	0.0005963204	0.0002596909	7.537021e-06	5.700647e-06	5.68863e-06	2.510743e-07	1.943949e-07	6.217516e-08	2.688101e-09	2.861395e-10	1.943889e-10	1.613478e-10	3.815069e-11	3.756715e-11	3.73553e-11	2.675196e-11	2.574114e-11	6.774961e-13	5.108828e-13	3.333873e-13	3.201888e-13
163	0.4147029	0.2716605	0.2591034	0.2509311	0.04325332	0.003316933	0.001827111	0.0008326717	0.0008257278	0.000523793	0.0003452861	0.0001498022	3.564208e-06	2.500327e-06	2.49313e-06	1.5263e-07	1.274486e-07	4.163848e-08	1.356745e-09	1.723324e-10	1.258199e-10	1.089356e-10	2.470912e-11	2.431233e-11	2.417774e-11	1.742997e-11	1.734728e-11	4.019465e-13	2.958474e-13	1.934256e-13
164	0.1214501	0.04073013	0.03361668	0.0324867	0.03153046	0.03107448	0.001912324	0.0005771648	0.000337175	0.0003343192	0.0002060076	0.0001361056	5.930651e-05	1.696636e-06	1.279075e-06	1.275973e-06	7.969048e-08	6.680616e-08	2.144684e-08	6.925896e-10	8.547871e-11	6.266083e-11	5.417596e-11	1.170412e-11	1.150421e-11	1.144405e-11	8.920579e-12	8.884516e-12	1.669989e-13	1.159809e-13
165	0.2398095	0.07483752	0.005461244	0.002881885	0.002061478	0.001742907	0.001701116	0.001282473	5.425656e-05	1.799849e-05	1.774521e-05	1.23226e-05	8.077508e-06	3.495264e-06	5.005763e-08	2.615145e-08	2.594407e-08	1.770974e-09	1.508208e-09	2.589322e-10	1.126355e-11	1.00315e-12	4.709169e-13	3.371196e-13	1.296937e-13	1.285435e-13	1.2711e-13	1.178178e-13	1.171529e-13	1.074965e-14
166	0.6708518	0.2453755	0.07616658	0.004891885	0.00239261	0.001600874	0.001292606	0.00126295	0.001056839	4.243359e-05	9.220443e-06	9.107259e-06	6.387284e-06	4.160978e-06	1.805354e-06	3.088267e-08	1.904188e-08	1.891534e-08	3.680958e-10	1.755964e-10	4.162196e-11	6.77335e-12	4.922674e-13	1.875825e-13	1.229379e-13	2.522507e-14	2.474552e-14	2.403201e-14	2.262094e-14	2.243637e-14
167	0.5772168	0.51359	0.09183627	0.07746024	0.004790346	0.002279034	0.001467464	0.001187595	0.001180162	0.001055493	1.229665e-05	5.543282e-06	5.454822e-06	3.835255e-06	2.517007e-06	1.093808e-06	1.900368e-08	1.183294e-08	1.174695e-08	2.040207e-10	9.13476e-11	2.296486e-11	4.182302e-12	2.824088e-13	9.49307e-14	5.553017e-14	1.457235e-14	1.42742e-14	1.360572e-14	1.282018e-14
168	0.5320816	0.5200694	0.5120805	0.09028224	0.07650245	0.003597095	0.001128785	0.0003330663	5.158582e-05	4.869865e-05	9.282328e-06	7.385629e-06	1.741971e-06	1.719793e-06	1.216635e-06	7.828006e-07	3.400066e-07	5.858147e-09	3.586926e-09	3.561358e-09	6.272364e-11	2.843106e-11	7.379573e-12	1.280087e-12	8.862829e-14	3.107664e-14	1.893748e-14	4.531856e-15	4.439915e-15	4.409394e-15
169	0.1699776	0.1396271	0.1387851	0.1345749	0.08465946	0.07889322	0.003669741	0.001135267	0.0003147523	2.596613e-05	2.407291e-05	2.722199e-06	1.208496e-06	9.023773e-07	8.856108e-07	6.216711e-07	4.11081e-07	1.79252e-07	3.042638e-09	1.810852e-09	1.794697e-09	3.191322e-11	1.454415e-11	3.804742e-12	6.504677e-13	4.551166e-14	1.594751e-14	9.696e-15	2.393589e-15	2.343379e-15
170	0.5017755	0.1522728	0.1327342	0.13232	0.129212	0.07870282	0.07859891	0.003614705	0.001105769	0.0003167828	1.887402e-05	1.727957e-05	1.27419e-06	8.941035e-07	6.655066e-07	6.584772e-07	4.621606e-07	3.050283e-07	1.327898e-07	2.03915e-09	1.119407e-09	1.11085e-09	2.036933e-11	9.526557e-12	2.603553e-12	4.11426e-13	3.107379e-14	1.131577e-14	7.089533e-15	1.698243e-15
171	0.6652032	0.1884232	0.1014622	0.08658944	0.08617677	0.08373548	0.08139767	0.08130054	0.003732436	0.001139301	0.000323239	1.540123e-05	1.396882e-05	1.021756e-06	7.158537e-07	5.358038e-07	5.298105e-07	3.718133e-07	2.45248e-07	1.065449e-07	1.517566e-09	7.73907e-10	7.670533e-10	1.439822e-11	6.906647e-12	1.95969e-12	2.871248e-13	2.327362e-14	8.719934e-15	5.573962e-15
172	0.3139599	0.2458546	0.09771822	0.0194038	0.008240966	0.007820612	0.005894321	0.003887217	0.00384249	0.003821198	0.001174608	0.0003310324	1.245653e-05	1.115776e-05	8.114135e-07	5.693371e-07	4.263407e-07	4.212274e-07	2.95526e-07	1.944723e-07	8.423327e-08	1.075302e-09	4.815009e-10	4.761346e-10	9.337113e-12	4.679927e-12	1.412703e-12	1.819683e-13	1.666978e-14	6.52242e-15
173	0.4756856	0.2171409	0.1506781	0.08966103	0.01432035	0.005228857	0.004795785	0.00311939	0.001258874	0.001230375	0.001223742	0.00121387	0.0003412704	1.103203e-05	9.78374e-06	7.098308e-07	4.986238e-07	3.735261e-07	3.68812e-07	2.586927e-07	1.699163e-07	7.342139e-08	8.502994e-10	3.286097e-10	3.239612e-10	6.710237e-12	3.535332e-12	1.13612e-12	1.271436e-13	1.332208e-14
174	0.4414573	0.394801	0.1896939	0.1243623	0.08214463	0.01161635	0.003953624	0.003508926	0.002093789	0.000391375	0.0003649077	0.000359466	0.0003525751	0.0003522918	9.494301e-06	8.3026e-06	5.956668e-07	4.221152e-07	3.16127e-07	3.121613e-07	2.188698e-07	1.433812e-07	6.176554e-08	6.71935e-10	2.289242e-10	2.250668e-10	4.87512e-12	2.661618e-12	9.069093e-13	9.074061e-14
175	0.3544344	0.3531753	0.3512944	0.1649171	0.1005789	0.07438998	0.007195678	0.003170556	0.002709495	0.001578348	4.389757e-05	1.950225e-05	1.468853e-05	8.639972e-06	8.408308e-06	7.871174e-06	6.742611e-06	4.757047e-07	3.384934e-07	2.547621e-07	2.512758e-07	1.763346e-07	1.151889e-07	4.959835e-08	4.831349e-10	1.230356e-10	1.20012e-10	2.957243e-12	1.765987e-12	6.669589e-13
176	0.2071176	0.199134	0.1984762	0.1972107	0.1511289	0.08839727	0.06921349	0.005695903	0.002672334	0.002193653	0.001383441	3.717418e-05	1.497973e-05	1.088394e-05	5.795941e-06	5.623428e-06	5.225809e-06	4.949703e-06	3.40247e-07	2.453136e-07	1.849189e-07	1.819997e-07	1.278609e-07	8.319134e-08	3.582206e-08	3.430193e-10	7.833003e-11	7.627335e-11	2.011739e-12	1.242003e-12
177	0.1361926	0.1358734	0.1327921	0.1325808	0.1319686	0.105081	0.07449864	0.06286395	0.00360147	0.001712036	0.001639454	0.001168779	2.585605e-05	6.378548e-06	4.929342e-06	3.325533e-06	3.232476e-06	2.99918e-06	2.836309e-06	1.834238e-07	1.431661e-07	1.082893e-07	1.070616e-07	7.544338e-08	4.859082e-08	2.091548e-08	1.773769e-10	2.459884e-11	2.376628e-11	8.631161e-13
178	0.02226356	0.01613491	0.01610272	0.01532027	0.01526785	0.01513263	0.009264268	0.008132704	0.004780378	0.002069317	0.00104284	0.001041044	0.0009378477	1.842534e-05	1.580581e-06	1.072544e-06	7.227947e-07	7.028619e-07	6.520464e-07	6.165351e-07	4.117584e-08	3.256816e-08	2.494408e-08	2.473566e-08	1.784543e-08	1.058448e-08	4.558185e-09	3.883088e-11	5.619889e-12	5.439515e-12
179	0.003439562	0.0008908736	0.0008499371	0.0008485814	0.0008045926	0.000798146	0.0007872632	0.0003973214	0.0003223745	0.0001731592	5.027697e-05	2.977031e-05	2.834145e-05	2.174271e-05	1.707803e-05	3.417006e-07	6.983976e-08	4.614475e-08	4.487172e-08	4.161643e-08	3.935114e-08	2.58486e-09	2.024195e-09	1.501869e-09	1.488515e-09	1.042924e-09	6.936413e-10	3.013701e-10	3.007744e-12	7.886668e-13
180	0.005645481	0.0002423465	9.811372e-05	7.655693e-05	7.603787e-05	3.901285e-05	3.513987e-05	3.299714e-05	2.904033e-05	2.64806e-05	2.503826e-05	2.115027e-05	1.619086e-05	1.599913e-05	1.587718e-05	1.58348e-05	2.440137e-07	1.867504e-09	4.439101e-10	4.270725e-10	3.907232e-10	3.742151e-10	7.900541e-11	6.281186e-11	1.885586e-11	1.872537e-11	8.554802e-12	5.944612e-12	2.718801e-12	5.126369e-13
181	0.6714378	0.002138089	0.0001596838	5.25443e-05	4.034363e-05	3.991268e-05	2.848244e-05	2.4457e-05	2.243261e-05	2.031605e-05	1.818948e-05	1.739288e-05	1.399342e-05	8.845796e-06	8.822073e-06	8.727067e-06	8.705017e-06	2.434412e-07	1.599196e-09	2.468213e-10	2.353149e-10	2.125057e-10	2.058938e-10	7.09458e-11	5.653479e-11	1.256621e-11	1.249596e-11	3.879224e-12	2.789229e-12	1.405114e-12
182	0.1822776	0.1768231	0.000406311	5.787395e-05	1.444925e-05	1.311501e-05	1.278541e-05	1.161038e-05	9.3414e-06	8.208406e-06	7.393228e-06	6.069914e-06	5.76613e-06	3.993781e-06	1.096364e-06	1.093115e-06	1.045912e-06	1.038133e-06	1.333905e-07	1.403253e-09	1.103093e-10	1.01679e-10	9.186341e-11	9.0218e-11	4.125403e-11	3.011536e-11	5.725513e-12	5.706714e-12	1.045186e-12	7.814041e-13
183	0.01588999	0.01353453	0.01199833	4.983321e-05	4.387004e-06	2.285112e-06	2.011212e-06	1.745229e-06	1.173577e-06	1.135398e-06	1.115852e-06	9.747589e-07	2.913986e-07	2.264732e-07	1.592152e-07	1.093514e-07	1.083853e-07	1.053084e-07	1.036151e-07	1.550755e-08	8.659989e-10	5.275919e-11	4.458844e-11	4.335771e-11	4.257687e-11	1.004579e-11	1.608528e-12	1.101861e-12	1.092933e-12	3.657809e-13
184	0.02223164	0.008597823	0.007573764	0.007448212	3.230971e-05	3.375234e-06	1.920712e-06	1.730353e-06	1.448722e-06	9.371826e-07	9.291116e-07	9.258168e-07	8.390456e-07	1.304401e-07	8.674653e-08	5.10569e-08	4.078538e-08	4.057629e-08	3.895145e-08	3.790036e-08	2.32723e-09	3.723928e-10	4.585305e-11	3.958816e-11	3.885665e-11	3.835522e-11	1.008477e-11	1.224787e-12	8.422229e-13	8.363127e-13
185	0.2475808	0.01907786	0.006723036	0.006567499	0.006535723	3.003379e-05	3.271033e-06	1.808885e-06	1.624969e-06	1.324731e-06	9.55738e-07	9.478252e-07	9.447019e-07	8.537466e-07	9.892917e-08	5.298867e-08	1.581602e-08	5.95561e-09	5.931735e-09	4.236313e-09	3.133314e-09	1.51159e-09	3.363203e-10	4.638044e-11	4.198648e-11	4.121974e-11	4.069275e-11	1.071505e-11	1.269572e-12	8.649584e-13
186	0.8381166	0.2439638	0.01965978	0.006914377	0.006796808	0.006765847	3.087361e-05	3.140267e-06	1.613367e-06	1.416774e-06	1.403012e-06	1.019439e-06	1.011186e-06	1.007963e-06	9.116448e-07	1.031218e-07	5.43956e-08	1.491983e-08	4.854115e-09	4.833848e-09	3.03714e-09	1.86681e-09	8.244962e-10	3.552604e-10	4.920272e-11	4.481889e-11	4.400522e-11	4.344554e-11	1.143767e-11	1.327644e-12
187	0.9080785	0.7497765	0.1760388	0.01848462	0.006798056	0.006694929	0.006665167	3.049697e-05	3.184504e-06	1.66421e-06	1.453287e-06	1.438551e-06	1.065674e-06	1.057e-06	1.054025e-06	9.647234e-07	9.741242e-08	5.069186e-08	1.282325e-08	2.928646e-09	2.90983e-09	1.257036e-09	1.778264e-10	1.006963e-10	5.534184e-11	4.791286e-11	4.504937e-11	4.429712e-11	4.378052e-11	1.218663e-11
188	0.7996317	0.7749136	0.6159406	0.1614501	0.01710467	0.007217692	0.007115986	0.007084149	3.213395e-05	3.368761e-06	1.746873e-06	1.51849e-06	1.502784e-06	1.145606e-06	1.136428e-06	1.133334e-06	1.03744e-06	1.043319e-07	5.405651e-08	1.337966e-08	3.077123e-09	3.058463e-09	1.28732e-09	1.287075e-10	7.94225e-11	5.332792e-11	4.732524e-11	4.561709e-11	4.48097e-11	4.425479e-11
189	0.7471581	0.5361158	0.5144647	0.4581808	0.1290032	0.01157181	0.007822535	0.007733142	0.007698612	3.489882e-05	3.648312e-06	1.885748e-06	1.636673e-06	1.635853e-06	1.246995e-06	1.237239e-06	1.234009e-06	1.130122e-06	1.128605e-07	5.831249e-08	1.41948e-08	3.269781e-09	3.249742e-09	1.334318e-09	7.915866e-11	6.296344e-11	3.522005e-11	2.88488e-11	2.699782e-11	2.612352e-11
190	0.5023024	0.4963479	0.4237244	0.4150842	0.3813951	0.112062	0.01092207	0.008503182	0.008411495	0.008373781	3.664042e-05	2.851849e-06	9.299299e-07	7.008409e-07	7.001084e-07	2.741432e-07	2.63675e-07	2.60281e-07	1.467341e-07	1.20777e-07	6.106456e-08	1.513554e-08	3.529898e-09	3.508861e-09	1.419008e-09	4.732894e-11	2.968086e-11	2.448207e-11	1.784643e-11	1.586689e-11
191	0.3697764	0.3633785	0.3614714	0.3498491	0.3422364	0.3140762	0.09105824	0.007191598	0.00543477	0.005389718	0.005364996	2.323542e-05	1.664797e-06	5.462679e-07	5.424389e-07	5.418821e-07	6.960951e-08	5.83328e-08	5.673456e-08	4.039819e-08	3.180959e-08	2.483398e-08	8.379426e-09	5.734235e-10	5.600373e-10	2.187398e-10	1.037569e-11	7.464371e-12	6.45704e-12	5.347989e-12
192	0.2970326	0.2903213	0.2832537	0.2811183	0.2693758	0.261886	0.2399069	0.07094636	0.007435502	0.006059772	0.006012127	0.00598446	2.529016e-05	1.289359e-06	7.509394e-08	7.103658e-08	7.049931e-08	6.912365e-08	5.67519e-08	5.511902e-08	3.724134e-08	3.021782e-08	2.256811e-08	8.864426e-09	6.202846e-10	6.059445e-10	2.374742e-10	9.233423e-12	6.061838e-12	5.03107e-12
193	0.3995894	0.1866799	0.1795684	0.1715414	0.169132	0.1605084	0.159101	0.1450435	0.04523869	0.007737026	0.006859797	0.00682092	0.006799736	2.866798e-05	1.406157e-06	6.498735e-08	6.074202e-08	6.022812e-08	5.932902e-08	5.599595e-08	5.433278e-08	3.41187e-08	2.852866e-08	1.988545e-08	9.526169e-09	6.952149e-10	6.790648e-10	2.685743e-10	1.026198e-11	6.693906e-12
194	0.9951096	0.308966	0.0651171	0.05709011	0.04790902	0.04513348	0.03680282	0.03645676	0.0318034	0.01455235	0.008131851	0.007836913	0.007795093	0.007770748	3.25755e-05	1.425971e-06	6.504833e-08	6.068636e-08	6.053805e-08	5.997796e-08	5.681254e-08	5.613522e-08	3.2833e-08	2.820272e-08	1.824285e-08	9.936118e-09	7.878221e-10	7.694643e-10	3.087633e-10	1.14188e-11
195	0.9898639	0.985856	0.2548977	0.03342627	0.02497007	0.01678534	0.01666874	0.009691664	0.009551089	0.009367497	0.007663784	0.007021811	0.006859772	0.00681169	0.006787962	2.843071e-05	1.212162e-06	6.114002e-08	5.80085e-08	5.792372e-08	5.748235e-08	5.744477e-08	5.679062e-08	3.204072e-08	2.737155e-08	1.664873e-08	8.68295e-09	8.307123e-10	8.146293e-10	3.281619e-10
196	0.9811607	0.9811481	0.9807424	0.1960486	0.02529008	0.01639924	0.01109815	0.01104169	0.006279186	0.006221101	0.006119399	0.005163021	0.004823779	0.004720633	0.004715273	0.004703744	1.972583e-05	8.452163e-07	6.143926e-08	5.909429e-08	5.902001e-08	5.864355e-08	5.86192e-08	5.810241e-08	3.144768e-08	2.64435e-08	1.500809e-08	6.491598e-09	8.783357e-10	8.670509e-10
197	0.9257315	0.9250186	0.9250152	0.9248515	0.04909317	0.0150762	0.005425393	0.004070161	0.004054487	0.002577594	0.002553261	0.002464942	0.001633325	0.001326738	0.001223012	0.001217456	0.001213257	5.220913e-06	3.042798e-07	6.112559e-08	6.001678e-08	5.994715e-08	5.96694e-08	5.964941e-08	5.907338e-08	2.927166e-08	2.366931e-08	1.184949e-08	2.350395e-09	9.683628e-10
198	0.9224245	0.9014518	0.9008138	0.9008107	0.9006661	0.0456484	0.01426295	0.004875017	0.003624558	0.003610154	0.002263849	0.00224241	0.002170883	0.001483078	0.001229482	0.001128961	0.00112342	0.001119417	4.823352e-06	2.822679e-07	6.067017e-08	5.961498e-08	5.955003e-08	5.932977e-08	5.931039e-08	5.87344e-08	2.891388e-08	2.332761e-08	1.150286e-08	2.229116e-09
199	0.9997968	0.9400789	0.9233862	0.9228991	0.9228968	0.9227953	0.0391415	0.01343747	0.003752494	0.002727938	0.002715875	0.001554238	0.001538972	0.001506568	0.001151625	0.00102075	0.0009261336	0.0009204681	0.0009168338	3.985143e-06	2.532741e-07	6.224968e-08	6.125199e-08	6.119629e-08	6.098434e-08	6.096621e-08	6.037459e-08	2.953554e-08	2.377515e-08	1.155345e-08
