#unpaired probabilities
 #i$	l=1	2	3	4	5	6	7	8	9	10	11	12	13	14	15	16	17	18	19	20	21	22	23	24	25	26	27	28	29	30	
1	0.5984297	NA	NA	NA	NA	NA	NA	NA	NA	NA	NA	NA	NA	NA	NA	NA	NA	NA	NA	NA	NA	NA	NA	NA	NA	NA	NA	NA	NA	NA
2	0.2874203	0.2869825	NA	NA	NA	NA	NA	NA	NA	NA	NA	NA	NA	NA	NA	NA	NA	NA	NA	NA	NA	NA	NA	NA	NA	NA	NA	NA	NA	NA
3	0.2215122	0.2077061	0.2075597	NA	NA	NA	NA	NA	NA	NA	NA	NA	NA	NA	NA	NA	NA	NA	NA	NA	NA	NA	NA	NA	NA	NA	NA	NA	NA	NA
4	0.5663689	0.2206635	0.2070247	0.2068895	NA	NA	NA	NA	NA	NA	NA	NA	NA	NA	NA	NA	NA	NA	NA	NA	NA	NA	NA	NA	NA	NA	NA	NA	NA	NA
5	0.1264932	0.1264475	0.08085767	0.08077464	0.08075429	NA	NA	NA	NA	NA	NA	NA	NA	NA	NA	NA	NA	NA	NA	NA	NA	NA	NA	NA	NA	NA	NA	NA	NA	NA
6	0.1308194	0.1226686	0.1226432	0.07855474	0.07848052	0.07848021	NA	NA	NA	NA	NA	NA	NA	NA	NA	NA	NA	NA	NA	NA	NA	NA	NA	NA	NA	NA	NA	NA	NA	NA
7	0.6435546	0.1301188	0.1221537	0.1221284	0.07845267	0.07839314	0.07839284	NA	NA	NA	NA	NA	NA	NA	NA	NA	NA	NA	NA	NA	NA	NA	NA	NA	NA	NA	NA	NA	NA	NA
8	0.612583	0.603644	0.09028669	0.08232863	0.08230332	0.07843149	0.07838897	0.07838867	NA	NA	NA	NA	NA	NA	NA	NA	NA	NA	NA	NA	NA	NA	NA	NA	NA	NA	NA	NA	NA	NA
9	0.6505768	0.6125224	0.6036162	0.09025897	0.08230097	0.08227565	0.07840383	0.07838894	0.07838864	NA	NA	NA	NA	NA	NA	NA	NA	NA	NA	NA	NA	NA	NA	NA	NA	NA	NA	NA	NA	NA
10	0.1205417	0.02838525	0.01071407	0.002044416	0.0002490742	0.0002192473	0.0002187449	0.000195401	0.0001953434	0.0001951301	NA	NA	NA	NA	NA	NA	NA	NA	NA	NA	NA	NA	NA	NA	NA	NA	NA	NA	NA	NA
11	0.1717285	0.04468885	0.01713389	0.0001029951	7.593816e-05	3.054755e-05	2.986206e-05	2.985599e-05	2.72831e-05	2.72777e-05	2.727655e-05	NA	NA	NA	NA	NA	NA	NA	NA	NA	NA	NA	NA	NA	NA	NA	NA	NA	NA	NA
12	0.1782959	0.09077148	0.02805648	0.0005529471	5.473597e-05	4.914417e-05	2.939255e-05	2.883591e-05	2.883228e-05	2.633058e-05	2.632725e-05	2.632686e-05	NA	NA	NA	NA	NA	NA	NA	NA	NA	NA	NA	NA	NA	NA	NA	NA	NA	NA
13	0.1428438	0.1323053	0.06190188	0.0006531889	5.741779e-05	2.70404e-05	2.688654e-05	1.884288e-05	1.862767e-05	1.862534e-05	1.829027e-05	1.828807e-05	1.828795e-05	NA	NA	NA	NA	NA	NA	NA	NA	NA	NA	NA	NA	NA	NA	NA	NA	NA
14	0.2883695	0.1261799	0.115662	0.04534192	0.0005920831	4.423717e-05	2.321021e-05	2.3068e-05	1.883844e-05	1.862422e-05	1.86219e-05	1.828689e-05	1.82856e-05	1.828549e-05	NA	NA	NA	NA	NA	NA	NA	NA	NA	NA	NA	NA	NA	NA	NA	NA
15	0.2452449	0.2392613	0.0808453	0.07059806	0.01348217	0.0004997258	3.56907e-05	1.866804e-05	1.853864e-05	1.776942e-05	1.758548e-05	1.758316e-05	1.753858e-05	1.753804e-05	1.753793e-05	NA	NA	NA	NA	NA	NA	NA	NA	NA	NA	NA	NA	NA	NA	NA
16	0.9495414	0.2270761	0.2264346	0.06809584	0.05830255	0.01282724	0.0004794507	2.535943e-05	9.169317e-06	9.059231e-06	8.297785e-06	8.150354e-06	8.148043e-06	8.128009e-06	8.127689e-06	8.127578e-06	NA	NA	NA	NA	NA	NA	NA	NA	NA	NA	NA	NA	NA	NA
17	0.7678093	0.7626907	0.2170695	0.2164768	0.05871074	0.05779683	0.01240588	8.791925e-05	1.806542e-05	2.326015e-06	2.263714e-06	2.095034e-06	2.086522e-06	2.084883e-06	2.066039e-06	2.065986e-06	2.065893e-06	NA	NA	NA	NA	NA	NA	NA	NA	NA	NA	NA	NA	NA
18	0.9886014	0.7656289	0.7609439	0.215751	0.2151691	0.05820607	0.0572934	0.0123904	7.70138e-05	8.056996e-06	2.150588e-07	1.634734e-07	1.073371e-07	1.03026e-07	1.014362e-07	8.287203e-08	8.283218e-08	8.278654e-08	NA	NA	NA	NA	NA	NA	NA	NA	NA	NA	NA	NA
19	0.980259	0.9764544	0.753493	0.748808	0.2132563	0.2126744	0.05812201	0.05720935	0.01238706	7.513004e-05	6.1897e-06	1.492026e-07	1.243033e-07	6.873089e-08	6.447653e-08	6.446667e-08	4.590881e-08	4.586904e-08	4.585979e-08	NA	NA	NA	NA	NA	NA	NA	NA	NA	NA	NA
20	0.999453	0.9802559	0.9764527	0.7534913	0.7488063	0.2132547	0.2126728	0.05812037	0.05720772	0.01238544	7.451681e-05	6.115395e-06	1.181133e-07	9.363045e-08	4.060929e-08	3.894551e-08	3.89359e-08	2.052367e-08	2.048472e-08	2.047553e-08	NA	NA	NA	NA	NA	NA	NA	NA	NA	NA
21	0.8270176	0.8268275	0.8077593	0.8039745	0.7534911	0.7488061	0.2132545	0.2126726	0.05812023	0.05720758	0.0123853	7.43814e-05	6.036841e-06	4.216931e-08	1.787724e-08	1.609042e-08	1.479102e-08	1.478181e-08	1.45884e-08	1.455003e-08	1.454087e-08	NA	NA	NA	NA	NA	NA	NA	NA	NA
22	0.948143	0.7754475	0.7753134	0.7562527	0.753611	0.7534911	0.7488061	0.2132545	0.2126726	0.05812022	0.05720757	0.01238529	7.437245e-05	6.030094e-06	3.609476e-08	1.185272e-08	1.007649e-08	9.995835e-09	9.986728e-09	9.82071e-09	9.820363e-09	9.811204e-09	NA	NA	NA	NA	NA	NA	NA	NA
23	0.06727266	0.06717725	0.0669143	0.0667805	0.05493426	0.05239229	0.05228904	0.05227302	0.05223864	0.05165676	0.05159176	0.05067911	0.01236626	7.436931e-05	6.027757e-06	3.404834e-08	9.855149e-09	8.259195e-09	8.189795e-09	8.185577e-09	8.020254e-09	8.019918e-09	8.013161e-09	NA	NA	NA	NA	NA	NA	NA
24	0.03685024	0.02328124	0.02323129	0.02309207	0.02296072	0.01468958	0.01245818	0.01245132	0.01244856	0.01244597	0.01244595	0.01240358	0.01240338	0.01236571	7.43516e-05	6.0258e-06	3.228722e-08	8.098623e-09	6.556819e-09	6.492644e-09	6.488645e-09	6.323447e-09	6.323136e-09	6.316419e-09	NA	NA	NA	NA	NA	NA
25	0.007720443	0.007273536	0.007063953	0.007021175	0.006937352	0.006936432	8.266802e-05	7.49348e-05	7.465443e-05	7.463277e-05	7.462773e-05	7.46165e-05	7.461095e-05	7.441717e-05	7.439033e-05	7.434974e-05	6.02429e-06	3.146021e-08	7.293633e-09	5.76289e-09	5.70167e-09	5.698971e-09	5.533829e-09	5.533523e-09	5.529977e-09	NA	NA	NA	NA	NA
26	0.00179545	0.0004578933	0.000363425	0.0001913462	0.0001646585	8.273542e-05	8.207739e-05	6.383873e-06	6.089412e-06	6.075552e-06	6.055038e-06	6.051217e-06	6.049261e-06	6.046807e-06	6.045418e-06	6.027584e-06	6.026256e-06	6.023847e-06	3.133645e-08	7.171345e-09	5.643168e-09	5.582252e-09	5.57964e-09	5.414507e-09	5.414202e-09	5.410684e-09	NA	NA	NA	NA
27	0.000522054	0.0003220991	0.0002576577	0.0002270483	6.811871e-05	6.154799e-05	3.776818e-06	3.240753e-06	6.367899e-08	5.506591e-08	4.842291e-08	4.455337e-08	4.097607e-08	3.906014e-08	3.720835e-08	3.584828e-08	3.448762e-08	3.395624e-08	3.159774e-08	3.115329e-08	7.057117e-09	5.529571e-09	5.469953e-09	5.468242e-09	5.303131e-09	5.302828e-09	5.300663e-09	NA	NA	NA
28	0.002422608	0.0003765945	0.0002795127	0.000228153	0.0002190507	6.429138e-05	5.806881e-05	2.387202e-06	1.923576e-06	3.537488e-08	2.977376e-08	2.325888e-08	1.948159e-08	1.600753e-08	1.41226e-08	1.240185e-08	1.106345e-08	1.012067e-08	9.651845e-09	7.330702e-09	6.983427e-09	6.972071e-09	5.444551e-09	5.385203e-09	5.385065e-09	5.219955e-09	5.219652e-09	5.219651e-09	NA	NA
29	0.6177479	0.002373771	0.0003721202	0.0002765857	0.0002254125	0.0002190006	6.42697e-05	5.804889e-05	2.371598e-06	1.908002e-06	3.525787e-08	2.967416e-08	2.316125e-08	1.938412e-08	1.591023e-08	1.402536e-08	1.23047e-08	1.096635e-08	1.00236e-08	9.554811e-09	7.233747e-09	6.886486e-09	6.875132e-09	5.44431e-09	5.384971e-09	5.384834e-09	5.219723e-09	5.219472e-09	5.219472e-09	NA
30	0.6029236	0.6011088	0.002208285	0.0002977796	0.0002675836	0.0002214229	0.0002172057	6.334111e-05	5.712415e-05	1.497763e-06	1.037236e-06	3.501403e-08	2.956009e-08	2.306942e-08	1.929399e-08	1.582176e-08	1.393766e-08	1.221798e-08	1.088018e-08	9.937839e-09	9.46928e-09	7.149131e-09	6.802009e-09	6.79066e-09	5.399703e-09	5.348808e-09	5.348671e-09	5.21761e-09	5.217419e-09	5.217419e-09
31	0.6847259	0.5992364	0.5985773	0.002172081	0.000280815	0.0002515786	0.0002202643	0.0002161659	6.321634e-05	5.70051e-05	1.487416e-06	1.030213e-06	3.445349e-08	2.93674e-08	2.292899e-08	1.91567e-08	1.568744e-08	1.380463e-08	1.208695e-08	1.075009e-08	9.808444e-09	9.340196e-09	7.021605e-09	6.674717e-09	6.663375e-09	5.273292e-09	5.223706e-09	5.223569e-09	5.214057e-09	5.213919e-09
32	0.7362248	0.6819108	0.5969659	0.5963074	0.002165284	0.0002806046	0.0002515292	0.0002202174	0.0002161622	6.321388e-05	5.700344e-05	1.487276e-06	1.030076e-06	3.44502e-08	2.936428e-08	2.292723e-08	1.915496e-08	1.568574e-08	1.380293e-08	1.208527e-08	1.074841e-08	9.806768e-09	9.338528e-09	7.019939e-09	6.673054e-09	6.661712e-09	5.273235e-09	5.223649e-09	5.223511e-09	5.214e-09
33	0.9394378	0.6756751	0.6219442	0.5488523	0.5481955	0.002003839	0.0002587862	0.0002479699	0.0002167113	0.0002161419	6.320225e-05	5.699272e-05	1.479975e-06	1.022804e-06	3.433407e-08	2.925577e-08	2.282026e-08	1.904815e-08	1.55791e-08	1.369637e-08	1.197879e-08	1.064198e-08	9.700379e-09	9.232158e-09	6.91366e-09	6.56679e-09	6.55545e-09	5.272981e-09	5.223401e-09	5.223264e-09
34	0.5251471	0.509227	0.2470423	0.1958706	0.1252903	0.1246644	0.0005330678	0.0002466935	0.0002441943	0.000215384	0.000214924	6.27471e-05	5.656307e-05	1.278436e-06	8.2351e-07	3.269001e-08	2.784398e-08	2.144292e-08	1.768595e-08	1.423084e-08	1.235563e-08	1.064499e-08	9.313522e-09	8.375694e-09	7.909158e-09	5.599921e-09	5.254438e-09	5.24314e-09	5.241498e-09	5.19317e-09
35	0.01060512	0.00420091	0.004099603	0.002040806	0.001620011	0.0009962687	0.0009684919	4.994777e-06	2.193146e-06	2.169387e-06	1.876175e-06	1.77153e-06	4.919065e-07	4.436071e-07	1.033617e-08	6.630295e-09	3.307956e-10	2.702071e-10	2.199288e-10	1.906351e-10	1.629412e-10	1.47747e-10	1.322786e-10	1.214347e-10	1.140238e-10	6.297863e-11	4.497651e-11	4.225297e-11	4.110533e-11	4.078022e-11
36	0.007119866	0.003525929	0.002223324	0.002169798	0.001063098	0.0008467095	0.0005102962	0.0005079774	3.032346e-06	1.305806e-06	1.291194e-06	1.100951e-06	9.975819e-07	2.635309e-07	2.375945e-07	5.563707e-09	3.570523e-09	2.086907e-10	1.656231e-10	1.383105e-10	1.226142e-10	1.080859e-10	1.002731e-10	9.285238e-11	8.730285e-11	8.328785e-11	3.377958e-11	2.40708e-11	2.258858e-11	2.231687e-11
37	0.5657021	0.006164798	0.00297654	0.002177809	0.002125529	0.001035803	0.0008235894	0.0004928694	0.0004905951	2.723531e-06	1.051765e-06	1.04043e-06	9.126103e-07	9.036401e-07	2.593062e-07	2.337608e-07	5.419036e-09	3.45663e-09	1.962634e-10	1.632093e-10	1.365045e-10	1.210459e-10	1.067366e-10	9.904132e-11	9.173086e-11	8.626483e-11	8.230888e-11	3.282694e-11	2.326295e-11	2.18024e-11
38	0.002191685	0.000390266	0.0001845149	0.0001788108	0.0001332745	0.0001313834	7.84683e-05	7.019545e-05	2.068915e-05	2.05866e-05	6.783337e-07	6.196569e-08	6.002212e-08	4.769658e-08	4.016084e-08	1.041151e-08	9.440865e-09	3.674702e-10	1.927777e-10	5.666241e-11	5.278514e-11	5.175503e-11	5.120398e-11	5.062645e-11	5.036544e-11	4.983541e-11	4.964762e-11	4.941311e-11	1.604821e-12	1.198817e-12
39	0.003010592	0.001523281	0.0001383031	8.575502e-05	8.139958e-05	7.081671e-05	6.90619e-05	3.460253e-05	2.777177e-05	1.826388e-05	1.816607e-05	9.761924e-08	5.68063e-08	5.5977e-08	4.438248e-08	3.685978e-08	8.429719e-09	7.558095e-09	2.981987e-10	1.289044e-10	6.871207e-12	4.148848e-12	3.17975e-12	2.678239e-12	2.211715e-12	1.966985e-12	1.737615e-12	1.56138e-12	1.437569e-12	1.377262e-12
40	0.9728769	0.002850235	0.001447284	0.0001297853	7.834011e-05	7.424685e-05	6.412526e-05	6.256834e-05	3.068056e-05	2.43365e-05	1.545007e-05	1.537299e-05	9.137925e-08	5.45833e-08	5.378899e-08	4.24458e-08	3.492619e-08	7.821715e-09	7.058121e-09	2.814757e-10	1.184705e-10	6.493093e-12	3.817587e-12	2.904477e-12	2.435874e-12	1.999626e-12	1.771374e-12	1.557033e-12	1.394952e-12	1.27945e-12
41	0.9702645	0.9682352	0.002798113	0.001423165	0.0001175168	7.685229e-05	7.294965e-05	6.29066e-05	6.138074e-05	2.991679e-05	2.365552e-05	1.487742e-05	1.481205e-05	7.342827e-08	3.943327e-08	3.907402e-08	3.445385e-08	2.693687e-08	7.719052e-09	6.964772e-09	2.70677e-10	1.110949e-10	6.168382e-12	3.512173e-12	2.719108e-12	2.256121e-12	1.825058e-12	1.599638e-12	1.387877e-12	1.227832e-12
42	0.9967505	0.9692815	0.9673237	0.002337853	0.001044372	0.0001130023	7.237387e-05	6.941398e-05	6.209844e-05	6.057445e-05	2.917691e-05	2.299234e-05	1.437788e-05	1.431259e-05	7.148781e-08	3.922655e-08	3.887833e-08	3.426382e-08	2.674691e-08	7.551037e-09	6.802794e-09	1.621109e-10	1.056766e-10	6.022118e-12	3.373542e-12	2.58149e-12	2.128723e-12	1.707317e-12	1.482167e-12	1.271752e-12
43	0.9732851	0.9704614	0.9430382	0.9415019	0.00218423	0.0009727088	0.0001047031	6.739169e-05	6.464068e-05	5.773048e-05	5.631212e-05	2.709052e-05	2.133111e-05	1.330326e-05	1.324252e-05	5.847037e-08	2.86332e-08	2.836863e-08	2.498102e-08	2.494013e-08	7.027245e-09	6.330469e-09	1.498898e-10	9.720057e-11	4.714067e-12	3.14078e-12	2.403216e-12	1.981717e-12	1.58906e-12	1.379512e-12
44	0.4038497	0.3772667	0.3745252	0.3471032	0.3456057	0.002162785	0.0009532878	8.657278e-05	6.728829e-05	6.454322e-05	5.764128e-05	5.622509e-05	2.70482e-05	2.129747e-05	1.328158e-05	1.322094e-05	5.733099e-08	2.766987e-08	2.740819e-08	2.403291e-08	2.399266e-08	7.012126e-09	6.316398e-09	1.451877e-10	9.257913e-11	4.689655e-12	3.11814e-12	2.399542e-12	1.97868e-12	1.586608e-12
45	0.4022751	0.4013976	0.3752315	0.3724958	0.3468787	0.3453821	0.001939258	0.0009395342	8.543563e-05	6.615128e-05	6.356851e-05	5.753765e-05	5.612147e-05	2.694463e-05	2.123189e-05	1.327882e-05	1.321818e-05	5.730214e-08	2.76633e-08	2.740182e-08	2.402657e-08	2.398632e-08	7.005782e-09	6.31369e-09	1.429748e-10	9.25383e-11	4.6784e-12	3.106962e-12	2.388366e-12	1.968635e-12
46	0.9958957	0.3994064	0.398537	0.3723725	0.3723392	0.3467222	0.3453479	0.00193924	0.0009395199	8.542135e-05	6.615079e-05	6.356811e-05	5.753726e-05	5.612107e-05	2.694424e-05	2.123149e-05	1.327842e-05	1.321778e-05	5.69831e-08	2.748054e-08	2.721969e-08	2.40187e-08	2.397898e-08	7.004741e-09	6.31265e-09	1.419344e-10	9.149786e-11	3.644622e-12	3.106916e-12	2.388366e-12
47	0.4403368	0.436248	0.3984001	0.3976758	0.3715115	0.3714783	0.3458613	0.3453414	0.001932719	0.0009329983	7.889981e-05	6.615079e-05	6.356811e-05	5.753726e-05	5.612107e-05	2.694423e-05	2.123149e-05	1.327842e-05	1.321778e-05	5.698225e-08	2.747969e-08	2.721931e-08	2.401832e-08	2.397898e-08	7.004737e-09	6.312646e-09	1.419302e-10	9.149371e-11	3.640473e-12	3.102767e-12
48	0.3846306	0.3817865	0.3799899	0.3460877	0.3458953	0.3458869	0.3458542	0.3458526	0.3453327	0.001924042	0.0009259802	7.811854e-05	6.536953e-05	6.285584e-05	5.743614e-05	5.601995e-05	2.684312e-05	2.114464e-05	1.327841e-05	1.321777e-05	5.697356e-08	2.7477e-08	2.721668e-08	2.40157e-08	2.397636e-08	7.002115e-09	6.311916e-09	1.416117e-10	9.148791e-11	3.63468e-12
49	0.9758911	0.3844587	0.3816146	0.379819	0.3459193	0.3457269	0.3457185	0.3456858	0.3456842	0.3453327	0.001924039	0.0009259769	7.811525e-05	6.536952e-05	6.285584e-05	5.743614e-05	5.601995e-05	2.684312e-05	2.114464e-05	1.327841e-05	1.321777e-05	5.697265e-08	2.747609e-08	2.72163e-08	2.401531e-08	2.397636e-08	7.002115e-09	6.311916e-09	1.416117e-10	9.14879e-11
50	0.9994405	0.9753316	0.3841834	0.3813393	0.3795446	0.3456453	0.3454529	0.3454445	0.3454118	0.3454102	0.3453327	0.001924019	0.0009259573	7.809565e-05	6.536952e-05	6.285584e-05	5.743614e-05	5.601995e-05	2.684312e-05	2.114464e-05	1.327841e-05	1.321777e-05	5.697174e-08	2.747518e-08	2.721591e-08	2.401492e-08	2.397636e-08	7.002115e-09	6.311916e-09	1.416117e-10
51	0.9998	0.9992405	0.9751316	0.3841292	0.3812852	0.3794905	0.3455912	0.3453988	0.3453904	0.3453577	0.3453561	0.3453327	0.001924013	0.000925951	7.808936e-05	6.536952e-05	6.285584e-05	5.743614e-05	5.601995e-05	2.684312e-05	2.114464e-05	1.327841e-05	1.321777e-05	5.697153e-08	2.747497e-08	2.721582e-08	2.401483e-08	2.397636e-08	7.002115e-09	6.311916e-09
