#unpaired probabilities
 #i$	l=1	2	3	4	5	6	7	8	9	10	11	12	13	14	15	16	17	18	19	20	21	22	23	24	25	26	27	28	29	30	
1	0.9654997	NA	NA	NA	NA	NA	NA	NA	NA	NA	NA	NA	NA	NA	NA	NA	NA	NA	NA	NA	NA	NA	NA	NA	NA	NA	NA	NA	NA	NA
2	0.986447	0.9619645	NA	NA	NA	NA	NA	NA	NA	NA	NA	NA	NA	NA	NA	NA	NA	NA	NA	NA	NA	NA	NA	NA	NA	NA	NA	NA	NA	NA
3	0.9572196	0.955661	0.9319771	NA	NA	NA	NA	NA	NA	NA	NA	NA	NA	NA	NA	NA	NA	NA	NA	NA	NA	NA	NA	NA	NA	NA	NA	NA	NA	NA
4	0.9568165	0.9450542	0.9438592	0.9203644	NA	NA	NA	NA	NA	NA	NA	NA	NA	NA	NA	NA	NA	NA	NA	NA	NA	NA	NA	NA	NA	NA	NA	NA	NA	NA
5	0.968308	0.9327191	0.9216704	0.9210407	0.8984908	NA	NA	NA	NA	NA	NA	NA	NA	NA	NA	NA	NA	NA	NA	NA	NA	NA	NA	NA	NA	NA	NA	NA	NA	NA
6	0.8912336	0.8769696	0.8431622	0.839427	0.8389041	0.8340436	NA	NA	NA	NA	NA	NA	NA	NA	NA	NA	NA	NA	NA	NA	NA	NA	NA	NA	NA	NA	NA	NA	NA	NA
7	0.9322496	0.8897427	0.8761093	0.8423304	0.8385999	0.8380783	0.83323	NA	NA	NA	NA	NA	NA	NA	NA	NA	NA	NA	NA	NA	NA	NA	NA	NA	NA	NA	NA	NA	NA	NA
8	0.8988522	0.8856599	0.8442108	0.8308467	0.7975576	0.7941855	0.7936859	0.7901255	NA	NA	NA	NA	NA	NA	NA	NA	NA	NA	NA	NA	NA	NA	NA	NA	NA	NA	NA	NA	NA	NA
9	0.6033388	0.5481295	0.5357283	0.5094329	0.5014106	0.4986109	0.4955413	0.4952698	0.4948246	NA	NA	NA	NA	NA	NA	NA	NA	NA	NA	NA	NA	NA	NA	NA	NA	NA	NA	NA	NA	NA
10	0.6257006	0.5985325	0.5444105	0.5322419	0.5061918	0.4982285	0.4956529	0.492586	0.4923171	0.4918762	NA	NA	NA	NA	NA	NA	NA	NA	NA	NA	NA	NA	NA	NA	NA	NA	NA	NA	NA	NA
11	0.6778837	0.6106222	0.5923002	0.5383309	0.5263547	0.5004658	0.4927243	0.4903694	0.4873252	0.4870626	0.4867204	NA	NA	NA	NA	NA	NA	NA	NA	NA	NA	NA	NA	NA	NA	NA	NA	NA	NA	NA
12	0.724008	0.6325069	0.5737789	0.5564631	0.502656	0.4907286	0.4786882	0.4756101	0.473365	0.4703254	0.4700642	0.4697398	NA	NA	NA	NA	NA	NA	NA	NA	NA	NA	NA	NA	NA	NA	NA	NA	NA	NA
13	0.9991395	0.7232468	0.6319671	0.5732544	0.5559646	0.5021585	0.4902416	0.4782145	0.4751889	0.4729541	0.4699148	0.4696538	0.4693299	NA	NA	NA	NA	NA	NA	NA	NA	NA	NA	NA	NA	NA	NA	NA	NA	NA
14	0.937689	0.9368733	0.6783781	0.5871167	0.528409	0.511948	0.4581865	0.4462789	0.4352068	0.4325329	0.4303944	0.4273562	0.4270955	0.4267802	NA	NA	NA	NA	NA	NA	NA	NA	NA	NA	NA	NA	NA	NA	NA	NA
15	0.6752932	0.6750102	0.6745488	0.5931729	0.5034538	0.4474319	0.4335289	0.3811029	0.369259	0.3597075	0.3571338	0.3554298	0.3551346	0.3549321	0.3546242	NA	NA	NA	NA	NA	NA	NA	NA	NA	NA	NA	NA	NA	NA	NA
16	0.469716	0.4567158	0.4566019	0.4561757	0.4104863	0.4097446	0.3540603	0.3409545	0.340444	0.3289384	0.3202088	0.3178773	0.3162686	0.3161693	0.3161104	0.3158089	NA	NA	NA	NA	NA	NA	NA	NA	NA	NA	NA	NA	NA	NA
17	0.4320953	0.4066752	0.4006983	0.400604	0.4003555	0.3621645	0.3618389	0.3345625	0.3215978	0.3214943	0.3202144	0.3116617	0.3093593	0.3077676	0.3076981	0.3076689	0.3073812	NA	NA	NA	NA	NA	NA	NA	NA	NA	NA	NA	NA	NA
18	0.4351975	0.406442	0.3941916	0.3893404	0.3892531	0.389019	0.3518397	0.3515517	0.3244061	0.3155445	0.3154435	0.314169	0.3069483	0.3049834	0.3034004	0.3033312	0.3033024	0.3030153	NA	NA	NA	NA	NA	NA	NA	NA	NA	NA	NA	NA
19	0.9270336	0.4273516	0.4029404	0.3915224	0.3877668	0.3876847	0.3874543	0.350536	0.350251	0.323108	0.3142774	0.3141794	0.3129082	0.3057146	0.3037585	0.302178	0.302109	0.3020802	0.3017934	NA	NA	NA	NA	NA	NA	NA	NA	NA	NA	NA
20	0.8371257	0.8258892	0.4190579	0.3967894	0.3874192	0.3841339	0.3840529	0.3838229	0.3471466	0.3468636	0.319721	0.3117601	0.3116637	0.3103927	0.3039969	0.3022383	0.3006587	0.3005897	0.3005609	0.3002742	NA	NA	NA	NA	NA	NA	NA	NA	NA	NA
21	0.9431837	0.7903551	0.7791262	0.4161928	0.3944423	0.3866118	0.3836386	0.3835576	0.3833278	0.3468286	0.346547	0.3194046	0.3114482	0.3113545	0.3100841	0.3036945	0.3019365	0.300357	0.300288	0.3002592	0.2999726	NA	NA	NA	NA	NA	NA	NA	NA	NA
22	0.9918909	0.9362991	0.7883412	0.7771207	0.4146509	0.3938985	0.3862053	0.383523	0.3834421	0.3832122	0.3467237	0.3464421	0.3192998	0.3113447	0.3112511	0.3099808	0.3035933	0.3018353	0.3002559	0.3001869	0.3001581	0.2998715	NA	NA	NA	NA	NA	NA	NA	NA
23	0.8871824	0.8800208	0.8253923	0.7112642	0.7006329	0.3754324	0.3558227	0.3483287	0.3456872	0.3456063	0.3453765	0.3285976	0.3283178	0.3011758	0.293442	0.2933508	0.2920809	0.28602	0.2842713	0.2841354	0.2840664	0.2840376	0.2838362	NA	NA	NA	NA	NA	NA	NA
24	0.8239109	0.8170982	0.8115102	0.7579532	0.6642715	0.6578128	0.3385283	0.3193732	0.3120126	0.3094644	0.3094298	0.3093831	0.2928411	0.2926651	0.2926336	0.284997	0.2849267	0.2848927	0.2789748	0.2772343	0.2771027	0.2770481	0.2770334	0.2768383	NA	NA	NA	NA	NA	NA
25	0.8775429	0.7845021	0.7790443	0.7736138	0.7201441	0.6357634	0.6294176	0.3214187	0.3029106	0.2960716	0.2944863	0.2944518	0.2944052	0.2783231	0.2781483	0.278117	0.2744727	0.2744039	0.2743703	0.2688027	0.2682078	0.2680804	0.2680258	0.2680111	0.2678186	NA	NA	NA	NA	NA
26	0.8508334	0.8111447	0.7242717	0.7188962	0.7136603	0.660662	0.5768576	0.5743596	0.3209031	0.302426	0.2955915	0.2940076	0.2939909	0.2939696	0.2779184	0.2777964	0.2777756	0.2741351	0.274074	0.2740482	0.2684861	0.2678918	0.2677696	0.2677409	0.2677333	0.2675444	NA	NA	NA	NA
27	0.9323662	0.8432891	0.8036295	0.7181049	0.7129342	0.707701	0.6547027	0.5708987	0.5684007	0.314946	0.3020175	0.2955379	0.2940034	0.2939867	0.2939654	0.2779143	0.2777923	0.2777715	0.2741311	0.27407	0.2740441	0.2684822	0.2678878	0.2677656	0.2677369	0.2677293	0.2675404	NA	NA	NA
28	0.9294045	0.9285697	0.8401629	0.8005184	0.71616	0.7110093	0.7057861	0.6527881	0.5689847	0.5664866	0.3130349	0.3012114	0.2955163	0.2939964	0.2939797	0.2939585	0.2779074	0.2777854	0.2777647	0.2741243	0.2740632	0.2740374	0.2684756	0.2678813	0.2677591	0.2677303	0.2677227	0.2675338	NA	NA
29	0.925856	0.9221928	0.9215285	0.8332696	0.7936331	0.715799	0.7106568	0.7054343	0.6524365	0.5686335	0.5661355	0.3126856	0.3010618	0.2953841	0.2939921	0.2939754	0.2939541	0.2779031	0.2777811	0.2777604	0.2741201	0.274059	0.2740331	0.2684714	0.2678771	0.2677549	0.2677262	0.2677185	0.2675296	NA
30	0.8737374	0.862378	0.8591229	0.8584784	0.771265	0.7331923	0.6555133	0.6504136	0.6493878	0.648883	0.5654137	0.5652944	0.3121418	0.3005324	0.2948577	0.2934666	0.2934642	0.2934627	0.2774277	0.2773588	0.2773451	0.2737096	0.273654	0.2736352	0.2680806	0.2674867	0.2673704	0.2673696	0.2673689	0.2671812
31	0.9689459	0.8441623	0.8328216	0.8295704	0.8289271	0.770663	0.7325905	0.6554147	0.6503155	0.6492899	0.648785	0.565316	0.5651967	0.3120453	0.3004715	0.294831	0.2934637	0.2934613	0.2934598	0.2774248	0.2773559	0.2773422	0.2737068	0.2736512	0.2736324	0.2680778	0.267484	0.2673677	0.2673669	0.2673662
32	0.8601283	0.857436	0.7637005	0.7557214	0.7529357	0.7523176	0.696098	0.6621384	0.5860571	0.581097	0.5801024	0.5796135	0.5476151	0.547497	0.3029676	0.2917091	0.2861327	0.2847818	0.2847795	0.2847779	0.2689715	0.2689026	0.2688889	0.2653613	0.2653058	0.2652869	0.2598976	0.2593084	0.2592341	0.2592333
33	0.6916354	0.6412473	0.6401061	0.5931641	0.5868931	0.5843197	0.5837114	0.5299871	0.5242149	0.4486189	0.4436959	0.4427143	0.4422314	0.4117001	0.411584	0.3003357	0.2891533	0.2835929	0.2822461	0.2822437	0.2822422	0.2667877	0.2667189	0.2667052	0.2632032	0.2631477	0.2631289	0.2577785	0.2571904	0.2571563
34	0.7102983	0.6787027	0.6358164	0.6347627	0.5885466	0.5823667	0.5798306	0.5792503	0.5258223	0.5200575	0.4445982	0.4396856	0.4387266	0.4382447	0.4077141	0.4075979	0.2963531	0.2856876	0.2835671	0.2822375	0.2822351	0.2822336	0.2667793	0.2667104	0.2666967	0.2631949	0.2631393	0.2631205	0.2577703	0.2571822
35	0.6957268	0.6556974	0.6275432	0.5906425	0.5896855	0.5438842	0.5377669	0.5352634	0.5346854	0.4816169	0.4758565	0.443097	0.4381883	0.4372319	0.4367506	0.4062205	0.4061044	0.294862	0.2848107	0.2827704	0.2822317	0.2822293	0.2822277	0.2667735	0.2667047	0.266691	0.2631892	0.2631337	0.2631149	0.2577648
36	0.6673632	0.5877148	0.5538815	0.5273368	0.4968312	0.496006	0.4579753	0.4528479	0.4507216	0.4502357	0.4071386	0.4023605	0.3748105	0.3711744	0.3703739	0.3699648	0.3424669	0.3423557	0.2489324	0.2404923	0.238793	0.2383563	0.2383539	0.2383523	0.2236838	0.2236149	0.2236012	0.2207259	0.2206704	0.2206515
37	0.3371588	0.1587103	0.09891298	0.07718435	0.05986198	0.05187605	0.05166213	0.04839557	0.04757969	0.04720962	0.04714369	0.04453632	0.04424297	0.04186183	0.04160382	0.04154747	0.0414963	0.02912504	0.0290383	0.02386751	0.02334575	0.0232472	0.02322264	0.02322025	0.0232187	0.0124812	0.01241232	0.01239865	0.01223264	0.01217712
38	0.04980645	0.04569904	0.04068079	0.037364	0.03515924	0.01952149	0.01843246	0.01832855	0.01699721	0.01644507	0.01614117	0.01608986	0.01442617	0.01425977	0.01245001	0.01228722	0.01225472	0.0122141	0.01160118	0.01151572	0.008320335	0.007975325	0.00791238	0.00789699	0.007894594	0.007893054	0.007751284	0.007682405	0.007668727	0.007562961
39	0.09016074	0.04210307	0.0391532	0.03664363	0.03584278	0.03385469	0.01826142	0.01732464	0.01724079	0.01598816	0.01566296	0.01555435	0.01550806	0.01387614	0.01371589	0.01192459	0.01176456	0.01173762	0.01172357	0.01118818	0.01116611	0.008047903	0.007708117	0.007646221	0.007631101	0.007630044	0.007629714	0.007491465	0.007491208	0.007477708
40	0.4578062	0.08513316	0.03939753	0.03650548	0.0344835	0.03377421	0.03332868	0.01774537	0.01683225	0.01681047	0.01557598	0.0154243	0.01536274	0.01534802	0.01373288	0.01357725	0.01179162	0.01163235	0.01160628	0.01159375	0.01106396	0.0110631	0.007969675	0.007631486	0.007569917	0.007554888	0.007554888	0.007554888	0.007417524	0.007417524
41	0.7191868	0.4550132	0.08313083	0.0374234	0.03612047	0.03413822	0.0334358	0.03300211	0.01757418	0.01674112	0.01671962	0.01549293	0.01534231	0.01528099	0.01526633	0.01365834	0.01350318	0.01172066	0.01158455	0.01155857	0.01154608	0.01101779	0.01101694	0.007932514	0.007601205	0.007543103	0.00752828	0.00752828	0.00752828	0.007391306
42	0.9416583	0.7164859	0.4546573	0.08294858	0.03724565	0.03594812	0.03407991	0.03337905	0.03295345	0.01752621	0.01669834	0.0166769	0.01545314	0.01530253	0.01524121	0.01522655	0.01363106	0.0134759	0.01169659	0.01156049	0.01153451	0.01152202	0.01099373	0.01099288	0.007908454	0.007600594	0.007543009	0.00752828	0.00752828	0.00752828
43	0.9546615	0.9408475	0.7158637	0.4543701	0.08287995	0.03717869	0.03588458	0.03404233	0.03334236	0.03291889	0.01749182	0.01666512	0.01664371	0.01542184	0.01527124	0.01520993	0.01519527	0.01361381	0.01345864	0.0116837	0.01154761	0.01152163	0.01150914	0.01098085	0.01098	0.007895574	0.007599973	0.007542918	0.00752828	0.00752828
44	0.5595371	0.5161166	0.5024217	0.2777564	0.2612981	0.0821892	0.03648879	0.03520603	0.03338275	0.03268579	0.0322629	0.01683612	0.01601467	0.01599326	0.01477695	0.01462635	0.01456504	0.01455038	0.01312529	0.01297013	0.01167526	0.01153918	0.0115132	0.01150071	0.01097242	0.01097157	0.007887145	0.007599578	0.007542838	0.00752828
45	0.323067	0.3199429	0.2769354	0.2633192	0.04615139	0.04058422	0.03797331	0.02448336	0.02331105	0.02152525	0.02083888	0.0204189	0.01642631	0.01563699	0.01561571	0.01440445	0.01425434	0.0141932	0.01417858	0.01275987	0.01260511	0.01163152	0.01150171	0.0114758	0.01146334	0.0109364	0.01093555	0.007859146	0.007574242	0.00751792
46	0.3113575	0.3013208	0.2993003	0.257013	0.2435121	0.0269767	0.02159782	0.02078862	0.02045944	0.01942445	0.01764327	0.01695822	0.01653916	0.01628627	0.01551759	0.01549667	0.0142868	0.01413686	0.01407575	0.01406113	0.01264428	0.01248956	0.01161035	0.0114911	0.01146521	0.01145276	0.0109259	0.01092505	0.007849138	0.007570197
47	0.5468662	0.3094533	0.2999797	0.2980251	0.2563264	0.2429295	0.02641736	0.02132461	0.02052083	0.02037764	0.01937666	0.01759649	0.01691173	0.01649312	0.01626939	0.01550865	0.01548778	0.01427842	0.01412852	0.01406741	0.0140528	0.01263656	0.01248184	0.01160377	0.01148676	0.01146087	0.01144841	0.01092156	0.01092071	0.007844797
48	0.9981448	0.5460228	0.3088609	0.2993984	0.2975571	0.2558605	0.2424662	0.02635568	0.02128951	0.020492	0.02034883	0.01934793	0.01756781	0.01688315	0.01646455	0.01624082	0.0154801	0.01545923	0.01425025	0.01410035	0.01403924	0.01402463	0.01263487	0.01248015	0.01160323	0.01148621	0.01146033	0.01144787	0.01092102	0.01092017
49	0.8971292	0.8965409	0.5439338	0.3083528	0.2992053	0.2974121	0.255789	0.2424052	0.02633765	0.02127372	0.02047648	0.02033333	0.0193327	0.01756309	0.01687854	0.01645999	0.01623626	0.01547558	0.01545471	0.01424577	0.01409588	0.01403477	0.01402016	0.01263041	0.01247736	0.01160043	0.01148342	0.01145753	0.01144507	0.01091977
50	0.9984457	0.89562	0.8950348	0.5430688	0.3077519	0.2991488	0.2973598	0.2557422	0.2423594	0.02633402	0.02127038	0.0204732	0.02033005	0.01932958	0.01756126	0.01687672	0.01645818	0.01623446	0.01547378	0.01545292	0.01424398	0.01409409	0.01403299	0.01401838	0.01262863	0.01247597	0.01159904	0.01148203	0.01145614	0.01144369
