#unpaired probabilities
 #i$	l=1	2	3	4	5	6	7	8	9	10	11	12	13	14	15	16	17	18	19	20	21	22	23	24	25	26	27	28	29	30	
1	0.3231126	NA	NA	NA	NA	NA	NA	NA	NA	NA	NA	NA	NA	NA	NA	NA	NA	NA	NA	NA	NA	NA	NA	NA	NA	NA	NA	NA	NA	NA
2	0.02900077	0.01414318	NA	NA	NA	NA	NA	NA	NA	NA	NA	NA	NA	NA	NA	NA	NA	NA	NA	NA	NA	NA	NA	NA	NA	NA	NA	NA	NA	NA
3	0.08654887	0.007125657	0.003476632	NA	NA	NA	NA	NA	NA	NA	NA	NA	NA	NA	NA	NA	NA	NA	NA	NA	NA	NA	NA	NA	NA	NA	NA	NA	NA	NA
4	0.1123071	0.03186431	0.002657646	0.00129517	NA	NA	NA	NA	NA	NA	NA	NA	NA	NA	NA	NA	NA	NA	NA	NA	NA	NA	NA	NA	NA	NA	NA	NA	NA	NA
5	0.2879436	0.1106603	0.03140779	0.002619764	0.001276675	NA	NA	NA	NA	NA	NA	NA	NA	NA	NA	NA	NA	NA	NA	NA	NA	NA	NA	NA	NA	NA	NA	NA	NA	NA
6	0.1499177	0.1064833	0.04210095	0.0128921	0.001095916	0.0005343478	NA	NA	NA	NA	NA	NA	NA	NA	NA	NA	NA	NA	NA	NA	NA	NA	NA	NA	NA	NA	NA	NA	NA	NA
7	0.7596373	0.1386721	0.0980643	0.03891483	0.01202251	0.001024414	0.0004994463	NA	NA	NA	NA	NA	NA	NA	NA	NA	NA	NA	NA	NA	NA	NA	NA	NA	NA	NA	NA	NA	NA	NA
8	0.7860872	0.7540691	0.1355538	0.09573543	0.03806395	0.01178165	0.001005394	0.0004901576	NA	NA	NA	NA	NA	NA	NA	NA	NA	NA	NA	NA	NA	NA	NA	NA	NA	NA	NA	NA	NA	NA
9	0.8494508	0.7594045	0.7361757	0.1257473	0.08843963	0.035073	0.01076273	0.0009168973	0.0004468701	NA	NA	NA	NA	NA	NA	NA	NA	NA	NA	NA	NA	NA	NA	NA	NA	NA	NA	NA	NA	NA
10	0.9081585	0.7796423	0.699632	0.6957728	0.1089764	0.08114338	0.03224637	0.009899139	0.0008407231	0.0004111002	NA	NA	NA	NA	NA	NA	NA	NA	NA	NA	NA	NA	NA	NA	NA	NA	NA	NA	NA	NA
11	0.8324543	0.8255298	0.710911	0.6376379	0.6499009	0.08280422	0.06119262	0.02404233	0.007085405	0.0005956782	0.000291153	NA	NA	NA	NA	NA	NA	NA	NA	NA	NA	NA	NA	NA	NA	NA	NA	NA	NA	NA
12	0.3715169	0.3561479	0.3485636	0.2238592	0.1250083	0.09230301	0.05402516	0.03970791	0.01531825	0.004124965	0.0003385277	0.0001652945	NA	NA	NA	NA	NA	NA	NA	NA	NA	NA	NA	NA	NA	NA	NA	NA	NA	NA
13	0.3312577	0.2691088	0.2473578	0.2315312	0.216389	0.1208649	0.08867385	0.05098506	0.03897451	0.01503925	0.004040351	0.0003314305	0.0001618258	NA	NA	NA	NA	NA	NA	NA	NA	NA	NA	NA	NA	NA	NA	NA	NA	NA
14	0.5755274	0.2842337	0.2195759	0.1938464	0.1731392	0.1519831	0.1195135	0.08764038	0.05029623	0.03836673	0.01488545	0.003999261	0.0003279586	0.0001601806	NA	NA	NA	NA	NA	NA	NA	NA	NA	NA	NA	NA	NA	NA	NA	NA
15	0.6535537	0.5432393	0.2746629	0.2131773	0.1885674	0.1685015	0.1480002	0.1166006	0.08556487	0.04907824	0.0374143	0.01451523	0.003897829	0.0003195706	0.0001560817	NA	NA	NA	NA	NA	NA	NA	NA	NA	NA	NA	NA	NA	NA	NA
16	0.07567585	0.04812845	0.03350543	0.02436659	0.01879753	0.0169318	0.01557578	0.01422632	0.01206119	0.008659986	0.00460235	0.003205461	0.001222196	0.0003279432	2.692813e-05	1.315129e-05	NA	NA	NA	NA	NA	NA	NA	NA	NA	NA	NA	NA	NA	NA
17	0.08616536	0.03636908	0.01820328	0.009889457	0.006368165	0.002430132	0.001944402	0.001636747	0.001310762	0.0006470848	0.0004633287	0.0002430717	0.0001661587	6.107525e-05	1.960725e-05	1.660648e-06	8.10926e-07	NA	NA	NA	NA	NA	NA	NA	NA	NA	NA	NA	NA	NA
18	0.174241	0.08184923	0.03542788	0.01749397	0.009326942	0.006044689	0.002225332	0.001758239	0.001463107	0.001149262	0.0005183544	0.0003760353	0.000206304	0.0001495832	5.482376e-05	1.788015e-05	1.517302e-06	7.411514e-07	NA	NA	NA	NA	NA	NA	NA	NA	NA	NA	NA	NA
19	0.1480246	0.1434759	0.06481374	0.01961122	0.01719032	0.009105551	0.005875265	0.002090162	0.001640976	0.001359356	0.001059267	0.0004391183	0.0003172826	0.000171068	0.000121431	4.337321e-05	1.399047e-05	1.197261e-06	5.848639e-07	NA	NA	NA	NA	NA	NA	NA	NA	NA	NA	NA
20	0.1454871	0.1397386	0.1357719	0.05915015	0.01444086	0.0117378	0.00894043	0.005751314	0.002019412	0.00158014	0.001312268	0.00102054	0.0004165509	0.0003005839	0.0001616356	0.0001141901	4.062368e-05	1.322591e-05	1.13434e-06	5.541306e-07	NA	NA	NA	NA	NA	NA	NA	NA	NA	NA
21	0.8656153	0.1426881	0.1378201	0.1339443	0.05845606	0.01420003	0.01151904	0.008768883	0.005670044	0.00197523	0.001546887	0.001282039	0.0009933382	0.0003977637	0.0002877108	0.0001559468	0.0001113102	3.954592e-05	1.290848e-05	1.107688e-06	5.410762e-07	NA	NA	NA	NA	NA	NA	NA	NA	NA
22	0.7894317	0.7819848	0.1024475	0.09838506	0.09708795	0.0409245	0.01273603	0.01056853	0.007965888	0.00522959	0.00157581	0.001196075	0.0009776979	0.0007371045	0.0001715663	0.0001222947	6.536358e-05	4.600042e-05	1.295788e-05	3.941156e-06	3.320073e-07	1.62169e-07	NA	NA	NA	NA	NA	NA	NA	NA
23	0.8113101	0.7776476	0.7723574	0.09711674	0.09314203	0.09275642	0.03971459	0.01221265	0.01009146	0.007820481	0.005137304	0.001522424	0.001149287	0.0009352559	0.0007060577	0.00014875	0.0001055779	5.606507e-05	3.932356e-05	1.030332e-05	3.047474e-06	2.547192e-07	1.24399e-07	NA	NA	NA	NA	NA	NA	NA
24	0.776658	0.7669425	0.7507811	0.7496314	0.07979028	0.07698172	0.07665635	0.03307264	0.01009298	0.008311396	0.006413213	0.004258143	0.001252814	0.0009434271	0.00076696	0.0005779375	0.0001164645	8.27346e-05	4.418001e-05	3.121863e-05	7.1781e-06	2.154383e-06	1.801734e-07	8.799893e-08	NA	NA	NA	NA	NA	NA
25	0.1226738	0.09576566	0.09090349	0.07849137	0.07746674	0.07684343	0.07413282	0.07382173	0.03122289	0.009888141	0.00814088	0.00627906	0.004166618	0.001225248	0.0009220839	0.0007492934	0.0005641883	0.0001123875	7.978059e-05	4.256796e-05	3.005491e-05	6.70785e-06	1.995313e-06	1.663159e-07	8.125438e-08	NA	NA	NA	NA	NA
26	0.03752714	0.02505639	0.01480535	0.01353839	0.01051553	0.01032734	0.009980781	0.009961279	0.0096718	0.003456829	0.000992056	0.0007808176	0.0005974622	0.0004146397	0.0001693247	0.000136403	0.0001155063	9.341563e-05	4.608328e-05	3.329015e-05	1.880248e-05	1.411216e-05	5.141025e-06	1.478252e-06	1.220078e-07	5.958931e-08	NA	NA	NA	NA
27	0.02396604	0.02021465	0.01581985	0.008966911	0.008368021	0.006470817	0.006340609	0.006013312	0.005995603	0.005909885	0.001970643	0.000513896	0.0004260223	0.0003245212	0.0002319208	0.0001109285	9.153567e-05	7.845226e-05	6.469993e-05	3.645054e-05	2.630327e-05	1.487522e-05	1.117363e-05	4.167923e-06	1.146832e-06	9.45836e-08	4.619452e-08	NA	NA	NA
28	0.02491296	0.01423279	0.01302566	0.009296718	0.004878727	0.004458672	0.00340241	0.003309258	0.002995629	0.002981786	0.00297057	0.0007824176	0.0001422566	0.0001167077	9.059154e-05	7.458266e-05	5.970337e-05	5.253838e-05	4.648864e-05	4.018324e-05	2.985404e-05	2.188931e-05	1.253213e-05	9.53059e-06	3.696293e-06	9.965681e-07	8.182439e-08	3.995848e-08	NA	NA
29	0.2652367	0.01881926	0.01210384	0.01140239	0.008146608	0.003933206	0.003748121	0.00288412	0.002814749	0.002621846	0.002608996	0.002598883	0.0006744271	0.0001163997	9.497021e-05	7.277162e-05	5.990196e-05	4.888348e-05	4.319423e-05	3.851445e-05	3.365472e-05	2.630433e-05	1.935083e-05	1.11928e-05	8.606544e-06	3.344206e-06	8.978565e-07	7.360865e-08	3.594632e-08	NA
30	0.84546	0.2539678	0.01782087	0.01181689	0.01117638	0.007966146	0.00382671	0.003658626	0.002823042	0.002754363	0.002566195	0.002553524	0.002543473	0.0006460505	0.0001111125	9.049993e-05	6.917703e-05	5.726992e-05	4.755388e-05	4.219092e-05	3.77375e-05	3.312227e-05	2.616204e-05	1.924918e-05	1.113917e-05	8.56945e-06	3.331058e-06	8.93482e-07	7.322102e-08	3.576145e-08
31	0.6354621	0.6278394	0.2180313	0.007516586	0.003390698	0.002905787	0.002249272	0.00203553	0.001996126	0.001691619	0.001666394	0.001615731	0.001613376	0.001607233	0.0004069674	7.091549e-05	5.805353e-05	4.470777e-05	3.824128e-05	3.248855e-05	2.866327e-05	2.529706e-05	2.181088e-05	1.625696e-05	1.198785e-05	7.014509e-06	5.465244e-06	2.119774e-06	5.617484e-07	4.603998e-08
32	0.3780836	0.3063159	0.3012731	0.1927543	0.003344816	0.001000283	0.0007098603	0.0005817064	0.0005379139	0.0005225653	0.0003960954	0.0003779516	0.0003561684	0.0003543251	0.0003531093	0.0001066381	2.955564e-05	2.553854e-05	2.147129e-05	1.779893e-05	1.316066e-05	1.119262e-05	9.190311e-06	7.051535e-06	2.678256e-06	1.91403e-06	1.017056e-06	7.084561e-07	2.691503e-07	7.7175e-08
33	0.02761573	0.02419197	0.01721067	0.01541769	0.004062137	0.002314873	0.0004446099	0.0002076608	0.0001447421	0.0001185179	0.0001154604	9.235319e-05	9.15489e-05	7.247265e-05	7.068509e-05	7.014177e-05	1.612834e-05	2.916547e-06	2.274653e-06	1.820368e-06	1.467453e-06	1.294386e-06	1.095435e-06	8.902453e-07	6.714451e-07	5.721427e-07	4.224629e-07	2.383188e-07	1.78099e-07	7.316781e-08
34	0.08558027	0.0195042	0.01704551	0.01288636	0.01117328	0.002568155	0.001667807	0.0004264533	0.0001909947	0.0001295007	0.0001037752	0.0001016966	8.70659e-05	8.640043e-05	6.755726e-05	6.577401e-05	6.52429e-05	1.395107e-05	2.159868e-06	1.579552e-06	1.188964e-06	9.021984e-07	8.243686e-07	7.394581e-07	6.627522e-07	5.849051e-07	5.290493e-07	3.936186e-07	2.26936e-07	1.738521e-07
35	0.2261888	0.07612767	0.01839469	0.01597701	0.01194027	0.0109901	0.002514685	0.001619856	0.0003789951	0.0001896287	0.000128242	0.0001026719	0.0001006016	8.65785e-05	8.597486e-05	6.71544e-05	6.537285e-05	6.484501e-05	1.386738e-05	2.148189e-06	1.570601e-06	1.182254e-06	8.961844e-07	8.192901e-07	7.34824e-07	6.585952e-07	5.812392e-07	5.257672e-07	3.911829e-07	2.25549e-07
36	0.2277292	0.1715381	0.05722541	0.01454857	0.01240835	0.008537984	0.008294954	0.002215825	0.0015634	0.0003446956	0.0001635323	0.0001056729	8.073029e-05	7.884825e-05	6.740147e-05	6.708837e-05	4.831366e-05	4.653417e-05	4.608112e-05	1.014727e-05	1.687523e-06	1.223048e-06	9.276369e-07	6.582307e-07	6.056298e-07	5.412453e-07	4.877844e-07	4.338605e-07	3.903378e-07	2.883882e-07
37	0.3823204	0.1807382	0.1460312	0.04333974	0.01054915	0.009878003	0.006861516	0.006746793	0.002005989	0.001528628	0.0003249829	0.0001467799	8.999102e-05	6.611859e-05	6.437801e-05	5.422213e-05	5.404298e-05	3.529757e-05	3.352025e-05	3.311729e-05	7.459578e-06	1.326577e-06	9.521491e-07	7.357281e-07	4.972724e-07	4.59847e-07	4.137119e-07	3.751755e-07	3.36622e-07	3.004579e-07
38	0.7125756	0.3566894	0.1748776	0.1415948	0.04057625	0.008960604	0.008326358	0.005578194	0.005464434	0.0008265814	0.0003628619	0.0003219513	0.0001438718	8.717524e-05	6.333639e-05	6.167164e-05	5.161416e-05	5.14378e-05	3.269405e-05	3.251945e-05	3.21196e-05	7.250832e-06	1.298092e-06	9.307342e-07	7.20558e-07	4.846892e-07	4.485051e-07	4.038497e-07	3.664735e-07	3.291168e-07
39	0.8897595	0.6888273	0.3344124	0.1692886	0.1373636	0.03841561	0.008467764	0.007868778	0.005199296	0.005103175	0.0006343992	0.000190767	0.0001516243	0.0001394159	8.5134e-05	6.145056e-05	5.980234e-05	4.990936e-05	4.97539e-05	3.101549e-05	3.084125e-05	3.061104e-05	6.940811e-06	1.253593e-06	8.998382e-07	6.985213e-07	4.659898e-07	4.311284e-07	3.886077e-07	3.529704e-07
40	0.5005527	0.4479064	0.4421819	0.1021278	0.03171811	0.023906	0.01236897	0.002732617	0.002522838	0.002278096	0.002248879	0.0002048976	9.8492e-05	8.865248e-05	7.957832e-05	5.079912e-05	3.060981e-05	2.924813e-05	2.465957e-05	2.457407e-05	5.878582e-06	5.708543e-06	5.668422e-06	1.763203e-06	5.655041e-07	3.833214e-07	3.326319e-07	1.564574e-07	1.414307e-07	1.34736e-07
41	0.519079	0.4902332	0.4437513	0.4385904	0.09875334	0.02910167	0.02160456	0.0107403	0.001830253	0.001630889	0.001395536	0.001374481	0.0001566703	6.200555e-05	5.297744e-05	5.189235e-05	4.97875e-05	2.972379e-05	2.83696e-05	2.38847e-05	2.381392e-05	5.119557e-06	4.949602e-06	4.916742e-06	1.482877e-06	3.901881e-07	3.690461e-07	3.225155e-07	1.479959e-07	1.338708e-07
42	0.6188167	0.5130923	0.4864439	0.4409646	0.436814	0.09769525	0.02852782	0.02107899	0.01049303	0.001725538	0.001579595	0.001348482	0.001336218	0.0001445933	5.15203e-05	4.260384e-05	4.153116e-05	4.037026e-05	2.884604e-05	2.749672e-05	2.377081e-05	2.370044e-05	5.006271e-06	4.836325e-06	4.807724e-06	1.436285e-06	3.599495e-07	3.378568e-07	3.201059e-07	1.461165e-07
43	0.661743	0.6122653	0.5066619	0.4800388	0.4352521	0.4311025	0.09754813	0.02851331	0.02106907	0.01048744	0.001723908	0.001578055	0.001347147	0.001334887	0.0001444608	5.145458e-05	4.25677e-05	4.149544e-05	4.033487e-05	2.881079e-05	2.749387e-05	2.376848e-05	2.369815e-05	5.003987e-06	4.834112e-06	4.805522e-06	1.435216e-06	3.596183e-07	3.375772e-07	3.198781e-07
44	0.6342936	0.3185367	0.2765236	0.1723927	0.1464128	0.102148	0.09802848	0.0956132	0.02732495	0.01995322	0.009726818	0.001249797	0.001108044	0.0008861863	0.0008744039	0.0001388582	5.031675e-05	4.209477e-05	4.106168e-05	3.99337e-05	2.843273e-05	2.727478e-05	2.358767e-05	2.351828e-05	4.825113e-06	4.655358e-06	4.627821e-06	1.25316e-06	2.083943e-07	1.768808e-07
45	0.3911327	0.3853215	0.08845443	0.05283624	0.05027346	0.03272704	0.02804612	0.02644624	0.02589636	0.02319346	0.01618997	0.007745589	0.0009574547	0.0008475061	0.0006373774	0.0006266729	0.0001015406	2.9998e-05	2.259539e-05	2.164876e-05	2.058203e-05	9.095649e-06	7.979031e-06	4.515019e-06	4.454259e-06	4.423834e-06	4.254694e-06	4.22789e-06	1.094284e-06	1.488463e-07
46	0.3819054	0.3735711	0.3710286	0.07631826	0.04391884	0.04245041	0.02522581	0.02134908	0.01981477	0.01933299	0.01670157	0.01540931	0.00724355	0.0007289714	0.0006241525	0.0005950093	0.0005845202	9.706634e-05	2.837654e-05	2.116892e-05	2.024363e-05	1.919309e-05	7.71251e-06	7.638729e-06	4.211167e-06	4.151709e-06	4.13406e-06	4.1336e-06	4.107223e-06	1.053414e-06
47	0.3457655	0.3431986	0.3426005	0.3417887	0.0603499	0.03028022	0.02979755	0.013014	0.01181228	0.01056152	0.01030376	0.00887158	0.008172909	0.00387213	0.0003449782	0.0002955616	0.0002753942	0.0002700171	3.388959e-05	7.999817e-06	5.127725e-06	4.713889e-06	4.375137e-06	4.181965e-06	4.142938e-06	1.100156e-06	1.050243e-06	1.03874e-06	1.038507e-06	1.033211e-06
48	0.356916	0.3280234	0.3276024	0.3274446	0.3267168	0.05003062	0.02097736	0.0206521	0.004049013	0.003155438	0.003032528	0.002961026	0.002530762	0.0023432	0.001165824	0.0001479609	0.0001323203	0.0001186292	0.0001176008	1.58211e-05	2.511313e-06	1.287754e-06	1.143366e-06	1.045036e-06	9.949341e-07	9.813217e-07	8.472253e-07	8.056927e-07	7.981481e-07	7.980224e-07
49	0.2517385	0.07711974	0.05165945	0.0513134	0.05120297	0.05117701	0.04888173	0.01992628	0.01961709	0.003029466	0.002317648	0.002246969	0.002190996	0.001865046	0.001731194	0.0008821772	0.0001279285	0.0001158208	0.0001028047	0.0001019771	1.413993e-05	2.169212e-06	1.119926e-06	1.003935e-06	9.304498e-07	8.952958e-07	8.843423e-07	7.850536e-07	7.823237e-07	7.751949e-07
50	0.4964258	0.1970288	0.03163688	0.006464261	0.006287152	0.006188346	0.006163326	0.003927644	0.003252457	0.002962084	0.002867619	0.002163857	0.002094259	0.00204597	0.001786518	0.001659148	0.0008477066	0.0001248088	0.0001131342	0.0001002242	9.941957e-05	1.384232e-05	2.123834e-06	1.098604e-06	9.856806e-07	9.14721e-07	8.809636e-07	8.703936e-07	7.75246e-07	7.726239e-07
51	0.5462648	0.4318469	0.175019	0.02953541	0.005601466	0.005445201	0.005359016	0.005336087	0.003351934	0.002746776	0.002521298	0.00243665	0.001773468	0.001708439	0.001668989	0.001461566	0.001362382	0.0007083499	0.0001113494	0.0001014187	8.89574e-05	8.825924e-05	1.232141e-05	1.920084e-06	1.020185e-06	9.235376e-07	8.662942e-07	8.403493e-07	8.317932e-07	7.532691e-07
52	0.5880011	0.5043462	0.4129942	0.1666323	0.02832383	0.005256883	0.005108402	0.005026705	0.005004554	0.00313247	0.00256638	0.002348499	0.002269779	0.001647752	0.001584056	0.001547774	0.001354833	0.00126331	0.0006578217	0.0001055015	9.621332e-05	8.392564e-05	8.326191e-05	1.18954e-05	1.863607e-06	9.964649e-07	9.038511e-07	8.501335e-07	8.262853e-07	8.183174e-07
53	0.7935729	0.5748801	0.4992198	0.4093312	0.1648134	0.02815828	0.005178253	0.005035428	0.004959073	0.004947508	0.003093045	0.00253172	0.002315628	0.00223759	0.001618002	0.001556704	0.00152097	0.001331533	0.001241805	0.0006472005	0.0001044129	9.544654e-05	8.318385e-05	8.252913e-05	1.17789e-05	1.848931e-06	9.902517e-07	8.987744e-07	8.459984e-07	8.228874e-07
54	0.7635565	0.6610361	0.5535039	0.494391	0.4059993	0.1641845	0.02804296	0.005096634	0.004957826	0.004881991	0.00487056	0.00302567	0.002466957	0.002254401	0.002176626	0.001557898	0.00149673	0.001461428	0.001318848	0.001232218	0.0006424704	0.0001039007	9.499352e-05	8.275335e-05	8.210189e-05	1.173862e-05	1.843517e-06	9.880105e-07	8.969483e-07	8.445155e-07
55	0.5738657	0.5421634	0.4424426	0.3646959	0.3076056	0.2358756	0.1282868	0.009668141	0.004466466	0.00434783	0.004277234	0.00426707	0.002790854	0.002350004	0.002149801	0.00207757	0.001490362	0.001432175	0.001397876	0.001256185	0.001174715	0.0005910714	7.638356e-05	6.795403e-05	6.606276e-05	6.543952e-05	1.057394e-05	1.765506e-06	9.393725e-07	8.50911e-07
56	0.1070886	0.08144193	0.07409368	0.06883333	0.05433609	0.05320775	0.03756277	0.01241174	0.001734365	0.0009097007	0.0008947761	0.0008802088	0.0008776575	0.0005356954	0.0004428448	0.0004352782	0.0004213955	0.0004031169	0.000399787	0.0003977359	0.0003932026	0.0003806451	0.0002039517	1.875513e-05	1.609369e-05	1.541727e-05	1.531664e-05	7.01211e-07	1.060026e-07	6.034458e-08
57	0.0127601	0.008228005	0.00748834	0.007017902	0.005450957	0.00445542	0.004357544	0.003209494	0.001300204	0.0001304864	7.195844e-05	7.094075e-05	6.964782e-05	6.949328e-05	4.403309e-05	3.45332e-05	3.370224e-05	2.429863e-05	2.236256e-05	2.211675e-05	2.173476e-05	1.993829e-05	1.887071e-05	9.888184e-06	1.35641e-06	1.205408e-06	1.149143e-06	1.143857e-06	6.061674e-08	8.028024e-09
58	0.1348721	0.004705576	0.004174829	0.003963484	0.003813826	0.002600449	0.002264915	0.002224423	0.001602843	0.0005578449	3.92664e-05	2.736176e-05	2.699139e-05	2.625536e-05	2.620108e-05	1.23923e-05	6.149098e-06	5.774683e-06	5.57782e-06	4.487442e-06	4.379902e-06	4.218798e-06	3.691347e-06	3.505937e-06	2.140613e-06	7.092634e-07	6.573761e-07	6.24397e-07	6.228718e-07	3.670288e-08
59	0.09936056	0.07887956	0.004428673	0.004036414	0.003836358	0.003694004	0.002491913	0.002206473	0.002167387	0.001560788	0.0005429008	3.662545e-05	2.626807e-05	2.591507e-05	2.519228e-05	2.514033e-05	1.165912e-05	5.612229e-06	5.248863e-06	5.069441e-06	4.100471e-06	3.996641e-06	3.844354e-06	3.345278e-06	3.178261e-06	1.96551e-06	6.9157e-07	6.41968e-07	6.096276e-07	6.081896e-07
60	0.6696698	0.09486556	0.07564396	0.004347866	0.003960633	0.003770023	0.003676861	0.002475812	0.002198646	0.002164599	0.001559175	0.000542286	3.656053e-05	2.622215e-05	2.587133e-05	2.515328e-05	2.510597e-05	1.163891e-05	5.596238e-06	5.233296e-06	5.054068e-06	4.08608e-06	3.989423e-06	3.837242e-06	3.338728e-06	3.172045e-06	1.961831e-06	6.90567e-07	6.41359e-07	6.090399e-07
61	0.5551276	0.2302704	0.09325442	0.07532769	0.004291366	0.003905781	0.003719536	0.003644912	0.002445166	0.002195896	0.002162046	0.001557252	0.0005414988	3.621873e-05	2.591889e-05	2.557437e-05	2.485731e-05	2.481032e-05	1.135693e-05	5.317903e-06	4.955612e-06	4.776602e-06	3.809683e-06	3.713173e-06	3.561885e-06	3.321561e-06	3.155833e-06	1.953287e-06	6.898059e-07	6.407079e-07
62	0.4819345	0.4798145	0.1559051	0.09186551	0.07399943	0.003945992	0.003576246	0.00340276	0.003335921	0.002407172	0.002184624	0.002150898	0.001546317	0.0005410422	3.615168e-05	2.58684e-05	2.552469e-05	2.480803e-05	2.476116e-05	1.131237e-05	5.27928e-06	4.917953e-06	4.739094e-06	3.778252e-06	3.681793e-06	3.530729e-06	3.290679e-06	3.141487e-06	1.941554e-06	6.806979e-07
63	0.256843	0.2536459	0.2523167	0.132055	0.08469985	0.0720689	0.003783639	0.003433466	0.00334064	0.003278719	0.0023512	0.00214421	0.002111269	0.001520706	0.0005276154	3.446768e-05	2.49093e-05	2.472617e-05	2.429945e-05	2.425393e-05	1.097491e-05	4.988117e-06	4.640523e-06	4.467157e-06	3.530076e-06	3.436807e-06	3.290136e-06	3.077053e-06	2.94255e-06	1.841106e-06
64	0.8012616	0.2527109	0.2501337	0.2488472	0.1299806	0.08345465	0.07083145	0.003772415	0.003423352	0.003330618	0.003268915	0.002342661	0.00214384	0.002110934	0.001520417	0.0005274621	3.436827e-05	2.481368e-05	2.463145e-05	2.420486e-05	2.415935e-05	1.088134e-05	4.894835e-06	4.54743e-06	4.374093e-06	3.437196e-06	3.343942e-06	3.288508e-06	3.075813e-06	2.941434e-06
65	0.8124479	0.7911913	0.2455311	0.2430912	0.2419604	0.1252623	0.08271213	0.07017489	0.003734926	0.003394764	0.003305139	0.003246655	0.002324092	0.002130756	0.002098125	0.001511229	0.000524392	3.389476e-05	2.456654e-05	2.43983e-05	2.397525e-05	2.39304e-05	1.073279e-05	4.767573e-06	4.422188e-06	4.250124e-06	3.317827e-06	3.22544e-06	3.171117e-06	2.976411e-06
66	0.9760189	0.800754	0.7797113	0.2370239	0.234817	0.2339568	0.123635	0.08165357	0.06913625	0.002842475	0.002504654	0.002416519	0.002358585	0.002318276	0.002126195	0.00209364	0.001507604	0.0005236261	3.377948e-05	2.450712e-05	2.434043e-05	2.391825e-05	2.387356e-05	1.069512e-05	4.735722e-06	4.391046e-06	4.219297e-06	3.288144e-06	3.195967e-06	3.14187e-06
67	0.6163696	0.616039	0.5848581	0.5795409	0.05893619	0.0577765	0.05730604	0.03352199	0.02555171	0.02368035	0.0007533347	0.0005702337	0.0005031194	0.0004572711	0.0004483514	0.0003566053	0.0003495539	0.0002556699	7.98508e-05	1.466231e-05	8.195018e-06	8.102254e-06	8.018131e-06	8.00262e-06	5.893411e-06	2.824107e-06	2.75865e-06	2.71603e-06	2.585919e-06	2.564489e-06
68	0.7689993	0.6031467	0.6028237	0.5717424	0.5664547	0.04797528	0.0469146	0.0464903	0.02800844	0.02209196	0.02053682	0.0005934402	0.0004462341	0.0003860873	0.0003446895	0.0003378412	0.000255888	0.000250387	0.0001843365	5.445666e-05	1.074096e-05	4.556968e-06	4.472131e-06	4.400837e-06	4.387894e-06	2.906061e-06	2.50464e-06	2.453011e-06	2.429087e-06	2.335738e-06
69	0.9982387	0.768736	0.6029044	0.6025814	0.571501	0.5662137	0.04773973	0.04667922	0.04625533	0.02799652	0.02208105	0.02052598	0.0005849522	0.0004377613	0.0003776193	0.0003362266	0.0003294081	0.0002474966	0.0002419959	0.0001759473	5.444867e-05	1.073431e-05	4.550431e-06	4.465606e-06	4.394315e-06	4.381371e-06	2.899574e-06	2.498163e-06	2.452714e-06	2.428791e-06
70	0.7791473	0.7785563	0.5828229	0.5593972	0.5592826	0.5579346	0.5576554	0.04166637	0.04063933	0.04022817	0.02558219	0.02023554	0.01881656	0.0005335421	0.0003921839	0.0003335022	0.0002930891	0.0002868934	0.0002075476	0.0002025871	0.0001437619	4.680606e-05	1.025823e-05	4.243576e-06	4.161419e-06	4.092781e-06	4.080455e-06	2.760573e-06	2.411084e-06	2.374118e-06
71	0.5372035	0.5289862	0.5286401	0.5250587	0.5141989	0.5141862	0.5141019	0.5140633	0.00329453	0.002913157	0.002785889	0.001798006	0.0005245164	0.00043603	3.578962e-05	2.361927e-05	2.078465e-05	1.889311e-05	1.848912e-05	1.451204e-05	1.418768e-05	1.009081e-05	3.618146e-06	4.753334e-07	2.366689e-07	2.30252e-07	2.265815e-07	2.259079e-07	1.37609e-07	1.141518e-07
72	0.2234824	0.01304371	0.007846041	0.007502188	0.00417199	0.003265465	0.003253379	0.003176591	0.003150894	0.002898899	0.002522282	0.002397171	0.001630009	0.0004172782	0.0003457419	2.534264e-05	1.921047e-05	1.67163e-05	1.50599e-05	1.475338e-05	1.129267e-05	1.103331e-05	7.758362e-06	2.634903e-06	3.975891e-07	1.958051e-07	1.898863e-07	1.867273e-07	1.861515e-07	1.163293e-07
73	0.24792	0.2199362	0.01245307	0.007409635	0.007071368	0.003776015	0.002870892	0.002867858	0.002803396	0.002785709	0.002534125	0.002501063	0.002393945	0.00162859	0.0004164067	0.0003450477	2.521824e-05	1.909372e-05	1.661704e-05	1.498758e-05	1.468171e-05	1.126497e-05	1.101027e-05	7.741248e-06	2.627258e-06	3.968796e-07	1.954288e-07	1.8952e-07	1.863937e-07	1.858407e-07
74	0.3419947	0.2262716	0.2189592	0.01187188	0.00688861	0.006881529	0.00359935	0.002703103	0.002700729	0.002646773	0.002630397	0.002384253	0.002356016	0.002344044	0.001605186	0.0004039369	0.0003351562	2.439365e-05	1.846096e-05	1.607645e-05	1.452093e-05	1.422476e-05	1.093852e-05	1.071487e-05	7.530441e-06	2.555787e-06	3.789919e-07	1.887529e-07	1.830548e-07	1.800403e-07
75	0.7249019	0.2735051	0.1801143	0.1730178	0.009840781	0.006732502	0.006725552	0.003497629	0.002604155	0.002601813	0.00254797	0.002531626	0.00228687	0.002258832	0.002246953	0.0015163	0.0004004975	0.0003326676	2.40349e-05	1.813861e-05	1.577286e-05	1.422952e-05	1.393592e-05	1.0853e-05	1.063113e-05	7.469159e-06	2.528054e-06	3.735363e-07	1.85439e-07	1.816358e-07
76	0.2053479	0.02164615	0.01163691	0.007495817	0.00726798	0.006762001	0.005580904	0.005575747	0.002385547	0.001516958	0.001515344	0.001462216	0.001446176	0.001218469	0.001193559	0.001183121	0.0005636416	0.0003623839	0.0003045687	2.156602e-05	1.623415e-05	1.414555e-05	1.280252e-05	1.254399e-05	9.899869e-06	9.700282e-06	6.769642e-06	2.205703e-06	3.180166e-07	1.651808e-07
77	0.2285804	0.1750423	0.005611457	0.001439188	0.001003139	0.0009748057	0.0009375477	0.0009271167	0.0009230876	0.000915021	0.0002834716	0.0002828159	0.0002303773	0.000215905	0.0001385149	0.0001365003	0.0001356599	4.232727e-05	2.731938e-05	1.96502e-05	1.476594e-06	1.155708e-06	1.023575e-06	9.309228e-07	9.086567e-07	6.994771e-07	6.747033e-07	5.074637e-07	2.33562e-07	2.804712e-08
78	0.3998048	0.2211656	0.1713006	0.002657562	0.001116431	0.0008653859	0.0008477016	0.0008196697	0.0008129236	0.0008089345	0.0008042407	0.0001922362	0.0001916134	0.0001391989	0.0001247761	0.0001050074	0.0001038385	0.0001033714	2.669377e-05	1.70681e-05	1.105574e-05	8.169468e-07	6.6339e-07	6.05186e-07	5.635634e-07	5.489827e-07	4.38957e-07	4.200163e-07	3.261152e-07	1.756428e-07
79	0.4335005	0.3760671	0.2078725	0.1706692	0.002277662	0.0008481327	0.0006284599	0.0006127247	0.0005904662	0.0005849471	0.0005809714	0.0005774204	0.0001757729	0.0001751609	0.0001227545	0.0001083473	9.152119e-05	9.064115e-05	9.030029e-05	2.100701e-05	1.322686e-05	7.89755e-06	5.996351e-07	5.018831e-07	4.67775e-07	4.427888e-07	4.307537e-07	3.540638e-07	3.375086e-07	2.675216e-07
80	0.8565157	0.3120738	0.2555403	0.206227	0.1701129	0.001871465	0.0004507005	0.0002318375	0.0002161444	0.0001939171	0.0001884119	0.0001844363	0.0001808995	0.0001752271	0.0001746151	0.0001222089	0.0001078018	9.130354e-05	9.042621e-05	9.008652e-05	2.093733e-05	1.31808e-05	7.862806e-06	5.969902e-07	4.998803e-07	4.659521e-07	4.410914e-07	4.291211e-07	3.527248e-07	3.362097e-07
81	0.9099572	0.7622319	0.3256093	0.2699043	0.2180102	0.1798177	0.00169125	0.0003633887	0.0001704055	0.0001574865	0.0001350264	0.0001310708	0.0001268679	0.0001239616	0.0001186244	0.0001179789	6.249347e-05	4.724223e-05	4.059966e-05	3.999489e-05	3.97498e-05	1.535292e-05	9.632327e-06	7.411399e-06	5.382966e-07	4.550819e-07	4.196976e-07	3.939058e-07	3.833941e-07	3.27687e-07
82	0.6448537	0.6432219	0.6161947	0.2867908	0.2512715	0.2311384	0.1908824	0.001638621	0.0002457897	0.0001051485	9.27335e-05	6.947666e-05	6.6575e-05	6.64399e-05	6.381577e-05	5.857602e-05	5.852388e-05	5.834902e-05	4.229082e-05	3.641227e-05	3.588293e-05	3.564504e-05	1.434833e-05	8.992741e-06	6.972462e-06	4.804922e-07	3.962095e-07	3.590229e-07	3.318944e-07	3.242486e-07
83	0.5910442	0.5723083	0.5710851	0.5548434	0.2748393	0.2613557	0.2463081	0.2034883	0.0016345	0.0002271059	8.506203e-05	7.248332e-05	4.821513e-05	4.545812e-05	4.543401e-05	4.322299e-05	3.88695e-05	3.885115e-05	3.883713e-05	3.880818e-05	3.304502e-05	3.259456e-05	3.238338e-05	1.131712e-05	7.215771e-06	5.289481e-06	4.186663e-07	3.363644e-07	2.98082e-07	2.700985e-07
84	0.3766136	0.292558	0.2810264	0.280049	0.2655781	0.0188577	0.005198529	0.002196192	0.001888881	0.001717225	0.0002275466	8.03879e-05	6.733541e-05	4.177596e-05	3.912778e-05	3.910578e-05	3.711319e-05	3.337404e-05	3.335693e-05	3.334379e-05	3.33205e-05	3.030832e-05	2.985895e-05	2.965142e-05	9.315936e-06	5.97442e-06	4.185487e-06	3.722733e-07	2.921226e-07	2.534666e-07
85	0.587108	0.3001118	0.2549761	0.2459021	0.2450981	0.2317072	0.01768746	0.003584554	0.0005944138	0.0003152496	0.0003001892	0.000229647	7.681897e-05	6.323556e-05	3.624365e-05	3.379774e-05	3.377789e-05	3.204112e-05	2.881166e-05	2.879597e-05	2.878404e-05	2.876335e-05	2.653839e-05	2.612511e-05	2.593454e-05	7.929769e-06	4.947326e-06	3.639335e-06	3.183929e-07	2.436014e-07
86	0.3548425	0.2733624	0.2380396	0.2045173	0.1985406	0.197942	0.1861297	0.002336616	0.0006498402	0.0002435444	0.0001343171	0.0001266076	8.294312e-05	6.79538e-05	5.383092e-05	2.514394e-05	2.314292e-05	2.31243e-05	2.159228e-05	1.856354e-05	1.854859e-05	1.853734e-05	1.851819e-05	1.670405e-05	1.631002e-05	1.612852e-05	7.026354e-06	4.253101e-06	3.305993e-06	2.827138e-07
87	0.2330131	0.2323795	0.1740934	0.1566509	0.1302062	0.1255261	0.1250715	0.1181277	0.001483918	0.000423443	0.0001533786	7.038541e-05	6.431837e-05	3.145538e-05	2.023203e-05	1.913412e-05	1.744561e-05	1.63186e-05	1.630481e-05	1.50853e-05	1.272939e-05	1.271812e-05	1.270977e-05	1.269494e-05	1.125635e-05	1.095616e-05	1.081965e-05	4.853661e-06	3.216088e-06	2.588645e-06
88	0.1600827	0.1555227	0.155132	0.1190193	0.1030532	0.08402039	0.08069	0.08038501	0.07639986	0.0009664384	0.0002889433	0.0001046858	4.707212e-05	4.254667e-05	1.998003e-05	1.26134e-05	1.190979e-05	1.090532e-05	1.021887e-05	1.02104e-05	9.511843e-06	7.933764e-06	7.926711e-06	7.921564e-06	7.911431e-06	6.932906e-06	6.75187e-06	6.671957e-06	3.281897e-06	2.145807e-06
89	0.6212093	0.1173713	0.1136149	0.1132769	0.09158339	0.07477161	0.05942951	0.05676975	0.05654285	0.05383947	0.0007065916	0.0002191393	7.635615e-05	3.144402e-05	2.855627e-05	1.493826e-05	9.398917e-06	8.87188e-06	8.180406e-06	7.712172e-06	7.706649e-06	7.202935e-06	6.038714e-06	6.034002e-06	6.030624e-06	6.022906e-06	5.282092e-06	5.169328e-06	5.122071e-06	2.529357e-06
90	0.9850702	0.6401125	0.1012455	0.09808364	0.09786352	0.08223147	0.0638508	0.04975718	0.04731361	0.04711348	0.04487587	0.0006095556	0.0001956033	6.756206e-05	2.697694e-05	2.433256e-05	1.248685e-05	8.18399e-06	7.717887e-06	7.140088e-06	6.752252e-06	6.747871e-06	6.318566e-06	5.321584e-06	5.31794e-06	5.315351e-06	5.308526e-06	4.657894e-06	4.577533e-06	4.54311e-06
91	0.4527804	0.4519304	0.1732082	0.07735317	0.07457156	0.07438416	0.06242527	0.05024903	0.03758346	0.0354099	0.03524475	0.0337036	0.0004552291	0.0001629606	5.588442e-05	2.159796e-05	1.927019e-05	9.753348e-06	6.347739e-06	6.036111e-06	5.657249e-06	5.418688e-06	5.415804e-06	5.124545e-06	4.366254e-06	4.364106e-06	4.362567e-06	4.357039e-06	3.835133e-06	3.797507e-06
92	0.305924	0.2333762	0.2326959	0.132182	0.06486981	0.06274414	0.0625767	0.05289579	0.03920733	0.02822895	0.02635967	0.02622533	0.02514772	0.0003151798	0.0001253459	4.268609e-05	1.605983e-05	1.432794e-05	7.124754e-06	4.558127e-06	4.328531e-06	4.053929e-06	3.896523e-06	3.894717e-06	3.704867e-06	3.247003e-06	3.245864e-06	3.245044e-06	3.240694e-06	2.883024e-06
93	0.7854567	0.2576165	0.1987443	0.1982452	0.1074103	0.04843557	0.04647821	0.04630935	0.03697416	0.0357759	0.02575934	0.02405437	0.02393146	0.02299241	0.0002850716	0.0001099236	3.807404e-05	1.525789e-05	1.366644e-05	6.773302e-06	4.339529e-06	4.122866e-06	3.868505e-06	3.728381e-06	3.726783e-06	3.553954e-06	3.156486e-06	3.155486e-06	3.154763e-06	3.150946e-06
94	0.9718124	0.783536	0.2408997	0.1840243	0.1835598	0.101291	0.04597973	0.04413814	0.04395856	0.03440022	0.03318551	0.02393471	0.02235954	0.02224526	0.02139813	0.0002665024	9.937113e-05	3.483485e-05	1.478378e-05	1.328136e-05	6.778503e-06	4.405191e-06	4.188703e-06	3.928706e-06	3.78933e-06	3.787898e-06	3.62498e-06	3.277311e-06	3.276427e-06	3.27577e-06
95	0.9613316	0.9524377	0.7851604	0.2159314	0.1626151	0.1622129	0.09029121	0.04195814	0.04042538	0.04023189	0.03027743	0.02903205	0.02100799	0.01964102	0.01954059	0.0188439	0.000237331	8.285596e-05	3.005868e-05	1.444704e-05	1.308731e-05	6.627971e-06	4.521065e-06	4.304174e-06	4.033976e-06	3.89534e-06	3.894182e-06	3.747052e-06	3.485514e-06	3.484819e-06
96	0.9653553	0.9478069	0.9425417	0.8150936	0.170802	0.123461	0.1231668	0.0713175	0.03413904	0.0330268	0.03279693	0.02216694	0.0209133	0.01529366	0.01433523	0.01426198	0.01387965	0.0001818953	5.139611e-05	2.109866e-05	1.408604e-05	1.299778e-05	6.554761e-06	4.629976e-06	4.431293e-06	4.301559e-06	4.167227e-06	4.166622e-06	4.050902e-06	3.95541e-06
97	0.943762	0.940192	0.9265199	0.925409	0.8866962	0.09535178	0.05989524	0.05982398	0.04178169	0.006547887	0.006347743	0.006314006	0.004163328	0.003577214	0.003216068	0.003103042	0.003088177	0.002811299	0.0001160292	3.819293e-05	1.738084e-05	1.482594e-05	1.425445e-05	7.208267e-06	5.375192e-06	5.164237e-06	5.09919e-06	4.969848e-06	4.969392e-06	4.91547e-06
