#unpaired probabilities
 #i$	l=1	2	3	4	5	6	7	8	9	10	11	12	13	14	15	16	17	18	19	20	21	22	23	24	25	26	27	28	29	30	
1	0.999903	NA	NA	NA	NA	NA	NA	NA	NA	NA	NA	NA	NA	NA	NA	NA	NA	NA	NA	NA	NA	NA	NA	NA	NA	NA	NA	NA	NA	NA
2	0.8904068	0.9003533	NA	NA	NA	NA	NA	NA	NA	NA	NA	NA	NA	NA	NA	NA	NA	NA	NA	NA	NA	NA	NA	NA	NA	NA	NA	NA	NA	NA
3	0.9001378	0.8628315	0.8717226	NA	NA	NA	NA	NA	NA	NA	NA	NA	NA	NA	NA	NA	NA	NA	NA	NA	NA	NA	NA	NA	NA	NA	NA	NA	NA	NA
4	0.9182959	0.8455003	0.8088928	0.8137592	NA	NA	NA	NA	NA	NA	NA	NA	NA	NA	NA	NA	NA	NA	NA	NA	NA	NA	NA	NA	NA	NA	NA	NA	NA	NA
5	0.9995051	0.9181526	0.8454183	0.8088172	0.8136788	NA	NA	NA	NA	NA	NA	NA	NA	NA	NA	NA	NA	NA	NA	NA	NA	NA	NA	NA	NA	NA	NA	NA	NA	NA
6	0.1005903	0.1022799	0.09788159	0.08902293	0.0753167	0.06112178	NA	NA	NA	NA	NA	NA	NA	NA	NA	NA	NA	NA	NA	NA	NA	NA	NA	NA	NA	NA	NA	NA	NA	NA
7	0.2040978	0.08976661	0.09138059	0.08824314	0.0798861	0.0678023	0.05518152	NA	NA	NA	NA	NA	NA	NA	NA	NA	NA	NA	NA	NA	NA	NA	NA	NA	NA	NA	NA	NA	NA	NA
8	0.5717058	0.2032678	0.08940374	0.09100844	0.08790764	0.0795895	0.06754302	0.05495957	NA	NA	NA	NA	NA	NA	NA	NA	NA	NA	NA	NA	NA	NA	NA	NA	NA	NA	NA	NA	NA	NA
9	0.2467529	0.1902285	0.1250986	0.0537781	0.05430448	0.05139794	0.0503308	0.0427865	0.03514842	NA	NA	NA	NA	NA	NA	NA	NA	NA	NA	NA	NA	NA	NA	NA	NA	NA	NA	NA	NA	NA
10	0.2630576	0.198327	0.1512118	0.09994584	0.04328963	0.0437979	0.04218234	0.04149261	0.03568675	0.03016963	NA	NA	NA	NA	NA	NA	NA	NA	NA	NA	NA	NA	NA	NA	NA	NA	NA	NA	NA	NA
11	0.8987856	0.1923137	0.1534578	0.1259556	0.08257237	0.03490589	0.03520556	0.03367816	0.03236188	0.0263791	0.01921306	NA	NA	NA	NA	NA	NA	NA	NA	NA	NA	NA	NA	NA	NA	NA	NA	NA	NA	NA
12	0.291943	0.313655	0.0023215	0.001808635	0.001096963	0.0006121838	0.0002648306	0.0002685868	0.0002574631	0.0002517652	0.000222429	0.000165407	NA	NA	NA	NA	NA	NA	NA	NA	NA	NA	NA	NA	NA	NA	NA	NA	NA	NA
13	0.3044766	0.2872916	0.3114738	0.001075157	0.0007270107	0.0006447708	0.0003107219	0.0001308475	0.0001316421	0.0001263428	0.000121937	0.0001033653	7.735617e-05	NA	NA	NA	NA	NA	NA	NA	NA	NA	NA	NA	NA	NA	NA	NA	NA	NA
14	0.7614621	0.3041483	0.2872548	0.3114398	0.001066863	0.0007193712	0.0006373788	0.0003091228	0.000130146	0.0001309311	0.0001256492	0.0001212508	0.0001027413	7.677249e-05	NA	NA	NA	NA	NA	NA	NA	NA	NA	NA	NA	NA	NA	NA	NA	NA
15	0.1404426	0.007209832	0.002778151	0.001630973	0.0002480239	0.000251219	1.875837e-05	1.03092e-05	6.572299e-06	2.668002e-06	2.648934e-06	2.489485e-06	2.403791e-06	2.098792e-06	1.709398e-06	NA	NA	NA	NA	NA	NA	NA	NA	NA	NA	NA	NA	NA	NA	NA
16	0.1757419	0.1350061	0.003922512	0.001492453	0.001383683	2.277144e-05	9.498865e-06	9.391536e-06	2.781256e-06	1.647192e-06	6.697322e-07	6.594918e-07	6.310391e-07	6.140338e-07	6.022509e-07	6.306333e-07	NA	NA	NA	NA	NA	NA	NA	NA	NA	NA	NA	NA	NA	NA
17	0.2274542	0.1745528	0.1349151	0.003854002	0.001456347	0.001360051	2.00017e-05	6.830881e-06	6.502587e-06	2.6369e-06	1.55137e-06	6.29324e-07	6.19584e-07	5.959469e-07	5.801357e-07	5.723472e-07	6.056383e-07	NA	NA	NA	NA	NA	NA	NA	NA	NA	NA	NA	NA	NA
18	0.2603519	0.2108549	0.1670956	0.1337759	0.002924957	0.001427084	0.001352492	1.194565e-05	6.187264e-06	5.907488e-06	2.059216e-06	1.37173e-06	5.540937e-07	5.445825e-07	5.201429e-07	5.05751e-07	4.922384e-07	5.083009e-07	NA	NA	NA	NA	NA	NA	NA	NA	NA	NA	NA	NA
19	0.1855533	0.1416208	0.08890841	0.04102747	0.002129805	0.00174524	0.0001770136	1.034205e-05	8.927699e-06	2.927673e-06	2.347064e-06	1.941076e-06	1.290013e-06	5.133531e-07	5.017545e-07	4.885218e-07	4.751744e-07	4.629436e-07	4.797559e-07	NA	NA	NA	NA	NA	NA	NA	NA	NA	NA	NA
20	0.3991432	0.03607269	0.03085659	0.01463616	0.006595216	0.000225691	6.987358e-05	2.433189e-05	1.776678e-06	8.084892e-07	3.715126e-07	2.931106e-07	2.339174e-07	1.536727e-07	6.39514e-08	6.349176e-08	6.174319e-08	5.9768e-08	5.978417e-08	6.497092e-08	NA	NA	NA	NA	NA	NA	NA	NA	NA	NA
21	0.3867297	0.3581006	0.02657891	0.02394371	0.01007649	0.004355841	8.240063e-05	4.601471e-05	1.352984e-05	6.896136e-07	6.352869e-07	2.257624e-07	1.802285e-07	1.487537e-07	9.621451e-08	4.156211e-08	4.183225e-08	4.057878e-08	3.905949e-08	3.870868e-08	4.182764e-08	NA	NA	NA	NA	NA	NA	NA	NA	NA
22	0.6047566	0.3239058	0.3282274	0.007107203	0.005190075	0.004335178	0.001315135	3.236809e-05	2.024467e-05	4.564918e-06	4.484033e-07	4.464689e-07	7.620126e-08	6.196091e-08	5.22272e-08	3.154567e-08	1.301833e-08	1.287979e-08	1.255002e-08	1.212592e-08	1.215078e-08	1.323382e-08	NA	NA	NA	NA	NA	NA	NA	NA
23	0.3926708	0.3785963	0.2523046	0.2605042	0.002346355	0.001116964	0.0008906003	0.0004797123	1.092435e-05	4.9896e-06	1.397699e-06	5.033853e-08	3.589386e-08	2.365057e-08	1.874704e-08	1.521225e-08	1.013251e-08	4.421826e-09	4.468055e-09	4.32447e-09	4.155016e-09	4.103458e-09	4.412995e-09	NA	NA	NA	NA	NA	NA	NA
24	0.4023923	0.3632019	0.3632173	0.2499536	0.2593897	0.001338622	0.001025974	0.0008275212	0.0004441687	7.819829e-06	4.726386e-06	1.296517e-06	4.132312e-08	3.366468e-08	2.174758e-08	1.726964e-08	1.41688e-08	9.427798e-09	4.144445e-09	4.198383e-09	4.063021e-09	3.898925e-09	3.844531e-09	4.131731e-09	NA	NA	NA	NA	NA	NA
25	0.5250287	0.3301046	0.3381064	0.3508593	0.2449126	0.2568637	0.0002058507	7.137611e-05	5.001848e-05	2.376313e-05	1.460518e-06	1.330257e-06	9.720968e-08	9.42076e-09	8.808179e-09	1.590855e-09	1.284427e-09	1.074546e-09	6.568086e-10	2.66255e-10	2.616703e-10	2.54774e-10	2.475756e-10	2.46022e-10	2.612658e-10	NA	NA	NA	NA	NA
26	0.07773353	0.04937766	0.006642817	0.005558318	0.003925543	0.001021193	0.0009406684	0.0001437415	2.351993e-05	1.551605e-05	7.300743e-06	1.861499e-07	1.206606e-07	3.512021e-08	6.275318e-09	5.878118e-09	5.173137e-10	4.140134e-10	3.41579e-10	2.241736e-10	8.886349e-11	8.662581e-11	8.408776e-11	8.200375e-11	8.126273e-11	8.528511e-11	NA	NA	NA	NA
27	0.1766618	0.06861808	0.04230374	0.00539862	0.004554148	0.00367322	0.0008528058	0.0008279301	2.86422e-05	2.098031e-05	1.385467e-05	6.503746e-06	1.676191e-07	1.127121e-07	3.165267e-08	5.616008e-09	5.823412e-09	4.721646e-10	3.779553e-10	3.132416e-10	2.050508e-10	8.086184e-11	7.86647e-11	7.649407e-11	7.462689e-11	7.385363e-11	7.730986e-11	NA	NA	NA
28	0.4700547	0.1057451	0.06339132	0.04139241	0.005387635	0.004551748	0.003672057	0.000852137	0.0008274524	2.834903e-05	2.069874e-05	1.380387e-05	6.478483e-06	1.659134e-07	1.118147e-07	3.128707e-08	5.607695e-09	5.817392e-09	4.677227e-10	3.750071e-10	3.114122e-10	2.03795e-10	8.028107e-11	7.807496e-11	7.591141e-11	7.401575e-11	7.322799e-11	7.657991e-11	NA	NA
29	0.08462667	0.08047428	0.01889794	0.01486595	0.002173235	0.001272029	0.001198793	0.0004474135	2.942984e-05	2.308629e-05	2.564816e-06	1.632953e-06	1.073835e-06	4.572483e-07	1.526855e-08	8.74584e-09	3.193663e-09	1.72515e-10	8.311889e-11	6.031156e-11	4.735699e-11	3.864039e-11	2.472621e-11	1.023196e-11	1.017441e-11	9.88673e-12	9.664498e-12	9.132913e-12	8.134309e-12	NA
30	0.08798076	0.0541701	0.05105398	0.004495029	0.00207516	0.001313991	0.0004677471	0.0004298741	0.0004273312	2.33812e-05	2.02631e-05	9.661797e-07	7.024112e-07	4.655749e-07	1.67821e-07	9.461166e-09	5.767325e-09	2.0591e-09	6.818653e-11	5.736339e-11	3.819237e-11	3.143301e-11	2.68222e-11	1.676899e-11	7.111408e-12	7.146612e-12	6.936485e-12	6.784227e-12	6.225767e-12	4.971305e-12
31	0.477051	0.06484562	0.04823628	0.04788025	0.003684892	0.001768509	0.001167211	0.0004459756	0.0004199059	0.0004214762	2.183081e-05	1.947907e-05	8.118334e-07	5.869279e-07	3.885527e-07	1.431929e-07	6.574383e-09	4.10744e-09	1.474958e-09	5.169735e-11	4.421371e-11	2.76878e-11	2.291036e-11	1.967647e-11	1.190134e-11	5.143044e-12	5.195112e-12	5.126133e-12	5.049437e-12	4.809229e-12
32	0.1139229	0.06928916	0.01753326	0.007048149	0.006089221	0.002150522	0.0009195838	0.0005071478	0.0004045505	0.000392227	0.0003979436	3.573645e-06	1.459268e-06	2.661113e-07	1.870119e-07	1.268516e-07	1.888478e-08	4.275986e-09	2.830259e-09	1.011458e-09	2.810479e-11	2.220407e-11	1.827495e-11	1.483482e-11	1.241555e-11	8.435822e-12	3.793007e-12	3.891033e-12	3.841987e-12	3.810667e-12
33	0.1305321	0.07829286	0.05186761	0.01392647	0.005712526	0.004957209	0.001652225	0.0007822308	0.0004960042	0.0004001477	0.0003895282	0.0003972276	3.214139e-06	1.187767e-06	1.765014e-07	1.253795e-07	8.582032e-08	1.333227e-08	4.054963e-09	2.702061e-09	9.703539e-10	2.661842e-11	2.098493e-11	1.724505e-11	1.391265e-11	1.157468e-11	7.699385e-12	3.238984e-12	3.26444e-12	3.118219e-12
34	0.6115462	0.1163902	0.07037289	0.04693751	0.01222647	0.005007098	0.004338691	0.001507632	0.0007411226	0.0004904674	0.000398142	0.0003886542	0.0003968176	3.009138e-06	1.001042e-06	1.466748e-07	1.037873e-07	7.1319e-08	1.209846e-08	3.732561e-09	2.497717e-09	8.993844e-10	2.444549e-11	1.920232e-11	1.572373e-11	1.260086e-11	1.039119e-11	6.74236e-12	2.729094e-12	2.706368e-12
35	0.6193451	0.5368025	0.103215	0.0635996	0.04117674	0.01133718	0.004582561	0.003952607	0.001362767	0.0006432517	0.0004064153	0.0003961037	0.0003878526	0.0003964602	2.851827e-06	9.236039e-07	1.357466e-07	9.608758e-08	6.604585e-08	1.12278e-08	3.467169e-09	2.320947e-09	8.38061e-10	2.271437e-11	1.782198e-11	1.460237e-11	1.168614e-11	9.619434e-12	6.220223e-12	2.516325e-12
36	0.8361736	0.5990423	0.5173611	0.1015507	0.06205944	0.03963993	0.01130386	0.004569101	0.003940965	0.001359832	0.0006423871	0.0004062548	0.0003960697	0.000387838	0.0003964536	2.848634e-06	9.210819e-07	1.352565e-07	9.572244e-08	6.581052e-08	1.116777e-08	3.457907e-09	2.315555e-09	8.358344e-10	2.266264e-11	1.778414e-11	1.457426e-11	1.166699e-11	9.60691e-12	6.210358e-12
37	0.8777556	0.7812896	0.544946	0.509422	0.09998193	0.06051064	0.03952563	0.01127357	0.004553656	0.003932299	0.001357603	0.0006417081	0.0004061744	0.0003960411	0.0003878254	0.0003964479	2.845847e-06	9.185944e-07	1.348198e-07	9.539681e-08	6.559989e-08	1.115113e-08	3.45447e-09	2.313499e-09	8.351262e-10	2.264145e-11	1.77669e-11	1.455982e-11	1.16547e-11	9.595922e-12
38	0.7613637	0.7526267	0.7244861	0.5286722	0.5072721	0.09881999	0.060267	0.03938457	0.01120404	0.004532294	0.003915936	0.001350444	0.0006397154	0.0004060251	0.0003960287	0.0003878176	0.0003964436	2.844004e-06	9.167944e-07	1.346563e-07	9.526584e-08	6.553849e-08	1.114287e-08	3.453195e-09	2.312771e-09	8.348902e-10	2.263212e-11	1.775867e-11	1.455297e-11	1.164832e-11
39	0.2032836	0.2036939	0.2083853	0.211635	0.1411138	0.1393849	0.01544826	0.01546613	0.006447925	6.681179e-05	2.646521e-05	2.292896e-05	5.900521e-06	1.913568e-06	5.428401e-07	3.795259e-07	2.642235e-07	2.27707e-07	2.199528e-07	1.195102e-08	9.238189e-10	6.716392e-10	4.7882e-10	1.287755e-10	1.846267e-11	1.207806e-11	4.322497e-12	1.196316e-13	9.206125e-14	7.546392e-14
40	0.1809027	0.1792441	0.1791543	0.1833134	0.186136	0.1312443	0.1293655	0.006140116	0.006144565	0.006296535	1.513178e-05	6.36501e-06	5.776531e-06	8.630338e-07	2.795705e-07	8.063346e-08	2.430583e-08	1.32079e-08	9.468927e-09	8.12875e-09	7.652057e-09	2.774787e-10	2.139947e-10	1.641285e-10	7.559977e-11	2.153656e-12	1.169364e-12	3.852097e-13	1.036401e-14	8.111598e-15
41	0.3588994	0.1350273	0.1335631	0.1322969	0.1352006	0.1367911	0.08051776	0.07715666	0.006103956	0.006116881	0.006273108	1.075566e-05	4.70477e-06	4.372906e-06	4.461858e-07	1.549336e-07	5.754983e-08	9.970153e-09	3.870829e-09	1.746777e-09	8.897303e-10	4.578661e-10	2.303224e-10	1.786278e-10	1.382569e-10	6.623449e-11	1.132701e-12	6.246793e-13	1.87904e-13	5.043498e-15
42	0.4631962	0.3405407	0.1217299	0.1201853	0.1233118	0.126598	0.1298596	0.07508252	0.07687323	0.006026934	0.006085908	0.006272262	1.033865e-05	4.4768e-06	4.300996e-06	4.211682e-07	1.475505e-07	5.630754e-08	9.279065e-09	3.595844e-09	1.617306e-09	8.178394e-10	4.160406e-10	2.033836e-10	1.669651e-10	1.305686e-10	6.253437e-11	1.066619e-12	5.88276e-13	1.746778e-13
43	0.9615166	0.4617254	0.339711	0.1215944	0.1201249	0.1232522	0.1265383	0.1298186	0.0750447	0.07683492	0.006025456	0.006084814	0.006271435	9.970302e-06	4.3603e-06	4.210634e-06	3.823177e-07	1.36612e-07	5.531742e-08	9.044834e-09	3.490596e-09	1.564981e-09	7.913292e-10	3.98344e-10	1.956894e-10	1.603969e-10	1.279011e-10	6.119497e-11	9.984504e-13	5.768736e-13
44	0.222402	0.225365	0.2147763	0.1351154	0.05337515	0.05311788	0.05450442	0.05596741	0.05733848	0.0005541397	0.0001700999	0.0001197438	7.052788e-06	4.673856e-06	3.499828e-06	1.411684e-07	8.703953e-08	3.240422e-08	7.955799e-09	1.419783e-09	7.874895e-10	2.989565e-10	1.346625e-10	6.954786e-11	3.510167e-11	1.83834e-11	1.347608e-11	8.80244e-12	4.205717e-12	6.822077e-14
45	0.1526655	0.153765	0.1570866	0.1604454	0.08250122	0.0008342539	0.0005899228	0.00059637	0.0006058792	0.0004492373	0.0004380434	5.275871e-05	4.084381e-06	2.826647e-06	9.323962e-07	7.603944e-08	4.944461e-08	1.112684e-08	2.171959e-09	7.465909e-10	1.509682e-10	2.590186e-11	1.075141e-11	4.908872e-12	2.417019e-12	1.430236e-12	4.661416e-13	3.449136e-13	2.330029e-13	1.130668e-13
46	0.1020509	0.0772364	0.07711387	0.07868102	0.08030853	0.0820346	0.0003837085	0.0002317814	0.0002374116	0.0002426872	7.665297e-05	5.525651e-05	5.165926e-05	3.031555e-06	1.753109e-06	8.948474e-07	4.364669e-08	1.864662e-08	1.003895e-08	1.75687e-09	5.785413e-10	1.333424e-10	1.600087e-11	6.740769e-12	3.187573e-12	1.521714e-12	9.80176e-13	2.390872e-13	1.786302e-13	1.243139e-13
47	0.104877	0.02537018	0.002496768	0.0009163896	0.0007260264	0.0005981206	0.0003954763	0.000341274	0.0001896847	0.000194219	0.0001983448	3.111385e-05	8.448347e-06	3.485377e-06	2.565095e-06	1.279067e-06	4.091708e-07	3.628105e-08	1.333508e-08	4.789144e-09	1.407868e-09	4.579767e-10	9.203884e-11	1.114979e-11	4.725568e-12	2.209204e-12	1.082006e-12	7.367707e-13	1.483481e-13	1.089194e-13
48	0.121087	0.1001562	0.02353356	0.002104628	0.0006913551	0.0005205815	0.0004139622	0.0002355042	0.0001843533	0.0001825102	0.000186859	0.0001907888	2.335136e-05	8.230149e-06	3.261779e-06	2.361091e-06	1.160905e-06	4.052178e-07	3.446765e-08	1.302182e-08	4.541387e-09	1.300136e-09	4.291091e-10	8.882972e-11	1.066955e-11	4.51692e-12	2.103765e-12	1.03362e-12	7.012248e-13	1.391376e-13
49	0.6364518	0.0663343	0.04461518	0.02269728	0.001950071	0.0005450688	0.0003732224	0.0002637984	8.221845e-05	2.740462e-05	2.174599e-05	2.220621e-05	2.272048e-05	2.320039e-05	8.173746e-06	3.253964e-06	2.353794e-06	1.160161e-06	4.05069e-07	3.437245e-08	1.300477e-08	4.533442e-09	1.296993e-09	4.284276e-10	8.873673e-11	1.06477e-11	4.507175e-12	2.099042e-12	1.03107e-12	6.994339e-13
50	0.7325662	0.6004377	0.04326453	0.02995568	0.01882015	0.001531749	0.0004722891	0.0003181546	0.0002264064	6.151258e-05	1.190129e-05	6.507847e-06	6.645179e-06	6.78534e-06	6.926381e-06	6.975128e-06	2.036624e-06	1.127933e-06	1.142203e-06	3.885658e-07	1.933466e-08	1.26057e-08	4.145456e-09	1.125884e-09	4.252031e-10	8.717264e-11	1.041363e-11	4.396498e-12	2.003647e-12	9.411698e-13
51	0.6787802	0.6681253	0.5572181	0.03799502	0.02660392	0.01798389	0.001422989	0.0004309501	0.000288144	0.0002003808	5.383611e-05	6.759977e-06	1.382087e-06	1.387713e-06	1.392397e-06	1.3885e-06	1.284665e-06	1.305468e-06	3.817583e-07	3.742522e-07	3.80467e-07	1.147215e-08	4.539236e-09	3.939079e-09	1.019513e-09	3.219957e-10	8.652059e-11	1.020664e-11	4.247027e-12	1.920467e-12
52	0.5297883	0.4956053	0.4991093	0.500266	0.008896991	0.005218493	0.00242447	0.0002806586	7.547064e-05	5.466181e-05	3.242029e-05	1.147579e-05	1.824064e-06	2.45725e-07	2.396304e-07	2.280286e-07	2.028644e-07	9.250131e-08	8.442019e-08	1.782161e-08	1.219511e-08	8.679236e-09	2.688973e-09	7.562283e-10	6.336456e-10	1.848802e-10	5.325705e-11	9.090572e-12	4.252708e-12	1.680428e-12
53	0.4947091	0.4853338	0.4890017	0.4938094	0.4977521	0.007208752	0.004015726	0.001561662	0.00016731	3.516733e-05	2.64036e-05	1.674563e-05	7.559898e-06	1.397898e-06	1.461876e-07	1.389166e-07	1.256453e-07	9.83046e-08	7.394806e-08	6.554833e-08	1.350083e-08	1.013705e-08	6.634958e-09	1.762607e-09	5.844257e-10	4.690886e-10	1.650923e-10	4.805482e-11	7.385508e-12	3.620036e-12
54	0.5213764	0.490235	0.4832287	0.4874676	0.4926251	0.4969299	0.006672189	0.003707437	0.001442036	0.0001544665	3.245008e-05	2.435654e-05	1.538866e-05	7.270672e-06	1.359382e-06	1.420447e-07	1.349423e-07	1.219113e-07	9.494311e-08	7.103577e-08	6.341596e-08	1.276888e-08	9.562753e-09	6.137888e-09	1.508137e-09	4.954265e-10	4.046354e-10	1.386547e-10	4.052579e-11	6.620737e-12
55	0.08269735	0.06282361	0.03670958	0.02245476	0.01812105	0.01430103	0.009240425	0.006161568	0.003408455	0.001320184	0.0001415627	2.930079e-05	2.185995e-05	1.358456e-05	6.135305e-06	1.161804e-06	1.180444e-07	1.118802e-07	1.007784e-07	7.692997e-08	5.555123e-08	4.829294e-08	9.285374e-09	6.462879e-09	3.143309e-09	1.199911e-09	3.947213e-10	3.223317e-10	1.10822e-10	3.263297e-11
56	0.2171417	0.08215852	0.06237983	0.03632806	0.02213628	0.01780955	0.01399465	0.00893805	0.005860791	0.003399192	0.001316612	0.0001411519	2.919091e-05	2.180421e-05	1.354886e-05	6.118814e-06	1.158315e-06	1.17686e-07	1.116518e-07	1.005973e-07	7.677609e-08	5.54148e-08	4.821229e-08	9.269004e-09	6.449134e-09	3.130268e-09	1.198549e-09	3.942206e-10	3.219721e-10	1.106987e-10
57	0.5151946	0.1574183	0.07997242	0.06094903	0.03498932	0.02079274	0.01645858	0.01267252	0.008903485	0.005836412	0.003378841	0.001314809	0.0001409302	2.911853e-05	2.174032e-05	1.349695e-05	6.098875e-06	1.154906e-06	1.173787e-07	1.113562e-07	1.003099e-07	7.649333e-08	5.514975e-08	4.794704e-08	9.141188e-09	6.332966e-09	3.01458e-09	1.13512e-09	3.742738e-10	3.067149e-10
58	0.3748996	0.3649289	0.1151138	0.0584559	0.04494671	0.02490601	0.01481641	0.01178311	0.009136639	0.006371307	0.004118452	0.002393934	0.0009513742	0.0001040715	2.331609e-05	1.765374e-05	1.12067e-05	5.483932e-06	1.09911e-06	1.125209e-07	1.066185e-07	9.565255e-08	7.187219e-08	5.095026e-08	4.373545e-08	8.651151e-09	6.033954e-09	2.751712e-09	1.06724e-09	3.449902e-10
59	0.5286523	0.3362514	0.3272708	0.1093041	0.05693795	0.04368877	0.02479036	0.01472789	0.01171192	0.009074815	0.006344798	0.00411171	0.002389782	0.0009492391	0.0001030001	2.232832e-05	1.666047e-05	1.020165e-05	4.491732e-06	8.431876e-07	8.366397e-08	7.937258e-08	7.145771e-08	5.91953e-08	4.472864e-08	4.126665e-08	8.331867e-09	5.8729e-09	2.620776e-09	9.901515e-10
60	0.7180137	0.3699791	0.3151219	0.3061267	0.1056102	0.05637075	0.04318754	0.02472692	0.01469814	0.01168854	0.009054319	0.006334225	0.004106696	0.002386968	0.0009479083	0.0001025514	2.216282e-05	1.649853e-05	1.004375e-05	4.344527e-06	8.055839e-07	7.949832e-08	7.54186e-08	6.794291e-08	5.639348e-08	4.366633e-08	4.072899e-08	8.174586e-09	5.831745e-09	2.586662e-09
61	0.8697795	0.6695134	0.341462	0.2893991	0.2803639	0.09097994	0.05492643	0.04189029	0.02404954	0.01455599	0.01157588	0.008964907	0.006273278	0.00406595	0.002366445	0.0009400941	0.0001014862	2.184605e-05	1.621546e-05	9.796258e-06	4.136879e-06	7.545378e-07	7.446255e-08	7.068766e-08	6.378881e-08	5.314087e-08	4.223175e-08	3.995221e-08	7.98197e-09	5.747208e-09
62	0.6582427	0.5569588	0.4555063	0.3218237	0.2768243	0.2676606	0.09062784	0.05462686	0.04182797	0.02400405	0.01451951	0.01154324	0.00894166	0.006261653	0.004057797	0.002360354	0.0009354139	0.0001003699	2.105982e-05	1.547798e-05	9.709458e-06	4.11696e-06	7.523969e-07	7.436091e-08	7.059271e-08	6.369793e-08	5.305109e-08	4.215017e-08	3.986966e-08	7.965934e-09
63	0.525592	0.4912539	0.4426882	0.361683	0.2535609	0.2160223	0.2071009	0.07880538	0.0493989	0.03737625	0.02277233	0.01379799	0.01097958	0.008505645	0.005963846	0.003862899	0.002249661	0.0008934217	9.422755e-05	1.854377e-05	1.311159e-05	7.502877e-06	2.161034e-06	2.727971e-07	3.938697e-08	3.895554e-08	3.841521e-08	3.773877e-08	3.566807e-08	3.50529e-08
64	0.4206518	0.3868811	0.3650298	0.332912	0.2717101	0.2053977	0.1720806	0.1631777	0.06836336	0.04321362	0.03210712	0.02118065	0.01271328	0.01006892	0.007730685	0.005363275	0.003636261	0.002116088	0.0008366904	8.821273e-05	1.716247e-05	1.210895e-05	6.832412e-06	1.902167e-06	2.185662e-07	1.762831e-08	1.686913e-08	1.606773e-08	1.521453e-08	1.303657e-08
65	0.4942267	0.4179667	0.3846531	0.362816	0.3308114	0.2697503	0.2037255	0.1715118	0.1626162	0.06819848	0.04315263	0.03205969	0.02115189	0.01269758	0.01005572	0.007719589	0.005356481	0.003631549	0.0021133	0.0008350727	8.801055e-05	1.709584e-05	1.206106e-05	6.804124e-06	1.892636e-06	2.170988e-07	1.746939e-08	1.671595e-08	1.59236e-08	1.508339e-08
66	0.9622567	0.4873376	0.4157529	0.3826912	0.3608741	0.3290997	0.2681746	0.202566	0.1708211	0.1619418	0.06799216	0.04305854	0.03198868	0.02110852	0.01266993	0.01003227	0.007699716	0.005344674	0.003623474	0.002108033	0.0008318052	8.760464e-05	1.695625e-05	1.196215e-05	6.747695e-06	1.876242e-06	2.150469e-07	1.73045e-08	1.655919e-08	1.577852e-08
67	0.9650172	0.9321231	0.4744625	0.4070409	0.3750402	0.3533023	0.3218464	0.2612853	0.1992907	0.1691492	0.160397	0.06722655	0.04256862	0.0316339	0.02086094	0.01249097	0.009873337	0.007557915	0.005268087	0.003570202	0.002068929	0.0008025073	8.384977e-05	1.554355e-05	1.09725e-05	6.199549e-06	1.740277e-06	2.024974e-07	1.661191e-08	1.590342e-08
68	0.9774551	0.9463684	0.9145033	0.4667101	0.4036953	0.3723499	0.3506346	0.3193948	0.2591188	0.1978209	0.168059	0.1593391	0.06688608	0.04239063	0.03150201	0.0207761	0.01243643	0.009827472	0.007519567	0.005245019	0.003554471	0.002058698	0.0007964596	8.311224e-05	1.529938e-05	1.080036e-05	6.102636e-06	1.713875e-06	1.995386e-07	1.639299e-08
69	0.8573207	0.8397001	0.8083975	0.7763716	0.3866174	0.3380212	0.3090485	0.2864846	0.2663892	0.2268268	0.170572	0.1429304	0.1339497	0.05985407	0.04132851	0.0309361	0.02041917	0.01216801	0.009583432	0.007294997	0.00513908	0.00350055	0.002021307	0.0007708318	7.987007e-05	1.412128e-05	9.969203e-06	5.635041e-06	1.585133e-06	1.845329e-07
70	0.5389369	0.5158451	0.5061636	0.4990471	0.4731958	0.2259708	0.203357	0.187775	0.1713825	0.1598347	0.129386	0.1023556	0.09046342	0.0864995	0.02905317	0.01944298	0.01457936	0.009390743	0.005593303	0.004399087	0.003343325	0.002361004	0.001588752	0.0009086206	0.0003317926	3.369296e-05	5.252131e-06	3.739038e-06	2.158036e-06	6.770988e-07
71	0.4588832	0.3885504	0.3793704	0.3726405	0.3686524	0.3453401	0.1435014	0.1323936	0.1216587	0.1204116	0.1125067	0.08621309	0.06948765	0.06364496	0.06235778	0.01584187	0.009385056	0.007047799	0.004327728	0.00260484	0.002061576	0.001583647	0.001099277	0.0007212797	0.0004125314	0.0001509146	1.539796e-05	2.486194e-06	1.80071e-06	1.078356e-06
72	0.2960667	0.2497686	0.2023936	0.1965045	0.1932652	0.1917264	0.1712067	0.07372001	0.06606297	0.06069461	0.06060879	0.05642956	0.04970825	0.03999129	0.03756886	0.03736106	0.00708145	0.00325127	0.002409123	0.00136473	0.0008331978	0.0006634654	0.0005164789	0.0003443965	0.0002222237	0.0001270259	4.645929e-05	4.833266e-06	8.618719e-07	6.532431e-07
73	0.3772532	0.1599428	0.1563011	0.1483412	0.142966	0.1394779	0.1377452	0.1167623	0.05356698	0.04795126	0.04289326	0.04274046	0.03973726	0.03555078	0.0272543	0.02538242	0.02520029	0.005410225	0.002535728	0.001822036	0.001179762	0.0007133801	0.0005649361	0.0004354302	0.0002995934	0.0001954226	0.0001116796	4.078222e-05	4.169184e-06	6.743238e-07
74	0.1700105	0.1202024	0.09333185	0.09388096	0.09282111	0.08871874	0.08571711	0.08472579	0.06405273	0.03313584	0.03008538	0.02611544	0.02650071	0.02442201	0.02148458	0.01567837	0.01511468	0.01533629	0.002073967	0.0002913065	0.0001453126	6.703693e-05	5.30339e-05	4.832037e-05	4.490264e-05	2.246332e-05	6.182801e-06	3.445084e-06	1.306974e-06	1.501018e-07
75	0.1434704	0.08030792	0.06284652	0.0586838	0.05912384	0.05846451	0.05740483	0.05752172	0.05728267	0.0382519	0.02759751	0.02451517	0.02053348	0.02084157	0.0187797	0.01607853	0.01452165	0.0139692	0.01417998	0.001913464	0.0002012284	0.0001074874	4.859442e-05	4.165067e-05	3.933279e-05	3.787901e-05	1.779993e-05	3.172517e-06	1.704598e-06	6.364645e-07
76	0.5341654	0.1391556	0.07661668	0.06038395	0.05740034	0.05784381	0.05726133	0.05629601	0.05642502	0.05623002	0.03720899	0.02694372	0.0239145	0.01992897	0.02022889	0.01817235	0.01548185	0.01392877	0.01366462	0.01387123	0.001782858	0.0001900703	0.0001033216	4.665563e-05	4.038898e-05	3.830488e-05	3.703344e-05	1.731933e-05	2.888307e-06	1.541502e-06
77	0.9324826	0.5152675	0.1273878	0.07085556	0.05556223	0.0528886	0.05346042	0.0529952	0.05201274	0.05210011	0.05186796	0.03279633	0.02599723	0.02315576	0.01919741	0.01949132	0.01749755	0.01493077	0.01345154	0.01322566	0.01344564	0.001714867	0.0001719396	8.818673e-05	4.535071e-05	3.936598e-05	3.74946e-05	3.628434e-05	1.699449e-05	2.804656e-06
78	0.9766622	0.9293076	0.512526	0.1257372	0.06977878	0.05480227	0.05227492	0.0528565	0.05240899	0.05142994	0.05151296	0.05127908	0.0322019	0.0258102	0.02301193	0.01905617	0.01934833	0.01736105	0.01480751	0.01333971	0.0131287	0.01334891	0.001695275	0.0001671298	8.40993e-05	4.512301e-05	3.919054e-05	3.734757e-05	3.614681e-05	1.692175e-05
79	0.5682475	0.5606455	0.5495029	0.1317877	0.1199603	0.06401271	0.04988986	0.04815983	0.04869085	0.04825181	0.04729072	0.04733612	0.04708591	0.02796424	0.02191414	0.02217955	0.01821886	0.01849765	0.01650205	0.01393964	0.01256039	0.01237157	0.01257857	0.001554592	0.0001601489	8.171901e-05	4.398262e-05	3.808752e-05	3.625504e-05	3.504208e-05
80	0.4148938	0.4046258	0.3961928	0.3847795	0.05510159	0.04555328	0.0426948	0.02938629	0.02747433	0.02773235	0.02701655	0.02640279	0.02647678	0.0262744	0.02641775	0.0206937	0.0209425	0.01716108	0.01742356	0.01637388	0.01386171	0.01249166	0.01230554	0.01251192	0.001541198	0.0001566492	8.000092e-05	4.285303e-05	3.737873e-05	3.567972e-05
81	0.1389979	0.08423691	0.07253106	0.06055402	0.04883525	0.01045701	0.005506917	0.002592775	0.001681475	0.001497917	0.001471519	0.001390313	0.001368766	0.001368299	0.001360584	0.001363466	0.0009400604	0.0009335507	0.0009282502	0.0009307531	0.0008747025	0.0007316383	0.0006650011	0.0006525171	0.000654732	7.915656e-05	3.536874e-05	2.573506e-05	1.595302e-05	1.020407e-05
82	0.2315972	0.1348613	0.08237267	0.07053393	0.05841752	0.04671373	0.008856615	0.004078817	0.001115661	0.0006834771	0.0005365062	0.0005000686	0.0004658306	0.0004537881	0.0004476745	0.0004401319	0.0004345269	0.0003023233	0.0002879508	0.0002764171	0.0002706053	0.0002552913	0.0002033659	0.0001695633	0.0001531341	0.0001483741	4.378869e-05	2.931823e-05	2.191778e-05	1.453262e-05
83	0.2783373	0.1709419	0.1117045	0.07890849	0.0671038	0.05587206	0.04401234	0.008661165	0.003864652	0.0009158492	0.0005492083	0.0004068823	0.0003688162	0.0003385835	0.0003287396	0.0003216991	0.000313737	0.0003068273	0.0002054956	0.0001900142	0.0001774042	0.0001698306	0.000160145	0.0001478203	0.000117715	0.0001007694	9.496132e-05	3.999479e-05	2.914154e-05	2.183115e-05
84	0.5655948	0.26297	0.1650853	0.1118701	0.07893711	0.06697947	0.05559737	0.04368548	0.008554841	0.003783176	0.0007922985	0.0005091354	0.0003691181	0.0003302365	0.0003010016	0.0002909467	0.0002834158	0.0002750498	0.0002675397	0.0001731607	0.0001569543	0.0001437157	0.0001354339	0.0001259461	0.0001147621	8.505406e-05	6.730555e-05	6.075672e-05	3.967979e-05	2.952362e-05
85	0.6676381	0.3898693	0.2507167	0.1583658	0.1058382	0.07986919	0.06777918	0.05625382	0.044191	0.008593738	0.003789015	0.0007580652	0.0004797	0.0003453238	0.0003057873	0.0002780948	0.0002683326	0.0002606357	0.0002522658	0.00024446	0.0001640838	0.0001491125	0.0001358402	0.0001272795	0.0001177646	0.0001067417	7.722765e-05	5.911618e-05	5.228945e-05	3.856514e-05
86	0.7874147	0.6503146	0.376886	0.2439593	0.1597719	0.1067766	0.08048158	0.06823475	0.05655586	0.04472971	0.008699472	0.003828577	0.0007539439	0.000476186	0.0003401186	0.0002999843	0.0002729495	0.0002631193	0.0002552852	0.0002467999	0.0002388166	0.0001606057	0.0001453607	0.0001318418	0.0001230579	0.0001134675	0.0001025194	7.285831e-05	5.435628e-05	4.730247e-05
87	0.3793502	0.3524097	0.2531346	0.145391	0.1010435	0.08202043	0.04342299	0.02867222	0.02834713	0.02799772	0.02763734	0.002267447	0.00101739	0.0002042236	0.0001350413	0.0001049452	0.0001003544	9.147053e-05	8.975756e-05	8.980077e-05	8.944485e-05	8.986867e-05	4.18376e-05	3.701383e-05	3.460516e-05	3.458565e-05	3.399045e-05	3.248349e-05	1.12467e-05	6.44807e-06
88	0.4689503	0.2319345	0.2056314	0.1951414	0.1244312	0.0840042	0.06715289	0.04311127	0.02848969	0.02823175	0.02795608	0.02767266	0.002011931	0.0009323033	0.0001810068	0.0001193567	9.180555e-05	8.785767e-05	8.035981e-05	7.86982e-05	7.869621e-05	7.832428e-05	7.867339e-05	3.602592e-05	3.11806e-05	2.898213e-05	2.893028e-05	2.847644e-05	2.744466e-05	1.03157e-05
89	0.2728861	0.2606014	0.142543	0.1210053	0.1139186	0.06158646	0.04475985	0.03511332	0.02824005	0.0246934	0.02499935	0.0253315	0.02567019	0.0002356464	0.0001124992	7.539779e-05	6.392642e-05	6.049023e-05	5.976859e-05	5.381485e-05	5.244873e-05	5.260475e-05	5.241077e-05	5.290055e-05	1.560645e-05	1.128781e-05	9.402786e-06	9.532917e-06	9.387992e-06	9.187793e-06
90	0.3102307	0.2280406	0.2221335	0.1096447	0.08949809	0.08605733	0.05261277	0.03879632	0.03097987	0.02834941	0.02481752	0.02515341	0.025519	0.0258933	0.0001066007	6.848296e-05	5.86385e-05	5.190884e-05	4.944223e-05	4.904456e-05	4.39893e-05	4.260643e-05	4.267707e-05	4.241725e-05	4.279815e-05	1.068033e-05	6.633404e-06	5.531408e-06	5.618674e-06	5.494041e-06
91	0.3233943	0.2344091	0.1840739	0.1825246	0.0952104	0.07619354	0.07316626	0.04495301	0.03462831	0.02827267	0.02819504	0.02512538	0.02547363	0.02585266	0.0262419	7.127297e-05	4.983411e-05	4.738272e-05	4.287959e-05	4.073882e-05	4.094169e-05	3.675368e-05	3.539081e-05	3.540817e-05	3.512011e-05	3.541649e-05	7.303457e-06	3.942352e-06	2.91928e-06	2.969503e-06
92	0.3396718	0.2874671	0.1975317	0.1465461	0.1453395	0.07807948	0.0631273	0.06035868	0.04049331	0.03300026	0.02851681	0.02857892	0.02548132	0.02584064	0.02623136	0.026633	6.102582e-05	3.958027e-05	3.704254e-05	3.322636e-05	3.097154e-05	3.11083e-05	2.833732e-05	2.704722e-05	2.701396e-05	2.672628e-05	2.692575e-05	4.730267e-06	2.849595e-06	2.321947e-06
93	0.7777298	0.1817466	0.1398954	0.05985989	0.04018812	0.04020086	0.02769199	0.02432235	0.02296743	0.01111371	0.00679194	0.003753045	0.003583005	6.784141e-05	4.803974e-05	4.817092e-05	4.783237e-05	4.718639e-05	2.54348e-05	2.2678e-05	2.15239e-05	2.08274e-05	2.08802e-05	1.925734e-05	1.870863e-05	1.868783e-05	1.849542e-05	1.864383e-05	3.78998e-06	1.887969e-06
94	0.1888264	0.1406422	0.1252775	0.1098881	0.03258767	0.0166085	0.01656415	0.01088204	0.009411958	0.00839587	0.003299559	0.001438028	0.0001302876	3.758439e-05	3.674325e-05	1.652227e-05	1.638407e-05	1.601412e-05	1.555579e-05	1.260545e-05	9.812184e-06	9.252166e-06	8.863425e-06	8.792464e-06	7.956718e-06	7.600086e-06	7.5339e-06	7.370923e-06	7.411358e-06	1.085759e-06
95	0.6579785	0.06956694	0.05403721	0.03880785	0.02411512	0.02262797	0.006783718	0.006719663	0.004700244	0.004160725	0.003372272	0.001337454	0.0005825056	4.884288e-05	1.07322e-05	1.019443e-05	1.005445e-05	9.85208e-06	9.552866e-06	9.192497e-06	6.29401e-06	4.080376e-06	3.697641e-06	3.599273e-06	3.491834e-06	3.409907e-06	3.45365e-06	3.505918e-06	3.561031e-06	3.620665e-06
96	0.08404681	0.03885435	0.0262054	0.01607782	0.008130412	0.004080153	0.003185212	0.003018241	0.002941182	0.002195413	0.002000447	0.001280046	0.0005171215	0.0002188503	2.043663e-05	5.963577e-06	5.691963e-06	5.602336e-06	5.444475e-06	5.212104e-06	4.933819e-06	3.072122e-06	1.653241e-06	1.395681e-06	1.337385e-06	1.312135e-06	1.282441e-06	1.29386e-06	1.312561e-06	1.330266e-06
97	0.3645181	0.0765749	0.03767527	0.02611869	0.01597967	0.007985003	0.003891413	0.002988501	0.002819823	0.002820319	0.002110187	0.001925372	0.001216563	0.0004892127	0.0002090891	1.966855e-05	5.852227e-06	5.59944e-06	5.511962e-06	5.352422e-06	5.131256e-06	4.875413e-06	2.998867e-06	1.557935e-06	1.337704e-06	1.280632e-06	1.254916e-06	1.227712e-06	1.239319e-06	1.257737e-06
98	0.4501529	0.135553	0.04977423	0.022457	0.01585653	0.01040248	0.005133073	0.00240242	0.001815981	0.001751277	0.001750147	0.00140383	0.001316221	0.0006189872	0.0002555056	0.0001055312	1.107881e-05	3.9958e-06	3.824719e-06	3.739224e-06	3.588367e-06	3.391714e-06	3.161854e-06	1.851619e-06	8.539384e-07	6.788898e-07	6.355544e-07	6.330105e-07	6.143457e-07	6.149989e-07
99	0.3981013	0.2306369	0.06836059	0.03726135	0.01626184	0.0116671	0.007656542	0.003873246	0.001765561	0.001312056	0.001269936	0.001268233	0.001084187	0.001040279	0.0003479555	0.000150122	5.96934e-05	7.209049e-06	3.08257e-06	2.944408e-06	2.857281e-06	2.709333e-06	2.530986e-06	2.317825e-06	1.303924e-06	5.372009e-07	3.932877e-07	3.51605e-07	3.521015e-07	3.34651e-07
100	0.2054112	0.05015288	0.03384738	0.02028053	0.01205495	0.0008609467	0.0005557583	0.0003668763	0.0002915253	0.0002482706	0.0002405501	0.0002377678	0.0002296471	0.0001609484	0.0001426528	0.0001254765	5.397708e-05	1.959033e-05	1.764229e-06	4.159071e-07	3.728341e-07	3.624903e-07	3.418252e-07	3.088579e-07	2.456208e-07	2.060059e-07	1.928788e-07	1.293272e-07	1.20272e-07	1.219132e-07
101	0.08631345	0.03647103	0.02488496	0.02381178	0.01634174	0.0101291	0.0005045104	0.000309373	0.0002089621	0.0001909674	0.0001788248	0.0001767963	0.0001749378	0.0001678274	0.0001176919	0.0001046642	9.061428e-05	3.984804e-05	1.403719e-05	1.285513e-06	3.247292e-07	2.872328e-07	2.767437e-07	2.559543e-07	2.249733e-07	1.683975e-07	1.467657e-07	1.44818e-07	9.176964e-08	8.608723e-08
102	0.06411622	0.05596823	0.02011447	0.01954302	0.01945103	0.01298392	0.008226587	0.0003514271	0.0002132771	0.0001469176	0.0001412534	0.0001364251	0.0001357262	0.0001343438	0.0001290385	9.102547e-05	8.11767e-05	6.867859e-05	3.00794e-05	1.062214e-05	9.725696e-07	2.456888e-07	2.148621e-07	2.071712e-07	1.919577e-07	1.678011e-07	1.247977e-07	1.103885e-07	1.10617e-07	6.947122e-08
103	0.1327941	0.05277001	0.04450623	0.01596589	0.01552555	0.01545085	0.0105292	0.006763852	0.0002806004	0.0001732827	0.0001190949	0.0001132896	0.0001083887	0.000107518	0.0001062839	0.0001026056	7.218821e-05	6.425684e-05	5.48108e-05	2.395348e-05	8.547649e-06	7.988716e-07	2.115714e-07	1.835574e-07	1.755226e-07	1.596829e-07	1.369204e-07	9.973908e-08	8.801171e-08	8.792688e-08
104	0.04310069	0.03754378	0.03087926	0.03048161	0.01081046	0.01044975	0.01038456	0.005925888	0.003075576	0.0001812976	0.0001133296	7.891629e-05	7.855242e-05	7.803917e-05	7.840728e-05	7.776618e-05	7.558925e-05	5.37641e-05	4.798041e-05	3.925235e-05	1.700797e-05	6.168092e-06	5.284637e-07	9.382866e-08	8.566061e-08	8.576626e-08	8.621124e-08	8.084736e-08	6.70576e-08	6.130088e-08
105	0.8978803	0.03657848	0.03139862	0.02637544	0.02606038	0.009688085	0.009362036	0.009307069	0.004903924	0.002389907	0.0001494393	9.613938e-05	6.72189e-05	6.687069e-05	6.652685e-05	6.681573e-05	6.672002e-05	6.517177e-05	4.666834e-05	4.171887e-05	3.322719e-05	1.43357e-05	5.278281e-06	4.545714e-07	7.76069e-08	7.099846e-08	7.1256e-08	7.179286e-08	6.651422e-08	5.585617e-08
106	0.8952904	0.8925722	0.03024637	0.0253677	0.02158903	0.02134087	0.007739446	0.007586208	0.007541687	0.0039238	0.001880595	0.0001221724	7.978195e-05	5.569711e-05	5.5375e-05	5.514435e-05	5.545811e-05	5.54566e-05	5.468479e-05	3.912776e-05	3.491625e-05	2.785339e-05	1.199696e-05	4.46044e-06	3.845093e-07	6.32178e-08	5.793381e-08	5.828472e-08	5.887243e-08	5.461077e-08
107	0.8973144	0.8925916	0.8913894	0.02514387	0.02033053	0.01690831	0.01665737	0.005835325	0.005707168	0.005676	0.002980714	0.001398258	9.588309e-05	6.327352e-05	4.389526e-05	4.353605e-05	4.328236e-05	4.355213e-05	4.356552e-05	4.307561e-05	3.131733e-05	2.784914e-05	2.250498e-05	9.677488e-06	3.645425e-06	3.1488e-07	4.984149e-08	4.570004e-08	4.601122e-08	4.652379e-08
108	0.8954357	0.8932021	0.8905876	0.8903053	0.01993753	0.01530965	0.01220785	0.01192434	0.003937602	0.003831742	0.003803534	0.00202671	0.0009113734	6.95714e-05	4.692177e-05	3.237802e-05	3.197874e-05	3.168841e-05	3.191106e-05	3.193844e-05	3.173985e-05	2.302085e-05	2.044844e-05	1.694812e-05	7.272566e-06	2.795373e-06	2.425008e-07	3.605907e-08	3.307871e-08	3.332563e-08
109	0.07977159	0.0669304	0.05501732	0.04252457	0.03252173	0.01469843	0.01013274	0.007404731	0.007080623	0.001995487	0.00190864	0.001881976	0.001048052	0.0004118867	4.262609e-05	3.021283e-05	2.061388e-05	2.01681e-05	1.99836e-05	2.014982e-05	2.019617e-05	2.019683e-05	1.459595e-05	1.281227e-05	1.123298e-05	4.794448e-06	1.920268e-06	1.676346e-07	2.155351e-08	1.973213e-08
110	0.07868435	0.06502363	0.05267859	0.04056356	0.02812456	0.01840847	0.006564863	0.005402649	0.003055307	0.002688613	0.0006022663	0.0005495816	0.000533719	0.0003287453	0.0001046791	1.731994e-05	1.288437e-05	8.74113e-06	8.206038e-06	7.935862e-06	7.980353e-06	7.95692e-06	8.000416e-06	5.749248e-06	5.001113e-06	4.58489e-06	1.943137e-06	8.054109e-07	7.044386e-08	8.200623e-09
111	0.08428325	0.07057017	0.05803702	0.045614	0.03339798	0.02123536	0.01164627	0.003040348	0.00192239	0.0007605122	0.0003695586	6.917305e-05	4.259137e-05	3.704161e-05	2.526539e-05	7.260355e-06	3.360641e-06	2.584184e-06	1.684521e-06	1.078117e-06	7.526643e-07	7.006637e-07	6.954683e-07	7.023619e-07	4.842545e-07	4.174334e-07	3.983363e-07	1.684876e-07	7.223088e-08	6.352896e-09
112	0.2425858	0.08489517	0.07122049	0.05855667	0.04598456	0.0336213	0.02132623	0.01161773	0.002998883	0.001867818	0.0006972206	0.0003005533	5.203039e-05	2.570763e-05	2.031296e-05	1.551725e-05	3.976457e-06	3.035927e-06	2.33212e-06	1.509568e-06	8.919299e-07	5.594588e-07	5.041379e-07	4.971087e-07	5.035471e-07	3.426148e-07	2.937209e-07	2.890737e-07	1.195084e-07	5.269725e-08
113	0.2366992	0.200296	0.08497944	0.0718454	0.05912639	0.04642642	0.0339084	0.02145898	0.01162903	0.00296159	0.001816896	0.0006356823	0.0002326697	2.24686e-05	1.893682e-05	1.52963e-05	1.133626e-05	3.664312e-06	2.856587e-06	2.161926e-06	1.392758e-06	7.63671e-07	4.242568e-07	3.65683e-07	3.566181e-07	3.611876e-07	2.432733e-07	2.089697e-07	2.061061e-07	8.224213e-08
114	0.2084676	0.1647081	0.1419313	0.08248697	0.07107948	0.05848735	0.04610856	0.0336577	0.02127208	0.0114936	0.002900722	0.001761439	0.0005894208	0.0001872039	1.645009e-05	1.348431e-05	1.155735e-05	8.528742e-06	3.433714e-06	2.650848e-06	1.973628e-06	1.264557e-06	6.35181e-07	2.94283e-07	2.332135e-07	2.22091e-07	2.247117e-07	1.491655e-07	1.292978e-07	1.277288e-07
115	0.1193213	0.08567343	0.07234708	0.06024887	0.04093286	0.03470678	0.02809506	0.02207682	0.01618125	0.01037373	0.005605207	0.001417953	0.0008629364	0.0002928337	9.759446e-05	8.52703e-06	7.008183e-06	6.038302e-06	4.626014e-06	1.727582e-06	1.29885e-06	9.79549e-07	6.420439e-07	3.529974e-07	1.806727e-07	1.407912e-07	1.282039e-07	1.294387e-07	8.572538e-08	7.429247e-08
116	0.1235717	0.0663974	0.04777444	0.03972595	0.03219377	0.02032351	0.0165795	0.01335186	0.01049254	0.007720421	0.005028192	0.002736236	0.0006959956	0.0004261652	0.0001498488	5.569398e-05	4.926868e-06	4.085005e-06	3.569893e-06	2.794454e-06	9.000796e-07	6.531923e-07	5.002972e-07	3.38658e-07	2.086139e-07	1.210759e-07	9.721903e-08	8.797588e-08	8.885421e-08	5.907627e-08
117	0.7398862	0.06138475	0.02893715	0.0176156	0.0137128	0.01036778	0.003563435	0.001991069	0.001210363	0.001022799	0.0008458514	0.0006688468	0.0003773878	0.0001017672	6.619143e-05	3.167011e-05	2.061636e-05	1.815439e-06	1.535186e-06	1.396616e-06	1.158767e-06	2.384542e-07	1.297494e-07	1.106387e-07	8.651791e-08	8.193196e-08	6.755719e-08	5.728807e-08	5.127755e-08	5.175972e-08
118	0.2793509	0.1531447	0.04984538	0.02481935	0.01529045	0.01209166	0.009364671	0.003468882	0.001934127	0.001162651	0.0009824641	0.000811516	0.0006409276	0.0003550381	9.11322e-05	5.627855e-05	2.314004e-05	1.218596e-05	1.136155e-06	9.666907e-07	8.767954e-07	7.172841e-07	1.909178e-07	8.395864e-08	7.459623e-08	6.088883e-08	5.861507e-08	4.410873e-08	3.35121e-08	2.712353e-08
119	0.755042	0.1547268	0.1403001	0.03969234	0.01864543	0.01054759	0.008039341	0.006098977	0.001173782	0.0002982503	0.0001905111	0.0001545066	0.0001259929	9.75928e-05	5.694564e-05	1.588718e-05	1.094308e-05	5.930519e-06	4.383329e-06	5.373598e-07	4.839046e-07	4.600731e-07	3.833792e-07	1.323221e-07	2.766259e-08	2.165482e-08	1.606168e-08	1.535726e-08	1.326936e-08	1.203005e-08
120	0.1640983	0.1505523	0.1353502	0.125276	0.0267078	0.01706933	0.009482181	0.007240364	0.005525695	0.0009235344	0.0001115976	7.512328e-05	5.513713e-05	4.253528e-05	3.022756e-05	1.790134e-05	4.576836e-06	3.110857e-06	1.576309e-06	1.094391e-06	2.349156e-07	2.247193e-07	2.210466e-07	1.833829e-07	9.177709e-08	1.006061e-08	5.843865e-09	4.107186e-09	3.613115e-09	2.953515e-09
121	0.04933814	0.04051488	0.03204834	0.02371983	0.01524927	0.01218659	0.01060747	0.00860598	0.00667879	0.005169469	0.0008240775	7.826018e-05	5.225616e-05	3.716432e-05	2.687525e-05	1.695857e-05	9.22308e-06	2.274603e-06	1.369604e-06	4.367049e-07	1.148408e-07	1.724824e-08	1.558512e-08	1.442938e-08	1.118698e-08	6.744857e-09	2.600097e-09	1.569322e-09	1.017714e-09	5.021025e-10
122	0.07446598	0.04720209	0.03877259	0.03046787	0.02249643	0.01410157	0.01116595	0.009735653	0.008186852	0.006709724	0.005189385	0.0007937141	4.230993e-05	2.202187e-05	1.358773e-05	9.87528e-06	6.321866e-06	3.463427e-06	8.358439e-07	5.008955e-07	1.563039e-07	3.747683e-08	5.150198e-09	4.57393e-09	4.156291e-09	3.016679e-09	2.150187e-09	1.235289e-09	6.09851e-10	4.113933e-10
123	0.1541024	0.06706925	0.04668304	0.03839001	0.03007895	0.02208428	0.01363432	0.01115182	0.009735161	0.008189643	0.006788279	0.005250738	0.0007952486	4.057373e-05	2.03903e-05	1.224364e-05	8.876829e-06	5.685718e-06	3.099644e-06	7.542433e-07	4.509342e-07	1.388871e-07	3.114875e-08	3.336774e-09	2.815442e-09	2.425902e-09	1.682152e-09	1.231327e-09	6.817993e-10	5.139378e-10
124	0.5213466	0.07716158	0.0502946	0.03605042	0.02929204	0.0226629	0.01626601	0.009352016	0.007108134	0.00588179	0.004549348	0.003336956	0.002008781	0.0006191073	3.43879e-05	1.741101e-05	9.85596e-06	7.138048e-06	4.59689e-06	2.5117e-06	6.088606e-07	3.638376e-07	1.11756e-07	2.479724e-08	2.414598e-09	1.990284e-09	1.671654e-09	1.068363e-09	7.157702e-10	5.451779e-10
125	0.5408568	0.1684117	0.07698847	0.05082447	0.03650459	0.02966656	0.02295369	0.01647377	0.009467016	0.007193853	0.005952082	0.004601697	0.003372507	0.002025067	0.0006146176	3.491123e-05	1.767795e-05	1.000801e-05	7.249038e-06	4.671179e-06	2.552742e-06	6.189886e-07	3.699474e-07	1.135858e-07	2.511899e-08	2.401545e-09	1.970168e-09	1.645863e-09	1.062067e-09	7.155273e-10
126	0.2449923	0.2339571	0.09765029	0.03687185	0.02163149	0.01463008	0.01176158	0.009013459	0.006871792	0.00422543	0.002856393	0.0023424	0.001809892	0.001326677	0.0007986138	0.0002471431	1.639936e-05	7.604345e-06	2.120618e-06	1.51829e-06	1.091882e-06	6.221993e-07	1.382001e-07	8.224923e-08	2.506508e-08	5.764902e-09	6.484878e-10	5.536143e-10	4.842352e-10	2.645165e-10
127	0.7594063	0.2346533	0.2299594	0.09503896	0.03676358	0.02171982	0.01474198	0.01185495	0.009087359	0.006930085	0.004261394	0.002877268	0.002361249	0.001824902	0.001338139	0.0008056837	0.0002493672	1.651803e-05	7.638042e-06	2.089853e-06	1.492606e-06	1.073605e-06	6.123922e-07	1.358892e-07	8.0943e-08	2.467138e-08	5.677176e-09	6.429925e-10	5.498463e-10	4.817184e-10
128	0.695348	0.6655485	0.1981192	0.1936837	0.08462693	0.03405903	0.02077577	0.01417468	0.01125289	0.008446085	0.006254892	0.003542981	0.00290027	0.002380568	0.001837902	0.001344682	0.0008048543	0.0002405626	6.973906e-06	2.852799e-06	2.077952e-06	1.501794e-06	1.080496e-06	6.165442e-07	1.368447e-07	8.153126e-08	2.487475e-08	5.709901e-09	6.368729e-10	5.429179e-10
129	0.8340797	0.6653326	0.6586948	0.1963854	0.1919641	0.08303662	0.03427938	0.02100964	0.01436658	0.01140759	0.008563809	0.006343271	0.003593428	0.002942085	0.002415663	0.001865542	0.001365207	0.0008172541	0.0002441821	6.890047e-06	2.710486e-06	1.934078e-06	1.511366e-06	1.087999e-06	6.213131e-07	1.378156e-07	8.214979e-08	2.50671e-08	5.754446e-09	6.425298e-10
130	0.9195816	0.7969825	0.6580789	0.6528807	0.1947529	0.1903191	0.08145183	0.03449366	0.02123632	0.01455226	0.01155725	0.008677475	0.006428311	0.003641111	0.00298133	0.002448039	0.001890426	0.001383065	0.0008270921	0.0002453323	6.95195e-06	2.711533e-06	1.925056e-06	1.497391e-06	1.101471e-06	6.292618e-07	1.396025e-07	8.324914e-08	2.54067e-08	5.831466e-09
131	0.3998547	0.3916767	0.3144521	0.2687398	0.2689673	0.06479574	0.0638054	0.02841398	0.007536074	0.003867047	0.00233242	0.001761369	0.00120534	0.0007723408	0.0003776656	0.0002709961	0.0001858652	0.0001399117	0.0001008253	6.087527e-05	1.943863e-05	2.193277e-06	1.628058e-06	1.049334e-06	7.85086e-07	5.477244e-07	3.295642e-07	6.376158e-08	3.792989e-08	1.168737e-08
132	0.4341959	0.3038494	0.3035188	0.2270333	0.2027806	0.2028352	0.04661795	0.04585093	0.01770195	0.005317374	0.003001828	0.001900766	0.001423121	0.0009544932	0.0005883691	0.0002683994	0.0001828672	0.0001136353	8.521028e-05	6.096177e-05	3.69604e-05	1.216967e-05	1.776684e-06	1.42849e-06	8.739384e-07	6.355535e-07	4.241883e-07	2.566435e-07	4.895506e-08	2.941142e-08
133	0.6869436	0.29697	0.2791447	0.2788107	0.2051536	0.1822156	0.18215	0.04114533	0.04050132	0.01489185	0.004788398	0.002787564	0.001772995	0.001321692	0.0008778281	0.000530539	0.0002319968	0.0001537151	8.920881e-05	6.624185e-05	4.697424e-05	2.847571e-05	9.443333e-06	1.393432e-06	1.082372e-06	8.712704e-07	6.316265e-07	4.191467e-07	2.529904e-07	4.857313e-08
134	0.4671636	0.4498006	0.1308616	0.1203819	0.1213065	0.1196302	0.1113972	0.1119993	0.0242584	0.0242521	0.007129129	0.0009965784	0.0003146451	7.705518e-05	5.954011e-05	4.477527e-05	2.941339e-05	1.167612e-05	7.430776e-06	4.734993e-06	3.771868e-06	3.094479e-06	2.449273e-06	1.769904e-06	1.203638e-06	1.004895e-06	7.921504e-07	5.796802e-07	3.631046e-07	1.971705e-07
135	0.5348436	0.4513004	0.4370022	0.1183367	0.1075897	0.1083806	0.10693	0.09847166	0.09891112	0.02174584	0.0217533	0.006162902	0.0008663241	0.0002675533	7.107784e-05	5.524018e-05	4.193987e-05	2.763805e-05	1.063347e-05	6.67714e-06	4.263325e-06	3.383448e-06	2.764169e-06	2.165252e-06	1.533412e-06	1.220255e-06	1.018729e-06	8.02433e-07	5.861648e-07	3.690317e-07
136	0.5370551	0.4149759	0.3959331	0.3824841	0.1041742	0.09318087	0.09379917	0.09224097	0.08435041	0.08461264	0.0189741	0.01899416	0.005106362	0.0007487961	0.0002415826	6.257839e-05	4.713056e-05	3.406718e-05	2.005016e-05	1.027758e-05	6.434879e-06	4.129539e-06	3.292456e-06	2.701986e-06	2.127091e-06	1.522392e-06	1.220746e-06	1.022245e-06	8.050476e-07	5.878713e-07
137	0.7099536	0.411269	0.3976725	0.3825165	0.3693843	0.08739899	0.0825335	0.08303301	0.08138783	0.07325703	0.07338523	0.01680247	0.01683932	0.004268401	0.0006326986	0.0002046303	4.222087e-05	3.189121e-05	2.385478e-05	1.366075e-05	7.253884e-06	4.35972e-06	2.849435e-06	2.351923e-06	2.043745e-06	1.744696e-06	1.425961e-06	1.239682e-06	1.039861e-06	8.189251e-07
138	0.8866563	0.7061149	0.4058748	0.3926573	0.3772764	0.3639588	0.07813439	0.07307641	0.07345162	0.07164907	0.06326488	0.06325144	0.01488834	0.01493398	0.003537939	0.00056432	0.0001979941	4.255741e-05	3.21686e-05	2.404629e-05	1.371564e-05	7.220833e-06	4.341832e-06	2.869001e-06	2.378724e-06	2.072077e-06	1.770027e-06	1.448595e-06	1.263302e-06	1.06004e-06
139	0.2359877	0.2368816	0.0708564	0.05334897	0.05272072	0.05164783	0.05121876	0.040428	0.03973492	0.04027883	0.0407434	0.04124607	0.04182777	0.01052319	0.01060556	0.00172171	0.0002212787	6.40501e-05	4.336735e-06	2.979309e-06	1.995849e-06	1.178611e-06	6.297207e-07	3.409171e-07	1.825467e-07	1.337074e-07	1.015896e-07	7.430409e-08	4.304696e-08	3.006441e-08
140	0.3146489	0.2187439	0.2207045	0.0535086	0.04044749	0.03993517	0.03894668	0.03848915	0.02781425	0.02788722	0.02827975	0.02861743	0.02896832	0.02939062	0.008468639	0.008560908	0.0008821717	0.0001344791	5.090629e-05	2.131797e-06	1.338913e-06	8.350414e-07	4.388175e-07	2.161491e-07	1.026305e-07	5.360567e-08	3.957728e-08	3.158066e-08	2.534425e-08	1.738161e-08
141	0.3567899	0.2340897	0.1672848	0.1686678	0.03309562	0.02676239	0.02608982	0.02493136	0.02429653	0.01333355	0.01342695	0.01361675	0.01374869	0.01388547	0.01408758	0.007589704	0.007677421	0.0007274642	0.0001192911	4.927287e-05	1.993556e-06	1.235368e-06	7.542372e-07	3.814326e-07	1.75501e-07	8.267826e-08	4.378821e-08	3.261979e-08	2.622644e-08	2.116521e-08
142	0.3599625	0.1784106	0.08591394	0.02403046	0.02357292	0.01943711	0.01338791	0.01253983	0.01180558	0.01178666	0.01158916	0.01166307	0.01183023	0.01194004	0.01209906	0.01227778	0.007276542	0.00736792	0.0005478236	7.225747e-05	1.404333e-05	7.691159e-07	4.953334e-07	3.275978e-07	1.921201e-07	1.038901e-07	6.225043e-08	3.693084e-08	2.90352e-08	2.394954e-08
143	0.3213383	0.0546068	0.04179574	0.0120154	0.009047161	0.008492807	0.006486346	0.006196974	0.005290492	0.004501241	0.00441731	0.004215546	0.004251366	0.004312456	0.004319142	0.004367471	0.004431352	0.0009234229	0.0009211903	0.0003926829	5.048177e-05	9.365437e-06	3.304715e-07	1.846188e-07	1.126562e-07	6.08895e-08	3.184143e-08	2.246279e-08	1.559969e-08	1.333427e-08
144	0.5898706	0.2889875	0.03021813	0.02424917	0.00672306	0.004804864	0.004205495	0.00402905	0.00380897	0.00287432	0.002744118	0.00273514	0.002637427	0.002661903	0.002700663	0.002691736	0.002725622	0.002766237	0.0005798595	0.000578267	0.0002487463	3.578119e-05	6.068036e-06	2.499249e-07	1.359118e-07	8.316589e-08	4.422707e-08	2.250197e-08	1.55589e-08	1.109907e-08
145	0.5906328	0.4993241	0.2783956	0.01807549	0.01364589	0.003611576	0.002065434	0.001893281	0.001752801	0.001573083	0.001557571	0.001425461	0.001410795	0.001313114	0.001319657	0.001338605	0.001350087	0.001363828	0.001383584	0.000300961	0.000300007	0.0001369153	2.305487e-05	4.343523e-06	1.937946e-07	1.119188e-07	6.882809e-08	3.678536e-08	1.873485e-08	1.299675e-08
146	0.5997722	0.5826406	0.4959839	0.2742249	0.01142574	0.007436886	0.002333528	0.0009863548	0.0007986632	0.000755057	0.0006049757	0.0005786339	0.0005541437	0.0005360831	0.0004374132	0.000431706	0.0004371728	0.000435303	0.0004379906	0.0004431753	0.000108707	0.0001081228	5.786741e-05	1.352637e-05	2.90049e-06	1.604769e-07	9.513336e-08	5.927911e-08	3.206168e-08	1.639282e-08
147	0.6516132	0.5902956	0.5822449	0.4971156	0.274309	0.008897699	0.005575203	0.001740794	0.0006058383	0.0005935016	0.0005592709	0.0004302264	0.0004076361	0.0003864042	0.0003695689	0.0002929711	0.0002876121	0.0002912561	0.0002891022	0.0002904403	0.000293653	7.923069e-05	7.871661e-05	4.658403e-05	1.248098e-05	2.757821e-06	1.333522e-07	7.908401e-08	4.938546e-08	2.71455e-08
148	0.4679716	0.4178748	0.3755552	0.3666276	0.2786204	0.2763093	0.007692097	0.00457648	0.001528326	0.0004658093	0.0004530417	0.0004307248	0.0003090508	0.0002920919	0.0002709678	0.000253582	0.0001824219	0.0001760306	0.0001780364	0.0001746624	0.0001743083	0.0001758571	5.616905e-05	5.619943e-05	3.839309e-05	1.158337e-05	2.465611e-06	1.226533e-07	7.338751e-08	4.613891e-08
149	0.3637228	0.1202336	0.07384914	0.0351718	0.02346554	0.01438205	0.00921138	0.006518644	0.003686111	0.001329355	0.0003531312	0.0003405734	0.0003231008	0.0002105614	0.0001945043	0.0001743069	0.0001565763	8.752489e-05	8.073119e-05	8.134645e-05	7.699287e-05	7.525204e-05	7.532174e-05	3.537118e-05	3.537962e-05	2.973234e-05	9.06683e-06	1.974894e-06	1.049311e-07	6.368452e-08
150	0.06217998	0.03775437	0.02467113	0.01854144	0.01043498	0.007780151	0.004120247	0.002679465	0.001877616	0.001226411	0.0005378711	9.270889e-05	8.901019e-05	8.369233e-05	5.541394e-05	5.065258e-05	4.562082e-05	4.387679e-05	3.26638e-05	3.115006e-05	3.14195e-05	3.089227e-05	3.094232e-05	3.11103e-05	5.839196e-06	5.850425e-06	2.015376e-06	3.174131e-07	8.099864e-08	1.557313e-08
151	0.2349976	0.04667693	0.03255341	0.02232338	0.01681046	0.009860944	0.007381026	0.003805562	0.002485649	0.001722629	0.001103305	0.0005133812	7.527896e-05	7.166955e-05	6.720465e-05	4.039667e-05	3.563222e-05	3.062049e-05	2.88303e-05	1.820266e-05	1.654255e-05	1.658148e-05	1.586841e-05	1.568476e-05	1.561328e-05	2.937894e-06	2.9399e-06	1.013126e-06	1.714267e-07	5.715882e-08
152	0.3691884	0.1975826	0.03294822	0.02468118	0.01491281	0.01083914	0.007841047	0.005615488	0.003661355	0.00236386	0.001641189	0.001032303	0.0005019357	6.450188e-05	6.079577e-05	5.673011e-05	3.063949e-05	2.579943e-05	2.071523e-05	1.883178e-05	7.950766e-06	6.14155e-06	6.010679e-06	5.109799e-06	4.741354e-06	4.480241e-06	9.457074e-07	9.391192e-07	4.002886e-07	1.03958e-07
153	0.8231504	0.343304	0.1921303	0.03074249	0.02358508	0.01425061	0.01030715	0.007560605	0.005408687	0.003540565	0.002279447	0.001597545	0.001005585	0.0004965759	6.189716e-05	5.827754e-05	5.437737e-05	2.88265e-05	2.410932e-05	1.914954e-05	1.729841e-05	6.316896e-06	4.5425e-06	4.394525e-06	3.465105e-06	3.075297e-06	2.792735e-06	5.471195e-07	5.393446e-07	1.951097e-07
154	0.1529901	0.08102242	0.02816558	0.02318131	0.003271197	0.002236997	0.0006863109	0.0003697193	0.0001677791	0.0001341825	5.844131e-05	4.03242e-05	2.875568e-05	2.028141e-05	7.21057e-06	4.578637e-06	4.440054e-06	4.361147e-06	1.495415e-06	1.428301e-06	1.370192e-06	1.3479e-06	1.306541e-06	1.300728e-06	1.320269e-06	1.317247e-06	1.334136e-06	1.354935e-06	2.72839e-07	2.732478e-07
155	0.09984892	0.07063125	0.04972775	0.02195854	0.0183188	0.002245363	0.001625773	0.0004988673	0.0002732383	0.0001399864	0.0001146839	4.377737e-05	2.918547e-05	1.964292e-05	1.276986e-05	4.410894e-06	2.320012e-06	2.307457e-06	2.240262e-06	7.619296e-07	7.021252e-07	6.511424e-07	6.349025e-07	6.16674e-07	6.06978e-07	6.149267e-07	6.042586e-07	6.097146e-07	6.181337e-07	1.357816e-07
156	0.09824799	0.08087629	0.05223241	0.03390554	0.01693611	0.01517307	0.001557701	0.001361766	0.0004069224	0.0002225206	0.0001286565	0.0001072904	3.738327e-05	2.363114e-05	1.470415e-05	8.206404e-06	2.449656e-06	5.043711e-07	4.652697e-07	4.190134e-07	2.95723e-07	2.353268e-07	1.82476e-07	1.641549e-07	1.499132e-07	1.376329e-07	1.37213e-07	1.209147e-07	1.182082e-07	1.176141e-07
157	0.5025766	0.0986929	0.08123863	0.05224694	0.03375778	0.01702616	0.01526844	0.001556383	0.001371708	0.0004095252	0.0002235369	0.0001300957	0.0001085723	3.769119e-05	2.375313e-05	1.471198e-05	8.122166e-06	2.397044e-06	4.244388e-07	3.834018e-07	3.361664e-07	2.777332e-07	2.162383e-07	1.622952e-07	1.434622e-07	1.288639e-07	1.162463e-07	1.154166e-07	9.855833e-08	9.539405e-08
158	0.2881396	0.2786859	0.08716076	0.07286771	0.04678969	0.0292605	0.01645665	0.01480323	0.001464038	0.001309247	0.0003932101	0.0002165914	0.0001270487	0.0001066293	3.588169e-05	2.259995e-05	1.38752e-05	7.589862e-06	2.234815e-06	3.526106e-07	3.132656e-07	2.683918e-07	2.1849e-07	1.717741e-07	1.219876e-07	1.033769e-07	8.889692e-08	7.641519e-08	7.500486e-08	7.318093e-08
159	0.129409	0.1265051	0.1244936	0.03749332	0.03336711	0.03031544	0.01643666	0.008456034	0.00797985	0.000588539	0.0005052476	0.0001889483	0.0001337002	7.923335e-05	7.244483e-05	1.303231e-05	8.708119e-06	4.595922e-06	2.540307e-06	7.371663e-07	1.172711e-07	1.041597e-07	8.856191e-08	7.346442e-08	5.917545e-08	4.517781e-08	4.075699e-08	3.681095e-08	3.339025e-08	3.31457e-08
160	0.1395795	0.1178138	0.1155424	0.1137664	0.03540879	0.03170254	0.0290004	0.01552449	0.007972119	0.007548876	0.0005373208	0.0004645949	0.0001793397	0.0001301592	7.760169e-05	7.152503e-05	1.188511e-05	7.997615e-06	4.083652e-06	2.230289e-06	6.540468e-07	9.532925e-08	8.342578e-08	7.042286e-08	5.663363e-08	4.344748e-08	3.060588e-08	2.647788e-08	2.281305e-08	1.96685e-08
161	0.3111966	0.09521848	0.07932054	0.07669479	0.07457552	0.03558185	0.03189198	0.02918921	0.01553929	0.007962683	0.007545895	0.0004460074	0.0003766446	8.716142e-05	3.718342e-05	2.347109e-05	1.738818e-05	1.194001e-05	8.01795e-06	4.063416e-06	2.192113e-06	6.498743e-07	8.628017e-08	7.407892e-08	6.124505e-08	4.761458e-08	3.409851e-08	2.093202e-08	1.66105e-08	1.27613e-08
162	0.8014897	0.1680219	0.07187916	0.05743366	0.05455991	0.05215362	0.03536607	0.03218837	0.02948852	0.01567821	0.008026968	0.007626875	0.0004483309	0.0003791355	8.732019e-05	3.700927e-05	2.334593e-05	1.737309e-05	1.200049e-05	8.056153e-06	4.08072e-06	2.197379e-06	6.522086e-07	8.504298e-08	7.273387e-08	5.985704e-08	4.648e-08	3.283818e-08	1.954771e-08	1.517269e-08
163	0.6498125	0.5738213	0.02896236	0.009951902	0.007617747	0.007349869	0.006969972	0.004801011	0.004518258	0.004247045	0.0019809	0.0009534452	0.0009154144	4.405159e-05	3.433647e-05	8.110412e-06	3.705418e-06	2.343842e-06	1.684262e-06	1.093345e-06	6.609337e-07	4.38253e-07	2.361432e-07	6.916619e-08	1.060507e-08	9.350881e-09	7.993256e-09	6.385245e-09	4.738055e-09	3.311929e-09
164	0.5671027	0.5660835	0.5398862	0.01996297	0.002630685	0.001115328	0.001018509	0.0009569895	0.0002628172	0.0001757588	0.0001061291	6.387301e-05	2.873091e-05	2.100232e-05	2.945627e-06	1.941116e-06	1.260668e-06	9.441429e-07	6.717412e-07	4.778613e-07	3.04225e-07	1.801238e-07	1.181876e-07	6.179288e-08	1.816828e-08	3.202362e-09	2.902386e-09	2.548317e-09	2.079858e-09	1.665729e-09
165	0.04649383	0.03124616	0.0305829	0.02422984	0.01914997	0.001745458	0.0004208896	0.0003911124	0.0003815284	4.902053e-05	2.716672e-05	1.561983e-05	1.34906e-05	4.231548e-06	2.929996e-06	1.086798e-06	6.520937e-07	4.975572e-07	3.832582e-07	2.679337e-07	1.901713e-07	1.211e-07	7.458187e-08	5.038334e-08	2.842708e-08	8.337605e-09	1.559422e-09	1.426932e-09	1.267272e-09	1.020515e-09
166	0.04023125	0.01674483	0.01018074	0.009580191	0.005530645	0.00153927	0.001401894	0.0001739911	0.0001571142	0.0001568857	1.47524e-05	9.685775e-06	7.87957e-06	6.718223e-06	1.67729e-06	8.959863e-07	3.021669e-07	1.3719e-07	8.323732e-08	5.985975e-08	3.140791e-08	2.178336e-08	1.418195e-08	9.308581e-09	6.629198e-09	4.333964e-09	1.162627e-09	4.329593e-10	4.246633e-10	4.028197e-10
167	0.02130707	0.01965813	0.008631016	0.005931001	0.005371337	0.003176485	0.0001713247	0.0001368966	8.325194e-05	6.86061e-05	6.854511e-05	9.475338e-06	6.52353e-06	5.869534e-06	4.893741e-06	1.248987e-06	5.682797e-07	1.297917e-07	6.467401e-08	2.434955e-08	1.372191e-08	3.648052e-09	2.427415e-09	1.642805e-09	1.321941e-09	1.05997e-09	9.148043e-10	2.438771e-10	1.873086e-10	1.900526e-10
168	0.04093765	0.01377523	0.01275135	0.005530395	0.003785551	0.003426609	0.002017827	0.0001024542	8.022716e-05	4.620093e-05	4.585452e-05	4.554603e-05	7.127828e-06	4.588185e-06	4.206906e-06	3.562112e-06	1.151249e-06	5.162247e-07	9.996529e-08	5.84536e-08	1.910937e-08	9.59724e-09	2.46345e-09	1.582437e-09	1.06563e-09	8.659994e-10	6.937976e-10	6.039477e-10	1.766389e-10	1.430289e-10
169	0.4227173	0.02628159	0.00750516	0.006563622	0.002453477	0.001613184	0.001459963	0.0008626296	4.95149e-05	3.94105e-05	2.311418e-05	2.297068e-05	2.326168e-05	5.073659e-06	2.710361e-06	2.537656e-06	2.241445e-06	1.07045e-06	4.780848e-07	7.130042e-08	5.332843e-08	1.47889e-08	6.218741e-09	1.888618e-09	1.202592e-09	7.526946e-10	5.754652e-10	4.296784e-10	3.480357e-10	1.292916e-10
170	0.06047669	0.0573224	0.0129879	0.002417261	0.001912398	0.0004657142	0.0002383941	0.00021583	0.0001298285	1.267641e-05	1.035509e-05	5.744574e-06	5.699101e-06	5.744609e-06	1.440951e-06	1.037366e-06	9.944715e-07	9.29747e-07	6.294885e-07	2.582586e-07	4.192134e-08	3.906757e-08	9.065889e-09	2.919875e-09	1.133848e-09	6.94162e-10	4.558445e-10	3.067893e-10	2.225128e-10	1.527527e-10
171	0.01540138	0.009298449	0.007441981	0.00634279	0.0007119469	0.0004475638	9.970563e-05	2.166378e-05	1.971926e-05	1.393913e-05	5.696659e-06	4.974412e-06	2.192238e-06	2.157667e-06	2.152659e-06	3.669261e-07	3.093981e-07	2.798249e-07	2.568134e-07	1.448299e-07	1.354274e-07	2.225537e-08	2.170161e-08	5.003417e-09	1.759402e-09	8.293345e-10	5.999134e-10	3.948213e-10	2.50267e-10	1.756429e-10
172	0.008513816	0.004216821	0.001851817	0.00144193	0.0008482391	9.464775e-05	7.102863e-05	2.05454e-05	1.12234e-05	1.086371e-05	7.966441e-06	4.807773e-06	4.137243e-06	1.424341e-06	1.387121e-06	1.371299e-06	1.362974e-07	8.333629e-08	5.087127e-08	4.298804e-08	1.403513e-08	1.18353e-08	2.923355e-09	2.359405e-09	1.446156e-09	1.09414e-09	8.152754e-10	5.863943e-10	3.787122e-10	2.328495e-10
173	0.8673299	0.005510549	0.002997572	0.001356295	0.001029792	0.0005638692	7.032339e-05	5.294414e-05	1.42401e-05	7.672838e-06	7.349632e-06	5.087549e-06	2.057411e-06	1.411236e-06	1.225082e-06	1.202314e-06	1.198839e-06	9.544605e-08	6.162189e-08	4.13113e-08	3.511116e-08	1.026769e-08	8.827301e-09	2.065285e-09	1.700323e-09	9.940024e-10	7.487648e-10	5.579508e-10	4.022849e-10	2.612901e-10
174	0.9012072	0.8598117	0.005284602	0.002823366	0.001195407	0.0009799402	0.0005196762	6.503057e-05	4.940827e-05	1.310441e-05	7.707139e-06	7.389332e-06	5.127644e-06	2.062156e-06	1.412581e-06	1.226368e-06	1.210136e-06	1.207244e-06	9.395069e-08	6.028953e-08	4.002038e-08	3.386236e-08	9.27005e-09	7.837538e-09	1.689635e-09	1.322326e-09	9.806125e-10	7.467817e-10	5.57716e-10	4.02313e-10
175	0.7902939	0.7761586	0.7403958	0.004796837	0.00265317	0.001155953	0.0009496006	0.0004898887	6.016143e-05	4.619744e-05	1.242262e-05	7.272165e-06	6.956785e-06	4.735317e-06	1.653939e-06	1.397618e-06	1.214419e-06	1.203053e-06	1.202629e-06	8.762471e-08	5.645007e-08	3.822205e-08	3.221729e-08	8.203083e-09	7.003731e-09	1.620833e-09	1.269471e-09	9.460333e-10	7.267335e-10	5.427004e-10
176	0.7557087	0.7252698	0.7212969	0.686679	0.003836839	0.00216565	0.0009879692	0.0008219479	0.0003786026	4.843039e-05	3.797644e-05	1.05815e-05	6.608603e-06	6.306987e-06	4.365934e-06	1.314283e-06	1.069267e-06	9.12999e-07	9.043403e-07	9.057189e-07	6.925376e-08	4.644437e-08	3.329354e-08	2.809704e-08	6.174785e-09	5.246929e-09	1.25304e-09	9.949627e-10	7.373524e-10	5.645513e-10
177	0.9358429	0.7506971	0.7200835	0.7162109	0.681109	0.003826397	0.00217058	0.0009948122	0.000827912	0.0003793817	4.697781e-05	3.692784e-05	1.069697e-05	6.696783e-06	6.392861e-06	4.427817e-06	1.329061e-06	1.08084e-06	9.231235e-07	9.145841e-07	9.162103e-07	6.835552e-08	4.573842e-08	3.239588e-08	2.730842e-08	5.977357e-09	5.045151e-09	1.26406e-09	1.005207e-09	7.489393e-10
178	0.9372738	0.9228154	0.7453178	0.7145576	0.7106915	0.6750881	0.003825686	0.002184978	0.00100161	0.0008356806	0.0003806532	4.551891e-05	3.587624e-05	1.08278e-05	6.794735e-06	6.487039e-06	4.493703e-06	1.345598e-06	1.093927e-06	9.345193e-07	9.260902e-07	9.279698e-07	6.798552e-08	4.504195e-08	3.148102e-08	2.650398e-08	5.777437e-09	4.840662e-09	1.277066e-09	1.016901e-09
179	0.9291227	0.9007232	0.8884112	0.7366836	0.7055248	0.7026891	0.666701	0.003702245	0.002123202	0.000953316	0.0008406598	0.0003789285	4.398492e-05	3.449256e-05	1.087465e-05	6.858438e-06	6.548842e-06	4.540198e-06	1.354321e-06	1.099517e-06	9.394642e-07	9.317704e-07	9.344912e-07	6.58233e-08	4.336498e-08	3.024583e-08	2.550609e-08	5.629083e-09	4.773539e-09	1.279557e-09
180	0.8911895	0.8473439	0.8192276	0.807406	0.6633598	0.6320206	0.6293087	0.6277583	0.003303565	0.002005752	0.0009348495	0.000825216	0.000358421	3.60861e-05	2.759969e-05	7.942735e-06	4.075884e-06	3.766018e-06	1.769424e-06	1.342793e-06	1.085392e-06	9.261393e-07	9.200392e-07	9.244099e-07	5.073281e-08	2.977048e-08	1.800173e-08	1.433655e-08	4.914851e-09	4.259709e-09
181	0.9404427	0.872445	0.8358004	0.807837	0.7960642	0.655917	0.6241916	0.6214725	0.6199604	0.003262788	0.001999638	0.0009380733	0.0008294381	0.0003554633	3.462028e-05	2.650034e-05	7.923334e-06	4.069863e-06	3.755491e-06	1.744165e-06	1.315213e-06	1.06345e-06	9.048181e-07	8.988641e-07	9.032523e-07	4.907914e-08	2.832479e-08	1.661822e-08	1.348043e-08	4.720179e-09
182	0.357328	0.3545053	0.350777	0.3174334	0.2918284	0.2832932	0.1705702	0.1391284	0.1369102	0.1358411	0.002438478	0.001414239	0.0007565717	0.0006901296	0.0002270344	2.499462e-05	1.978269e-05	6.141063e-06	3.864336e-06	3.557616e-06	1.564408e-06	1.152716e-06	9.265729e-07	7.747723e-07	7.692851e-07	7.728924e-07	3.855402e-08	2.261406e-08	1.267594e-08	9.967266e-09
183	0.3105464	0.2455824	0.2431257	0.2397264	0.2345445	0.209943	0.2029021	0.153919	0.1238796	0.1219155	0.1209559	0.002126273	0.001394433	0.0007531843	0.0006939237	0.0002235685	2.289048e-05	1.773553e-05	5.714821e-06	3.458254e-06	3.147123e-06	1.197859e-06	7.971627e-07	6.530429e-07	5.171738e-07	5.096029e-07	5.08564e-07	3.657723e-08	2.129113e-08	1.131765e-08
184	0.3084219	0.2427359	0.1783689	0.1759235	0.1729047	0.1685686	0.1646449	0.158152	0.1096782	0.1082432	0.1063413	0.1054973	0.002004467	0.001332706	0.0007485606	0.0006970034	0.0002192711	2.068008e-05	1.55718e-05	5.261721e-06	3.034861e-06	2.720205e-06	8.164821e-07	4.271732e-07	3.682587e-07	2.490459e-07	2.391817e-07	2.331812e-07	3.435833e-08	1.982838e-08
185	0.7919666	0.2884584	0.2225728	0.1579176	0.1554922	0.1526636	0.1484389	0.1449308	0.1414399	0.09520301	0.09390436	0.09335641	0.09253824	0.001923841	0.001318009	0.0007429756	0.0006936603	0.0002077711	1.809143e-05	1.340027e-05	4.14547e-06	2.019781e-06	1.906613e-06	5.647142e-07	2.977752e-07	2.607457e-07	1.923115e-07	1.828074e-07	1.756745e-07	3.264435e-08
186	0.27604	0.2642846	0.2166858	0.2061423	0.1411639	0.1387477	0.1362474	0.1320229	0.1285214	0.1250248	0.08102574	0.0798597	0.07933678	0.07862642	0.001367859	0.0008396879	0.0002687678	0.0002203965	0.0001968579	1.550552e-05	1.127939e-05	2.960463e-06	9.227455e-07	9.042864e-07	3.584053e-07	2.364542e-07	2.100909e-07	1.653102e-07	1.558884e-07	1.481186e-07
187	0.3517802	0.1690941	0.1616553	0.1546976	0.1492678	0.1248967	0.1225863	0.1202431	0.1163377	0.1131057	0.1099357	0.07049285	0.06943539	0.0689619	0.06842024	0.001243358	0.0007686552	0.0002469455	0.0002027683	0.0001811273	1.393984e-05	1.010603e-05	2.6689e-06	8.241568e-07	8.078211e-07	3.258729e-07	2.207508e-07	1.961289e-07	1.53571e-07	1.446535e-07
188	0.3415449	0.3326578	0.1634754	0.1562368	0.1493615	0.1439186	0.1191737	0.117645	0.1153438	0.1114365	0.1081809	0.1049917	0.06523489	0.06423458	0.06377504	0.06322995	0.001241878	0.0007752232	0.0002486376	0.000204015	0.0001820725	1.342223e-05	9.771483e-06	2.632419e-06	8.09698e-07	7.933307e-07	3.238573e-07	2.220276e-07	1.973719e-07	1.548358e-07
189	0.06620933	0.06451409	0.06310382	0.006038719	0.00557734	0.005476248	0.005404779	0.005234962	0.005195842	0.005078759	0.005043802	0.005012744	0.004980665	0.004485982	0.004439529	0.004427421	0.004422085	3.083241e-05	1.161052e-05	3.273454e-06	2.741746e-06	2.537391e-06	5.030816e-07	3.390061e-07	3.381975e-08	8.841714e-09	8.597981e-09	4.240006e-09	3.047563e-09	2.832317e-09
190	0.07903015	0.05749308	0.05692443	0.05569608	0.002466822	0.00213246	0.002079188	0.002055272	0.002047177	0.002020331	0.001993311	0.001991331	0.001988512	0.001983791	0.001867694	0.001845854	0.001841	0.001840034	6.814308e-06	1.925237e-06	7.660135e-07	6.599586e-07	6.447048e-07	1.94594e-07	1.182552e-07	6.664406e-09	9.363283e-10	8.626178e-10	5.465617e-10	2.877141e-10
191	0.1031202	0.06710116	0.05503526	0.0547403	0.05355203	0.001251815	0.0009607083	0.0009180232	0.000899682	0.000893951	0.0008929694	0.0008795725	0.0008782004	0.0008764126	0.000873663	0.0007990249	0.0007883225	0.0007858253	0.000785161	3.257552e-06	1.055695e-06	4.726897e-07	3.986115e-07	3.87862e-07	9.536558e-08	5.770374e-08	4.536815e-09	6.561758e-10	6.047899e-10	3.701337e-10
192	0.5107929	0.04588348	0.01341932	0.002539303	0.002283791	0.002238625	0.001064804	0.0007894847	0.0007511771	0.0007342483	0.0007290997	0.0007282026	0.0007179513	0.00071671	0.0007150988	0.0007126646	0.0006438855	0.0006347066	0.0006325328	0.0006319112	2.714691e-06	9.179598e-07	4.305693e-07	3.610696e-07	3.512864e-07	8.126502e-08	4.896587e-08	4.215623e-09	5.961886e-10	5.481295e-10
193	0.5978985	0.4979587	0.04338422	0.01152803	0.001781599	0.001569307	0.001533061	0.0006463378	0.0006233096	0.0005876733	0.0005712549	0.000566089	0.0005652291	0.0005569215	0.0005556817	0.0005541412	0.0005519157	0.0004878714	0.0004802278	0.0004783696	0.0004777721	2.228223e-06	8.106009e-07	3.957388e-07	3.293586e-07	3.197988e-07	6.740729e-08	4.050804e-08	3.998084e-09	5.734442e-10
194	0.7404995	0.3886911	0.3602433	0.0386458	0.009805503	0.001192825	0.00107765	0.001050188	0.000445398	0.0004302208	0.0004264459	0.0004105699	0.000405575	0.0004047678	0.0003983713	0.0003971776	0.0003957429	0.0003937545	0.0003346712	0.0003285314	0.0003269849	0.0003264168	1.735175e-06	6.959406e-07	3.592002e-07	2.965522e-07	2.874604e-07	5.375225e-08	3.214369e-08	3.759261e-09
195	0.5433047	0.5348719	0.3566591	0.3391473	0.03576688	0.007828421	0.0006015747	0.0005318619	0.0005152466	0.0002375476	0.0002304193	0.0002285421	0.0002220034	0.0002177786	0.0002170836	0.0002131413	0.0002121389	0.0002109425	0.0002093306	0.0001571557	0.0001528124	0.0001516486	0.0001511301	1.135822e-06	5.379034e-07	3.066979e-07	2.523147e-07	2.445455e-07	3.744195e-08	2.215889e-08
196	0.8765096	0.4874072	0.4792529	0.297655	0.2805611	0.02166346	0.003356434	0.0003452098	0.0003028499	0.0002929444	0.0001511786	0.0001474134	0.0001463215	0.0001402952	0.0001365456	0.0001358927	0.0001328839	0.0001318883	0.000130773	0.0001293919	8.246992e-05	7.979998e-05	7.898017e-05	7.867153e-05	8.919789e-07	4.673083e-07	2.690378e-07	2.178637e-07	2.104127e-07	2.25229e-08
197	0.9308818	0.8676606	0.4852412	0.4773514	0.2919774	0.2749729	0.02085592	0.002798226	0.0001891966	0.0001681476	0.0001640968	9.935284e-05	9.752289e-05	9.690668e-05	9.149687e-05	8.776898e-05	8.717561e-05	8.470138e-05	8.3725e-05	8.272398e-05	8.165033e-05	3.924598e-05	3.873776e-05	3.836416e-05	3.809547e-05	7.427344e-07	4.14817e-07	2.346966e-07	1.879103e-07	1.806929e-07
198	0.8777434	0.8692277	0.8527866	0.4721806	0.464428	0.2756991	0.2585182	0.01813581	0.001199522	0.0001395642	0.0001248341	0.0001217999	6.73257e-05	6.585561e-05	6.538725e-05	6.225676e-05	5.899399e-05	5.852643e-05	5.789208e-05	5.703547e-05	5.620049e-05	5.524281e-05	3.004663e-05	2.971009e-05	2.937082e-05	2.911645e-05	6.260189e-07	3.127561e-07	1.424381e-07	1.145084e-07
199	0.9387087	0.8658781	0.8575222	0.844965	0.4591817	0.4537173	0.2677609	0.2502697	0.01697494	0.0007341208	0.0001097702	9.799488e-05	9.553448e-05	4.597324e-05	4.470341e-05	4.43394e-05	4.325051e-05	4.014831e-05	3.976807e-05	3.930981e-05	3.849771e-05	3.775664e-05	3.701314e-05	2.722487e-05	2.703494e-05	2.682521e-05	2.657703e-05	5.39782e-07	2.316978e-07	6.065225e-08
200	0.9784022	0.9271267	0.8579567	0.8498052	0.837989	0.4526226	0.4471812	0.256707	0.2394603	0.01564434	0.0006627827	0.0001051682	9.389007e-05	9.153046e-05	4.278876e-05	4.154921e-05	4.119917e-05	4.038275e-05	3.728976e-05	3.701849e-05	3.658403e-05	3.582491e-05	3.519671e-05	3.450779e-05	2.676856e-05	2.659636e-05	2.638599e-05	2.614666e-05	5.331133e-07	2.212435e-07
201	0.8718594	0.8539252	0.8033243	0.7351655	0.7272292	0.7156553	0.4455093	0.4400932	0.2448665	0.2285069	0.01488248	0.0006479153	0.0001042764	9.314117e-05	9.08121e-05	4.230363e-05	4.1071e-05	4.072232e-05	3.992142e-05	3.679175e-05	3.6528e-05	3.609515e-05	3.537607e-05	3.477817e-05	3.408251e-05	2.657438e-05	2.64019e-05	2.618705e-05	2.602504e-05	5.403457e-07
202	0.7789085	0.6506117	0.6331906	0.6118889	0.5480403	0.5400385	0.5294761	0.4327572	0.4272671	0.226855	0.2106511	0.01366001	0.0006154288	0.000100358	8.970021e-05	8.747436e-05	4.059608e-05	3.940532e-05	3.906659e-05	3.829694e-05	3.536933e-05	3.511791e-05	3.469876e-05	3.401376e-05	3.344399e-05	3.276787e-05	2.565446e-05	2.548764e-05	2.527267e-05	2.51536e-05
203	0.4330951	0.4283439	0.422289	0.4115629	0.3979267	0.3333611	0.3254203	0.3151772	0.2171324	0.2134585	0.2083043	0.1916753	0.01238948	0.0006041302	0.0001010332	9.038977e-05	8.814411e-05	4.082617e-05	3.962613e-05	3.928372e-05	3.849618e-05	3.549683e-05	3.524008e-05	3.481512e-05	3.411414e-05	3.353187e-05	3.301389e-05	2.575243e-05	2.558464e-05	2.550385e-05
204	0.4161187	0.391901	0.3880141	0.3856846	0.3757389	0.3620219	0.3007057	0.2926283	0.2823605	0.1830598	0.1793261	0.174075	0.1723776	0.01109795	0.000594718	0.0001023292	9.164827e-05	8.93738e-05	4.142716e-05	4.021094e-05	3.986327e-05	3.905699e-05	3.602126e-05	3.575812e-05	3.532625e-05	3.460794e-05	3.401128e-05	3.348019e-05	2.608008e-05	2.590814e-05
205	0.4413521	0.3901843	0.3675392	0.3637803	0.3616654	0.3522232	0.3469712	0.2847349	0.2765563	0.2662788	0.1654556	0.1616788	0.1563535	0.1546211	0.01003855	0.0005847123	0.0001032724	9.259552e-05	9.029941e-05	4.182529e-05	4.059666e-05	4.024623e-05	3.948989e-05	3.642062e-05	3.615474e-05	3.571758e-05	3.499196e-05	3.438917e-05	3.385197e-05	2.636764e-05
206	0.4281811	0.4208437	0.3719921	0.3501751	0.3465274	0.3446137	0.3356662	0.3304058	0.2679354	0.2596501	0.2493261	0.1470939	0.1432729	0.1378706	0.1361701	0.00893295	0.0005761155	0.0001043551	9.368214e-05	9.136671e-05	4.241846e-05	4.117729e-05	4.082218e-05	4.004725e-05	3.690466e-05	3.663197e-05	3.61888e-05	3.544469e-05	3.482654e-05	3.427526e-05
207	0.2930301	0.2572636	0.252482	0.2263248	0.2151144	0.213029	0.2116793	0.2044348	0.2013211	0.1685757	0.164099	0.1560866	0.1049952	0.102881	0.09994581	0.09889207	0.006527748	0.0003832367	5.352728e-05	4.817893e-05	4.711652e-05	2.639425e-05	2.584261e-05	2.564288e-05	2.488348e-05	2.166842e-05	2.138923e-05	2.113902e-05	2.037741e-05	1.974475e-05
208	0.7835331	0.265081	0.2329165	0.2289031	0.2060852	0.1959796	0.1941075	0.1928963	0.1860891	0.1831351	0.1510879	0.1467112	0.138766	0.08870081	0.08664933	0.08377124	0.08296163	0.005536584	0.0003535693	4.982933e-05	4.509933e-05	4.420643e-05	2.54963e-05	2.499336e-05	2.48029e-05	2.402475e-05	2.072222e-05	2.043614e-05	2.019681e-05	1.941437e-05
209	0.7370949	0.7320848	0.2313755	0.204964	0.2033452	0.1832099	0.1737546	0.1721094	0.1710552	0.1647314	0.1620743	0.131949	0.1276157	0.1198563	0.07022046	0.06820991	0.06534926	0.0645944	0.004252977	0.0003280876	4.718991e-05	4.26296e-05	4.178136e-05	2.341323e-05	2.29276e-05	2.274515e-05	2.195821e-05	1.871285e-05	1.842323e-05	1.818506e-05
210	0.7146825	0.7119236	0.707641	0.1948557	0.171679	0.1706028	0.1529631	0.143955	0.1424204	0.141545	0.1357684	0.133095	0.1054835	0.1015313	0.09366173	0.04885532	0.04704204	0.04440368	0.04368118	0.002998597	0.0003206856	4.817746e-05	4.356966e-05	4.270811e-05	2.390131e-05	2.340456e-05	2.321774e-05	2.241491e-05	1.906781e-05	1.877027e-05
211	0.5920453	0.5796566	0.5778336	0.5744011	0.1681017	0.1455498	0.1448551	0.1294418	0.1225311	0.1210858	0.1203678	0.1150842	0.1124114	0.08504464	0.08116932	0.07313728	0.0289974	0.02724211	0.02464316	0.02391393	0.001817916	0.0003180348	4.91691e-05	4.473817e-05	4.385833e-05	2.453825e-05	2.402943e-05	2.384213e-05	2.301651e-05	1.955428e-05
212	0.5422856	0.5335847	0.5237516	0.5221641	0.5194512	0.1349671	0.1174811	0.1169383	0.1030367	0.09669897	0.09549982	0.09516934	0.09423372	0.09172316	0.06835557	0.0652302	0.05765649	0.02102809	0.01975919	0.01763439	0.01695673	0.001379479	0.0002978228	4.746699e-05	4.318915e-05	4.235922e-05	2.335353e-05	2.285527e-05	2.26713e-05	2.190957e-05
213	0.9694637	0.5212678	0.5128081	0.5045891	0.5031954	0.5007918	0.1121908	0.09508608	0.09469957	0.08156929	0.07543249	0.07429121	0.07402545	0.07326534	0.07072408	0.05231307	0.0500452	0.04231794	0.01504209	0.01411259	0.01268139	0.01205937	0.001082284	0.0003015912	4.802274e-05	4.371893e-05	4.287853e-05	2.381425e-05	2.331344e-05	2.312633e-05
214	0.9658772	0.9390839	0.4832816	0.4759444	0.4679817	0.4665991	0.4642123	0.08649178	0.07032206	0.07001424	0.05755762	0.05158492	0.05047118	0.05025566	0.04963811	0.04705748	0.03642435	0.03507215	0.02715717	0.0100643	0.009482562	0.008614464	0.00807651	0.0008437365	0.0002969846	4.86131e-05	4.427853e-05	4.342663e-05	2.432419e-05	2.382114e-05
215	0.886159	0.8545327	0.8286418	0.4504789	0.443613	0.4412346	0.4398871	0.4376652	0.08391656	0.06785544	0.06755214	0.05600231	0.05047742	0.04942505	0.04921693	0.04863003	0.04612164	0.03578732	0.03447775	0.02641511	0.009776427	0.009214515	0.008373687	0.007823372	0.0008302247	0.0002954248	4.643444e-05	4.237225e-05	4.155068e-05	2.393355e-05
216	0.66132	0.6592221	0.6404482	0.6164508	0.3417561	0.3359313	0.3347353	0.3343551	0.3328215	0.04380334	0.02953462	0.02933736	0.02150828	0.01749446	0.01669483	0.01657315	0.01624698	0.0141705	0.01073586	0.01034306	0.008082508	0.003794424	0.003641288	0.003395813	0.00292787	0.0005190418	0.0002704697	3.827575e-05	3.492187e-05	3.421486e-05
217	0.7519188	0.644297	0.642956	0.6250666	0.6003012	0.3183816	0.3125056	0.3113754	0.3110301	0.3096059	0.04061005	0.02645991	0.02626793	0.01956807	0.0160412	0.01531718	0.01520424	0.01491478	0.01292551	0.009822435	0.009474045	0.007300009	0.003497145	0.003365357	0.003148507	0.002672105	0.0005051067	0.0002684158	3.56334e-05	3.25679e-05
218	0.8817745	0.7469985	0.6362144	0.6351541	0.6179042	0.5922499	0.3010536	0.295079	0.293979	0.29366	0.2923205	0.03901067	0.02482619	0.02464134	0.0188677	0.01574052	0.01507672	0.01496804	0.01470179	0.01277379	0.00973234	0.009385494	0.007267809	0.003507091	0.003375617	0.003160305	0.002664386	0.0005023928	0.0002689781	3.355836e-05
219	0.8721754	0.8689973	0.7408163	0.6260357	0.6250093	0.6084093	0.5817572	0.2821076	0.2760234	0.2749576	0.2746673	0.2734201	0.03717134	0.0229481	0.02276167	0.0179984	0.01530776	0.01470963	0.01460556	0.01436445	0.01250293	0.009528133	0.009182659	0.007125967	0.003377859	0.003246615	0.003032825	0.002665419	0.0005074403	0.0002696064
220	0.9699944	0.8453449	0.8423816	0.7168156	0.5996995	0.5987513	0.5827413	0.5728318	0.2608077	0.254626	0.2536558	0.2533945	0.2522361	0.03261693	0.01845928	0.01828287	0.01439867	0.01211295	0.01158149	0.01148816	0.01128746	0.009504694	0.007313245	0.007090094	0.005094124	0.002704699	0.002621722	0.002483983	0.002109867	0.000477558
221	0.9243931	0.9182741	0.7871412	0.7847396	0.6764233	0.5880395	0.5871605	0.5719737	0.5618249	0.2385376	0.2323097	0.2314051	0.2311702	0.2301084	0.02931665	0.01544536	0.01527533	0.01209477	0.01012484	0.009655303	0.009568733	0.009396313	0.007693222	0.005898941	0.00573066	0.003820899	0.002045141	0.001982997	0.001879549	0.001858233
222	0.9755138	0.9148756	0.9084898	0.7704884	0.7682603	0.6648074	0.572882	0.572061	0.5576334	0.5555384	0.2169698	0.2106905	0.2098439	0.2096323	0.2086642	0.02647123	0.01290865	0.01274521	0.01017788	0.008481964	0.008067956	0.007987499	0.007841451	0.006222332	0.004825135	0.004712244	0.002887612	0.001730535	0.001688952	0.001620101
223	0.9174935	0.9150599	0.8550499	0.8483695	0.7021486	0.7001107	0.6020533	0.5639945	0.5632447	0.5496637	0.5477385	0.1922335	0.1859098	0.1851183	0.1849328	0.1840705	0.02302674	0.00986615	0.009711858	0.007801731	0.006386543	0.006033249	0.005960005	0.00584357	0.0043093	0.00342529	0.003384847	0.001657044	0.00131732	0.001302865
224	0.9636704	0.8936901	0.8911867	0.8315938	0.8245751	0.6689987	0.667161	0.5761029	0.5567036	0.5560616	0.5434447	0.5416536	0.1672295	0.160986	0.1602159	0.1600462	0.1592906	0.02135351	0.008987731	0.008842436	0.007070013	0.005710384	0.005383923	0.005312915	0.005205665	0.003771114	0.003045584	0.003017592	0.001412586	0.001200349
225	0.9863991	0.9516593	0.8783976	0.8757648	0.8165341	0.8091069	0.6427792	0.6411309	0.5627665	0.5548977	0.5543422	0.543481	0.541922	0.145542	0.1392403	0.1385128	0.1383607	0.1377024	0.01889746	0.00793369	0.007802499	0.006248798	0.004994455	0.004700043	0.004632071	0.004538253	0.003287729	0.002665355	0.002641393	0.001260169
226	0.4411676	0.438238	0.4265996	0.4182167	0.4174043	0.4007121	0.3934336	0.2147028	0.2132725	0.1490484	0.14307	0.142615	0.1337077	0.1324071	0.1201986	0.1138281	0.1131493	0.1130177	0.1124719	0.01590302	0.006714345	0.006600962	0.005312571	0.004177297	0.003920682	0.00385658	0.003778101	0.002728933	0.002223469	0.002203679
227	0.3747711	0.374294	0.3729992	0.3644236	0.360334	0.3602119	0.3484668	0.3482395	0.155071	0.1539115	0.1069698	0.1025534	0.1022249	0.09569322	0.09470437	0.08575896	0.084865	0.08424516	0.08413664	0.08371899	0.01231528	0.005316661	0.005237726	0.004219252	0.003209004	0.002994466	0.00293452	0.002872405	0.002067259	0.001691101
228	0.3264571	0.3164641	0.3163787	0.3151629	0.3100162	0.3076584	0.3075982	0.3007971	0.300667	0.09054855	0.08971475	0.06236031	0.05976041	0.0595685	0.05574753	0.05516503	0.0499246	0.04940447	0.0492415	0.04916173	0.04889506	0.006997199	0.002974002	0.002927484	0.002306292	0.001956156	0.001798627	0.001745109	0.001707379	0.001227881
229	0.01965247	0.019087	0.01896634	0.01895205	0.01887652	0.01800565	0.01766766	0.01765796	0.01663651	0.01661373	0.01650906	0.01607596	0.01075372	0.01028168	0.01024914	0.009503829	0.009390837	0.00843251	0.008338629	0.008308728	0.008299798	0.008260183	0.0008842221	0.0005345385	0.0005283073	0.0004067949	0.0003506882	0.0003353648	0.0003325157	0.0003255404
230	0.000854981	0.0001306269	0.0001260444	0.0001250675	0.0001249213	0.0001246161	0.0001175946	0.0001148547	0.000114778	0.0001070524	0.0001068808	0.0001061133	0.000105499	8.506884e-05	8.190462e-05	8.175568e-05	7.860871e-05	7.799829e-05	7.131645e-05	7.094059e-05	7.072008e-05	7.062655e-05	7.03035e-05	1.03221e-05	8.918083e-06	8.892319e-06	6.323058e-06	5.148606e-06	4.922959e-06	4.895999e-06
231	0.03933111	0.0002207503	3.392194e-05	3.268742e-05	3.241989e-05	3.239205e-05	3.232232e-05	3.074656e-05	3.001703e-05	2.999529e-05	2.782544e-05	2.778242e-05	2.756173e-05	2.740933e-05	2.289944e-05	2.185617e-05	2.18058e-05	2.107008e-05	2.085873e-05	1.918554e-05	1.909981e-05	1.899712e-05	1.897066e-05	1.889516e-05	5.380485e-06	5.006377e-06	4.990299e-06	4.292092e-06	3.996887e-06	3.946974e-06
232	0.6607945	0.0246932	0.0001383391	2.094091e-05	2.01559e-05	1.997227e-05	1.9953e-05	1.99093e-05	1.912025e-05	1.865731e-05	1.864284e-05	1.720567e-05	1.718066e-05	1.70288e-05	1.693749e-05	1.442681e-05	1.364175e-05	1.360255e-05	1.318253e-05	1.300789e-05	1.204462e-05	1.199955e-05	1.190517e-05	1.188754e-05	1.184761e-05	5.143814e-06	4.905117e-06	4.888678e-06	4.458696e-06	4.293316e-06
233	0.933165	0.7011348	0.01996642	0.0001108095	1.645426e-05	1.581175e-05	1.565614e-05	1.563941e-05	1.560454e-05	1.512382e-05	1.474608e-05	1.473385e-05	1.351445e-05	1.349602e-05	1.336316e-05	1.329296e-05	1.155868e-05	1.083372e-05	1.079618e-05	1.049644e-05	1.032288e-05	9.740213e-06	9.711466e-06	9.611661e-06	9.59671e-06	9.570442e-06	5.548522e-06	5.354327e-06	5.335993e-06	5.000698e-06
234	0.9152595	0.9135844	0.7614226	0.01355107	7.416784e-05	1.034164e-05	9.925782e-06	9.80207e-06	9.788464e-06	9.765247e-06	9.704686e-06	9.443024e-06	9.434206e-06	8.512396e-06	8.503673e-06	8.39601e-06	8.354689e-06	7.75931e-06	7.104557e-06	7.069821e-06	6.946922e-06	6.775888e-06	6.608782e-06	6.605568e-06	6.498554e-06	6.487471e-06	6.480078e-06	6.113852e-06	5.983355e-06	5.962434e-06
235	0.9103181	0.8903335	0.8887131	0.7473623	0.01282047	7.007854e-05	9.702229e-06	9.308874e-06	9.189016e-06	9.175844e-06	9.153854e-06	9.124328e-06	8.876109e-06	8.867689e-06	7.985756e-06	7.977892e-06	7.874179e-06	7.835748e-06	7.336403e-06	6.699327e-06	6.665555e-06	6.557728e-06	6.390701e-06	6.256249e-06	6.254821e-06	6.150133e-06	6.139599e-06	6.133699e-06	6.034236e-06	5.911179e-06
236	0.9968986	0.907706	0.8882344	0.8865608	0.7466139	0.01268995	6.933539e-05	9.579106e-06	9.189774e-06	9.07289e-06	9.059672e-06	9.037806e-06	9.014941e-06	8.769154e-06	8.760801e-06	7.886202e-06	7.878501e-06	7.775373e-06	7.737494e-06	7.259097e-06	6.624535e-06	6.590874e-06	6.4859e-06	6.319635e-06	6.191877e-06	6.190836e-06	6.086612e-06	6.076188e-06	6.070595e-06	6.029194e-06
237	0.9911675	0.9880323	0.8986858	0.879525	0.8777444	0.7395189	0.01261211	6.891905e-05	9.513295e-06	9.126284e-06	9.021186e-06	9.007753e-06	8.985793e-06	8.96294e-06	8.718373e-06	8.710042e-06	7.840594e-06	7.832899e-06	7.730008e-06	7.69229e-06	7.219374e-06	6.58818e-06	6.55451e-06	6.449417e-06	6.284378e-06	6.157308e-06	6.156274e-06	6.054278e-06	6.043908e-06	6.038321e-06
238	0.9710045	0.9699881	0.9670816	0.8811891	0.8624338	0.8610861	0.7253587	0.01241575	6.784388e-05	9.354713e-06	8.973783e-06	8.87083e-06	8.85836e-06	8.837424e-06	8.815558e-06	8.57554e-06	8.567267e-06	7.714511e-06	7.706826e-06	7.605926e-06	7.569165e-06	7.112285e-06	6.490532e-06	6.456798e-06	6.351706e-06	6.190029e-06	6.064739e-06	6.063721e-06	5.964596e-06	5.954591e-06
