#unpaired probabilities
 #i$	l=1	2	3	4	5	6	7	8	9	10	11	12	13	14	15	16	17	18	19	20	21	22	23	24	25	26	27	28	29	30	
1	0.9984031	NA	NA	NA	NA	NA	NA	NA	NA	NA	NA	NA	NA	NA	NA	NA	NA	NA	NA	NA	NA	NA	NA	NA	NA	NA	NA	NA	NA	NA
2	0.9986995	0.9978598	NA	NA	NA	NA	NA	NA	NA	NA	NA	NA	NA	NA	NA	NA	NA	NA	NA	NA	NA	NA	NA	NA	NA	NA	NA	NA	NA	NA
3	0.9985037	0.9978765	0.9970546	NA	NA	NA	NA	NA	NA	NA	NA	NA	NA	NA	NA	NA	NA	NA	NA	NA	NA	NA	NA	NA	NA	NA	NA	NA	NA	NA
4	0.4450569	0.4441084	0.4437277	0.4430831	NA	NA	NA	NA	NA	NA	NA	NA	NA	NA	NA	NA	NA	NA	NA	NA	NA	NA	NA	NA	NA	NA	NA	NA	NA	NA
5	0.2274528	0.1787251	0.1779206	0.1777163	0.1774538	NA	NA	NA	NA	NA	NA	NA	NA	NA	NA	NA	NA	NA	NA	NA	NA	NA	NA	NA	NA	NA	NA	NA	NA	NA
6	0.1195119	0.06195751	0.04871462	0.04809756	0.04800755	0.04793776	NA	NA	NA	NA	NA	NA	NA	NA	NA	NA	NA	NA	NA	NA	NA	NA	NA	NA	NA	NA	NA	NA	NA	NA
7	0.2303975	0.09009047	0.05449819	0.04285415	0.04228835	0.04221185	0.04215781	NA	NA	NA	NA	NA	NA	NA	NA	NA	NA	NA	NA	NA	NA	NA	NA	NA	NA	NA	NA	NA	NA	NA
8	0.4945763	0.2053742	0.07868075	0.0479436	0.03775199	0.03727203	0.03721906	0.03717508	NA	NA	NA	NA	NA	NA	NA	NA	NA	NA	NA	NA	NA	NA	NA	NA	NA	NA	NA	NA	NA	NA
9	0.4830432	0.07285325	0.05155219	0.02259672	0.0142988	0.0114124	0.01137227	0.01136889	0.01136494	NA	NA	NA	NA	NA	NA	NA	NA	NA	NA	NA	NA	NA	NA	NA	NA	NA	NA	NA	NA	NA
10	0.02227259	0.008066769	0.005129115	0.002319234	0.0009067741	0.0005284735	0.0003839853	0.0003565223	0.0003543136	0.0003536374	NA	NA	NA	NA	NA	NA	NA	NA	NA	NA	NA	NA	NA	NA	NA	NA	NA	NA	NA	NA
11	0.005090314	0.0005813406	0.0002153778	0.0001306976	4.69555e-05	1.751269e-05	1.003819e-05	7.066668e-06	6.321469e-06	6.254413e-06	6.234944e-06	NA	NA	NA	NA	NA	NA	NA	NA	NA	NA	NA	NA	NA	NA	NA	NA	NA	NA	NA
12	0.1760386	0.0004726551	3.993646e-05	2.182353e-05	8.072867e-06	3.6417e-06	1.423706e-06	8.307813e-07	5.98222e-07	5.444499e-07	5.281564e-07	5.206938e-07	NA	NA	NA	NA	NA	NA	NA	NA	NA	NA	NA	NA	NA	NA	NA	NA	NA	NA
13	0.05475275	0.008679045	0.0001045883	1.524736e-05	6.234247e-06	3.63635e-06	1.754046e-06	6.771608e-07	3.841452e-07	2.652799e-07	2.296942e-07	2.155968e-07	2.091661e-07	NA	NA	NA	NA	NA	NA	NA	NA	NA	NA	NA	NA	NA	NA	NA	NA	NA
14	0.1912639	0.03676234	0.00485401	8.019537e-05	1.132868e-05	4.236903e-06	2.734886e-06	1.140517e-06	4.252232e-07	2.356023e-07	1.566872e-07	1.297172e-07	1.163176e-07	1.101617e-07	NA	NA	NA	NA	NA	NA	NA	NA	NA	NA	NA	NA	NA	NA	NA	NA
15	0.2792845	0.1033332	0.03513284	0.004797894	7.860967e-05	1.101663e-05	4.092098e-06	2.637178e-06	1.076346e-06	3.985559e-07	2.194513e-07	1.444663e-07	1.181136e-07	1.047649e-07	9.863723e-08	NA	NA	NA	NA	NA	NA	NA	NA	NA	NA	NA	NA	NA	NA	NA
16	0.9102988	0.2728501	0.09988412	0.03438123	0.004781605	7.821947e-05	1.094577e-05	4.056087e-06	2.614003e-06	1.061852e-06	3.924636e-07	2.158023e-07	1.417664e-07	1.156056e-07	1.023107e-07	9.624013e-08	NA	NA	NA	NA	NA	NA	NA	NA	NA	NA	NA	NA	NA	NA
17	0.5917027	0.5715327	0.2276855	0.07675295	0.02739982	0.004377443	6.510507e-05	8.584869e-06	3.209961e-06	2.096799e-06	8.889678e-07	3.325758e-07	1.829688e-07	1.201714e-07	9.782121e-08	8.478404e-08	7.876038e-08	NA	NA	NA	NA	NA	NA	NA	NA	NA	NA	NA	NA	NA
18	0.5448851	0.3841451	0.3560081	0.2137579	0.06949158	0.02317711	0.001280224	6.260208e-05	8.070912e-06	2.916358e-06	1.856474e-06	6.759561e-07	2.45576e-07	1.347806e-07	8.840929e-08	7.191747e-08	7.047266e-08	7.006236e-08	NA	NA	NA	NA	NA	NA	NA	NA	NA	NA	NA	NA
19	0.3108937	0.2877394	0.1957662	0.1747949	0.07346395	0.0380717	0.01198072	0.0006543501	2.318811e-05	4.226158e-06	1.543643e-06	9.922738e-07	3.900478e-07	1.448265e-07	8.263165e-08	5.768774e-08	5.084679e-08	5.010221e-08	4.985326e-08	NA	NA	NA	NA	NA	NA	NA	NA	NA	NA	NA
20	0.1856956	0.1623274	0.1491583	0.1374984	0.1313225	0.04186858	0.02085219	0.007374372	0.0004126594	1.444423e-05	2.601801e-06	9.24437e-07	5.871247e-07	2.035549e-07	7.252856e-08	4.030565e-08	2.704927e-08	2.284246e-08	2.230043e-08	2.21202e-08	NA	NA	NA	NA	NA	NA	NA	NA	NA	NA
21	0.3439179	0.1204904	0.0949898	0.07847927	0.06456905	0.05415554	0.04113447	0.02062479	0.007280133	0.0003930203	1.432419e-05	2.57875e-06	9.128229e-07	5.772864e-07	1.955246e-07	6.925512e-08	3.848413e-08	2.58384e-08	2.185086e-08	2.157389e-08	2.152155e-08	NA	NA	NA	NA	NA	NA	NA	NA	NA
22	0.7457837	0.2840128	0.1073245	0.08355911	0.06771642	0.05498451	0.04496427	0.03266783	0.01897036	0.006698038	0.0003613877	1.31277e-05	2.372964e-06	8.409944e-07	5.325494e-07	1.828951e-07	6.484378e-08	3.610469e-08	2.43187e-08	2.065507e-08	2.040143e-08	2.035409e-08	NA	NA	NA	NA	NA	NA	NA	NA
23	0.4434832	0.4491417	0.124322	0.0193703	0.01538188	0.01306248	0.01052167	0.008464607	0.005898278	0.003408523	0.001205453	6.551051e-05	2.375246e-06	4.288966e-07	1.520299e-07	9.625795e-08	3.303557e-08	1.237755e-08	7.132067e-09	5.046926e-09	4.560008e-09	4.519388e-09	4.507855e-09	NA	NA	NA	NA	NA	NA	NA
24	0.9030417	0.4414227	0.4484504	0.1238067	0.01910033	0.01512316	0.01280852	0.01027564	0.00821797	0.005863208	0.003393605	0.001199979	6.517949e-05	2.364759e-06	4.270197e-07	1.513137e-07	9.576561e-08	3.279663e-08	1.228312e-08	7.077953e-09	5.00909e-09	4.526372e-09	4.489495e-09	4.48011e-09	NA	NA	NA	NA	NA	NA
25	0.5590759	0.50337	0.3761318	0.3905785	0.09200623	0.004938583	0.003794833	0.003119397	0.002176489	0.001402249	0.0008786255	0.0004684653	0.0001641872	8.79539e-06	3.153799e-07	6.105179e-08	2.573567e-08	1.907677e-08	1.183406e-08	4.947684e-09	3.003719e-09	2.274614e-09	2.222211e-09	2.214565e-09	2.21016e-09	NA	NA	NA	NA	NA
26	0.3181318	0.2678427	0.2207159	0.0890273	0.0907543	0.09117842	0.004563079	0.003489	0.002880206	0.001996336	0.001267283	0.0007788171	0.000413709	0.0001449292	7.767291e-06	2.779623e-07	5.413255e-08	2.313718e-08	1.732646e-08	1.104041e-08	4.636432e-09	2.823622e-09	2.146266e-09	2.107537e-09	2.100867e-09	2.096759e-09	NA	NA	NA	NA
27	0.2711836	0.1985371	0.1667519	0.1257644	0.01091339	0.009478969	0.006635282	0.003908722	0.002999735	0.002489478	0.001731477	0.001106937	0.0006573826	0.0003520863	0.0001235342	6.594811e-06	2.346103e-07	4.577662e-08	1.964191e-08	1.472428e-08	9.433513e-09	3.969509e-09	2.422803e-09	1.847096e-09	1.813155e-09	1.806736e-09	1.80226e-09	NA	NA	NA
28	0.270094	0.2186821	0.1814329	0.1529349	0.1218398	0.0100819	0.008879663	0.006258129	0.003605768	0.002871601	0.002394015	0.00166105	0.001058222	0.0006214712	0.0003318742	0.0001164868	6.212609e-06	2.206643e-07	4.314909e-08	1.860631e-08	1.399063e-08	9.038261e-09	3.815923e-09	2.335652e-09	1.787046e-09	1.756297e-09	1.750105e-09	1.745648e-09	NA	NA
29	0.3118591	0.2397583	0.2030091	0.1696286	0.1432228	0.1195948	0.009612335	0.008477994	0.006056135	0.003454955	0.002759327	0.002320387	0.001604299	0.001021871	0.0005949093	0.0003163552	0.0001110788	5.917635e-06	2.099027e-07	4.114443e-08	1.783739e-08	1.346068e-08	8.777265e-09	3.715536e-09	2.278674e-09	1.747777e-09	1.719004e-09	1.712931e-09	1.708531e-09	NA
30	0.7701338	0.2975858	0.2319899	0.1958764	0.1645717	0.1386327	0.115423	0.009491633	0.008377422	0.005973245	0.003406462	0.002717664	0.002282306	0.001582594	0.001004483	0.0005817349	0.0003095746	0.0001086652	5.787929e-06	2.051835e-07	4.028449e-08	1.752297e-08	1.325242e-08	8.689454e-09	3.680938e-09	2.259818e-09	1.735852e-09	1.708751e-09	1.703637e-09	1.699661e-09
31	0.9182384	0.7211425	0.2878908	0.2242607	0.1891315	0.1629178	0.1374795	0.1149134	0.009422849	0.008316072	0.00592029	0.003358412	0.002674548	0.002241543	0.001562457	0.0009898336	0.0005779004	0.0003074921	0.0001079486	5.748496e-06	2.037124e-07	3.997402e-08	1.737092e-08	1.312545e-08	8.591071e-09	3.638231e-09	2.234392e-09	1.716745e-09	1.689852e-09	1.684816e-09
32	0.5405095	0.4859591	0.4295173	0.2581481	0.2115641	0.1776942	0.1562733	0.1315758	0.1111309	0.008961261	0.007871665	0.005507934	0.003074638	0.002403128	0.001972405	0.001307172	0.0007428624	0.0005635031	0.0003000837	0.000105289	5.585396e-06	1.985262e-07	3.889085e-08	1.684993e-08	1.269592e-08	8.261899e-09	3.495803e-09	2.146329e-09	1.64851e-09	1.622536e-09
33	0.5700658	0.3885932	0.3327297	0.2839763	0.1804491	0.1378305	0.1019153	0.0793475	0.05236316	0.03004781	0.007323566	0.006236123	0.003891606	0.002762395	0.002146135	0.001746922	0.001165135	0.0006701825	0.0005053866	0.0002773976	9.735154e-05	5.152481e-06	1.821463e-07	3.549925e-08	1.523787e-08	1.137746e-08	7.266004e-09	3.057357e-09	1.868192e-09	1.426233e-09
34	0.4977493	0.387827	0.2251367	0.1880951	0.1609564	0.08826542	0.06554704	0.04643208	0.03732835	0.02595789	0.01615994	0.005419223	0.00474636	0.002854732	0.002068977	0.00165849	0.001385165	0.0009276953	0.0005420784	0.0004102278	0.0002262827	7.982871e-05	4.191396e-06	1.466821e-07	2.838361e-08	1.203345e-08	8.852504e-09	5.489951e-09	2.327769e-09	1.439712e-09
35	0.5344584	0.3171963	0.2996991	0.1439098	0.1409333	0.123211	0.05799372	0.0414768	0.02781829	0.0230414	0.01744223	0.01149364	0.004604545	0.00411967	0.002380538	0.001720069	0.001393668	0.00117002	0.0007736348	0.000463315	0.0003500378	0.0001868506	6.95213e-05	3.626274e-06	1.258507e-07	2.430212e-08	1.028842e-08	7.530325e-09	4.638782e-09	1.973929e-09
36	0.6582441	0.3744358	0.2998254	0.2856323	0.1373511	0.1347819	0.1176859	0.05523178	0.0396648	0.02623329	0.02171937	0.01655132	0.01097142	0.004359455	0.003915885	0.002219208	0.001595882	0.001293902	0.00108432	0.000713372	0.0004252169	0.0003205756	0.0001666283	5.716199e-05	3.125241e-06	1.166499e-07	2.25083e-08	9.531405e-09	6.960805e-09	4.278874e-09
37	0.4208377	0.3245388	0.3101054	0.2422418	0.2288372	0.08089488	0.07815473	0.06114074	0.04772348	0.03387926	0.02164533	0.01821912	0.01421852	0.009452589	0.004082404	0.003691224	0.002036101	0.001532824	0.001254328	0.001059316	0.0006964729	0.0004149697	0.000315889	0.000163933	5.621683e-05	3.06029e-06	1.133207e-07	2.212677e-08	9.341685e-09	6.800786e-09
38	0.4398323	0.3482502	0.2950118	0.2874386	0.2223685	0.2188057	0.07147055	0.06874089	0.05189165	0.04074093	0.02937726	0.01722851	0.01386762	0.01020057	0.005528118	0.003684976	0.003333432	0.001705984	0.001425493	0.001161375	0.0009737309	0.0006529329	0.0003781995	0.0002889649	0.0001481712	5.063667e-05	2.756561e-06	1.022159e-07	2.01557e-08	8.663786e-09
39	0.4043392	0.3509745	0.3237081	0.2724072	0.2658152	0.2005103	0.1978278	0.05668435	0.05730134	0.04093923	0.02952427	0.01791862	0.01692922	0.01363363	0.01004809	0.005451377	0.003675299	0.003326344	0.001701722	0.00142191	0.001158281	0.0009714627	0.0006510421	0.0003772853	0.0002882944	0.0001477841	5.050183e-05	2.74997e-06	1.018509e-07	1.996252e-08
40	0.6810969	0.3270367	0.2797103	0.2531176	0.2002727	0.1920535	0.1908717	0.1879565	0.04652123	0.04682358	0.03012984	0.01840342	0.0156836	0.01462373	0.01360241	0.01002819	0.005440154	0.003673092	0.003324334	0.001699788	0.001419994	0.001156693	0.0009700638	0.0006502054	0.0003769268	0.0002881018	0.000147672	5.046321e-05	2.747822e-06	1.017666e-07
41	0.3654772	0.3391601	0.0858132	0.06823816	0.05395132	0.03274865	0.02563681	0.02279512	0.02217365	0.02175894	0.02179522	0.02001822	0.009440956	0.007551516	0.007084619	0.006287004	0.004606954	0.002740024	0.001504779	0.001360357	0.001116084	0.0009974575	0.0008190914	0.0007165775	0.0004348537	0.000193316	0.0001526866	6.580077e-05	2.293756e-05	1.254108e-06
42	0.543079	0.2101849	0.1841193	0.074525	0.06044748	0.04879347	0.02966172	0.02370375	0.02123861	0.02070856	0.02039107	0.02050172	0.01884099	0.008677717	0.00702009	0.006643972	0.005930202	0.00435721	0.00257205	0.001426176	0.001299066	0.001071162	0.0009743783	0.0008044018	0.000707072	0.0004283568	0.0001893603	0.0001498593	6.410764e-05	2.224812e-05
43	0.5682657	0.408787	0.1579787	0.1319768	0.06897053	0.05620171	0.04621012	0.02786945	0.02254732	0.02030155	0.01984052	0.01957806	0.01974407	0.01814479	0.008114166	0.006599298	0.006270925	0.005631678	0.004132739	0.00239582	0.001388473	0.001267771	0.001044962	0.000963151	0.0007957071	0.0006998497	0.0004229351	0.0001850234	0.0001468361	6.232307e-05
44	0.5720471	0.4011545	0.2429262	0.1465244	0.120534	0.06086216	0.04816667	0.03805318	0.01955483	0.01551713	0.01309653	0.01242714	0.01194629	0.01187573	0.0100254	0.007782083	0.006268202	0.00593594	0.005368919	0.00386848	0.002127333	0.001383145	0.0012626	0.001039832	0.0009622917	0.0007949575	0.000699156	0.0004225805	0.0001847483	0.0001466489
45	0.5824331	0.5346941	0.3786096	0.2214815	0.133974	0.1078382	0.05748641	0.04506273	0.03518841	0.0171039	0.01397346	0.01185305	0.01125906	0.01085553	0.01086161	0.009105843	0.006973826	0.005746139	0.005497092	0.005134282	0.003716001	0.002043529	0.001372533	0.001252376	0.00102951	0.000951701	0.0007843988	0.0006883917	0.000421112	0.000183889
46	0.4200259	0.4078398	0.3721701	0.2870269	0.1528884	0.09487406	0.08609998	0.04643367	0.03622296	0.02773301	0.01304999	0.01054609	0.008774099	0.008219485	0.00786443	0.007851669	0.006500735	0.004869196	0.003875189	0.003661489	0.003349674	0.002141518	0.001600607	0.001017654	0.0009033192	0.0008188138	0.0007385733	0.0006024954	0.0005240382	0.0003315242
47	0.4464107	0.2054997	0.2034869	0.1921233	0.1593728	0.06554626	0.0418874	0.03824449	0.02480338	0.01873899	0.0131822	0.007063849	0.005235265	0.004198058	0.003705105	0.003426595	0.003334872	0.002939896	0.002402067	0.002018188	0.001847422	0.001712585	0.0009908772	0.0006318621	0.0004015855	0.0003119745	0.0002324639	0.0001746038	0.000138241	0.0001182412
48	0.3174715	0.303628	0.07830519	0.07475561	0.06289241	0.0588288	0.05591046	0.03627438	0.03295078	0.021203	0.01558912	0.01109152	0.00596054	0.004456592	0.003549719	0.003089273	0.002855936	0.002785174	0.002494355	0.0020601	0.00173952	0.00160013	0.001495454	0.0008325919	0.0005453317	0.0003492809	0.0002618313	0.0001940441	0.0001361125	0.0001085722
49	0.8965796	0.3141089	0.3010521	0.07616126	0.07261998	0.06120117	0.05721624	0.05431766	0.03524411	0.03196948	0.02064055	0.01519484	0.01082374	0.005837259	0.004349289	0.003466004	0.003010081	0.002782137	0.002710274	0.002424324	0.002001991	0.001689697	0.001552058	0.001448257	0.0008105216	0.0005322824	0.0003410058	0.0002557449	0.0001892565	0.0001320319
50	0.7767123	0.7021325	0.2948077	0.28602	0.06327365	0.05972587	0.05072723	0.04692112	0.04400067	0.02981278	0.02673597	0.01769426	0.01314343	0.009435544	0.005201646	0.003782258	0.003023903	0.002591892	0.002392571	0.002312867	0.002049919	0.001690808	0.001422528	0.001293057	0.001192416	0.0006953189	0.0004665754	0.0003001772	0.0002259896	0.0001655191
51	0.2783801	0.2526739	0.2421452	0.2259584	0.2292475	0.01423853	0.01099817	0.009226724	0.007992173	0.006624523	0.002884072	0.002829439	0.001928356	0.001652291	0.001462617	0.001262527	0.0008981995	0.0007563394	0.0004582405	0.0004131202	0.0003802146	0.0003213333	0.0002445402	0.0001903236	0.0001545043	0.0001253637	7.513082e-05	4.316362e-05	9.466756e-06	7.630993e-06
52	0.1397556	0.06368335	0.0408793	0.02861753	0.01196518	0.01102694	0.01045713	0.007309785	0.005826682	0.00473563	0.003641992	0.002324063	0.002285223	0.001650217	0.00143517	0.00128778	0.001133831	0.0008131492	0.0006903626	0.0003955099	0.0003540091	0.0003230657	0.0002727811	0.0002098468	0.0001637321	0.0001312364	0.0001045415	6.410697e-05	3.655874e-05	6.817357e-06
53	0.1325094	0.1039037	0.04050696	0.02623534	0.01794212	0.007108495	0.006502034	0.006164895	0.005797103	0.004621276	0.003644037	0.002634101	0.001636354	0.001618703	0.001058194	0.0008984819	0.000802338	0.0007109445	0.0005559926	0.0005005415	0.0002269396	0.0002049225	0.0001907388	0.0001609286	0.0001192279	9.174424e-05	7.53626e-05	6.227724e-05	3.634629e-05	1.988702e-05
54	0.009879364	0.005847081	0.004848736	0.003834724	0.002030159	0.001280188	0.0006575225	0.0006383644	0.0006267039	0.000613331	0.0004837824	0.0003554112	0.0002981593	0.0001975585	0.0001934416	0.0001614473	0.0001343495	0.0001138323	9.959564e-05	5.880631e-05	4.559301e-05	4.205928e-05	3.580528e-05	3.170247e-05	2.716525e-05	2.20873e-05	1.769306e-05	1.391549e-05	1.061558e-05	6.813096e-06
55	0.06757937	0.006121469	0.004095531	0.003488251	0.0028565	0.001363271	0.0009301276	0.0004039656	0.0003948657	0.0003875784	0.0003837697	0.0003758561	0.0002736367	0.0002415614	0.0001611645	0.0001571655	0.0001376124	0.0001251951	0.0001062071	9.360246e-05	5.400852e-05	4.134644e-05	3.792896e-05	3.308358e-05	2.90698e-05	2.497095e-05	2.059378e-05	1.657755e-05	1.293489e-05	9.734436e-06
56	0.4849688	0.04736881	0.004746961	0.003350788	0.002933109	0.002447773	0.00107563	0.0007528553	0.0002918379	0.0002885842	0.0002832239	0.0002834125	0.0002819877	0.0002258798	0.0002051333	0.0001368897	0.0001335003	0.0001192136	0.000108598	9.757964e-05	8.634266e-05	4.928451e-05	3.75248e-05	3.434628e-05	2.975635e-05	2.638431e-05	2.266499e-05	1.877785e-05	1.511773e-05	1.172477e-05
57	0.5864239	0.449741	0.04282994	0.004299396	0.003135129	0.002773741	0.002320282	0.0009778438	0.0006959672	0.0002607107	0.0002582155	0.0002532553	0.0002542503	0.0002535289	0.0001993601	0.0001914013	0.0001270892	0.000124167	0.0001107719	0.0001007706	9.026561e-05	8.200299e-05	4.670258e-05	3.554096e-05	3.252868e-05	2.81113e-05	2.490913e-05	2.143109e-05	1.776275e-05	1.429842e-05
58	0.907623	0.5463851	0.423052	0.02509378	0.00405372	0.002970264	0.002635545	0.002205896	0.0009125195	0.0006601105	0.000251099	0.0002487142	0.0002437902	0.0002446152	0.000243732	0.0001895477	0.000181489	0.0001227087	0.0001200734	0.0001072789	9.726746e-05	8.674136e-05	7.900849e-05	4.634188e-05	3.52439e-05	3.223653e-05	2.782418e-05	2.462408e-05	2.12113e-05	1.763578e-05
59	0.2890432	0.2757808	0.225951	0.2108295	0.01489519	0.002714689	0.002352278	0.002137463	0.001796731	0.0005631351	0.0004147147	0.0001617993	0.0001599617	0.0001572295	0.0001581324	0.0001576671	0.0001068946	0.0001022554	6.721771e-05	6.531027e-05	6.190491e-05	5.585477e-05	4.893554e-05	4.429676e-05	2.613776e-05	2.008274e-05	1.840869e-05	1.53925e-05	1.361124e-05	1.170092e-05
60	0.07544322	0.06713605	0.06253106	0.03010006	0.023806	0.005119758	0.000657031	0.0005207173	0.0004202281	0.0003466922	0.0002959714	0.0002203215	6.654331e-05	6.584158e-05	6.41253e-05	6.41867e-05	6.39406e-05	6.158857e-05	5.935614e-05	3.741407e-05	3.594426e-05	3.38051e-05	3.038584e-05	2.725115e-05	2.439845e-05	1.402224e-05	1.05673e-05	9.607007e-06	8.598948e-06	7.575587e-06
61	0.1595073	0.07452955	0.06649941	0.0619554	0.02963153	0.02341659	0.005060441	0.0006482375	0.0005138153	0.0004153212	0.0003427995	0.0002926447	0.0002187202	6.591162e-05	6.52387e-05	6.354044e-05	6.361612e-05	6.338832e-05	6.107148e-05	5.892045e-05	3.7116e-05	3.565952e-05	3.3543e-05	3.014931e-05	2.704182e-05	2.421437e-05	1.391421e-05	1.048497e-05	9.531872e-06	8.531446e-06
62	0.970971	0.1548435	0.07025423	0.06216588	0.05755631	0.02834991	0.02219403	0.003844679	0.0006455518	0.000512372	0.0004141459	0.0003418121	0.0002918783	0.0002180398	6.581772e-05	6.51492e-05	6.345819e-05	6.353476e-05	6.330968e-05	6.099895e-05	5.885242e-05	3.70829e-05	3.562933e-05	3.352038e-05	3.012894e-05	2.702344e-05	2.420117e-05	1.390652e-05	1.047911e-05	9.526401e-06
63	0.8359881	0.8193234	0.1410431	0.05704752	0.04875164	0.04391684	0.02786922	0.02217802	0.003840797	0.0006444628	0.0005119712	0.0004138138	0.0003415328	0.0002916457	0.0002178624	6.569542e-05	6.502625e-05	6.341978e-05	6.349674e-05	6.327298e-05	6.096598e-05	5.882236e-05	3.706064e-05	3.560739e-05	3.350105e-05	3.011065e-05	2.700603e-05	2.418482e-05	1.389988e-05	1.047377e-05
64	0.8741582	0.8230921	0.8066238	0.136232	0.05227242	0.04391584	0.03900742	0.02751819	0.02206383	0.003835966	0.0006432546	0.0005112583	0.0004132018	0.0003409933	0.0002911515	0.0002174711	6.544552e-05	6.477323e-05	6.334213e-05	6.341914e-05	6.319564e-05	6.089191e-05	5.875136e-05	3.701143e-05	3.555893e-05	3.345544e-05	3.006854e-05	2.69671e-05	2.41487e-05	1.388077e-05
65	0.6425604	0.541459	0.4923885	0.4766165	0.1042133	0.04956656	0.04148265	0.03676935	0.02591576	0.02119386	0.003406769	0.0005697837	0.0004556685	0.0003704742	0.000307884	0.0002737507	0.0002049529	6.103686e-05	6.055043e-05	5.9202e-05	5.930798e-05	5.921543e-05	5.728147e-05	5.540503e-05	3.465617e-05	3.372802e-05	3.204949e-05	2.903693e-05	2.628123e-05	2.38916e-05
66	0.5073312	0.4741097	0.3740741	0.3268886	0.3138242	0.08946194	0.046718	0.03880146	0.03417463	0.02513166	0.02072751	0.003174592	0.0005246631	0.0004200871	0.0003419335	0.0002845546	0.0002586053	0.0001923775	5.856e-05	5.81824e-05	5.687437e-05	5.699373e-05	5.697542e-05	5.523496e-05	5.349578e-05	3.336381e-05	3.271845e-05	3.126934e-05	2.846454e-05	2.590041e-05
67	0.6244242	0.3000138	0.2687021	0.1702302	0.1241288	0.1116376	0.07648315	0.04276914	0.03504612	0.03055273	0.02383606	0.01993583	0.002801577	0.0004736122	0.0003862498	0.0003219634	0.0002747357	0.0002525699	0.0001880361	5.682952e-05	5.677145e-05	5.562418e-05	5.574901e-05	5.591851e-05	5.423321e-05	5.252492e-05	3.26921e-05	3.211487e-05	3.087387e-05	2.817471e-05
68	0.74549	0.5743283	0.2576012	0.2353666	0.1473648	0.1065474	0.09492662	0.06550722	0.03747099	0.03023788	0.02617635	0.02264156	0.01932322	0.002524758	0.000396762	0.0003171929	0.0002591219	0.0002163337	0.0001957034	0.0001372752	4.805014e-05	4.791455e-05	4.681468e-05	4.684182e-05	4.689781e-05	4.527215e-05	4.362276e-05	2.921935e-05	2.870519e-05	2.758461e-05
69	0.7486062	0.7161438	0.5560415	0.2396985	0.2177409	0.1344118	0.09518291	0.09306101	0.06437585	0.03680996	0.02972708	0.02582528	0.02240555	0.01918839	0.00246935	0.0003878016	0.0003101958	0.0002537504	0.0002122245	0.0001921367	0.0001353876	4.672042e-05	4.659286e-05	4.549908e-05	4.552028e-05	4.556792e-05	4.397942e-05	4.236546e-05	2.836978e-05	2.787326e-05
70	0.6292414	0.554927	0.5417668	0.4958825	0.211082	0.2027085	0.1197308	0.08057594	0.07849573	0.05139517	0.02361899	0.01631402	0.0121837	0.00852913	0.005139725	0.002466297	0.0003874201	0.0003099496	0.0002535984	0.0002121359	0.0001920802	0.0001353431	4.669777e-05	4.657272e-05	4.548343e-05	4.550595e-05	4.555673e-05	4.397004e-05	4.235923e-05	2.836435e-05
71	0.5538055	0.5427652	0.4861841	0.4751683	0.4355422	0.1528998	0.1462814	0.08816026	0.06026554	0.0583752	0.03818489	0.01679043	0.01089212	0.0080048	0.005562482	0.003239662	0.001402248	0.000291529	0.0002351734	0.0001959784	0.0001674173	0.0001531073	0.0001146556	3.243877e-05	3.22594e-05	3.132069e-05	3.127776e-05	3.121033e-05	2.999058e-05	2.875036e-05
72	0.3375825	0.3350269	0.3267629	0.3243104	0.3201183	0.2896952	0.01060718	0.007923887	0.007547719	0.006418892	0.005302112	0.0005592259	0.0003261277	0.0002574332	0.0002212058	0.0001845754	0.0001142677	5.801468e-05	1.137144e-05	9.091007e-06	6.804018e-06	4.953897e-06	2.378364e-06	1.789316e-06	8.20881e-07	7.609314e-07	7.288552e-07	7.13128e-07	6.529052e-07	4.739255e-07
73	0.008407816	0.008222607	0.007668423	0.007325549	0.006919833	0.00686432	0.006723336	0.006638742	0.00621753	0.006107607	0.005912373	0.004914006	0.0002679047	0.0001506425	0.0001283274	0.0001093249	9.195771e-05	5.54141e-05	2.794465e-05	4.99196e-06	3.80006e-06	2.913642e-06	2.245513e-06	1.137875e-06	7.846261e-07	3.116428e-07	2.979119e-07	2.939517e-07	2.913269e-07	2.807978e-07
74	0.01366873	0.006442155	0.006372909	0.006095036	0.005846608	0.00548545	0.005450232	0.005360632	0.005304812	0.005242315	0.005137852	0.004946739	0.004901307	0.0002572801	0.0001423629	0.000120623	0.0001069234	9.000641e-05	5.421345e-05	2.732931e-05	4.876431e-06	3.707264e-06	2.83837e-06	2.186731e-06	1.110654e-06	7.63559e-07	3.039417e-07	2.911387e-07	2.875913e-07	2.851431e-07
75	0.998778	0.01363751	0.006431345	0.006362464	0.006090636	0.00584227	0.005483656	0.00544846	0.005358903	0.005303091	0.005240597	0.005136138	0.004945055	0.004899628	0.0002572278	0.000142314	0.0001205761	0.0001068773	8.997789e-05	5.420727e-05	2.732648e-05	4.876021e-06	3.707025e-06	2.838221e-06	2.186643e-06	1.110593e-06	7.635097e-07	3.039111e-07	2.911109e-07	2.875688e-07
76	0.7119939	0.711037	0.005534314	0.001847889	0.001779198	0.001508902	0.001260554	0.0009292004	0.0008940276	0.0008045279	0.0007487315	0.0006862436	0.0005818007	0.0003907871	0.0003453715	0.0002571256	0.000142225	0.0001204937	0.0001067983	8.994253e-05	5.4185e-05	2.731783e-05	4.874718e-06	3.706224e-06	2.837727e-06	2.18637e-06	1.110385e-06	7.633425e-07	3.037885e-07	2.909987e-07
77	0.06637681	0.06622234	0.06615975	0.001594196	0.001031064	0.001006736	0.0008467023	0.0006141365	0.0004674818	0.00045305	0.0004145417	0.0003858582	0.0003377348	0.0003067301	0.0001459402	0.0001231098	8.728583e-05	7.038109e-05	5.755356e-05	5.103567e-05	4.244336e-05	2.500046e-05	1.362069e-05	1.676384e-06	1.144209e-06	7.633767e-07	4.83669e-07	2.996573e-07	2.42562e-07	1.113932e-07
78	0.0747337	0.05824304	0.05813396	0.05807939	0.001214459	0.0007537472	0.0007371186	0.0006812838	0.0005811408	0.0004418789	0.0004288312	0.00039443	0.0003690366	0.0003262191	0.0002991272	0.0001406035	0.000118436	8.323036e-05	6.702169e-05	5.488104e-05	4.869722e-05	4.046744e-05	2.374735e-05	1.301092e-05	1.58801e-06	1.082996e-06	7.243509e-07	4.608322e-07	2.891405e-07	2.356601e-07
79	0.5432308	0.06342213	0.0477468	0.04764539	0.04759366	0.00115924	0.000738104	0.0007219069	0.000667591	0.0005676349	0.0004351275	0.0004224103	0.0003888762	0.0003639168	0.0003213	0.0002950036	0.0001368408	0.0001149475	8.091158e-05	6.56294e-05	5.360787e-05	4.75416e-05	3.958185e-05	2.321362e-05	1.273668e-05	1.534371e-06	1.043132e-06	6.921065e-07	4.339384e-07	2.764732e-07
80	0.2694247	0.1776894	0.03886809	0.02940684	0.02934585	0.02931415	0.0007695793	0.0005442685	0.0005364626	0.0005089114	0.0004123094	0.0003472425	0.0003403629	0.0003221822	0.0003038547	0.0002641398	0.0002461037	9.119202e-05	7.112745e-05	4.315732e-05	3.382298e-05	2.448678e-05	2.110577e-05	1.777324e-05	1.104621e-05	5.117447e-06	7.384782e-07	5.074561e-07	3.213787e-07	1.8611e-07
81	0.3761351	0.226305	0.1630555	0.03646317	0.02755358	0.02749246	0.02746123	0.0007537066	0.0005367346	0.0005289224	0.0005011892	0.0004031515	0.0003417988	0.0003348928	0.0003166139	0.0002980891	0.000257794	0.0002398622	8.252473e-05	6.217407e-05	4.360325e-05	3.420439e-05	2.472382e-05	2.129971e-05	1.793805e-05	1.115228e-05	5.166743e-06	7.423257e-07	5.081031e-07	3.190599e-07
82	0.5501872	0.217374	0.1861426	0.1353059	0.02211145	0.01400234	0.01394301	0.01391344	0.0006690964	0.0005157397	0.0005082259	0.0004812769	0.0003819667	0.0003289609	0.0003222567	0.0003044772	0.0002860324	0.0002452578	0.0002274982	6.766444e-05	4.702438e-05	4.26346e-05	3.351362e-05	2.396228e-05	2.057988e-05	1.730264e-05	1.07591e-05	4.998018e-06	7.111901e-07	4.844636e-07
83	0.3499552	0.2078374	0.186115	0.1689153	0.1238223	0.02074871	0.01322967	0.01317018	0.01314114	0.0006525394	0.0005192974	0.0005118231	0.0004848791	0.0003840532	0.000331917	0.0003252204	0.0003074396	0.0002888336	0.0002474568	0.0002298923	6.747967e-05	4.653135e-05	4.244441e-05	3.376937e-05	2.407915e-05	2.06643e-05	1.736294e-05	1.078956e-05	5.002089e-06	7.079719e-07
84	0.6374975	0.3224385	0.1850112	0.1633341	0.1529242	0.1132983	0.01954428	0.01259804	0.01255764	0.01253758	0.0004904263	0.0003654828	0.0003579988	0.0003309989	0.0003273094	0.0002752495	0.0002685773	0.0002532047	0.0002466754	0.0002436064	0.000232481	6.739653e-05	4.706537e-05	4.303821e-05	3.428583e-05	2.443278e-05	2.096677e-05	1.761214e-05	1.094392e-05	5.079673e-06
85	0.7923376	0.4324177	0.3102597	0.1706853	0.1487891	0.1387622	0.1032273	0.01862123	0.01223096	0.01219018	0.01217054	0.0004832783	0.0003658414	0.0003583258	0.0003310601	0.0003274721	0.0002784072	0.0002716958	0.0002562274	0.0002496802	0.0002466374	0.0002358761	6.803015e-05	4.736712e-05	4.359924e-05	3.478409e-05	2.475839e-05	2.123649e-05	1.782379e-05	1.107713e-05
86	0.6549296	0.6527877	0.310004	0.2481888	0.1113439	0.1036434	0.09899949	0.07378574	0.01364974	0.009016979	0.008982298	0.008965148	0.000270277	0.0001780147	0.0001715034	0.000149155	0.0001459277	9.87851e-05	9.364094e-05	8.046881e-05	7.453573e-05	7.172657e-05	6.349962e-05	6.028583e-05	3.933061e-05	3.591819e-05	2.706695e-05	2.481453e-05	2.12805e-05	1.784012e-05
87	0.6127599	0.5875896	0.586365	0.2428847	0.1861666	0.04782487	0.04044025	0.03678421	0.02882813	0.008342155	0.006511725	0.006477663	0.006463134	0.0001951637	0.0001390045	0.0001329135	0.000111437	0.0001087731	6.584505e-05	6.110351e-05	4.861972e-05	4.310701e-05	4.06196e-05	3.58156e-05	3.373605e-05	3.320349e-05	3.064897e-05	2.554891e-05	2.337681e-05	2.122533e-05
88	0.9001944	0.6182496	0.5928386	0.591619	0.2418779	0.1844287	0.04350634	0.0360317	0.03233584	0.02564381	0.007958662	0.006297558	0.006262979	0.006248426	0.0001934231	0.0001394738	0.0001333165	0.0001115392	0.0001088812	6.562062e-05	6.083026e-05	4.819799e-05	4.263027e-05	4.013183e-05	3.589909e-05	3.400064e-05	3.347275e-05	3.10982e-05	2.597225e-05	2.37671e-05
89	0.853347	0.8520076	0.6106896	0.5861542	0.5850438	0.2320044	0.1771093	0.03411749	0.02698504	0.02341313	0.01912951	0.006769379	0.005444478	0.00541158	0.005398055	0.0001780201	0.0001315665	0.0001257579	0.0001050407	0.000102655	6.183312e-05	5.730876e-05	4.536058e-05	4.012684e-05	3.777222e-05	3.381558e-05	3.201151e-05	3.15172e-05	2.971151e-05	2.483819e-05
90	0.7194746	0.711825	0.7112347	0.5433185	0.5334803	0.5332406	0.1788649	0.1571707	0.01841741	0.01636785	0.01445873	0.01206488	0.004399114	0.003389109	0.003382096	0.003379238	5.298052e-05	3.494819e-05	3.354391e-05	2.938328e-05	2.884548e-05	1.890676e-05	1.792956e-05	1.554232e-05	1.440557e-05	1.363964e-05	1.008383e-05	8.468368e-06	8.020531e-06	6.611341e-06
91	0.8184345	0.6772238	0.6733382	0.6728101	0.5329705	0.5306601	0.5304472	0.1798303	0.1584762	0.0170286	0.01498983	0.01307942	0.01090027	0.00372109	0.002890145	0.002883257	0.0028805	4.749043e-05	3.119765e-05	2.983469e-05	2.579236e-05	2.527764e-05	1.581515e-05	1.491523e-05	1.268291e-05	1.164178e-05	1.103259e-05	8.629308e-06	7.373187e-06	7.029086e-06
92	0.6133199	0.4495778	0.3142135	0.3104045	0.3099016	0.1861397	0.1841643	0.1839655	0.1820706	0.1607007	0.01639281	0.01432165	0.01239007	0.0102824	0.003382867	0.002554772	0.00254779	0.002545013	4.435657e-05	2.895255e-05	2.75794e-05	2.34763e-05	2.296055e-05	1.467694e-05	1.379864e-05	1.160079e-05	1.05958e-05	1.004322e-05	8.100112e-06	7.002384e-06
93	0.2164611	0.2105607	0.2013513	0.1081931	0.1057937	0.1054424	0.019671	0.0182414	0.01811091	0.0166432	0.01139827	0.009583852	0.007826052	0.006012436	0.004266335	0.001979893	0.00180746	0.001802138	0.001800033	3.053105e-05	2.062218e-05	1.963462e-05	1.671404e-05	1.632546e-05	1.018188e-05	9.604973e-06	8.073155e-06	7.431765e-06	7.126305e-06	5.708404e-06
94	0.7164638	0.0951888	0.0906809	0.08244158	0.0773597	0.07507523	0.07481562	0.01538752	0.01435052	0.01425124	0.01353168	0.009004201	0.007374276	0.00567201	0.00386887	0.002563724	0.001466579	0.001385578	0.001380599	0.001378654	2.27744e-05	1.771486e-05	1.682109e-05	1.403919e-05	1.369197e-05	7.986156e-06	7.466544e-06	6.072722e-06	5.521012e-06	5.263632e-06
95	0.08607339	0.08431818	0.06119404	0.0584113	0.05294142	0.05181013	0.05037648	0.05026347	0.008275881	0.007530265	0.007456833	0.007028709	0.004427311	0.003612757	0.003207218	0.003049742	0.001827763	0.001012063	0.0009522842	0.000950228	0.000949369	1.244978e-05	8.802868e-06	8.380629e-06	7.151023e-06	6.991877e-06	4.257308e-06	3.974431e-06	3.250746e-06	2.926858e-06
96	0.05791025	0.04472803	0.04315112	0.03264006	0.0310048	0.02981146	0.02925133	0.02852517	0.02845937	0.004521105	0.00406616	0.004022469	0.003734338	0.002267678	0.001837259	0.001632103	0.001549999	0.001199188	0.0005864132	0.0005421837	0.0005411432	0.0005406289	7.7242e-06	5.310074e-06	5.083796e-06	4.347067e-06	4.251669e-06	2.576828e-06	2.410849e-06	1.973704e-06
97	0.6913212	0.04503206	0.0325177	0.03160177	0.02136248	0.02007776	0.01898881	0.01844838	0.01788944	0.01784984	0.003132555	0.002821109	0.002787851	0.00263963	0.001451336	0.00113361	0.0009708988	0.0009225345	0.000686333	0.0003565339	0.0003312384	0.000330417	0.0003301124	4.691312e-06	3.138083e-06	2.97613e-06	2.549774e-06	2.491978e-06	1.572585e-06	1.467211e-06
98	0.2057749	0.1831916	0.01553865	0.01125361	0.01068811	0.00818914	0.00789165	0.00777478	0.007599011	0.007557646	0.007543253	0.0009420342	0.0008336644	0.0008251456	0.0007796134	0.0005442938	0.0005122294	0.0005002445	0.0004927948	0.000389218	0.0001642658	0.0001473324	0.000147276	0.0001472368	1.189321e-06	5.943358e-07	5.782353e-07	5.340872e-07	5.242175e-07	3.62317e-07
99	0.4924889	0.1036388	0.1031881	0.007702982	0.007181158	0.006624178	0.004205884	0.004030992	0.003951068	0.003774847	0.003748448	0.003740853	0.0004905965	0.0004320484	0.0004271787	0.0004029219	0.0002754478	0.0002500903	0.0002412252	0.0002362394	0.0001872177	8.496481e-05	7.817466e-05	7.813112e-05	7.810787e-05	6.677376e-07	3.66089e-07	3.55837e-07	3.267281e-07	3.205305e-07
100	0.4911687	0.3937336	0.06503964	0.06466782	0.00309322	0.002842899	0.002829432	0.00131211	0.001260043	0.001237314	0.001109953	0.001101046	0.001098631	0.0001985946	0.0001826253	0.0001810837	0.0001704998	0.0001299805	0.0001242232	0.0001200717	0.0001181693	8.697811e-05	2.544605e-05	2.146347e-05	2.144348e-05	2.143152e-05	2.493676e-07	1.3615e-07	1.318543e-07	1.184053e-07
101	0.2357319	0.09767595	0.09642397	0.04311906	0.04297981	0.002322684	0.002090899	0.002080469	0.0005670908	0.0005498726	0.0005413818	0.0004977265	0.000493475	0.0004925595	5.838024e-05	5.135617e-05	5.0863e-05	4.498535e-05	3.339164e-05	3.232881e-05	3.181684e-05	3.130903e-05	2.230901e-05	1.063782e-05	9.876266e-06	9.873741e-06	9.871885e-06	9.344067e-08	5.590809e-08	5.516487e-08
102	0.2205856	0.2087877	0.09436187	0.09324755	0.04329829	0.04315873	0.001896994	0.001749941	0.001739493	0.0003951444	0.0003841199	0.0003768591	0.0003325324	0.0003282925	0.0003276791	4.515863e-05	4.071677e-05	4.039117e-05	3.550783e-05	2.791429e-05	2.704971e-05	2.658905e-05	2.61099e-05	1.746342e-05	6.979965e-06	6.296768e-06	6.294481e-06	6.292777e-06	7.213981e-08	4.744577e-08
103	0.3390252	0.1846568	0.175765	0.0917833	0.09084878	0.04245792	0.04236129	0.001735503	0.001588008	0.001585096	0.0002095644	0.000205045	0.0002005604	0.000158829	0.0001555626	0.0001552641	2.752747e-05	2.576978e-05	2.561912e-05	2.145314e-05	1.797206e-05	1.739881e-05	1.699259e-05	1.656311e-05	1.250397e-05	3.168616e-06	2.561759e-06	2.559726e-06	2.558173e-06	5.272773e-08
104	0.9513385	0.3442377	0.1861735	0.1771349	0.09400282	0.0930515	0.04350127	0.04340237	0.001719255	0.001603354	0.001600395	0.0001879401	0.0001840347	0.0001796098	0.0001367759	0.0001336194	0.0001333593	2.611021e-05	2.462879e-05	2.449505e-05	2.045107e-05	1.734458e-05	1.678755e-05	1.638049e-05	1.596418e-05	1.192877e-05	2.731099e-06	2.134459e-06	2.132453e-06	2.130942e-06
105	0.6153608	0.6152019	0.1816496	0.1779242	0.1769446	0.09520765	0.09515479	0.04442588	0.04442411	0.0017245	0.001605949	0.001604004	0.0001530958	0.0001499464	0.0001469316	0.0001091524	0.0001080992	0.0001078819	2.39762e-05	2.281408e-05	2.270153e-05	1.873214e-05	1.611083e-05	1.565333e-05	1.525644e-05	1.485666e-05	1.102762e-05	2.231827e-06	1.663074e-06	1.661128e-06
106	0.959361	0.6095157	0.6093621	0.1862175	0.1824293	0.1814368	0.09788129	0.09782839	0.04567625	0.0456745	0.001770548	0.001648734	0.00164674	0.000154459	0.000151299	0.0001482243	0.0001093744	0.0001082977	0.0001080834	2.407824e-05	2.291752e-05	2.280477e-05	1.87741e-05	1.612894e-05	1.566295e-05	1.525849e-05	1.485397e-05	1.100349e-05	2.197372e-06	1.628682e-06
107	0.8481192	0.8404815	0.4949298	0.4947867	0.1218222	0.1180139	0.1171147	0.07211781	0.07206642	0.04522661	0.04522489	0.001816758	0.001691532	0.001689489	0.0001551574	0.0001520034	0.0001488756	0.0001089546	0.0001078592	0.000107649	2.407668e-05	2.292074e-05	2.280835e-05	1.871795e-05	1.606708e-05	1.559711e-05	1.518886e-05	1.478114e-05	1.092629e-05	2.155069e-06
108	0.9943901	0.8421032	0.8348625	0.4914671	0.4913293	0.1248812	0.1210016	0.1200859	0.07425362	0.07420216	0.04657588	0.04657416	0.001867825	0.00173967	0.001737571	0.0001568295	0.0001536519	0.0001504545	0.0001093328	0.0001082116	0.0001080036	2.417695e-05	2.302116e-05	2.290836e-05	1.874867e-05	1.606429e-05	1.558512e-05	1.516914e-05	1.475619e-05	1.089403e-05
109	0.9690273	0.9641283	0.8075758	0.8011191	0.469095	0.4689687	0.1278882	0.1239817	0.1230597	0.07650286	0.07645184	0.04799837	0.0479967	0.001917967	0.001789998	0.001787846	0.0001578391	0.0001546425	0.0001513939	0.0001090072	0.0001080763	0.0001078749	2.405861e-05	2.291132e-05	2.279859e-05	1.862261e-05	1.590784e-05	1.542458e-05	1.500128e-05	1.460075e-05
110	0.8258358	0.8229021	0.8182258	0.7109399	0.7052862	0.3863316	0.386225	0.06225401	0.0583065	0.05755268	0.04792137	0.04787194	0.03188436	0.03188273	0.001847078	0.001820985	0.001818775	0.0001375653	0.0001343814	0.0001310716	8.737488e-05	8.645267e-05	8.625767e-05	2.391608e-05	2.278566e-05	2.267387e-05	1.843857e-05	1.571827e-05	1.523166e-05	1.480491e-05
111	0.9175275	0.7891315	0.7887884	0.7845027	0.6764485	0.6714156	0.3603037	0.3602069	0.06230496	0.05832628	0.05774258	0.04920562	0.04916205	0.03275749	0.03275605	0.001882314	0.001865959	0.001863724	0.0001270144	0.0001240071	0.0001206691	7.553573e-05	7.466456e-05	7.449865e-05	1.963544e-05	1.863131e-05	1.853284e-05	1.429421e-05	1.164384e-05	1.115955e-05
112	0.5693089	0.5387299	0.5006219	0.5005877	0.4991589	0.408822	0.4050149	0.3176313	0.3175604	0.04460949	0.04059405	0.04002637	0.03240469	0.03236641	0.03190122	0.03189988	0.0001524393	0.0001358141	0.0001335262	0.0001190922	0.0001161275	0.0001127308	6.606899e-05	6.532008e-05	6.5169e-05	1.862979e-05	1.777452e-05	1.767915e-05	1.340621e-05	1.075393e-05
113	0.751537	0.4226734	0.4152782	0.4067066	0.406676	0.4054204	0.336925	0.333909	0.2635756	0.2635192	0.01273656	0.008645119	0.008073969	0.0009561328	0.0009187085	0.0004899812	0.0004886927	0.0001411098	0.0001241477	0.0001217903	0.0001187016	0.0001157253	0.0001122434	6.392909e-05	6.318465e-05	6.304253e-05	1.832139e-05	1.752604e-05	1.743142e-05	1.310292e-05
114	0.8238816	0.7337491	0.3940436	0.3917219	0.3831462	0.3831175	0.3822016	0.3113305	0.3089443	0.2510553	0.2510096	0.01230981	0.008134453	0.007605159	0.0009040842	0.0008675065	0.0004619862	0.0004607541	0.0001222067	0.0001211403	0.0001187785	0.0001156893	0.000112699	0.0001091205	5.90276e-05	5.826645e-05	5.812983e-05	1.453315e-05	1.37512e-05	1.365677e-05
115	0.4120916	0.4075511	0.3677332	0.3470412	0.3461641	0.3402895	0.3402801	0.3397665	0.2763346	0.2746222	0.2308029	0.2307683	0.007331517	0.006833197	0.006441675	0.000766333	0.0007334846	0.0003823496	0.0003814669	8.693963e-05	8.607191e-05	8.539068e-05	8.242595e-05	7.960385e-05	7.816482e-05	5.096458e-05	5.032385e-05	5.020638e-05	1.255565e-05	1.185344e-05
116	0.5188875	0.3214103	0.3203097	0.2795654	0.2600858	0.2592862	0.2563621	0.2563545	0.256064	0.2271661	0.2262373	0.2015919	0.2015705	0.004187977	0.003787003	0.003486087	0.0004636292	0.0004395337	0.0002335617	0.0002331115	6.318512e-05	6.26849e-05	6.260039e-05	6.003548e-05	5.77403e-05	5.656953e-05	2.83262e-05	2.790295e-05	2.783467e-05	8.169625e-06
117	0.9677246	0.526912	0.3251147	0.3239736	0.2815949	0.2614622	0.2606321	0.2576461	0.2576384	0.2573765	0.2272986	0.2264672	0.2040906	0.2040706	0.00359095	0.003187186	0.002892727	0.0004048539	0.0003819229	0.0002043178	0.0002039278	5.953977e-05	5.911813e-05	5.903945e-05	5.648615e-05	5.424691e-05	5.306361e-05	2.364761e-05	2.321757e-05	2.315835e-05
118	0.4680294	0.4669011	0.3646639	0.1631617	0.1620273	0.1194851	0.1006682	0.09981379	0.0970235	0.09701578	0.09677797	0.0654587	0.06465392	0.04354818	0.04352876	0.002419664	0.00200982	0.001726642	0.0002740436	0.0002525889	0.0001623593	0.0001620435	5.190065e-05	5.160213e-05	5.153346e-05	5.111749e-05	4.897335e-05	4.778187e-05	1.709172e-05	1.666417e-05
119	0.07741545	0.06799246	0.06703702	0.02480814	0.02377427	0.02377103	0.02357785	0.02334195	0.02333733	0.02300746	0.02300588	0.02297756	0.004821082	0.004701202	0.003352772	0.003347802	0.000745733	0.0007336078	0.0006932068	0.0001124143	0.0001054257	6.630536e-05	6.61797e-05	6.981456e-06	6.855625e-06	6.838709e-06	6.688767e-06	6.521457e-06	6.480166e-06	6.473986e-06
120	0.2788784	0.02214086	0.02058462	0.01963112	0.002509687	0.002303352	0.002301853	0.002272381	0.002227176	0.00222508	0.002207639	0.002206136	0.002191006	0.002178504	0.002074845	0.001503311	0.001498575	0.00032313	0.0003195422	0.0002928711	6.261153e-05	5.894773e-05	4.086348e-05	4.080161e-05	2.94186e-06	2.876049e-06	2.865814e-06	2.790691e-06	2.728909e-06	2.715123e-06
121	0.3217768	0.2498352	0.01020717	0.008940871	0.008926614	0.001240878	0.00111675	0.001116385	0.001101377	0.001079067	0.001078201	0.001070692	0.001070621	0.001064455	0.001059172	0.001052655	0.0007772231	0.00077708	0.0001364144	0.0001346546	0.0001125193	3.941684e-05	3.892187e-05	3.014901e-05	3.013266e-05	1.167737e-06	1.128015e-06	1.124274e-06	1.081741e-06	1.062742e-06
122	0.3279109	0.2808226	0.2311907	0.004076963	0.002986779	0.002984301	0.0004483476	0.000428348	0.0004282823	0.0004207261	0.000411304	0.0004111539	0.0004090576	0.0004090454	0.0004077449	0.0004053514	0.0004029905	0.000334493	0.0003344482	5.326083e-05	5.263137e-05	3.23478e-05	2.066764e-05	2.05116e-05	1.937069e-05	1.936716e-05	2.119395e-07	1.981486e-07	1.967797e-07	1.895711e-07
123	0.2591748	0.1129497	0.08711583	0.08356088	0.001643782	0.001268295	0.001266534	0.000312115	0.0003017908	0.0003017452	0.0002963453	0.0002921969	0.0002920922	0.0002909559	0.0002909474	0.0002902329	0.0002885347	0.0002878411	0.0002626725	0.000262656	3.181244e-05	3.132411e-05	1.012536e-05	2.593354e-06	2.453763e-06	1.673185e-06	1.670554e-06	1.523503e-07	1.398358e-07	1.38588e-07
124	0.5143474	0.2276772	0.116871	0.09041738	0.08751895	0.001508372	0.001115434	0.001114065	0.000300625	0.0002915813	0.0002915468	0.0002861647	0.000282298	0.0002822206	0.0002812367	0.0002812304	0.0002807079	0.0002790404	0.0002785266	0.0002601124	0.0002600998	3.058993e-05	3.012076e-05	7.804244e-06	1.936889e-06	1.803664e-06	1.214895e-06	1.212662e-06	1.085592e-07	1.057901e-07
125	0.4554295	0.4542775	0.1831417	0.1163696	0.09427493	0.09200062	0.001320885	0.0009201982	0.0009192659	0.0002637383	0.0002569137	0.000256893	0.000251843	0.0002505233	0.000250477	0.000249893	0.0002498893	0.0002495647	0.000248872	0.0002484799	0.0002362389	0.0002362294	5.848569e-06	5.405502e-06	5.180732e-06	1.120547e-06	1.092554e-06	7.147749e-07	7.136459e-07	6.844155e-08
126	0.2979325	0.2890589	0.2887401	0.02431128	0.003336755	0.001735678	0.001192992	0.0009486373	0.0005253934	0.000524916	2.984535e-05	2.774665e-05	2.773896e-05	2.281143e-05	2.220583e-05	2.219098e-05	2.197665e-05	2.197551e-05	2.18631e-05	2.125432e-05	2.104139e-05	1.474281e-05	1.473802e-05	3.00842e-06	2.577356e-06	2.469667e-06	3.706707e-07	3.557446e-07	1.999392e-07	1.992975e-07
127	0.08748824	0.03427087	0.02784393	0.02777356	0.01399439	0.002433257	0.00104978	0.0006990045	0.0005805605	0.0004777837	0.0004774845	2.019142e-05	1.862368e-05	1.862019e-05	1.842332e-05	1.798323e-05	1.79782e-05	1.782239e-05	1.782204e-05	1.776972e-05	1.71733e-05	1.698715e-05	1.162724e-05	1.162335e-05	1.548692e-06	1.520781e-06	1.457144e-06	1.136438e-07	1.040385e-07	3.884922e-08
128	0.1234767	0.0105553	0.00738065	0.002852947	0.002838765	0.002414222	0.001798114	0.0006951506	0.0005164824	0.0004317589	0.0004314762	0.0004314688	7.260683e-06	6.239671e-06	6.239316e-06	6.211003e-06	6.019023e-06	6.018134e-06	5.962857e-06	5.962768e-06	5.947113e-06	5.62384e-06	5.558641e-06	3.690767e-06	3.689536e-06	9.42198e-08	8.463013e-08	6.377342e-08	5.743274e-09	4.701685e-09
129	0.5820623	0.1185109	0.01060702	0.007574993	0.002726967	0.00271224	0.002272221	0.00163147	0.000544008	0.0005209837	0.0004385401	0.0004382413	0.0004382345	7.082022e-06	6.072292e-06	6.071941e-06	6.043578e-06	5.84649e-06	5.845575e-06	5.789363e-06	5.78927e-06	5.773829e-06	5.426343e-06	5.362731e-06	3.561886e-06	3.560677e-06	8.678648e-08	7.749195e-08	5.526652e-08	5.27942e-09
130	0.4677429	0.404025	0.0100498	0.008719771	0.006289703	0.001513925	0.001498219	0.001031976	0.0003490622	0.0001212297	0.0001034242	1.394455e-05	1.362165e-05	1.361528e-05	7.314487e-06	6.266233e-06	6.265877e-06	6.236459e-06	6.027053e-06	6.026089e-06	5.966717e-06	5.966618e-06	5.950606e-06	5.572077e-06	5.506495e-06	3.663737e-06	3.662486e-06	7.975655e-08	7.014743e-08	4.626069e-08
131	0.4588565	0.3658535	0.3388092	0.005063353	0.004068727	0.001808266	0.001541413	0.001524549	0.001023362	0.0002910673	0.0001186099	0.0001070436	8.983059e-06	8.630799e-06	8.625223e-06	6.820252e-06	6.744171e-06	6.743805e-06	6.712611e-06	6.484825e-06	6.483797e-06	6.419503e-06	6.419396e-06	6.402131e-06	5.986007e-06	5.915189e-06	3.937772e-06	3.936427e-06	6.885641e-08	5.847959e-08
132	0.9100943	0.3774472	0.3143344	0.2854955	0.004152334	0.003289207	0.001498355	0.001365961	0.001351195	0.0009071934	0.0003015165	0.0001279638	0.0001178067	9.090157e-06	8.713433e-06	8.707563e-06	7.092508e-06	7.027703e-06	7.027365e-06	6.994784e-06	6.748259e-06	6.747274e-06	6.678062e-06	6.677955e-06	6.661336e-06	6.200101e-06	6.129876e-06	4.102447e-06	4.101088e-06	6.616351e-08
133	0.9709891	0.915187	0.3391819	0.2690309	0.2370106	0.003178889	0.002371561	0.00122383	0.001113502	0.001102161	0.0007519457	0.0002738929	0.0001420453	0.0001314026	9.329712e-06	8.920579e-06	8.914265e-06	7.419407e-06	7.357436e-06	7.357141e-06	7.322925e-06	7.05334e-06	7.052439e-06	6.977182e-06	6.977077e-06	6.961647e-06	6.444091e-06	6.375612e-06	4.296816e-06	4.295456e-06
134	0.7239983	0.7053716	0.668792	0.2462871	0.1739864	0.169427	0.002347372	0.001621264	0.0008958895	0.0007966833	0.0007900745	0.0005728059	0.0003004948	0.0001604362	0.0001490151	9.670836e-06	9.232934e-06	9.226056e-06	7.897724e-06	7.834201e-06	7.833943e-06	7.81068e-06	7.638679e-06	7.637882e-06	7.593569e-06	7.593469e-06	7.578442e-06	6.990466e-06	6.918195e-06	4.669179e-06
135	0.8351669	0.5753397	0.5625532	0.5318033	0.1470613	0.1214896	0.1169017	0.001351012	0.001029839	0.0005267684	0.0004419949	0.0004384712	0.0003101146	0.0001582749	2.096941e-05	1.072305e-05	9.18953e-06	8.693997e-06	8.686723e-06	7.598801e-06	7.543032e-06	7.542784e-06	7.519893e-06	7.344539e-06	7.343762e-06	7.300365e-06	7.300261e-06	7.286377e-06	6.602055e-06	6.531458e-06
136	0.3473731	0.3149099	0.2575785	0.2495559	0.2351304	0.07563546	0.07262353	0.0716189	0.0008101471	0.000611091	0.0002947257	0.0002380928	0.0002365509	0.0001722048	0.0001008992	1.487351e-05	7.380549e-06	6.23245e-06	6.212818e-06	6.205031e-06	5.443839e-06	5.396587e-06	5.396327e-06	5.382646e-06	5.299396e-06	5.298563e-06	5.271439e-06	5.271323e-06	5.259826e-06	5.253779e-06
137	0.2614003	0.2131348	0.1993813	0.1604374	0.1557478	0.1465854	0.04555522	0.0437196	0.04313229	0.0004758303	0.0003568326	0.0001742907	0.0001372495	0.0001364524	0.0001009485	6.283279e-05	9.330549e-06	4.540708e-06	3.90177e-06	3.890364e-06	3.88904e-06	3.395289e-06	3.356485e-06	3.356328e-06	3.348439e-06	3.29714e-06	3.296316e-06	3.279603e-06	3.279567e-06	3.27148e-06
138	0.4898003	0.1789238	0.1484846	0.1390421	0.115472	0.1118187	0.1054567	0.03522947	0.03385661	0.03345429	0.0003556009	0.0002678786	0.000126601	0.0001020701	0.0001014816	7.528625e-05	4.730461e-05	7.096247e-06	3.331568e-06	2.953599e-06	2.945507e-06	2.944319e-06	2.536659e-06	2.521471e-06	2.52127e-06	2.515338e-06	2.477165e-06	2.476084e-06	2.463623e-06	2.463576e-06
139	0.4884344	0.313265	0.1274575	0.1057837	0.09972109	0.08389941	0.08109868	0.07636706	0.02776801	0.02681411	0.02645022	0.0002733506	0.0002026289	9.157441e-05	7.32317e-05	7.283779e-05	5.448005e-05	3.511675e-05	5.701272e-06	2.551141e-06	2.232045e-06	2.226123e-06	2.225025e-06	1.853796e-06	1.842383e-06	1.842374e-06	1.838123e-06	1.810914e-06	1.810897e-06	1.801957e-06
140	0.6065482	0.3707943	0.234649	0.09151979	0.07464898	0.06993553	0.05798538	0.0566111	0.05348306	0.01350406	0.01274666	0.01240293	0.000163343	0.0001199762	6.884328e-05	5.568985e-05	5.542281e-05	4.203274e-05	2.843695e-05	5.005507e-06	2.132998e-06	1.835765e-06	1.831246e-06	1.83014e-06	1.473488e-06	1.464576e-06	1.464571e-06	1.46149e-06	1.441594e-06	1.441584e-06
