#unpaired probabilities
 #i$	l=1	2	3	4	5	6	7	8	9	10	11	12	13	14	15	16	17	18	19	20	21	22	23	24	25	26	27	28	29	30	
1	0.9997778	NA	NA	NA	NA	NA	NA	NA	NA	NA	NA	NA	NA	NA	NA	NA	NA	NA	NA	NA	NA	NA	NA	NA	NA	NA	NA	NA	NA	NA
2	0.9892229	0.9890121	NA	NA	NA	NA	NA	NA	NA	NA	NA	NA	NA	NA	NA	NA	NA	NA	NA	NA	NA	NA	NA	NA	NA	NA	NA	NA	NA	NA
3	0.999931	0.9891557	0.9889449	NA	NA	NA	NA	NA	NA	NA	NA	NA	NA	NA	NA	NA	NA	NA	NA	NA	NA	NA	NA	NA	NA	NA	NA	NA	NA	NA
4	0.9923947	0.9923308	0.9816659	0.9815078	NA	NA	NA	NA	NA	NA	NA	NA	NA	NA	NA	NA	NA	NA	NA	NA	NA	NA	NA	NA	NA	NA	NA	NA	NA	NA
5	0.9155848	0.914264	0.9143814	0.9040838	0.9040997	NA	NA	NA	NA	NA	NA	NA	NA	NA	NA	NA	NA	NA	NA	NA	NA	NA	NA	NA	NA	NA	NA	NA	NA	NA
6	0.9976123	0.9154758	0.9141471	0.914251	0.9039263	0.9040263	NA	NA	NA	NA	NA	NA	NA	NA	NA	NA	NA	NA	NA	NA	NA	NA	NA	NA	NA	NA	NA	NA	NA	NA
7	0.527443	0.5245121	0.4967331	0.4954965	0.4947248	0.4925912	0.4927089	NA	NA	NA	NA	NA	NA	NA	NA	NA	NA	NA	NA	NA	NA	NA	NA	NA	NA	NA	NA	NA	NA	NA
8	0.9557117	0.5250367	0.5220655	0.4947785	0.4935472	0.4927791	0.4906528	0.4907708	NA	NA	NA	NA	NA	NA	NA	NA	NA	NA	NA	NA	NA	NA	NA	NA	NA	NA	NA	NA	NA	NA
9	0.09592691	0.08858828	0.07027182	0.06961865	0.06717935	0.06699884	0.06688361	0.06663211	0.06664618	NA	NA	NA	NA	NA	NA	NA	NA	NA	NA	NA	NA	NA	NA	NA	NA	NA	NA	NA	NA	NA
10	0.1270391	0.04422686	0.03928174	0.03341274	0.03299537	0.03227862	0.03218783	0.03213344	0.03200211	0.03200797	NA	NA	NA	NA	NA	NA	NA	NA	NA	NA	NA	NA	NA	NA	NA	NA	NA	NA	NA	NA
11	0.3036474	0.120723	0.04226635	0.03751748	0.03189399	0.03156283	0.03087164	0.03079458	0.03074522	0.03061906	0.03062458	NA	NA	NA	NA	NA	NA	NA	NA	NA	NA	NA	NA	NA	NA	NA	NA	NA	NA	NA
12	0.9929485	0.3031444	0.1204486	0.04214191	0.03740037	0.03179567	0.03146435	0.03078265	0.03070575	0.03065643	0.03053036	0.03053651	NA	NA	NA	NA	NA	NA	NA	NA	NA	NA	NA	NA	NA	NA	NA	NA	NA	NA
13	0.07234807	0.07198551	0.01658108	0.008132026	0.003744722	0.003383744	0.002986524	0.002953567	0.002904023	0.002896712	0.002891857	0.002880774	0.002881455	NA	NA	NA	NA	NA	NA	NA	NA	NA	NA	NA	NA	NA	NA	NA	NA	NA
14	0.0004501007	0.0004203469	0.000404837	0.0002279333	0.000109858	5.129668e-05	4.653411e-05	4.11875e-05	4.072862e-05	4.006072e-05	3.996168e-05	3.988826e-05	3.972079e-05	3.972929e-05	NA	NA	NA	NA	NA	NA	NA	NA	NA	NA	NA	NA	NA	NA	NA	NA
15	0.000343248	3.643758e-05	3.584872e-05	3.476098e-05	2.058635e-05	1.02479e-05	4.844128e-06	4.44179e-06	3.939599e-06	3.896133e-06	3.833876e-06	3.825121e-06	3.809956e-06	3.7958e-06	3.796116e-06	NA	NA	NA	NA	NA	NA	NA	NA	NA	NA	NA	NA	NA	NA	NA
16	1.505657e-05	1.168076e-06	3.647134e-07	3.587528e-07	3.460755e-07	3.011118e-07	1.491225e-07	7.139075e-08	6.57516e-08	5.841186e-08	5.778426e-08	5.656409e-08	5.610118e-08	5.590644e-08	5.5526e-08	5.500527e-08	NA	NA	NA	NA	NA	NA	NA	NA	NA	NA	NA	NA	NA	NA
17	4.364538e-05	3.851164e-07	2.899342e-07	1.983663e-07	1.97808e-07	1.908377e-07	1.874766e-07	9.207227e-08	4.419887e-08	4.074954e-08	3.616299e-08	3.570975e-08	3.507523e-08	3.493057e-08	3.478116e-08	3.447898e-08	3.395526e-08	NA	NA	NA	NA	NA	NA	NA	NA	NA	NA	NA	NA	NA
18	8.007593e-05	3.837807e-07	2.944607e-08	2.577397e-08	1.590835e-08	1.5885e-08	9.322645e-09	9.17472e-09	2.775302e-09	1.338534e-09	1.178613e-09	1.046855e-09	1.03483e-09	1.017883e-09	1.015092e-09	1.010134e-09	1.003798e-09	9.996233e-10	NA	NA	NA	NA	NA	NA	NA	NA	NA	NA	NA	NA
19	0.000139649	1.099757e-06	1.472464e-08	1.258851e-08	1.257188e-08	1.121345e-08	1.120492e-08	5.40066e-09	5.32828e-09	8.903577e-10	4.533616e-10	3.733106e-10	3.317437e-10	3.281194e-10	3.227472e-10	3.217885e-10	3.214639e-10	3.191918e-10	3.191936e-10	NA	NA	NA	NA	NA	NA	NA	NA	NA	NA	NA
20	0.03231072	9.469392e-05	9.966303e-07	4.194955e-09	2.445688e-09	2.434861e-09	1.736502e-09	1.728102e-09	1.725887e-09	1.653895e-09	8.340295e-10	4.009743e-10	3.661803e-10	3.253705e-10	3.218294e-10	3.165183e-10	3.155764e-10	3.151929e-10	3.132691e-10	3.132865e-10	NA	NA	NA	NA	NA	NA	NA	NA	NA	NA
21	0.9999999	0.03231071	9.469361e-05	9.965288e-07	4.096466e-09	2.376094e-09	2.365391e-09	1.66738e-09	1.660595e-09	1.658382e-09	1.648164e-09	8.278771e-10	4.009002e-10	3.661093e-10	3.253183e-10	3.217762e-10	3.164752e-10	3.155335e-10	3.151498e-10	3.132255e-10	3.132452e-10	NA	NA	NA	NA	NA	NA	NA	NA	NA
22	0.9999999	0.9999999	0.03231071	9.469203e-05	9.949647e-07	3.855553e-09	2.143348e-09	2.133402e-09	1.642933e-09	1.636163e-09	1.635505e-09	1.625345e-09	8.211815e-10	3.948811e-10	3.649757e-10	3.242316e-10	3.206501e-10	3.15279e-10	3.142197e-10	3.13652e-10	3.125402e-10	3.125635e-10	NA	NA	NA	NA	NA	NA	NA	NA
23	0.9999998	0.9999998	0.9999998	0.03231063	9.468734e-05	9.949633e-07	3.854191e-09	2.142381e-09	2.132442e-09	1.642147e-09	1.635452e-09	1.634795e-09	1.624736e-09	8.208775e-10	3.94759e-10	3.648687e-10	3.24143e-10	3.205625e-10	3.151962e-10	3.141372e-10	3.135698e-10	3.124586e-10	3.124838e-10	NA	NA	NA	NA	NA	NA	NA
24	0.03222298	0.03222284	0.03222283	0.0322228	0.03215204	9.465413e-05	9.949596e-07	3.850593e-09	2.138926e-09	2.128999e-09	1.63908e-09	1.632767e-09	1.63211e-09	1.622056e-09	8.195145e-10	3.942599e-10	3.64438e-10	3.23798e-10	3.202058e-10	3.149766e-10	3.139193e-10	3.133544e-10	3.122477e-10	3.12284e-10	NA	NA	NA	NA	NA	NA
25	0.000183836	9.482941e-05	9.471757e-05	9.471104e-05	9.46819e-05	9.466009e-05	9.413562e-05	9.949471e-07	3.838268e-09	2.127129e-09	2.117211e-09	1.628679e-09	1.622815e-09	1.62216e-09	1.612164e-09	8.149509e-10	3.927383e-10	3.632467e-10	3.2286e-10	3.192988e-10	3.141542e-10	3.131097e-10	3.125546e-10	3.114648e-10	3.115419e-10	NA	NA	NA	NA	NA
26	0.0001239911	1.289278e-06	1.102814e-06	1.038089e-06	1.033134e-06	1.004027e-06	9.97103e-07	9.950826e-07	9.94942e-07	3.833134e-09	2.122097e-09	2.112181e-09	1.623971e-09	1.619319e-09	1.618666e-09	1.608674e-09	8.131281e-10	3.921993e-10	3.628068e-10	3.225608e-10	3.189841e-10	3.139942e-10	3.129502e-10	3.123956e-10	3.113066e-10	3.113843e-10	NA	NA	NA	NA
27	4.33642e-05	1.755733e-07	5.723053e-09	4.567069e-09	2.474617e-09	2.292623e-09	1.792404e-09	1.641752e-09	1.596339e-09	1.593757e-09	1.553554e-09	4.53084e-11	3.917856e-11	2.901703e-11	2.88871e-11	2.873515e-11	2.754613e-11	1.390508e-11	6.768637e-12	6.161534e-12	5.514688e-12	5.483155e-12	5.439244e-12	5.187901e-12	5.173034e-12	5.148463e-12	5.149596e-12	NA	NA	NA
28	1.467698e-05	9.883251e-08	1.942652e-09	1.157134e-09	1.074582e-09	7.238189e-10	6.431127e-10	2.19579e-10	8.652571e-11	4.71404e-11	4.498683e-11	4.221749e-11	3.932716e-11	3.323107e-11	2.466347e-11	2.45507e-11	2.443952e-11	2.326678e-11	1.169026e-11	5.621779e-12	5.091831e-12	4.526113e-12	4.475719e-12	4.404922e-12	4.394182e-12	4.380691e-12	4.359358e-12	4.360321e-12	NA	NA
29	0.0003428937	8.287413e-07	7.93037e-09	1.366024e-09	1.089907e-09	1.013021e-09	6.986387e-10	6.197606e-10	2.118436e-10	7.974144e-11	4.06828e-11	3.855692e-11	3.57949e-11	3.293547e-11	3.288587e-11	2.43901e-11	2.427805e-11	2.419877e-11	2.302678e-11	1.156887e-11	5.562992e-12	5.037361e-12	4.476588e-12	4.426731e-12	4.355596e-12	4.345171e-12	4.338902e-12	4.31775e-12	4.318726e-12	NA
30	0.0005247827	4.120266e-05	1.869736e-07	4.890672e-09	1.245895e-09	1.03239e-09	9.926927e-10	6.88201e-10	6.101496e-10	2.071998e-10	7.610266e-11	3.735532e-11	3.525115e-11	3.451163e-11	3.172701e-11	3.168034e-11	2.387926e-11	2.376807e-11	2.375566e-11	2.258471e-11	1.137084e-11	5.431457e-12	4.982614e-12	4.42899e-12	4.37995e-12	4.30977e-12	4.299422e-12	4.293035e-12	4.273277e-12	4.2743e-12
31	0.07693713	0.0004986839	4.079335e-05	1.861074e-07	4.875727e-09	1.243334e-09	1.030111e-09	9.904221e-10	6.860755e-10	6.093606e-10	2.064239e-10	7.534364e-11	3.728629e-11	3.520776e-11	3.446833e-11	3.168372e-11	3.163705e-11	2.383606e-11	2.372655e-11	2.371413e-11	2.254438e-11	1.135499e-11	5.429227e-12	4.982465e-12	4.428922e-12	4.379887e-12	4.309747e-12	4.299399e-12	4.293012e-12	4.273256e-12
32	0.2921773	0.01765233	0.0003200052	2.655662e-05	1.436422e-07	4.174939e-09	1.169183e-09	1.009666e-09	9.702868e-10	6.660805e-10	6.079936e-10	2.050958e-10	7.409066e-11	3.612357e-11	3.412902e-11	3.338968e-11	3.060508e-11	3.055842e-11	2.275747e-11	2.265195e-11	2.263953e-11	2.250403e-11	1.131723e-11	5.428496e-12	4.982192e-12	4.428725e-12	4.379661e-12	4.309734e-12	4.299386e-12	4.292996e-12
33	0.1829039	0.1807378	0.01621234	0.0002726848	2.539442e-05	1.347786e-07	4.008098e-09	1.146551e-09	9.922265e-10	9.61461e-10	6.60275e-10	6.02315e-10	2.037356e-10	7.273531e-11	3.478215e-11	3.278839e-11	3.208393e-11	2.933904e-11	2.929545e-11	2.262526e-11	2.251974e-11	2.25128e-11	2.23773e-11	1.126946e-11	5.396402e-12	4.979899e-12	4.426287e-12	4.376936e-12	4.306532e-12	4.295458e-12
34	0.2987181	0.1804655	0.1783478	0.01614077	0.0002716163	2.534043e-05	1.345113e-07	3.98786e-09	1.131194e-09	9.769794e-10	9.462217e-10	6.452009e-10	5.87422e-10	1.888584e-10	7.248373e-11	3.472685e-11	3.273688e-11	3.203253e-11	2.928765e-11	2.924407e-11	2.257398e-11	2.246894e-11	2.2462e-11	2.232682e-11	1.124968e-11	5.393616e-12	4.979725e-12	4.426219e-12	4.376876e-12	4.306505e-12
35	0.9301237	0.2634806	0.171832	0.1697361	0.01554094	0.0002691523	2.521496e-05	1.340602e-07	3.947188e-09	1.097731e-09	9.436668e-10	9.129189e-10	6.120029e-10	5.549571e-10	1.564002e-10	6.183727e-11	3.465559e-11	3.269226e-11	3.198794e-11	2.924308e-11	2.919949e-11	2.252953e-11	2.244856e-11	2.244162e-11	2.230644e-11	1.124105e-11	5.391817e-12	4.978827e-12	4.42553e-12	4.37608e-12
36	0.7252153	0.6765545	0.2506926	0.1661046	0.1641107	0.01520358	0.0002664135	2.499083e-05	1.329443e-07	3.923556e-09	1.095126e-09	9.41562e-10	9.108498e-10	6.106843e-10	5.544484e-10	1.559627e-10	6.145185e-11	3.437513e-11	3.244927e-11	3.17454e-11	2.900063e-11	2.895707e-11	2.228766e-11	2.222456e-11	2.221763e-11	2.208245e-11	1.115381e-11	5.37921e-12	4.977555e-12	4.424878e-12
37	0.1924975	0.1404183	0.1309614	0.04834848	0.03199593	0.0316026	0.002935156	5.146084e-05	4.834622e-06	2.569704e-08	7.642828e-10	2.181908e-10	1.887428e-10	1.825909e-10	1.179408e-10	1.066533e-10	3.025816e-11	1.234294e-11	6.645164e-12	6.278744e-12	6.144893e-12	5.623888e-12	5.615606e-12	4.336566e-12	4.324579e-12	4.32326e-12	4.313214e-12	2.163272e-12	1.034639e-12	9.540328e-13
38	0.001666289	0.001643312	0.001387349	0.001256232	0.0006320449	0.0004339501	0.0004266482	4.02487e-05	6.013845e-07	5.665678e-08	2.808483e-10	8.361265e-12	2.633394e-12	2.431778e-12	2.399107e-12	1.980075e-12	1.115904e-12	9.049406e-13	7.879715e-13	6.961694e-14	6.719808e-14	6.676207e-14	6.551065e-14	6.54843e-14	5.960398e-14	5.95525e-14	5.954809e-14	5.95241e-14	2.596388e-14	7.828003e-15
39	0.0004768225	0.0002251458	0.0002219804	0.0002013282	0.0001864185	0.0001186024	8.412354e-05	8.307039e-05	7.859835e-06	1.100577e-07	1.050032e-08	5.170071e-11	1.885067e-12	8.491858e-13	8.168471e-13	8.133156e-13	7.6591e-13	7.472602e-13	7.185066e-13	7.152249e-13	1.312276e-14	1.208967e-14	1.203531e-14	1.196723e-14	1.196354e-14	1.165958e-14	1.165713e-14	1.165594e-14	1.165465e-14	4.620736e-15
40	0.0001248173	6.710304e-06	6.231193e-06	6.174721e-06	4.671448e-06	4.412515e-06	2.187874e-06	1.497869e-06	1.479737e-06	1.388419e-07	2.32345e-09	4.022128e-10	2.709199e-12	7.514369e-13	7.131734e-13	7.061705e-13	7.059117e-13	7.043781e-13	7.039484e-13	7.025989e-13	7.013698e-13	1.181523e-15	2.614862e-16	2.430525e-16	2.331228e-16	2.313469e-16	2.058273e-16	2.054327e-16	2.044061e-16	2.042011e-16
41	0.0005665151	7.843361e-05	5.512682e-06	5.228849e-06	5.183105e-06	3.750726e-06	3.536207e-06	1.605971e-06	1.084884e-06	1.071833e-06	9.999815e-08	1.590973e-09	1.513179e-10	1.733475e-12	4.457531e-14	1.159733e-14	4.957215e-15	4.77665e-15	3.452059e-15	3.116889e-15	1.8015e-15	1.216413e-15	1.114286e-15	2.032572e-16	1.849679e-16	1.751926e-16	1.73424e-16	1.485571e-16	1.482256e-16	1.471993e-16
42	0.01236479	0.0001269785	2.839025e-05	4.332594e-06	4.230602e-06	4.195653e-06	2.885087e-06	2.704955e-06	1.167902e-06	7.925587e-07	7.830268e-07	7.256974e-08	1.192389e-09	1.130482e-10	6.021101e-13	3.894894e-14	9.985031e-15	3.534228e-15	3.37473e-15	2.310293e-15	2.052446e-15	8.194894e-16	2.548018e-16	1.653595e-16	1.588964e-16	1.40872e-16	1.318687e-16	1.301156e-16	1.081787e-16	1.079738e-16
43	0.009163482	0.005925523	6.295592e-05	1.98601e-05	2.518341e-06	2.459106e-06	2.444295e-06	1.816576e-06	1.701735e-06	6.797755e-07	4.580224e-07	4.525883e-07	4.122243e-08	7.064719e-10	6.592934e-11	3.466494e-13	1.036657e-14	2.902417e-15	2.499448e-15	2.398761e-15	1.691609e-15	1.531376e-15	6.337681e-16	1.527582e-16	8.998205e-17	8.544562e-17	8.375548e-17	7.745681e-17	7.735572e-17	6.175436e-17
44	0.00259783	0.001198384	0.0008470335	6.954494e-06	2.077799e-06	5.018117e-07	4.935399e-07	4.913343e-07	3.918042e-07	3.720922e-07	1.777361e-07	1.214328e-07	1.199648e-07	1.137245e-08	1.768021e-10	1.659607e-11	8.470444e-14	2.507738e-15	7.469008e-16	6.728048e-16	6.510483e-16	5.118452e-16	4.583337e-16	3.308389e-16	3.292062e-17	2.138317e-17	2.058035e-17	2.031485e-17	1.936502e-17	1.934901e-17
45	0.9886068	0.002299661	0.001151005	0.0008056272	6.584455e-06	2.016816e-06	4.912501e-07	4.834468e-07	4.813048e-07	3.840437e-07	3.647719e-07	1.74443e-07	1.191529e-07	1.177104e-07	1.116955e-08	1.73592e-10	1.629965e-11	8.316008e-14	2.465781e-15	7.369376e-16	6.643037e-16	6.428136e-16	5.063802e-16	4.538982e-16	3.294648e-16	3.227024e-17	2.095179e-17	2.019536e-17	1.993564e-17	1.900756e-17
46	0.009568732	0.00606192	0.001101803	0.0005825205	0.0003666517	4.910803e-06	1.780212e-06	4.560035e-07	4.487176e-07	4.468857e-07	3.586089e-07	3.408734e-07	1.643099e-07	1.123114e-07	1.10955e-07	1.05357e-08	1.631187e-10	1.533582e-11	7.819142e-14	2.313845e-15	6.913965e-16	6.262459e-16	6.151976e-16	4.92584e-16	4.421234e-16	3.256914e-16	3.034042e-17	1.959794e-17	1.888583e-17	1.864767e-17
47	0.01709263	0.008636415	0.005366576	0.001089723	0.0005767552	0.0003625922	4.879229e-06	1.771525e-06	4.527864e-07	4.456098e-07	4.437835e-07	3.558637e-07	3.382291e-07	1.628811e-07	1.113213e-07	1.099768e-07	1.044291e-08	1.617741e-10	1.520963e-11	7.756328e-14	2.289075e-15	6.792684e-16	6.145032e-16	6.035121e-16	4.81719e-16	4.41722e-16	3.254624e-16	3.016078e-17	1.944598e-17	1.873668e-17
48	0.01790162	0.01591141	0.008379587	0.005269761	0.001083445	0.0005722453	0.0003587561	4.798192e-06	1.744548e-06	4.41414e-07	4.34351e-07	4.32537e-07	3.457225e-07	3.284599e-07	1.578785e-07	1.078793e-07	1.065762e-07	1.012051e-08	1.571264e-10	1.477331e-11	7.543984e-14	2.232767e-15	6.660622e-16	6.025502e-16	5.917583e-16	4.730561e-16	4.368966e-16	3.208797e-16	2.956871e-17	1.892912e-17
49	0.01798643	0.01359272	0.01241451	0.004935236	0.002379282	0.001072986	0.0005688017	0.0003564525	4.656915e-06	1.636983e-06	3.590523e-07	3.523939e-07	3.506062e-07	2.646574e-07	2.488456e-07	1.024541e-07	6.840064e-08	6.756878e-08	6.427039e-09	1.066779e-10	1.003416e-11	5.229597e-14	1.458401e-15	3.563531e-16	3.032559e-16	2.932787e-16	1.923091e-16	1.659568e-16	5.212985e-17	2.261947e-17
50	0.1632098	0.0110779	0.009445272	0.008757611	0.001338183	0.001123649	0.00103366	0.0005543355	0.0003474709	4.492003e-06	1.556703e-06	3.185462e-07	3.122367e-07	3.105015e-07	2.269967e-07	2.121361e-07	7.871733e-08	5.160195e-08	5.097102e-08	4.854646e-09	8.473383e-11	7.97241e-12	4.225089e-14	1.225267e-15	3.280992e-16	2.802853e-16	2.708668e-16	1.79224e-16	1.566499e-16	4.655784e-17
51	0.1480305	0.1419062	0.002167197	0.001482292	0.001150565	0.001102054	0.0009150498	0.0008903798	0.0004695799	0.0002959217	3.802773e-06	1.315508e-06	2.666276e-07	2.619596e-07	2.605006e-07	1.903465e-07	1.77862e-07	6.587766e-08	4.323193e-08	4.270316e-08	4.066616e-09	7.102111e-11	6.682298e-12	3.541204e-14	1.021085e-15	2.689767e-16	2.288602e-16	2.209542e-16	1.44015e-16	1.294417e-16
52	0.9890357	0.1460311	0.1400546	0.001774079	0.001105738	0.0009607662	0.0009124436	0.0008337153	0.0008091453	0.0004173549	0.0002637016	3.366883e-06	1.162923e-06	2.33259e-07	2.29076e-07	2.277941e-07	1.660905e-07	1.551373e-07	5.736731e-08	3.762762e-08	3.716791e-08	3.539918e-09	6.19507e-11	5.829004e-12	3.094004e-14	9.043718e-16	2.471082e-16	2.118976e-16	2.04955e-16	1.378619e-16
53	0.8816122	0.8785829	0.04103551	0.03524708	0.001021968	0.0008025372	0.0007307532	0.0007241579	0.0006731842	0.0006661409	0.0004035015	0.0002546629	3.144224e-06	1.117469e-06	2.217752e-07	2.180397e-07	2.168019e-07	1.575355e-07	1.470637e-07	5.401575e-08	3.54009e-08	3.496823e-08	3.330825e-09	5.85511e-11	5.509345e-12	2.930328e-14	8.603784e-16	2.37165e-16	2.034865e-16	1.968352e-16
54	0.9748864	0.863564	0.8633804	0.02690068	0.02370762	0.0003653104	0.000203412	0.0001445909	0.0001394965	9.052328e-05	8.534617e-05	3.241205e-05	1.961789e-05	3.820659e-07	1.490666e-07	2.072721e-08	2.030877e-08	2.019649e-08	1.488972e-08	1.390944e-08	5.542382e-09	3.687181e-09	3.642156e-09	3.465367e-10	5.845014e-12	5.49842e-13	2.886492e-15	8.187976e-17	2.091113e-17	1.786083e-17
55	0.9771919	0.9743453	0.8633764	0.8632136	0.02676653	0.02362353	0.0003232927	0.0001619849	0.0001039318	0.0001009155	5.206036e-05	4.699409e-05	8.547433e-06	5.124139e-06	1.262791e-07	8.228012e-08	6.796733e-09	6.612004e-09	6.577293e-09	4.997783e-09	4.673915e-09	2.172667e-09	1.481627e-09	1.463554e-09	1.389998e-10	2.184675e-12	2.054203e-13	1.052976e-15	2.792215e-17	5.963883e-18
56	0.9847923	0.973616	0.9709558	0.860517	0.8603635	0.02649521	0.02348803	0.0002799444	0.0001192719	9.059713e-05	8.759902e-05	3.949349e-05	3.445194e-05	6.869726e-07	3.166758e-07	8.065763e-09	4.899902e-09	1.981929e-09	1.872421e-09	1.868117e-09	1.692044e-09	1.585574e-09	1.042415e-09	7.408817e-10	7.318673e-10	6.931016e-11	9.614144e-13	9.032123e-14	4.417494e-16	1.001913e-17
57	0.9872304	0.9842957	0.9731905	0.9706908	0.8604709	0.8603188	0.02645104	0.02344416	0.0002427388	8.534619e-05	5.685516e-05	5.403103e-05	5.953068e-06	9.871243e-07	6.436859e-07	2.84863e-07	7.28691e-09	4.618561e-09	1.815299e-09	1.804968e-09	1.8008e-09	1.632706e-09	1.528396e-09	1.010825e-09	7.195168e-10	7.107593e-10	6.730899e-11	9.323454e-13	8.758692e-14	4.251979e-16
58	0.1182064	0.1171094	0.1166248	0.1055375	0.1030396	0.03049056	0.03033957	0.02493232	0.02339644	0.0002384426	8.485591e-05	5.640185e-05	5.357958e-05	5.505549e-06	6.3296e-07	3.836141e-07	2.362184e-07	6.401662e-09	4.216551e-09	1.581347e-09	1.571831e-09	1.569998e-09	1.506061e-09	1.471298e-09	9.838242e-10	7.010856e-10	6.925697e-10	6.558322e-11	9.062951e-13	8.51386e-14
59	0.0685232	0.02694361	0.02662514	0.02618239	0.02611558	0.02361991	0.02361424	0.02346334	0.02344976	0.02339129	0.0002356359	8.210028e-05	5.506637e-05	5.224474e-05	4.997003e-06	1.448768e-07	7.305258e-08	4.15174e-08	2.190125e-09	1.747301e-09	1.370499e-09	1.364133e-09	1.363412e-09	1.350769e-09	1.325671e-09	9.277751e-10	6.639929e-10	6.559566e-10	6.209979e-11	8.4735e-13
60	0.9849094	0.06599343	0.02524432	0.02495079	0.02463183	0.02456512	0.02361979	0.02361415	0.02346325	0.02344967	0.0233912	0.000235546	8.201124e-05	5.497747e-05	5.223064e-05	4.982944e-06	1.429795e-07	7.183076e-08	4.06036e-08	2.082318e-09	1.65333e-09	1.295193e-09	1.289733e-09	1.289029e-09	1.276868e-09	1.253041e-09	8.767939e-10	6.276487e-10	6.200461e-10	5.870007e-11
61	0.9922637	0.9787846	0.06016157	0.02430797	0.02404285	0.02378008	0.02371341	0.02361962	0.02361402	0.02346312	0.02344955	0.02339108	0.0002354329	8.19006e-05	5.486744e-05	5.221475e-05	4.967076e-06	1.401819e-07	6.984804e-08	3.9106e-08	2.029713e-09	1.632788e-09	1.281425e-09	1.276556e-09	1.27586e-09	1.26413e-09	1.240447e-09	8.663211e-10	6.179448e-10	6.104575e-10
62	0.9961348	0.9893541	0.9783484	0.05987171	0.02407598	0.02381142	0.02356858	0.02350192	0.02346903	0.02346344	0.02346308	0.02344951	0.02339105	0.000235399	8.186684e-05	5.483385e-05	5.221349e-05	4.965817e-06	1.389498e-07	6.913212e-08	3.862511e-08	2.020632e-09	1.629342e-09	1.279715e-09	1.274896e-09	1.274203e-09	1.262594e-09	1.238936e-09	8.650912e-10	6.169973e-10
63	0.02052101	0.0196048	0.01398742	0.01324112	0.001629734	0.0005469928	0.000323338	0.0003195118	0.0002541095	0.0002511152	0.0002500521	0.0002496963	0.0002496041	0.0002494731	0.0002318437	8.044124e-05	5.482751e-05	5.220716e-05	4.96523e-06	1.383675e-07	6.873018e-08	3.839916e-08	2.012542e-09	1.623448e-09	1.27542e-09	1.270605e-09	1.269937e-09	1.260735e-09	1.238689e-09	8.64979e-10
64	0.0175394	0.01549694	0.0148063	0.009199519	0.008496698	0.001315034	0.0003832605	0.0001597694	0.0001579411	0.000101443	9.949237e-05	9.843626e-05	9.808048e-05	9.798898e-05	9.785892e-05	8.023277e-05	8.003891e-05	5.464854e-05	5.202819e-05	4.964616e-06	1.377536e-07	6.831174e-08	3.813297e-08	2.008584e-09	1.621908e-09	1.274872e-09	1.27006e-09	1.269563e-09	1.260432e-09	1.2384e-09
65	0.01459116	0.01253514	0.01180158	0.01112448	0.005540199	0.004863529	0.001122568	0.000247288	2.96179e-05	2.871026e-05	2.834088e-05	2.659297e-05	2.590664e-05	2.555911e-05	2.549468e-05	2.537102e-05	7.744871e-06	7.628939e-06	7.587338e-06	4.966987e-06	4.964509e-06	1.376473e-07	6.82429e-08	3.809029e-08	2.007853e-09	1.621552e-09	1.274674e-09	1.269863e-09	1.269471e-09	1.260351e-09
66	0.008867614	0.008313119	0.007852902	0.007420204	0.006803411	0.001481909	0.001191163	0.0008554576	0.0002026186	2.485982e-05	2.446773e-05	2.43621e-05	2.33382e-05	2.267609e-05	2.23525e-05	2.229141e-05	2.217125e-05	4.545188e-06	4.429264e-06	4.388137e-06	4.381835e-06	4.380036e-06	1.332097e-07	6.650702e-08	3.640232e-08	4.76831e-10	1.402821e-10	5.194466e-11	5.145558e-11	5.128432e-11
67	0.009707035	0.007469983	0.007459205	0.007247483	0.007144408	0.006578497	0.00126415	0.0009820328	0.0008242379	0.0001956349	1.935148e-05	1.902897e-05	1.892906e-05	1.882571e-05	1.824073e-05	1.808552e-05	1.803155e-05	1.791733e-05	2.913311e-07	1.754078e-07	1.342904e-07	1.314702e-07	1.296828e-07	1.261877e-07	6.39072e-08	3.384145e-08	3.504332e-10	1.02513e-10	2.98125e-11	2.94988e-11
68	0.01363444	0.00785569	0.007221037	0.007215836	0.007169942	0.007133203	0.006571876	0.001257956	0.0009763431	0.0008232347	0.0001951393	1.889317e-05	1.857841e-05	1.848033e-05	1.840577e-05	1.802636e-05	1.802542e-05	1.797245e-05	1.785952e-05	2.338789e-07	1.17962e-07	7.684506e-08	7.411096e-08	7.232407e-08	7.226708e-08	6.330261e-08	3.344751e-08	3.443742e-10	1.003927e-10	2.921185e-11
69	0.01146555	0.003845859	0.002062353	0.001619624	0.001615724	0.001579755	0.001567027	0.001053193	0.001036843	0.0008670576	0.0008045661	0.0001771687	1.005149e-06	8.033135e-07	7.07064e-07	6.495433e-07	2.907724e-07	2.899487e-07	2.62483e-07	2.134595e-07	2.093649e-07	9.410148e-08	5.304359e-08	5.030963e-08	4.859343e-08	4.853662e-08	3.964216e-08	3.335342e-08	3.429957e-10	9.984101e-11
70	0.9947141	0.006539418	0.003211382	0.001542132	0.001108761	0.0011052	0.00108495	0.001073005	0.001042553	0.001028157	0.0008601986	0.0008037073	0.0001768449	8.072521e-07	6.113877e-07	5.16964e-07	4.637734e-07	1.554491e-07	1.547522e-07	1.322145e-07	9.102062e-08	8.701845e-08	8.686641e-08	4.587573e-08	4.314531e-08	4.26387e-08	4.258692e-08	3.558295e-08	3.077076e-08	3.06667e-10
71	0.01056426	0.006630659	0.001440205	0.0008633873	0.0007755964	0.0007568616	0.0007562356	0.0007398868	0.0007322413	0.000707131	0.0006992578	0.0006863594	0.0006313918	4.795797e-06	3.952071e-07	2.836025e-07	2.622172e-07	2.460533e-07	7.295804e-08	7.249001e-08	5.528291e-08	2.79559e-08	2.761888e-08	2.759378e-08	2.353341e-08	2.081534e-08	2.072364e-08	2.067304e-08	1.422548e-08	1.01562e-08
72	0.005137437	0.004907297	0.0009970574	0.000698624	0.0001384878	0.0001089505	9.500384e-05	9.451393e-05	8.176888e-05	7.827547e-05	5.350911e-05	4.750191e-05	3.757548e-05	7.128486e-06	4.375249e-06	2.991403e-07	2.741408e-07	2.549029e-07	2.403456e-07	6.952746e-08	6.906704e-08	5.205649e-08	2.505136e-08	2.471846e-08	2.469349e-08	2.063677e-08	2.026523e-08	2.017895e-08	2.015085e-08	1.400154e-08
73	0.001225294	0.0007063544	0.0006981399	0.0004852265	0.0002219145	0.0001102927	9.606843e-05	8.32823e-05	8.293966e-05	7.182722e-05	6.857101e-05	4.506243e-05	3.96069e-05	3.209843e-05	3.413e-06	8.34541e-07	2.623033e-07	2.391756e-07	2.219855e-07	2.08819e-07	5.81183e-08	5.770935e-08	4.256702e-08	1.851068e-08	1.823162e-08	1.821778e-08	1.819504e-08	1.782486e-08	1.780477e-08	1.777843e-08
74	0.001494178	0.0006634283	0.0003376719	0.0003347012	0.000244599	9.637919e-05	6.090531e-05	5.089546e-05	3.95364e-05	3.927109e-05	3.047994e-05	2.932459e-05	1.646369e-05	1.355103e-05	1.019044e-05	1.322554e-06	4.124621e-07	1.897219e-07	1.800326e-07	1.651939e-07	1.574352e-07	4.119094e-08	4.086837e-08	3.046757e-08	1.397661e-08	1.377331e-08	1.376109e-08	1.37422e-08	1.373362e-08	1.371866e-08
75	0.1899495	0.001464911	0.0006571256	0.0003330225	0.0003301093	0.0002420589	9.537335e-05	6.047482e-05	5.053126e-05	3.919264e-05	3.89284e-05	3.016646e-05	2.90284e-05	1.620455e-05	1.332408e-05	1.000744e-05	1.303215e-06	4.078552e-07	1.884085e-07	1.788246e-07	1.640494e-07	1.56367e-07	4.084689e-08	4.052612e-08	3.021734e-08	1.387309e-08	1.367134e-08	1.365991e-08	1.365394e-08	1.364545e-08
76	0.9868052	0.1893683	0.001453348	0.0006474163	0.000323592	0.0003210114	0.0002404687	9.509752e-05	6.028888e-05	5.035629e-05	3.902078e-05	3.876109e-05	3.008481e-05	2.895345e-05	1.615776e-05	1.328317e-05	9.97421e-06	1.299563e-06	4.069794e-07	1.881128e-07	1.78598e-07	1.638272e-07	1.561601e-07	4.078581e-08	4.046597e-08	3.017307e-08	1.385409e-08	1.365263e-08	1.36412e-08	1.363524e-08
77	0.9936987	0.9861512	0.1892436	0.001452077	0.0006468718	0.0003231104	0.0003205318	0.0002400226	9.472367e-05	6.026742e-05	5.033843e-05	3.900374e-05	3.874411e-05	3.007042e-05	2.893976e-05	1.614746e-05	1.32743e-05	9.967207e-06	1.298765e-06	4.067595e-07	1.880265e-07	1.785167e-07	1.637542e-07	1.560907e-07	4.07604e-08	4.044066e-08	3.015241e-08	1.384082e-08	1.363943e-08	1.363529e-08
78	0.998814	0.9925266	0.9850095	0.1889016	0.001441045	0.0006364626	0.0003141082	0.0003115719	0.0002310642	8.585598e-05	6.021529e-05	5.029518e-05	3.896209e-05	3.87025e-05	3.003012e-05	2.890049e-05	1.611901e-05	1.324788e-05	9.943381e-06	1.284685e-06	3.935539e-07	1.750161e-07	1.655124e-07	1.636783e-07	1.560193e-07	4.073015e-08	4.041052e-08	3.01276e-08	1.382452e-08	1.362323e-08
79	0.9931703	0.992839	0.9865548	0.9795175	0.1881044	0.001056343	0.0006307422	0.0003085412	0.0003062099	0.0002307957	8.578034e-05	6.014426e-05	5.022837e-05	3.889799e-05	3.865122e-05	2.998558e-05	2.885885e-05	1.607913e-05	1.321117e-05	9.910658e-06	1.276631e-06	3.929884e-07	1.748202e-07	1.653255e-07	1.634938e-07	1.559543e-07	4.068858e-08	4.039779e-08	3.011736e-08	1.381822e-08
80	0.994059	0.990971	0.9906494	0.9843664	0.9776924	0.1863455	0.000810297	0.0003848889	0.0002946851	0.0002923702	0.000216956	7.194734e-05	4.64598e-05	4.023218e-05	3.886799e-05	3.862121e-05	2.995565e-05	2.8829e-05	1.604981e-05	1.32024e-05	9.908666e-06	1.275337e-06	3.917578e-07	1.74704e-07	1.652097e-07	1.633803e-07	1.558411e-07	4.067585e-08	4.038507e-08	3.011289e-08
81	0.9922428	0.991526	0.9885551	0.9882016	0.9813625	0.9752952	0.1857176	0.0007927418	0.0003724353	0.0002866691	0.0002845638	0.0002093071	7.501105e-05	4.766024e-05	4.191963e-05	4.064945e-05	4.046182e-05	3.103864e-05	2.99311e-05	1.587873e-05	1.319252e-05	1.004172e-05	1.244831e-06	3.672235e-07	1.551753e-07	1.462967e-07	1.44541e-07	1.375988e-07	3.65162e-08	3.625987e-08
82	0.9902046	0.9836103	0.9829216	0.9796342	0.9794009	0.9784793	0.9731514	0.1851643	0.0007796762	0.0003656458	0.0002852613	0.0002833642	0.0001998414	7.881338e-05	4.918366e-05	4.403678e-05	4.287993e-05	4.279662e-05	3.237103e-05	3.129608e-05	1.568705e-05	1.319612e-05	1.021781e-05	1.208581e-06	3.373032e-07	1.311864e-07	1.232096e-07	1.215427e-07	1.153341e-07	3.143949e-08
83	0.9909962	0.9872016	0.9799106	0.9792537	0.9766087	0.9763465	0.97531	0.971781	0.184649	0.0007674834	0.0003575836	0.0002839875	0.0002821122	0.0001881622	8.370162e-05	5.126074e-05	4.686836e-05	4.585478e-05	4.57643e-05	3.406361e-05	3.301458e-05	1.546051e-05	1.321759e-05	1.045682e-05	1.164702e-06	2.996557e-07	1.009022e-07	9.389522e-08	9.23797e-08	8.709639e-08
84	0.9841449	0.9813557	0.9772483	0.9750874	0.9748125	0.9718022	0.9718019	0.9718015	0.9695983	0.1838235	0.0006317063	0.0002275124	0.0001625985	0.0001609331	0.0001608431	7.762197e-05	4.153055e-05	3.810405e-05	3.727473e-05	3.724103e-05	3.621613e-05	3.522225e-05	1.516648e-05	1.324153e-05	1.075943e-05	1.108525e-06	2.51445e-07	6.214594e-08	5.63806e-08	5.501404e-08
85	0.996413	0.982	0.9792203	0.9747667	0.9725172	0.9723142	0.9689219	0.9689217	0.9689214	0.9678027	0.1831309	0.0005936274	0.0001944261	0.0001407248	0.0001391083	0.000139017	8.405286e-05	4.310094e-05	4.10301e-05	4.03118e-05	4.027527e-05	3.911548e-05	3.816762e-05	1.478478e-05	1.331698e-05	1.12048e-05	1.06104e-06	2.112818e-07	3.287733e-08	2.873634e-08
86	0.9845112	0.9812549	0.9742163	0.9714588	0.9674603	0.9664376	0.9663036	0.9654816	0.9654815	0.9654814	0.964811	0.1823908	0.000495881	9.979479e-05	5.558612e-05	5.402825e-05	5.392915e-05	2.064185e-05	1.993599e-05	1.824673e-05	1.748945e-05	1.744766e-05	1.610135e-05	1.516618e-05	1.500329e-05	1.360522e-05	1.177648e-05	1.033608e-06	1.89826e-07	2.054626e-08
87	0.9832298	0.9790664	0.9761192	0.9689509	0.9662057	0.9627455	0.9621479	0.9620593	0.9613325	0.9613325	0.9613324	0.9612499	0.1815333	0.000443793	5.15615e-05	2.15504e-05	2.001508e-05	1.990522e-05	1.884265e-05	1.878859e-05	1.840876e-05	1.760036e-05	1.755066e-05	1.592432e-05	1.500633e-05	1.490863e-05	1.40485e-05	1.264451e-05	9.944465e-07	1.583069e-07
88	0.9768877	0.9741237	0.9700746	0.96717	0.9597266	0.9570008	0.9554065	0.9550384	0.9549512	0.9545415	0.9545414	0.9545414	0.9544847	0.1802532	0.000438214	5.018685e-05	2.17954e-05	2.037232e-05	2.024228e-05	1.967446e-05	1.961916e-05	1.925144e-05	1.822675e-05	1.816394e-05	1.613084e-05	1.518132e-05	1.50628e-05	1.405416e-05	1.256901e-05	9.839079e-07
89	0.9901635	0.967973	0.9662169	0.9628941	0.9600057	0.9538824	0.95117	0.9502503	0.9499499	0.9498631	0.9498039	0.9498038	0.9498038	0.9497873	0.1793676	0.0004360697	4.947586e-05	2.36855e-05	2.224651e-05	2.207524e-05	2.152169e-05	2.150388e-05	2.112154e-05	1.965473e-05	1.956556e-05	1.671068e-05	1.568433e-05	1.554543e-05	1.422143e-05	1.255477e-05
90	0.998454	0.9890654	0.966107	0.9643459	0.9610348	0.9581476	0.9521766	0.9494687	0.9485881	0.9483413	0.9482545	0.9482342	0.9482341	0.9482341	0.9482298	0.1790833	0.000435514	5.106282e-05	2.511542e-05	2.364599e-05	2.347144e-05	2.290322e-05	2.288383e-05	2.247839e-05	2.050293e-05	2.038777e-05	1.74791e-05	1.638769e-05	1.620754e-05	1.451874e-05
