#unpaired probabilities
 #i$	l=1	2	3	4	5	6	7	8	9	10	11	12	13	14	15	16	17	18	19	20	21	22	23	24	25	26	27	28	29	30	
1	0.9978909	NA	NA	NA	NA	NA	NA	NA	NA	NA	NA	NA	NA	NA	NA	NA	NA	NA	NA	NA	NA	NA	NA	NA	NA	NA	NA	NA	NA	NA
2	0.9965081	0.9964912	NA	NA	NA	NA	NA	NA	NA	NA	NA	NA	NA	NA	NA	NA	NA	NA	NA	NA	NA	NA	NA	NA	NA	NA	NA	NA	NA	NA
3	0.2167011	0.2151737	0.2151593	NA	NA	NA	NA	NA	NA	NA	NA	NA	NA	NA	NA	NA	NA	NA	NA	NA	NA	NA	NA	NA	NA	NA	NA	NA	NA	NA
4	0.001215678	0.001160706	0.001032033	0.001017642	NA	NA	NA	NA	NA	NA	NA	NA	NA	NA	NA	NA	NA	NA	NA	NA	NA	NA	NA	NA	NA	NA	NA	NA	NA	NA
5	0.003728952	0.0007401702	0.0007062425	0.0005792392	0.00057754	NA	NA	NA	NA	NA	NA	NA	NA	NA	NA	NA	NA	NA	NA	NA	NA	NA	NA	NA	NA	NA	NA	NA	NA	NA
6	0.004302975	0.002138086	0.0001692188	0.0001387665	0.0001343546	0.0001340869	NA	NA	NA	NA	NA	NA	NA	NA	NA	NA	NA	NA	NA	NA	NA	NA	NA	NA	NA	NA	NA	NA	NA	NA
7	0.002892199	0.002301605	0.002001155	5.381063e-05	4.796986e-05	4.616331e-05	4.601521e-05	NA	NA	NA	NA	NA	NA	NA	NA	NA	NA	NA	NA	NA	NA	NA	NA	NA	NA	NA	NA	NA	NA	NA
8	0.9994505	0.002729461	0.002139152	0.001989804	4.446e-05	3.864121e-05	3.731791e-05	3.7182e-05	NA	NA	NA	NA	NA	NA	NA	NA	NA	NA	NA	NA	NA	NA	NA	NA	NA	NA	NA	NA	NA	NA
9	0.0002642801	0.0002617852	5.411625e-06	3.690457e-06	3.100818e-06	5.390916e-07	5.213666e-07	5.153866e-07	5.146342e-07	NA	NA	NA	NA	NA	NA	NA	NA	NA	NA	NA	NA	NA	NA	NA	NA	NA	NA	NA	NA	NA
10	3.368442e-05	1.860894e-06	1.772542e-06	2.240441e-07	2.080911e-07	1.950906e-07	1.744168e-07	1.736965e-07	1.722513e-07	1.718631e-07	NA	NA	NA	NA	NA	NA	NA	NA	NA	NA	NA	NA	NA	NA	NA	NA	NA	NA	NA	NA
11	0.00026801	2.831225e-06	2.806431e-07	2.334515e-07	1.370339e-07	1.343969e-07	1.271503e-07	1.237641e-07	1.232889e-07	1.221675e-07	1.217941e-07	NA	NA	NA	NA	NA	NA	NA	NA	NA	NA	NA	NA	NA	NA	NA	NA	NA	NA	NA
12	0.0008201171	1.150862e-05	1.572231e-06	1.807063e-07	1.420133e-07	1.251154e-07	1.23175e-07	1.161368e-07	1.141816e-07	1.137434e-07	1.126286e-07	1.124011e-07	NA	NA	NA	NA	NA	NA	NA	NA	NA	NA	NA	NA	NA	NA	NA	NA	NA	NA
13	0.001795151	1.8154e-05	4.121911e-06	1.421136e-06	1.646592e-07	1.282026e-07	1.200927e-07	1.182569e-07	1.112661e-07	1.098342e-07	1.094078e-07	1.08295e-07	1.081129e-07	NA	NA	NA	NA	NA	NA	NA	NA	NA	NA	NA	NA	NA	NA	NA	NA	NA
14	0.3438643	0.0008339068	1.173028e-05	1.702561e-06	1.308575e-06	1.590033e-07	1.230967e-07	1.163524e-07	1.145272e-07	1.07543e-07	1.062105e-07	1.057844e-07	1.046717e-07	1.045272e-07	NA	NA	NA	NA	NA	NA	NA	NA	NA	NA	NA	NA	NA	NA	NA	NA
15	0.7095929	0.05469103	0.0002242816	9.982404e-06	9.753127e-07	6.514978e-07	1.46769e-07	1.120177e-07	1.079282e-07	1.061119e-07	9.916426e-08	9.865792e-08	9.823205e-08	9.711943e-08	9.710735e-08	NA	NA	NA	NA	NA	NA	NA	NA	NA	NA	NA	NA	NA	NA	NA
16	0.0263331	0.0218154	0.006813636	3.003896e-05	9.143199e-06	9.180028e-07	6.435143e-07	1.41276e-07	1.067847e-07	1.034178e-07	1.016473e-07	9.473164e-08	9.423386e-08	9.382303e-08	9.27224e-08	9.271035e-08	NA	NA	NA	NA	NA	NA	NA	NA	NA	NA	NA	NA	NA	NA
17	0.006932687	0.005439442	0.004546555	0.002560387	7.680268e-06	1.501193e-06	2.000927e-07	1.805625e-07	4.242766e-08	4.120127e-08	3.899866e-08	3.73259e-08	3.68433e-08	3.644055e-08	3.603612e-08	3.600776e-08	3.600623e-08	NA	NA	NA	NA	NA	NA	NA	NA	NA	NA	NA	NA	NA
18	0.002027217	0.001892788	0.001878259	0.00170855	0.001615775	3.690159e-06	5.309918e-07	2.302211e-08	8.512704e-09	6.198014e-09	5.91582e-09	5.332753e-09	4.854757e-09	4.827094e-09	4.714104e-09	4.523201e-09	4.514344e-09	4.513728e-09	NA	NA	NA	NA	NA	NA	NA	NA	NA	NA	NA	NA
19	0.005909281	0.001635899	0.00159731	0.001591104	0.001536215	0.001504715	3.272445e-06	5.255257e-07	2.093444e-08	6.624312e-09	5.205502e-09	4.939088e-09	4.732101e-09	4.267919e-09	4.241515e-09	4.19713e-09	4.012441e-09	4.003783e-09	4.003183e-09	NA	NA	NA	NA	NA	NA	NA	NA	NA	NA	NA
20	0.9999955	0.005908309	0.00163519	0.001596789	0.001590598	0.0015358	0.001504337	3.270383e-06	5.247505e-07	2.02877e-08	5.978069e-09	4.559334e-09	4.296313e-09	4.089327e-09	4.08329e-09	4.057072e-09	4.012686e-09	4.011939e-09	4.003379e-09	4.00278e-09	NA	NA	NA	NA	NA	NA	NA	NA	NA	NA
21	0.9983619	0.9983585	0.004322708	0.0001787317	0.0001461681	0.0001400142	9.330641e-05	7.298436e-05	1.323385e-06	4.634939e-07	1.366849e-08	2.627661e-09	1.861931e-09	1.827268e-09	1.673339e-09	1.670213e-09	1.667269e-09	1.633456e-09	1.633008e-09	1.631612e-09	1.631017e-09	NA	NA	NA	NA	NA	NA	NA	NA	NA
22	0.9983887	0.9983449	0.9983442	0.004318463	0.0001762072	0.0001437309	0.0001376242	9.106985e-05	7.080647e-05	8.844612e-07	4.947233e-08	4.221759e-09	1.361657e-09	1.298706e-09	1.291027e-09	1.282102e-09	1.280688e-09	1.278489e-09	1.276214e-09	1.276048e-09	1.274771e-09	1.274639e-09	NA	NA	NA	NA	NA	NA	NA	NA
23	0.9985317	0.9983802	0.9983365	0.9983358	0.004312824	0.0001709539	0.0001384791	0.000136864	9.034763e-05	7.011652e-05	2.274283e-07	4.848357e-08	4.111815e-09	1.347307e-09	1.292079e-09	1.284495e-09	1.276086e-09	1.274715e-09	1.272521e-09	1.270394e-09	1.270232e-09	1.268957e-09	1.268845e-09	NA	NA	NA	NA	NA	NA	NA
24	0.9989411	0.9984938	0.9983437	0.9983011	0.9983004	0.004279097	0.0001374804	0.000105119	0.000103504	5.786093e-05	3.783206e-05	1.514052e-07	1.569647e-08	4.060233e-09	1.321395e-09	1.271915e-09	1.269048e-09	1.261719e-09	1.260412e-09	1.260201e-09	1.258302e-09	1.258173e-09	1.258127e-09	1.258016e-09	NA	NA	NA	NA	NA	NA
25	0.00607136	0.005064637	0.004617801	0.004468681	0.004455941	0.004455462	0.004168965	0.0001374097	0.0001050661	0.0001034525	5.780997e-05	3.778128e-05	1.357381e-07	9.415752e-10	2.755011e-10	2.086507e-10	1.842867e-10	1.82761e-10	1.809208e-10	1.805162e-10	1.803679e-10	1.796543e-10	1.795361e-10	1.794946e-10	1.794074e-10	NA	NA	NA	NA	NA
26	0.002032996	0.001778538	0.000771865	0.0003269806	0.0001778814	0.000177032	0.0001765541	0.0001750106	0.0001373956	0.000105052	0.0001034385	5.779593e-05	3.776728e-05	1.299016e-07	8.613583e-10	2.46267e-10	1.815889e-10	1.759583e-10	1.744397e-10	1.72937e-10	1.72539e-10	1.72391e-10	1.718309e-10	1.717127e-10	1.716713e-10	1.716679e-10	NA	NA	NA	NA
27	0.006920695	0.00173936	0.001625347	0.0006188989	0.0001743819	0.0001459638	0.0001451186	0.0001446409	0.0001430991	0.0001054843	0.0001037105	0.0001020969	5.756431e-05	3.774523e-05	1.298641e-07	8.592105e-10	2.443908e-10	1.797932e-10	1.741973e-10	1.728863e-10	1.713916e-10	1.709998e-10	1.709247e-10	1.703664e-10	1.702503e-10	1.702106e-10	1.702071e-10	NA	NA	NA
28	0.02514104	0.004354922	0.0006838663	0.0005846374	0.0005788893	0.0001344004	0.0001060045	0.0001055055	0.000105503	0.0001051794	0.0001038709	0.0001020971	0.0001020969	5.756429e-05	3.774521e-05	1.298467e-07	8.563853e-10	2.421568e-10	1.776227e-10	1.721573e-10	1.708467e-10	1.703009e-10	1.699096e-10	1.698346e-10	1.697382e-10	1.696222e-10	1.695825e-10	1.695804e-10	NA	NA
29	0.9984458	0.02466085	0.003874907	0.0002373169	0.0001390886	0.0001333411	0.0001330301	0.0001046396	0.0001041406	0.0001041383	0.0001038146	0.0001025062	0.0001020971	0.0001020969	5.756429e-05	3.774521e-05	1.29846e-07	8.557341e-10	2.41811e-10	1.772768e-10	1.718115e-10	1.705057e-10	1.699599e-10	1.697874e-10	1.697202e-10	1.696238e-10	1.696142e-10	1.695808e-10	1.695787e-10	NA
30	0.05356064	0.05350855	0.005191254	0.0009890337	5.428369e-05	4.166893e-05	4.012414e-05	4.005266e-05	3.988344e-05	3.953752e-05	3.953528e-05	3.92273e-05	3.791891e-05	3.791609e-05	3.791587e-05	3.790174e-05	3.774304e-05	1.298314e-07	8.490812e-10	2.384698e-10	1.739448e-10	1.684871e-10	1.68094e-10	1.675508e-10	1.673868e-10	1.673788e-10	1.672827e-10	1.672785e-10	1.672782e-10	1.672761e-10
31	0.9983669	0.05345151	0.05339956	0.005187306	0.0009862629	5.168601e-05	3.965459e-05	3.842987e-05	3.836525e-05	3.833824e-05	3.806236e-05	3.806167e-05	3.793772e-05	3.791581e-05	3.791564e-05	3.791564e-05	3.790158e-05	3.774288e-05	1.296653e-07	6.847039e-10	7.414642e-11	1.015116e-11	5.721028e-12	5.401089e-12	4.98248e-12	4.94733e-12	4.945288e-12	4.852769e-12	4.848563e-12	4.848219e-12
32	0.0009960421	0.0009875661	0.0002085237	0.000208346	1.563864e-05	3.411407e-06	2.071744e-07	1.612555e-07	1.558361e-07	1.554288e-07	1.543197e-07	1.530767e-07	1.52424e-07	1.298229e-07	1.29544e-07	1.295256e-07	1.295235e-07	1.295081e-07	1.294914e-07	1.292191e-07	6.806842e-10	7.022651e-11	6.239016e-12	1.817998e-12	1.50269e-12	1.086868e-12	1.05519e-12	1.053379e-12	9.609105e-13	9.567537e-13
33	2.79885e-05	3.554219e-06	2.551512e-06	9.180658e-07	9.166915e-07	8.968359e-08	2.691357e-08	8.608503e-09	4.356787e-09	3.151168e-09	3.002807e-09	2.048036e-09	1.920016e-09	1.268355e-09	7.137041e-10	6.9743e-10	6.811055e-10	6.790008e-10	6.785693e-10	6.785565e-10	6.785488e-10	6.785337e-10	7.017448e-11	6.187011e-12	1.767062e-12	1.463271e-12	1.047457e-12	1.040517e-12	1.038818e-12	9.463501e-13
34	0.0002809338	3.033792e-06	1.020247e-06	1.691811e-07	6.97037e-08	6.904107e-08	1.568045e-08	1.037402e-08	7.10565e-09	3.07223e-09	1.890122e-09	1.75439e-09	8.291694e-10	8.155735e-10	1.679308e-10	1.036106e-10	8.94935e-11	7.328474e-11	7.118094e-11	7.075967e-11	7.074726e-11	7.073959e-11	7.072451e-11	6.987751e-11	5.890046e-12	1.470096e-12	1.459845e-12	1.044032e-12	1.03978e-12	1.038641e-12
35	9.379521e-05	1.214106e-05	3.896819e-07	3.119686e-07	9.512838e-09	7.15582e-09	7.064397e-09	5.171021e-09	4.29832e-09	2.489315e-09	1.463525e-09	3.046342e-10	2.507365e-10	6.512713e-11	6.432131e-11	3.944662e-11	1.075484e-11	8.671003e-12	6.212803e-12	5.205849e-12	5.132686e-12	5.128789e-12	5.125755e-12	5.119468e-12	4.27275e-12	2.947873e-12	6.224165e-13	6.12545e-13	2.014969e-13	1.979135e-13
36	0.0003580936	2.473506e-06	8.931846e-07	3.488424e-07	2.905782e-07	7.235292e-09	6.050403e-09	5.980735e-09	4.726517e-09	4.09974e-09	2.314733e-09	1.385214e-09	2.302352e-10	1.855992e-10	2.515822e-11	2.457241e-11	1.585464e-11	8.047581e-12	6.353343e-12	4.332335e-12	3.365057e-12	3.303479e-12	3.299976e-12	3.297088e-12	3.291081e-12	2.444371e-12	2.43688e-12	5.932784e-13	5.834189e-13	1.746184e-13
37	0.001228394	2.972739e-05	6.292737e-07	5.267197e-07	3.278301e-07	2.820528e-07	3.381233e-09	3.101588e-09	3.057654e-09	2.568899e-09	2.409035e-09	6.853292e-10	1.445493e-10	1.172819e-10	8.433017e-11	1.068104e-11	1.019708e-11	8.441796e-12	5.421105e-12	4.288492e-12	2.917344e-12	2.816193e-12	2.780803e-12	2.778442e-12	2.775723e-12	2.76994e-12	1.923233e-12	1.921671e-12	9.201222e-14	8.215307e-14
38	0.002464867	0.000593232	2.790001e-05	5.388989e-07	4.494106e-07	3.256123e-07	2.807925e-07	3.217771e-09	2.980721e-09	2.937051e-09	2.482491e-09	2.325982e-09	6.045324e-10	1.271602e-10	1.000064e-10	8.091351e-11	8.742847e-12	8.412648e-12	6.719267e-12	4.471942e-12	3.346926e-12	2.096992e-12	1.998387e-12	1.963264e-12	1.960934e-12	1.958232e-12	1.952484e-12	1.918812e-12	1.917251e-12	8.759146e-14
39	0.001751636	0.0002574756	0.0001758741	2.415917e-05	3.771433e-07	3.156488e-07	1.968392e-07	1.542412e-07	2.833583e-09	2.605963e-09	2.565429e-09	2.240906e-09	2.109829e-09	4.770206e-10	1.212098e-10	9.416228e-11	7.617386e-11	8.297339e-12	7.979e-12	6.513068e-12	4.338688e-12	3.262858e-12	2.046584e-12	1.9508e-12	1.918913e-12	1.917982e-12	1.917494e-12	1.916451e-12	1.908768e-12	1.90721e-12
40	0.001167345	0.0007314601	0.0001850536	0.0001232114	7.273235e-07	2.641278e-07	2.612542e-07	1.899567e-07	1.525771e-07	2.723116e-09	2.564436e-09	2.524179e-09	2.227589e-09	2.102961e-09	4.711765e-10	1.162703e-10	8.967983e-11	7.174937e-11	5.410667e-12	5.145486e-12	4.389702e-12	2.490351e-12	1.427883e-12	2.152396e-13	1.20002e-13	8.883316e-14	8.805372e-14	8.756647e-14	8.652563e-14	7.884204e-14
41	0.2162876	0.0007876059	0.0003838812	8.43141e-05	3.611526e-05	6.148382e-07	2.629905e-07	2.607776e-07	1.897792e-07	1.524343e-07	2.659886e-09	2.501463e-09	2.461342e-09	2.224406e-09	2.100151e-09	4.686359e-10	1.146454e-10	8.806322e-11	7.041282e-11	5.360414e-12	5.095778e-12	4.374896e-12	2.479318e-12	1.421483e-12	2.115721e-13	1.165801e-13	8.59501e-14	8.519092e-14	8.470632e-14	8.366696e-14
42	0.9968705	0.2157676	0.0007531832	0.0003679283	8.168991e-05	3.389511e-05	5.157287e-07	1.843126e-07	1.822946e-07	1.620918e-07	1.522612e-07	2.58052e-09	2.471051e-09	2.431029e-09	2.194152e-09	2.074458e-09	4.43006e-10	8.964694e-11	8.781781e-11	7.020397e-11	5.322096e-12	5.061977e-12	4.345999e-12	2.456203e-12	1.416683e-12	2.095507e-13	1.151858e-13	8.463528e-14	8.387822e-14	8.339457e-14
43	0.9998716	0.9968386	0.2157608	0.0007529925	0.0003677542	8.165254e-05	3.387593e-05	5.15663e-07	1.843059e-07	1.822883e-07	1.620888e-07	1.522585e-07	2.579273e-09	2.469807e-09	2.429787e-09	2.193922e-09	2.074233e-09	4.427829e-10	8.945377e-11	8.762473e-11	7.020088e-11	5.321792e-12	5.061682e-12	4.345764e-12	2.456036e-12	1.41656e-12	2.095301e-13	1.151693e-13	8.462001e-14	8.386298e-14
44	0.9956901	0.9956443	0.9932321	0.21497	0.0007429382	0.0003594368	8.082949e-05	3.356618e-05	3.578913e-07	7.269172e-08	7.078758e-08	5.119653e-08	4.140296e-08	2.3451e-09	2.236011e-09	2.196143e-09	2.180926e-09	2.061967e-09	4.37245e-10	8.914437e-11	8.732291e-11	6.991436e-11	5.287319e-12	5.029123e-12	4.316502e-12	2.439364e-12	1.403663e-12	2.009999e-13	1.069792e-13	7.656198e-14
45	0.04784942	0.04776868	0.04776218	0.0472619	0.01023081	3.594214e-05	1.752801e-05	4.281793e-06	1.681196e-06	6.035773e-08	5.725886e-09	5.440531e-09	4.500798e-09	3.87661e-09	1.823645e-09	1.813996e-09	1.811989e-09	1.80483e-09	1.721599e-09	1.172595e-10	1.810437e-11	1.797639e-11	3.507579e-12	2.601631e-13	2.471587e-13	2.048582e-13	1.163022e-13	6.686926e-14	9.643891e-15	5.1696e-15
46	0.0413323	0.02986727	0.02984388	0.0298421	0.02940951	0.006366828	2.242796e-05	1.107849e-05	2.836524e-06	1.078845e-06	5.452683e-08	4.378757e-09	4.128282e-09	3.5298e-09	3.081289e-09	1.726676e-09	1.724849e-09	1.723557e-09	1.71655e-09	1.715132e-09	1.111784e-10	1.67214e-11	1.666791e-11	2.254559e-12	1.655288e-13	1.57188e-13	1.275138e-13	7.231522e-14	4.164561e-14	6.036773e-15
47	0.9999614	0.04132745	0.02986285	0.02983998	0.0298382	0.02940637	0.006366149	2.242553e-05	1.107728e-05	2.836194e-06	1.078665e-06	5.451935e-08	4.372114e-09	4.121645e-09	3.523264e-09	3.074783e-09	1.720293e-09	1.718467e-09	1.717175e-09	1.716548e-09	1.715131e-09	1.111769e-10	1.672074e-11	1.666726e-11	2.254333e-12	1.655113e-13	1.571713e-13	1.274995e-13	7.230701e-14	4.164067e-14
48	0.01343045	0.01339728	0.007309368	0.003271955	0.003253948	0.003253253	0.003170259	0.000687197	2.53339e-06	1.308077e-06	4.199436e-07	1.732315e-07	4.450497e-08	8.444676e-10	6.369186e-10	5.326414e-10	3.390923e-10	1.9594e-11	1.93101e-11	1.906842e-11	1.870354e-11	1.809058e-11	1.652715e-11	1.474915e-11	1.474219e-11	4.132755e-13	2.677386e-14	2.523216e-14	1.402759e-14	7.792312e-15
49	0.01514122	0.009398316	0.009365177	0.007131307	0.003105846	0.003088508	0.003087818	0.003034239	0.0006576584	2.396371e-06	1.223516e-06	3.734686e-07	1.681851e-07	4.439475e-08	8.322198e-10	6.248927e-10	5.23216e-10	3.310073e-10	1.725996e-11	1.698434e-11	1.67481e-11	1.63897e-11	1.579044e-11	1.568589e-11	1.472312e-11	1.471642e-11	4.036962e-13	2.605511e-14	2.454866e-14	1.343975e-14
50	0.2593132	0.0151062	0.009393301	0.009360163	0.007130961	0.003105569	0.003088234	0.003087544	0.003033967	0.0006575993	2.396122e-06	1.223373e-06	3.734018e-07	1.68132e-07	4.435125e-08	8.082591e-10	6.009337e-10	5.066842e-10	3.146315e-10	2.952407e-12	2.680663e-12	2.444432e-12	2.087784e-12	1.488542e-12	1.384005e-12	4.213082e-13	4.146074e-13	4.03677e-13	2.605361e-14	2.454723e-14
51	0.9957997	0.2551132	0.01092542	0.005215843	0.005182707	0.003177166	0.003064835	0.003047507	0.003046818	0.003020934	0.0006538864	2.304986e-06	1.136828e-06	2.901906e-07	1.451519e-07	4.414311e-08	6.115475e-10	4.043547e-10	3.126726e-10	1.214057e-10	2.265263e-12	1.994703e-12	1.759123e-12	1.731672e-12	1.133093e-12	1.035572e-12	2.399798e-13	2.333006e-13	2.238624e-13	2.599067e-14
52	0.9958416	0.9955733	0.2548868	0.01070213	0.005007636	0.004974538	0.002970728	0.002858458	0.002852482	0.002851801	0.002826041	0.000611704	2.15764e-06	1.066276e-06	2.742584e-07	1.384205e-07	4.391936e-08	4.352855e-10	2.284109e-10	1.409028e-10	1.135773e-10	2.060765e-12	1.894907e-12	1.667126e-12	1.641334e-12	1.061469e-12	9.681533e-13	2.238498e-13	2.182902e-13	2.094573e-13
53	0.9991017	0.9954831	0.9953889	0.2547024	0.01051908	0.004824672	0.004791574	0.002852664	0.002845648	0.002839673	0.002838992	0.002825974	0.0006116361	2.114645e-06	1.023281e-06	2.312632e-07	9.551814e-08	1.123721e-09	4.343667e-10	2.274927e-10	1.399973e-10	1.126749e-10	2.056827e-12	1.89097e-12	1.663191e-12	1.638551e-12	1.058686e-12	9.65776e-13	2.219825e-13	2.16423e-13
54	0.2528005	0.2524819	0.2488968	0.2488067	0.2488066	0.01045241	0.004790783	0.004790236	0.002851327	0.002844311	0.0028385	0.002838383	0.002825365	0.0006115077	2.113941e-06	1.022832e-06	2.310117e-07	9.529457e-08	9.199198e-10	2.313569e-10	2.267463e-10	1.397548e-10	1.124558e-10	1.931075e-12	1.766607e-12	1.653528e-12	1.629308e-12	1.04949e-12	9.565966e-13	2.129609e-13
55	0.01063705	0.009911779	0.009641716	0.006057797	0.005995088	0.005995085	0.005518327	0.004788033	0.004787487	0.002848577	0.002841562	0.002837979	0.002837862	0.002824844	0.0006113945	2.113034e-06	1.02261e-06	2.309355e-07	9.524296e-08	8.856861e-10	1.972581e-10	1.926483e-10	1.396596e-10	1.124264e-10	1.923129e-12	1.76223e-12	1.649172e-12	1.624961e-12	1.048978e-12	9.56096e-13
56	0.02377835	0.0094573	0.008750894	0.008483506	0.004901227	0.004855466	0.004855463	0.004826204	0.004784608	0.004784062	0.002845152	0.002838137	0.002837978	0.002837862	0.002824844	0.0006113941	2.112563e-06	1.022609e-06	2.309347e-07	9.524216e-08	8.848855e-10	1.964581e-10	1.918485e-10	1.390322e-10	1.119352e-10	1.431949e-12	1.271333e-12	1.158276e-12	1.134064e-12	1.04843e-12
57	0.4106368	0.0110942	0.007547258	0.006934816	0.006670908	0.003139436	0.003093933	0.00309393	0.003064675	0.003023079	0.003022533	0.002835368	0.002832197	0.002832038	0.002831922	0.002824839	0.0006113891	2.11032e-06	1.020366e-06	2.286918e-07	9.521348e-08	8.847519e-10	1.964378e-10	1.918282e-10	1.39012e-10	1.119151e-10	1.412611e-12	1.251996e-12	1.138938e-12	1.114881e-12
58	0.04115665	0.03726386	0.007327641	0.007179627	0.006595815	0.006335901	0.002945292	0.002900047	0.002900044	0.002870799	0.002829204	0.002828658	0.002827677	0.00282715	0.002826991	0.002826875	0.002824837	0.000611387	2.110203e-06	1.020249e-06	2.285741e-07	9.52096e-08	8.846398e-10	1.964215e-10	1.918119e-10	1.389957e-10	1.118988e-10	1.399847e-12	1.239232e-12	1.126174e-12
59	0.6397513	0.03726626	0.03357513	0.007288713	0.007144719	0.006562084	0.006302363	0.002943388	0.002898158	0.002898156	0.002868912	0.002827316	0.00282677	0.002826636	0.00282643	0.002826271	0.002826155	0.002824837	0.0006113867	2.110192e-06	1.020238e-06	2.285633e-07	9.520953e-08	8.846253e-10	1.964207e-10	1.918111e-10	1.38995e-10	1.118981e-10	1.399578e-12	1.238963e-12
