#unpaired probabilities
 #i$	l=1	2	3	4	5	6	7	8	9	10	11	12	13	14	15	16	17	18	19	20	21	22	23	24	25	26	27	28	29	30	
1	0.2288708	NA	NA	NA	NA	NA	NA	NA	NA	NA	NA	NA	NA	NA	NA	NA	NA	NA	NA	NA	NA	NA	NA	NA	NA	NA	NA	NA	NA	NA
2	0.6298116	0.2266231	NA	NA	NA	NA	NA	NA	NA	NA	NA	NA	NA	NA	NA	NA	NA	NA	NA	NA	NA	NA	NA	NA	NA	NA	NA	NA	NA	NA
3	0.6179074	0.5108118	0.1903684	NA	NA	NA	NA	NA	NA	NA	NA	NA	NA	NA	NA	NA	NA	NA	NA	NA	NA	NA	NA	NA	NA	NA	NA	NA	NA	NA
4	0.03432307	0.02752809	0.02191624	0.008085175	NA	NA	NA	NA	NA	NA	NA	NA	NA	NA	NA	NA	NA	NA	NA	NA	NA	NA	NA	NA	NA	NA	NA	NA	NA	NA
5	0.2186453	0.03197987	0.02581597	0.02054071	0.007573236	NA	NA	NA	NA	NA	NA	NA	NA	NA	NA	NA	NA	NA	NA	NA	NA	NA	NA	NA	NA	NA	NA	NA	NA	NA
6	0.176664	0.1085856	0.01764083	0.01485376	0.01211897	0.00448931	NA	NA	NA	NA	NA	NA	NA	NA	NA	NA	NA	NA	NA	NA	NA	NA	NA	NA	NA	NA	NA	NA	NA	NA
7	0.3840754	0.173966	0.1075781	0.01746576	0.01470895	0.01199874	0.004446331	NA	NA	NA	NA	NA	NA	NA	NA	NA	NA	NA	NA	NA	NA	NA	NA	NA	NA	NA	NA	NA	NA	NA
8	0.7919756	0.3684749	0.1698847	0.1050164	0.01703155	0.01433455	0.0116791	0.00433766	NA	NA	NA	NA	NA	NA	NA	NA	NA	NA	NA	NA	NA	NA	NA	NA	NA	NA	NA	NA	NA	NA
9	0.6098831	0.5210566	0.2350524	0.07943412	0.04793703	0.006847702	0.005464939	0.004357888	0.001603857	NA	NA	NA	NA	NA	NA	NA	NA	NA	NA	NA	NA	NA	NA	NA	NA	NA	NA	NA	NA	NA
10	0.7063978	0.5781413	0.4974956	0.2115982	0.07908362	0.04766425	0.006816792	0.005437194	0.004332905	0.001596192	NA	NA	NA	NA	NA	NA	NA	NA	NA	NA	NA	NA	NA	NA	NA	NA	NA	NA	NA	NA
11	0.9044343	0.6928466	0.5695643	0.4890474	0.2104574	0.07783717	0.04764201	0.006813171	0.005434663	0.004330832	0.001595431	NA	NA	NA	NA	NA	NA	NA	NA	NA	NA	NA	NA	NA	NA	NA	NA	NA	NA	NA
12	0.9053097	0.8277167	0.6450825	0.5217933	0.4372729	0.1792319	0.07770751	0.04751699	0.006806912	0.005428935	0.004325254	0.001594091	NA	NA	NA	NA	NA	NA	NA	NA	NA	NA	NA	NA	NA	NA	NA	NA	NA	NA
13	0.9061766	0.8718396	0.8150635	0.6326473	0.5104138	0.4248266	0.1784346	0.07691333	0.04747796	0.006800708	0.00542399	0.004321206	0.001592597	NA	NA	NA	NA	NA	NA	NA	NA	NA	NA	NA	NA	NA	NA	NA	NA	NA
14	0.8441107	0.8019272	0.7712327	0.7107867	0.5375366	0.418766	0.32248	0.1555879	0.0766301	0.04727786	0.006774219	0.005401082	0.004301698	0.00158588	NA	NA	NA	NA	NA	NA	NA	NA	NA	NA	NA	NA	NA	NA	NA	NA
15	0.796806	0.6780325	0.6386781	0.596393	0.5408351	0.4582029	0.3436966	0.2391883	0.1515294	0.07387682	0.04581153	0.006513601	0.005175213	0.004114284	0.001516176	NA	NA	NA	NA	NA	NA	NA	NA	NA	NA	NA	NA	NA	NA	NA
16	0.6896246	0.6513468	0.6117124	0.5736915	0.5364217	0.4832282	0.4331573	0.3207474	0.2143652	0.1438814	0.07143059	0.0442407	0.006250201	0.004950401	0.003931207	0.00144849	NA	NA	NA	NA	NA	NA	NA	NA	NA	NA	NA	NA	NA	NA
17	0.7498477	0.6803078	0.6430455	0.6033319	0.5668159	0.5294272	0.4785298	0.4283467	0.3156254	0.2134347	0.1432011	0.07094137	0.04400055	0.006208974	0.004915334	0.003902442	0.001437777	NA	NA	NA	NA	NA	NA	NA	NA	NA	NA	NA	NA	NA
18	0.5238008	0.4893312	0.4308891	0.4053701	0.3793248	0.3549386	0.3360824	0.3080354	0.2853617	0.2074769	0.1415532	0.1025785	0.05631911	0.03523588	0.005398606	0.004431108	0.003575119	0.001325028	NA	NA	NA	NA	NA	NA	NA	NA	NA	NA	NA	NA
19	0.6893008	0.4533655	0.422155	0.3664695	0.3438272	0.3209095	0.2994936	0.2848087	0.2663634	0.250365	0.1807239	0.1235695	0.09223064	0.0524901	0.03293424	0.005173328	0.004289206	0.003477122	0.001290612	NA	NA	NA	NA	NA	NA	NA	NA	NA	NA	NA
20	0.6841438	0.4290372	0.3964791	0.3687645	0.3274276	0.3073291	0.2869771	0.2749176	0.2617497	0.2439418	0.2285722	0.1622791	0.1055538	0.07690276	0.04218457	0.02638303	0.004044252	0.003323815	0.002697641	0.001000486	NA	NA	NA	NA	NA	NA	NA	NA	NA	NA
21	0.7442381	0.6572814	0.4037039	0.3703112	0.3413928	0.2988235	0.2772251	0.2551724	0.2408764	0.2250019	0.2039398	0.1846431	0.1618445	0.1052029	0.07660712	0.04200416	0.0262711	0.004026839	0.003310011	0.00268661	0.0009963961	NA	NA	NA	NA	NA	NA	NA	NA	NA
22	0.038747	0.03219677	0.03186266	0.03207053	0.02961034	0.01688976	0.01411305	0.0130761	0.009803397	0.008748521	0.008309203	0.005772798	0.00439649	0.003732946	0.002576903	0.001748008	0.0008768743	0.0005439895	7.671808e-05	6.05657e-05	4.81074e-05	1.773186e-05	NA	NA	NA	NA	NA	NA	NA	NA
23	0.2265233	0.03016803	0.02484236	0.02490666	0.02551107	0.02475036	0.0121351	0.01019565	0.009292996	0.007159755	0.006251534	0.005975371	0.003542161	0.002818766	0.002351265	0.00148348	0.0009671065	0.0004220138	0.0002581383	3.118925e-05	2.256403e-05	1.714474e-05	6.230286e-06	NA	NA	NA	NA	NA	NA	NA
24	0.307411	0.2249316	0.02985609	0.02455145	0.0246468	0.02528105	0.0245494	0.01195356	0.0100407	0.009171643	0.007075767	0.006189542	0.00591757	0.003486561	0.002765524	0.002302851	0.00143735	0.0009278558	0.0003958527	0.0002416216	2.854631e-05	2.041169e-05	1.543584e-05	5.595764e-06	NA	NA	NA	NA	NA	NA
25	0.9319221	0.2768089	0.2212213	0.02924308	0.02401566	0.02412018	0.02475439	0.02402052	0.01151446	0.009600045	0.008801561	0.006710624	0.005978973	0.005725251	0.003317462	0.002623798	0.002194943	0.001365445	0.0008873214	0.0003819462	0.0002333435	2.785093e-05	2.003408e-05	1.521056e-05	5.520939e-06	NA	NA	NA	NA	NA
26	0.8211618	0.7711584	0.1132786	0.05212198	0.02880323	0.02359105	0.02373684	0.02441608	0.02372511	0.01124689	0.009388096	0.00865691	0.006649104	0.005929802	0.005678875	0.003273361	0.002582335	0.002159777	0.00133352	0.0008606738	0.0003647982	0.0002227113	2.650218e-05	1.913652e-05	1.45602e-05	5.281905e-06	NA	NA	NA	NA
27	0.1978919	0.1740976	0.1312714	0.05940764	0.02638692	0.009659271	0.009722575	0.009304856	0.009342613	0.007926819	0.008044916	0.006070527	0.006008372	0.003906127	0.003769667	0.003357823	0.003086659	0.002388818	0.001957496	0.001116789	0.0006660006	0.0002674776	0.0001623048	1.794056e-05	1.233719e-05	9.130882e-06	3.280438e-06	NA	NA	NA
28	0.03297655	0.0266132	0.02229065	0.01761477	0.008614464	0.005115109	0.002707772	0.002774284	0.002838095	0.002919177	0.002829208	0.002945473	0.002465977	0.002563913	0.0007121427	0.000714254	0.0006141969	0.0006146599	0.0005063846	0.0005064602	0.0001233793	8.687546e-05	4.720752e-05	2.945109e-05	4.348615e-06	3.478536e-06	2.786967e-06	1.030945e-06	NA	NA
29	0.2056228	0.02049568	0.01631383	0.01361432	0.01057675	0.004851874	0.003349535	0.00229328	0.002370721	0.00246096	0.002567875	0.002501683	0.002630337	0.002177734	0.002308026	0.0004963932	0.0005124717	0.0004296858	0.0004511186	0.0003681279	0.0004005922	5.068788e-05	4.338557e-05	2.944956e-05	1.872996e-05	3.28598e-06	2.842677e-06	2.356806e-06	8.793026e-07	NA
30	0.07358089	0.008072907	0.002632886	0.001998143	0.001702885	0.00110098	0.0005476984	0.0003004322	0.0001755732	0.0001800598	0.0001862283	0.0001937612	0.0002022755	0.0002121485	0.0002240345	0.0002357025	0.0002512014	0.0002613593	0.0002799091	0.000295623	0.0003221105	0.0003557242	5.810872e-06	3.771747e-06	2.143668e-06	1.343892e-06	2.226716e-07	1.886407e-07	1.548186e-07	5.750861e-08
31	0.1876437	0.07027543	0.007549265	0.002437017	0.001881694	0.001603177	0.001035269	0.0005176192	0.000283472	0.0001681681	0.0001732962	0.0001793935	0.0001867902	0.0001951319	0.0002050993	0.0002166774	0.0002295959	0.0002447741	0.0002592831	0.000278069	0.0002943401	0.0003211654	0.0003551956	5.387459e-06	3.449372e-06	1.953312e-06	1.224044e-06	2.032006e-07	1.722583e-07	1.413887e-07
32	0.516574	0.1227303	0.04649126	0.001347292	0.0008672313	0.0007146705	0.0005977726	0.0001898006	4.238234e-05	2.55754e-05	4.102515e-06	3.887347e-06	3.58304e-06	3.43721e-06	3.297327e-06	3.236657e-06	3.245805e-06	3.251182e-06	3.354525e-06	3.151551e-06	2.873627e-06	2.790434e-06	1.705643e-06	1.550807e-06	1.614659e-06	4.850048e-07	3.342425e-07	2.127157e-07	3.803837e-08	3.308807e-08
33	0.6249474	0.4987594	0.1054143	0.0326218	0.001175889	0.0007300554	0.0005792071	0.0005718268	0.000167606	3.056868e-05	1.697266e-05	2.681594e-06	2.456537e-06	2.167998e-06	2.001944e-06	1.836656e-06	1.729559e-06	1.675522e-06	1.602814e-06	1.622387e-06	1.475965e-06	1.408976e-06	1.411731e-06	1.276697e-06	1.245749e-06	1.350285e-06	4.191669e-07	2.887251e-07	1.837112e-07	3.286351e-08
34	0.8138988	0.6238729	0.4985188	0.1051727	0.03242511	0.00097332	0.0007002957	0.0005788219	0.0005714707	0.0001674634	3.050184e-05	1.692931e-05	2.675222e-06	2.450417e-06	2.162071e-06	1.996182e-06	1.830965e-06	1.723834e-06	1.669609e-06	1.596707e-06	1.615953e-06	1.469992e-06	1.403554e-06	1.406721e-06	1.272038e-06	1.244359e-06	1.348808e-06	4.176517e-07	2.882655e-07	1.834373e-07
35	0.8523878	0.796711	0.6225258	0.4978702	0.1049991	0.03229157	0.0008367967	0.0006277379	0.0005773927	0.0005700849	0.0001662106	2.944592e-05	1.605215e-05	2.564864e-06	2.34049e-06	2.052304e-06	1.88566e-06	1.718797e-06	1.607515e-06	1.548548e-06	1.469627e-06	1.481685e-06	1.363154e-06	1.336862e-06	1.362526e-06	1.250043e-06	1.24147e-06	1.346714e-06	4.157077e-07	2.866906e-07
36	0.5856392	0.4821922	0.416869	0.2411297	0.1059431	0.1048325	0.03224574	0.0007923216	0.000592859	0.0005747709	0.0005675784	0.0001648051	2.837323e-05	1.518431e-05	2.430468e-06	2.206857e-06	1.920777e-06	1.753539e-06	1.584701e-06	1.468823e-06	1.404491e-06	1.319004e-06	1.32294e-06	1.233322e-06	1.237615e-06	1.278306e-06	1.17981e-06	1.237735e-06	1.343511e-06	4.126993e-07
37	0.5360421	0.5046891	0.4112684	0.3468937	0.1748553	0.03956184	0.0366698	0.03189714	0.0004388812	0.0002311679	0.0002027783	0.0001818076	0.0001610929	2.545476e-05	1.2893e-05	1.987997e-06	1.793491e-06	1.608571e-06	1.482503e-06	1.35132e-06	1.26004e-06	1.246952e-06	1.213404e-06	1.244282e-06	1.180757e-06	1.198121e-06	1.245128e-06	1.152483e-06	1.230612e-06	1.33599e-06
38	0.3656754	0.3491638	0.3232317	0.2289855	0.1815787	0.128998	0.008376814	0.004765638	0.0006892186	0.0003517594	0.0001523272	0.0001226992	0.000100221	7.751305e-05	2.281199e-05	1.145148e-05	1.382363e-06	1.181359e-06	1.005118e-06	8.720551e-07	7.307931e-07	6.205617e-07	5.928293e-07	5.353413e-07	5.328733e-07	4.565332e-07	4.251584e-07	4.086231e-07	4.081297e-07	4.105975e-07
39	0.3133365	0.2767518	0.25844	0.2303869	0.1339257	0.08419634	0.02982701	0.008245063	0.004680635	0.0006681136	0.0003340757	0.0001503517	0.0001210961	9.890269e-05	7.648134e-05	2.236325e-05	1.129111e-05	1.361886e-06	1.163334e-06	9.892783e-07	8.578187e-07	7.182373e-07	6.092536e-07	5.817118e-07	5.247615e-07	5.220823e-07	4.473862e-07	4.166401e-07	3.998252e-07	3.988906e-07
40	0.4711501	0.3121867	0.2759514	0.2576869	0.2296799	0.1332727	0.08359235	0.02957213	0.008044493	0.004669364	0.0006660287	0.0003326377	0.0001493194	0.0001202277	9.806131e-05	7.567444e-05	2.163715e-05	1.126517e-05	1.358784e-06	1.160678e-06	9.870245e-07	8.558928e-07	7.166295e-07	6.078956e-07	5.804221e-07	5.236064e-07	5.209335e-07	4.465225e-07	4.158808e-07	3.99045e-07
41	0.8284797	0.4438658	0.2978754	0.2736492	0.2560914	0.2284028	0.1322145	0.08271429	0.02922887	0.008013771	0.004652633	0.0006639019	0.0003312889	0.0001485457	0.0001195092	9.737998e-05	7.50295e-05	2.108261e-05	1.076978e-05	1.348052e-06	1.150293e-06	9.772867e-07	8.466667e-07	7.078609e-07	5.993303e-07	5.722019e-07	5.158054e-07	5.135639e-07	4.403814e-07	4.108485e-07
42	0.8951493	0.7472377	0.3612626	0.2134669	0.1886279	0.1701538	0.1525224	0.1316918	0.08236235	0.02905463	0.007981458	0.004633565	0.0006612003	0.0003299406	0.0001479537	0.000119037	9.699958e-05	7.474187e-05	2.098078e-05	1.071658e-05	1.331992e-06	1.136458e-06	9.637705e-07	8.332756e-07	6.945694e-07	5.861597e-07	5.585984e-07	5.019871e-07	4.990922e-07	4.251699e-07
43	0.3711254	0.3525831	0.2568548	0.2268596	0.148201	0.1294582	0.1152182	0.101323	0.08686437	0.07112468	0.02288779	0.006264281	0.003625837	0.0004867671	0.0002548431	0.0001108741	8.777818e-05	7.019508e-05	5.234633e-05	1.677406e-05	8.545814e-06	1.075866e-06	9.222584e-07	7.857633e-07	6.825454e-07	5.731113e-07	4.880552e-07	4.657595e-07	4.205148e-07	4.170103e-07
44	0.1430704	0.09579498	0.08632663	0.0681313	0.06284875	0.04925593	0.04552205	0.04359793	0.04181393	0.03997099	0.03787279	0.004819424	0.001226749	0.0007212659	9.761502e-05	5.169478e-05	2.284686e-05	1.811897e-05	1.467887e-05	1.108838e-05	4.114443e-06	1.939285e-06	3.123912e-07	2.844401e-07	2.549277e-07	2.325133e-07	2.097716e-07	1.942265e-07	1.861078e-07	1.734487e-07
45	0.1377746	0.0606308	0.04949678	0.04222332	0.02993483	0.02624751	0.015828	0.0127393	0.01109947	0.009544791	0.007945389	0.006093381	0.00335979	0.0008204212	0.0004863324	6.626351e-05	3.530364e-05	1.575332e-05	1.250225e-05	1.019902e-05	7.754728e-06	3.079539e-06	1.401893e-06	2.486139e-07	2.307118e-07	2.098078e-07	1.93914e-07	1.781435e-07	1.681348e-07	1.611854e-07
46	0.4848935	0.1161921	0.05818729	0.04740625	0.04019506	0.02850876	0.02498961	0.01488094	0.01195526	0.0103933	0.008915017	0.007395558	0.005627698	0.003005193	0.0007857085	0.000466038	6.3438e-05	3.372961e-05	1.515577e-05	1.20288e-05	9.821083e-06	7.473081e-06	2.99104e-06	1.355417e-06	2.429354e-07	2.258814e-07	2.057317e-07	1.904235e-07	1.75274e-07	1.657531e-07
47	0.8382945	0.4592673	0.1096319	0.05240221	0.04684619	0.03969323	0.02821318	0.0247386	0.01471013	0.01181845	0.0102762	0.008817195	0.007317942	0.005570988	0.002972488	0.0007742727	0.000459886	6.215686e-05	3.27931e-05	1.49808e-05	1.189317e-05	9.71309e-06	7.393393e-06	2.967248e-06	1.343054e-06	2.415049e-07	2.246988e-07	2.047587e-07	1.89612e-07	1.746349e-07
48	0.7601365	0.7166425	0.3368266	0.08807084	0.04581755	0.04049709	0.03944313	0.02807376	0.0246486	0.01466431	0.01178026	0.01024285	0.00878877	0.007294493	0.005552691	0.002963858	0.0007713768	0.0004579839	6.156496e-05	3.227415e-05	1.450027e-05	1.170519e-05	9.525637e-06	7.367795e-06	2.954638e-06	1.339075e-06	2.408205e-07	2.240689e-07	2.041949e-07	1.891822e-07
49	0.5623287	0.5637554	0.5335625	0.1678913	0.03361807	0.01881437	0.01545837	0.01511927	0.01235095	0.0112603	0.006252302	0.00454712	0.004034241	0.003584671	0.003132968	0.00266846	0.001323019	0.0002516737	0.0001519427	2.019827e-05	1.06879e-05	5.151574e-06	4.310495e-06	3.68012e-06	3.041565e-06	1.706858e-06	6.87958e-07	1.653047e-07	1.619357e-07	1.541942e-07
50	0.7127296	0.5577477	0.5592691	0.52909	0.1635101	0.0310303	0.01822285	0.01492276	0.01464812	0.0119182	0.01083359	0.005897928	0.004192344	0.003677037	0.003224439	0.002769425	0.002301352	0.001307603	0.0002479162	0.0001500807	1.994863e-05	1.055965e-05	5.093479e-06	4.263513e-06	3.641451e-06	3.011372e-06	1.694709e-06	6.801256e-07	1.632675e-07	1.599193e-07
51	0.6888763	0.5919855	0.5066875	0.5081179	0.4770193	0.1108276	0.02516458	0.01376697	0.01213093	0.01180474	0.009065873	0.007958538	0.005171956	0.003466485	0.002934272	0.002463608	0.001989479	0.001502344	0.0008404624	0.0002417723	0.0001455469	1.927288e-05	1.02899e-05	4.882546e-06	4.048751e-06	3.421297e-06	2.785253e-06	1.505684e-06	5.314316e-07	9.744717e-08
52	0.729076	0.6688577	0.5820862	0.5013138	0.5028503	0.4718052	0.1056879	0.02377411	0.01290606	0.01137961	0.01106385	0.008348471	0.007254415	0.005051568	0.003359184	0.002836191	0.002374709	0.001910113	0.001433208	0.0008079172	0.0002351838	0.0001408927	1.899353e-05	1.016261e-05	4.782273e-06	3.94984e-06	3.32248e-06	2.686294e-06	1.420359e-06	4.627964e-07
53	0.6969514	0.6708107	0.6212448	0.5478197	0.4923638	0.4943105	0.4633966	0.0974208	0.02046465	0.01046831	0.009052628	0.008704935	0.006026103	0.005006861	0.003681612	0.003193212	0.002687351	0.002242957	0.001796129	0.001338221	0.0007631583	0.0002253441	0.0001325722	1.806097e-05	9.443957e-06	4.102517e-06	3.255392e-06	2.609407e-06	1.952645e-06	6.829044e-07
54	0.1912684	0.1852021	0.1781987	0.1383733	0.1074848	0.06859901	0.06709566	0.06606056	0.06052042	0.007915593	0.004066705	0.003154777	0.003035489	0.002126334	0.001778056	0.001299213	0.001137048	0.000994724	0.0008312463	0.000677163	0.0005252072	0.0002964542	7.13996e-05	4.161316e-05	5.794914e-06	3.066211e-06	1.386055e-06	1.126341e-06	9.288274e-07	7.292835e-07
55	0.07919835	0.06419656	0.0622587	0.05946528	0.02664461	0.01681258	0.01072114	0.009870565	0.009088919	0.008244468	0.002784621	0.001517117	0.001384891	0.001334489	0.0009059649	0.0007721463	0.0005398298	0.0004645519	0.0003987631	0.0003343204	0.0002575093	0.000186328	0.0001015372	2.797728e-05	1.618492e-05	2.175342e-06	1.134782e-06	4.9146e-07	3.889109e-07	3.099627e-07
56	0.0747168	0.03970672	0.0287098	0.02655171	0.02369437	0.02107182	0.01288063	0.008425763	0.007713476	0.007021738	0.006288226	0.002356817	0.001283353	0.001181908	0.001137767	0.0007753837	0.0006612229	0.0004546678	0.0003886408	0.0003311222	0.0002745683	0.0002157967	0.0001533922	8.422713e-05	2.348735e-05	1.354161e-05	1.814328e-06	9.470654e-07	4.103679e-07	3.247251e-07
57	0.5770286	0.07186945	0.03905539	0.0283583	0.02620045	0.02334919	0.02072985	0.01279564	0.008372705	0.007677618	0.006987015	0.006254582	0.002350689	0.001279708	0.001178858	0.001134767	0.0007730162	0.0006590599	0.0004527857	0.0003868329	0.0003294168	0.0002729223	0.0002142128	0.0001529191	8.400003e-05	2.344375e-05	1.351614e-05	1.810812e-06	9.452072e-07	4.095404e-07
58	0.7658097	0.4678409	0.07001357	0.03825047	0.0278287	0.02569938	0.02289048	0.02030893	0.01250643	0.008210412	0.007524664	0.006842774	0.006119779	0.002306466	0.001254545	0.001156123	0.001112488	0.0007558765	0.0006434961	0.0004459099	0.000380933	0.000324286	0.000268546	0.00021062	0.0001501471	8.255539e-05	2.307036e-05	1.32808e-05	1.782845e-06	9.307902e-07
59	0.1252241	0.0865688	0.07983578	0.01321384	0.00708906	0.005078508	0.004419306	0.003841502	0.003086637	0.002123568	0.001357932	0.001183138	0.001003631	0.0008173878	0.0003823126	0.0002169777	0.0001941051	0.0001805864	0.0001544896	0.0001363646	0.0001112613	9.419922e-05	7.91381e-05	6.39702e-05	4.818789e-05	3.169708e-05	1.485666e-05	1.328733e-06	5.734286e-07	7.421951e-08
60	0.1038401	0.06441743	0.04228951	0.03841076	0.007844984	0.004299869	0.003025674	0.002602785	0.002246889	0.00181813	0.001304974	0.0008268813	0.0007198734	0.0006097116	0.0004958088	0.000229042	0.0001284698	0.0001153343	0.000106964	9.276189e-05	8.173134e-05	6.70106e-05	5.6484e-05	4.718517e-05	3.780824e-05	2.805036e-05	1.785392e-05	8.035142e-06	8.270911e-07	2.807312e-07
61	0.09428674	0.01347795	0.005721241	0.002229172	0.002105148	0.0004163502	0.000243942	0.0001877842	0.0001535432	0.0001328343	0.0001101164	8.518111e-05	5.789678e-05	5.340973e-05	4.827538e-05	4.333332e-05	1.077057e-05	6.053396e-06	5.279927e-06	4.904536e-06	4.270576e-06	3.621862e-06	3.077455e-06	2.61665e-06	2.209883e-06	1.799854e-06	1.373211e-06	9.273938e-07	4.190518e-07	2.035621e-08
62	0.1570621	0.08802693	0.01004837	0.003411544	0.00068862	0.0006584255	0.0001141204	7.039764e-05	5.851997e-05	3.783589e-05	3.326434e-05	2.980371e-05	2.407653e-05	1.630236e-05	1.586422e-05	1.550595e-05	1.488043e-05	1.990974e-06	9.470284e-07	7.25605e-07	6.765491e-07	5.526717e-07	4.701492e-07	3.800494e-07	3.263791e-07	2.792751e-07	2.320403e-07	1.829102e-07	1.315194e-07	6.371417e-08
63	0.1193461	0.1162616	0.08427965	0.006711974	0.002898939	0.000355792	0.0003500236	2.373978e-05	1.191381e-05	5.846234e-06	4.866947e-06	4.673851e-06	4.060199e-06	3.053228e-06	1.79234e-06	1.741465e-06	1.699031e-06	1.561489e-06	3.037007e-07	1.310133e-07	8.556183e-08	8.102644e-08	6.474306e-08	5.632846e-08	4.319212e-08	3.813763e-08	3.38152e-08	2.950594e-08	2.502914e-08	2.03055e-08
64	0.1292403	0.1168398	0.1143565	0.08377526	0.00621569	0.002844727	0.0003440718	0.0003388982	2.083343e-05	9.836637e-06	3.930543e-06	3.806396e-06	3.694702e-06	3.386548e-06	2.575064e-06	1.487542e-06	1.451958e-06	1.420707e-06	1.296789e-06	2.454088e-07	1.003665e-07	6.017663e-08	5.649044e-08	4.811355e-08	4.217841e-08	3.362086e-08	2.983775e-08	2.662005e-08	2.339254e-08	2.003834e-08
65	0.2177862	0.1291054	0.1168137	0.1143339	0.08375838	0.006215061	0.002844174	0.000343544	0.0003385283	2.077027e-05	9.807746e-06	3.908468e-06	3.784257e-06	3.67259e-06	3.364442e-06	2.553775e-06	1.485981e-06	1.450487e-06	1.419317e-06	1.29549e-06	2.450502e-07	1.001605e-07	5.999726e-08	5.633133e-08	4.800544e-08	4.2086e-08	3.355628e-08	2.97831e-08	2.657279e-08	2.335253e-08
66	0.9963503	0.2144443	0.1285	0.1166626	0.1142557	0.08375187	0.006209936	0.002839397	0.0003396858	0.0003346214	1.930515e-05	8.986591e-06	3.094658e-06	2.957521e-06	2.832795e-06	2.53416e-06	2.075846e-06	1.235501e-06	1.202548e-06	1.177977e-06	1.051211e-06	2.353484e-07	9.374695e-08	5.77483e-08	5.40923e-08	4.580699e-08	3.997298e-08	3.144269e-08	2.762227e-08	2.435739e-08
67	0.8812569	0.8801324	0.1355683	0.05260761	0.04137614	0.03791198	0.006291359	0.006197282	0.002829823	0.0003310506	0.0003259839	1.316361e-05	3.219624e-06	2.683594e-06	2.554458e-06	2.445594e-06	2.167083e-06	1.788856e-06	1.085775e-06	1.055983e-06	1.033306e-06	9.093504e-07	2.113041e-07	8.351869e-08	4.957999e-08	4.615063e-08	4.036633e-08	3.541688e-08	2.822199e-08	2.476722e-08
68	0.8479884	0.842878	0.8424532	0.09836379	0.01718559	0.005986828	0.002014843	0.001463669	0.001290677	0.0004393498	0.0003288853	0.0003238341	1.260818e-05	2.801728e-06	2.311626e-06	2.200152e-06	2.111123e-06	1.851993e-06	1.575709e-06	8.894831e-07	8.58821e-07	8.353712e-07	7.984485e-07	1.655522e-07	7.763985e-08	4.416005e-08	4.077954e-08	3.724036e-08	3.345357e-08	2.707425e-08
69	0.9143103	0.8420526	0.8377334	0.8373619	0.09339331	0.01415243	0.003096912	0.001859549	0.001400907	0.001275909	0.000424746	0.000317156	0.0003217959	1.181129e-05	2.434234e-06	1.966687e-06	1.850972e-06	1.757673e-06	1.508252e-06	1.267797e-06	7.426168e-07	7.119455e-07	6.860145e-07	6.475233e-07	1.586408e-07	7.269482e-08	4.190592e-08	3.884608e-08	3.546404e-08	3.175273e-08
70	0.2479313	0.1859722	0.1281584	0.1147038	0.1038553	0.09074993	0.0125021	0.00190767	0.0007426695	0.0004578178	0.0003182232	0.000310429	0.0003118795	0.000316487	9.956104e-06	1.556009e-06	1.117645e-06	9.956207e-07	8.943189e-07	6.780814e-07	5.324018e-07	3.479358e-07	3.162647e-07	2.846136e-07	2.494585e-07	8.882586e-08	6.05667e-08	3.556542e-08	3.254829e-08	2.939679e-08
71	0.1483677	0.1345852	0.07731628	0.06336798	0.04930892	0.03747363	0.02517399	0.0120335	0.001473164	0.0003056152	3.300246e-05	2.689172e-05	2.327416e-05	1.994559e-05	1.943424e-05	4.139989e-06	1.422808e-06	1.058654e-06	9.358001e-07	8.336831e-07	6.189871e-07	4.79169e-07	3.222479e-07	2.905127e-07	2.583831e-07	2.229087e-07	8.669653e-08	5.880955e-08	3.447746e-08	3.144151e-08
72	0.1675148	0.1462847	0.1335923	0.07633847	0.06256082	0.0485048	0.03666605	0.02441562	0.01142866	0.001379188	0.000210651	2.445247e-05	1.846981e-05	1.476173e-05	1.136347e-05	1.070264e-05	2.417058e-06	1.391863e-06	1.034144e-06	9.109224e-07	8.084912e-07	5.938178e-07	4.546247e-07	3.001338e-07	2.679918e-07	2.354039e-07	1.994844e-07	6.702456e-08	3.891699e-08	3.43394e-08
73	0.220539	0.1668831	0.1458906	0.1332875	0.07603897	0.06248683	0.04843825	0.0366377	0.02439524	0.01142052	0.001376699	0.0002093608	2.375766e-05	1.816806e-05	1.447566e-05	1.117823e-05	1.051616e-05	2.33415e-06	1.353886e-06	1.006442e-06	8.829657e-07	7.804405e-07	5.67428e-07	4.313461e-07	2.805948e-07	2.482155e-07	2.152467e-07	1.790926e-07	6.566387e-08	3.820977e-08
74	0.3858375	0.0964832	0.06768717	0.05908833	0.05772791	0.01144833	0.009100801	0.007037318	0.005346522	0.003540155	0.00165321	0.0002143548	4.893922e-05	3.775206e-06	2.886468e-06	2.112008e-06	1.641265e-06	1.544711e-06	3.431359e-07	2.080242e-07	1.457021e-07	1.117348e-07	9.629296e-08	7.805108e-08	5.586067e-08	3.547424e-08	3.074247e-08	2.589464e-08	2.086492e-08	1.010688e-08
75	0.3645532	0.0283078	0.01337396	0.01003558	0.008925838	0.007847558	0.006125753	0.004682139	0.003636464	0.002764289	0.001855944	0.0008602363	0.0001122038	2.55183e-05	2.102974e-06	1.585551e-06	1.155196e-06	8.961324e-07	8.45642e-07	1.803516e-07	1.091294e-07	6.963768e-08	6.210462e-08	5.394012e-08	4.313721e-08	2.99962e-08	1.911501e-08	1.667073e-08	1.416848e-08	1.157212e-08
76	0.2074051	0.07255899	0.01500807	0.01130596	0.009218165	0.008158176	0.007205241	0.005502555	0.004554909	0.00353818	0.002688272	0.001803029	0.0008337047	0.0001056915	2.129266e-05	1.874145e-06	1.465006e-06	1.086165e-06	8.393471e-07	7.895543e-07	1.582522e-07	9.080455e-08	6.588959e-08	5.85178e-08	5.066239e-08	4.009553e-08	2.799187e-08	1.79716e-08	1.558657e-08	1.314178e-08
77	0.04526534	0.02530634	0.01998685	0.003989292	0.002526118	0.002172	0.002014139	0.001845558	0.000919244	0.0007634194	0.0006002784	0.0004676669	0.0003223829	0.0001398368	2.292386e-05	9.825727e-06	5.190305e-07	4.373137e-07	2.583564e-07	2.000344e-07	1.908297e-07	3.520371e-08	2.13031e-08	1.642213e-08	1.536766e-08	1.375793e-08	1.245177e-08	7.500064e-09	4.959336e-09	4.591464e-09
78	0.57757	0.03644367	0.02179374	0.0168137	0.003171463	0.00172578	0.001370588	0.001210655	0.001034728	0.000888709	0.0007364843	0.0005773189	0.0004479481	0.0003153534	0.000136535	2.251579e-05	9.759053e-06	5.016322e-07	4.213113e-07	2.540526e-07	1.96728e-07	1.877116e-07	3.451595e-08	2.092729e-08	1.614178e-08	1.5116e-08	1.353507e-08	1.226016e-08	7.355037e-09	4.871695e-09
79	0.7433547	0.5636981	0.03395143	0.01974779	0.01498022	0.002879381	0.001660622	0.001329564	0.001170247	0.001027852	0.0008822474	0.0007327256	0.000574057	0.0004450685	0.0003128711	0.0001349887	2.238043e-05	9.664457e-06	4.960146e-07	4.191489e-07	2.52817e-07	1.956722e-07	1.866676e-07	3.410091e-08	2.08063e-08	1.608875e-08	1.506616e-08	1.348948e-08	1.221871e-08	7.324301e-09
80	0.9012248	0.6870605	0.5067775	0.03252231	0.01897079	0.01425186	0.002870545	0.001657766	0.001327539	0.001168387	0.0010266	0.0008811147	0.0007319383	0.0005734039	0.0004447032	0.0003126198	0.0001348699	2.236094e-05	9.656968e-06	4.947528e-07	4.182049e-07	2.520086e-07	1.948862e-07	1.865089e-07	3.407927e-08	2.079447e-08	1.608031e-08	1.505868e-08	1.3483e-08	1.221325e-08
81	0.7434209	0.7246524	0.5078514	0.3229892	0.03042988	0.01791195	0.01329078	0.002883706	0.00167255	0.001339927	0.001179299	0.0010358	0.0008883618	0.000738059	0.0005772961	0.0004468658	0.0003128298	0.0001369337	2.268357e-05	9.784366e-06	4.885565e-07	4.125852e-07	2.437131e-07	1.880585e-07	1.815492e-07	3.433391e-08	2.103822e-08	1.624659e-08	1.520951e-08	1.360815e-08
82	0.7626735	0.7288884	0.7117435	0.4947473	0.3074136	0.02979093	0.01752303	0.01298056	0.00280067	0.001672767	0.001346596	0.001184599	0.001039928	0.0008906089	0.0007425942	0.0005797874	0.0004475764	0.0003116812	0.0001380818	2.297445e-05	9.893948e-06	4.852907e-07	4.086411e-07	2.37183e-07	1.829862e-07	1.762893e-07	3.432683e-08	2.1164e-08	1.630925e-08	1.525581e-08
83	0.8367828	0.7557971	0.72216	0.7049604	0.4870266	0.297358	0.02965016	0.01748734	0.01292889	0.002835719	0.001694287	0.001364222	0.001200562	0.001054216	0.0009029085	0.000752921	0.0005878794	0.0004543457	0.0003164496	0.0001402367	2.332672e-05	1.004715e-05	4.828461e-07	4.049758e-07	2.306161e-07	1.777834e-07	1.710668e-07	3.442687e-08	2.133456e-08	1.640015e-08
84	0.8795623	0.7642296	0.7285161	0.6945158	0.677004	0.4574931	0.2868606	0.02808822	0.01601469	0.01288775	0.002862478	0.001706312	0.001371965	0.001206447	0.001058085	0.0009045548	0.0007523904	0.0005847854	0.0004493285	0.0003091639	0.0001424892	2.369605e-05	1.020707e-05	4.801069e-07	4.008891e-07	2.234813e-07	1.72236e-07	1.654383e-07	3.457663e-08	2.163766e-08
85	0.8294714	0.7844415	0.7192756	0.6889268	0.6554338	0.6381099	0.4351363	0.2675435	0.02706794	0.01531133	0.01227463	0.002875876	0.001707191	0.001369338	0.001202311	0.001052326	0.0008966177	0.000744625	0.0005746176	0.0004369525	0.0002944707	0.0001425226	2.404094e-05	1.035424e-05	4.648375e-07	3.88458e-07	2.09408e-07	1.619579e-07	1.548983e-07	3.124017e-08
86	0.05235727	0.04985804	0.04716913	0.04298742	0.04084247	0.02023042	0.01592526	0.0118545	0.01132425	0.002093514	0.001510984	0.001479532	0.0008391119	3.308418e-05	1.202876e-05	1.079062e-05	1.048194e-05	1.005766e-05	9.787096e-06	9.103706e-06	8.87711e-06	8.610444e-06	8.276616e-06	8.055984e-06	8.14276e-06	3.905148e-08	2.414913e-08	8.858905e-09	6.973489e-09	7.068737e-09
87	0.05599116	0.03381896	0.03156022	0.03001271	0.02816868	0.02796348	0.007182029	0.005680669	0.003965424	0.003987713	0.001637109	0.001319324	0.001326824	0.0008412113	2.781785e-05	7.858012e-06	7.312313e-06	7.410557e-06	7.478426e-06	7.596942e-06	7.629962e-06	7.756361e-06	7.881004e-06	7.99064e-06	8.112734e-06	8.252891e-06	3.029015e-08	1.550008e-08	2.202274e-09	1.69773e-09
88	0.01697507	0.0106267	0.001875266	0.001531573	0.001467067	0.001357825	0.00125454	0.001237964	0.001127066	0.0009120273	0.0009174095	0.0005852492	0.0004613039	0.0004647937	1.968477e-06	5.406589e-07	3.298372e-07	6.743539e-08	6.184898e-08	6.131938e-08	6.163693e-08	4.156175e-08	4.191498e-08	4.169381e-08	3.51076e-08	3.001207e-08	2.837636e-08	2.852422e-08	1.353234e-08	3.328729e-10
89	0.1151035	0.009549444	0.005889628	0.001155014	0.0009053966	0.000850178	0.000754889	0.0006681833	0.0006653374	0.0005527042	0.0003708875	0.0003703933	0.0001672736	3.845991e-05	3.73931e-05	7.634538e-07	4.153482e-07	3.047029e-07	4.361961e-08	4.266768e-08	4.198531e-08	4.233927e-08	2.507706e-08	2.521269e-08	2.516309e-08	1.950137e-08	1.500264e-08	1.347001e-08	1.341008e-08	1.3658e-08
90	0.08671127	0.08418411	0.003383556	0.0009998461	0.000459399	0.0004469368	0.0004071448	0.0003442152	0.0003188233	0.000318281	0.0003179097	0.0001784864	0.0001765494	8.791817e-06	5.003422e-06	3.810411e-06	1.007996e-07	5.472072e-08	3.081261e-08	2.45449e-08	2.386817e-08	2.415674e-08	2.432902e-08	1.045079e-08	1.042184e-08	1.024469e-08	5.588079e-09	1.835584e-09	4.228655e-10	1.776859e-10
91	0.08674314	0.07333037	0.07253587	0.002553929	0.0007094199	0.0003159207	0.0003109326	0.0002810763	0.0002338734	0.0002150504	0.000214385	0.0002138337	0.0001112346	0.0001094711	5.718033e-06	3.118087e-06	2.352675e-06	7.356738e-08	4.008926e-08	2.241823e-08	1.801485e-08	1.759685e-08	1.781446e-08	1.794293e-08	7.736589e-09	7.716604e-09	7.584632e-09	4.127976e-09	1.344417e-09	2.962058e-10
92	0.9176184	0.07521454	0.06161699	0.06090097	0.001770708	0.0004651399	0.0002072616	0.0002040394	0.0001845446	0.0001536874	0.0001414032	0.0001410063	0.0001406881	7.276498e-05	7.162215e-05	3.739372e-06	2.038876e-06	1.538124e-06	4.754255e-08	2.587683e-08	1.44906e-08	1.161319e-08	1.133474e-08	1.147583e-08	1.155303e-08	4.976402e-09	4.964132e-09	4.876815e-09	2.65201e-09	8.647077e-10
93	0.6598235	0.6311413	0.05686321	0.04340363	0.04267714	0.0009803589	0.0002242935	0.0001005456	9.902178e-05	8.968663e-05	7.488981e-05	6.901531e-05	6.885597e-05	6.873991e-05	3.498539e-05	3.442539e-05	1.794749e-06	9.792095e-07	7.385937e-07	2.189377e-08	1.186415e-08	6.673627e-09	5.297878e-09	5.154324e-09	5.216217e-09	5.241652e-09	2.243609e-09	2.237106e-09	2.192273e-09	1.188993e-09
94	0.910433	0.6288761	0.6000315	0.01824696	0.0042412	0.003157714	0.0003701043	4.362112e-05	2.016868e-05	1.989955e-05	1.820056e-05	1.549198e-05	1.443366e-05	1.443465e-05	1.445112e-05	6.482853e-06	6.352737e-06	3.266826e-07	1.787751e-07	1.345289e-07	2.559632e-09	1.29294e-09	7.647404e-10	5.220434e-10	4.815737e-10	4.81062e-10	4.628718e-10	1.835667e-10	1.802041e-10	1.665343e-10
95	0.9404927	0.8968598	0.6121176	0.5827407	0.01771122	0.003576108	0.002481128	0.000137802	3.492763e-05	1.638291e-05	1.617593e-05	1.48423e-05	1.271e-05	1.18826e-05	1.189367e-05	1.191898e-05	5.142646e-06	5.033351e-06	2.574527e-07	1.408986e-07	1.06146e-07	1.641308e-09	7.874188e-10	4.792796e-10	2.895156e-10	2.576993e-10	2.541045e-10	2.335407e-10	8.616126e-11	8.288377e-11
96	0.937023	0.9316214	0.8992284	0.6117722	0.5835506	0.01579595	0.003081385	0.002044426	0.0001107634	2.660861e-05	1.296852e-05	1.281828e-05	1.182096e-05	1.021889e-05	9.604043e-06	9.624078e-06	9.655699e-06	3.971317e-06	3.881559e-06	1.98974e-07	1.082474e-07	8.183155e-08	1.059028e-09	4.540458e-10	2.58141e-10	1.10349e-10	8.311551e-11	7.730898e-11	6.905913e-11	4.60687e-11
97	0.6484613	0.6422913	0.6354741	0.6098307	0.6049989	0.5887968	0.01487866	0.002622545	0.001631698	8.547413e-05	1.865649e-05	9.239577e-06	9.143558e-06	8.464676e-06	7.367114e-06	6.9501e-06	6.970539e-06	6.999111e-06	2.960666e-06	2.89132e-06	1.463409e-07	7.8734e-08	6.015535e-08	7.794861e-10	3.359234e-10	1.963417e-10	8.635228e-11	6.593158e-11	6.068559e-11	5.391299e-11
98	0.9786887	0.6473104	0.6437781	0.6375983	0.6174897	0.612768	0.5964626	0.01484225	0.002418507	0.001412277	7.232878e-05	1.450236e-05	7.464819e-06	7.399978e-06	6.905335e-06	6.096824e-06	5.793942e-06	5.819877e-06	5.852001e-06	2.403584e-06	2.347506e-06	1.179572e-07	6.252462e-08	4.833488e-08	6.296571e-10	2.74044e-10	1.654219e-10	7.501461e-11	5.829448e-11	5.324304e-11
99	0.1348475	0.1339447	0.103745	0.100935	0.08835169	0.06555407	0.05339996	0.02926447	0.01482301	0.002256698	0.001236135	4.96757e-05	1.040221e-05	5.355308e-06	5.310318e-06	4.95884e-06	4.381731e-06	4.174026e-06	4.194526e-06	4.219102e-06	1.683959e-06	1.641056e-06	8.293469e-08	4.378326e-08	3.383809e-08	4.599919e-10	2.048064e-10	1.255641e-10	6.109529e-11	4.809021e-11
100	0.118406	0.1175595	0.1168305	0.0951432	0.09294445	0.08131919	0.0630219	0.05111753	0.02716338	0.01322693	0.002071504	0.001067149	3.791877e-05	6.175925e-06	3.020294e-06	2.989179e-06	2.7644e-06	2.396966e-06	2.276925e-06	2.285788e-06	2.296456e-06	8.051915e-07	7.762884e-07	4.387167e-08	2.3314e-08	1.765522e-08	2.741159e-10	1.283036e-10	7.867278e-11	4.40023e-11
101	0.09749197	0.0895133	0.08898348	0.08865793	0.07297173	0.07176964	0.06130166	0.04746597	0.03667142	0.02566178	0.01240704	0.001828648	0.0008871897	2.725486e-05	2.77049e-06	1.272466e-06	1.257694e-06	1.152679e-06	9.786348e-07	9.19363e-07	9.212366e-07	9.2349e-07	4.165036e-07	4.077361e-07	2.1071e-08	1.14175e-08	8.688501e-09	1.611768e-10	8.088856e-11	5.371578e-11
102	0.1131052	0.09212512	0.0859125	0.0853875	0.08506956	0.07157627	0.07054263	0.06019641	0.04773646	0.03682967	0.02569248	0.01249765	0.001794584	0.0008410342	2.363498e-05	1.420877e-06	5.788112e-07	5.701332e-07	5.125597e-07	4.147403e-07	3.791764e-07	3.780906e-07	3.767678e-07	2.65221e-07	2.645873e-07	1.279008e-08	6.998638e-09	5.433823e-09	1.205189e-10	6.417722e-11
103	0.1209904	0.1018053	0.08771894	0.08238053	0.08185919	0.08157863	0.06970782	0.06880938	0.05854458	0.04782944	0.03683733	0.02559457	0.01256928	0.001759305	0.0007958985	2.022177e-05	2.100019e-07	4.471796e-08	4.363456e-08	3.813088e-08	2.873409e-08	2.511419e-08	2.461513e-08	2.400693e-08	2.05726e-08	1.882385e-08	1.209397e-09	6.876548e-10	5.271302e-10	4.848382e-11
104	0.1503683	0.1199948	0.1010055	0.08738534	0.08207321	0.08154632	0.08134027	0.06996514	0.06906955	0.05875789	0.04815277	0.03709021	0.02577057	0.01265596	0.001768263	0.000797592	2.00902e-05	1.182316e-07	1.195513e-08	1.168711e-08	1.097521e-08	9.809628e-09	9.254503e-09	9.050267e-09	8.781251e-09	7.257516e-09	5.321333e-09	5.240342e-10	2.897097e-10	2.290299e-10
105	0.9986664	0.1520916	0.12154	0.102292	0.0885713	0.08318686	0.08265261	0.08244503	0.07092338	0.07001557	0.05957405	0.04883231	0.03762094	0.02614423	0.01284328	0.001794818	0.0008097364	2.039979e-05	1.193454e-07	1.188822e-08	1.162578e-08	1.094508e-08	9.829633e-09	9.29214e-09	9.089697e-09	8.821555e-09	7.288635e-09	5.319962e-09	5.286769e-10	2.92185e-10
106	0.9960439	0.9952579	0.1513438	0.1206024	0.1011594	0.08791001	0.08245488	0.08191379	0.08171146	0.071387	0.07046807	0.05989433	0.04901303	0.03764921	0.02601174	0.01302567	0.001820814	0.0008216098	2.070043e-05	1.204145e-07	1.181484e-08	1.155818e-08	1.090925e-08	9.845223e-09	9.32594e-09	9.125456e-09	8.8584e-09	7.317402e-09	5.3125e-09	5.32477e-10
107	0.9896443	0.9868246	0.9860341	0.1504195	0.1198433	0.1006473	0.08781097	0.08236043	0.08181465	0.08161921	0.0713254	0.07040524	0.05985265	0.048989	0.03763006	0.02599412	0.01301663	0.001820441	0.0008215889	2.070439e-05	1.198321e-07	1.16347e-08	1.138821e-08	1.078195e-08	9.782022e-09	9.28782e-09	9.093177e-09	8.831624e-09	7.303349e-09	5.264647e-09
108	0.8175906	0.8151153	0.8123837	0.8116075	0.1461693	0.1158856	0.09643453	0.08890476	0.0834689	0.08291552	0.08271737	0.07232079	0.0713879	0.06070009	0.0496935	0.0381783	0.02637683	0.01321502	0.001848625	0.0008344941	2.103157e-05	1.193126e-07	9.931715e-09	9.664217e-09	9.069388e-09	8.100821e-09	7.597095e-09	7.372564e-09	7.078447e-09	5.509794e-09
109	0.7979177	0.7894361	0.7872362	0.7846883	0.7839993	0.1325425	0.102061	0.08328264	0.08001572	0.07451975	0.07395858	0.07375822	0.07305657	0.07211213	0.06132033	0.05020382	0.03859725	0.02669293	0.01338466	0.001873307	0.0008458476	2.132297e-05	1.201505e-07	9.583094e-09	9.312619e-09	8.726244e-09	7.78339e-09	7.284193e-09	7.053209e-09	6.752535e-09
110	0.6085708	0.6059648	0.6043439	0.6026277	0.6011815	0.6008128	0.1217522	0.09380705	0.07839079	0.07529489	0.07023392	0.07012293	0.06994431	0.06925793	0.06846466	0.05825304	0.04775526	0.03700753	0.02562876	0.0128249	0.001795951	0.0008111275	2.045283e-05	1.149e-07	8.902157e-09	8.642272e-09	8.076885e-09	7.167751e-09	6.685788e-09	6.460366e-09
111	0.6688269	0.6016174	0.5990216	0.5973871	0.5956556	0.5942132	0.5938418	0.1234605	0.09517239	0.07955079	0.07641601	0.07127973	0.07116712	0.07098593	0.07029462	0.06948955	0.05913903	0.04849359	0.03758902	0.0260379	0.01303339	0.001825655	0.000824774	2.080235e-05	1.163988e-07	8.780774e-09	8.522416e-09	7.957849e-09	7.049284e-09	6.564802e-09
112	0.6841673	0.6381569	0.5970565	0.5944697	0.5928173	0.5910853	0.5897738	0.5894004	0.124739	0.09611768	0.08030311	0.07716352	0.07195582	0.07184169	0.07165787	0.07110637	0.07029004	0.05980658	0.04901928	0.03796342	0.02624521	0.01323169	0.001853822	0.000837576	2.113789e-05	1.179035e-07	8.699833e-09	8.442954e-09	7.877993e-09	6.967716e-09
113	0.9529552	0.6804408	0.6350844	0.5952588	0.5926453	0.5909696	0.5892301	0.5879482	0.5875708	0.1261872	0.09719311	0.08115653	0.0780596	0.07277824	0.07266249	0.07247581	0.07195991	0.07113196	0.06051279	0.04958025	0.03836961	0.0264801	0.01343693	0.001883279	0.0008511493	2.148621e-05	1.196741e-07	8.665146e-09	8.404594e-09	7.830658e-09
114	0.9518413	0.9067182	0.6573038	0.6127248	0.5803321	0.5777507	0.5760598	0.5744256	0.5732296	0.5728521	0.1240702	0.09540281	0.07952958	0.07652641	0.07129915	0.07118481	0.07099575	0.07052636	0.06970561	0.05920197	0.04838228	0.03727482	0.02548089	0.01330597	0.001866535	0.000843846	2.130869e-05	1.185987e-07	8.454645e-09	8.196633e-09
115	0.9750147	0.949883	0.9048061	0.6561192	0.6115218	0.5789951	0.5763776	0.5746603	0.5730059	0.5717972	0.5714152	0.1258468	0.09678733	0.08067938	0.07763812	0.0723339	0.07221793	0.07202581	0.07155228	0.07071939	0.06007802	0.04911044	0.0378446	0.02587459	0.01351219	0.001897526	0.000858147	2.167693e-05	1.2047e-07	8.420112e-09
116	0.9692595	0.949599	0.9249311	0.8804275	0.6335	0.6060961	0.5747898	0.5721615	0.5704713	0.5688436	0.5676381	0.5672738	0.1265298	0.09719336	0.08113236	0.07806373	0.07270031	0.07258304	0.07254914	0.07207087	0.07122828	0.06047327	0.04938228	0.0379822	0.0262026	0.01368774	0.001921891	0.0008700057	2.198398e-05	1.220099e-07
117	0.9624339	0.9602754	0.9402934	0.915846	0.871606	0.6268601	0.5998281	0.5720314	0.5693687	0.5676515	0.5660081	0.5647955	0.5644269	0.1278314	0.09810484	0.08181709	0.07875267	0.07331214	0.07319315	0.07315872	0.07269714	0.0718423	0.06098578	0.04978789	0.03837925	0.02656953	0.01390654	0.001953238	0.0008845101	2.235825e-05
118	0.9852721	0.9551955	0.9531689	0.9328588	0.9084661	0.8643032	0.6203565	0.5936604	0.5697231	0.5670261	0.5652852	0.5636255	0.5624025	0.5620294	0.1294182	0.09924546	0.08269422	0.07960321	0.07407471	0.07395379	0.07391878	0.07347042	0.07260173	0.06159582	0.05023854	0.03869872	0.0267406	0.01415464	0.001988772	0.0009009554
119	0.9442491	0.9362252	0.9067571	0.9050635	0.8844545	0.8609189	0.8185453	0.5849507	0.5606445	0.5451222	0.5424193	0.5406549	0.5390321	0.5378465	0.5374734	0.1255246	0.09619507	0.08003211	0.07705562	0.07166503	0.07154702	0.07151174	0.07110659	0.07025747	0.05962221	0.04864157	0.03750528	0.02595424	0.01378298	0.001941717
120	0.7401853	0.7297251	0.7260771	0.7055189	0.7047551	0.7042866	0.6870016	0.6530342	0.4661939	0.4470874	0.4350664	0.4324501	0.4323629	0.4309981	0.430023	0.4299319	0.101244	0.07776376	0.06457264	0.06216228	0.0577838	0.05768603	0.05765278	0.05731455	0.05661304	0.04818447	0.03948051	0.03068953	0.02154257	0.01127212
121	0.6900106	0.6806909	0.6719063	0.6685724	0.655074	0.6543799	0.6541719	0.6408324	0.6095572	0.4340053	0.4163021	0.4049251	0.4044071	0.4043423	0.4031943	0.4023569	0.402283	0.09636294	0.07396386	0.06151416	0.05920468	0.05510503	0.05501825	0.05498553	0.0546585	0.05405235	0.04607083	0.03782323	0.02951287	0.0208428
122	0.8249412	0.6849138	0.6754475	0.6667535	0.6633822	0.6500054	0.6494025	0.6491951	0.6360299	0.6046086	0.4286049	0.4113187	0.3998711	0.3993471	0.3992818	0.398116	0.3972676	0.3971942	0.09806889	0.07529961	0.06262404	0.06027603	0.05610222	0.05601386	0.05598056	0.05564872	0.05503161	0.04692168	0.03853558	0.03007998
123	0.9949175	0.8166911	0.6790262	0.6694347	0.6608383	0.6574331	0.6442007	0.6438391	0.6436325	0.6306551	0.5991097	0.4227907	0.4059444	0.3944657	0.3939361	0.3938703	0.3926869	0.391828	0.3917551	0.09973481	0.07660357	0.0637052	0.06131951	0.05707276	0.05698286	0.05694894	0.05661368	0.05598579	0.04775281	0.0392333
124	0.9966091	0.9914392	0.809919	0.6720385	0.6623454	0.653869	0.6504521	0.6373924	0.6370906	0.6368856	0.6241079	0.5924877	0.4161052	0.3997194	0.3882237	0.3876892	0.3876231	0.3864239	0.3855561	0.3854838	0.1012109	0.07775846	0.06465672	0.06223741	0.05792462	0.05783332	0.05779878	0.05746058	0.05682294	0.04848643
125	0.9901321	0.9866865	0.9814246	0.7968257	0.6651482	0.6553046	0.6469739	0.6435248	0.6306823	0.6303799	0.6301762	0.6174273	0.5854702	0.4074584	0.39121	0.380317	0.3797749	0.3797082	0.3784911	0.3776103	0.3775387	0.1028954	0.07911134	0.06578762	0.06334152	0.05895622	0.05886336	0.05882816	0.05852472	0.05787633
126	0.9743345	0.969165	0.9656598	0.9603052	0.772211	0.6507182	0.6409342	0.6329081	0.6294953	0.6171147	0.6168487	0.6166491	0.6038471	0.571499	0.3913762	0.375064	0.3641429	0.3635965	0.3635297	0.3623181	0.3614312	0.3613615	0.10285	0.07948301	0.06630188	0.06388076	0.05954748	0.05945531	0.05941955	0.0591204
127	0.9579104	0.9513941	0.9469334	0.9433746	0.937932	0.7464678	0.6249043	0.6229742	0.6153253	0.6119633	0.6001496	0.5999823	0.599788	0.5869131	0.5541185	0.3715365	0.3551177	0.3444224	0.3438717	0.3438049	0.3426025	0.3417095	0.3416423	0.1027841	0.07974657	0.06677215	0.0643903	0.06013062	0.06003945	0.06000312
128	0.268381	0.2678546	0.2664585	0.2646853	0.2646041	0.2644633	0.2607144	0.2171099	0.2164092	0.2136869	0.2130011	0.2086098	0.208537	0.208481	0.2047643	0.1965232	0.1489792	0.1441457	0.1413289	0.141204	0.1411867	0.1409174	0.1407123	0.1406896	0.02296646	0.01729341	0.01444146	0.01390169	0.0129578	0.0129378
129	0.2721594	0.2483492	0.2478564	0.2465615	0.2449186	0.2448512	0.244732	0.2410664	0.2007465	0.2000586	0.1976239	0.1969683	0.1930014	0.1929326	0.1928811	0.1892827	0.1811558	0.1343977	0.129724	0.127051	0.1269273	0.1269105	0.1266444	0.1264417	0.1264207	0.02281839	0.01722658	0.01437941	0.01384832	0.01290732
130	0.8286555	0.2581211	0.2355789	0.235111	0.2338948	0.2323535	0.2322901	0.2321758	0.2285236	0.1885155	0.1878465	0.1856463	0.1850045	0.1813735	0.1813125	0.1812643	0.1777462	0.169597	0.122778	0.1181927	0.1155172	0.1153923	0.1153756	0.115107	0.1149021	0.1148823	0.02315049	0.01758182	0.01467711	0.01413789
131	0.9986521	0.8327301	0.251295	0.2296375	0.2291823	0.2280038	0.2265141	0.2264526	0.2263402	0.2226669	0.1824324	0.1817728	0.1797012	0.1790626	0.1756126	0.175557	0.1755104	0.1720118	0.1637763	0.1165017	0.1119314	0.1092381	0.1091114	0.1090947	0.1088223	0.1086146	0.1085954	0.02353566	0.0179328	0.01496712
132	0.9978676	0.9966401	0.8365188	0.2439526	0.223055	0.2226119	0.2214731	0.2200364	0.2199771	0.219867	0.2161718	0.1760103	0.175347	0.1734105	0.1727756	0.1695147	0.1694605	0.1694156	0.1659391	0.1576187	0.1098925	0.1053388	0.1026788	0.1025502	0.1025335	0.102257	0.1020461	0.1020275	0.02395524	0.01831749
133	0.9989102	0.9967683	0.9955726	0.8410441	0.2363263	0.2164003	0.2159697	0.2148712	0.2134914	0.2134343	0.2133264	0.2096053	0.1693461	0.1686791	0.1668865	0.1662558	0.1631965	0.1631439	0.1631009	0.159649	0.151241	0.1028741	0.09833888	0.09566961	0.09553878	0.09552203	0.09524156	0.09502699	0.0950091	0.02439491
134	0.9352877	0.9343397	0.9322595	0.9311633	0.7925468	0.1827233	0.1653593	0.1649688	0.1639858	0.1627657	0.1627149	0.1626146	0.158934	0.1507015	0.1500783	0.1486311	0.1481032	0.1455714	0.1455248	0.145488	0.1420781	0.1336698	0.08522529	0.08071303	0.07814984	0.07802279	0.07800682	0.07775715	0.07754929	0.0775341
135	0.9317749	0.9269421	0.9261416	0.9240964	0.923057	0.7930142	0.1717649	0.1553251	0.1549529	0.1540261	0.1528778	0.1528298	0.1527325	0.1490357	0.1413616	0.141083	0.1398076	0.1392927	0.137007	0.1369771	0.1369427	0.1335884	0.1251542	0.07665003	0.07224784	0.06970355	0.06957569	0.06955987	0.06930952	0.06910038
136	0.2670763	0.2661442	0.2655863	0.2651633	0.2643036	0.2636349	0.1626344	0.1368385	0.12462	0.1243744	0.123659	0.1229199	0.1228834	0.1228263	0.1218078	0.1154154	0.1151632	0.1141651	0.1136991	0.1118025	0.1117766	0.1117488	0.1091064	0.1020722	0.06321371	0.05982064	0.05755706	0.05745	0.05743656	0.05722328
137	0.301793	0.2511583	0.2502746	0.2497416	0.249332	0.2484848	0.2478587	0.153039	0.1279843	0.1168818	0.1166518	0.1159813	0.1152921	0.1152576	0.115203	0.1142161	0.1082676	0.1080189	0.1071366	0.1066721	0.1049338	0.1049096	0.1048835	0.1024271	0.09547391	0.05728689	0.05426151	0.05202492	0.05191728	0.05190389
138	0.9941415	0.2973793	0.2492468	0.2483701	0.2478385	0.2474283	0.2465728	0.2459525	0.1519726	0.1268304	0.1158631	0.1156361	0.1149715	0.1142896	0.1142553	0.1142008	0.1132099	0.1073463	0.1070948	0.1062413	0.1057705	0.1040631	0.1040391	0.1040132	0.1015861	0.0945516	0.05600348	0.05306583	0.05080879	0.05069927
139	0.9971319	0.9912061	0.294985	0.2472096	0.2463373	0.2458058	0.2453949	0.2445319	0.2439166	0.1508981	0.1256725	0.1148254	0.1146008	0.1139419	0.1132678	0.1132337	0.1131793	0.1121835	0.1064025	0.1061481	0.1053251	0.1048492	0.1031748	0.1031509	0.1031253	0.1007294	0.09360646	0.05464691	0.05180146	0.04952202
140	0.9563293	0.9534148	0.9474421	0.2864329	0.2432035	0.2423391	0.2418113	0.2414037	0.2405315	0.2399238	0.1488888	0.1236676	0.1134797	0.1132574	0.1126063	0.1119217	0.1118875	0.1118327	0.1108345	0.1051076	0.1048486	0.1040134	0.1035274	0.1018237	0.1017993	0.1017733	0.09968399	0.09277062	0.05514858	0.052631
141	0.979498	0.9384534	0.9354901	0.9294331	0.2840351	0.2412104	0.2404533	0.239925	0.2395143	0.2386276	0.2380457	0.1479751	0.1225414	0.1124387	0.112224	0.1115824	0.1108843	0.1108541	0.1108138	0.109831	0.1040712	0.1038068	0.102954	0.1024548	0.1007117	0.1006868	0.1006618	0.09912414	0.09264453	0.05569567
142	0.9955549	0.9767659	0.9346222	0.9316006	0.9254422	0.2813136	0.238899	0.23815	0.2376206	0.2372076	0.236307	0.2357317	0.1467654	0.1211607	0.1111685	0.110956	0.110322	0.1096116	0.1095814	0.109541	0.1085544	0.1027918	0.1025282	0.1016586	0.1011463	0.09937005	0.09934526	0.09931977	0.09782514	0.09172153
143	0.8882238	0.885611	0.8750084	0.8318426	0.8287953	0.8226698	0.2694886	0.2301371	0.2294191	0.2289141	0.2285159	0.2276193	0.2270658	0.1414403	0.1163355	0.106738	0.1065333	0.1059226	0.1052254	0.1051962	0.1051571	0.1041866	0.0989978	0.09873236	0.09787333	0.09735736	0.09563734	0.09561293	0.0955881	0.09414004
144	0.9002137	0.8790084	0.8764342	0.8660362	0.8216335	0.8185186	0.8122923	0.2654349	0.2267002	0.2259933	0.2254889	0.2250909	0.224182	0.2236377	0.1395248	0.1143482	0.1049146	0.1047132	0.1041131	0.1034139	0.103385	0.1033463	0.1023744	0.0972483	0.09697976	0.09612335	0.09559524	0.09388031	0.0938565	0.09383167
145	0.9624993	0.88714	0.865759	0.8631983	0.8530371	0.8072817	0.8040892	0.7977986	0.2619609	0.224614	0.2239203	0.2234127	0.2230112	0.2220848	0.2215467	0.1384468	0.1130177	0.1036977	0.1034983	0.1029053	0.1021934	0.1021643	0.1021256	0.1011469	0.09607236	0.09579819	0.09492841	0.09439148	0.09264378	0.09261946
146	0.9858038	0.9482962	0.8749006	0.8554349	0.8529052	0.8430037	0.795829	0.7925566	0.7861556	0.2569384	0.2212394	0.2205627	0.2200538	0.2196501	0.2187074	0.2181784	0.136582	0.1109663	0.1018706	0.1016745	0.1010919	0.1003711	0.1003421	0.1003035	0.09932075	0.09431459	0.09403907	0.09316316	0.09262702	0.09085964
147	0.522555	0.5208165	0.5143433	0.4759336	0.4625506	0.4612762	0.456647	0.455062	0.4546229	0.4533244	0.1453768	0.1247758	0.1243949	0.1241649	0.123992	0.1237648	0.1234652	0.07668799	0.0630116	0.05783131	0.05772166	0.05738953	0.05716567	0.05715211	0.05713356	0.05650821	0.05397823	0.05392064	0.05363655	0.05354652
148	0.6101815	0.5042441	0.5025382	0.4961833	0.4595525	0.4461652	0.4449442	0.4405248	0.4389548	0.4385173	0.4372469	0.1390163	0.1194515	0.1190884	0.1188629	0.118693	0.1184693	0.1181837	0.07364874	0.0600565	0.05512383	0.05501912	0.05470279	0.0544784	0.05446518	0.05444711	0.05382515	0.05138255	0.05132587	0.05103983
149	0.9097128	0.5122274	0.4339535	0.4324661	0.4266811	0.3960022	0.3832511	0.3822221	0.3785091	0.3771657	0.3767833	0.3756763	0.1160424	0.0998647	0.09956148	0.0993775	0.09924874	0.09906713	0.09882994	0.06172846	0.04992421	0.04585984	0.04577323	0.04551002	0.04534035	0.04532987	0.04531528	0.04474679	0.04278697	0.04273642
150	0.348464	0.3476299	0.2997977	0.2849718	0.2842904	0.2821187	0.261211	0.2580379	0.257378	0.2548509	0.2542771	0.2541483	0.253541	0.07814142	0.06672289	0.06651325	0.06642041	0.06635468	0.06623735	0.06607209	0.04004847	0.03461366	0.03178562	0.03172621	0.03154212	0.03146599	0.03145989	0.03145153	0.03127793	0.03004191
151	0.3550641	0.3209439	0.3201634	0.2734307	0.259792	0.2591739	0.2572282	0.2386093	0.2357782	0.235189	0.232918	0.2323842	0.2322628	0.2317021	0.0697936	0.05966994	0.05948311	0.05939917	0.05934006	0.05922947	0.0590822	0.03590392	0.03082613	0.02831183	0.0282588	0.02809481	0.02802104	0.02801548	0.02800786	0.02785309
152	0.7744499	0.3330778	0.2995725	0.298826	0.2521652	0.2391083	0.2385422	0.2367836	0.2200857	0.2175384	0.2170083	0.2150956	0.214591	0.2144746	0.2139506	0.06291674	0.05381886	0.05365115	0.05357424	0.05352024	0.05341452	0.05328231	0.03249137	0.0276829	0.02542358	0.02537587	0.02522872	0.02515555	0.02515041	0.02514338
153	0.8259592	0.7644225	0.3102198	0.2766255	0.2759154	0.2293811	0.2171485	0.2166374	0.215079	0.2004356	0.1981917	0.1977247	0.1960436	0.1955701	0.1954588	0.194974	0.05555189	0.04755748	0.04741022	0.0473408	0.04729222	0.04719164	0.04707553	0.02883848	0.02431546	0.02232973	0.0222877	0.02215858	0.02208595	0.02208126
154	0.998453	0.8166164	0.7530488	0.2847444	0.2514347	0.2507637	0.2043795	0.1932666	0.1928153	0.1914747	0.1790676	0.1771537	0.1767555	0.175326	0.1748862	0.1747806	0.1743384	0.04754132	0.04074616	0.04062116	0.04055989	0.0405172	0.04042221	0.04032364	0.02486645	0.02065394	0.01896596	0.01893012	0.01882062	0.01874856
155	0.9912818	0.9898222	0.7995872	0.7337281	0.2500683	0.2239832	0.2233572	0.17712	0.1669141	0.16653	0.1654333	0.1554933	0.1539459	0.1536241	0.1524724	0.1520779	0.1519809	0.1515879	0.03872635	0.03322815	0.03312769	0.0330757	0.03303975	0.03295137	0.03287214	0.02048161	0.01662078	0.01526138	0.01523241	0.01514458
156	0.947717	0.9387711	0.9374576	0.7767427	0.7084038	0.2078817	0.1885707	0.187995	0.1419596	0.1377477	0.1374387	0.1366139	0.1293766	0.1282334	0.127996	0.1271515	0.1268161	0.1267313	0.1263951	0.0289769	0.02493819	0.02486462	0.0248232	0.02479492	0.02471431	0.02465628	0.01562524	0.01215842	0.01116443	0.01114308
157	0.1598161	0.1576809	0.1571493	0.156577	0.1518121	0.08180545	0.0617125	0.05839837	0.05819899	0.05368915	0.05167532	0.05152108	0.05102243	0.04677585	0.04610087	0.04595801	0.0454565	0.04522737	0.04516834	0.04503093	0.0159825	0.01354386	0.01350026	0.01347845	0.01346302	0.01344065	0.01340713	0.008090454	0.007221395	0.006627805
158	0.174042	0.1165167	0.1146718	0.1142727	0.1138318	0.1090218	0.03564522	0.02172209	0.0203919	0.02027085	0.01794192	0.01725479	0.01719593	0.01702568	0.01560734	0.01538083	0.01533298	0.01516564	0.01508751	0.01506709	0.01502048	0.005311708	0.004558478	0.004542956	0.004535413	0.004529991	0.004522232	0.004510946	0.002708704	0.002404735
159	0.7741865	0.08215599	0.03435409	0.0324921	0.03210159	0.03166956	0.02660899	0.02643933	0.01443176	0.01332841	0.01321846	0.01124888	0.01080803	0.01076654	0.01065755	0.009774831	0.009632079	0.009602236	0.009497455	0.009447947	0.009434838	0.009405257	0.003304806	0.002833085	0.00282421	0.00281932	0.002815743	0.002810705	0.002803751	0.001706454
160	0.2787477	0.2586386	0.06035453	0.01415653	0.01237798	0.01224477	0.01215429	0.008857477	0.008779529	0.007333686	0.006453281	0.006418764	0.005257112	0.005042302	0.005027034	0.004974731	0.004562418	0.004495582	0.00448167	0.004432673	0.004409972	0.004403993	0.004390298	0.001544893	0.001324209	0.001320075	0.001317784	0.001316111	0.00131371	0.001310464
161	0.3824422	0.2717755	0.2579778	0.06100993	0.01208004	0.01020649	0.01007341	0.009986476	0.00647822	0.006423464	0.005301008	0.004455055	0.004423525	0.003327769	0.003183695	0.003173582	0.003138935	0.002880181	0.002837657	0.002828914	0.002798068	0.002783727	0.002779882	0.002771145	0.000975685	0.0008370344	0.0008344268	0.0008329028	0.0008317621	0.0008301459
162	0.9726299	0.3912274	0.2855682	0.2724298	0.06454971	0.01225736	0.01025508	0.01011444	0.01002335	0.006266291	0.006213958	0.005102718	0.004248362	0.004215722	0.003072761	0.002937466	0.00292795	0.002895341	0.002656915	0.002617513	0.00260945	0.002581009	0.002567732	0.002564151	0.002556052	0.0008991002	0.00077142	0.0007690133	0.0007676098	0.0007665725
163	0.9701758	0.9636625	0.4057299	0.2997489	0.2901136	0.06887942	0.01263751	0.01048558	0.01033579	0.01023948	0.006194125	0.006143034	0.005024567	0.004123771	0.004089605	0.002885455	0.002755272	0.002746171	0.002714979	0.002491851	0.002454762	0.002447211	0.00242063	0.002408163	0.002404777	0.002397146	0.0008430756	0.0007235413	0.0007212843	0.0007199492
164	0.9421917	0.938489	0.9318369	0.4015737	0.3188956	0.3099425	0.07302398	0.01280191	0.01047521	0.01031468	0.0102122	0.005830481	0.005780724	0.004650451	0.003996138	0.003960151	0.002683471	0.002559086	0.002550424	0.002520736	0.002314158	0.002279561	0.002272565	0.002247922	0.002236333	0.002233157	0.00222603	0.0007828512	0.0006721486	0.0006700532
165	0.8996175	0.8376459	0.8371228	0.8306059	0.3436694	0.2772451	0.2690911	0.01367449	0.01273755	0.0102043	0.0100311	0.009921358	0.005142109	0.0050938	0.003948942	0.003830971	0.003792824	0.002430203	0.002330543	0.002322391	0.002294446	0.00210714	0.002075443	0.002069093	0.002046706	0.00203614	0.002033207	0.002026666	0.0007125183	0.0006122847
166	0.4569857	0.4545707	0.4164733	0.4161146	0.4116916	0.06808638	0.02893081	0.02189031	0.008783389	0.008119582	0.008094634	0.008084534	0.008063671	0.002811496	0.002767783	0.00237511	0.002265212	0.002258292	0.00212441	0.002034036	0.00202771	0.002002101	0.00183764	0.001809723	0.001804154	0.001784443	0.00177546	0.001773001	0.001767484	0.0006246793
167	0.5127568	0.3991973	0.3968964	0.3552043	0.3548222	0.3504084	0.05866723	0.02564548	0.01970292	0.008618648	0.008277139	0.008255201	0.008246189	0.008225355	0.002390544	0.002348914	0.002015631	0.001915633	0.001909242	0.001795686	0.001720725	0.00171521	0.001691938	0.001553591	0.001529624	0.001524931	0.001508292	0.001500731	0.001498619	0.00149393
168	0.9915778	0.4635508	0.3436267	0.3414685	0.2951362	0.2947224	0.2902476	0.04973488	0.0226695	0.01781134	0.008738354	0.008540463	0.008521414	0.008513437	0.00849229	0.001929041	0.001888944	0.001614122	0.001561144	0.001555214	0.001461666	0.001411719	0.001406984	0.001385833	0.001273286	0.001253176	0.001249348	0.001235743	0.001229573	0.001227797
169	0.2435125	0.2432493	0.2084383	0.201424	0.2007412	0.1996313	0.1992805	0.1983245	0.03080457	0.01145823	0.008006507	0.001543247	0.001403696	0.001392842	0.001388732	0.001384362	0.001382588	0.001344232	0.001146064	0.001107836	0.001105297	0.001037856	0.001001672	0.0009988968	0.0009895825	0.0009080739	0.0008952194	0.0008925027	0.0008828096	0.0008787
170	0.1544685	0.1347751	0.1346285	0.1150866	0.1113575	0.1108844	0.1102599	0.1102424	0.1096981	0.01699871	0.006290945	0.004403748	0.0008397377	0.0007628542	0.0007567904	0.0007545196	0.0007521057	0.0007511122	0.0007441911	0.000632482	0.0006111645	0.0006096715	0.0005714805	0.0005512623	0.000549718	0.0005446514	0.0005004477	0.0004934576	0.0004919843	0.0004866681
171	0.03182722	0.02453371	0.02169077	0.02166694	0.01869633	0.01807264	0.01802583	0.01792773	0.01792514	0.01784132	0.00278625	0.001028458	0.0007189838	0.0001370434	0.0001244401	0.0001234755	0.0001231067	0.0001227138	0.0001225565	0.0001214226	0.0001035417	0.0001000252	9.980646e-05	9.378005e-05	9.044937e-05	9.020581e-05	8.937581e-05	8.213124e-05	8.09859e-05	8.074447e-05
172	0.02516774	0.003278754	0.002531146	0.002241271	0.002237599	0.001869331	0.001808621	0.001803535	0.001793348	0.001793077	0.001784534	0.0002784489	0.000102916	7.201443e-05	1.375413e-05	1.249598e-05	1.23991e-05	1.236202e-05	1.232254e-05	1.230669e-05	1.219343e-05	1.036161e-05	1.001182e-05	9.989649e-06	9.366021e-06	9.034091e-06	9.009595e-06	8.926646e-06	8.20319e-06	8.088737e-06
173	0.04367063	0.003336806	0.0004872367	0.0003758324	0.0003314506	0.0003311027	0.0002865064	0.0002770405	0.0002763281	0.0002748289	0.0002747893	0.0002735063	4.272397e-05	1.576652e-05	1.10218e-05	2.100471e-06	1.907248e-06	1.892464e-06	1.886812e-06	1.88079e-06	1.878381e-06	1.860988e-06	1.587377e-06	1.533525e-06	1.530174e-06	1.438043e-06	1.386962e-06	1.383228e-06	1.370498e-06	1.259377e-06
174	0.3945555	0.02741653	0.002096452	0.0003057846	0.0002357677	0.000208255	0.0002080363	0.0001800059	0.0001741759	0.0001737281	0.0001727856	0.0001727607	0.0001719541	2.685986e-05	9.912159e-06	6.929343e-06	1.320317e-06	1.199026e-06	1.189731e-06	1.186177e-06	1.182391e-06	1.180877e-06	1.16994e-06	9.978975e-07	9.641154e-07	9.620086e-07	9.04079e-07	8.720205e-07	8.696729e-07	8.616678e-07
175	0.9325121	0.3482184	0.02632794	0.002022396	0.0002948485	0.0002272977	0.0002009225	0.0002007114	0.000173662	0.0001680912	0.000167659	0.0001667495	0.0001667255	0.000165947	2.592153e-05	9.565706e-06	6.687273e-06	1.274168e-06	1.157141e-06	1.148171e-06	1.144741e-06	1.141087e-06	1.139625e-06	1.12907e-06	9.630282e-07	9.304382e-07	9.284047e-07	8.724959e-07	8.415649e-07	8.39299e-07
