#unpaired probabilities
 #i$	l=1	2	3	4	5	6	7	8	9	10	11	12	13	14	15	16	17	18	19	20	21	22	23	24	25	26	27	28	29	30	
1	0.5025896	NA	NA	NA	NA	NA	NA	NA	NA	NA	NA	NA	NA	NA	NA	NA	NA	NA	NA	NA	NA	NA	NA	NA	NA	NA	NA	NA	NA	NA
2	0.5046838	0.4958478	NA	NA	NA	NA	NA	NA	NA	NA	NA	NA	NA	NA	NA	NA	NA	NA	NA	NA	NA	NA	NA	NA	NA	NA	NA	NA	NA	NA
3	0.9387032	0.4888134	0.4862599	NA	NA	NA	NA	NA	NA	NA	NA	NA	NA	NA	NA	NA	NA	NA	NA	NA	NA	NA	NA	NA	NA	NA	NA	NA	NA	NA
4	0.979797	0.9342653	0.4846063	0.4825842	NA	NA	NA	NA	NA	NA	NA	NA	NA	NA	NA	NA	NA	NA	NA	NA	NA	NA	NA	NA	NA	NA	NA	NA	NA	NA
5	0.9248164	0.9244785	0.8940237	0.4773577	0.4758851	NA	NA	NA	NA	NA	NA	NA	NA	NA	NA	NA	NA	NA	NA	NA	NA	NA	NA	NA	NA	NA	NA	NA	NA	NA
6	0.925857	0.909453	0.9092736	0.8915389	0.4752679	0.4749846	NA	NA	NA	NA	NA	NA	NA	NA	NA	NA	NA	NA	NA	NA	NA	NA	NA	NA	NA	NA	NA	NA	NA	NA
7	0.6882374	0.615146	0.5989314	0.5987522	0.5810404	0.1647719	0.1645195	NA	NA	NA	NA	NA	NA	NA	NA	NA	NA	NA	NA	NA	NA	NA	NA	NA	NA	NA	NA	NA	NA	NA
8	0.1754626	0.1746379	0.1192972	0.1032669	0.1031057	0.08550968	0.0835504	0.08332034	NA	NA	NA	NA	NA	NA	NA	NA	NA	NA	NA	NA	NA	NA	NA	NA	NA	NA	NA	NA	NA	NA
9	0.5588769	0.1731065	0.1723333	0.1171823	0.1011556	0.1009964	0.08340133	0.08145502	0.08143195	NA	NA	NA	NA	NA	NA	NA	NA	NA	NA	NA	NA	NA	NA	NA	NA	NA	NA	NA	NA	NA
10	0.9795076	0.5555375	0.17005	0.1692851	0.1141681	0.09814631	0.09798722	0.08039214	0.07844618	0.07844314	NA	NA	NA	NA	NA	NA	NA	NA	NA	NA	NA	NA	NA	NA	NA	NA	NA	NA	NA	NA
11	0.1072021	0.1067748	0.0644287	0.06377088	0.06370431	0.02255067	0.02248263	0.02244246	0.004855187	0.004291108	0.004288219	NA	NA	NA	NA	NA	NA	NA	NA	NA	NA	NA	NA	NA	NA	NA	NA	NA	NA	NA
12	0.1605737	0.1047545	0.1046018	0.06390767	0.06343655	0.06337098	0.02222603	0.02215886	0.0221187	0.004531459	0.00396798	0.003965469	NA	NA	NA	NA	NA	NA	NA	NA	NA	NA	NA	NA	NA	NA	NA	NA	NA	NA
13	0.04711849	0.0440762	0.04006771	0.03995944	0.006085258	0.005727867	0.005716533	0.003410935	0.003375825	0.003375456	0.00337456	0.002855834	0.002853546	NA	NA	NA	NA	NA	NA	NA	NA	NA	NA	NA	NA	NA	NA	NA	NA	NA
14	0.04254031	0.03819938	0.03672758	0.03495076	0.0348553	0.005440576	0.00508861	0.0050854	0.002787626	0.002778531	0.002778394	0.002777732	0.002754563	0.002752279	NA	NA	NA	NA	NA	NA	NA	NA	NA	NA	NA	NA	NA	NA	NA	NA
15	0.9232119	0.03953046	0.03540323	0.03432164	0.03338002	0.03328548	0.005153784	0.00483316	0.00483002	0.002533048	0.002524151	0.002524029	0.002523372	0.002500276	0.00249971	NA	NA	NA	NA	NA	NA	NA	NA	NA	NA	NA	NA	NA	NA	NA
16	0.9742058	0.9151558	0.03559124	0.03156315	0.03077362	0.02997484	0.02988418	0.004581688	0.004273164	0.004270139	0.001974547	0.001965992	0.00196587	0.001965213	0.001942119	0.001941605	NA	NA	NA	NA	NA	NA	NA	NA	NA	NA	NA	NA	NA	NA
17	0.2138206	0.2115774	0.175712	0.01394081	0.01204221	0.01152751	0.01078365	0.01077915	0.003943995	0.003646608	0.003644937	0.001357652	0.001349878	0.001349794	0.001349387	0.001347872	0.001347362	NA	NA	NA	NA	NA	NA	NA	NA	NA	NA	NA	NA	NA
18	0.5893476	0.1457981	0.1436501	0.1091556	0.01329238	0.01163738	0.01114489	0.01044435	0.01043993	0.00388315	0.003591702	0.003590042	0.001302892	0.00129515	0.001295066	0.001294659	0.001293181	0.001292682	NA	NA	NA	NA	NA	NA	NA	NA	NA	NA	NA	NA
19	0.1829039	0.1322149	0.0736598	0.07157053	0.03792666	0.01174742	0.01103806	0.01055538	0.01027564	0.01027124	0.003779238	0.003578753	0.003577096	0.001289979	0.001282244	0.00128216	0.001281753	0.001280306	0.001280008	NA	NA	NA	NA	NA	NA	NA	NA	NA	NA	NA
20	0.5975869	0.1560657	0.1144401	0.05907165	0.05699207	0.03298992	0.008490679	0.007841508	0.007514059	0.007261588	0.007257561	0.003210736	0.003094792	0.003093224	0.0008072981	0.0007998405	0.0007997559	0.0007993493	0.0007979029	0.0007976105	NA	NA	NA	NA	NA	NA	NA	NA	NA	NA
21	0.1042134	0.09579728	0.07483803	0.0439735	0.03374539	0.03255677	0.01565237	0.005659376	0.005411929	0.005229262	0.005202494	0.005199515	0.002780899	0.002771953	0.002770452	0.0004853312	0.0004780585	0.0004779739	0.0004775699	0.0004766513	0.0004765902	NA	NA	NA	NA	NA	NA	NA	NA	NA
22	0.03360798	0.02688168	0.02127081	0.01306758	0.00870931	0.007530958	0.00661783	0.00240674	0.001414016	0.001372815	0.001281725	0.001270976	0.001269997	0.0002167756	0.0002128995	0.0002127731	0.0002121373	0.000207939	0.0002078691	0.0002078562	0.0002077966	0.00020774	NA	NA	NA	NA	NA	NA	NA	NA
23	0.04108151	0.01016641	0.00953491	0.009274994	0.008610205	0.005808138	0.005104758	0.004237252	0.001606726	0.0008986721	0.0008710532	0.0008053981	0.0007981558	0.0007974906	0.000133965	0.0001314874	0.0001314023	0.0001310609	0.0001309846	0.0001309621	0.0001309526	0.0001309439	0.0001308874	NA	NA	NA	NA	NA	NA	NA
24	0.8683492	0.04041657	0.009901039	0.009277515	0.009022433	0.008395294	0.00561391	0.004915638	0.004211609	0.00159756	0.000892383	0.0008649755	0.0008000046	0.0007928043	0.0007924846	0.0001330725	0.0001306103	0.000130565	0.0001302256	0.0001301497	0.0001301461	0.0001301411	0.0001301324	0.0001300759	NA	NA	NA	NA	NA	NA
25	0.8846459	0.8491853	0.03889018	0.008722708	0.0081087	0.007857718	0.007242164	0.004806431	0.004158868	0.004142763	0.001544253	0.0008655094	0.0008384289	0.0007966568	0.0007894902	0.0007893614	0.0001325249	0.0001300726	0.000130048	0.0001297099	0.0001296343	0.0001296343	0.0001296322	0.0001296246	0.0001295681	NA	NA	NA	NA	NA
26	0.9233592	0.8655006	0.8475949	0.03857834	0.008466181	0.007853782	0.007602831	0.00698789	0.004555564	0.00394415	0.003928048	0.001333101	0.000855557	0.0008371446	0.0007954228	0.0007885062	0.0007883775	0.0001323216	0.0001299008	0.0001298762	0.0001295385	0.000129463	0.000129463	0.0001294609	0.0001294534	0.0001294142	NA	NA	NA	NA
27	0.1218116	0.1177005	0.06401289	0.04665488	0.03817358	0.008314938	0.007703341	0.007452404	0.006837862	0.004407975	0.00380007	0.00378397	0.001191604	0.0008531725	0.0008360647	0.0007943842	0.0007877004	0.0007875719	0.0001321675	0.0001297642	0.0001297397	0.0001294022	0.0001293268	0.0001293268	0.0001293247	0.0001293172	0.0001292856	NA	NA	NA
28	0.1556749	0.08000933	0.07605238	0.03054541	0.01386336	0.01134002	0.007994212	0.007386402	0.007135815	0.006535829	0.004211363	0.003634602	0.003618589	0.001138382	0.0008141066	0.0007992251	0.0007593531	0.0007534323	0.0007533083	0.0001263618	0.0001241002	0.0001240767	0.0001237532	0.0001236809	0.0001236809	0.0001236789	0.0001236714	0.0001236713	NA	NA
29	0.08644319	0.07613271	0.005129511	0.003572296	0.003429861	0.001499304	0.001346641	0.0005928365	0.0005001444	0.000260756	0.0001020203	8.887553e-05	5.504946e-05	4.096515e-05	1.782945e-05	4.658411e-06	4.315153e-06	4.094764e-06	4.0432e-06	4.023113e-06	6.945234e-07	6.821337e-07	6.818305e-07	6.626944e-07	6.622521e-07	6.622452e-07	6.602229e-07	6.544527e-07	6.543797e-07	NA
30	0.9030063	0.08526274	0.07517972	0.004190766	0.002639372	0.00257833	0.000680392	0.0005725071	0.0005680574	0.0004759782	0.0002366116	7.90796e-05	7.100606e-05	4.706541e-05	3.29855e-05	1.524469e-05	2.856834e-06	2.556648e-06	2.423535e-06	2.397606e-06	2.377778e-06	4.183212e-07	4.111138e-07	4.108624e-07	3.923936e-07	3.921063e-07	3.920993e-07	3.900771e-07	3.843068e-07	3.84277e-07
31	0.08047237	0.08039124	0.003698339	0.003200738	0.003129492	0.00208382	0.002070071	0.0001912404	9.146634e-05	9.01506e-05	7.410746e-05	7.39071e-05	4.451264e-05	4.24521e-05	1.985708e-05	1.960233e-05	1.221929e-05	8.402781e-07	5.813224e-07	5.503215e-07	5.400306e-07	5.398785e-07	9.228392e-08	9.058757e-08	9.056136e-08	9.03248e-08	9.026017e-08	9.025888e-08	9.025702e-08	8.694579e-08
32	0.06382903	0.02996051	0.02994322	0.002268044	0.002045271	0.002038128	0.002034499	0.002022	0.0001436123	4.401769e-05	4.274072e-05	4.266004e-05	4.265454e-05	4.225276e-05	4.068866e-05	1.813194e-05	1.812993e-05	1.213724e-05	7.827031e-07	5.253191e-07	4.97083e-07	4.871898e-07	4.870948e-07	8.362525e-08	8.208214e-08	8.206597e-08	8.186462e-08	8.181647e-08	8.181611e-08	8.181557e-08
33	0.9181499	0.06126645	0.02864736	0.02863159	0.001140002	0.0009181672	0.0009110523	0.0009074318	0.0008981548	0.0001427298	4.381414e-05	4.266435e-05	4.25839e-05	4.257843e-05	4.217764e-05	4.062086e-05	1.811871e-05	1.81167e-05	1.21318e-05	7.800202e-07	5.227894e-07	4.946788e-07	4.848072e-07	4.847126e-07	8.322105e-08	8.169048e-08	8.167438e-08	8.1474e-08	8.142607e-08	8.142571e-08
34	0.3160932	0.2631886	0.02935106	0.0142125	0.01419846	0.0009947654	0.0008691901	0.0008632116	0.0008596801	0.0008504379	9.517701e-05	2.821673e-05	2.736923e-05	2.728911e-05	2.728365e-05	2.68834e-05	2.533004e-05	1.776604e-05	1.776404e-05	1.178278e-05	7.773456e-07	5.21389e-07	4.933372e-07	4.836827e-07	4.835883e-07	8.301856e-08	8.150587e-08	8.148981e-08	8.128988e-08	8.124205e-08
35	0.9470853	0.2964855	0.2449857	0.02546296	0.01326308	0.01324964	0.0009818569	0.000863657	0.0008577856	0.0008542699	0.0008450859	8.992019e-05	2.502216e-05	2.428348e-05	2.420378e-05	2.419836e-05	2.379979e-05	2.225872e-05	1.77329e-05	1.773091e-05	1.176273e-05	7.657689e-07	5.168909e-07	4.8905e-07	4.79659e-07	4.795651e-07	8.231683e-08	8.084312e-08	8.082718e-08	8.062886e-08
36	0.9557493	0.9046515	0.2541179	0.2400614	0.02467156	0.01249639	0.01248361	0.0002288449	0.0001108614	0.00010509	0.0001016255	9.379511e-05	8.956816e-05	2.4796e-05	2.406925e-05	2.399118e-05	2.398592e-05	2.359424e-05	2.210436e-05	1.765061e-05	1.764866e-05	1.173496e-05	7.477971e-07	4.992659e-07	4.723025e-07	4.630435e-07	4.629517e-07	7.952972e-08	7.810643e-08	7.8091e-08
37	0.03238103	0.03198971	0.01322002	0.009961206	0.009138251	0.001771166	0.0002293382	0.0002184858	3.55676e-05	3.021363e-05	2.568993e-05	2.289104e-05	1.512942e-05	1.138681e-05	9.9892e-06	9.503926e-06	9.431368e-06	9.426134e-06	9.035437e-06	7.55279e-06	6.869849e-06	6.867906e-06	9.619045e-07	7.397771e-07	4.928433e-07	4.66004e-07	4.606899e-07	4.605984e-07	7.912962e-08	7.771809e-08
38	0.0377263	0.02728075	0.02697658	0.01107408	0.008728558	0.007988135	0.001154542	0.0001338914	0.0001231332	3.388159e-05	2.903868e-05	2.457276e-05	2.180309e-05	1.414444e-05	1.045059e-05	9.111687e-06	8.853183e-06	8.781653e-06	8.776527e-06	8.389408e-06	6.932534e-06	6.609891e-06	6.607969e-06	7.29391e-07	5.109454e-07	4.832958e-07	4.568983e-07	4.522912e-07	4.522008e-07	7.769006e-08
39	0.01529192	0.01102952	0.01072182	0.01066917	0.007522056	0.007285081	0.007221924	0.001007233	5.170745e-05	4.735094e-05	2.388744e-05	2.023141e-05	1.761717e-05	1.626984e-05	9.331045e-06	5.75771e-06	4.491756e-06	4.245659e-06	4.178724e-06	4.173867e-06	3.798576e-06	2.453731e-06	2.136653e-06	2.135374e-06	7.041245e-07	4.918089e-07	4.642841e-07	4.410079e-07	4.364638e-07	4.363793e-07
40	0.05601858	0.01413221	0.01067854	0.01038953	0.01034201	0.007476911	0.007251369	0.007190833	0.0009999952	5.019157e-05	4.586696e-05	2.335063e-05	1.977832e-05	1.722341e-05	1.590673e-05	9.091193e-06	5.566959e-06	4.366491e-06	4.138904e-06	4.072951e-06	4.068189e-06	3.697007e-06	2.38269e-06	2.079107e-06	2.077852e-06	6.79092e-07	4.799371e-07	4.536173e-07	4.308648e-07	4.265381e-07
41	0.9369878	0.05553797	0.01406576	0.01063926	0.01035212	0.01030498	0.007448817	0.007223943	0.007168634	0.0009971232	4.75688e-05	4.324778e-05	2.079138e-05	1.722762e-05	1.4679e-05	1.336557e-05	8.085879e-06	5.552266e-06	4.356152e-06	4.128995e-06	4.063147e-06	4.058395e-06	3.687652e-06	2.376591e-06	2.073882e-06	2.072629e-06	6.77334e-07	4.786904e-07	4.52493e-07	4.297963e-07
42	0.935202	0.9176312	0.04694934	0.007623459	0.004229685	0.003944422	0.003901977	0.001373512	0.001151753	0.001099534	0.0009958581	4.664413e-05	4.232519e-05	2.021092e-05	1.665118e-05	1.410391e-05	1.279184e-05	7.518597e-06	5.401451e-06	4.320825e-06	4.094452e-06	4.028631e-06	4.023882e-06	3.653225e-06	2.342809e-06	2.040346e-06	2.039094e-06	6.444854e-07	4.784439e-07	4.522621e-07
43	0.5111656	0.5094683	0.50761	0.02227057	0.006296457	0.003243466	0.002969779	0.002930145	0.0005001837	0.0002802108	0.0002290544	0.0001298522	4.624618e-05	4.192971e-05	2.009899e-05	1.654217e-05	1.399556e-05	1.268387e-05	7.410951e-06	5.294137e-06	4.251399e-06	4.062894e-06	3.997097e-06	3.992353e-06	3.621717e-06	2.31138e-06	2.018879e-06	2.017628e-06	6.231015e-07	4.571262e-07
44	0.6348418	0.5083883	0.506705	0.504966	0.02178163	0.006242123	0.003227989	0.002954853	0.002917218	0.0004949585	0.0002757814	0.0002254366	0.0001265204	4.315603e-05	4.179882e-05	2.004465e-05	1.649736e-05	1.395781e-05	1.264967e-05	7.390745e-06	5.279593e-06	4.239697e-06	4.051373e-06	3.985692e-06	3.981571e-06	3.611414e-06	2.305012e-06	2.013302e-06	2.012086e-06	6.213361e-07
45	0.9552985	0.6100811	0.5051604	0.5038457	0.5021375	0.02164785	0.006235973	0.003225865	0.002952953	0.002915384	0.0004941651	0.0002751641	0.0002250056	0.0001261768	4.283975e-05	4.14828e-05	1.991988e-05	1.637333e-05	1.383413e-05	1.252616e-05	7.268099e-06	5.157471e-06	4.117835e-06	4.050768e-06	3.985092e-06	3.980972e-06	3.610837e-06	2.304597e-06	2.012961e-06	2.011745e-06
46	0.9115437	0.9042607	0.5705485	0.488577	0.4879452	0.4869245	0.02026821	0.005860542	0.002978383	0.002835421	0.002799996	0.0004690363	0.0002675598	0.0002187605	0.0001224737	4.127173e-05	3.99508e-05	1.904446e-05	1.572595e-05	1.326667e-05	1.19992e-05	6.870827e-06	4.812607e-06	3.799375e-06	3.73398e-06	3.693217e-06	3.689246e-06	3.517946e-06	2.245086e-06	1.960885e-06
47	0.9373711	0.9094018	0.9036114	0.5700581	0.4881768	0.4876709	0.4867624	0.02021356	0.005857549	0.002976872	0.002833953	0.002798737	0.0004687387	0.0002673503	0.0002186297	0.0001223647	4.117832e-05	3.994068e-05	1.904118e-05	1.572322e-05	1.326433e-05	1.199704e-05	6.869344e-06	4.811398e-06	3.798344e-06	3.732959e-06	3.692203e-06	3.688276e-06	3.517001e-06	2.244463e-06
48	0.9662878	0.9194042	0.8918742	0.8862024	0.5591002	0.4787932	0.4782946	0.4774034	0.01981948	0.005745122	0.00291978	0.002779603	0.00274506	0.0004597437	0.0002622177	0.0002144325	0.0001200143	4.038692e-05	3.9173e-05	1.86747e-05	1.542035e-05	1.300861e-05	1.176561e-05	6.737562e-06	4.719126e-06	3.72543e-06	3.661383e-06	3.621408e-06	3.617557e-06	3.449564e-06
49	0.9290964	0.9137269	0.8683236	0.848125	0.8427615	0.5319397	0.4555344	0.4550532	0.4542054	0.01885519	0.005466635	0.002778256	0.002644868	0.002611995	0.0004373552	0.0002493957	0.0002039182	0.0001141083	3.83371e-05	3.718194e-05	1.767695e-05	1.45802e-05	1.228525e-05	1.110245e-05	6.412594e-06	4.490776e-06	3.545035e-06	3.484059e-06	3.446019e-06	3.442355e-06
50	0.8626865	0.8541699	0.8400443	0.7969224	0.77848	0.7735659	0.4884429	0.4182804	0.4178277	0.4170478	0.01731353	0.005019832	0.002551129	0.002428637	0.002398445	0.0004014409	0.0002288355	0.0001871589	0.0001046931	3.511125e-05	3.405042e-05	1.613814e-05	1.329435e-05	1.118687e-05	1.010069e-05	5.860838e-06	4.124428e-06	3.255557e-06	3.199477e-06	3.164545e-06
51	0.8319954	0.8034736	0.7953284	0.782959	0.7590014	0.7414276	0.7367459	0.4655505	0.3986875	0.3982506	0.3975067	0.01650163	0.004784472	0.002431419	0.002314665	0.002285884	0.0003824158	0.0002178965	0.0001782321	9.976321e-05	3.344005e-05	3.242889e-05	1.535626e-05	1.264565e-05	1.063686e-05	9.60154e-06	5.560324e-06	3.927489e-06	3.10303e-06	3.049541e-06
52	0.9667902	0.8252849	0.7967954	0.788659	0.7768863	0.7532161	0.7413768	0.7366969	0.4655029	0.3986563	0.3982195	0.3974757	0.01649557	0.0047841	0.002431174	0.002314423	0.002285645	0.0003822493	0.0002177328	0.0001780718	9.971707e-05	3.341768e-05	3.240652e-05	1.535213e-05	1.264156e-05	1.063277e-05	9.597458e-06	5.556246e-06	3.923415e-06	3.101004e-06
53	0.1321085	0.1273452	0.1178927	0.1145482	0.1141578	0.1124091	0.1089834	0.1072696	0.1065958	0.06735539	0.05768165	0.05762885	0.05752254	0.002387139	0.0006923586	0.0003518619	0.0003349664	0.0003308074	5.536602e-05	3.155688e-05	2.577342e-05	1.443062e-05	4.836342e-06	4.689957e-06	2.221963e-06	1.829703e-06	1.539006e-06	1.38918e-06	8.043837e-07	5.681012e-07
54	0.001452489	0.001415085	0.001362898	0.001313237	0.001306385	0.001304283	0.001183338	0.001138603	0.001110004	0.001103034	0.0006966869	0.0005967064	0.0005961933	0.0005945385	2.468327e-05	7.162575e-06	3.641615e-06	3.467012e-06	3.424051e-06	5.776838e-07	3.311276e-07	2.71737e-07	1.497137e-07	5.045035e-08	4.89307e-08	2.337024e-08	1.930807e-08	1.630004e-08	1.47502e-08	8.709985e-09
55	0.001206966	0.001131041	0.001116261	0.00107413	0.001065873	0.001063161	0.001061864	0.000944334	0.0009067147	0.0008864634	0.0008809088	0.0005561891	0.0004763324	0.0004759249	0.0004744898	1.970595e-05	5.716621e-06	2.904527e-06	2.765077e-06	2.730768e-06	4.573903e-07	2.603602e-07	2.130566e-07	1.192064e-07	3.998656e-08	3.877147e-08	1.834978e-08	1.510357e-08	1.270024e-08	1.146206e-08
56	0.00140491	0.001174917	0.001122656	0.001108044	0.001066127	0.001057976	0.001055288	0.001053997	0.0009365086	0.000898982	0.0008837635	0.0008782258	0.0005544896	0.0004748775	0.0004744712	0.0004730388	1.964066e-05	5.699016e-06	2.895547e-06	2.756523e-06	2.72232e-06	4.558779e-07	2.594462e-07	2.122882e-07	1.187909e-07	3.984743e-08	3.863609e-08	1.828961e-08	1.505323e-08	1.265719e-08
57	0.1248037	0.0002168878	6.151447e-05	5.553903e-05	5.432394e-05	5.155872e-05	5.141023e-05	5.132447e-05	5.123704e-05	5.066788e-05	4.006954e-05	3.827312e-05	3.803305e-05	2.360956e-05	2.026116e-05	2.024171e-05	1.963797e-05	8.239437e-07	2.415629e-07	1.221641e-07	1.163475e-07	1.149182e-07	1.972011e-08	1.114185e-08	9.166462e-09	5.042153e-09	1.725987e-09	1.667912e-09	7.752495e-10	6.310417e-10
58	0.9988685	0.1247988	0.0002120093	5.705176e-05	5.162991e-05	5.046281e-05	4.77669e-05	4.762751e-05	4.75451e-05	4.745954e-05	4.691368e-05	3.84832e-05	3.672502e-05	3.649475e-05	2.26371e-05	1.942801e-05	1.94093e-05	1.880709e-05	7.895242e-07	2.315747e-07	1.170831e-07	1.115099e-07	1.101405e-07	1.89093e-08	1.067391e-08	8.787008e-09	4.83241e-09	1.654664e-09	1.598699e-09	7.415931e-10
59	0.9988562	0.9988482	0.1247799	0.0001931844	5.483202e-05	4.967737e-05	4.852644e-05	4.589826e-05	4.576308e-05	4.568263e-05	4.559852e-05	4.507485e-05	3.669104e-05	3.52595e-05	3.50384e-05	2.171669e-05	1.863978e-05	1.86217e-05	1.802093e-05	7.567409e-07	2.220051e-07	1.12167e-07	1.068246e-07	1.05512e-07	1.804286e-08	1.013267e-08	8.324392e-09	4.629273e-09	1.587804e-09	1.533877e-09
60	0.9999895	0.9988468	0.9988389	0.1247724	0.000185712	4.743964e-05	4.234174e-05	4.119107e-05	3.856529e-05	3.843023e-05	3.834985e-05	3.82658e-05	3.774288e-05	3.663033e-05	3.520787e-05	3.498709e-05	2.168527e-05	1.861285e-05	1.85948e-05	1.799407e-05	7.555592e-07	2.21621e-07	1.11941e-07	1.066065e-07	1.052959e-07	1.795452e-08	1.005538e-08	8.250386e-09	4.621836e-09	1.585199e-09
61	0.9996786	0.9996772	0.9985345	0.9985267	0.1247715	0.0001847364	4.646639e-05	4.15854e-05	4.0435e-05	3.780983e-05	3.767489e-05	3.759453e-05	3.75105e-05	3.698776e-05	3.587558e-05	3.519615e-05	3.497545e-05	2.167784e-05	1.860648e-05	1.858843e-05	1.798771e-05	7.551521e-07	2.214518e-07	1.118088e-07	1.064762e-07	1.051659e-07	1.785423e-08	9.95768e-09	8.153315e-09	4.587216e-09
62	0.9993044	0.9989831	0.9989817	0.9978397	0.9978319	0.1247707	0.0001840296	4.576561e-05	4.094441e-05	3.979619e-05	3.719543e-05	3.706132e-05	3.698143e-05	3.689787e-05	3.638339e-05	3.530949e-05	3.464347e-05	3.442617e-05	2.13329e-05	1.831109e-05	1.829326e-05	1.769308e-05	7.429014e-07	2.179046e-07	1.100058e-07	1.047598e-07	1.034708e-07	1.756993e-08	9.795316e-09	8.020311e-09
63	0.1269171	0.1262226	0.1259099	0.1259086	0.1247758	0.124768	0.1247668	0.0001801241	4.186566e-05	3.961829e-05	3.847144e-05	3.588312e-05	3.574941e-05	3.566974e-05	3.558638e-05	3.507516e-05	3.403303e-05	3.337325e-05	3.31573e-05	2.119198e-05	1.818973e-05	1.817198e-05	1.757201e-05	7.333041e-07	2.164199e-07	1.092181e-07	1.040064e-07	1.027258e-07	1.738177e-08	9.65529e-09
64	0.0002854513	0.0002231014	0.0002217049	0.0002177063	0.0002174807	0.0001972574	0.0001904944	0.0001893543	0.0001761912	3.910496e-05	3.688625e-05	3.669266e-05	3.517127e-05	3.504286e-05	3.498e-05	3.494096e-05	3.444296e-05	3.340127e-05	3.274238e-05	3.252724e-05	2.056192e-05	1.760746e-05	1.759068e-05	1.755796e-05	7.280979e-07	2.112405e-07	1.073168e-07	1.021583e-07	1.008876e-07	1.689656e-08
65	8.541925e-05	6.214684e-05	6.061835e-05	6.047198e-05	5.980861e-05	5.960996e-05	4.181539e-05	4.071846e-05	3.958481e-05	3.931931e-05	3.896347e-05	3.674608e-05	3.658578e-05	3.513575e-05	3.500949e-05	3.494785e-05	3.490998e-05	3.441661e-05	3.337495e-05	3.271609e-05	3.250308e-05	2.053776e-05	1.758808e-05	1.757154e-05	1.753903e-05	7.279684e-07	2.111113e-07	1.072864e-07	1.021346e-07	1.008648e-07
66	0.0004219231	7.417978e-05	6.104809e-05	5.959929e-05	5.945646e-05	5.88017e-05	5.86037e-05	4.083526e-05	3.974085e-05	3.897769e-05	3.871219e-05	3.835639e-05	3.660627e-05	3.644601e-05	3.499598e-05	3.486974e-05	3.48081e-05	3.477023e-05	3.427686e-05	3.32352e-05	3.2716e-05	3.250299e-05	2.053767e-05	1.758799e-05	1.757146e-05	1.753895e-05	7.278824e-07	2.111009e-07	1.072762e-07	1.021243e-07
67	0.1278438	0.0003658987	7.375054e-05	6.082358e-05	5.942957e-05	5.930748e-05	5.86631e-05	5.849013e-05	4.073005e-05	3.964599e-05	3.888522e-05	3.861972e-05	3.826393e-05	3.651423e-05	3.635662e-05	3.490666e-05	3.484292e-05	3.480129e-05	3.476717e-05	3.427448e-05	3.323282e-05	3.271363e-05	3.250124e-05	2.053592e-05	1.758624e-05	1.757121e-05	1.753895e-05	7.278814e-07	2.110998e-07	1.072751e-07
68	0.9057575	0.1225208	0.0003535132	7.262253e-05	5.981673e-05	5.933986e-05	5.923654e-05	5.859452e-05	5.84325e-05	4.06761e-05	3.959495e-05	3.883507e-05	3.856958e-05	3.82138e-05	3.646445e-05	3.632015e-05	3.487025e-05	3.48197e-05	3.479011e-05	3.476037e-05	3.426834e-05	3.322668e-05	3.270749e-05	3.249945e-05	2.053413e-05	1.758446e-05	1.757093e-05	1.753894e-05	7.278801e-07	2.110986e-07
69	0.8395887	0.8281777	0.1198359	0.0003487933	7.221385e-05	5.944019e-05	5.925644e-05	5.918218e-05	5.854084e-05	5.840311e-05	4.064845e-05	3.95697e-05	3.881002e-05	3.854454e-05	3.818877e-05	3.643954e-05	3.630808e-05	3.485822e-05	3.481001e-05	3.478276e-05	3.475519e-05	3.426381e-05	3.322215e-05	3.270295e-05	3.24986e-05	2.053328e-05	1.75836e-05	1.757064e-05	1.753894e-05	7.278789e-07
70	0.9078163	0.8332247	0.8219731	0.1196805	0.0003483057	7.213316e-05	5.936436e-05	5.924569e-05	5.917398e-05	5.853296e-05	5.839654e-05	4.064231e-05	3.956432e-05	3.880466e-05	3.853917e-05	3.818341e-05	3.643419e-05	3.630526e-05	3.485541e-05	3.480749e-05	3.47805e-05	3.475317e-05	3.426204e-05	3.322038e-05	3.270119e-05	3.249847e-05	2.053315e-05	1.758347e-05	1.757059e-05	1.753894e-05
