#unpaired probabilities
 #i$	l=1	2	3	4	5	6	7	8	9	10	11	12	13	14	15	16	17	18	19	20	21	22	23	24	25	26	27	28	29	30	
1	0.01631424	NA	NA	NA	NA	NA	NA	NA	NA	NA	NA	NA	NA	NA	NA	NA	NA	NA	NA	NA	NA	NA	NA	NA	NA	NA	NA	NA	NA	NA
2	0.01447355	0.01440727	NA	NA	NA	NA	NA	NA	NA	NA	NA	NA	NA	NA	NA	NA	NA	NA	NA	NA	NA	NA	NA	NA	NA	NA	NA	NA	NA	NA
3	0.01462207	0.01383382	0.01378765	NA	NA	NA	NA	NA	NA	NA	NA	NA	NA	NA	NA	NA	NA	NA	NA	NA	NA	NA	NA	NA	NA	NA	NA	NA	NA	NA
4	0.01269029	0.01241672	0.01205539	0.01201588	NA	NA	NA	NA	NA	NA	NA	NA	NA	NA	NA	NA	NA	NA	NA	NA	NA	NA	NA	NA	NA	NA	NA	NA	NA	NA
5	0.0139442	0.01224737	0.01223927	0.01188529	0.01184613	NA	NA	NA	NA	NA	NA	NA	NA	NA	NA	NA	NA	NA	NA	NA	NA	NA	NA	NA	NA	NA	NA	NA	NA	NA
6	0.03680252	0.0106552	0.010072	0.01006456	0.009787083	0.009749715	NA	NA	NA	NA	NA	NA	NA	NA	NA	NA	NA	NA	NA	NA	NA	NA	NA	NA	NA	NA	NA	NA	NA	NA
7	0.9963374	0.03638882	0.01024161	0.009829771	0.009822345	0.009547051	0.009509684	NA	NA	NA	NA	NA	NA	NA	NA	NA	NA	NA	NA	NA	NA	NA	NA	NA	NA	NA	NA	NA	NA	NA
8	0.9965901	0.9962398	0.03629803	0.010151	0.009753621	0.009746274	0.009471357	0.009433997	NA	NA	NA	NA	NA	NA	NA	NA	NA	NA	NA	NA	NA	NA	NA	NA	NA	NA	NA	NA	NA	NA
9	0.8802219	0.8801502	0.8798059	0.02427027	0.008398514	0.00811739	0.008114553	0.007840127	0.007803055	NA	NA	NA	NA	NA	NA	NA	NA	NA	NA	NA	NA	NA	NA	NA	NA	NA	NA	NA	NA	NA
10	0.8700184	0.8661925	0.8661323	0.8657893	0.02299141	0.008182692	0.00790957	0.007906841	0.007632469	0.007631476	NA	NA	NA	NA	NA	NA	NA	NA	NA	NA	NA	NA	NA	NA	NA	NA	NA	NA	NA	NA
11	0.130783	0.005175457	0.004731959	0.004702804	0.00470007	0.001084485	0.0008043239	0.0007904938	0.0007903011	0.0007892365	0.000788908	NA	NA	NA	NA	NA	NA	NA	NA	NA	NA	NA	NA	NA	NA	NA	NA	NA	NA	NA
12	0.1269648	0.123977	0.002914983	0.002505636	0.002504702	0.002504487	0.0003975029	0.0002004065	0.0001907588	0.00019061	0.0001896395	0.0001894332	NA	NA	NA	NA	NA	NA	NA	NA	NA	NA	NA	NA	NA	NA	NA	NA	NA	NA
13	0.1449043	0.1265753	0.1239061	0.002847956	0.002440146	0.002439362	0.002439201	0.0003694959	0.000189836	0.0001802458	0.0001801085	0.0001791453	0.0001791357	NA	NA	NA	NA	NA	NA	NA	NA	NA	NA	NA	NA	NA	NA	NA	NA	NA
14	0.9862973	0.1402101	0.1219576	0.1212877	0.002786157	0.002388526	0.002388333	0.002388288	0.0003375491	0.0001583709	0.0001494035	0.0001493698	0.0001487569	0.0001487503	NA	NA	NA	NA	NA	NA	NA	NA	NA	NA	NA	NA	NA	NA	NA	NA
15	0.997998	0.9861454	0.1401695	0.1219176	0.1212479	0.002747593	0.002381998	0.002381807	0.002381762	0.0003372754	0.0001580972	0.000149131	0.0001490973	0.0001484846	0.000148478	NA	NA	NA	NA	NA	NA	NA	NA	NA	NA	NA	NA	NA	NA	NA
16	0.8864226	0.8845363	0.8844737	0.03940746	0.02503505	0.02499602	0.002434206	0.002233017	0.002233016	0.002233005	0.000188793	9.713991e-06	2.843858e-06	2.831161e-06	2.245012e-06	2.243064e-06	NA	NA	NA	NA	NA	NA	NA	NA	NA	NA	NA	NA	NA	NA
17	0.02654535	0.0187688	0.01688892	0.01684983	0.01651446	0.00407783	0.004040773	0.002267547	0.002230095	0.002230095	0.002230084	0.0001862556	7.177143e-06	2.124603e-06	2.111994e-06	1.529132e-06	1.527273e-06	NA	NA	NA	NA	NA	NA	NA	NA	NA	NA	NA	NA	NA
18	0.1044503	0.008523824	0.004165485	0.002302407	0.002265694	0.002265592	0.002263728	0.002226963	0.002226917	0.002226747	0.002226747	0.002226736	0.0001852436	6.165091e-06	1.122598e-06	1.110069e-06	1.102473e-06	1.100615e-06	NA	NA	NA	NA	NA	NA	NA	NA	NA	NA	NA	NA
19	0.1291223	0.1042041	0.008468287	0.004110208	0.002247378	0.002229542	0.00222944	0.002227579	0.002226913	0.002226866	0.002226697	0.002226697	0.002226686	0.0001851931	6.162546e-06	1.120053e-06	1.107524e-06	1.099928e-06	1.099096e-06	NA	NA	NA	NA	NA	NA	NA	NA	NA	NA	NA
20	0.02646726	0.0084302	0.007223074	0.0005162109	0.0002874022	0.0001903497	0.0001877764	0.0001876755	0.0001858671	0.0001852176	0.000185172	0.0001851706	0.0001851705	0.0001851594	0.0001851575	6.126985e-06	1.084492e-06	1.071963e-06	1.064367e-06	1.063535e-06	NA	NA	NA	NA	NA	NA	NA	NA	NA	NA
21	0.01464524	0.003666829	0.0001582812	9.770515e-05	1.355454e-05	1.012457e-05	8.690249e-06	8.514319e-06	8.414843e-06	6.650148e-06	6.156173e-06	6.1112e-06	6.109779e-06	6.109738e-06	6.098597e-06	6.09672e-06	6.096606e-06	1.054113e-06	1.041584e-06	1.033989e-06	1.033977e-06	NA	NA	NA	NA	NA	NA	NA	NA	NA
22	0.01429046	0.01415993	0.003276239	1.560242e-05	3.816265e-06	2.748216e-06	2.630027e-06	2.607526e-06	2.479958e-06	2.441225e-06	1.243719e-06	8.553293e-07	8.372666e-07	8.370603e-07	8.370195e-07	8.258781e-07	8.241371e-07	8.240235e-07	8.240095e-07	8.114804e-07	8.080612e-07	8.080493e-07	NA	NA	NA	NA	NA	NA	NA	NA
23	0.01447213	0.01396726	0.0139273	0.003044985	1.286704e-05	1.9361e-06	1.599618e-06	1.542734e-06	1.535594e-06	1.462769e-06	1.439603e-06	7.23412e-07	4.988969e-07	4.88116e-07	4.879921e-07	4.879919e-07	4.879819e-07	4.863009e-07	4.862148e-07	4.862008e-07	4.861222e-07	4.82703e-07	4.826968e-07	NA	NA	NA	NA	NA	NA	NA
24	0.01401901	0.0139353	0.01390228	0.01386599	0.002984075	1.071437e-05	2.012282e-07	4.555555e-08	4.140069e-08	4.121329e-08	3.900911e-08	3.833008e-08	1.938187e-08	1.332671e-08	1.301043e-08	1.300547e-08	1.300526e-08	1.299529e-08	1.298561e-08	1.289958e-08	1.289886e-08	1.282026e-08	1.279874e-08	1.279256e-08	NA	NA	NA	NA	NA	NA
25	0.01549198	0.01399505	0.01393372	0.01390174	0.01386548	0.002983569	1.06996e-05	1.898146e-07	3.588352e-08	3.411404e-08	3.39608e-08	3.217609e-08	3.160379e-08	1.595565e-08	1.095162e-08	1.0685e-08	1.068062e-08	1.068041e-08	1.067044e-08	1.066117e-08	1.066045e-08	1.065973e-08	1.058113e-08	1.055961e-08	1.055949e-08	NA	NA	NA	NA	NA
26	0.9852003	0.01546922	0.01399468	0.01393368	0.01390171	0.01386546	0.002983548	1.069893e-05	1.892386e-07	3.535614e-08	3.360403e-08	3.345304e-08	3.16921e-08	3.11274e-08	1.571316e-08	1.078263e-08	1.051954e-08	1.051665e-08	1.051644e-08	1.050647e-08	1.050289e-08	1.050217e-08	1.050145e-08	1.042285e-08	1.040133e-08	1.04012e-08	NA	NA	NA	NA
27	0.3991624	0.3986976	0.003656506	0.003056016	0.003021892	0.003018741	0.00298258	0.002982576	1.067172e-05	1.668008e-07	1.492962e-08	1.385734e-08	1.379906e-08	1.298573e-08	1.271607e-08	6.406527e-09	4.394534e-09	4.268638e-09	4.267294e-09	4.267241e-09	4.267139e-09	4.2647e-09	4.264299e-09	4.263586e-09	4.263521e-09	4.241999e-09	4.241908e-09	NA	NA	NA
28	0.04382508	0.04325475	0.04321904	8.017937e-05	1.395566e-05	1.334621e-05	1.071091e-05	1.07081e-05	1.070776e-05	1.065609e-05	1.532025e-07	2.440634e-09	1.781302e-09	1.773721e-09	1.52841e-09	1.444477e-09	7.596599e-10	5.039585e-10	4.648049e-10	4.644303e-10	4.643882e-10	4.643669e-10	4.642774e-10	4.638822e-10	4.635077e-10	4.63447e-10	4.633848e-10	4.632971e-10	NA	NA
29	0.03867434	0.03702792	0.03674324	0.03672968	6.618646e-05	1.019135e-05	9.675537e-06	9.461331e-06	9.458969e-06	9.458695e-06	9.414809e-06	1.261313e-07	2.121982e-09	1.557895e-09	1.551264e-09	1.31844e-09	1.237897e-09	6.55847e-10	4.326483e-10	3.950868e-10	3.947306e-10	3.947024e-10	3.946821e-10	3.946057e-10	3.942984e-10	3.939262e-10	3.938656e-10	3.938039e-10	3.937609e-10	NA
30	0.569119	0.0353258	0.03466502	0.03451115	0.03450088	5.878434e-05	6.357707e-06	5.872918e-06	5.822169e-06	5.819946e-06	5.819691e-06	5.778469e-06	1.181871e-07	2.008197e-09	1.475931e-09	1.469628e-09	1.246319e-09	1.16693e-09	6.201373e-10	4.081365e-10	3.711227e-10	3.707732e-10	3.707502e-10	3.707303e-10	3.706584e-10	3.704231e-10	3.700516e-10	3.699911e-10	3.699294e-10	3.699051e-10
31	0.7030282	0.564686	0.03484027	0.03426025	0.03411083	0.03410086	5.235105e-05	6.464468e-07	1.672239e-07	1.183143e-07	1.161158e-07	1.158638e-07	7.511584e-08	7.289948e-08	1.955081e-09	1.44956e-09	1.443317e-09	1.233381e-09	1.154196e-09	6.136492e-10	4.037348e-10	3.668154e-10	3.664672e-10	3.664444e-10	3.664244e-10	3.663533e-10	3.66179e-10	3.658075e-10	3.65747e-10	3.656853e-10
32	0.04722239	0.02919731	0.006650843	0.005304334	0.005288454	0.005251639	0.005249237	8.050054e-06	8.816571e-08	1.573056e-08	8.126029e-09	7.64203e-09	7.590827e-09	8.427957e-10	7.989502e-10	7.525013e-10	4.615646e-10	4.594497e-10	3.011623e-10	2.367439e-10	1.533951e-10	8.727681e-11	5.723426e-11	5.696383e-11	5.694099e-11	5.692103e-11	5.690693e-11	5.67872e-11	5.641573e-11	5.635516e-11
33	0.03410267	0.03095791	0.02396088	0.003976134	0.003695822	0.00369236	0.003656803	0.003654645	5.602422e-06	6.146476e-08	1.103642e-08	5.73861e-09	5.349653e-09	5.309595e-09	4.417794e-10	4.11219e-10	3.986364e-10	3.941239e-10	3.922387e-10	2.486482e-10	1.850509e-10	1.26973e-10	6.974564e-11	4.008321e-11	3.981716e-11	3.979432e-11	3.977437e-11	3.976347e-11	3.968452e-11	3.931306e-11
34	0.03883864	0.02657435	0.02559693	0.02360533	0.00392399	0.003667782	0.003665543	0.00363	0.003628571	5.561896e-06	6.074509e-08	1.068025e-08	5.494239e-09	5.111509e-09	5.085292e-09	2.516628e-10	2.309376e-10	2.194845e-10	2.151341e-10	2.144794e-10	2.086272e-10	1.450442e-10	8.738094e-11	6.93077e-11	3.965178e-11	3.938581e-11	3.936409e-11	3.935671e-11	3.934587e-11	3.934451e-11
35	0.08721073	0.01238195	0.005050844	0.004609661	0.004371704	0.003906481	0.003664932	0.003662697	0.003627576	0.003626147	5.557517e-06	6.00142e-08	1.002628e-08	4.845813e-09	4.483278e-09	4.457096e-09	1.612352e-10	1.413375e-10	1.299712e-10	1.256268e-10	1.24973e-10	1.19125e-10	1.167019e-10	5.910413e-11	4.104362e-11	3.95624e-11	3.929724e-11	3.927552e-11	3.926814e-11	3.925862e-11
36	0.8708449	0.00859359	0.004449293	0.00373473	0.003626928	0.003553841	0.003309817	0.003263724	0.003261564	0.003259109	0.003257681	4.992584e-06	5.367731e-08	8.87154e-09	4.219862e-09	4.011749e-09	3.9882e-09	1.438766e-10	1.260899e-10	1.159268e-10	1.120209e-10	1.114239e-10	1.061698e-10	1.041623e-10	5.251546e-11	3.629224e-11	3.501541e-11	3.500549e-11	3.498377e-11	3.497639e-11
37	0.817604	0.7955529	0.008456283	0.004391984	0.00371082	0.00360611	0.003534442	0.003306973	0.003261098	0.003259466	0.003257012	0.003255703	4.989501e-06	5.36435e-08	8.865067e-09	4.216407e-09	4.008415e-09	3.985006e-09	1.434624e-10	1.257104e-10	1.156443e-10	1.118236e-10	1.113327e-10	1.060857e-10	1.040793e-10	5.246379e-11	3.625087e-11	3.497452e-11	3.49646e-11	3.496179e-11
38	0.9692532	0.7963326	0.7764612	0.008185219	0.004369032	0.003699489	0.003597249	0.003527326	0.003303119	0.003257494	0.003257242	0.003254788	0.003254308	4.987248e-06	5.361933e-08	8.860381e-09	4.21433e-09	4.006423e-09	3.983119e-09	1.433514e-10	1.256132e-10	1.155598e-10	1.117514e-10	1.112694e-10	1.060285e-10	1.040228e-10	5.242945e-11	3.62242e-11	3.494817e-11	3.493826e-11
39	0.9703938	0.9568628	0.7881453	0.7683985	0.008145433	0.004365015	0.003698023	0.003596106	0.00352649	0.003302776	0.00325722	0.003256968	0.003254707	0.003254228	4.987124e-06	5.361753e-08	8.860146e-09	4.214211e-09	4.006309e-09	3.983007e-09	1.433469e-10	1.256092e-10	1.155562e-10	1.117478e-10	1.112659e-10	1.060251e-10	1.040195e-10	5.242742e-11	3.622257e-11	3.494656e-11
40	0.9854834	0.9664214	0.9531302	0.7848113	0.7650818	0.005626551	0.004360458	0.00369451	0.003593223	0.003523865	0.003301178	0.003255681	0.003255429	0.003254317	0.003253837	4.986523e-06	5.360865e-08	8.859072e-09	4.213696e-09	4.005817e-09	3.982518e-09	1.433287e-10	1.255933e-10	1.155416e-10	1.117337e-10	1.112518e-10	1.060116e-10	1.040063e-10	5.242039e-11	3.621747e-11
41	0.993794	0.9817712	0.9638667	0.9513021	0.7846015	0.7649053	0.005515302	0.004274561	0.00363528	0.003572076	0.00351102	0.003294532	0.003252237	0.003251986	0.003251038	0.003250558	4.981477e-06	5.352426e-08	8.834975e-09	4.194601e-09	3.997842e-09	3.974571e-09	1.423608e-10	1.24659e-10	1.146218e-10	1.108179e-10	1.103368e-10	1.05102e-10	1.033601e-10	5.183599e-11
42	0.9959238	0.9908715	0.9788491	0.9609696	0.9505385	0.7842278	0.7645371	0.005147582	0.004272235	0.003633067	0.003569889	0.003508871	0.003292413	0.003250177	0.003249927	0.003249809	0.00324933	4.979589e-06	5.349896e-08	8.831618e-09	4.192998e-09	3.996311e-09	3.97305e-09	1.42306e-10	1.246111e-10	1.145779e-10	1.107754e-10	1.102945e-10	1.050617e-10	1.033205e-10
43	0.9517579	0.9507702	0.9494872	0.9375855	0.9229818	0.9199698	0.7776955	0.7611023	0.001778564	0.0009134756	0.0003622195	0.0003296866	0.000315231	0.0001108587	8.591266e-05	8.577006e-05	8.574029e-05	8.526092e-05	1.306732e-07	1.408963e-09	2.337214e-10	1.118637e-10	1.060243e-10	1.04551e-10	3.888802e-12	3.412132e-12	3.132972e-12	3.013746e-12	2.981491e-12	2.840312e-12
44	0.9434983	0.9328809	0.9320635	0.9308162	0.930221	0.9222251	0.9192198	0.7771146	0.7608876	0.001752911	0.0008878945	0.0003371491	0.0003048104	0.0002906904	8.638093e-05	6.27819e-05	6.265746e-05	6.262837e-05	6.215062e-05	9.525651e-08	1.028307e-09	1.709265e-10	8.207132e-11	7.758488e-11	7.627368e-11	2.841544e-12	2.493699e-12	2.295545e-12	2.20566e-12	2.196576e-12
45	0.9260265	0.917832	0.9081285	0.9073432	0.9065703	0.9065617	0.9062171	0.903216	0.7612571	0.7608544	0.001729236	0.0008642652	0.00031398	0.0002824494	0.0002686718	6.441098e-05	4.229558e-05	4.21756e-05	4.214957e-05	4.214919e-05	6.460311e-08	6.979567e-10	1.156209e-10	5.540719e-11	5.210756e-11	5.181709e-11	1.952937e-12	1.722925e-12	1.588836e-12	1.523443e-12
46	0.8015733	0.7799729	0.7743093	0.7656855	0.7649472	0.7644642	0.7644591	0.7641317	0.7616077	0.7607388	0.7603544	0.001229948	0.0003661697	0.000259229	0.000235509	0.000225275	3.321705e-05	3.159537e-05	3.14763e-05	3.145118e-05	3.145082e-05	4.824043e-08	5.215221e-10	8.639314e-11	4.142506e-11	3.876853e-11	3.855159e-11	1.472678e-12	1.301123e-12	1.199958e-12
47	0.008951887	0.007486957	0.006212414	0.005972065	0.005601064	0.005566376	0.005506295	0.005501217	0.005174049	0.002650066	0.001781972	0.001749667	0.00122965	0.0003658724	0.0002589681	0.0002352528	0.0002250226	3.298042e-05	3.136352e-05	3.135722e-05	3.13321e-05	3.133174e-05	4.801933e-08	5.19516e-10	8.602408e-11	4.124891e-11	3.859941e-11	3.838329e-11	1.44463e-12	1.274094e-12
48	0.05150418	0.00426414	0.003063387	0.002755284	0.002614646	0.002277012	0.002247732	0.002188064	0.002182986	0.00185582	0.001814314	0.0009497492	0.0009174474	0.0003974308	0.0003658684	0.0002589641	0.0002352488	0.0002250187	3.297649e-05	3.135972e-05	3.135342e-05	3.1329e-05	3.132864e-05	4.801429e-08	5.191707e-10	8.601564e-11	4.124489e-11	3.859557e-11	3.837947e-11	1.444492e-12
49	0.02089898	0.01994414	0.001854255	0.001561885	0.001407749	0.001375893	0.001353821	0.001339005	0.001308407	0.001303803	0.0009781493	0.0009444148	0.0006611317	0.0006307897	0.0001109313	8.990787e-05	5.623892e-05	4.797314e-05	4.188946e-05	3.155319e-05	2.99651e-05	2.995887e-05	2.993559e-05	2.993523e-05	4.587873e-08	4.960191e-10	8.202631e-11	3.924467e-11	3.680641e-11	3.659991e-11
50	0.05079281	0.02035044	0.0194431	0.001836814	0.001546867	0.001396362	0.001365816	0.001344831	0.001330179	0.001300055	0.001295464	0.0009700874	0.0009391658	0.0006584363	0.000628502	0.0001086511	8.817417e-05	5.486476e-05	4.684983e-05	4.083219e-05	3.05157e-05	2.965897e-05	2.965275e-05	2.965093e-05	2.965057e-05	4.544186e-08	4.906654e-10	8.058856e-11	3.821325e-11	3.644926e-11
51	0.9919894	0.04478253	0.0185377	0.01767704	0.0007154745	0.000699547	0.000605949	0.0005778037	0.0005573632	0.0005454942	0.0005157038	0.0005146099	0.0004855718	0.0004546598	0.0001743512	0.000144896	0.0001085853	8.810835e-05	5.479998e-05	4.678549e-05	4.076865e-05	3.045217e-05	2.959845e-05	2.95947e-05	2.959288e-05	2.959287e-05	4.535341e-08	4.897146e-10	8.043107e-11	3.813847e-11
52	0.9921307	0.9917248	0.0445314	0.01830156	0.01744208	0.0005218299	0.0005079519	0.0005015845	0.0004745212	0.0004541212	0.0004422704	0.0004124859	0.000411392	0.0003823564	0.0003773102	0.000155544	0.0001260916	8.9781e-05	8.810514e-05	5.479682e-05	4.678235e-05	4.076554e-05	3.044907e-05	2.959542e-05	2.959168e-05	2.959034e-05	2.959032e-05	4.534951e-08	4.896705e-10	8.042416e-11
53	0.1740864	0.1737204	0.1736548	0.03779266	0.01578784	0.01568487	0.0001384221	0.00012912	0.0001261605	0.0001253768	0.0001202493	0.0001189412	0.0001145497	0.0001143836	0.0001106856	0.0001100897	8.725045e-05	8.376088e-05	4.798645e-05	4.790417e-05	1.669627e-05	1.481323e-05	1.373798e-05	3.427465e-06	3.137877e-06	3.135013e-06	3.133874e-06	3.133858e-06	4.802728e-09	5.168802e-11
54	0.4186757	0.1510206	0.1507677	0.1507107	0.01628611	0.01571067	0.01562751	9.137216e-05	8.346481e-05	8.066549e-05	7.997042e-05	7.553645e-05	7.451e-05	7.120314e-05	7.106139e-05	6.803776e-05	6.755891e-05	4.982769e-05	4.738972e-05	4.724903e-05	4.716726e-05	1.59719e-05	1.409409e-05	1.302842e-05	2.717957e-06	2.431929e-06	2.430828e-06	2.429691e-06	2.429674e-06	3.723507e-09
55	0.3300874	0.02000935	0.01908026	0.01885593	0.01880937	0.0155768	0.01554529	0.01547372	3.843126e-05	3.183511e-05	3.039482e-05	2.983866e-05	2.863982e-05	2.770892e-05	2.559291e-05	2.550169e-05	2.258663e-05	2.212745e-05	5.233546e-06	2.923797e-06	2.79029e-06	2.783969e-06	2.735718e-06	2.652743e-06	2.614666e-06	2.610307e-06	2.325645e-06	2.324548e-06	2.323434e-06	2.323418e-06
56	0.5539791	0.2840362	0.003726433	0.003048127	0.002824188	0.002779582	0.0001857144	0.0001575459	8.614031e-05	3.817151e-05	3.158227e-05	3.016502e-05	2.96124e-05	2.843566e-05	2.750683e-05	2.541146e-05	2.532049e-05	2.24101e-05	2.195292e-05	5.099789e-06	2.800072e-06	2.666728e-06	2.661421e-06	2.619644e-06	2.602045e-06	2.570128e-06	2.569167e-06	2.319739e-06	2.318642e-06	2.318563e-06
57	0.572444	0.5461383	0.2833216	0.003601834	0.002929526	0.002804751	0.002760331	0.0001707239	0.0001439361	7.895602e-05	3.100473e-05	3.079192e-05	2.937558e-05	2.882318e-05	2.764798e-05	2.672571e-05	2.463206e-05	2.455171e-05	2.233145e-05	2.187428e-05	5.021942e-06	2.722547e-06	2.666489e-06	2.661182e-06	2.619407e-06	2.601808e-06	2.569893e-06	2.568932e-06	2.319504e-06	2.318526e-06
58	0.6488047	0.5721125	0.5459844	0.2831718	0.003595794	0.002923683	0.002798924	0.002758787	0.0001693719	0.0001425853	7.760537e-05	2.965527e-05	2.944254e-05	2.928036e-05	2.873357e-05	2.755838e-05	2.663611e-05	2.454246e-05	2.446211e-05	2.224185e-05	2.185563e-05	5.018389e-06	2.718999e-06	2.662941e-06	2.661159e-06	2.619384e-06	2.601785e-06	2.56987e-06	2.568909e-06	2.319481e-06
59	0.9127521	0.5996104	0.5231711	0.5153436	0.2529497	0.0031943	0.002599713	0.00247501	0.00244921	0.0001359963	0.0001101606	4.518894e-05	2.900782e-05	2.880485e-05	2.865037e-05	2.83946e-05	2.72548e-05	2.633281e-05	2.425297e-05	2.417274e-05	2.19525e-05	2.156693e-05	4.749127e-06	2.479234e-06	2.423581e-06	2.42191e-06	2.380427e-06	2.363118e-06	2.331487e-06	2.331219e-06
60	0.899391	0.8988595	0.5858245	0.5093952	0.5028469	0.2529199	0.003167145	0.00259748	0.002472778	0.00244698	0.000134896	0.0001100626	4.509106e-05	2.891074e-05	2.875583e-05	2.860138e-05	2.834561e-05	2.722431e-05	2.630231e-05	2.424176e-05	2.416153e-05	2.194129e-05	2.155572e-05	4.737925e-06	2.469587e-06	2.42268e-06	2.42101e-06	2.379526e-06	2.362217e-06	2.330587e-06
61	0.9916643	0.8993004	0.8987716	0.5857554	0.5093785	0.5028327	0.2529059	0.003166632	0.002596985	0.002472283	0.002446561	0.0001348848	0.0001100534	4.508184e-05	2.890912e-05	2.875422e-05	2.860016e-05	2.834464e-05	2.722338e-05	2.630139e-05	2.424087e-05	2.416064e-05	2.19404e-05	2.155499e-05	4.737347e-06	2.46902e-06	2.422113e-06	2.420453e-06	2.379164e-06	2.361956e-06
