#unpaired probabilities
 #i$	l=1	2	3	4	5	6	7	8	9	10	11	12	13	14	15	16	17	18	19	20	21	22	23	24	25	26	27	28	29	30	
1	0.9995707	NA	NA	NA	NA	NA	NA	NA	NA	NA	NA	NA	NA	NA	NA	NA	NA	NA	NA	NA	NA	NA	NA	NA	NA	NA	NA	NA	NA	NA
2	0.9982053	0.9979714	NA	NA	NA	NA	NA	NA	NA	NA	NA	NA	NA	NA	NA	NA	NA	NA	NA	NA	NA	NA	NA	NA	NA	NA	NA	NA	NA	NA
3	0.7947134	0.7882187	0.7874894	NA	NA	NA	NA	NA	NA	NA	NA	NA	NA	NA	NA	NA	NA	NA	NA	NA	NA	NA	NA	NA	NA	NA	NA	NA	NA	NA
4	0.8032384	0.7568608	0.7520821	0.7512726	NA	NA	NA	NA	NA	NA	NA	NA	NA	NA	NA	NA	NA	NA	NA	NA	NA	NA	NA	NA	NA	NA	NA	NA	NA	NA
5	0.9753872	0.7797202	0.73482	0.7299006	0.7290405	NA	NA	NA	NA	NA	NA	NA	NA	NA	NA	NA	NA	NA	NA	NA	NA	NA	NA	NA	NA	NA	NA	NA	NA	NA
6	0.6875391	0.6581977	0.6257124	0.6025353	0.6067374	0.6062187	NA	NA	NA	NA	NA	NA	NA	NA	NA	NA	NA	NA	NA	NA	NA	NA	NA	NA	NA	NA	NA	NA	NA	NA
7	0.07290732	0.06571463	0.06100355	0.04537311	0.03805186	0.02976238	0.02944893	NA	NA	NA	NA	NA	NA	NA	NA	NA	NA	NA	NA	NA	NA	NA	NA	NA	NA	NA	NA	NA	NA	NA
8	0.4222107	0.07078863	0.06375753	0.05922624	0.04371494	0.03646841	0.02817536	0.02786107	NA	NA	NA	NA	NA	NA	NA	NA	NA	NA	NA	NA	NA	NA	NA	NA	NA	NA	NA	NA	NA	NA
9	0.5082544	0.4179446	0.06927607	0.06240228	0.05800529	0.04332064	0.03631101	0.02815132	0.02784897	NA	NA	NA	NA	NA	NA	NA	NA	NA	NA	NA	NA	NA	NA	NA	NA	NA	NA	NA	NA	NA
10	0.9969184	0.5056136	0.4167864	0.06885444	0.0620242	0.05766366	0.04320484	0.03626073	0.02813926	0.02784023	NA	NA	NA	NA	NA	NA	NA	NA	NA	NA	NA	NA	NA	NA	NA	NA	NA	NA	NA	NA
11	0.9361718	0.9407118	0.4586103	0.3920498	0.05972782	0.05382227	0.05019844	0.03994288	0.03423443	0.02670339	0.02646154	NA	NA	NA	NA	NA	NA	NA	NA	NA	NA	NA	NA	NA	NA	NA	NA	NA	NA	NA
12	0.8216488	0.8283546	0.8452674	0.3961497	0.3524053	0.04832433	0.04431844	0.04244044	0.03598128	0.03125544	0.02583368	0.02567061	NA	NA	NA	NA	NA	NA	NA	NA	NA	NA	NA	NA	NA	NA	NA	NA	NA	NA
13	0.9970351	0.8215186	0.8282406	0.8451686	0.3960689	0.3523557	0.04830363	0.04429881	0.04242133	0.035969	0.03124793	0.02582952	0.02566652	NA	NA	NA	NA	NA	NA	NA	NA	NA	NA	NA	NA	NA	NA	NA	NA	NA
14	0.6125367	0.6079226	0.5652336	0.5714535	0.5854925	0.131595	0.08159999	0.03604226	0.03365187	0.03315745	0.03037438	0.02625021	0.02438095	0.02431482	NA	NA	NA	NA	NA	NA	NA	NA	NA	NA	NA	NA	NA	NA	NA	NA
15	0.6405574	0.6046431	0.6006444	0.5600212	0.5668226	0.5814003	0.1281343	0.0789006	0.03428514	0.03282105	0.03243643	0.0297589	0.0256817	0.02398676	0.02392037	NA	NA	NA	NA	NA	NA	NA	NA	NA	NA	NA	NA	NA	NA	NA
16	0.6785554	0.5559304	0.5378646	0.5403591	0.5146754	0.5274567	0.5476636	0.1009044	0.05947693	0.02458344	0.02308036	0.02230102	0.02184249	0.02126737	0.02169128	0.02172389	NA	NA	NA	NA	NA	NA	NA	NA	NA	NA	NA	NA	NA	NA
17	0.6118895	0.5866787	0.5258772	0.5086181	0.5100622	0.5106339	0.5239243	0.5446073	0.09842563	0.05766083	0.02359548	0.02218932	0.02137811	0.02110636	0.02066893	0.0212247	0.02127324	NA	NA	NA	NA	NA	NA	NA	NA	NA	NA	NA	NA	NA
18	0.4170599	0.3582264	0.3196311	0.2417731	0.2043892	0.182521	0.1558816	0.1370327	0.1194965	0.09823514	0.05757269	0.02355644	0.0221512	0.02133938	0.02107145	0.02063038	0.02118921	0.02123915	NA	NA	NA	NA	NA	NA	NA	NA	NA	NA	NA	NA
19	0.5390401	0.4072683	0.3498791	0.3110629	0.2332913	0.1954277	0.1729419	0.1455853	0.1258601	0.1072633	0.08470469	0.05737543	0.023437	0.02202667	0.02119831	0.02091161	0.02043094	0.02095805	0.02098608	NA	NA	NA	NA	NA	NA	NA	NA	NA	NA	NA
20	0.560661	0.5342447	0.4031202	0.345918	0.306953	0.2327655	0.1949747	0.1725132	0.1451871	0.1254733	0.1068829	0.08433119	0.05714768	0.02328585	0.02185682	0.02100046	0.02067955	0.02013968	0.02061601	0.02060934	NA	NA	NA	NA	NA	NA	NA	NA	NA	NA
21	0.9992321	0.5604057	0.5340043	0.4030072	0.3458461	0.3068849	0.2327313	0.1949462	0.1724874	0.1451646	0.1254529	0.1068642	0.0843144	0.05713269	0.02327295	0.0218423	0.02098353	0.02066002	0.02011546	0.0205881	0.0205786	NA	NA	NA	NA	NA	NA	NA	NA	NA
22	0.998789	0.998144	0.5598852	0.5335559	0.4027988	0.3457061	0.3067524	0.2326645	0.1948905	0.1724371	0.145121	0.125413	0.1068276	0.08428159	0.05710287	0.02324642	0.02181252	0.02094868	0.02061918	0.02006351	0.02052835	0.02051485	NA	NA	NA	NA	NA	NA	NA	NA
23	0.2811394	0.2860419	0.2913161	0.1412277	0.1344409	0.1205153	0.09825503	0.08738553	0.06171361	0.0512335	0.04538274	0.03821126	0.03318387	0.02846183	0.02305154	0.01646028	0.00828102	0.008336793	0.008694222	0.00652951	0.002574148	0.0005743847	0.0005832268	NA	NA	NA	NA	NA	NA	NA
24	0.2312839	0.198274	0.2004018	0.2027243	0.12713	0.1214611	0.1081784	0.09339964	0.08298713	0.05880444	0.04880213	0.04322659	0.03638644	0.03159816	0.02710053	0.02196532	0.01575335	0.008011889	0.00808671	0.008456811	0.006339967	0.002341656	0.0003211256	0.0003340791	NA	NA	NA	NA	NA	NA
25	0.2877771	0.2305062	0.1976774	0.1997966	0.2021537	0.1269272	0.1212891	0.1080145	0.09324764	0.0829142	0.0587538	0.0487576	0.04319172	0.03635586	0.03157237	0.02707976	0.02195038	0.01574348	0.008007933	0.008083031	0.00845326	0.006337545	0.002338716	0.000317981	0.0003310474	NA	NA	NA	NA	NA
26	0.09967393	0.02485197	0.01249751	0.007336659	0.00667261	0.005953994	0.003533235	0.002926852	0.002383739	0.001982428	0.001758145	0.00129461	0.001080174	0.0009478859	0.0007913474	0.0006781165	0.0005708895	0.0004426112	0.0003095318	0.000146901	0.0001452791	0.0001493951	0.0001447543	0.0001462863	0.0001561138	0.0001695822	NA	NA	NA	NA
27	0.1067659	0.07849885	0.008192512	0.001091967	0.0007754283	0.0007503056	0.0007222759	0.0004712591	0.000439377	0.000363673	0.0003147248	0.0002794498	0.0002126222	0.0001796829	0.0001590491	0.0001340525	0.0001159279	9.884439e-05	7.781518e-05	5.252729e-05	2.126088e-05	1.988712e-05	1.906847e-05	2.042198e-05	2.501926e-05	2.858963e-05	2.929984e-05	NA	NA	NA
28	0.1743887	0.1063072	0.07817555	0.007907087	0.0009020805	0.0006552487	0.0006383581	0.0006193238	0.0004122092	0.0003859569	0.0003212943	0.0002798361	0.0002482109	0.0001908541	0.0001615308	0.0001429455	0.0001204393	0.0001040672	8.862516e-05	6.956864e-05	4.65193e-05	1.802006e-05	1.656343e-05	1.552626e-05	1.726471e-05	2.132486e-05	2.436681e-05	2.466057e-05	NA	NA
29	0.9765398	0.1696561	0.1044443	0.07654743	0.00642126	0.0001493527	0.0001034798	0.0001008195	9.721373e-05	5.807612e-05	5.348175e-05	4.437169e-05	3.817148e-05	3.398986e-05	2.531493e-05	2.113854e-05	1.875157e-05	1.584964e-05	1.377163e-05	1.182061e-05	9.44368e-06	6.399481e-06	2.842237e-06	2.727637e-06	2.736588e-06	2.547631e-06	3.023156e-06	3.368212e-06	3.509623e-06	NA
30	0.1833166	0.1664705	0.1660322	0.103198	0.07641902	0.006315444	8.444417e-05	5.231399e-05	4.950639e-05	4.573039e-05	1.987271e-05	1.706634e-05	1.08333e-05	7.453992e-06	7.061612e-06	3.548677e-06	2.982183e-06	2.696026e-06	2.351222e-06	2.158781e-06	1.991587e-06	1.801205e-06	1.63557e-06	1.444082e-06	1.603973e-06	1.875338e-06	2.196449e-06	2.788568e-06	3.192857e-06	3.336317e-06
31	0.147384	0.140384	0.1393605	0.1392904	0.07646034	0.07636484	0.006264391	4.767463e-05	2.927414e-05	2.811647e-05	2.685531e-05	1.053783e-05	8.732656e-06	5.64366e-06	3.93346e-06	3.701629e-06	1.935429e-06	1.619093e-06	1.459799e-06	1.267783e-06	1.157275e-06	1.059833e-06	9.510899e-07	8.490443e-07	7.295363e-07	7.933124e-07	9.232425e-07	1.067811e-06	1.349298e-06	1.49526e-06
32	0.8801607	0.07429996	0.06886679	0.06884479	0.06877953	0.006262824	0.006167727	0.006164743	1.552779e-05	8.527751e-06	8.658892e-06	8.805943e-06	1.113837e-06	6.841957e-07	5.155206e-07	4.097957e-07	3.69724e-07	2.620108e-07	2.166147e-07	1.927636e-07	1.65191e-07	1.465744e-07	1.294887e-07	1.098786e-07	8.776492e-08	6.015471e-08	3.863262e-08	4.170169e-08	4.417318e-08	5.36603e-08
33	0.0020129	0.001742279	0.0001838374	0.000140393	0.0001221602	0.0001126761	0.0001109659	1.601201e-05	1.504635e-05	1.385636e-05	7.399207e-06	7.587439e-06	7.796064e-06	4.151972e-07	3.154905e-07	2.123808e-07	1.505227e-07	1.40905e-07	8.628525e-08	7.415946e-08	6.823854e-08	6.135516e-08	5.765781e-08	5.465457e-08	5.168078e-08	4.845688e-08	4.426587e-08	2.37941e-08	2.741661e-08	3.157762e-08
34	0.00189515	0.001542062	0.001509901	8.076178e-05	3.831732e-05	2.044077e-05	1.106768e-05	9.395706e-06	9.366338e-06	8.604776e-06	7.415693e-06	7.154263e-06	7.374854e-06	7.618453e-06	3.121721e-07	2.582675e-07	1.711159e-07	1.193177e-07	1.126852e-07	6.623294e-08	5.715597e-08	5.306937e-08	4.815863e-08	4.576829e-08	4.393632e-08	4.234094e-08	4.184526e-08	4.156895e-08	2.087788e-08	2.41074e-08
35	0.1674803	0.001867205	0.001534544	0.001503848	8.02469e-05	3.781666e-05	1.99442e-05	1.05984e-05	8.927649e-06	8.898374e-06	8.585105e-06	7.402328e-06	7.146665e-06	7.368033e-06	7.612477e-06	3.084612e-07	2.566613e-07	1.700989e-07	1.186124e-07	1.120337e-07	6.587241e-08	5.686044e-08	5.281217e-08	4.79409e-08	4.557522e-08	4.376551e-08	4.219646e-08	4.171698e-08	4.145825e-08	2.075325e-08
36	0.5681347	0.1487326	0.001630705	0.001448617	0.001418939	7.756849e-05	3.684052e-05	1.902786e-05	9.687551e-06	8.393064e-06	8.371625e-06	8.28267e-06	7.144163e-06	6.894833e-06	7.107695e-06	7.34281e-06	2.595849e-07	2.10604e-07	1.342647e-07	9.044875e-08	8.504211e-08	4.439963e-08	3.686618e-08	3.309273e-08	2.855262e-08	2.588831e-08	2.349226e-08	2.073341e-08	1.871515e-08	1.644447e-08
37	0.8143322	0.4619854	0.04290218	0.0001539257	9.466754e-05	9.163603e-05	5.242264e-05	2.938819e-05	1.162489e-05	2.285552e-06	1.115676e-06	1.101097e-06	1.084581e-06	1.800847e-07	1.233841e-07	1.159478e-07	1.09703e-07	6.313476e-08	4.352937e-08	2.969183e-08	2.201936e-08	2.031803e-08	1.180144e-08	9.699596e-09	8.705504e-09	7.474471e-09	6.709294e-09	5.997129e-09	5.170072e-09	4.317933e-09
38	0.8308436	0.8128917	0.4609206	0.04279414	9.595571e-05	4.443594e-05	4.181558e-05	3.066183e-05	2.915253e-05	1.139042e-05	2.051927e-06	9.172873e-07	9.040669e-07	8.951972e-07	4.127019e-08	3.261617e-08	3.052172e-08	3.012412e-08	1.627955e-08	1.533268e-08	1.250542e-08	1.063092e-08	9.363218e-09	6.831643e-09	5.508718e-09	4.877758e-09	4.114687e-09	3.571716e-09	3.044012e-09	2.429789e-09
39	0.8159067	0.8132207	0.8128531	0.4608926	0.04276622	8.718924e-05	3.6134e-05	3.351607e-05	3.065654e-05	2.914777e-05	1.138615e-05	2.047657e-06	9.130503e-07	8.998493e-07	8.937801e-07	4.021246e-08	3.190085e-08	2.984159e-08	2.948242e-08	1.588653e-08	1.497995e-08	1.230157e-08	1.047082e-08	9.217206e-09	6.73932e-09	5.431496e-09	4.808834e-09	4.055876e-09	3.519668e-09	2.998204e-09
40	0.4612823	0.4598016	0.4585523	0.4583133	0.4575706	0.04274494	6.872509e-05	1.808873e-05	1.565738e-05	1.281891e-05	1.131122e-05	1.130016e-05	2.036538e-06	9.019385e-07	8.977606e-07	8.917091e-07	3.812074e-08	2.988019e-08	2.960504e-08	2.925079e-08	1.567493e-08	1.477237e-08	1.209344e-08	1.026254e-08	9.188956e-09	6.715685e-09	5.408844e-09	4.786307e-09	4.033457e-09	3.497122e-09
41	0.06377885	0.04794327	0.04703818	0.04584362	0.04566065	0.04526446	0.04273528	5.936395e-05	8.791695e-06	6.386787e-06	3.55318e-06	2.045677e-06	2.039408e-06	2.034938e-06	9.003432e-07	8.972842e-07	8.912515e-07	3.768477e-08	2.962237e-08	2.940456e-08	2.916886e-08	1.561346e-08	1.471449e-08	1.203998e-08	1.022606e-08	9.157669e-09	6.695363e-09	5.390317e-09	4.77234e-09	4.020815e-09
42	0.177529	0.01388695	0.004969114	0.004251368	0.003142694	0.002975565	0.002719815	0.000198144	5.433896e-05	5.231867e-06	2.865188e-06	1.281959e-07	5.168526e-08	5.014757e-08	4.569225e-08	3.482948e-08	3.214097e-08	2.758238e-08	2.380646e-08	2.000613e-08	2.01931e-08	2.039988e-08	1.059152e-08	1.005845e-08	8.732381e-09	7.63732e-09	6.792038e-09	5.182619e-09	4.117762e-09	3.636187e-09
43	0.03745509	0.03401712	0.007314822	0.003175525	0.002833927	0.002781193	0.002704592	0.002643531	0.0001230119	4.260822e-06	2.810604e-06	2.774982e-06	1.063244e-07	3.490708e-08	3.455268e-08	3.010301e-08	2.001772e-08	1.961901e-08	1.679909e-08	1.491869e-08	1.343478e-08	1.368268e-08	1.395476e-08	6.180517e-09	5.874651e-09	5.045605e-09	4.350229e-09	3.878671e-09	3.033093e-09	2.321296e-09
44	0.8499546	0.03262149	0.03142064	0.006953527	0.003108983	0.002796922	0.0027556	0.002679825	0.002642449	0.0001220188	3.931086e-06	2.751968e-06	2.723854e-06	8.811805e-08	1.904663e-08	1.881872e-08	1.437011e-08	1.318116e-08	1.283469e-08	1.039779e-08	8.882992e-09	7.713725e-09	7.79879e-09	7.89259e-09	4.870834e-09	4.64772e-09	4.179599e-09	3.757619e-09	3.340721e-09	2.700034e-09
45	0.1528529	0.03942082	0.02941196	0.02856786	0.00663327	0.003077838	0.002783649	0.002744477	0.002668916	0.00263975	0.0001193412	1.381518e-06	2.445628e-07	2.176665e-07	8.532884e-08	1.72739e-08	1.705757e-08	1.260909e-08	1.154695e-08	1.121308e-08	9.055156e-09	7.565292e-09	6.407751e-09	6.445188e-09	6.486795e-09	4.661334e-09	4.454465e-09	4.012676e-09	3.61331e-09	3.211602e-09
46	0.1452067	0.1081873	0.01698154	0.012824	0.01204735	0.00647543	0.003052867	0.002773023	0.002739214	0.002663923	0.002639261	0.000118884	1.112951e-06	9.995927e-08	7.644128e-08	2.254258e-08	1.504304e-08	1.487013e-08	1.042213e-08	9.434558e-09	9.121837e-09	7.435778e-09	6.197597e-09	5.278341e-09	5.314722e-09	5.355252e-09	4.063623e-09	3.895436e-09	3.636043e-09	3.371466e-09
47	0.9471268	0.115245	0.08006913	0.01284835	0.009460954	0.008714415	0.003982016	0.003019893	0.002760782	0.002728465	0.002653323	0.002639111	0.0001187626	1.066721e-06	9.507524e-08	7.209418e-08	2.032518e-08	1.454632e-08	1.437659e-08	9.928785e-09	9.103752e-09	8.796209e-09	7.146528e-09	5.929823e-09	5.019815e-09	5.048013e-09	5.07955e-09	3.812435e-09	3.638228e-09	3.374606e-09
48	0.08217924	0.07877132	0.06264013	0.04001442	0.00533287	0.003826526	0.003433029	0.0008090394	0.0002741821	0.0002200091	0.0001980933	0.0001247589	0.0001175645	0.0001174727	6.999078e-07	5.505859e-08	4.133892e-08	1.033746e-08	5.94356e-09	5.853091e-09	5.851858e-09	5.296765e-09	5.115654e-09	4.195733e-09	3.474838e-09	2.995928e-09	3.025151e-09	3.057729e-09	2.143529e-09	2.05152e-09
49	0.07147543	0.03893172	0.03789051	0.03050321	0.01490801	0.00174799	0.001451168	0.001301214	0.0003104702	0.0001106039	8.985881e-05	7.633388e-05	3.914646e-06	9.814672e-07	9.459756e-07	3.983489e-07	2.142923e-08	1.510529e-08	2.97283e-09	2.171671e-09	2.135873e-09	2.135398e-09	2.015679e-09	1.926198e-09	1.577897e-09	1.363009e-09	1.172084e-09	1.183418e-09	1.196032e-09	8.335514e-10
50	0.33549	0.02468564	0.01471669	0.01406188	0.01170472	0.007662507	0.0009244174	0.0007640876	0.0006874483	0.0001299027	1.844993e-05	6.500778e-06	2.63887e-06	2.282811e-06	4.940608e-07	4.727373e-07	1.168167e-07	1.399613e-08	9.61595e-09	1.818966e-09	1.306875e-09	1.288202e-09	1.287927e-09	1.224139e-09	1.161106e-09	9.643749e-10	8.516951e-10	7.497035e-10	7.60982e-10	7.734292e-10
51	0.3896702	0.01178625	0.005564987	0.003324572	0.003236158	0.002936538	0.0009804677	0.00014006	0.0001079989	9.846574e-05	1.923504e-05	3.592063e-06	1.489252e-06	5.964168e-07	5.429243e-07	1.738373e-07	1.694241e-07	2.528578e-08	2.642509e-09	2.029941e-09	3.678987e-10	2.578037e-10	2.549592e-10	2.549073e-10	2.451731e-10	2.40833e-10	2.115203e-10	1.848625e-10	1.595523e-10	1.613081e-10
52	0.04320262	0.02077301	0.004324742	0.00344989	0.002057131	0.002016171	0.001916243	0.0001860385	3.237099e-05	1.616197e-05	1.44234e-05	2.820154e-06	4.718628e-07	2.297201e-07	1.593101e-07	1.508011e-07	1.153315e-07	1.148709e-07	2.500988e-09	2.477608e-10	1.887204e-10	4.143241e-11	2.949172e-11	2.894812e-11	2.89385e-11	2.604219e-11	2.537089e-11	2.130562e-11	1.761251e-11	1.441119e-11
53	0.0109932	0.004955432	0.004567331	0.001949741	0.001897013	0.001854338	0.001819333	0.001750832	5.498639e-05	6.019049e-06	4.971309e-06	4.41779e-06	8.430855e-07	1.231484e-07	4.713517e-08	2.050163e-08	1.652765e-08	2.782863e-09	2.606603e-09	9.815294e-10	8.737163e-11	6.58207e-11	1.475385e-11	1.089446e-11	1.061938e-11	1.061356e-11	1.016607e-11	9.945025e-12	8.691464e-12	6.831319e-12
54	0.1400479	0.007413838	0.002924816	0.002727915	0.0001878914	0.0001385805	9.705364e-05	9.238976e-05	6.923126e-05	5.310389e-05	5.81607e-06	4.803424e-06	4.272842e-06	8.121944e-07	1.154451e-07	4.178203e-08	1.822602e-08	1.592723e-08	2.482422e-09	2.309931e-09	7.351843e-10	8.437688e-11	6.432257e-11	1.443694e-11	1.065582e-11	1.039166e-11	1.038589e-11	9.952811e-12	9.742136e-12	8.528353e-12
55	0.5367783	0.006339309	0.002849901	0.001302551	0.001246389	6.285976e-05	3.120814e-05	1.88209e-05	1.744919e-05	8.319885e-06	5.7497e-06	8.797189e-07	7.603111e-07	7.048014e-07	1.384172e-07	3.018748e-08	1.563854e-08	7.294148e-09	6.742148e-09	5.783306e-10	5.036082e-10	2.111371e-10	3.056943e-11	2.547297e-11	6.438346e-12	4.709017e-12	4.549745e-12	4.545327e-12	4.479866e-12	4.446675e-12
56	0.3191399	0.3135118	0.005225669	0.002257927	0.001107756	0.001068924	5.314398e-05	2.62888e-05	1.552606e-05	1.427907e-05	5.79852e-06	3.861611e-06	6.165606e-07	5.404089e-07	5.033796e-07	9.838794e-08	2.333808e-08	1.268583e-08	6.188218e-09	5.739416e-09	4.354678e-10	3.709692e-10	1.6191e-10	2.461337e-11	2.067132e-11	5.193264e-12	4.083384e-12	3.929755e-12	3.925436e-12	3.890821e-12
57	0.6545769	0.3176369	0.3122723	0.005160342	0.002223762	0.001103094	0.001064498	5.171893e-05	2.532341e-05	1.46186e-05	1.345657e-05	5.707363e-06	3.801147e-06	6.098788e-07	5.34877e-07	4.984634e-07	9.720236e-08	2.291139e-08	1.248492e-08	6.017272e-09	5.72439e-09	4.328271e-10	3.685265e-10	1.611526e-10	2.452869e-11	2.060998e-11	5.17994e-12	4.073307e-12	3.919872e-12	3.91578e-12
58	0.9500208	0.6129243	0.3102354	0.3059795	0.004544358	0.002190181	0.00109698	0.001058642	5.052339e-05	2.454662e-05	1.389228e-05	1.301627e-05	5.558169e-06	3.751326e-06	6.025599e-07	5.284711e-07	4.926347e-07	9.605923e-08	2.265294e-08	1.233759e-08	5.958978e-09	5.672896e-09	4.287319e-10	3.647033e-10	1.594552e-10	2.421441e-11	2.034072e-11	5.021566e-12	3.922162e-12	3.90352e-12
59	0.6806284	0.6555887	0.5424963	0.2618577	0.2583003	0.003181018	0.001763729	0.0009370005	0.0009061899	4.401546e-05	2.039786e-05	1.085323e-05	1.043243e-05	3.795072e-06	2.461098e-06	3.736152e-07	3.223697e-07	2.988156e-07	5.978491e-08	1.479983e-08	8.390933e-09	4.743378e-09	4.566419e-09	2.85597e-10	2.319263e-10	9.815898e-11	1.72444e-11	1.48021e-11	4.116749e-12	3.317381e-12
60	0.464928	0.4568305	0.4461299	0.4003874	0.1375537	0.1358622	0.001552616	0.0008192589	0.0004428758	0.000433216	3.317727e-05	1.477869e-05	8.528064e-06	8.213333e-06	2.015718e-06	1.240181e-06	1.570391e-07	1.302132e-07	1.182217e-07	2.409308e-08	5.403869e-09	3.024388e-09	2.015788e-09	1.948477e-09	1.113605e-10	8.784843e-11	3.265351e-11	6.897774e-12	5.936201e-12	1.781706e-12
61	0.02644845	0.02088994	0.02013395	0.01854413	0.01693213	0.01306441	0.01266031	0.0002608931	0.000151484	8.125354e-05	7.93478e-05	5.87951e-06	4.504134e-06	3.544894e-06	3.49773e-06	4.652156e-07	1.754563e-07	2.178663e-08	1.774026e-08	1.599973e-08	3.408851e-09	8.417583e-10	5.386086e-10	4.11436e-10	4.007118e-10	1.899899e-11	1.437584e-11	5.242259e-12	1.668953e-12	1.342142e-12
62	0.01496385	0.01333641	0.01072437	0.01028109	0.01007707	0.009410191	0.008899271	0.00883203	0.0001917308	0.0001103516	5.895071e-05	5.785542e-05	3.891069e-06	3.136539e-06	2.300576e-06	2.276074e-06	3.433389e-07	8.688596e-08	1.099839e-08	8.962777e-09	8.094733e-09	1.820101e-09	5.153452e-10	3.643378e-10	3.051587e-10	2.990255e-10	1.207536e-11	8.67175e-12	3.007621e-12	1.302514e-12
63	0.03365247	0.01369105	0.01221372	0.009793997	0.009369074	0.009276365	0.008758744	0.008502888	0.008439274	0.0001857166	0.0001072556	5.725828e-05	5.619482e-05	3.800801e-06	3.076054e-06	2.248134e-06	2.224383e-06	3.386903e-07	8.456687e-08	1.070685e-08	8.724027e-09	7.879569e-09	1.771437e-09	5.008687e-10	3.538835e-10	2.963432e-10	2.903931e-10	1.173637e-11	8.431029e-12	2.923503e-12
64	0.4430582	0.02945045	0.01342637	0.01196174	0.009605337	0.009184489	0.00909853	0.008594867	0.008361588	0.008299498	0.0001828794	0.0001056791	5.640272e-05	5.535582e-05	3.779423e-06	3.064311e-06	2.238245e-06	2.214894e-06	3.364717e-07	8.332096e-08	1.054997e-08	8.594875e-09	7.763222e-09	1.74476e-09	4.926625e-10	3.483483e-10	2.916936e-10	2.858388e-10	1.15564e-11	8.302893e-12
65	0.4066563	0.3798227	0.0285232	0.01331031	0.0118629	0.009529983	0.009110638	0.009025898	0.008526263	0.008304182	0.008242729	0.0001816727	0.0001050021	5.60337e-05	5.499391e-05	3.770107e-06	3.059108e-06	2.233912e-06	2.210834e-06	3.354939e-07	8.274972e-08	1.047883e-08	8.536289e-09	7.710539e-09	1.732535e-09	4.888406e-10	3.459678e-10	2.897139e-10	2.839043e-10	1.147795e-11
66	0.5262744	0.3535916	0.3281205	0.02752196	0.01321375	0.01182382	0.009501983	0.00908319	0.008998667	0.008500619	0.008280912	0.00821973	0.0001811349	0.0001046936	5.585998e-05	5.482336e-05	3.765798e-06	3.05677e-06	2.231923e-06	2.209103e-06	3.350112e-07	8.244625e-08	1.0442e-08	8.505987e-09	7.683383e-09	1.726076e-09	4.868437e-10	3.44916e-10	2.888654e-10	2.830796e-10
67	0.9108555	0.5102938	0.3377661	0.3123881	0.02218506	0.01310538	0.01179663	0.009488391	0.0090699	0.008985471	0.008488346	0.008270288	0.00820924	0.0001807773	0.0001044673	5.571361e-05	5.467897e-05	3.762674e-06	3.055185e-06	2.230514e-06	2.207961e-06	3.347139e-07	8.22507e-08	1.041812e-08	8.486339e-09	7.66576e-09	1.721646e-09	4.852705e-10	3.443036e-10	2.883822e-10
68	0.9888013	0.907453	0.5069262	0.3344034	0.3090344	0.02049358	0.01193711	0.0117791	0.009481741	0.009063525	0.008979161	0.00848251	0.008265729	0.008204743	0.0001804246	0.0001042504	5.557528e-05	5.454201e-05	3.760373e-06	3.054316e-06	2.22972e-06	2.207461e-06	3.345461e-07	8.2143e-08	1.040401e-08	8.474814e-09	7.655342e-09	1.718856e-09	4.842886e-10	3.43732e-10
69	0.9931389	0.9883907	0.9070568	0.5065306	0.3340083	0.3086403	0.0202194	0.01176524	0.01165184	0.009474677	0.009056683	0.008972366	0.008475986	0.008260753	0.008199838	0.000180168	0.0001040943	5.548576e-05	5.445374e-05	3.755881e-06	3.053002e-06	2.228455e-06	2.206377e-06	3.343234e-07	8.196461e-08	1.037645e-08	8.451572e-09	7.634177e-09	1.712965e-09	4.831447e-10
70	0.6425348	0.6410189	0.6362799	0.554948	0.496085	0.3330037	0.3084256	0.02021247	0.01175978	0.0116464	0.009469599	0.009054486	0.008970185	0.008474393	0.008259217	0.008198331	0.0001801361	0.000104073	5.547639e-05	5.444476e-05	3.755099e-06	3.052395e-06	2.228268e-06	2.206194e-06	3.341887e-07	8.185144e-08	1.035993e-08	8.437599e-09	7.621281e-09	1.710157e-09
71	0.4289228	0.420328	0.4190061	0.4143211	0.3718399	0.3436921	0.331915	0.3081656	0.01999407	0.01154468	0.01143138	0.009256481	0.009041871	0.008957647	0.008462919	0.008248189	0.008187536	0.0001798108	0.0001038069	5.530102e-05	5.427254e-05	3.623735e-06	2.92162e-06	2.226845e-06	2.2048e-06	3.329364e-07	8.07578e-08	1.019575e-08	8.297546e-09	7.491553e-09
72	0.344501	0.3340558	0.327694	0.3264177	0.32532	0.3239922	0.3126402	0.3102982	0.3080678	0.01994798	0.01149958	0.01138629	0.009212007	0.009036963	0.008952763	0.008459235	0.00824465	0.008184072	0.000179742	0.0001037571	5.528134e-05	5.425392e-05	3.618325e-06	2.916428e-06	2.226394e-06	2.204357e-06	3.325321e-07	8.039914e-08	1.01398e-08	8.250211e-09
73	0.3463194	0.3167195	0.309451	0.3065278	0.3061109	0.3060031	0.3059027	0.3058612	0.3057432	0.3049783	0.01943193	0.01101983	0.01090743	0.008756543	0.008589077	0.008505843	0.008321642	0.008112332	0.008055339	0.000176663	0.0001013788	5.413645e-05	5.31545e-05	3.02262e-06	2.325414e-06	2.201473e-06	2.179968e-06	3.109963e-07	6.209517e-08	7.675882e-09
74	0.4680793	0.3307027	0.3033684	0.2963933	0.2949029	0.2947729	0.2947326	0.2946692	0.2946398	0.2945322	0.293788	0.008260206	0.002583366	0.002513414	0.0019979	0.001957695	0.001893237	0.001808488	0.001724744	0.001704126	4.229109e-05	2.656098e-05	1.502934e-05	1.471839e-05	2.352164e-06	2.080693e-06	1.960967e-06	1.946579e-06	8.274629e-08	5.784609e-08
75	0.4842751	0.4670983	0.329771	0.302474	0.295538	0.2942942	0.2941795	0.2941438	0.294083	0.2940554	0.2939499	0.293235	0.007712826	0.002152382	0.002087362	0.001650774	0.001617166	0.001554174	0.001478677	0.001407232	0.001391637	3.573587e-05	2.242871e-05	1.308806e-05	1.284007e-05	2.24344e-06	2.031431e-06	1.92402e-06	1.914968e-06	5.638025e-08
76	0.4379838	0.02062027	0.01275019	0.00815779	0.006635975	0.006405328	0.006243152	0.006218057	0.006211191	0.006205826	0.006203387	0.006187109	0.006182847	0.006158333	0.0009742384	0.0009169728	0.0007513922	0.0007381898	0.0007345463	0.0007143095	0.0006509398	0.0006447767	1.498857e-05	9.59697e-06	5.804115e-06	5.713237e-06	2.073946e-06	1.906615e-06	1.888239e-06	1.880095e-06
77	0.3984465	0.382651	0.009348516	0.001894552	0.001813987	0.0014687	0.001388507	0.001255036	0.001231063	0.001224486	0.001219302	0.001216966	0.001201074	0.001197066	0.00118128	0.0009447771	0.0008876656	0.0007299698	0.0007170607	0.0007135092	0.0006938124	0.0006338222	0.0006279695	1.260372e-05	7.454574e-06	3.865683e-06	3.778482e-06	2.141255e-07	5.038962e-08	3.264638e-08
78	0.4931726	0.3903085	0.3757039	0.007558643	0.001744592	0.001684793	0.001349859	0.001273482	0.001146827	0.001124227	0.001118044	0.001113131	0.001110897	0.001095086	0.001091227	0.001076239	0.000851653	0.0008475006	0.0006989863	0.0006868889	0.000683537	0.0006651884	0.0006076251	0.0006026697	1.17105e-05	6.941785e-06	3.629782e-06	3.551306e-06	2.004432e-07	3.855912e-08
79	0.2457897	0.2119328	0.1233819	0.1171251	0.003992539	0.001407774	0.001374358	0.001249034	0.001194987	0.001078537	0.001057206	0.001051688	0.001047097	0.00104496	0.00102919	0.001025508	0.001010566	0.0007933711	0.0007892498	0.0006459964	0.000633959	0.0006306285	0.0006124236	0.0006042966	0.0005994439	1.142581e-05	6.676827e-06	3.471072e-06	3.39367e-06	5.624601e-08
80	0.1200347	0.02814028	0.02642596	0.01369736	0.01351164	0.001172165	0.0005644191	0.0005537395	0.0005400129	0.0005346737	0.0004780525	0.0004673092	0.0004645379	0.0004614932	0.0004600277	0.0004448126	0.0004421869	0.0004332962	0.0003570483	0.0003556486	0.0003135715	0.0003083806	0.0003068022	0.0002953412	0.0002888308	0.0002857874	4.192212e-06	2.393361e-06	9.588492e-07	9.153133e-07
81	0.4215443	0.1042105	0.02318151	0.02151576	0.01001907	0.009897029	0.000851721	0.0004145646	0.0004065727	0.0003968382	0.0003930768	0.000352768	0.0003448608	0.0003427208	0.0003399861	0.0003386185	0.000322906	0.0003204142	0.000311387	0.0002562538	0.0002550698	0.000224227	0.0002202302	0.0002188778	0.0002089486	0.0002039447	0.0002016148	2.869767e-06	1.766327e-06	7.133632e-07
82	0.5069245	0.3859398	0.0903838	0.0189477	0.01735377	0.007005054	0.006928618	0.0005813252	0.0002878907	0.0002821286	0.000275542	0.0002729922	0.0002465754	0.0002410775	0.0002394699	0.0002369823	0.0002356885	0.000219407	0.0002170086	0.0002077795	0.0001703256	0.000169317	0.0001480782	0.0001450846	0.0001439201	0.0001352662	0.0001317155	0.000130003	1.989944e-06	1.238617e-06
83	0.08761621	0.0555167	0.03939585	0.01405321	0.004311336	0.003944051	0.001995388	0.001970274	0.0002074697	0.0001107244	0.0001090383	0.0001068443	0.0001059973	9.696067e-05	9.469544e-05	9.393795e-05	9.309968e-05	9.203444e-05	7.515947e-05	7.294749e-05	7.234162e-05	5.934406e-05	5.863796e-05	5.081445e-05	4.917181e-05	4.871825e-05	4.691976e-05	4.530528e-05	4.42249e-05	7.936603e-07
84	0.3631622	0.06284701	0.03586249	0.02083778	0.01036133	0.003811399	0.003455187	0.001626297	0.00161141	0.0001807469	9.863931e-05	9.722551e-05	9.537711e-05	9.465253e-05	8.694259e-05	8.487903e-05	8.415749e-05	8.332146e-05	8.222074e-05	6.4555e-05	6.226032e-05	6.164756e-05	5.092579e-05	5.021184e-05	4.326111e-05	4.167183e-05	4.122742e-05	3.956573e-05	3.850112e-05	3.745859e-05
85	0.4248481	0.2912736	0.04865689	0.02458311	0.0159431	0.008105644	0.003393367	0.003035921	0.001301651	0.001289617	0.0001312917	6.461928e-05	6.354822e-05	6.207894e-05	6.14991e-05	5.533639e-05	5.416113e-05	5.384714e-05	5.363196e-05	5.348686e-05	5.330542e-05	5.096069e-05	5.034366e-05	4.148863e-05	4.076742e-05	3.478361e-05	3.326203e-05	3.301975e-05	3.154848e-05	3.059098e-05
86	0.9275889	0.4219009	0.2856827	0.04836318	0.02413303	0.01550687	0.007964799	0.003417152	0.003044139	0.00125887	0.001247181	0.0001248484	6.023382e-05	5.921881e-05	5.780442e-05	5.724609e-05	5.131434e-05	5.02369e-05	4.997902e-05	4.981124e-05	4.974051e-05	4.967399e-05	4.955333e-05	4.891424e-05	4.027425e-05	3.952272e-05	3.358297e-05	3.202852e-05	3.178308e-05	3.03069e-05
87	0.9454075	0.8698445	0.3995572	0.278621	0.04640279	0.02232661	0.01410994	0.007147486	0.002981387	0.002945428	0.001152346	0.001141436	0.0001145365	5.478066e-05	5.385005e-05	5.255332e-05	5.20404e-05	4.655901e-05	4.557879e-05	4.534693e-05	4.519909e-05	4.51402e-05	4.509096e-05	4.499733e-05	4.481328e-05	3.668336e-05	3.590148e-05	3.012189e-05	2.960186e-05	2.935335e-05
88	0.830666	0.8183278	0.7417136	0.3202359	0.2174927	0.03845726	0.02022366	0.01276088	0.006559789	0.002863439	0.002833366	0.001007055	0.000997122	9.968561e-05	4.739886e-05	4.659866e-05	4.547781e-05	4.503409e-05	4.012671e-05	3.92552e-05	3.905138e-05	3.892026e-05	3.886953e-05	3.882783e-05	3.874901e-05	3.858161e-05	3.217648e-05	3.13903e-05	2.694917e-05	2.651708e-05
89	0.9714157	0.8195465	0.8067106	0.7262126	0.3089358	0.2156545	0.03829786	0.02066272	0.01290044	0.006668287	0.002959407	0.002928908	0.001008585	0.000998561	9.897408e-05	4.699937e-05	4.62014e-05	4.507973e-05	4.463659e-05	3.971638e-05	3.884287e-05	3.863867e-05	3.850776e-05	3.845719e-05	3.841537e-05	3.83361e-05	3.81685e-05	3.16695e-05	3.146695e-05	2.70268e-05
90	0.8180939	0.7962823	0.7361935	0.7226237	0.6379392	0.2618375	0.1802735	0.03503609	0.01982028	0.0119623	0.006302349	0.002930872	0.00290231	0.0009082217	0.0008992091	8.892506e-05	4.199028e-05	4.127754e-05	4.027313e-05	3.987568e-05	3.540991e-05	3.461826e-05	3.443324e-05	3.431358e-05	3.426728e-05	3.422911e-05	3.415679e-05	3.399533e-05	2.853793e-05	2.834175e-05
91	0.7889319	0.7599445	0.7379133	0.6740565	0.6601088	0.5727003	0.2433236	0.173032	0.03431854	0.02012853	0.01192077	0.006366957	0.003034727	0.003005942	0.0008953058	0.0008863287	8.776481e-05	4.144005e-05	4.073813e-05	3.974913e-05	3.935899e-05	3.495548e-05	3.417412e-05	3.399152e-05	3.387365e-05	3.382819e-05	3.379046e-05	3.371869e-05	3.355766e-05	2.8139e-05
92	0.7364797	0.7313716	0.7166527	0.6979107	0.6306809	0.6158152	0.5229968	0.2090877	0.1606526	0.02786113	0.0152231	0.01184294	0.006371384	0.003127981	0.003099312	0.0008765537	0.000867606	8.55168e-05	4.06657e-05	3.997598e-05	3.900406e-05	3.862062e-05	3.429525e-05	3.352866e-05	3.335183e-05	3.324178e-05	3.319971e-05	3.316642e-05	3.310269e-05	3.295123e-05
93	0.8232622	0.6032572	0.5980733	0.5838027	0.5640819	0.4917467	0.4914007	0.4871734	0.1900016	0.1496142	0.02593765	0.01491147	0.0115542	0.006328402	0.003232366	0.003203821	0.0008341865	0.0008254685	8.128133e-05	3.870054e-05	3.804331e-05	3.711586e-05	3.675043e-05	3.262425e-05	3.189351e-05	3.172529e-05	3.162185e-05	3.158235e-05	3.155078e-05	3.148994e-05
94	0.7870373	0.6979762	0.4779588	0.4740631	0.4606907	0.4398008	0.4367776	0.4365209	0.4330107	0.1672493	0.1362052	0.02371573	0.01455912	0.01122501	0.006284351	0.003357406	0.003328977	0.0007853191	0.0007769729	7.65611e-05	3.644614e-05	3.582598e-05	3.494969e-05	3.46042e-05	3.070616e-05	3.001649e-05	2.985812e-05	2.976226e-05	2.972572e-05	2.969611e-05
95	0.8559756	0.7061215	0.6292104	0.3879405	0.3840596	0.3715796	0.3494506	0.3467654	0.346745	0.3448311	0.1442001	0.1147321	0.02101907	0.01354428	0.0103399	0.006016931	0.003449725	0.003422198	0.0006840193	0.0006763693	6.689192e-05	3.193844e-05	3.139566e-05	3.062764e-05	3.032558e-05	2.691592e-05	2.631291e-05	2.617471e-05	2.60914e-05	2.605932e-05
96	0.6337587	0.5752737	0.5567682	0.5509476	0.2868412	0.2832029	0.2776983	0.2746052	0.2720514	0.2720423	0.271029	0.09794813	0.08764052	0.01388861	0.008162191	0.006663539	0.002967297	0.0008047361	0.0007779877	0.0005761878	0.0005692377	5.64896e-05	2.705534e-05	2.659424e-05	2.593973e-05	2.568284e-05	2.278949e-05	2.22788e-05	2.21628e-05	2.209353e-05
97	0.2903019	0.2841202	0.2364206	0.2230247	0.2179948	0.2148846	0.2109235	0.2064857	0.2040309	0.2034154	0.2034101	0.2026883	0.07762672	0.06949762	0.01041915	0.005879724	0.004795527	0.002140753	0.0005889109	0.0005627448	0.0004168768	0.0004132193	4.114752e-05	1.978381e-05	1.944583e-05	1.896766e-05	1.877989e-05	1.670206e-05	1.633472e-05	1.625099e-05
98	0.5214429	0.234386	0.2300425	0.1833432	0.1718323	0.1680019	0.1649115	0.1646528	0.1608064	0.1587779	0.1582836	0.1582797	0.1577451	0.06595668	0.05886259	0.008188923	0.004307621	0.003502779	0.001560135	0.000424963	0.0004187511	0.0003109816	0.0003082955	3.081265e-05	1.488827e-05	1.463296e-05	1.427361e-05	1.413243e-05	1.261285e-05	1.23433e-05
99	0.2080795	0.201058	0.1273616	0.1242786	0.1138519	0.1064333	0.1050632	0.1019389	0.1017821	0.09908921	0.09827981	0.09793656	0.09793436	0.09764064	0.04826521	0.04545672	0.005349566	0.002297076	0.001876596	0.0008412052	0.0002367152	0.0002326253	0.0001763065	0.0001748573	1.76723e-05	8.668729e-06	8.518508e-06	8.310291e-06	8.22838e-06	7.419557e-06
100	0.4688473	0.1516339	0.1464841	0.09377387	0.09085748	0.08344707	0.07697292	0.07596429	0.072588	0.07246066	0.07002148	0.06951405	0.06928242	0.06928095	0.06911302	0.04317132	0.04119191	0.004030852	0.001215551	0.0009931897	0.0004543792	0.000138186	0.0001350789	0.0001055239	0.0001047583	1.080903e-05	5.451665e-06	5.355434e-06	5.225696e-06	5.174521e-06
101	0.7663085	0.2853125	0.1491292	0.1448667	0.09104205	0.08965511	0.08219766	0.07495905	0.07392045	0.07307557	0.07293785	0.07016766	0.06969379	0.06952691	0.06952546	0.06937937	0.04877465	0.04678833	0.004204017	0.0009836863	0.0008052895	0.0003762757	0.0001222203	0.0001189629	9.52707e-05	9.467464e-05	9.914685e-06	5.100594e-06	5.00942e-06	4.888827e-06
102	0.9880549	0.7452152	0.303302	0.1620243	0.1575722	0.09872792	0.09713274	0.08919207	0.08047173	0.07934946	0.07832792	0.07817522	0.07478588	0.07433153	0.07415952	0.07415803	0.0740328	0.05937098	0.05725483	0.004695193	0.0007275728	0.000598392	0.0002928474	0.0001079368	0.0001042782	8.713968e-05	8.67062e-05	9.299331e-06	4.932189e-06	4.842349e-06
103	0.9989998	0.9869851	0.7130604	0.3407974	0.1882583	0.1833988	0.1143076	0.1122922	0.103439	0.09174242	0.09042416	0.08904781	0.08890449	0.08427263	0.08385278	0.08366966	0.08366807	0.08358327	0.08064104	0.0782568	0.005691801	0.0002252554	0.0001929396	0.0001302872	8.045669e-05	7.598257e-05	7.169165e-05	7.157756e-05	8.149457e-06	4.635047e-06
104	0.9995864	0.9987235	0.9868737	0.7029879	0.3390085	0.195402	0.1905605	0.1186676	0.1165501	0.1074169	0.09515664	0.09379718	0.09234284	0.09220013	0.0873036	0.08692696	0.08674509	0.08674459	0.08667325	0.08458803	0.08293447	0.005957743	0.0001717684	0.0001516978	0.000105016	7.5228e-05	7.055145e-05	6.794842e-05	6.786616e-05	5.953437e-06
