#unpaired probabilities
 #i$	l=1	2	3	4	5	6	7	8	9	10	11	12	13	14	15	16	17	18	19	20	21	22	
1	0.999978	NA	NA	NA	NA	NA	NA	NA	NA	NA	NA	NA	NA	NA	NA	NA	NA	NA	NA	NA	NA	NA
2	0.08648804	0.08646612	NA	NA	NA	NA	NA	NA	NA	NA	NA	NA	NA	NA	NA	NA	NA	NA	NA	NA	NA	NA
3	0.08787073	0.06472242	0.06470246	NA	NA	NA	NA	NA	NA	NA	NA	NA	NA	NA	NA	NA	NA	NA	NA	NA	NA	NA
4	0.1023252	0.08351641	0.06059059	0.06057063	NA	NA	NA	NA	NA	NA	NA	NA	NA	NA	NA	NA	NA	NA	NA	NA	NA	NA
5	0.8468557	0.02218592	0.008027687	0.007801608	0.007801484	NA	NA	NA	NA	NA	NA	NA	NA	NA	NA	NA	NA	NA	NA	NA	NA	NA
6	0.00760799	0.007150948	0.0001893391	0.0001841031	0.0001828122	0.0001828045	NA	NA	NA	NA	NA	NA	NA	NA	NA	NA	NA	NA	NA	NA	NA	NA
7	0.008493834	0.0005939595	0.0005640739	0.0001586969	0.0001561467	0.0001554532	0.0001554461	NA	NA	NA	NA	NA	NA	NA	NA	NA	NA	NA	NA	NA	NA	NA
8	0.1675503	0.008057306	0.0005826086	0.0005528791	0.0001585496	0.0001560486	0.0001553561	0.000155349	NA	NA	NA	NA	NA	NA	NA	NA	NA	NA	NA	NA	NA	NA
9	0.8129269	0.1187468	0.005748317	0.0003746849	0.0003490614	0.0001476608	0.0001452883	0.0001446167	0.0001446096	NA	NA	NA	NA	NA	NA	NA	NA	NA	NA	NA	NA	NA
10	0.9995994	0.8128979	0.1187178	0.005744596	0.0003742788	0.0003486607	0.0001475653	0.0001452577	0.0001445861	0.000144579	NA	NA	NA	NA	NA	NA	NA	NA	NA	NA	NA	NA
11	0.9999717	0.9995711	0.812883	0.1187029	0.005740938	0.0003720232	0.0003464076	0.0001453955	0.0001452316	0.0001445601	0.000144553	NA	NA	NA	NA	NA	NA	NA	NA	NA	NA	NA
12	0.9068976	0.9068841	0.9064963	0.7198082	0.02562813	0.003973508	0.0003612955	0.0003460202	0.0001450081	0.0001448447	0.0001443079	0.0001443008	NA	NA	NA	NA	NA	NA	NA	NA	NA	NA
13	0.9037361	0.9036665	0.903653	0.9032665	0.7180848	0.02390477	0.002828667	0.0003589203	0.000344645	0.0001436329	0.0001434705	0.0001430303	0.0001430232	NA	NA	NA	NA	NA	NA	NA	NA	NA
14	0.7219027	0.7184832	0.7184237	0.7184102	0.7180252	0.7178887	0.02370862	0.002820606	0.0003523844	0.0003426935	0.0001416814	0.0001415203	0.0001412629	0.0001412558	NA	NA	NA	NA	NA	NA	NA	NA
15	0.9955259	0.7215431	0.7184824	0.7184236	0.7184101	0.7180252	0.7178886	0.02370856	0.00282055	0.0003523286	0.0003426377	0.0001416257	0.0001415203	0.0001412629	0.0001412558	NA	NA	NA	NA	NA	NA	NA
16	0.1091477	0.1086688	0.01669253	0.01499128	0.01493267	0.01493257	0.01487902	0.01484116	0.01484112	0.002811414	0.0003521447	0.0003425937	0.0001415817	0.0001414763	0.0001412226	0.0001412226	NA	NA	NA	NA	NA	NA
17	0.07330706	0.06917146	0.06880505	0.001988009	0.000517174	0.0004747219	0.000474627	0.0004211288	0.0004097902	0.0004097542	0.0003916586	0.0003508208	0.000342462	0.0001414499	0.0001413445	0.0001412226	0.0001412226	NA	NA	NA	NA	NA
18	0.1012179	0.07232985	0.06821634	0.06786598	0.00188635	0.000445735	0.0004038515	0.0004037569	0.000350354	0.000342684	0.000342648	0.0003426201	0.0003425049	0.0003423499	0.0001413378	0.0001412325	0.0001412226	0.0001412226	NA	NA	NA	NA
19	0.9999659	0.1012123	0.07232463	0.06821113	0.06786077	0.001886257	0.0004457306	0.0004038476	0.000403753	0.0003503501	0.0003426802	0.0003426442	0.0003426164	0.0003425012	0.0003423462	0.0001413341	0.0001412325	0.0001412226	0.0001412226	NA	NA	NA
20	0.102282	0.102248	0.07741307	0.05535318	0.05127505	0.05092469	0.001338425	0.0002419855	0.0002028313	0.0002027366	0.0001493338	0.0001416641	0.0001416281	0.0001416002	0.000141485	0.00014133	0.00014133	0.0001412325	0.0001412226	0.0001412226	NA	NA
21	0.09256491	0.0880855	0.08805143	0.07738123	0.05532429	0.05125564	0.05090528	0.001337771	0.0002418783	0.0002027292	0.0002026346	0.0001492317	0.0001415665	0.0001415305	0.0001415027	0.0001413875	0.0001412325	0.0001412325	0.0001412325	0.0001412226	0.0001412226	NA
22	0.1134057	0.09217253	0.08792582	0.08789189	0.07737935	0.05532274	0.0512541	0.05090388	0.001337399	0.0002415573	0.0002024091	0.0002023145	0.0001489176	0.0001412746	0.0001412386	0.0001412226	0.0001412226	0.0001412226	0.0001412226	0.0001412226	0.0001412226	0.0001412226
