#unpaired probabilities
 #i$	l=1	2	3	4	5	6	7	8	9	10	11	12	13	14	15	16	17	18	19	20	21	22	23	24	25	26	27	28	29	30	
1	0.5931745	NA	NA	NA	NA	NA	NA	NA	NA	NA	NA	NA	NA	NA	NA	NA	NA	NA	NA	NA	NA	NA	NA	NA	NA	NA	NA	NA	NA	NA
2	0.6101969	0.5831628	NA	NA	NA	NA	NA	NA	NA	NA	NA	NA	NA	NA	NA	NA	NA	NA	NA	NA	NA	NA	NA	NA	NA	NA	NA	NA	NA	NA
3	0.6146129	0.6100563	0.5830533	NA	NA	NA	NA	NA	NA	NA	NA	NA	NA	NA	NA	NA	NA	NA	NA	NA	NA	NA	NA	NA	NA	NA	NA	NA	NA	NA
4	0.6189575	0.6145422	0.6100166	0.5830141	NA	NA	NA	NA	NA	NA	NA	NA	NA	NA	NA	NA	NA	NA	NA	NA	NA	NA	NA	NA	NA	NA	NA	NA	NA	NA
5	0.6256026	0.6149937	0.6144619	0.6099381	0.582992	NA	NA	NA	NA	NA	NA	NA	NA	NA	NA	NA	NA	NA	NA	NA	NA	NA	NA	NA	NA	NA	NA	NA	NA	NA
6	0.6269829	0.5434922	0.5344808	0.5340505	0.5295274	0.5025813	NA	NA	NA	NA	NA	NA	NA	NA	NA	NA	NA	NA	NA	NA	NA	NA	NA	NA	NA	NA	NA	NA	NA	NA
7	0.592598	0.5923682	0.5093076	0.5003063	0.4998793	0.4998785	0.4998776	NA	NA	NA	NA	NA	NA	NA	NA	NA	NA	NA	NA	NA	NA	NA	NA	NA	NA	NA	NA	NA	NA	NA
8	0.1532369	0.08343457	0.08322296	0.01080765	0.001902268	0.001506412	0.001505593	0.001504698	NA	NA	NA	NA	NA	NA	NA	NA	NA	NA	NA	NA	NA	NA	NA	NA	NA	NA	NA	NA	NA	NA
9	0.29143	0.07497098	0.009118009	0.009034875	0.007871578	0.0002887976	0.0001047936	0.000104023	0.0001031291	NA	NA	NA	NA	NA	NA	NA	NA	NA	NA	NA	NA	NA	NA	NA	NA	NA	NA	NA	NA	NA
10	0.24122	0.2022833	0.06646322	0.0013535	0.001291895	0.0002125453	0.0001964599	1.250121e-05	1.178831e-05	1.177235e-05	NA	NA	NA	NA	NA	NA	NA	NA	NA	NA	NA	NA	NA	NA	NA	NA	NA	NA	NA	NA
11	0.09022959	0.03571002	0.001012979	8.925242e-05	1.880013e-05	1.796585e-05	8.965487e-06	6.42285e-06	3.846665e-06	3.137384e-06	3.124363e-06	NA	NA	NA	NA	NA	NA	NA	NA	NA	NA	NA	NA	NA	NA	NA	NA	NA	NA	NA
12	0.1297847	0.04825599	0.0007659784	0.00012438	2.433443e-05	1.470538e-05	1.43952e-05	8.52454e-06	6.075729e-06	3.500969e-06	2.991786e-06	2.988987e-06	NA	NA	NA	NA	NA	NA	NA	NA	NA	NA	NA	NA	NA	NA	NA	NA	NA	NA
13	0.01551247	0.007966538	0.006879041	9.29637e-05	4.426026e-05	1.876761e-05	1.042429e-05	1.040956e-05	4.550414e-06	2.895692e-06	3.218536e-07	3.190008e-07	3.189702e-07	NA	NA	NA	NA	NA	NA	NA	NA	NA	NA	NA	NA	NA	NA	NA	NA	NA
14	0.02731909	0.004007334	0.001113002	0.0003510287	8.27043e-05	3.749039e-05	1.388415e-05	7.619426e-06	7.605266e-06	1.752497e-06	9.828305e-08	8.965591e-08	8.96222e-08	8.96059e-08	NA	NA	NA	NA	NA	NA	NA	NA	NA	NA	NA	NA	NA	NA	NA	NA
15	0.04333235	0.02161027	0.0005874314	0.0002054593	0.0001546879	3.549371e-05	3.531639e-05	1.228329e-05	6.019974e-06	6.009075e-06	1.705484e-07	8.838265e-08	8.608302e-08	8.607551e-08	8.606464e-08	NA	NA	NA	NA	NA	NA	NA	NA	NA	NA	NA	NA	NA	NA	NA
16	0.03581438	0.02548837	0.01577527	0.0002317032	2.981957e-05	2.48136e-05	6.604117e-06	6.559471e-06	6.424556e-06	1.632056e-07	1.532781e-07	6.514534e-08	5.969993e-08	5.846212e-08	5.846043e-08	5.845216e-08	NA	NA	NA	NA	NA	NA	NA	NA	NA	NA	NA	NA	NA	NA
17	0.320418	0.01554815	0.007008101	0.005824748	0.0001003992	1.403886e-05	1.306949e-05	1.738705e-07	1.400439e-07	2.744043e-08	2.019028e-08	1.027543e-08	8.714642e-09	8.636374e-09	8.178781e-09	8.177415e-09	8.169172e-09	NA	NA	NA	NA	NA	NA	NA	NA	NA	NA	NA	NA	NA
18	0.01612448	0.01371157	0.007759264	0.004561362	0.004415525	5.019694e-05	6.609196e-06	6.449252e-06	3.393795e-08	1.076541e-08	8.666404e-09	1.886383e-09	1.881108e-09	1.568633e-09	1.557944e-09	1.100669e-09	1.100518e-09	1.099466e-09	NA	NA	NA	NA	NA	NA	NA	NA	NA	NA	NA	NA
19	0.3356523	0.01590621	0.01353257	0.007593602	0.004399001	0.004253575	4.956358e-05	6.589877e-06	6.430399e-06	2.812625e-08	4.98168e-09	2.937601e-09	1.486426e-09	1.484962e-09	1.399108e-09	1.388946e-09	9.332202e-10	9.330695e-10	9.32017e-10	NA	NA	NA	NA	NA	NA	NA	NA	NA	NA	NA
20	0.3392144	0.3272333	0.00872959	0.006363643	0.003862981	0.0006760087	0.0005307759	4.936735e-05	6.577696e-06	6.41852e-06	2.557543e-08	2.529446e-09	2.027574e-09	1.344251e-09	1.343632e-09	1.288701e-09	1.278947e-09	9.132867e-10	9.13136e-10	9.120836e-10	NA	NA	NA	NA	NA	NA	NA	NA	NA	NA
21	0.9739328	0.3242695	0.3240581	0.005715453	0.003366864	0.0009127344	0.0006452375	0.0005073432	4.37167e-05	5.152572e-06	4.994212e-06	3.565118e-09	9.839691e-10	9.090112e-10	8.377725e-10	8.373532e-10	8.361939e-10	8.359689e-10	8.359611e-10	8.358109e-10	8.347585e-10	NA	NA	NA	NA	NA	NA	NA	NA	NA
22	0.3078229	0.3077665	0.3074123	0.3074034	0.003112319	0.00311206	0.0006628909	0.0003955431	0.000391528	4.287606e-05	4.491694e-06	4.339221e-06	2.089359e-09	2.751239e-10	2.482217e-10	2.229072e-10	2.228869e-10	2.226203e-10	2.226152e-10	2.226077e-10	2.226077e-10	2.226077e-10	NA	NA	NA	NA	NA	NA	NA	NA
23	0.3175438	0.305152	0.3051319	0.3050479	0.3050418	0.002814507	0.00281445	0.0004541662	0.0003513602	0.0003473484	4.279639e-05	4.483973e-06	4.331797e-06	1.832087e-09	3.581329e-11	1.202169e-11	2.343696e-12	2.325088e-12	2.09676e-12	2.092019e-12	2.086424e-12	2.086421e-12	2.086409e-12	NA	NA	NA	NA	NA	NA	NA
24	0.6704486	0.02017262	0.008176554	0.008160377	0.008078682	0.008073865	0.002731269	0.002731218	0.0004054411	0.0003291856	0.0003251743	4.279304e-05	4.483792e-06	4.331619e-06	1.827195e-09	3.29446e-11	9.7346e-12	4.761679e-13	4.579363e-13	2.448156e-13	2.410833e-13	2.365883e-13	2.36586e-13	2.365741e-13	NA	NA	NA	NA	NA	NA
25	0.9783393	0.6631512	0.01453963	0.002612525	0.002599431	0.002517923	0.002513129	0.002381826	0.002381774	0.0001372335	6.26021e-05	5.859075e-05	4.278802e-05	4.483748e-06	4.331576e-06	1.827085e-09	3.283443e-11	9.701193e-12	4.654404e-13	4.472284e-13	2.355137e-13	2.318098e-13	2.279831e-13	2.279809e-13	2.27969e-13	NA	NA	NA	NA	NA
26	0.6816122	0.6789307	0.659619	0.01139922	0.000367066	0.0003549532	0.0002734672	0.0002686863	0.000137468	0.0001374162	0.0001368361	6.258088e-05	5.856953e-05	4.278799e-05	4.483746e-06	4.331573e-06	1.826915e-09	3.266858e-11	9.53679e-12	3.506204e-13	3.324421e-13	1.226858e-13	1.190087e-13	1.151825e-13	1.151803e-13	1.151684e-13	NA	NA	NA	NA
27	0.685919	0.6671176	0.6664017	0.6543208	0.009072278	9.745316e-05	8.938812e-05	1.135475e-05	9.365564e-06	8.975642e-06	8.959295e-06	8.958835e-06	8.958478e-06	4.956208e-06	4.804635e-06	4.481396e-06	4.329224e-06	1.826688e-09	3.244188e-11	9.323468e-12	3.25448e-13	3.072746e-13	1.143363e-13	1.117381e-13	1.115181e-13	1.115161e-13	1.115044e-13	NA	NA	NA
28	0.01958098	0.01923981	0.01886409	0.01880877	0.009276858	0.008723605	8.380731e-05	8.099401e-05	5.486381e-06	5.158858e-06	4.785876e-06	4.784555e-06	4.784161e-06	4.783837e-06	4.783761e-06	4.652379e-06	4.329222e-06	4.32922e-06	1.825228e-09	3.207385e-11	9.208499e-12	2.174629e-13	1.994519e-13	6.772722e-15	4.223952e-15	4.00645e-15	4.00622e-15	4.006114e-15	NA	NA
29	0.02264818	0.01340063	0.01310498	0.01298132	0.01294026	0.003419155	0.002893659	8.328615e-05	8.04922e-05	5.008854e-06	4.69862e-06	4.328542e-06	4.327442e-06	4.32728e-06	4.327213e-06	4.327138e-06	4.326835e-06	4.326663e-06	4.326662e-06	1.825224e-09	3.20698e-11	9.204502e-12	2.141126e-13	1.961016e-13	3.577465e-15	1.042086e-15	8.269708e-16	8.267424e-16	8.266361e-16	NA
30	0.6640245	0.009993971	0.008636066	0.008618923	0.008618795	0.008606992	0.0005787073	7.749804e-05	7.324925e-05	7.316117e-05	3.083042e-07	4.446398e-08	2.040358e-09	1.869925e-09	1.866804e-09	1.863211e-09	1.838955e-09	1.827352e-09	1.827261e-09	1.825477e-09	1.824696e-09	3.154185e-11	8.676561e-12	2.13193e-13	1.95182e-13	2.68074e-15	1.470218e-16	5.640356e-17	5.617628e-17	5.607112e-17
31	0.002418613	0.0006099659	0.0001110082	2.071414e-05	2.051333e-05	2.044577e-05	2.019041e-05	1.994924e-05	1.789746e-06	2.263263e-07	2.238443e-07	2.199292e-07	4.226934e-08	2.07819e-10	6.950454e-11	6.653232e-11	6.300517e-11	4.003174e-11	2.986355e-11	2.977454e-11	2.858425e-11	2.780257e-11	2.77673e-11	8.676335e-12	2.129673e-13	1.95174e-13	2.672778e-15	1.392824e-16	4.866417e-17	4.848931e-17
32	0.1167325	0.0005190084	0.0003923689	4.68438e-05	4.461538e-06	4.329502e-06	4.32885e-06	4.143444e-06	4.070802e-06	1.602303e-06	1.148133e-07	1.125344e-07	1.092197e-07	4.2134e-08	1.856472e-10	4.747003e-11	4.451035e-11	4.137713e-11	1.844814e-11	9.698068e-12	9.611235e-12	9.499534e-12	8.717979e-12	8.716605e-12	8.676282e-12	2.129151e-13	1.951632e-13	2.661883e-15	1.317997e-16	4.118263e-17
33	0.03226253	0.03153153	0.0003857159	0.0003373822	3.798112e-06	1.235652e-06	1.115324e-06	1.114793e-06	9.369051e-07	9.017331e-07	7.739132e-08	7.272337e-08	7.04732e-08	6.724077e-08	4.133081e-10	1.698927e-10	3.174449e-11	2.900446e-11	2.682637e-11	4.422666e-12	3.840822e-13	3.70884e-13	2.592171e-13	2.54582e-13	2.532087e-13	2.128862e-13	2.128784e-13	1.951265e-13	2.635013e-15	1.0493e-16
34	0.02240948	0.02162931	0.02099142	0.0003810823	0.0003365749	3.436901e-06	9.459515e-07	9.111203e-07	9.105913e-07	8.890971e-07	8.79106e-07	7.190064e-08	6.73624e-08	6.734215e-08	6.713795e-08	3.385347e-10	9.528691e-11	3.161364e-11	2.887388e-11	2.669601e-11	4.31551e-12	3.261657e-13	3.130612e-13	2.017548e-13	1.971242e-13	1.971151e-13	1.951349e-13	1.951272e-13	1.951258e-13	2.634333e-15
35	0.2083208	0.02239362	0.02162852	0.0209908	0.000381076	0.0003365697	3.431888e-06	9.45922e-07	9.110942e-07	9.105652e-07	8.890725e-07	8.790827e-07	7.189886e-08	6.736178e-08	6.734153e-08	6.713733e-08	3.379183e-10	9.47044e-11	3.103117e-11	2.886133e-11	2.669568e-11	4.315186e-12	3.260836e-13	3.129931e-13	2.016867e-13	1.970562e-13	1.970471e-13	1.95067e-13	1.950592e-13	1.950578e-13
36	0.1966447	0.03337551	0.0200954	0.01983312	0.01981735	0.0003761135	0.0003347911	1.68695e-06	8.981437e-07	8.646444e-07	8.641246e-07	8.433769e-07	8.341552e-07	7.094998e-08	6.733449e-08	6.731528e-08	6.711432e-08	3.218397e-10	9.323109e-11	2.957132e-11	2.814943e-11	2.639948e-11	4.021943e-12	1.269792e-13	1.205314e-13	9.231643e-15	4.632156e-15	4.623083e-15	2.64297e-15	2.635222e-15
37	0.2090954	0.04096827	0.02165005	0.01947031	0.01946653	0.0194647	4.16932e-05	8.551712e-07	7.720871e-07	3.647044e-08	3.488721e-08	3.484185e-08	1.525748e-08	8.29512e-09	3.75687e-09	2.899373e-10	2.84412e-10	2.574602e-10	2.566108e-10	2.831448e-11	2.790754e-11	2.648703e-11	2.474248e-11	2.372241e-12	8.571067e-15	4.607164e-15	4.57343e-15	1.114267e-16	1.034563e-16	1.032498e-16
38	0.4886577	0.1800198	0.01204141	0.0009999629	4.388423e-05	4.134425e-05	4.110563e-05	4.098519e-05	1.489889e-07	6.846477e-08	3.360555e-08	3.202504e-08	3.198226e-08	1.240085e-08	5.441919e-09	9.147614e-10	5.828064e-11	5.279416e-11	2.585827e-11	2.502968e-11	2.496899e-11	2.456209e-11	2.456097e-11	2.45601e-11	2.18988e-12	3.775308e-15	1.580625e-16	1.256442e-16	1.495873e-17	7.016271e-18
39	0.6327813	0.4834882	0.1790289	0.0117335	0.0009513663	2.972428e-06	4.989535e-07	2.712679e-07	1.603063e-07	1.162965e-07	4.178614e-08	7.009e-09	6.483792e-09	6.441122e-09	5.505063e-09	5.383781e-09	8.714569e-10	2.611974e-11	2.458495e-11	2.448788e-11	2.442351e-11	2.437034e-11	2.436751e-11	2.436651e-11	2.43657e-11	2.060588e-12	3.555656e-15	1.366117e-16	1.053946e-16	6.260219e-18
40	0.364122	0.3548038	0.2907884	0.001205552	0.000223143	1.612162e-05	1.912082e-07	1.4853e-07	1.018665e-07	4.058488e-08	4.047576e-08	3.988165e-08	5.595993e-09	5.584975e-09	5.552594e-09	5.328061e-09	5.31204e-09	8.094732e-10	3.177426e-12	1.737659e-12	1.680226e-12	1.655516e-12	1.608567e-12	1.608519e-12	1.607924e-12	1.607295e-12	1.607259e-12	2.796527e-15	7.222119e-17	6.214613e-17
41	0.3779528	0.0837506	0.08068408	0.017329	7.867028e-05	2.624189e-05	3.948117e-06	1.195532e-07	1.11439e-07	7.706139e-08	3.939402e-08	3.931205e-08	3.876735e-08	5.589143e-09	5.578218e-09	5.545926e-09	5.321499e-09	5.305521e-09	8.030589e-10	2.082298e-12	6.521287e-13	5.950411e-13	5.707516e-13	5.252698e-13	5.252222e-13	5.247029e-13	5.241071e-13	5.240724e-13	2.690533e-15	6.484357e-17
42	0.2955632	0.1442405	0.01056983	0.007811981	0.007442649	3.293086e-05	1.137942e-05	1.7278e-06	4.636055e-08	4.27902e-08	2.706549e-08	6.087892e-09	6.041453e-09	5.678724e-09	5.561901e-09	5.55114e-09	5.518993e-09	5.294952e-09	5.279087e-09	7.771081e-10	1.728441e-12	3.432215e-13	2.876152e-13	2.653259e-13	2.316116e-13	2.315701e-13	2.313196e-13	2.308458e-13	2.308202e-13	3.886381e-16
43	0.133435	0.1151499	0.1107711	0.007771741	0.005837521	0.005657536	2.501427e-05	8.639439e-06	1.310029e-06	3.364231e-08	3.09396e-08	1.899398e-08	1.233787e-09	1.20653e-09	1.099747e-09	1.000722e-09	1.000518e-09	1.000431e-09	7.771854e-10	7.725795e-10	7.722634e-10	1.642762e-12	2.66288e-13	2.111212e-13	2.091935e-13	1.762229e-13	1.761855e-13	1.759838e-13	1.755327e-13	1.755104e-13
44	0.2926714	0.07012603	0.05226978	0.04941841	0.003026409	0.002404143	0.002335856	1.032295e-05	3.554976e-06	5.425406e-07	1.076412e-08	9.629525e-09	4.443936e-09	3.200991e-10	3.061476e-10	2.610545e-10	2.358027e-10	2.356574e-10	2.35621e-10	1.251191e-11	7.946611e-12	7.79837e-12	1.517679e-12	1.570965e-13	1.024391e-13	1.011978e-13	7.266317e-14	7.262759e-14	7.251855e-14	7.248575e-14
45	0.06799773	0.05680206	0.04378291	0.04138627	0.04025451	0.002340446	0.001885022	0.001839176	8.126652e-06	2.800778e-06	4.289693e-07	8.372298e-09	7.496992e-09	3.316473e-09	6.941829e-11	6.143378e-11	2.708508e-11	6.743923e-12	6.679053e-12	6.65022e-12	6.442762e-12	5.171442e-12	5.060614e-12	1.061289e-13	9.70318e-14	8.629358e-14	8.535704e-14	5.721589e-14	5.718963e-14	5.709443e-14
46	0.2003693	0.04844063	0.04784985	0.03709195	0.03699514	0.03637298	0.002110416	0.001662512	0.001624716	7.173752e-06	2.475158e-06	3.801522e-07	7.456466e-09	6.686605e-09	2.928751e-09	5.95123e-11	5.335662e-11	2.302794e-11	4.71955e-12	4.689416e-12	4.663878e-12	4.59444e-12	4.565145e-12	4.469523e-12	8.756604e-14	7.975425e-14	7.942699e-14	7.860235e-14	5.053709e-14	5.051846e-14
47	0.9418736	0.1878132	0.04802595	0.04744591	0.03672484	0.03666937	0.0361486	0.002095341	0.001649383	0.001612421	7.118398e-06	2.456179e-06	3.773511e-07	7.403545e-09	6.640177e-09	2.906616e-09	5.905603e-11	5.294879e-11	2.286618e-11	4.675555e-12	4.645892e-12	4.621145e-12	4.552738e-12	4.524268e-12	4.436133e-12	8.700468e-14	7.927991e-14	7.895918e-14	7.820477e-14	5.015087e-14
48	0.9738276	0.935637	0.1867875	0.04765281	0.04707714	0.0364282	0.03637277	0.03585387	0.002073482	0.001634616	0.001597974	7.054597e-06	2.434117e-06	3.739844e-07	7.341265e-09	6.584748e-09	2.879793e-09	5.854758e-11	5.249481e-11	2.268029e-11	4.631508e-12	4.602097e-12	4.577571e-12	4.509758e-12	4.48146e-12	4.39405e-12	8.64425e-14	7.878676e-14	7.846822e-14	7.771678e-14
49	0.9993863	0.9733193	0.9351304	0.186281	0.04714629	0.04657062	0.0364282	0.03637277	0.03585387	0.002073482	0.001634616	0.001597974	7.054434e-06	2.433954e-06	3.738922e-07	7.266614e-09	6.510116e-09	2.879792e-09	5.854741e-11	5.249465e-11	2.268017e-11	4.631495e-12	4.602084e-12	4.577559e-12	4.509745e-12	4.481447e-12	4.394038e-12	8.642966e-14	7.877392e-14	7.845538e-14
50	0.7779539	0.7774246	0.7519349	0.7138695	0.1556751	0.04318015	0.04260522	0.03255321	0.03249779	0.03197921	0.002068693	0.001632022	0.001595435	7.036048e-06	2.422591e-06	3.657224e-07	7.251893e-09	6.496555e-09	2.874458e-09	5.840747e-11	5.236385e-11	2.259488e-11	4.6112e-12	4.581833e-12	4.557346e-12	4.489632e-12	4.461363e-12	4.374075e-12	8.587553e-14	7.823138e-14
51	0.7675606	0.7373216	0.7368995	0.7116439	0.6749661	0.1501335	0.04040305	0.03982812	0.02981408	0.02975865	0.02924007	0.002067107	0.001631987	0.001595401	7.035898e-06	2.422443e-06	3.656221e-07	7.250536e-09	6.495232e-09	2.874161e-09	5.821581e-11	5.217219e-11	2.240336e-11	4.60868e-12	4.579314e-12	4.554827e-12	4.487113e-12	4.458844e-12	4.371556e-12	8.578554e-14
52	0.9159022	0.6994529	0.6947475	0.6943255	0.6690789	0.6680131	0.1431807	0.03345029	0.03287536	0.02981408	0.02975865	0.02924007	0.002067107	0.001631986	0.0015954	7.035364e-06	2.421909e-06	3.651338e-07	6.772577e-09	6.017285e-09	2.87416e-09	5.82157e-11	5.217208e-11	2.240327e-11	4.608671e-12	4.579305e-12	4.554817e-12	4.487104e-12	4.458835e-12	4.371547e-12
53	0.7192053	0.6690464	0.6395693	0.6374196	0.6373282	0.6267363	0.6261868	0.1020663	0.03003959	0.02946502	0.0294142	0.02935877	0.02884021	0.001680055	0.00163196	0.001595374	7.03292e-06	2.419465e-06	3.627178e-07	6.760851e-09	6.005618e-09	2.865052e-09	5.518549e-11	4.914202e-11	1.940202e-11	4.554975e-12	4.525724e-12	4.501237e-12	4.433523e-12	4.405254e-12
54	0.6592561	0.6451492	0.6427006	0.6296193	0.6287174	0.6286277	0.6262762	0.625727	0.1016074	0.02958067	0.02909911	0.0290483	0.02904478	0.02883866	0.001678503	0.001630407	0.001595374	7.032915e-06	2.41946e-06	3.627131e-07	6.756299e-09	6.005444e-09	2.864889e-09	5.502569e-11	4.900616e-11	1.938137e-11	4.534621e-12	4.506723e-12	4.482235e-12	4.416675e-12
55	0.9453077	0.6582402	0.6448721	0.6424362	0.629365	0.6284635	0.6283738	0.6260225	0.6255048	0.1015986	0.02957941	0.02909785	0.02904768	0.02904416	0.02883805	0.001678316	0.001630405	0.001595372	7.032914e-06	2.419459e-06	3.627114e-07	6.756275e-09	6.005421e-09	2.864884e-09	5.50253e-11	4.900577e-11	1.938098e-11	4.534615e-12	4.506718e-12	4.48223e-12
