#unpaired probabilities
 #i$	l=1	2	3	4	5	6	7	8	9	10	11	12	13	14	15	16	17	18	19	20	21	22	23	24	25	26	27	28	29	30	
1	0.9783245	NA	NA	NA	NA	NA	NA	NA	NA	NA	NA	NA	NA	NA	NA	NA	NA	NA	NA	NA	NA	NA	NA	NA	NA	NA	NA	NA	NA	NA
2	0.9908509	0.9777491	NA	NA	NA	NA	NA	NA	NA	NA	NA	NA	NA	NA	NA	NA	NA	NA	NA	NA	NA	NA	NA	NA	NA	NA	NA	NA	NA	NA
3	0.9959924	0.9865843	0.97413	NA	NA	NA	NA	NA	NA	NA	NA	NA	NA	NA	NA	NA	NA	NA	NA	NA	NA	NA	NA	NA	NA	NA	NA	NA	NA	NA
4	0.9966988	0.99525	0.9861196	0.9737097	NA	NA	NA	NA	NA	NA	NA	NA	NA	NA	NA	NA	NA	NA	NA	NA	NA	NA	NA	NA	NA	NA	NA	NA	NA	NA
5	0.9992175	0.9960623	0.9946177	0.985497	0.9731148	NA	NA	NA	NA	NA	NA	NA	NA	NA	NA	NA	NA	NA	NA	NA	NA	NA	NA	NA	NA	NA	NA	NA	NA	NA
6	0.9857476	0.9838223	0.9787067	0.9799888	0.9771334	0.9650484	NA	NA	NA	NA	NA	NA	NA	NA	NA	NA	NA	NA	NA	NA	NA	NA	NA	NA	NA	NA	NA	NA	NA	NA
7	0.970051	0.9671446	0.9645322	0.9585401	0.9620644	0.9645568	0.9526449	NA	NA	NA	NA	NA	NA	NA	NA	NA	NA	NA	NA	NA	NA	NA	NA	NA	NA	NA	NA	NA	NA	NA
8	0.98279	0.9688533	0.9659798	0.9633489	0.9575767	0.9610977	0.9635819	0.9516806	NA	NA	NA	NA	NA	NA	NA	NA	NA	NA	NA	NA	NA	NA	NA	NA	NA	NA	NA	NA	NA	NA
9	0.9978654	0.9805532	0.966665	0.9636234	0.9608533	0.9561785	0.959687	0.9621726	0.9502867	NA	NA	NA	NA	NA	NA	NA	NA	NA	NA	NA	NA	NA	NA	NA	NA	NA	NA	NA	NA	NA
10	0.9963444	0.9952434	0.9777989	0.9635636	0.9600475	0.9566127	0.9509407	0.9534003	0.9616717	0.9498172	NA	NA	NA	NA	NA	NA	NA	NA	NA	NA	NA	NA	NA	NA	NA	NA	NA	NA	NA	NA
11	0.9884619	0.986178	0.9845051	0.9679838	0.9536051	0.9488976	0.9437773	0.9355748	0.9376794	0.9457325	0.9346565	NA	NA	NA	NA	NA	NA	NA	NA	NA	NA	NA	NA	NA	NA	NA	NA	NA	NA	NA
12	0.8841644	0.8754616	0.8646615	0.8549299	0.8387742	0.8189037	0.7979086	0.7700915	0.7278527	0.725378	0.7314602	0.7235521	NA	NA	NA	NA	NA	NA	NA	NA	NA	NA	NA	NA	NA	NA	NA	NA	NA	NA
13	0.8882562	0.8671054	0.8582811	0.8471426	0.8380416	0.82337	0.8049429	0.7852934	0.7593353	0.7198809	0.7180485	0.724351	0.7165881	NA	NA	NA	NA	NA	NA	NA	NA	NA	NA	NA	NA	NA	NA	NA	NA	NA
14	0.408354	0.4049628	0.3981497	0.3965486	0.3949285	0.3941649	0.3917556	0.3887782	0.3860692	0.3829865	0.3784489	0.3837847	0.3917647	0.3875792	NA	NA	NA	NA	NA	NA	NA	NA	NA	NA	NA	NA	NA	NA	NA	NA
15	0.8328243	0.397838	0.3943864	0.3875319	0.3856893	0.3837822	0.3833402	0.3816078	0.3792616	0.3771734	0.3749293	0.3716474	0.377197	0.3852523	0.3811431	NA	NA	NA	NA	NA	NA	NA	NA	NA	NA	NA	NA	NA	NA	NA
16	0.07649303	0.06378443	0.05814434	0.06063894	0.06308118	0.06593704	0.07111683	0.07611524	0.08434669	0.09518133	0.1080275	0.1259345	0.1527917	0.1619765	0.1726963	0.1708497	NA	NA	NA	NA	NA	NA	NA	NA	NA	NA	NA	NA	NA	NA
17	0.01987734	0.005627133	0.003831335	0.003660156	0.003757773	0.003865735	0.003969792	0.004255368	0.004472741	0.004949299	0.005595831	0.006355118	0.007413488	0.009000811	0.009353929	0.009916948	0.009809042	NA	NA	NA	NA	NA	NA	NA	NA	NA	NA	NA	NA	NA
18	0.01597958	0.0001464326	6.731073e-05	5.954339e-05	5.775674e-05	5.975427e-05	5.927642e-05	6.149544e-05	6.498022e-05	6.887345e-05	7.441132e-05	8.287717e-05	9.224377e-05	0.0001054629	0.0001252751	0.0001285145	0.0001317139	0.0001296606	NA	NA	NA	NA	NA	NA	NA	NA	NA	NA	NA	NA
19	0.03304789	0.0009189048	8.418141e-05	3.843107e-05	3.581661e-05	3.485904e-05	3.603309e-05	3.479105e-05	3.603033e-05	3.75306e-05	3.964389e-05	4.196743e-05	4.621079e-05	5.05494e-05	5.676252e-05	6.606726e-05	6.620004e-05	6.536665e-05	6.403908e-05	NA	NA	NA	NA	NA	NA	NA	NA	NA	NA	NA
20	0.1546204	0.02400927	0.0004321284	6.232404e-05	3.112646e-05	2.934279e-05	2.936836e-05	3.058026e-05	2.918048e-05	3.019598e-05	3.135522e-05	3.33226e-05	3.542727e-05	3.927826e-05	4.30125e-05	4.838223e-05	5.642203e-05	5.614299e-05	5.485225e-05	5.423569e-05	NA	NA	NA	NA	NA	NA	NA	NA	NA	NA
21	0.1160492	0.04440635	0.01731916	0.0003275548	4.585446e-05	2.264978e-05	2.091277e-05	2.088617e-05	2.1722e-05	2.020581e-05	2.090119e-05	2.230519e-05	2.370756e-05	2.480417e-05	2.732809e-05	2.963166e-05	3.302137e-05	3.813313e-05	3.87178e-05	4.053835e-05	4.010048e-05	NA	NA	NA	NA	NA	NA	NA	NA	NA
22	0.2139409	0.1101743	0.04418193	0.01724539	0.0003207423	4.507156e-05	2.192525e-05	2.014894e-05	2.007746e-05	2.085264e-05	1.926585e-05	1.987768e-05	2.118045e-05	2.253883e-05	2.474816e-05	2.726699e-05	2.956404e-05	3.294479e-05	3.804311e-05	3.863078e-05	4.04566e-05	4.00198e-05	NA	NA	NA	NA	NA	NA	NA	NA
23	0.3183818	0.2046846	0.1050381	0.04137262	0.0160739	0.0002941943	4.072444e-05	1.982835e-05	1.803976e-05	1.798993e-05	1.866828e-05	1.69802e-05	1.745839e-05	1.860265e-05	1.980577e-05	2.185357e-05	2.444028e-05	2.71311e-05	3.110774e-05	3.710306e-05	3.789421e-05	3.979436e-05	3.936509e-05	NA	NA	NA	NA	NA	NA	NA
24	0.3921282	0.3090214	0.2026227	0.1037352	0.04064586	0.01579351	0.0002880346	3.955175e-05	1.912886e-05	1.733883e-05	1.726849e-05	1.790794e-05	1.633855e-05	1.689798e-05	1.800443e-05	1.917147e-05	2.116687e-05	2.370316e-05	2.661654e-05	3.06961e-05	3.682064e-05	3.764369e-05	3.955059e-05	3.912395e-05	NA	NA	NA	NA	NA	NA
25	0.4780783	0.391585	0.3087934	0.2025462	0.1036849	0.04061957	0.01578394	0.0002877688	3.943605e-05	1.902043e-05	1.729794e-05	1.722556e-05	1.787548e-05	1.630398e-05	1.686081e-05	1.796453e-05	1.912782e-05	2.111825e-05	2.364835e-05	2.658608e-05	3.068147e-05	3.680463e-05	3.762737e-05	3.95334e-05	3.910695e-05	NA	NA	NA	NA	NA
26	0.9816407	0.4591149	0.3811889	0.2981266	0.1984977	0.100998	0.03897454	0.01504624	0.0002704124	3.588975e-05	1.688028e-05	1.648557e-05	1.645297e-05	1.710569e-05	1.55231e-05	1.604661e-05	1.711837e-05	1.828482e-05	2.028332e-05	2.290466e-05	2.595733e-05	3.020357e-05	3.655783e-05	3.742516e-05	3.93437e-05	3.891926e-05	NA	NA	NA	NA
27	0.5305054	0.512058	0.4320627	0.3790539	0.2964024	0.1969281	0.1007362	0.03881627	0.01497581	0.0002688431	3.563554e-05	1.679892e-05	1.640685e-05	1.638808e-05	1.703983e-05	1.545626e-05	1.597726e-05	1.704591e-05	1.8213e-05	2.021275e-05	2.283922e-05	2.589809e-05	3.015293e-05	3.652008e-05	3.739023e-05	3.930964e-05	3.888581e-05	NA	NA	NA
28	0.4389469	0.4196075	0.3991455	0.3737226	0.3229995	0.2414548	0.1909723	0.09659071	0.03671318	0.01413949	0.0002559357	3.377479e-05	1.59699e-05	1.56001e-05	1.559237e-05	1.622756e-05	1.470664e-05	1.521189e-05	1.623409e-05	1.736697e-05	1.928791e-05	2.180679e-05	2.474039e-05	2.882141e-05	3.494457e-05	3.576621e-05	3.760707e-05	3.720158e-05	NA	NA
29	0.3996308	0.3649618	0.3440241	0.3220064	0.295541	0.2660519	0.1820777	0.1292889	0.09554475	0.03615093	0.01403931	0.0002519139	3.285269e-05	1.519558e-05	1.479043e-05	1.474992e-05	1.532731e-05	1.374319e-05	1.416987e-05	1.509258e-05	1.610729e-05	1.788224e-05	2.021648e-05	2.292776e-05	2.669903e-05	3.235767e-05	3.295953e-05	3.4618e-05	3.424458e-05	NA
30	0.3247367	0.2736813	0.2496732	0.2291278	0.2073004	0.1825643	0.1555101	0.1269983	0.07776025	0.05037876	0.02971835	0.01143538	0.000208599	2.787024e-05	1.234348e-05	1.187483e-05	1.175445e-05	1.218412e-05	1.260506e-05	1.303182e-05	1.389885e-05	1.485486e-05	1.649793e-05	1.865372e-05	2.11616e-05	2.465169e-05	2.988567e-05	3.042674e-05	3.194673e-05	3.160189e-05
31	0.529734	0.2787658	0.2408642	0.2166254	0.1959215	0.1739377	0.1492765	0.1210602	0.09133417	0.0607791	0.03905783	0.02305844	0.008868286	0.0001524953	2.03449e-05	1.009688e-05	9.994116e-06	9.974823e-06	1.038331e-05	1.078917e-05	1.12208e-05	1.209938e-05	1.288182e-05	1.430194e-05	1.618617e-05	1.841436e-05	2.151836e-05	2.61736e-05	2.757549e-05	2.940172e-05
32	0.7530972	0.5037483	0.260715	0.2242628	0.2018531	0.1840185	0.165476	0.1408705	0.1144913	0.08480034	0.05491854	0.03583163	0.02132116	0.008542574	0.0001228489	1.757234e-05	7.773183e-06	7.563702e-06	7.412735e-06	7.64494e-06	7.85824e-06	8.05145e-06	8.626048e-06	9.046614e-06	1.001376e-05	1.13305e-05	1.287758e-05	1.503284e-05	1.826536e-05	1.897636e-05
33	0.8636305	0.7524258	0.503134	0.2601031	0.2236522	0.2014001	0.1835783	0.1652123	0.1406804	0.114391	0.08470282	0.05482917	0.03579459	0.02130103	0.008538021	0.0001227051	1.750375e-05	7.750854e-06	7.540467e-06	7.388642e-06	7.619257e-06	7.830829e-06	8.021904e-06	8.59377e-06	9.011572e-06	9.975173e-06	1.12872e-05	1.282841e-05	1.49755e-05	1.819577e-05
34	0.8246005	0.7778512	0.7255447	0.4859109	0.242464	0.2205688	0.1983283	0.1806446	0.1622559	0.1376999	0.1113947	0.08165683	0.05367017	0.03517745	0.02087812	0.008434366	0.0001206291	1.723107e-05	7.642254e-06	7.478464e-06	7.331481e-06	7.562355e-06	7.778078e-06	7.968752e-06	8.539162e-06	8.95268e-06	9.91008e-06	1.121455e-05	1.274907e-05	1.488724e-05
35	0.8300202	0.8036904	0.7607412	0.7086358	0.4773156	0.2407605	0.218835	0.1979067	0.1802329	0.1618545	0.1373129	0.1112231	0.08151199	0.05355334	0.03512122	0.02084356	0.008418922	0.0001203165	1.717708e-05	7.628135e-06	7.46491e-06	7.32109e-06	7.55192e-06	7.76721e-06	7.957423e-06	8.526941e-06	8.939652e-06	9.895613e-06	1.120153e-05	1.273438e-05
36	0.2749639	0.2540283	0.2399608	0.2403558	0.2384551	0.2421911	0.02597127	0.02136204	0.01927501	0.0175792	0.0158189	0.0135157	0.01097577	0.008128194	0.005341933	0.003476573	0.002027613	0.0008178227	1.173177e-05	1.668434e-06	7.362749e-07	7.204534e-07	7.065067e-07	7.287692e-07	7.495361e-07	7.679246e-07	8.228383e-07	8.626221e-07	9.547366e-07	1.080438e-06
37	0.07140507	0.02227793	0.01888627	0.005929687	0.005779411	0.003564393	0.003567865	0.003532717	0.0007228265	0.0006430814	0.0006053284	0.0005691521	0.0005111302	0.0004564545	0.0003960331	0.0002348328	0.0001418754	6.925285e-05	2.719833e-05	4.356622e-07	5.137119e-08	1.94795e-08	1.895122e-08	1.851583e-08	1.906428e-08	1.956784e-08	2.003865e-08	2.140551e-08	2.235541e-08	2.45629e-08
38	0.54151	0.03198102	0.005243776	0.003068433	0.001330592	0.001107309	0.0009052474	0.000824555	0.0006983383	0.0006521484	0.0005701157	0.0005298969	0.0004909894	0.0004299247	0.0003719561	0.0003082976	0.0002311611	0.0001394073	6.776368e-05	2.655867e-05	4.214561e-07	4.926425e-08	1.866261e-08	1.822141e-08	1.781719e-08	1.83529e-08	1.884693e-08	1.928775e-08	2.061883e-08	2.156263e-08
39	0.03225375	0.02878051	0.02790814	0.002771705	0.00082772	0.0001376979	6.140402e-05	4.386197e-05	4.041559e-05	3.92832e-05	3.8319e-05	3.744588e-05	3.410988e-05	3.311531e-05	2.180737e-05	1.82509e-05	1.668365e-05	1.424195e-05	9.18586e-06	4.842143e-06	2.08572e-06	3.808641e-08	3.822827e-09	1.13663e-09	1.077023e-09	1.014387e-09	1.024613e-09	1.029207e-09	1.038624e-09	1.067223e-09
40	0.09765253	0.03000116	0.02760568	0.02766888	0.00267977	0.0007497085	6.234689e-05	2.542242e-05	1.615604e-05	1.537484e-05	1.558633e-05	1.582868e-05	1.615089e-05	1.471143e-05	1.505775e-05	5.932488e-06	4.81332e-06	4.81826e-06	4.460596e-06	2.948046e-06	1.805513e-06	8.203372e-07	1.768906e-08	2.312198e-09	6.35142e-10	5.966287e-10	5.553116e-10	5.574756e-10	5.581664e-10	5.665629e-10
41	0.3837416	0.04882248	0.001652464	0.0005031465	0.0003253116	6.288694e-05	2.503919e-05	1.069075e-05	1.023477e-05	9.855616e-06	9.944136e-06	1.013533e-05	1.035569e-05	1.060349e-05	1.088634e-05	1.117605e-05	1.923505e-06	6.689385e-07	5.481154e-07	4.257107e-07	2.181958e-07	1.17714e-07	4.431507e-08	7.248073e-10	1.022664e-10	4.573255e-11	4.522716e-11	4.468828e-11	4.63964e-11	4.805026e-11
42	0.0652585	0.03701564	0.01121508	0.0009732256	0.0003584085	0.0002592085	3.407287e-05	1.600213e-05	2.373543e-06	2.037175e-06	1.631079e-06	1.55928e-06	1.551171e-06	1.545329e-06	1.547712e-06	1.556522e-06	1.566263e-06	1.580391e-06	3.849638e-07	3.315738e-07	2.7529e-07	1.200773e-07	6.025323e-08	2.203597e-08	3.834863e-10	5.291841e-11	2.417673e-11	2.407322e-11	2.387569e-11	2.489163e-11
43	0.02667623	0.02086715	0.01100048	0.009375585	0.0003235078	0.0003255954	0.0002422321	1.864499e-05	8.338835e-07	6.935095e-07	4.485156e-07	1.393263e-07	1.23405e-07	1.18272e-07	1.078481e-07	1.037249e-07	1.002689e-07	9.657237e-08	9.269551e-08	8.835139e-08	6.833172e-08	5.415435e-08	3.491498e-08	1.8455e-08	6.604697e-09	1.301095e-10	1.849165e-11	7.844719e-12	7.715408e-12	7.658914e-12
44	0.538752	0.02166742	0.01622759	0.01016866	0.009050231	2.71784e-05	2.251462e-05	1.829845e-05	1.80073e-05	5.892241e-07	4.491739e-07	4.114154e-07	1.113007e-07	9.701722e-08	9.220397e-08	8.198472e-08	7.804934e-08	7.479996e-08	7.134621e-08	6.79153e-08	6.413872e-08	5.986356e-08	4.677257e-08	2.972779e-08	1.640991e-08	5.780749e-09	1.155372e-10	1.699861e-11	7.240771e-12	7.118862e-12
45	0.06091586	0.03327658	0.008639104	0.005790535	0.001327082	0.0001230601	7.770314e-06	3.052065e-06	8.144255e-07	6.745774e-07	4.155125e-07	3.535151e-07	3.39339e-07	7.663842e-08	6.681519e-08	6.193061e-08	5.802918e-08	5.41611e-08	5.107044e-08	4.786687e-08	4.370515e-08	3.911733e-08	3.418242e-08	2.738987e-08	1.679767e-08	8.659176e-09	2.607419e-09	4.575921e-11	7.384501e-12	4.133626e-12
46	0.0764276	0.0109719	0.004371435	0.002485869	0.00230439	0.0001196355	2.113687e-05	9.76428e-07	8.002359e-07	6.008718e-07	5.144331e-07	2.655853e-07	2.699234e-07	2.668162e-07	1.836073e-08	1.459597e-08	1.409505e-08	1.379184e-08	1.360398e-08	1.346851e-08	1.331148e-08	1.31289e-08	1.288108e-08	1.291798e-08	1.179763e-08	7.285887e-09	3.866653e-09	7.23671e-10	1.627492e-11	3.694039e-12
47	0.171055	0.06069566	0.003542517	0.001511528	0.0006401014	0.0004838375	5.41412e-05	4.881136e-06	4.877618e-07	3.73788e-07	2.929008e-07	2.980074e-07	2.371462e-07	2.426636e-07	2.477993e-07	5.935878e-09	4.88004e-09	4.557818e-09	4.348721e-09	4.171666e-09	3.982532e-09	3.767281e-09	3.61996e-09	3.242547e-09	3.106978e-09	2.672579e-09	1.428743e-09	8.467977e-10	3.643989e-10	7.328588e-12
48	0.4500284	0.0796405	0.06026476	0.003226599	0.001366652	0.000600302	0.0004578704	4.742764e-05	4.320322e-06	4.640525e-07	3.609427e-07	2.910434e-07	2.965754e-07	2.358219e-07	2.419287e-07	2.471558e-07	5.390528e-09	4.378155e-09	4.206289e-09	4.025736e-09	3.878532e-09	3.725752e-09	3.551689e-09	3.42503e-09	3.069352e-09	2.95885e-09	2.55845e-09	1.360052e-09	8.120781e-10	3.536559e-10
49	0.1017322	0.08791805	0.06753216	0.05894427	0.002262695	0.0008011351	0.0004223595	0.0003781496	2.707442e-05	2.281262e-06	1.163561e-07	5.09534e-08	8.195583e-09	6.827492e-09	6.189587e-09	5.767449e-09	4.554603e-09	3.110863e-09	2.303154e-09	2.188638e-09	2.097812e-09	1.99988e-09	1.896615e-09	1.778345e-09	1.733154e-09	1.469324e-09	1.406276e-09	1.244479e-09	8.047155e-10	5.03081e-10
50	0.1424028	0.09572758	0.08310443	0.06368965	0.05578902	0.00201778	0.0007616887	0.0004089766	0.0003681447	2.544984e-05	2.151454e-06	1.103174e-07	4.762012e-08	7.6601e-09	6.352686e-09	5.733861e-09	5.355222e-09	4.190286e-09	2.805931e-09	2.181191e-09	2.088788e-09	2.002074e-09	1.91172e-09	1.812923e-09	1.699488e-09	1.658675e-09	1.399908e-09	1.342185e-09	1.189575e-09	7.690677e-10
51	0.5596484	0.05618311	0.05503288	0.05347073	0.05384321	0.05340212	0.001136404	0.0003079948	0.0002965773	0.0003027978	3.815028e-06	4.251906e-07	3.05416e-08	4.180728e-09	2.262169e-09	1.81813e-09	1.551774e-09	1.185369e-09	1.00982e-09	8.587652e-10	5.756129e-10	5.496573e-10	5.081885e-10	4.810902e-10	4.264458e-10	3.596789e-10	3.706518e-10	1.694667e-10	1.719198e-10	1.585682e-10
52	0.503754	0.4994852	0.00564447	0.003962189	0.001462475	0.001096922	0.0008026734	0.0008195986	9.61483e-06	5.674242e-06	5.752153e-06	2.776065e-06	1.247293e-07	2.771375e-08	2.270955e-09	1.279709e-09	8.441713e-10	7.610399e-10	4.066249e-10	3.563339e-10	3.052344e-10	2.361505e-10	2.373196e-10	2.251479e-10	2.312189e-10	2.382599e-10	2.457494e-10	2.553321e-10	5.145097e-11	5.048121e-11
53	0.6218897	0.4894168	0.4935501	0.004542014	0.002938881	0.0004794122	0.0003173374	2.913657e-05	2.920085e-05	7.230755e-06	3.400387e-06	3.430599e-06	7.108938e-07	1.194618e-07	2.50953e-08	2.050411e-09	1.063257e-09	6.225179e-10	5.393649e-10	1.794531e-10	1.270222e-10	7.305024e-11	6.365904e-11	6.191623e-11	4.392106e-11	4.383497e-11	4.43094e-11	4.476584e-11	4.633496e-11	4.801783e-11
54	0.7346195	0.5811722	0.4813281	0.4862238	0.004471785	0.00288309	0.0004325396	0.0003046019	2.562942e-05	2.564341e-05	3.659762e-06	3.084972e-06	3.111501e-06	6.704863e-07	8.441301e-08	2.48702e-08	1.832425e-09	1.015326e-09	5.764271e-10	5.001461e-10	1.393882e-10	9.851291e-11	5.872185e-11	5.166431e-11	4.965957e-11	3.127839e-11	3.091333e-11	3.09444e-11	3.09176e-11	3.196051e-11
55	0.8996202	0.7263339	0.5783508	0.4788873	0.4838139	0.00213952	0.0005037887	0.0004315712	0.0003044839	2.56099e-05	2.562469e-05	3.645999e-06	3.076083e-06	3.108518e-06	6.70304e-07	8.435079e-08	2.485386e-08	1.815983e-09	9.987612e-10	5.597786e-10	4.83138e-10	1.218834e-10	8.116888e-11	4.099964e-11	3.340213e-11	3.079073e-11	3.095137e-11	3.0577e-11	3.059952e-11	3.056047e-11
56	0.7639243	0.7280404	0.6853458	0.5585617	0.478348	0.4837139	0.002049494	0.0004408747	0.0003683115	0.0002805577	3.357212e-06	3.151817e-06	2.599583e-06	2.147397e-06	2.162671e-06	9.946269e-08	5.860185e-08	1.976685e-09	1.78954e-09	9.823071e-10	5.433444e-10	4.690021e-10	1.080427e-10	7.14843e-11	3.477937e-11	2.826864e-11	2.605632e-11	2.639993e-11	2.65495e-11	2.702679e-11
57	0.4168609	0.2949789	0.2873004	0.2414901	0.1255631	0.05821094	0.0577338	0.001994121	0.0003942954	0.0003220386	0.0002760373	2.845341e-06	2.665505e-06	2.143752e-06	1.773957e-06	1.781974e-06	8.637544e-08	5.217509e-08	1.134581e-09	9.373912e-10	9.1776e-10	4.789597e-10	4.240123e-10	6.210102e-11	3.896017e-11	2.041891e-11	1.693671e-11	1.453883e-11	1.454092e-11	1.450708e-11
58	0.4498251	0.4007445	0.2919572	0.2846054	0.2394054	0.1237888	0.05696944	0.05649427	0.000731287	0.0003931643	0.0003209047	0.0002759385	2.834659e-06	2.655769e-06	2.137606e-06	1.769044e-06	1.777012e-06	8.613784e-08	5.209774e-08	1.128742e-09	9.341691e-10	9.148332e-10	4.759776e-10	4.210484e-10	5.907241e-11	3.620589e-11	1.800877e-11	1.453426e-11	1.428083e-11	1.427512e-11
59	0.6278284	0.4481573	0.4001491	0.291514	0.2841724	0.2390071	0.1235361	0.05689684	0.05642715	0.0006630914	0.0003236467	0.0003206162	0.0002758929	2.811679e-06	2.632526e-06	2.114165e-06	1.745339e-06	1.774433e-06	8.604934e-08	5.206042e-08	1.12246e-09	9.278235e-10	9.084393e-10	4.755963e-10	4.206916e-10	5.870734e-11	3.591756e-11	1.781246e-11	1.435131e-11	1.409308e-11
60	0.5128612	0.5010548	0.3564137	0.3312979	0.2279224	0.222099	0.1863072	0.09609688	0.05601741	0.05622746	0.00048558	0.0002908221	0.000287699	0.0002727906	2.099573e-06	1.944991e-06	1.490946e-06	1.154884e-06	1.172766e-06	6.385052e-08	4.583219e-08	5.742939e-10	5.463364e-10	5.34309e-10	9.184257e-11	3.066743e-11	3.069562e-11	1.722366e-11	9.13741e-12	7.460155e-12
61	0.9067129	0.4800903	0.468461	0.3359589	0.3115329	0.2245212	0.218808	0.1831767	0.09443787	0.05596677	0.05622096	0.0004814633	0.0002876414	0.0002853879	0.0002725451	2.061817e-06	1.908851e-06	1.458069e-06	1.123757e-06	1.141032e-06	6.256542e-08	4.509203e-08	1.459739e-10	1.07692e-10	8.490071e-11	8.631708e-11	2.530049e-11	2.519375e-11	1.567886e-11	8.317437e-12
62	0.3461738	0.3315453	0.2581245	0.2473941	0.1861316	0.1610403	0.1295525	0.1222017	0.08485268	0.04007912	0.0009272355	0.0002497729	0.000235874	3.714955e-05	3.175646e-05	1.397771e-05	2.019234e-06	1.866019e-06	1.415627e-06	1.082187e-06	1.098587e-06	2.733112e-08	9.124818e-09	9.270148e-11	5.323699e-11	3.024325e-11	3.019451e-11	2.458551e-11	2.446277e-11	1.504259e-11
63	0.1750438	0.09124659	0.08269999	0.07253829	0.067931	0.05587263	0.0511534	0.03049474	0.02770509	0.02315165	0.01229487	0.0003089226	3.613279e-05	2.757861e-05	2.566843e-05	2.078322e-05	1.102636e-05	4.714682e-07	4.53648e-07	3.479272e-07	2.160499e-07	2.185273e-07	5.963173e-09	1.996503e-09	2.619784e-11	2.09336e-11	1.452371e-11	1.4555e-11	1.29774e-11	1.306882e-11
64	0.4484414	0.0885438	0.04958323	0.04620947	0.04045405	0.03791368	0.03391313	0.03139748	0.01329149	0.01177508	0.008704004	0.003772642	7.373648e-05	1.168808e-05	1.096959e-05	1.079767e-05	1.073452e-05	9.922444e-06	2.802677e-07	2.71721e-07	2.112277e-07	1.070798e-07	1.081513e-07	2.749704e-09	8.690714e-10	8.717869e-12	6.52691e-12	4.292367e-12	4.313117e-12	3.809769e-12
65	0.2446183	0.08423875	0.070386	0.0348607	0.03176658	0.02835547	0.02593926	0.02225568	0.01985843	0.01192792	0.01057765	0.007678508	0.003335323	5.870123e-05	1.093268e-05	1.044782e-05	1.032402e-05	1.037248e-05	9.775763e-06	1.917991e-07	1.82485e-07	1.264694e-07	9.552376e-08	9.646145e-08	2.446471e-09	7.714429e-10	6.182709e-12	4.193812e-12	2.182763e-12	2.162235e-12
66	0.08819965	0.0623723	0.01125466	0.008689608	0.008125434	0.007599791	0.006878496	0.005944912	0.005023857	0.00401784	0.003115896	0.002671304	0.0007424555	0.0003272717	1.227947e-05	5.529405e-07	3.504665e-07	2.471454e-07	2.037504e-07	4.670819e-08	9.85012e-09	4.235737e-09	2.363145e-09	7.400399e-10	5.362163e-10	1.04303e-10	1.261913e-11	5.279327e-13	3.406303e-13	1.425895e-13
67	0.1154774	0.07116338	0.05688719	0.01077139	0.008346545	0.007895058	0.007402429	0.006700124	0.005778619	0.004873215	0.0039	0.003010807	0.00257285	0.0006598774	0.0002699938	9.447729e-06	2.941909e-07	2.017249e-07	1.226395e-07	7.925892e-08	3.256418e-08	5.163865e-09	3.611073e-09	1.954394e-09	4.760553e-10	2.726572e-10	9.359754e-11	7.384132e-12	3.485793e-13	1.837872e-13
68	0.07872108	0.0414932	0.02197372	0.01681625	0.008943461	0.006718252	0.006315902	0.005815857	0.005104282	0.004174701	0.003260394	0.002411646	0.001512373	0.001056342	0.0006457417	0.0002634145	9.228299e-06	2.833136e-07	1.947943e-07	1.177792e-07	7.534067e-08	3.168501e-08	4.979908e-09	3.460996e-09	1.880792e-09	4.402256e-10	2.401479e-10	9.094729e-11	6.897578e-12	3.245779e-13
69	0.174325	0.07096371	0.03828222	0.0194304	0.01461383	0.008583419	0.006492574	0.006093753	0.005597393	0.005009457	0.004089673	0.003189199	0.002349769	0.001464011	0.001012842	0.0006066488	0.0002548529	9.07133e-06	2.743805e-07	1.889535e-07	1.133864e-07	7.150388e-08	3.102051e-08	4.906159e-09	3.407031e-09	1.84989e-09	4.299782e-10	2.322251e-10	8.966868e-11	6.71765e-12
70	0.8864414	0.1634156	0.06726484	0.03709925	0.01841666	0.01366585	0.007898035	0.006428357	0.006029547	0.005533387	0.004969907	0.004051107	0.003152073	0.002313495	0.001444961	0.00099426	0.0005884616	0.0002543053	9.030816e-06	2.725414e-07	1.87835e-07	1.124931e-07	7.070092e-08	3.084928e-08	4.891721e-09	3.39559e-09	1.842467e-09	4.281641e-10	2.307454e-10	8.947478e-11
71	0.6632867	0.612686	0.1615641	0.06672747	0.0368001	0.01819417	0.01344798	0.007688646	0.006407621	0.006008974	0.005512982	0.004959719	0.004041233	0.003142934	0.002304634	0.001442744	0.0009922552	0.00058666	0.0002541294	9.024767e-06	2.721124e-07	1.875568e-07	1.122616e-07	7.049657e-08	3.08009e-08	4.88238e-09	3.386989e-09	1.834968e-09	4.273792e-10	2.300617e-10
72	0.7751077	0.6621495	0.6122554	0.1613394	0.06667904	0.03677635	0.01818307	0.01344024	0.00768421	0.006403756	0.006005335	0.005509617	0.004956635	0.00403867	0.003141163	0.002303342	0.001441921	0.0009916901	0.0005863274	0.0002539842	9.019736e-06	2.719471e-07	1.874379e-07	1.121857e-07	7.045336e-08	3.078115e-08	4.879534e-09	3.385008e-09	1.833899e-09	4.271317e-10
73	0.9973033	0.7738516	0.6619489	0.6120915	0.1612299	0.06665093	0.036763	0.01817731	0.01343621	0.007681871	0.00640179	0.006003511	0.005507944	0.004955118	0.004037362	0.003140414	0.002302789	0.001441559	0.0009914382	0.0005861773	0.000253918	9.017519e-06	2.71864e-07	1.873764e-07	1.121437e-07	7.043126e-08	3.077291e-08	4.878314e-09	3.38416e-09	1.833439e-09
74	0.985731	0.9832838	0.7699265	0.6609342	0.6112842	0.1605185	0.06651385	0.03674232	0.01817256	0.01343418	0.007680308	0.006400695	0.006002452	0.005506998	0.004954225	0.004036489	0.003140259	0.002302675	0.001441477	0.000991377	0.0005861389	0.0002539	9.016204e-06	2.710699e-07	1.865878e-07	1.114826e-07	6.977815e-08	3.072427e-08	4.877119e-09	3.383362e-09
75	0.8940946	0.8916232	0.8892491	0.7433413	0.6489687	0.6027716	0.1533083	0.06552419	0.03631262	0.01801612	0.01333231	0.007627566	0.006362693	0.00597004	0.005479986	0.004932635	0.00401847	0.003126045	0.002291703	0.00143368	0.0009855694	0.0005823617	0.0002521219	8.959893e-06	2.680724e-07	1.846967e-07	1.101123e-07	6.861546e-08	3.049937e-08	4.845472e-09
76	0.8435194	0.8412764	0.8387437	0.83613	0.7281654	0.6403673	0.594954	0.1468478	0.0629071	0.03551484	0.01743526	0.01279698	0.007148638	0.006208301	0.00581816	0.005330932	0.004846646	0.003939062	0.003053229	0.002224771	0.001415228	0.0009707096	0.0005708083	0.0002492244	8.888896e-06	2.652208e-07	1.829414e-07	1.090066e-07	6.788579e-08	3.015627e-08
77	0.6167672	0.518498	0.511941	0.5051182	0.4981215	0.3874242	0.2952508	0.2472628	0.1466286	0.06280937	0.03543031	0.01735548	0.01275721	0.007123958	0.006183599	0.005793285	0.005329835	0.004845671	0.003938281	0.003052526	0.002224446	0.001414979	0.0009705314	0.0005707385	0.0002491931	8.887942e-06	2.651805e-07	1.829133e-07	1.089883e-07	6.787257e-08
78	0.1936054	0.1738117	0.1641161	0.1616801	0.1591552	0.1565349	0.1064955	0.07005667	0.05360693	0.03282783	0.01710083	0.009851463	0.003868693	0.002827918	0.00160846	0.001254382	0.001097446	0.0009048533	0.0007057145	0.0005748319	0.0004471369	0.0003280823	0.0002116367	0.0001470984	8.832357e-05	3.871541e-05	1.157725e-06	4.333721e-08	2.679146e-08	1.610842e-08
79	0.08500186	0.07972449	0.06421688	0.06157095	0.06229337	0.06298727	0.06365579	0.0287906	0.01986169	0.011339	0.007380087	0.0004481973	0.0001858211	8.493327e-05	5.757239e-05	2.452497e-05	1.799655e-05	1.542053e-05	1.329907e-05	1.114095e-05	9.730098e-06	8.312449e-06	6.976094e-06	5.559543e-06	4.778351e-06	3.98935e-06	1.72949e-06	2.501654e-08	1.07564e-09	8.057795e-10
80	0.1133543	0.07189831	0.07157146	0.0602064	0.05777248	0.05847149	0.05914085	0.05978812	0.02616976	0.01940063	0.0110382	0.007216023	0.0003470243	0.0001253024	5.750563e-05	3.65832e-05	1.632161e-05	1.175333e-05	1.011587e-05	8.898664e-06	7.673871e-06	6.883705e-06	6.064167e-06	5.326728e-06	4.492877e-06	4.040731e-06	3.552531e-06	1.537758e-06	1.912263e-08	8.601681e-10
81	0.5275708	0.09727236	0.05726044	0.0567949	0.05519645	0.0526772	0.05331809	0.0539277	0.05452021	0.0236443	0.01717606	0.009935802	0.007036173	0.0003347023	0.0001199567	5.332199e-05	3.338847e-05	1.552116e-05	1.103975e-05	9.405842e-06	8.176195e-06	6.946229e-06	6.146097e-06	5.335802e-06	4.589851e-06	3.782357e-06	3.326427e-06	2.84125e-06	1.234081e-06	1.697144e-08
82	0.6338285	0.1746014	0.03202304	0.02638492	0.02645486	0.02508324	0.0252933	0.02559346	0.02585082	0.02611527	0.01185362	0.009795417	0.007532938	0.005776139	0.0001855195	6.882534e-05	2.876053e-05	1.957048e-05	8.809837e-06	6.485339e-06	5.72753e-06	4.985533e-06	4.253962e-06	3.772899e-06	3.278256e-06	2.82722e-06	2.336409e-06	2.068194e-06	1.783789e-06	7.740115e-07
83	0.6450828	0.6202047	0.1558199	0.02647664	0.02140749	0.02144681	0.02005186	0.02024024	0.02049593	0.02075658	0.02100006	0.009444005	0.007824436	0.006572182	0.005602755	0.0001653281	5.942686e-05	2.332818e-05	1.558467e-05	7.391644e-06	5.339758e-06	4.674717e-06	4.011623e-06	3.364453e-06	2.931623e-06	2.489744e-06	2.08065e-06	1.653658e-06	1.405931e-06	1.146482e-06
84	0.1047416	0.08521355	0.07962231	0.07512373	0.00945545	0.009083621	0.009074792	0.007779328	0.007846891	0.007955488	0.008066887	0.008175407	0.006103736	0.005689413	0.005287457	0.005044676	2.067074e-05	6.548747e-06	3.373256e-06	2.295926e-06	9.620551e-07	6.410088e-07	5.964857e-07	5.582615e-07	5.192066e-07	4.838243e-07	4.406027e-07	3.987129e-07	3.476265e-07	3.245414e-07
85	0.3640755	0.09721711	0.0791731	0.07466269	0.07328224	0.008713478	0.008505873	0.00849271	0.00721392	0.00727692	0.007379758	0.007485324	0.007588693	0.00591442	0.005549381	0.005249901	0.005091319	1.601443e-05	4.437621e-06	2.393048e-06	1.596065e-06	6.678038e-07	4.04895e-07	3.819504e-07	3.633329e-07	3.44615e-07	3.255682e-07	3.033617e-07	2.80088e-07	2.495314e-07
86	0.1944962	0.1871163	0.07091832	0.06276473	0.06221851	0.06134882	0.003648421	0.003514738	0.003436089	0.002094514	0.002086855	0.002116642	0.0021471	0.002174107	0.0008826173	0.000497868	0.0002275322	7.683755e-05	1.110637e-05	2.45408e-06	1.34913e-06	8.741255e-07	3.608396e-07	1.550747e-07	1.490762e-07	1.45955e-07	1.44215e-07	1.452065e-07	1.436869e-07	1.443006e-07
87	0.09160441	0.0382354	0.03617115	0.01143981	0.00600926	0.005337349	0.003727668	0.002252917	0.002113408	0.002014377	0.001621299	0.001606924	0.001630177	0.001653956	0.001674665	0.0006519203	0.0002951346	0.0001243781	4.947196e-05	7.099451e-06	1.73854e-06	7.913998e-07	4.168158e-07	1.121023e-07	8.668832e-08	8.241154e-08	7.956381e-08	7.854259e-08	7.9202e-08	7.874258e-08
88	0.4711065	0.07595066	0.02901442	0.02683711	0.007469483	0.005193388	0.00464961	0.003066703	0.001814591	0.001790267	0.001806978	0.00140602	0.001401059	0.001421604	0.001442613	0.001460647	0.0005220026	0.0002218588	8.864084e-05	4.154106e-05	6.690728e-06	1.49371e-06	5.803354e-07	2.743198e-07	8.812187e-08	6.49741e-08	6.097428e-08	5.769674e-08	5.64624e-08	5.670595e-08
89	0.6859148	0.4565114	0.07010968	0.02316388	0.02237647	0.005690082	0.004750745	0.004275917	0.002669993	0.001531889	0.001510481	0.001523688	0.001112958	0.001103647	0.001120101	0.00113692	0.001150837	0.0002851536	0.0001790382	6.756769e-05	3.709773e-05	6.552241e-06	1.406179e-06	5.056248e-07	2.156508e-07	7.416804e-08	5.218497e-08	4.828055e-08	4.470099e-08	4.332047e-08
90	0.5913554	0.3519447	0.1467663	0.02132507	0.01110468	0.01101416	0.004861829	0.004305589	0.003901657	0.00230238	0.00133115	0.001329479	0.001343675	0.00092433	0.0009312023	0.0009452979	0.0009596979	0.0009712292	0.0001628728	6.490285e-05	4.7264e-05	3.155006e-05	6.231767e-06	1.261681e-06	4.05454e-07	1.454104e-07	5.051605e-08	3.279417e-08	3.233848e-08	2.926651e-08
91	0.5798827	0.5311191	0.3078785	0.1395113	0.01769814	0.008077213	0.008009552	0.003261532	0.002714335	0.002302734	0.002234621	0.001306053	0.001305734	0.001320186	0.0008942183	0.0009007819	0.0009147158	0.0009289385	0.0009402848	0.0001457557	4.928956e-05	3.93204e-05	2.958159e-05	6.195883e-06	1.236433e-06	3.772747e-07	1.236885e-07	4.444268e-08	2.76665e-08	2.733482e-08
92	0.3004225	0.2745997	0.2425647	0.214304	0.1340588	0.01487216	0.005858415	0.005822566	0.00227201	0.00199334	0.001874004	0.001804702	0.001257125	0.001257186	0.001271161	0.0008380854	0.0008438928	0.0008571533	0.0008706928	0.0008813912	0.0001249043	3.269184e-05	2.984742e-05	2.532955e-05	5.924396e-06	1.181623e-06	3.351705e-07	9.715165e-08	3.544906e-08	2.110892e-08
93	0.330458	0.2845485	0.2596406	0.2355263	0.2093154	0.1329708	0.01398338	0.004898741	0.004853048	0.00215307	0.001894124	0.001791198	0.001723686	0.001254957	0.001255202	0.00126937	0.0008299125	0.0008356849	0.0008490282	0.0008626608	0.0008734436	0.000122728	3.111089e-05	2.839122e-05	2.413458e-05	5.898671e-06	1.156556e-06	3.070609e-07	7.614074e-08	3.034925e-08
94	0.9101317	0.3128859	0.2750659	0.2502213	0.2316273	0.2090077	0.1329319	0.01349761	0.004315377	0.004262811	0.002112405	0.001867401	0.001771966	0.00170317	0.001256833	0.001257203	0.001271627	0.0008266867	0.0008325009	0.0008460116	0.0008598228	0.0008707707	0.0001217217	3.014851e-05	2.743933e-05	2.335063e-05	5.967999e-06	1.156968e-06	2.935392e-07	6.179117e-08
95	0.9673738	0.8785164	0.2840253	0.2538738	0.2290196	0.2167719	0.2081408	0.1324841	0.0125795	0.003296006	0.003230095	0.001638087	0.00140028	0.001305893	0.001228995	0.0008105436	0.0008040812	0.0008115449	0.0008242099	0.0008300797	0.000843776	0.0008577848	0.0008689173	0.0001215986	3.01359e-05	2.742134e-05	2.37118e-05	6.024229e-06	1.148294e-06	2.716854e-07
96	0.7668215	0.752571	0.6688589	0.1493032	0.1231703	0.09934957	0.09120573	0.08157791	0.004387575	0.00314246	0.002656808	0.002582982	0.001559366	0.001333682	0.001246235	0.001167244	0.0007834674	0.0007889329	0.0008010125	0.0008137214	0.0008256192	0.0008394729	0.0008536507	0.0008649406	0.0001208702	2.98067e-05	2.739583e-05	2.396117e-05	6.074763e-06	1.139661e-06
97	0.8482246	0.7582044	0.7437313	0.6590389	0.1342414	0.110936	0.09453486	0.08779099	0.08102398	0.003460755	0.002328417	0.002138867	0.002065273	0.001096674	0.0009193874	0.0008299146	0.0007434898	0.0005533301	0.0005559373	0.0005645452	0.0005735979	0.0005816925	0.0005916552	0.0006018263	0.0006114107	9.321119e-05	2.838236e-05	2.659042e-05	2.37744e-05	5.566693e-06
98	0.8010816	0.7835008	0.6923901	0.6768999	0.6457696	0.1255365	0.1021159	0.09166357	0.08555441	0.08123312	0.003077412	0.001983115	0.001789851	0.001796387	0.0008224047	0.0006932435	0.0006065681	0.0005154662	0.0003308773	0.0003315627	0.0003366214	0.0003420295	0.0003463071	0.0003523453	0.0003584583	0.0003642838	6.487182e-05	2.706225e-05	2.560143e-05	2.336225e-05
99	0.7942821	0.7731396	0.7570568	0.6651502	0.6493926	0.6219782	0.11431	0.09706707	0.08957738	0.0844321	0.08138471	0.002591451	0.001587449	0.001415547	0.001416838	0.0006010451	0.00050633	0.0004410023	0.000347297	0.0002132742	0.0002151387	0.0002185722	0.0002221258	0.000225978	0.0002299873	0.0002340587	0.0002379374	4.407142e-05	2.030713e-05	1.956594e-05
100	0.8085214	0.7642166	0.7542314	0.7395161	0.6468893	0.6410545	0.6237642	0.1107503	0.0937099	0.08797243	0.08381983	0.08155155	0.002042344	0.001155634	0.0009800248	0.0009749919	0.0003521614	0.0002831842	0.0002431864	0.0002467671	0.0001442355	0.0001460044	0.0001484675	0.0001509387	0.0001536193	0.000156404	0.0001592818	0.0001620019	2.834826e-05	1.318496e-05
101	0.6406259	0.6011904	0.5903654	0.5823147	0.5706735	0.5643151	0.5596741	0.5491957	0.02979879	0.01304879	0.0082948	0.00474941	0.002181784	0.001388216	0.0007216282	0.0005583063	0.0005486225	0.0001686435	0.0001288011	0.0001203058	0.0001220274	7.386056e-05	7.462794e-05	7.590021e-05	7.720752e-05	7.86017e-05	8.005282e-05	8.155523e-05	8.298001e-05	1.575382e-05
102	0.5661975	0.4644265	0.4381205	0.4280446	0.4207034	0.408379	0.400554	0.3936539	0.3808117	0.02274971	0.009231041	0.005951905	0.003525037	0.001581955	0.0009347129	0.0003972097	0.0002321748	0.0002173176	4.394398e-05	3.29192e-05	2.986101e-05	3.008707e-05	1.675611e-05	1.670003e-05	1.698832e-05	1.728153e-05	1.75988e-05	1.792902e-05	1.827114e-05	1.859624e-05
103	0.2095208	0.1680941	0.1375407	0.1150132	0.1021804	0.09121735	0.07472749	0.06276278	0.05134292	0.03376691	0.02113451	0.008000157	0.005141375	0.003110757	0.001334009	0.0007528516	0.0002855048	0.0001214091	0.0001049546	7.778626e-06	5.163485e-06	3.816039e-06	3.604631e-06	6.404738e-07	4.568125e-07	4.592917e-07	4.61277e-07	4.684668e-07	4.763954e-07	4.845971e-07
104	0.4527728	0.198233	0.1636669	0.1337488	0.1113991	0.0988968	0.08817161	0.07184664	0.06019576	0.04902479	0.03164909	0.01937378	0.007759982	0.004964939	0.003034921	0.001249614	0.0006939596	0.0002636303	0.000103223	8.689897e-05	6.464698e-06	4.242619e-06	3.088243e-06	2.870467e-06	4.840499e-07	3.040316e-07	3.057782e-07	3.051092e-07	3.095959e-07	3.146112e-07
105	0.1954244	0.154125	0.0826009	0.06556203	0.05913131	0.05334561	0.04742985	0.0423999	0.03723465	0.03151628	0.02619275	0.0147259	0.008574763	0.003043479	0.001692084	0.00079806	0.0006490344	0.0002909974	0.0001119989	3.223227e-05	2.409941e-05	2.464018e-06	1.700431e-06	1.289149e-06	1.182739e-06	3.083875e-07	2.281343e-07	2.302773e-07	2.289287e-07	2.326439e-07
106	0.09428987	0.07931258	0.05699331	0.03524712	0.03127408	0.02854685	0.02622754	0.02397395	0.02185149	0.01968233	0.01742006	0.01512215	0.006675753	0.003707687	0.001289246	0.0006975662	0.0003092327	0.0002435457	0.0001308504	5.073384e-05	1.239252e-05	8.776332e-06	1.078987e-06	7.574156e-07	5.850641e-07	5.381661e-07	1.965406e-07	1.608494e-07	1.625412e-07	1.654261e-07
107	0.4899298	0.0829493	0.07001516	0.05178574	0.03519049	0.03122525	0.02864682	0.02634396	0.02409645	0.0219734	0.0198016	0.0175353	0.0152316	0.006687461	0.003712326	0.001290057	0.0006964782	0.0003068182	0.0002411568	0.0001274471	4.74407e-05	1.237747e-05	8.739061e-06	1.013908e-06	7.055841e-07	5.350846e-07	4.871139e-07	1.633484e-07	1.272162e-07	1.289818e-07
108	0.7801305	0.3139911	0.07459919	0.06304069	0.04870809	0.03511924	0.03113919	0.02855822	0.02624443	0.0239831	0.02184563	0.01965772	0.01737341	0.01509772	0.006736582	0.003739537	0.001296634	0.0006987104	0.0003060591	0.0002401286	0.0001250792	4.788586e-05	1.245583e-05	8.787986e-06	9.613283e-07	6.628938e-07	4.926361e-07	4.43368e-07	1.33905e-07	9.685103e-08
109	0.5169526	0.4699133	0.249464	0.07085268	0.0597109	0.0474333	0.03532061	0.03132442	0.02876215	0.02644043	0.02417074	0.0220231	0.01982333	0.01752546	0.01523518	0.006765383	0.003766865	0.001305198	0.0007025371	0.0003067255	0.0002404006	0.0001239841	4.602573e-05	1.253215e-05	8.827321e-06	9.328826e-07	6.396131e-07	4.691358e-07	4.189298e-07	1.177208e-07
110	0.5104409	0.4876596	0.4504146	0.2310331	0.06221835	0.05120881	0.04084437	0.02997678	0.02589075	0.02328558	0.02088607	0.0185335	0.01629988	0.01401034	0.01161854	0.009239136	0.006790141	0.003784067	0.001311218	0.0007062025	0.000308729	0.0002422901	0.0001247686	4.630968e-05	1.26111e-05	8.898424e-06	9.07594e-07	6.191532e-07	4.485025e-07	3.976248e-07
111	0.4800536	0.4367135	0.4158161	0.382676	0.1604046	0.05892104	0.04837147	0.03954289	0.02977482	0.02565282	0.02303388	0.02062111	0.0182553	0.01600089	0.01368722	0.011269	0.008862025	0.006383465	0.003816415	0.00132231	0.0007114627	0.0003099791	0.000242994	0.0001238934	4.684229e-05	1.27525e-05	8.997438e-06	8.865035e-07	6.018025e-07	4.308495e-07
112	0.891577	0.4504553	0.4246218	0.4054283	0.3764121	0.1520943	0.05627714	0.04585589	0.03838241	0.02961264	0.02548388	0.02288993	0.0205158	0.01819014	0.01594999	0.01364473	0.01123357	0.008832772	0.006359387	0.003810747	0.00132139	0.000711495	0.0003103845	0.0002436218	0.0001237929	4.681501e-05	1.276372e-05	9.009281e-06	8.591986e-07	5.789422e-07
113	0.9106382	0.8760401	0.4348659	0.4113003	0.3932027	0.3681844	0.1425769	0.05237197	0.04240183	0.0362615	0.02853914	0.02448704	0.02200018	0.01972423	0.01749354	0.01534314	0.01312862	0.01080966	0.008505388	0.006127037	0.003673921	0.001276008	0.0006888735	0.0003022071	0.0002380153	0.0001198779	4.541844e-05	1.258572e-05	8.97321e-06	8.281926e-07
114	0.5711539	0.5277399	0.4933796	0.413395	0.3927495	0.3772931	0.3558286	0.129334	0.04680521	0.03838229	0.03329236	0.02647373	0.0225798	0.02029434	0.01820048	0.0161464	0.01416638	0.01212606	0.009985383	0.007860568	0.005667326	0.003402373	0.001185933	0.0006437339	0.0002853606	0.0002260935	0.0001120187	4.257767e-05	1.222335e-05	8.898036e-06
115	0.3664481	0.3123521	0.2747994	0.2504404	0.1850755	0.1655934	0.150249	0.1295907	0.1119434	0.03988135	0.03226375	0.02826018	0.02240492	0.02055064	0.01847836	0.01657297	0.01471579	0.01290904	0.01104467	0.009101319	0.007157688	0.005150355	0.003075884	0.001043985	0.0005466621	0.000217144	0.000162014	0.0001033607	3.944308e-05	1.166978e-05
116	0.346322	0.3039156	0.2547008	0.2243853	0.2068704	0.1508058	0.1346913	0.122034	0.1059606	0.09177486	0.03176613	0.02552788	0.02280243	0.0182139	0.01671742	0.01504851	0.01350265	0.01199551	0.01052708	0.009010324	0.007425276	0.005842344	0.004206701	0.002516082	0.0008567221	0.0004510968	0.0001800631	0.0001348914	8.649354e-05	3.315641e-05
117	0.2147797	0.1251273	0.1165811	0.1049756	0.08906569	0.0822959	0.05646253	0.04932185	0.04466648	0.0379028	0.03358826	0.009925324	0.008017109	0.007121636	0.005192591	0.004767986	0.004296645	0.003857796	0.003429031	0.003014628	0.002586243	0.002127227	0.001679631	0.001217095	0.000738504	0.0002596806	0.0001450222	6.163235e-05	4.809087e-05	3.218235e-05
118	0.4540456	0.1535976	0.09175657	0.08598097	0.07737696	0.0646682	0.05979874	0.03959378	0.03424516	0.03101213	0.02603961	0.02341416	0.006186896	0.004998973	0.004414146	0.002992935	0.002749406	0.002480313	0.002228504	0.001981897	0.001745374	0.001500649	0.001231555	0.0009754979	0.0007108845	0.0004367862	0.0001580183	9.24521e-05	4.08601e-05	3.273154e-05
119	0.2450647	0.2363454	0.07477659	0.04112064	0.03920504	0.03553548	0.02839112	0.02696701	0.01620074	0.01362319	0.01262536	0.01031751	0.009868073	0.001479562	0.00118803	0.0009927709	0.0003294276	0.0003039487	0.0002765545	0.0002498289	0.0002239504	0.0002019767	0.0001791884	0.0001412718	0.000116911	9.20275e-05	6.60098e-05	3.18361e-05	2.576982e-05	1.343354e-05
120	0.2234809	0.2057328	0.2033194	0.06213749	0.03257315	0.03108239	0.02812091	0.02270461	0.02162344	0.0126931	0.0107932	0.01005606	0.008337965	0.008088012	0.0009678346	0.0007669412	0.0006191309	0.0001204587	0.0001119147	0.0001031752	9.407969e-05	8.533626e-05	7.985963e-05	7.416412e-05	5.398715e-05	4.741406e-05	4.096268e-05	3.406344e-05	2.034085e-05	1.885853e-05
121	0.1721589	0.1732493	0.1692145	0.1687649	0.04497533	0.02276934	0.0215256	0.0192992	0.01612773	0.01569025	0.008960821	0.007884919	0.007402812	0.006372932	0.006309637	0.0005914948	0.0004532223	0.000334392	2.981146e-05	2.781252e-05	2.599811e-05	2.381139e-05	2.161437e-05	2.163764e-05	2.166724e-05	1.704416e-05	1.649393e-05	1.63185e-05	1.595919e-05	1.131115e-05
122	0.1697006	0.1551483	0.1561833	0.1524474	0.1522789	0.03987864	0.01959434	0.01848839	0.01655635	0.01393652	0.01356614	0.007724427	0.006841019	0.00642637	0.00556671	0.005516104	0.0005098328	0.0003886541	0.0002808641	2.563171e-05	2.386665e-05	2.229263e-05	2.041333e-05	1.849056e-05	1.851025e-05	1.85362e-05	1.473679e-05	1.41638e-05	1.397552e-05	1.364806e-05
123	0.1710817	0.1490701	0.1359114	0.1368552	0.1335133	0.1337435	0.03360422	0.01539047	0.01446161	0.01292118	0.01102115	0.0107348	0.006081627	0.005450515	0.005124195	0.00448574	0.004450366	0.0004034305	0.000305084	0.0002105873	2.010033e-05	1.862222e-05	1.73505e-05	1.58668e-05	1.429464e-05	1.428739e-05	1.428597e-05	1.157139e-05	1.105899e-05	1.083277e-05
124	0.1500728	0.1416815	0.1278708	0.1198694	0.1209604	0.1179153	0.1182762	0.02949875	0.0132086	0.01238039	0.01104231	0.009518224	0.009282117	0.005240908	0.004740172	0.004460956	0.003941123	0.003915098	0.0003392875	0.0002549679	0.0001712882	1.569379e-05	1.437672e-05	1.332378e-05	1.215617e-05	1.081135e-05	1.083288e-05	1.086441e-05	8.736989e-06	8.811476e-06
125	0.1315644	0.1245271	0.1219463	0.1117133	0.1062457	0.1072947	0.1043776	0.1046854	0.0267862	0.01234007	0.01155695	0.01029938	0.008926455	0.008715378	0.004913834	0.004463209	0.004204472	0.003736454	0.003715269	0.000309845	0.0002311354	0.0001547531	1.397939e-05	1.27427e-05	1.177867e-05	1.074101e-05	9.492529e-06	9.537839e-06	9.594679e-06	7.674951e-06
126	0.1279719	0.1142646	0.1084642	0.1062393	0.09620609	0.09211421	0.09300574	0.09187164	0.09202528	0.02484019	0.01220964	0.01144535	0.01019452	0.00885432	0.008654988	0.004868005	0.004424736	0.004170968	0.003719412	0.003700784	0.0002996291	0.0002212598	0.0001508073	1.393757e-05	1.272694e-05	1.176682e-05	1.073571e-05	9.492554e-06	9.547626e-06	9.613837e-06
127	0.9610827	0.1121536	0.1002381	0.09532439	0.09352251	0.08392414	0.08022481	0.08098464	0.07975954	0.07976789	0.0225273	0.01160966	0.01090981	0.009771251	0.008464535	0.008274879	0.004822884	0.004389525	0.004159191	0.003725246	0.003709739	0.000278615	0.0002058962	0.0001461612	1.384987e-05	1.266819e-05	1.172405e-05	1.069603e-05	9.536953e-06	9.606732e-06
128	0.9177159	0.9260387	0.07945653	0.07513123	0.07426939	0.0746933	0.06859222	0.06675719	0.06744389	0.06611897	0.06594161	0.01956816	0.01157575	0.01088189	0.009733473	0.008445096	0.008299635	0.004813333	0.00438216	0.004157448	0.003735517	0.003736167	0.0002663133	0.0001929419	0.0001423859	1.299423e-05	1.241216e-05	1.151126e-05	1.04988e-05	9.35852e-06
129	0.9142999	0.9111599	0.9201304	0.0634629	0.0590768	0.05810509	0.05838666	0.05598248	0.05410027	0.05463638	0.05322844	0.05286361	0.01765202	0.01159768	0.01091074	0.009751998	0.008482103	0.008348093	0.004824122	0.00439527	0.004171734	0.003762211	0.003765824	0.0002542577	0.0001801047	0.0001394695	1.309176e-05	1.253817e-05	1.165972e-05	1.063746e-05
130	0.9402439	0.9090654	0.9070557	0.9162283	0.04895651	0.04437018	0.04321996	0.04331826	0.04077339	0.0403282	0.04067751	0.0399834	0.03941983	0.0156559	0.01156866	0.01093097	0.009763457	0.00851301	0.008390831	0.004833403	0.004406907	0.004183462	0.003786725	0.00379332	0.0002453821	0.0001705396	0.0001368177	1.324133e-05	1.271571e-05	1.184158e-05
131	0.1397337	0.09522112	0.05344388	0.04052455	0.0384689	0.03633115	0.03182633	0.03068539	0.03063986	0.02798258	0.02736467	0.02753564	0.02667937	0.02591707	0.01363432	0.01153338	0.01090552	0.009730663	0.008498887	0.008397186	0.004822489	0.004397968	0.004193993	0.003810085	0.003821554	0.0002362798	0.0001607101	0.000134078	1.32841e-05	1.278735e-05
132	0.1616679	0.1248672	0.08093573	0.03872489	0.02558728	0.02341199	0.02133657	0.02023919	0.0189581	0.01877579	0.0165684	0.01596828	0.01603611	0.0151491	0.01427182	0.008870838	0.007953922	0.007622066	0.006860716	0.005650993	0.005527673	0.003165116	0.002734568	0.002579847	0.002213718	0.002200422	0.0002011229	0.0001457415	0.0001276839	1.275684e-05
133	0.165958	0.1493579	0.1144977	0.07237496	0.02989487	0.01683861	0.01489085	0.01305667	0.01193775	0.0113446	0.01108066	0.009617157	0.00913299	0.009167938	0.008606291	0.008032226	0.005224798	0.004756417	0.004574597	0.004131624	0.003353603	0.003274047	0.001886754	0.001608726	0.001515186	0.001280642	0.001270138	0.0001229502	9.093523e-05	8.067626e-05
134	0.1719526	0.1545941	0.1409535	0.1067613	0.06619712	0.02366744	0.01070992	0.009012963	0.007398858	0.006281223	0.005674316	0.005383007	0.004555929	0.004176096	0.004191048	0.003938673	0.003671124	0.00241048	0.002205128	0.002121137	0.001916678	0.001553299	0.001518916	0.000875991	0.0007462656	0.0007029682	0.000593305	0.0005885897	5.368036e-05	4.121667e-05
135	0.1773608	0.160382	0.1465118	0.1338036	0.09948441	0.05921723	0.02037642	0.007500012	0.005870891	0.004341926	0.003211157	0.002589152	0.002264666	0.001763311	0.001434601	0.001435262	0.001346196	0.001253527	0.0008308445	0.0007622172	0.0007334532	0.0006630359	0.0005371659	0.0005253761	0.0003031768	0.000258219	0.0002432814	0.0002052535	0.0002036476	1.867186e-05
136	0.1809925	0.169314	0.1564068	0.1435221	0.1313056	0.09737976	0.05724737	0.01824526	0.005797986	0.004216015	0.002743004	0.001617205	0.0009937022	0.0006552557	0.0003241405	2.550373e-05	1.719853e-05	1.33633e-05	1.200216e-05	7.341802e-06	6.528921e-06	6.405296e-06	5.917382e-06	4.347732e-06	4.144525e-06	2.587984e-06	2.003263e-06	1.840482e-06	1.35418e-06	1.275246e-06
137	0.2177176	0.1811825	0.1694554	0.1564751	0.143462	0.1311119	0.09684074	0.05618018	0.01833334	0.005853607	0.004259361	0.00276846	0.001628421	0.00099692	0.0006539937	0.0003196459	1.706847e-05	8.598354e-06	5.47258e-06	5.009375e-06	2.478407e-06	1.990919e-06	1.922963e-06	1.774705e-06	1.367496e-06	1.293148e-06	8.532935e-07	6.909778e-07	6.268975e-07	4.860177e-07
138	0.2435562	0.2020903	0.16905	0.1572968	0.1453137	0.1340941	0.1220659	0.09739692	0.0564192	0.0182972	0.005836967	0.00424791	0.002757112	0.00161948	0.0009905999	0.0006490111	0.000316112	1.489108e-05	6.437005e-06	3.502011e-06	3.279757e-06	1.265221e-06	8.51381e-07	7.967639e-07	7.339672e-07	6.356031e-07	5.936562e-07	4.349528e-07	3.850373e-07	3.467144e-07
139	0.3817547	0.1931596	0.1629959	0.1306011	0.1185137	0.1063481	0.09473795	0.08228603	0.05720251	0.02942815	0.0164073	0.005594828	0.004068153	0.002746938	0.001613051	0.0009868952	0.0006467858	0.0003148344	1.439543e-05	5.955865e-06	3.040029e-06	2.838615e-06	1.075935e-06	7.14708e-07	6.654221e-07	6.129357e-07	5.45634e-07	5.097872e-07	3.848217e-07	3.459632e-07
140	0.5154134	0.3715054	0.1938622	0.164557	0.1320462	0.1198283	0.1075278	0.09578647	0.08318627	0.05779641	0.02964857	0.01661841	0.0056687	0.004125794	0.002786379	0.001636541	0.001001446	0.0006564293	0.0003195392	1.446742e-05	5.91062e-06	2.959913e-06	2.771192e-06	1.01666e-06	6.552458e-07	6.062325e-07	5.585221e-07	5.094264e-07	4.750697e-07	3.656875e-07
141	0.8860133	0.487898	0.3469301	0.1761291	0.1487222	0.1167558	0.104683	0.09258357	0.08095787	0.06928794	0.05725342	0.02912409	0.0163243	0.005570798	0.004055128	0.002736345	0.001605323	0.0009824383	0.0006439906	0.000313397	1.420217e-05	5.808075e-06	2.912849e-06	2.734034e-06	9.891609e-07	6.29005e-07	5.807048e-07	5.353174e-07	4.934996e-07	4.604699e-07
142	0.8437708	0.7700697	0.4609257	0.3265304	0.161696	0.134642	0.1029747	0.09056661	0.07812301	0.06615549	0.05412675	0.04180392	0.02938348	0.01648311	0.005587619	0.00405321	0.002773795	0.001627004	0.0009956507	0.0006536288	0.0003181402	1.434939e-05	5.824583e-06	2.887534e-06	2.712075e-06	9.67537e-07	6.077787e-07	5.594766e-07	5.158235e-07	4.808477e-07
143	0.918521	0.8187836	0.7444428	0.461624	0.3274809	0.1635406	0.1363323	0.1043486	0.09178832	0.07918794	0.06706555	0.05487647	0.04238474	0.02978866	0.01673076	0.005672176	0.004116117	0.002817468	0.001652982	0.001011762	0.0006643404	0.0003234148	1.449688e-05	5.88261e-06	2.898428e-06	2.725744e-06	9.607072e-07	5.959722e-07	5.472347e-07	5.048286e-07
144	0.8781064	0.8335688	0.7618105	0.6922287	0.4346128	0.3087149	0.1527078	0.1270135	0.09719544	0.08551822	0.07380332	0.06252386	0.05117524	0.03957292	0.02783524	0.01561113	0.005290963	0.003842723	0.002629903	0.001541955	0.0009439542	0.0006199149	0.0003017629	1.36006e-05	5.565255e-06	2.77335e-06	2.614639e-06	8.911579e-07	5.34101e-07	4.89303e-07
145	0.4515824	0.428434	0.4098973	0.3794326	0.3245564	0.1980427	0.1269909	0.04245407	0.03294742	0.02436895	0.02150665	0.0186474	0.0158964	0.01311354	0.01021769	0.007320263	0.003884171	0.001303002	0.000942746	0.0006448835	0.0003788784	0.0002323765	0.0001530459	7.49909e-05	4.185899e-06	2.207675e-06	1.509718e-06	1.48533e-06	4.313029e-07	2.110705e-07
146	0.8871034	0.3873962	0.3668188	0.3510712	0.3254653	0.3162873	0.1962644	0.1260738	0.04252416	0.03306035	0.02460976	0.02172215	0.01883655	0.01605923	0.01324849	0.01032219	0.007399622	0.003930467	0.001318483	0.0009540863	0.0006531262	0.0003837803	0.0002354393	0.0001550972	7.600117e-05	4.214385e-06	2.208461e-06	1.500734e-06	1.476164e-06	4.149667e-07
147	0.2411895	0.2322728	0.2260245	0.2192567	0.213492	0.2003189	0.1986438	0.1254731	0.07441857	0.01555685	0.01029103	0.007152304	0.006387682	0.005614068	0.004873891	0.004127888	0.003278213	0.002489575	0.001117752	0.0003598954	0.0002563359	0.0001758523	0.0001039402	6.417801e-05	4.256603e-05	2.129901e-05	1.783427e-06	1.247888e-06	1.073116e-06	1.0792e-06
148	0.2536153	0.1990554	0.1910724	0.1890306	0.184439	0.1801677	0.1701316	0.1688831	0.1062815	0.06239618	0.01119402	0.006863729	0.004602146	0.004144568	0.003679935	0.003239132	0.002794658	0.002251573	0.001774211	0.0007034667	0.0002183705	0.0001538447	0.0001060274	6.348307e-05	3.938917e-05	2.624539e-05	1.332992e-05	1.356698e-06	1.033623e-06	9.381452e-07
149	0.296781	0.2401754	0.1852149	0.1771963	0.1754774	0.1709999	0.1668038	0.1589875	0.1577503	0.09818961	0.05792624	0.0106594	0.006640884	0.004503969	0.004060577	0.003609821	0.003182231	0.002750807	0.002221845	0.001757303	0.0006888377	0.0002130629	0.0001499244	0.0001033371	6.188481e-05	3.839836e-05	2.557941e-05	1.297618e-05	1.280189e-06	9.638383e-07
150	0.7309055	0.2722491	0.219673	0.1741089	0.1664881	0.1647984	0.1603373	0.1562535	0.1486279	0.14738	0.09064483	0.05372629	0.01033364	0.006607168	0.00455354	0.004107227	0.003652987	0.003221613	0.002786177	0.002251516	0.001781709	0.0006977137	0.0002158288	0.0001518777	0.0001046928	6.268691e-05	3.888036e-05	2.588313e-05	1.309626e-05	1.221595e-06
151	0.8503897	0.724249	0.2609856	0.2096884	0.1637578	0.156052	0.1544051	0.1499479	0.1458582	0.138206	0.1369563	0.08300541	0.04947442	0.01003252	0.006594338	0.004621528	0.004169778	0.003709615	0.003272368	0.002830768	0.002288082	0.001811068	0.0007094781	0.0002194632	0.000154456	0.0001064755	6.373913e-05	3.951632e-05	2.629389e-05	1.326857e-05
152	0.9826772	0.8308292	0.7083528	0.246158	0.1963206	0.1522987	0.1445028	0.1433008	0.1388474	0.1347505	0.1270688	0.1261836	0.07509485	0.04504951	0.009721428	0.006579853	0.004691298	0.004234001	0.003767787	0.003324533	0.002876619	0.002325687	0.001841267	0.000721611	0.0002232058	0.0001571291	0.0001083283	6.483645e-05	4.017805e-05	2.671433e-05
153	0.9886741	0.9743686	0.820486	0.6999756	0.2337539	0.1856733	0.1410418	0.1334518	0.1322525	0.1278019	0.1237116	0.1160224	0.1151292	0.06699088	0.04053158	0.009378891	0.00654512	0.00474338	0.004282423	0.003816695	0.003370637	0.002921512	0.002362949	0.001871563	0.0007332975	0.0002268236	0.0001596973	0.0001101124	6.589513e-05	4.081825e-05
154	0.9933714	0.9877376	0.9732557	0.8169681	0.6952918	0.2218683	0.1751324	0.1298748	0.1221866	0.1210365	0.1165834	0.1124829	0.1047586	0.1038614	0.05872172	0.03593144	0.009055337	0.006533604	0.00481908	0.004352169	0.003880017	0.003427529	0.002971669	0.002404207	0.001904802	0.0007465032	0.0002309089	0.0001625984	0.0001121192	6.708171e-05
155	0.9891133	0.9826691	0.9770526	0.9623886	0.8036192	0.6907003	0.2098323	0.1644474	0.1185226	0.1107326	0.1096655	0.1052082	0.1010959	0.09333353	0.09245644	0.05034624	0.03127242	0.008729446	0.00652361	0.004897187	0.004424165	0.003945413	0.003486313	0.003023521	0.002446878	0.001939193	0.0007601945	0.0002351499	0.0001656337	0.0001142282
156	0.9960771	0.9850499	0.9788022	0.9732016	0.9583765	0.797046	0.6843091	0.1957518	0.1517857	0.106762	0.09886033	0.09784423	0.09336486	0.08921984	0.08138247	0.08062279	0.04159378	0.02639547	0.008387731	0.00651145	0.004977194	0.004497925	0.004012414	0.003546529	0.003076612	0.002490507	0.001974284	0.00077437	0.0002395494	0.0001687806
157	0.8191601	0.8169873	0.8058245	0.8001169	0.7946949	0.7892709	0.7855706	0.6785503	0.1826281	0.1403716	0.09464996	0.08666125	0.08564147	0.08114621	0.07697018	0.06905973	0.06829283	0.03246408	0.02129043	0.00797423	0.006444426	0.005013586	0.004531549	0.004043587	0.003579944	0.003112808	0.002526305	0.002004243	0.0007849701	0.0002426397
158	0.7309663	0.710227	0.7089459	0.7079301	0.7026224	0.7006629	0.6952089	0.6915106	0.5967104	0.09281257	0.08271664	0.08102196	0.07296674	0.07195374	0.06752929	0.06332277	0.05535802	0.05461138	0.02205068	0.0150498	0.006611716	0.005475694	0.00421917	0.003752173	0.003278841	0.002820023	0.002354896	0.001767767	0.001245979	0.0007640387
159	0.8501704	0.6704486	0.6572968	0.6561257	0.6553066	0.6518162	0.6503463	0.647245	0.644165	0.5787945	0.06894939	0.06209184	0.06046901	0.05780011	0.05677791	0.05239059	0.04820562	0.04030409	0.03956603	0.01757442	0.01239026	0.006063235	0.005100568	0.003923362	0.003467297	0.003004498	0.002554659	0.002098061	0.001630728	0.001118598
160	0.1828633	0.1338329	0.1327464	0.1308671	0.1307882	0.1306574	0.1276084	0.1263525	0.123324	0.1202741	0.05796892	0.05234785	0.04657205	0.04532165	0.04324574	0.04232301	0.03874562	0.0355077	0.03020448	0.02956044	0.01469459	0.01075536	0.005842043	0.004995759	0.003873066	0.003423659	0.002967208	0.002522398	0.002070365	0.001607324
161	0.1693709	0.165827	0.1163999	0.1157137	0.1139179	0.1138622	0.1137618	0.1109795	0.1097946	0.1067801	0.1037192	0.04041035	0.03511858	0.03101264	0.02995895	0.02881071	0.02788426	0.02545546	0.02373931	0.02085857	0.0203456	0.01192007	0.00911231	0.005494473	0.004757235	0.003701693	0.003271358	0.002834009	0.002410225	0.001980441
162	0.2519732	0.1632941	0.1605143	0.1110832	0.1105109	0.1088006	0.1087537	0.1086621	0.1059233	0.1048644	0.1018134	0.09871713	0.03543413	0.03019178	0.02626258	0.02525104	0.02437124	0.02394926	0.02183231	0.02055226	0.01835218	0.01787773	0.01126145	0.008762611	0.005492354	0.004778181	0.003724863	0.003292132	0.002852012	0.002425296
163	0.9585218	0.243161	0.16334	0.1607494	0.1105427	0.1100061	0.108292	0.108247	0.108158	0.1054113	0.1043542	0.1012613	0.09811712	0.03369492	0.02842165	0.0248369	0.02382926	0.02301649	0.02258976	0.02057959	0.01943502	0.01749539	0.01702821	0.01111449	0.008719238	0.005560699	0.004847161	0.003782339	0.003343023	0.002895904
164	0.43016	0.3952145	0.2339761	0.1641597	0.16162	0.1104969	0.1099785	0.1082841	0.1082407	0.1081535	0.105391	0.1043363	0.1011919	0.0979927	0.0323642	0.02700782	0.0234409	0.02243742	0.02169867	0.02127024	0.01937248	0.01837873	0.0166961	0.01623891	0.01099819	0.008700606	0.00564724	0.004932984	0.003853729	0.003407361
165	0.9950915	0.4287122	0.3934716	0.2356133	0.166563	0.1640072	0.1119111	0.1113921	0.1096965	0.109653	0.1095653	0.1067609	0.1056985	0.1024957	0.09923632	0.03236244	0.02690932	0.02331625	0.0223031	0.02156798	0.02113631	0.01924243	0.01827662	0.0166375	0.01617827	0.01105175	0.008767892	0.005739755	0.005019161	0.003923677
166	0.994375	0.9897767	0.4283274	0.3930196	0.2372709	0.1688835	0.166312	0.1132049	0.1126854	0.1111016	0.111058	0.1109698	0.1081225	0.1070523	0.103789	0.1004673	0.03230272	0.02674938	0.02314074	0.02211944	0.02139999	0.02096548	0.01907798	0.01814398	0.01654023	0.01608105	0.01105676	0.008807771	0.005812241	0.005086721
167	0.935906	0.9321285	0.9278775	0.4070429	0.3731651	0.2309791	0.1679814	0.1654939	0.1113678	0.1108742	0.1096721	0.1096309	0.1095457	0.1066798	0.1056387	0.1023173	0.0989347	0.03031965	0.02473412	0.02133157	0.02040441	0.01975319	0.01958848	0.01789198	0.01703609	0.01556435	0.01515611	0.01045901	0.008289796	0.005386222
168	0.868009	0.8592411	0.8559641	0.8518633	0.3468811	0.3132883	0.176877	0.1151617	0.1126738	0.1122005	0.1117115	0.1106945	0.1106536	0.1105686	0.1076696	0.1066202	0.1032474	0.09980781	0.02986168	0.02419201	0.02088688	0.01996851	0.01936048	0.01919437	0.01755258	0.01675597	0.01535532	0.01495664	0.01042498	0.008269882
169	0.9707547	0.8562085	0.8474648	0.8444233	0.8403847	0.3439458	0.3103814	0.1771134	0.1161762	0.1136724	0.1132008	0.1127121	0.1121552	0.1121144	0.112029	0.1090833	0.1080341	0.1045938	0.1010842	0.02969587	0.02391668	0.02059423	0.01967487	0.01910563	0.01893945	0.01732918	0.01658758	0.01524868	0.01485533	0.01046985
170	0.9736275	0.9545417	0.8481625	0.8401006	0.8370784	0.8330735	0.342879	0.3091134	0.1778908	0.1175778	0.1150533	0.1145822	0.1140928	0.1137253	0.1136845	0.1135985	0.110603	0.1095906	0.1060795	0.1024969	0.02959605	0.02369982	0.02034875	0.01942295	0.01889184	0.01872564	0.01713682	0.016451	0.01517283	0.01478132
171	0.98732	0.9678663	0.9485417	0.8418372	0.833866	0.8308616	0.8268871	0.3424485	0.3083157	0.1788457	0.1190939	0.1165455	0.1160746	0.115584	0.1153626	0.1153218	0.1152352	0.1121869	0.1112703	0.1076852	0.1040263	0.02954699	0.0235295	0.02016522	0.01922656	0.01870072	0.01853381	0.01693928	0.01627355	0.01501361
172	0.9154226	0.9044455	0.8865084	0.8679092	0.7643284	0.7581457	0.7554642	0.7518471	0.314721	0.2866015	0.1715953	0.1177619	0.1152941	0.1148573	0.1143921	0.1142249	0.1141868	0.1141037	0.1110357	0.1106868	0.1070313	0.1032986	0.02720018	0.02108027	0.01814545	0.01736294	0.01688697	0.01671995	0.0153566	0.01474277
173	0.850707	0.8473115	0.8366105	0.818546	0.8038323	0.7296883	0.7237927	0.7212092	0.7177355	0.3028616	0.2779336	0.1680938	0.1174211	0.11641	0.1159842	0.1155272	0.1153631	0.1153258	0.1152433	0.1121301	0.111781	0.1080469	0.104233	0.02640994	0.02016685	0.01731421	0.0165331	0.01609742	0.01592735	0.01459555
174	0.9010397	0.8001614	0.7977793	0.789503	0.7724161	0.7590406	0.6916139	0.6865208	0.6842392	0.6813201	0.2845929	0.2611511	0.1564029	0.1079638	0.1070003	0.1065848	0.1063144	0.1061547	0.1061293	0.1060918	0.1057679	0.1054203	0.1053599	0.1052992	0.02567563	0.01930189	0.01658318	0.01582253	0.01540673	0.01523351
175	0.9438246	0.8874054	0.7914933	0.7890958	0.7807644	0.763404	0.749894	0.6817479	0.6767283	0.674485	0.6716272	0.2831298	0.2596431	0.1567082	0.1092608	0.1083107	0.1078978	0.1076319	0.1074912	0.1074661	0.1074293	0.1071119	0.1069527	0.1068935	0.1068333	0.02546311	0.01894658	0.0162694	0.0155024	0.01509243
176	0.508738	0.4675886	0.4397826	0.3729002	0.3724359	0.3711762	0.3693296	0.3662664	0.3546145	0.3521466	0.350988	0.3492906	0.1139929	0.1058102	0.04736649	0.01902414	0.01851064	0.01822343	0.01805934	0.0179989	0.01798339	0.01796093	0.0177709	0.01769763	0.01766255	0.01762257	0.01748952	0.01090797	0.009621597	0.009320473
177	0.4433666	0.4417382	0.4063565	0.3821866	0.3202758	0.319922	0.3189135	0.3176321	0.3152625	0.3079716	0.30582	0.3048103	0.3033147	0.09483948	0.08786344	0.03626675	0.01118163	0.01073544	0.01055753	0.01042996	0.01038004	0.01036828	0.01035073	0.01018303	0.01011908	0.01008798	0.01005078	0.009984184	0.009607928	0.00850616
178	0.2118432	0.1907742	0.1903705	0.1769753	0.1613439	0.1579845	0.1579258	0.1576878	0.1573672	0.1563086	0.1528573	0.1518418	0.1513412	0.1505889	0.04515651	0.0433739	0.01818241	0.005631298	0.005415079	0.005332154	0.005268205	0.005243768	0.005237965	0.00522936	0.005145451	0.005115401	0.005099812	0.005074293	0.005046666	0.00471696
179	0.1785081	0.1677854	0.1581762	0.1579595	0.1442706	0.1367906	0.1338415	0.1337967	0.1336092	0.1333507	0.1324112	0.1295077	0.1286564	0.1282375	0.1276036	0.038294	0.03675752	0.01537109	0.004769752	0.004587232	0.004515374	0.004461343	0.004441677	0.004436785	0.004429538	0.004358664	0.004333772	0.004320518	0.004296385	0.004283835
180	0.3325849	0.152455	0.1434278	0.1410961	0.1408795	0.1268311	0.1201784	0.1180102	0.1179709	0.1178097	0.1175865	0.1167238	0.1141853	0.1134456	0.113082	0.1125268	0.03381546	0.03243861	0.01354455	0.004225189	0.0040636	0.004007757	0.003960213	0.003943197	0.003938897	0.003932529	0.00387017	0.003848422	0.003836677	0.003813277
181	0.259037	0.1757773	0.1353009	0.1277915	0.1255412	0.1253209	0.1108874	0.1050505	0.1029206	0.1028862	0.1027497	0.1025597	0.1017698	0.09958007	0.09894853	0.09863844	0.09815884	0.02957244	0.02834214	0.01181063	0.003718457	0.003576717	0.003527733	0.003486383	0.003471915	0.003468183	0.003462655	0.003408433	0.003390692	0.003380383
182	0.9680466	0.2211817	0.1634839	0.1260043	0.1192489	0.1176354	0.1174184	0.1025771	0.09714387	0.09501775	0.09498672	0.09486566	0.09469538	0.09393909	0.09192899	0.09135378	0.09107163	0.09063118	0.02724426	0.02617364	0.0109097	0.003454749	0.003323557	0.003278166	0.003240019	0.003226974	0.003223538	0.003218449	0.003168445	0.003153899
183	0.9672983	0.9628347	0.2085132	0.1527291	0.1176341	0.1113903	0.1099722	0.109752	0.09447768	0.08950132	0.08737071	0.08734242	0.08723493	0.08708267	0.08635937	0.08452808	0.08400942	0.08375521	0.08335346	0.02506872	0.02409582	0.01002856	0.00319698	0.003075809	0.00303388	0.002998869	0.002987759	0.002984612	0.002979952	0.00293407
184	0.9470426	0.9466838	0.9423814	0.1810467	0.1249305	0.09254528	0.08690615	0.08582709	0.08580671	0.08578412	0.08121055	0.07907585	0.079059	0.07897672	0.07885921	0.07820374	0.07657166	0.07615596	0.07593552	0.07557928	0.02274753	0.02186228	0.009065513	0.002901909	0.00280019	0.002761944	0.002730388	0.002720678	0.002717891	0.002713752
185	0.9431833	0.9405504	0.9403046	0.9359886	0.1663269	0.1092792	0.07957692	0.07450527	0.07382358	0.07381096	0.07379417	0.07037032	0.06998602	0.0699719	0.06990311	0.06980466	0.06918799	0.06776297	0.06741341	0.06722514	0.06691343	0.01994062	0.01914511	0.007712492	0.002263152	0.00217325	0.00214071	0.002112933	0.002104753	0.00210232
186	0.9786242	0.9409043	0.9383465	0.9381221	0.9337502	0.1546305	0.09648486	0.06953332	0.06503675	0.064411	0.06440042	0.0643858	0.06141039	0.06111454	0.06110243	0.06104429	0.06096169	0.06037853	0.0591528	0.05886359	0.05870525	0.05843722	0.01742819	0.01671355	0.006700486	0.001973502	0.001895318	0.001869861	0.001845706	0.001838634
187	0.9989956	0.9798485	0.9413251	0.9388135	0.9385968	0.9341545	0.143562	0.08416182	0.05999602	0.05607401	0.05549491	0.05548447	0.05547159	0.05292276	0.05266568	0.05265488	0.05260366	0.05253154	0.05196633	0.050907	0.05065777	0.05052102	0.05029052	0.01495816	0.01431196	0.005740349	0.001689894	0.001622727	0.001600875	0.001580173
188	0.9941102	0.9932717	0.976008	0.9401426	0.9393543	0.9391461	0.9346285	0.1317816	0.07103761	0.04982209	0.0465101	0.04598042	0.04597014	0.0459591	0.04386338	0.04364763	0.0436382	0.04359431	0.04353328	0.04298717	0.04210546	0.04189886	0.04178515	0.04159477	0.01233516	0.01176219	0.004718262	0.001388975	0.001333569	0.001315571
189	0.2027065	0.2005097	0.1996729	0.1892848	0.1538194	0.1534966	0.153438	0.1531826	0.1083422	0.0484851	0.03714269	0.03473028	0.03426943	0.03426567	0.03425753	0.03265963	0.03248932	0.03248207	0.03244793	0.0324007	0.03225748	0.03156635	0.03140907	0.03132453	0.03118046	0.009499683	0.00900476	0.003624652	0.001066946	0.001024149
190	0.1075071	0.1045818	0.1027418	0.1019523	0.09436131	0.0649267	0.06470794	0.06466541	0.06448526	0.0341245	0.03257936	0.02487318	0.02334182	0.02307325	0.02306996	0.023064	0.02198535	0.02186282	0.02185726	0.02183191	0.02179785	0.02169112	0.02125293	0.02114529	0.02108761	0.02099	0.006347058	0.006072786	0.002447752	0.000720505
191	0.08252229	0.07220183	0.06953729	0.06764168	0.06729453	0.06343264	0.03304314	0.03292056	0.03289976	0.03281305	0.01744513	0.01660789	0.01285491	0.01206828	0.01186254	0.01186019	0.01185678	0.01130113	0.0112266	0.0112229	0.01120661	0.011186	0.01114221	0.01091249	0.01085539	0.01082515	0.01077477	0.003306445	0.003121561	0.00126458
192	0.0610349	0.05501625	0.04647572	0.0437892	0.04182538	0.04148125	0.03959146	0.008870404	0.008809565	0.008800468	0.008772311	0.004798749	0.004521355	0.003584838	0.003376435	0.003224659	0.003222627	0.003220917	0.003071053	0.003033551	0.003031138	0.003021656	0.00301133	0.002997118	0.002932127	0.0029144	0.002905408	0.002891632	0.0009592211	0.0008505719
193	0.9768101	0.05989024	0.0545642	0.04598034	0.04324169	0.04120696	0.04085435	0.03906194	0.007070641	0.007015539	0.007007585	0.006984501	0.003869961	0.003629708	0.002894768	0.002728131	0.002575018	0.002573107	0.002571591	0.00245239	0.002417289	0.002415373	0.002407887	0.002399741	0.002388522	0.002336839	0.002322863	0.00231578	0.002304957	0.0007902557
194	0.356147	0.3544271	0.05664529	0.0535741	0.04491449	0.04206977	0.03994799	0.03958303	0.03853473	0.005540922	0.005490181	0.005482996	0.005463034	0.002994554	0.002826593	0.002241361	0.002114628	0.002080755	0.002078796	0.002077352	0.001980882	0.001946949	0.001945131	0.001938138	0.001930688	0.001921279	0.001883089	0.001871522	0.001865712	0.001857004
195	0.3602458	0.2925618	0.2911986	0.05510284	0.05250703	0.04354206	0.04057285	0.04024092	0.03992123	0.03896494	0.004481416	0.004431851	0.004425533	0.004408601	0.002453667	0.00230749	0.001840987	0.001737999	0.001705471	0.001703576	0.001702565	0.001623679	0.001590291	0.001588536	0.001581762	0.001574722	0.001566921	0.001536162	0.001526641	0.001521918
196	0.6504924	0.1838372	0.1565123	0.1556916	0.04333899	0.04161565	0.04136066	0.04123505	0.04090104	0.0405866	0.03973752	0.003621255	0.003577376	0.003571687	0.003557112	0.00199583	0.001869781	0.001496231	0.001413088	0.001381899	0.001379975	0.001379079	0.001314363	0.00130609	0.001304647	0.001299094	0.001293338	0.001287039	0.001262424	0.001254735
197	0.6593651	0.6089735	0.1743106	0.1489235	0.148175	0.04427821	0.0426423	0.04239988	0.04226907	0.04221518	0.04218202	0.04136437	0.003449918	0.003404845	0.00339922	0.003385032	0.001912031	0.001787939	0.0014347	0.001355199	0.001323384	0.001321531	0.001320861	0.001258824	0.001250719	0.00124926	0.001243629	0.001237875	0.001231993	0.001209032
198	0.802053	0.6070025	0.5612416	0.1629375	0.1402955	0.1396248	0.04568308	0.04423446	0.0440155	0.04389533	0.0438388	0.04380418	0.04298736	0.003079845	0.003034086	0.003028472	0.003014938	0.001723057	0.001605043	0.001293839	0.001222857	0.001190707	0.00118879	0.001188169	0.001132327	0.001125	0.001123698	0.001118699	0.001113634	0.001108687
199	0.8575018	0.7104587	0.5322214	0.4978153	0.1164304	0.09495691	0.09437293	0.005542396	0.004180181	0.003977591	0.003851716	0.003792112	0.003755796	0.002941047	0.002886646	0.002839303	0.002833568	0.002820151	0.001623534	0.001508438	0.001218846	0.001152948	0.001126431	0.001124418	0.001123807	0.001070934	0.001064044	0.001062763	0.001057878	0.001052984
200	0.8600785	0.848068	0.6940472	0.5194625	0.4860668	0.1123491	0.09157159	0.09100645	0.005239306	0.003930586	0.003735859	0.003722725	0.00365965	0.003621299	0.002782085	0.002725782	0.002711719	0.002705791	0.002692301	0.001563746	0.001448643	0.00117414	0.001110892	0.001083531	0.001081414	0.001080828	0.001029883	0.001023283	0.001022143	0.001017801
201	0.852017	0.7718704	0.7610914	0.605837	0.4488015	0.4184624	0.1040309	0.08481503	0.08432282	0.00501398	0.003779396	0.003594717	0.003581635	0.003529939	0.003494631	0.002632029	0.002574718	0.002560612	0.002557722	0.002547539	0.001493748	0.001379017	0.001122588	0.001062226	0.001034114	0.001033931	0.00103338	0.0009845309	0.0009782333	0.0009772954
202	0.8079726	0.7910679	0.7070396	0.696426	0.5717059	0.4207685	0.3925232	0.09866582	0.08041477	0.07996032	0.004893404	0.003721995	0.00354542	0.003532234	0.003497305	0.003464377	0.002570053	0.00251519	0.002500988	0.00249888	0.002489598	0.00144076	0.001325058	0.001070409	0.001010896	0.0009814108	0.0009812463	0.000980811	0.0009344242	0.0009282212
203	0.8574923	0.7026677	0.6861807	0.6542273	0.6458226	0.5146795	0.3853016	0.3595132	0.0898076	0.07315014	0.07272462	0.004646409	0.003587465	0.003426031	0.003415628	0.003378304	0.003343221	0.002419332	0.002362492	0.002349016	0.002346935	0.00233767	0.001332942	0.001218039	0.0009745385	0.0009181875	0.0008873309	0.000887173	0.0008867453	0.0008447982
204	0.68268	0.6804402	0.6345572	0.6267576	0.594379	0.5863233	0.4499895	0.3297592	0.3069191	0.0817395	0.06664164	0.06623366	0.004391674	0.003420104	0.003269945	0.003259652	0.003219504	0.003181916	0.00229124	0.002258891	0.002245354	0.002243241	0.002233682	0.001227783	0.001127048	0.0008840443	0.000830748	0.000815264	0.0008150973	0.000814653
205	0.7224542	0.5273081	0.5250928	0.4829528	0.4754445	0.4405718	0.4326259	0.4215271	0.3070327	0.2858594	0.07653841	0.0623482	0.06195954	0.004205733	0.003299433	0.003158172	0.003147845	0.003146348	0.003141713	0.002202737	0.002169985	0.002156183	0.002154246	0.002148774	0.00116714	0.001064766	0.0008286641	0.0007769738	0.0007607487	0.000760589
206	0.8216755	0.6827144	0.4804109	0.4781596	0.4392557	0.4336675	0.3956967	0.3877954	0.3774507	0.2860996	0.2663257	0.07150731	0.05819165	0.05782797	0.004053265	0.003211747	0.003079752	0.003070383	0.003068789	0.003063845	0.002065859	0.002031575	0.002017496	0.002015546	0.002010381	0.001095276	0.0009905385	0.0007733881	0.0007250061	0.0007079628
207	0.7239797	0.718646	0.6319627	0.4461145	0.4438219	0.4112064	0.4064769	0.3648154	0.3569237	0.3473605	0.2630292	0.2451339	0.06524391	0.05281857	0.05248955	0.002867508	0.002092555	0.001970567	0.001961237	0.001959527	0.001954201	0.001811643	0.001793791	0.00177921	0.001777239	0.001772461	0.0009411875	0.0009011675	0.0007031338	0.000658658
208	0.8795424	0.6781865	0.6755731	0.59469	0.3969397	0.3955923	0.3649549	0.3603521	0.3451021	0.3370212	0.3280557	0.2484559	0.2315661	0.06172848	0.0498605	0.04955826	0.002680226	0.00195035	0.001834736	0.001825188	0.001823478	0.001817923	0.001683219	0.001675559	0.001660147	0.001658206	0.00165378	0.0008858264	0.0008474737	0.0006643012
209	0.7178414	0.6433264	0.5110563	0.509339	0.4343425	0.3718921	0.3705152	0.3418767	0.3384191	0.3212871	0.3170967	0.3086541	0.2334319	0.2174892	0.05762491	0.04704998	0.04676366	0.002513316	0.001824088	0.001719904	0.001715439	0.001713549	0.001707399	0.001579935	0.001572636	0.001568188	0.001566148	0.001561882	0.000835745	0.0007994439
210	0.7076377	0.6760566	0.6105659	0.4843269	0.482687	0.4128199	0.3510255	0.3498326	0.3230989	0.3198492	0.3003115	0.2962596	0.2883725	0.2181009	0.2032033	0.05384486	0.04392883	0.04366215	0.002341577	0.001697777	0.001600372	0.001596145	0.001594655	0.001593818	0.001474666	0.001467847	0.00146364	0.001462339	0.001458459	0.0007798314
211	0.9883076	0.6896922	0.6589457	0.596935	0.4720574	0.4705763	0.4036817	0.3404924	0.3392874	0.3136702	0.3105308	0.2878798	0.2838412	0.2762851	0.2089696	0.194712	0.0516129	0.04207479	0.04181935	0.002240797	0.001624179	0.001530732	0.001526619	0.001526241	0.001525633	0.001412377	0.001405794	0.001401706	0.001400889	0.001397469
212	0.7919934	0.7885768	0.6332614	0.6090267	0.5510234	0.4278488	0.426791	0.3639337	0.2987382	0.2981848	0.2741062	0.2711172	0.2707299	0.2667068	0.2596283	0.1963828	0.1830044	0.04854798	0.03952547	0.03928753	0.002105375	0.001526104	0.001438105	0.001434148	0.001433911	0.001433396	0.001327114	0.00132126	0.001317333	0.001316643
213	0.666644	0.6584627	0.6560862	0.5238889	0.5023275	0.4498718	0.3622716	0.3612925	0.3043457	0.2695305	0.2690246	0.2472175	0.2446672	0.2442179	0.2415095	0.2350892	0.1777661	0.1656361	0.0437389	0.03582237	0.03560636	0.001907464	0.001382506	0.001303555	0.001300353	0.001300109	0.001299617	0.00120345	0.001198137	0.001194942
214	0.6541937	0.5854089	0.5803996	0.5783552	0.4613063	0.4423067	0.3961706	0.3188218	0.3179405	0.2678564	0.2372031	0.2367584	0.2175728	0.2153281	0.2147758	0.2123868	0.2067382	0.1563366	0.1456673	0.03845017	0.03149142	0.03130136	0.001677813	0.001216391	0.00114696	0.001144143	0.00114395	0.00114357	0.001059331	0.001054676
215	0.9764982	0.6413048	0.575891	0.5710247	0.568985	0.455936	0.4374637	0.3918168	0.314838	0.3140724	0.2645265	0.2341472	0.2337218	0.2147328	0.2125096	0.2124296	0.2100558	0.204471	0.1546323	0.1440866	0.03801031	0.03113207	0.03094432	0.001660193	0.00120415	0.001135469	0.001132681	0.001132563	0.001132214	0.001049373
216	0.9634324	0.9499922	0.6269163	0.5632471	0.558489	0.5565712	0.4458415	0.4277178	0.3829282	0.308752	0.3080006	0.2593823	0.2297401	0.2293226	0.2106913	0.2085141	0.2084355	0.2061364	0.2006553	0.1517492	0.1414	0.03729393	0.03055145	0.03036719	0.001629026	0.001181522	0.001114265	0.001111532	0.001111416	0.001111074
