#unpaired probabilities
 #i$	l=1	2	3	4	5	6	7	8	9	10	11	12	13	14	15	16	17	18	19	20	21	22	23	24	25	26	27	28	29	30	
1	0.9916811	NA	NA	NA	NA	NA	NA	NA	NA	NA	NA	NA	NA	NA	NA	NA	NA	NA	NA	NA	NA	NA	NA	NA	NA	NA	NA	NA	NA	NA
2	0.9793397	0.9711447	NA	NA	NA	NA	NA	NA	NA	NA	NA	NA	NA	NA	NA	NA	NA	NA	NA	NA	NA	NA	NA	NA	NA	NA	NA	NA	NA	NA
3	0.436995	0.4243087	0.4234841	NA	NA	NA	NA	NA	NA	NA	NA	NA	NA	NA	NA	NA	NA	NA	NA	NA	NA	NA	NA	NA	NA	NA	NA	NA	NA	NA
4	0.3885321	0.3829998	0.3822933	0.3820668	NA	NA	NA	NA	NA	NA	NA	NA	NA	NA	NA	NA	NA	NA	NA	NA	NA	NA	NA	NA	NA	NA	NA	NA	NA	NA
5	0.3994888	0.384903	0.379833	0.3793295	0.3791301	NA	NA	NA	NA	NA	NA	NA	NA	NA	NA	NA	NA	NA	NA	NA	NA	NA	NA	NA	NA	NA	NA	NA	NA	NA
6	0.9899229	0.3958919	0.3832151	0.3782241	0.3777517	0.3775618	NA	NA	NA	NA	NA	NA	NA	NA	NA	NA	NA	NA	NA	NA	NA	NA	NA	NA	NA	NA	NA	NA	NA	NA
7	0.9904528	0.9811606	0.3936856	0.3811696	0.3762178	0.3757676	0.3755816	NA	NA	NA	NA	NA	NA	NA	NA	NA	NA	NA	NA	NA	NA	NA	NA	NA	NA	NA	NA	NA	NA	NA
8	0.9965056	0.9871045	0.9780792	0.3916012	0.379551	0.3746087	0.3741617	0.3739761	NA	NA	NA	NA	NA	NA	NA	NA	NA	NA	NA	NA	NA	NA	NA	NA	NA	NA	NA	NA	NA	NA
9	0.9979247	0.9944445	0.9850617	0.9760975	0.3897083	0.3785203	0.3735793	0.3731326	0.3729471	NA	NA	NA	NA	NA	NA	NA	NA	NA	NA	NA	NA	NA	NA	NA	NA	NA	NA	NA	NA	NA
10	0.9796868	0.9776543	0.9742059	0.9648576	0.9559044	0.369842	0.3600807	0.3551398	0.3546932	0.3545078	NA	NA	NA	NA	NA	NA	NA	NA	NA	NA	NA	NA	NA	NA	NA	NA	NA	NA	NA	NA
11	0.9827207	0.9733912	0.9713602	0.9679122	0.9585639	0.9496108	0.3635499	0.3596835	0.3547427	0.3542961	0.3541107	NA	NA	NA	NA	NA	NA	NA	NA	NA	NA	NA	NA	NA	NA	NA	NA	NA	NA	NA
12	0.3695002	0.369291	0.3604315	0.3585145	0.3559553	0.3546047	0.3534795	0.3320349	0.32882	0.3280292	0.3278149	0.3277137	NA	NA	NA	NA	NA	NA	NA	NA	NA	NA	NA	NA	NA	NA	NA	NA	NA	NA
13	0.3958999	0.366667	0.3664595	0.3576006	0.355684	0.3531249	0.3517744	0.3506492	0.3292047	0.3286539	0.3278631	0.3276488	0.3275476	NA	NA	NA	NA	NA	NA	NA	NA	NA	NA	NA	NA	NA	NA	NA	NA	NA
14	0.3703537	0.3514993	0.3413683	0.3411718	0.3326526	0.3315902	0.3298287	0.3296176	0.3293943	0.3279526	0.3274061	0.3271224	0.3270444	0.3270035	NA	NA	NA	NA	NA	NA	NA	NA	NA	NA	NA	NA	NA	NA	NA	NA
15	0.9695926	0.3702666	0.351415	0.3412969	0.3411005	0.3325814	0.3315191	0.3297577	0.3295466	0.3293233	0.3278816	0.3273549	0.3270712	0.3269932	0.3269523	NA	NA	NA	NA	NA	NA	NA	NA	NA	NA	NA	NA	NA	NA	NA
16	0.9889338	0.9587494	0.367198	0.3484697	0.3386007	0.338405	0.3298924	0.3288347	0.3270754	0.3268643	0.326641	0.3251993	0.3251462	0.3248625	0.3247845	0.3247436	NA	NA	NA	NA	NA	NA	NA	NA	NA	NA	NA	NA	NA	NA
17	0.8807523	0.8744063	0.8574117	0.3290992	0.3123675	0.303314	0.3032056	0.302325	0.30169	0.3014057	0.3014025	0.3013943	0.3004192	0.3003663	0.300363	0.3003615	0.3003606	NA	NA	NA	NA	NA	NA	NA	NA	NA	NA	NA	NA	NA
18	0.1662991	0.1563955	0.1556861	0.1526789	0.0511441	0.04825624	0.04643439	0.04641603	0.04627716	0.04617831	0.04613225	0.04612903	0.04612083	0.04514569	0.04509384	0.04509056	0.0450891	0.0450882	NA	NA	NA	NA	NA	NA	NA	NA	NA	NA	NA	NA
19	0.04195036	0.03209055	0.027102	0.02707412	0.02609528	0.01103266	0.01011723	0.009795285	0.009789753	0.009756555	0.009734098	0.009721976	0.009718757	0.00971056	0.008735419	0.008723775	0.008720489	0.008719028	0.008718131	NA	NA	NA	NA	NA	NA	NA	NA	NA	NA	NA
20	0.02535339	0.02481923	0.0243583	0.02250562	0.0225013	0.02207055	0.008634097	0.008207762	0.007914664	0.007911898	0.007889076	0.007872588	0.007865236	0.007865211	0.007865149	0.00784758	0.007835954	0.007835917	0.0078359	0.00783589	NA	NA	NA	NA	NA	NA	NA	NA	NA	NA
21	0.02688845	0.02505833	0.02468439	0.02423377	0.02241273	0.02240847	0.02197785	0.008604861	0.00817865	0.007909144	0.007906378	0.007883563	0.00786708	0.00785973	0.007859704	0.007859643	0.007842074	0.007833696	0.007833658	0.007833642	0.007833632	NA	NA	NA	NA	NA	NA	NA	NA	NA
22	0.07022578	0.02633504	0.02481889	0.02444839	0.02404596	0.02233758	0.02233333	0.02190318	0.008584277	0.008158525	0.007898328	0.007895565	0.007872774	0.007856309	0.007848967	0.007848941	0.00784888	0.007831311	0.007825279	0.007825241	0.007825224	0.007825214	NA	NA	NA	NA	NA	NA	NA	NA
23	0.09155796	0.06774568	0.0252058	0.02373125	0.0233771	0.02299091	0.02133225	0.02132825	0.0209176	0.00819631	0.00778986	0.00754007	0.007537433	0.007515676	0.007499959	0.007492949	0.007492923	0.007492862	0.007475293	0.007469381	0.007469344	0.007469327	0.007469317	NA	NA	NA	NA	NA	NA	NA
24	0.09562942	0.07390031	0.05894548	0.02436874	0.02305387	0.0227023	0.02238085	0.02115753	0.02115359	0.02074503	0.008136573	0.007732202	0.007500227	0.007497604	0.007475958	0.007460321	0.007453347	0.007453321	0.007453259	0.007435691	0.007431148	0.00743111	0.007431094	0.007431084	NA	NA	NA	NA	NA	NA
25	0.9821629	0.09455029	0.07293234	0.05812995	0.0240008	0.02276587	0.02241887	0.02209995	0.02089148	0.0208876	0.02048421	0.008033742	0.007634476	0.00740542	0.007402829	0.007381457	0.007366017	0.007359131	0.007359105	0.007359044	0.007341475	0.007337033	0.007336996	0.007336979	0.007336969	NA	NA	NA	NA	NA
26	0.9859041	0.9694481	0.08604209	0.06478166	0.05427166	0.02357491	0.02246467	0.02211955	0.02185258	0.02080708	0.02080322	0.02040093	0.0080045	0.007606291	0.007385211	0.007382627	0.007361311	0.007345912	0.007339044	0.007339018	0.007338957	0.007321388	0.007317651	0.007317613	0.007317597	0.007317587	NA	NA	NA	NA
27	0.9838166	0.9803795	0.9639908	0.08200233	0.06103874	0.05365803	0.02322442	0.0223558	0.02201288	0.02175833	0.0207381	0.02073426	0.02033313	0.007978357	0.007581298	0.007362925	0.007360349	0.007339094	0.00732374	0.007316892	0.007316866	0.007316805	0.007299236	0.007296471	0.007296433	0.007296416	0.007296406	NA	NA	NA
28	0.9861883	0.9795955	0.9764865	0.9603283	0.08117054	0.06047595	0.05319708	0.02308185	0.02227407	0.02193249	0.02168595	0.02069298	0.02068914	0.0202886	0.007961586	0.007565104	0.007350892	0.007348319	0.007327096	0.007311764	0.007304925	0.0073049	0.007304838	0.00728727	0.007285847	0.007285809	0.007285792	0.007285783	NA	NA
29	0.995666	0.9843466	0.9781202	0.9750741	0.9590094	0.08063347	0.05996654	0.05272552	0.02285522	0.02208475	0.02174608	0.02150024	0.02052172	0.02051792	0.0201207	0.007895323	0.007502132	0.00728978	0.007287229	0.007266181	0.007250977	0.007244195	0.007244169	0.007244108	0.007226539	0.007225188	0.00722515	0.007225134	0.007225124	NA
30	0.9935829	0.9902289	0.9793113	0.9732653	0.9702461	0.9543931	0.07839981	0.05787202	0.05110052	0.02272014	0.02196958	0.02163189	0.02138982	0.02047454	0.02047075	0.02007411	0.007876911	0.00748425	0.007279118	0.00727657	0.007255551	0.007240367	0.007233594	0.007233569	0.007233507	0.007215938	0.007215405	0.007215367	0.007215351	0.007215341
31	0.9462242	0.9420338	0.9391595	0.9286203	0.922793	0.9199847	0.9042208	0.03241616	0.01199208	0.009496441	0.003225648	0.003062181	0.003012078	0.002844224	0.002704883	0.002704367	0.00265349	0.001006026	0.0009555853	0.0009290922	0.0009287691	0.0009260855	0.0009241557	0.0009232718	0.0009232461	0.0009231846	0.000905616	0.0009050909	0.0009050531	0.0009050363
32	0.9332157	0.9288988	0.9255057	0.922686	0.9126631	0.9068958	0.9041407	0.8884056	0.01733869	0.007170391	0.005039416	0.001063527	0.0009854212	0.0009649731	0.000803439	0.000748157	0.0007479665	0.0007327372	0.000296787	0.0002816105	0.0002742906	0.0002741967	0.0002734024	0.0002728384	0.0002725613	0.0002725356	0.0002724741	0.0002549055	0.0002548447	0.0002548069
33	0.8724663	0.8717711	0.8694284	0.8661846	0.8641956	0.8564418	0.8527578	0.8517506	0.8379513	0.01522489	0.005885653	0.003960316	0.0009908094	0.0009145316	0.0008967071	0.0007404798	0.0006871394	0.0006869824	0.000673772	0.0002619795	0.0002489018	0.0002420197	0.0002419348	0.0002412357	0.0002407306	0.0002405062	0.0002405062	0.000240506	0.0002404754	0.0002404146
34	0.9495157	0.8715883	0.870986	0.8686435	0.8654009	0.8634122	0.8556616	0.8519783	0.8509715	0.8371722	0.01445194	0.005255982	0.003916154	0.0009688138	0.0008958032	0.0008783952	0.0007222279	0.0006699679	0.0006698143	0.0006569339	0.0002552951	0.0002425439	0.0002359031	0.0002358204	0.0002351387	0.0002346463	0.0002344275	0.0002344275	0.0002344273	0.0002343967
35	0.9146454	0.9130867	0.8599787	0.8595199	0.8572415	0.8540417	0.8523701	0.8457371	0.8424188	0.8414621	0.8279023	0.01311385	0.004209681	0.002898845	0.0004896976	0.0004358091	0.0004253957	0.0002707196	0.0002374868	0.0002374157	0.0002329567	8.808414e-05	8.366121e-05	8.136899e-05	8.134039e-05	8.110497e-05	8.093512e-05	8.085962e-05	8.085957e-05	8.085943e-05
36	0.9387084	0.89055	0.8898673	0.847435	0.8473533	0.8451625	0.8448401	0.8434523	0.8389732	0.836339	0.8355795	0.8222034	0.0103125	0.001463741	0.0002651996	0.0002384082	0.0001919251	0.0001889369	3.630776e-05	1.287693e-05	1.28599e-05	1.279186e-05	1.237537e-06	1.142982e-06	1.107669e-06	1.107194e-06	1.103974e-06	1.101653e-06	1.100627e-06	1.100627e-06
37	0.9379243	0.8897814	0.8876624	0.8874783	0.8473766	0.847295	0.8451043	0.8447819	0.8433941	0.8389153	0.8362811	0.8355217	0.8221456	0.01025597	0.001440228	0.0002517594	0.000226008	0.0001912826	0.000188306	3.567972e-05	1.237006e-05	1.235315e-05	1.229498e-05	1.041474e-06	9.566636e-07	9.266744e-07	9.262626e-07	9.235642e-07	9.216213e-07	9.20762e-07
38	0.994253	0.9358553	0.8877742	0.8856845	0.8855277	0.8473462	0.8472646	0.8450738	0.8447515	0.8433638	0.8388852	0.8362511	0.8354918	0.822116	0.01024787	0.001434271	0.0002470442	0.0002235445	0.0001895526	0.0001866026	3.398225e-05	1.074686e-05	1.073022e-05	1.070364e-05	4.138409e-07	3.602915e-07	3.466221e-07	3.464135e-07	3.4539e-07	3.446578e-07
39	0.9878817	0.9845687	0.9304172	0.8823683	0.8804868	0.8803481	0.8472455	0.847164	0.8449732	0.8446509	0.8432634	0.8387852	0.8361514	0.8353922	0.8220172	0.01020578	0.00139916	0.0002335834	0.0002110999	0.0001888723	0.0001859387	3.332117e-05	1.01261e-05	1.010958e-05	1.009509e-05	1.738383e-07	1.322426e-07	1.248167e-07	1.246859e-07	1.243028e-07
40	0.9659671	0.9563714	0.9530807	0.9009474	0.8631319	0.8612942	0.861168	0.8471492	0.8470677	0.8448769	0.8445546	0.8431671	0.8386894	0.8360557	0.8352965	0.8219215	0.010112	0.00136176	0.0002065921	0.0001842906	0.0001841501	0.0001812207	2.860359e-05	1.000792e-05	9.991412e-06	9.978357e-06	1.451691e-07	1.049828e-07	9.865876e-08	9.853704e-08
41	0.9744801	0.9534125	0.9442	0.9409412	0.8974333	0.8600239	0.8585044	0.8584276	0.8445048	0.8444233	0.8443204	0.8439982	0.8429354	0.8384577	0.8358242	0.8350651	0.8217687	0.009959251	0.001209134	5.396642e-05	3.166485e-05	3.152443e-05	2.859495e-05	2.858198e-05	9.986307e-06	9.984551e-06	9.978178e-06	1.449903e-07	1.049818e-07	9.865777e-08
42	0.9744836	0.9623953	0.9414086	0.9321986	0.9289434	0.8856126	0.8516737	0.8501835	0.8501132	0.8443936	0.8443121	0.8442093	0.843887	0.8428242	0.8383471	0.8357136	0.8349546	0.8216582	0.009850961	0.001167163	3.506596e-05	1.305037e-05	1.295709e-05	1.003512e-05	1.002287e-05	9.937249e-06	9.935519e-06	9.930102e-06	1.262246e-07	8.71494e-08
43	0.9990138	0.9736671	0.9620075	0.9410249	0.931815	0.9285599	0.8852294	0.8515867	0.850097	0.8500269	0.8443892	0.8443077	0.8442048	0.8438826	0.8428198	0.8383426	0.8357092	0.8349501	0.8216537	0.009846674	0.001166449	3.490982e-05	1.295484e-05	1.286375e-05	9.942679e-06	9.930597e-06	9.892779e-06	9.891056e-06	9.886502e-06	1.090767e-07
44	0.9996147	0.9987309	0.973447	0.9618055	0.9408241	0.9316142	0.9283591	0.8850288	0.8515322	0.8500428	0.849973	0.8443871	0.8443056	0.8442028	0.8438805	0.8428177	0.8383406	0.8357072	0.8349481	0.8216517	0.009844703	0.001166067	3.482273e-05	1.290548e-05	1.281683e-05	9.896177e-06	9.8842e-06	9.871785e-06	9.870065e-06	9.865891e-06
45	0.9612458	0.9609901	0.9601284	0.9454758	0.9354246	0.9145388	0.9053295	0.9020748	0.8588602	0.8513414	0.8498525	0.8497844	0.8443766	0.8442952	0.8441923	0.8438701	0.8428074	0.8383302	0.8356968	0.8349378	0.8216414	0.009834468	0.001155833	2.511888e-05	3.226478e-06	3.140364e-06	2.199486e-07	2.080336e-07	2.002178e-07	1.984995e-07
46	0.9472404	0.9451537	0.9449229	0.9440868	0.9300068	0.9201996	0.8995146	0.8947468	0.8924174	0.8493534	0.8420373	0.8406678	0.8405997	0.8353193	0.8352378	0.8352213	0.8348992	0.8341369	0.8296597	0.8270263	0.8262673	0.821639	0.009832052	0.001155791	2.507748e-05	3.18709e-06	3.10098e-06	1.808632e-07	1.724968e-07	1.64681e-07
47	0.9638351	0.942182	0.9403489	0.9402286	0.9394417	0.9256263	0.9158588	0.8951761	0.8904083	0.8880789	0.845015	0.8392051	0.8378356	0.8377675	0.8353192	0.8352377	0.8352213	0.8348991	0.8341368	0.8296596	0.8270262	0.8262672	0.8216389	0.009831965	0.001155704	2.499031e-05	3.109783e-06	3.088828e-06	1.688453e-07	1.605056e-07
48	0.01456816	0.0143955	0.01403257	0.01388034	0.01386605	0.01384249	0.0131996	0.01298628	0.0125044	0.01237262	0.01231522	0.01221206	0.01191426	0.01056043	0.01052691	0.01036114	0.01035	0.01034982	0.0103481	0.01034613	0.01025427	0.01024501	0.01023657	0.01023439	0.009679197	0.001058111	7.703171e-06	3.105126e-06	3.084208e-06	1.661908e-07
49	0.05061361	0.003144003	0.003047785	0.002959941	0.002855819	0.00285384	0.002846795	0.002522648	0.002506487	0.002474848	0.00246673	0.002459004	0.00245378	0.002440302	0.001093822	0.001061277	0.001054324	0.001054239	0.001054236	0.001054224	0.001054215	0.001054026	0.001053665	0.001053642	0.001053635	0.00105357	0.001053398	7.486179e-06	3.087644e-06	3.066772e-06
50	0.01215598	0.0009215733	0.0005172618	0.0004376086	0.0004296671	0.0003435645	0.0003423496	0.0003421998	4.120829e-05	3.896024e-05	3.817782e-05	3.814345e-05	3.812823e-05	3.731682e-05	3.721125e-05	3.718896e-05	4.81306e-06	4.639527e-06	4.611865e-06	4.611761e-06	4.605408e-06	4.605153e-06	4.601314e-06	4.598981e-06	4.5945e-06	4.594389e-06	4.588981e-06	4.588823e-06	4.576492e-06	1.882307e-07
51	0.01169355	0.01146409	0.0005265514	0.0004298665	0.0003904552	0.000389886	0.0003048134	0.0003036963	0.0003035919	3.478291e-06	1.780418e-06	1.131098e-06	1.129232e-06	1.128583e-06	6.931672e-07	6.614614e-07	6.610328e-07	5.319007e-07	3.919802e-07	3.863711e-07	3.863106e-07	3.80236e-07	3.800005e-07	3.770327e-07	3.754221e-07	3.723418e-07	3.722626e-07	3.67099e-07	3.669742e-07	3.635252e-07
52	0.01548583	0.01162796	0.01144735	0.0005113052	0.0004297063	0.000390297	0.0003897357	0.0003046634	0.0003035463	0.000303442	3.329044e-06	1.631772e-06	9.829004e-07	9.811451e-07	9.80546e-07	5.453086e-07	5.153083e-07	5.148798e-07	3.857825e-07	3.755865e-07	3.699774e-07	3.699169e-07	3.638424e-07	3.636069e-07	3.606393e-07	3.59029e-07	3.559489e-07	3.558696e-07	3.507062e-07	3.505813e-07
53	0.01494711	0.01173888	0.01151072	0.01135841	0.000423189	0.0003416218	0.0003042235	0.0003036631	0.0003035412	0.0003034136	0.0003033342	3.226579e-06	1.529502e-06	9.695578e-07	9.682011e-07	9.676395e-07	5.332196e-07	5.032522e-07	5.028422e-07	3.741129e-07	3.63929e-07	3.626044e-07	3.625511e-07	3.595327e-07	3.593031e-07	3.565768e-07	3.550971e-07	3.533592e-07	3.532851e-07	3.499596e-07
54	0.164484	0.01487727	0.01173242	0.01151045	0.01135827	0.000423057	0.0003414901	0.0003040918	0.0003035313	0.0003034095	0.0003033884	0.0003033338	3.226183e-06	1.529118e-06	9.691758e-07	9.679733e-07	9.674546e-07	5.330442e-07	5.030775e-07	5.028053e-07	3.740768e-07	3.638932e-07	3.625686e-07	3.625235e-07	3.595051e-07	3.592824e-07	3.56556e-07	3.550763e-07	3.533384e-07	3.532692e-07
55	0.9584541	0.1288348	0.01481491	0.01173109	0.01151032	0.01135824	0.0004230284	0.0003414617	0.0003040634	0.0003035029	0.0003033811	0.0003033752	0.0003033336	3.226005e-06	1.528941e-06	9.690013e-07	9.678244e-07	9.673281e-07	5.329274e-07	5.029628e-07	5.027617e-07	3.740358e-07	3.638531e-07	3.625285e-07	3.624876e-07	3.594692e-07	3.592501e-07	3.565237e-07	3.550441e-07	3.533062e-07
56	0.9319814	0.9243237	0.1285244	0.01473199	0.01165212	0.01143959	0.01135243	0.0004211297	0.0003414616	0.0003040633	0.0003035029	0.000303381	0.0003033752	0.0003033335	3.225944e-06	1.528882e-06	9.689426e-07	9.677658e-07	9.672694e-07	5.328691e-07	5.029306e-07	5.027296e-07	3.740038e-07	3.638465e-07	3.625219e-07	3.62481e-07	3.594626e-07	3.592435e-07	3.565171e-07	3.550374e-07
