#unpaired probabilities
 #i$	l=1	2	3	4	5	6	7	8	9	10	11	12	13	14	15	16	17	18	19	20	21	22	23	24	25	26	27	28	29	30	
1	0.9999947	NA	NA	NA	NA	NA	NA	NA	NA	NA	NA	NA	NA	NA	NA	NA	NA	NA	NA	NA	NA	NA	NA	NA	NA	NA	NA	NA	NA	NA
2	0.9282534	0.9282532	NA	NA	NA	NA	NA	NA	NA	NA	NA	NA	NA	NA	NA	NA	NA	NA	NA	NA	NA	NA	NA	NA	NA	NA	NA	NA	NA	NA
3	0.6233755	0.6216604	0.6216603	NA	NA	NA	NA	NA	NA	NA	NA	NA	NA	NA	NA	NA	NA	NA	NA	NA	NA	NA	NA	NA	NA	NA	NA	NA	NA	NA
4	0.5894381	0.5855843	0.5849219	0.5849218	NA	NA	NA	NA	NA	NA	NA	NA	NA	NA	NA	NA	NA	NA	NA	NA	NA	NA	NA	NA	NA	NA	NA	NA	NA	NA
5	0.9279192	0.5849615	0.5811106	0.5804485	0.5804484	NA	NA	NA	NA	NA	NA	NA	NA	NA	NA	NA	NA	NA	NA	NA	NA	NA	NA	NA	NA	NA	NA	NA	NA	NA
6	0.06297861	0.003753291	0.002169761	0.002132007	0.002105824	0.002105733	NA	NA	NA	NA	NA	NA	NA	NA	NA	NA	NA	NA	NA	NA	NA	NA	NA	NA	NA	NA	NA	NA	NA	NA
7	0.06695428	0.05808807	0.001421085	0.0004593736	0.0004250773	0.000417697	0.0004176068	NA	NA	NA	NA	NA	NA	NA	NA	NA	NA	NA	NA	NA	NA	NA	NA	NA	NA	NA	NA	NA	NA	NA
8	0.06646797	0.0637835	0.05770587	0.001157686	0.0002278751	0.000214812	0.0002136225	0.0002135387	NA	NA	NA	NA	NA	NA	NA	NA	NA	NA	NA	NA	NA	NA	NA	NA	NA	NA	NA	NA	NA	NA
9	0.9935066	0.06644963	0.06377399	0.05770195	0.001156057	0.0002263844	0.0002134848	0.0002123711	0.0002123264	NA	NA	NA	NA	NA	NA	NA	NA	NA	NA	NA	NA	NA	NA	NA	NA	NA	NA	NA	NA	NA
10	0.0662641	0.06213454	0.006510204	0.006411031	0.0005185155	5.11719e-05	2.051243e-05	2.03032e-05	2.027948e-05	2.027867e-05	NA	NA	NA	NA	NA	NA	NA	NA	NA	NA	NA	NA	NA	NA	NA	NA	NA	NA	NA	NA
11	0.006857852	0.00449284	0.0003665492	8.803246e-05	8.725776e-05	7.69478e-06	9.094027e-07	3.701462e-07	3.661308e-07	3.650095e-07	3.649909e-07	NA	NA	NA	NA	NA	NA	NA	NA	NA	NA	NA	NA	NA	NA	NA	NA	NA	NA	NA
12	0.007248985	0.006754429	0.004401586	0.0002759978	8.016529e-05	7.957572e-05	6.120806e-06	6.191934e-07	1.819396e-07	1.785996e-07	1.782591e-07	1.782425e-07	NA	NA	NA	NA	NA	NA	NA	NA	NA	NA	NA	NA	NA	NA	NA	NA	NA	NA
13	0.005655714	0.0003526846	0.000328347	0.00010627	2.314013e-05	4.829701e-06	4.794409e-06	3.844073e-07	5.411424e-08	2.36194e-08	2.33885e-08	2.335699e-08	2.33562e-08	NA	NA	NA	NA	NA	NA	NA	NA	NA	NA	NA	NA	NA	NA	NA	NA	NA
14	0.0006343525	4.298454e-05	5.350049e-06	1.325471e-06	7.554753e-07	1.833223e-07	4.071974e-08	4.016865e-08	4.591968e-09	1.477586e-09	1.221466e-09	1.191622e-09	1.187828e-09	1.187761e-09	NA	NA	NA	NA	NA	NA	NA	NA	NA	NA	NA	NA	NA	NA	NA	NA
15	0.0003270765	2.592276e-05	2.317961e-06	1.36254e-07	6.263554e-08	4.087879e-08	9.190605e-09	3.02504e-09	3.013569e-09	1.079653e-09	9.240702e-10	9.080812e-10	9.077461e-10	9.042134e-10	9.041682e-10	NA	NA	NA	NA	NA	NA	NA	NA	NA	NA	NA	NA	NA	NA	NA
16	4.005445e-05	2.108606e-06	4.725436e-07	1.707423e-07	3.125549e-09	1.786497e-09	1.543064e-09	1.078444e-09	9.70101e-10	9.689891e-10	8.92455e-10	8.74845e-10	8.721398e-10	8.719033e-10	8.717422e-10	8.716974e-10	NA	NA	NA	NA	NA	NA	NA	NA	NA	NA	NA	NA	NA	NA
17	0.001166488	7.522468e-06	6.791115e-07	2.517143e-07	1.555289e-07	1.903936e-09	1.291476e-09	1.216434e-09	9.60008e-10	9.002363e-10	8.999413e-10	8.901803e-10	8.739799e-10	8.714056e-10	8.71353e-10	8.713249e-10	8.712942e-10	NA	NA	NA	NA	NA	NA	NA	NA	NA	NA	NA	NA	NA
18	0.001659537	5.616667e-05	2.965438e-06	5.422389e-07	1.812236e-07	1.530042e-07	1.666466e-09	1.15972e-09	1.118012e-09	9.058342e-10	8.561393e-10	8.560843e-10	8.495522e-10	8.477504e-10	8.452057e-10	8.452044e-10	8.452035e-10	8.452035e-10	NA	NA	NA	NA	NA	NA	NA	NA	NA	NA	NA	NA
19	0.003955232	0.0005451488	3.363408e-05	2.643955e-06	4.716298e-07	1.644298e-07	1.382558e-07	1.522227e-09	1.101495e-09	1.062497e-09	8.583307e-10	8.204604e-10	8.204116e-10	8.141254e-10	8.123578e-10	8.11546e-10	8.115448e-10	8.115439e-10	8.115439e-10	NA	NA	NA	NA	NA	NA	NA	NA	NA	NA	NA
20	0.997103	0.001058475	0.0001094697	1.014189e-05	1.355249e-06	3.996557e-07	1.408009e-07	1.342207e-07	7.637914e-10	3.96113e-10	3.72982e-10	1.974667e-10	1.644074e-10	1.643651e-10	1.584311e-10	1.567037e-10	1.56187e-10	1.561858e-10	1.561851e-10	1.561851e-10	NA	NA	NA	NA	NA	NA	NA	NA	NA	NA
21	0.9999745	0.9970909	0.001046385	0.0001051675	8.67284e-06	2.48866e-07	2.113167e-07	1.394258e-07	1.330977e-07	6.705196e-10	3.068434e-10	2.853085e-10	1.169874e-10	8.435399e-11	8.431199e-11	7.844367e-11	7.673009e-11	7.633103e-11	7.63299e-11	7.632925e-11	7.632924e-11	NA	NA	NA	NA	NA	NA	NA	NA	NA
22	0.9999863	0.9999742	0.9970907	0.001046149	0.0001050486	8.571155e-06	1.779311e-07	1.423972e-07	1.386568e-07	1.323541e-07	6.675196e-10	3.045449e-10	2.831007e-10	1.153968e-10	8.308053e-11	8.303912e-11	7.721009e-11	7.550385e-11	7.526535e-11	7.526436e-11	7.526375e-11	7.526374e-11	NA	NA	NA	NA	NA	NA	NA	NA
23	0.9999827	0.9999825	0.9999718	0.9970885	0.001044019	0.0001048939	8.438501e-06	4.682123e-08	1.172626e-08	8.139245e-09	1.850446e-09	5.610374e-10	2.008114e-10	1.808278e-10	3.170528e-11	4.36534e-12	4.338012e-12	2.315942e-12	1.264197e-12	1.131105e-12	1.130509e-12	1.130041e-12	1.13003e-12	NA	NA	NA	NA	NA	NA	NA
24	0.9999813	0.9999795	0.9999794	0.9999686	0.9970854	0.001040907	0.0001048514	8.435784e-06	4.479218e-08	9.708747e-09	6.148576e-09	1.580098e-09	3.211341e-10	1.933717e-10	1.779813e-10	3.014147e-11	3.11857e-12	3.093726e-12	1.317496e-12	4.756242e-13	3.480825e-13	3.475303e-13	3.472737e-13	3.472636e-13	NA	NA	NA	NA	NA	NA
25	0.001046378	0.001042797	0.001041018	0.001040911	0.001040908	0.001040907	0.001040907	0.0001048514	8.435768e-06	4.477606e-08	9.692663e-09	6.132618e-09	1.577464e-09	3.195007e-10	1.919494e-10	1.774002e-10	2.961136e-11	2.856025e-12	2.832311e-12	1.139982e-12	3.856741e-13	2.659693e-13	2.656483e-13	2.655789e-13	2.655694e-13	NA	NA	NA	NA	NA
26	0.001666514	0.0001171144	0.0001135813	0.0001118091	0.0001117019	0.0001116992	0.0001116982	0.000111698	0.0001041148	8.435756e-06	4.47642e-08	9.688945e-09	6.128901e-09	1.576811e-09	3.194381e-10	1.918883e-10	1.773473e-10	2.960097e-11	2.851143e-12	2.827438e-12	1.137275e-12	3.83525e-13	2.64044e-13	2.637236e-13	2.636543e-13	2.636448e-13	NA	NA	NA	NA
27	0.001159363	4.958169e-05	9.738198e-06	8.90214e-06	8.786855e-06	8.769087e-06	8.76632e-06	8.765333e-06	8.765169e-06	8.444855e-06	8.434795e-06	4.380333e-08	9.687508e-09	6.127464e-09	1.576359e-09	3.192316e-10	1.916826e-10	1.771447e-10	2.959145e-11	2.844429e-12	2.820733e-12	1.134291e-12	3.814625e-13	2.621304e-13	2.618106e-13	2.617416e-13	2.617321e-13	NA	NA	NA
28	5.227952e-05	1.988407e-05	6.667339e-06	2.812639e-07	1.163526e-07	6.471873e-08	5.62769e-08	5.533649e-08	5.435292e-08	5.419059e-08	5.322542e-08	4.42278e-08	4.34392e-08	9.429307e-09	5.952437e-09	1.401331e-09	3.101509e-10	1.914678e-10	1.769313e-10	2.951161e-11	2.770265e-12	2.74658e-12	1.061104e-12	3.087247e-13	1.900411e-13	1.897226e-13	1.896539e-13	1.896445e-13	NA	NA
29	0.0003402469	1.163283e-05	1.012196e-05	1.368744e-06	1.388046e-07	4.529344e-08	1.736104e-08	1.20415e-08	1.141413e-08	1.057973e-08	1.042196e-08	1.041274e-08	1.039023e-08	9.601656e-09	9.304787e-09	5.827933e-09	1.276828e-09	1.85648e-10	6.696513e-11	5.242864e-11	2.950973e-11	2.768572e-12	2.744888e-12	1.059413e-12	3.078513e-13	1.892571e-13	1.889389e-13	1.888703e-13	1.888609e-13	NA
30	0.0006277063	2.910416e-05	5.112047e-06	4.862736e-06	1.174219e-06	1.2205e-07	3.743228e-08	1.206752e-08	7.195544e-09	6.624156e-09	5.832711e-09	5.684901e-09	5.684738e-09	5.684297e-09	5.680501e-09	5.674555e-09	5.673192e-09	1.122087e-09	6.735457e-11	6.535018e-11	5.081377e-11	2.794426e-11	2.760659e-12	2.736975e-12	1.0515e-12	3.001288e-13	1.853491e-13	1.85031e-13	1.849625e-13	1.84953e-13
31	0.4996528	0.0006054829	2.827754e-05	5.051526e-06	4.813867e-06	1.170304e-06	1.212732e-07	3.709459e-08	1.195282e-08	7.141095e-09	6.583065e-09	5.810148e-09	5.676312e-09	5.676149e-09	5.675708e-09	5.671912e-09	5.665966e-09	5.664603e-09	1.121724e-09	6.699103e-11	6.498664e-11	5.080182e-11	2.793231e-11	2.748709e-12	2.733618e-12	1.051266e-12	2.999771e-13	1.851973e-13	1.848904e-13	1.848285e-13
32	0.5036285	0.005418985	4.197352e-05	6.751633e-06	4.688189e-06	4.648066e-06	1.044406e-06	1.768758e-08	1.226883e-08	2.613561e-09	1.67062e-09	1.517852e-09	1.123891e-09	1.119262e-09	1.1191e-09	1.118661e-09	1.114865e-09	1.108919e-09	1.107556e-09	1.107537e-09	5.280467e-11	5.080036e-11	5.078924e-11	2.791982e-11	2.736235e-12	2.727417e-12	1.046332e-12	2.96188e-13	1.814083e-13	1.81105e-13
33	0.0005540879	0.0005161099	2.949995e-05	2.114207e-06	1.849482e-06	1.678651e-06	1.659193e-06	8.751636e-08	1.160657e-08	9.384909e-09	5.887327e-10	2.091759e-10	1.585119e-10	9.011046e-12	8.43788e-12	8.430633e-12	8.362277e-12	8.316528e-12	8.308748e-12	7.436254e-12	7.417544e-12	7.374897e-12	5.416132e-12	5.405095e-12	5.372766e-12	2.731491e-12	2.722674e-12	1.041589e-12	2.914451e-13	1.768165e-13
34	0.0003579589	0.000118054	0.0001097579	7.343032e-06	9.595714e-07	8.941333e-07	7.360461e-07	7.193278e-07	6.391878e-08	1.102254e-08	9.00368e-09	3.676285e-10	1.540988e-10	1.161498e-10	3.991498e-12	3.625164e-12	3.620093e-12	3.554181e-12	3.517667e-12	3.511813e-12	3.485396e-12	3.466912e-12	3.454937e-12	3.379545e-12	3.368578e-12	3.364206e-12	2.725167e-12	2.716349e-12	1.035265e-12	2.851207e-13
35	0.05626789	0.0002097975	3.811982e-05	3.069167e-05	2.031614e-06	1.826028e-07	1.53973e-07	1.178217e-07	1.173776e-07	1.747578e-08	6.008125e-09	5.471265e-09	7.065043e-11	2.255012e-11	1.689963e-11	2.040536e-12	1.907195e-12	1.903206e-12	1.839809e-12	1.809103e-12	1.804129e-12	1.781253e-12	1.767491e-12	1.755524e-12	1.680139e-12	1.675208e-12	1.670837e-12	1.031797e-12	1.031065e-12	1.030339e-12
36	0.9304483	0.05542896	0.0001104921	2.506785e-05	2.471727e-05	1.577104e-06	9.881588e-08	7.371002e-08	6.452225e-08	6.436768e-08	6.406826e-09	1.548738e-09	1.352889e-09	3.259945e-11	1.146608e-11	8.812348e-12	1.216866e-12	1.11517e-12	1.11286e-12	1.049828e-12	1.039937e-12	1.035534e-12	1.014299e-12	1.014249e-12	1.005805e-12	9.334161e-13	9.292356e-13	9.248646e-13	2.858252e-13	2.851986e-13
37	0.00338733	0.003323901	7.737647e-05	1.506883e-06	3.91803e-07	3.536328e-07	7.735859e-08	4.577225e-08	3.181808e-08	2.52423e-08	2.518569e-08	4.847552e-09	1.12311e-09	9.681898e-10	1.434364e-11	3.867334e-12	2.93053e-12	3.467478e-13	2.645415e-13	2.624075e-13	2.198293e-13	2.109522e-13	2.079224e-13	2.067415e-13	2.067049e-13	2.009793e-13	1.974312e-13	1.932561e-13	1.889403e-13	1.738313e-13
38	0.001279096	0.0007552474	0.0007357059	4.157415e-05	9.887561e-07	3.026806e-07	2.707316e-07	5.947689e-08	3.206252e-08	3.15347e-08	2.512538e-08	2.507869e-08	4.830286e-09	1.113361e-09	9.605645e-10	1.419493e-11	3.826788e-12	2.90295e-12	3.451718e-13	2.631876e-13	2.610552e-13	2.185207e-13	2.096487e-13	2.066219e-13	2.05442e-13	2.054231e-13	1.996982e-13	1.961507e-13	1.923555e-13	1.880397e-13
39	0.003412489	0.0009210242	0.0006507357	0.0006326516	3.742334e-05	9.478109e-07	2.965634e-07	2.648605e-07	5.805537e-08	3.194952e-08	3.142411e-08	2.51201e-08	2.507342e-08	4.829097e-09	1.112543e-09	9.602646e-10	1.414908e-11	3.804596e-12	2.890718e-12	3.438995e-13	2.625222e-13	2.603901e-13	2.17858e-13	2.089863e-13	2.059597e-13	2.047798e-13	2.047609e-13	1.99036e-13	1.954885e-13	1.922011e-13
40	0.6592914	0.002402529	0.0004740489	0.000237632	0.0002295811	2.156114e-05	6.807522e-07	2.492761e-07	2.178819e-07	5.317137e-08	2.991616e-08	2.941619e-08	2.311792e-08	2.307605e-08	4.765376e-09	1.110392e-09	9.585804e-10	1.35609e-11	3.641218e-12	2.764477e-12	3.277308e-13	2.466737e-13	2.445462e-13	2.02066e-13	1.932338e-13	1.902138e-13	1.894926e-13	1.894746e-13	1.83812e-13	1.805663e-13
41	0.6870968	0.6503821	0.002352957	0.0004556973	0.0002266269	0.0002188112	2.141308e-05	6.773307e-07	2.484669e-07	2.170819e-07	5.28982e-08	2.96831e-08	2.939794e-08	2.310911e-08	2.307032e-08	4.764511e-09	1.109898e-09	9.582266e-10	1.355399e-11	3.639226e-12	2.763226e-12	3.276628e-13	2.466199e-13	2.444924e-13	2.020126e-13	1.931806e-13	1.901606e-13	1.894395e-13	1.894228e-13	1.837603e-13
42	0.9996362	0.6870918	0.6503773	0.002348102	0.0004549892	0.0002263725	0.0002185578	2.140642e-05	6.76854e-07	2.484345e-07	2.170496e-07	5.287877e-08	2.967688e-08	2.939173e-08	2.310888e-08	2.307009e-08	4.764465e-09	1.109868e-09	9.582199e-10	1.35531e-11	3.638804e-12	2.7631e-12	3.276326e-13	2.466106e-13	2.444831e-13	2.020034e-13	1.931713e-13	1.901514e-13	1.894302e-13	1.894136e-13
