#unpaired probabilities
 #i$	l=1	2	3	4	5	6	7	8	9	10	11	12	13	14	15	16	17	18	19	20	21	22	23	24	25	26	27	28	29	30	
1	0.406697	NA	NA	NA	NA	NA	NA	NA	NA	NA	NA	NA	NA	NA	NA	NA	NA	NA	NA	NA	NA	NA	NA	NA	NA	NA	NA	NA	NA	NA
2	0.004979434	0.00187286	NA	NA	NA	NA	NA	NA	NA	NA	NA	NA	NA	NA	NA	NA	NA	NA	NA	NA	NA	NA	NA	NA	NA	NA	NA	NA	NA	NA
3	0.2504695	0.002138703	0.0008282214	NA	NA	NA	NA	NA	NA	NA	NA	NA	NA	NA	NA	NA	NA	NA	NA	NA	NA	NA	NA	NA	NA	NA	NA	NA	NA	NA
4	0.4692909	0.2490978	0.00212665	0.0008225976	NA	NA	NA	NA	NA	NA	NA	NA	NA	NA	NA	NA	NA	NA	NA	NA	NA	NA	NA	NA	NA	NA	NA	NA	NA	NA
5	0.3627375	0.2811462	0.1446642	0.001622177	0.0005515412	NA	NA	NA	NA	NA	NA	NA	NA	NA	NA	NA	NA	NA	NA	NA	NA	NA	NA	NA	NA	NA	NA	NA	NA	NA
6	0.4329233	0.234159	0.1896678	0.1139994	0.001192049	0.0003753732	NA	NA	NA	NA	NA	NA	NA	NA	NA	NA	NA	NA	NA	NA	NA	NA	NA	NA	NA	NA	NA	NA	NA	NA
7	0.6082226	0.4316382	0.2339378	0.1895099	0.1139482	0.00119133	0.0003751592	NA	NA	NA	NA	NA	NA	NA	NA	NA	NA	NA	NA	NA	NA	NA	NA	NA	NA	NA	NA	NA	NA	NA
8	0.8047005	0.4195595	0.3492268	0.1890749	0.1572648	0.1031567	0.001055809	0.0003030562	NA	NA	NA	NA	NA	NA	NA	NA	NA	NA	NA	NA	NA	NA	NA	NA	NA	NA	NA	NA	NA	NA
9	0.8022125	0.7651683	0.4030706	0.3389509	0.1807552	0.1501753	0.0988416	0.001036814	0.0002936267	NA	NA	NA	NA	NA	NA	NA	NA	NA	NA	NA	NA	NA	NA	NA	NA	NA	NA	NA	NA	NA
10	0.7223955	0.7113001	0.6889632	0.3391057	0.2910279	0.1451141	0.124359	0.09090021	0.0009653206	0.0002884465	NA	NA	NA	NA	NA	NA	NA	NA	NA	NA	NA	NA	NA	NA	NA	NA	NA	NA	NA	NA
11	0.3893913	0.3336902	0.2952039	0.250375	0.205546	0.1553605	0.1219107	0.1080707	0.08552935	0.0008097963	0.0001756399	NA	NA	NA	NA	NA	NA	NA	NA	NA	NA	NA	NA	NA	NA	NA	NA	NA	NA	NA
12	0.273583	0.2382091	0.2030505	0.1760527	0.1449652	0.1187238	0.0825372	0.06117957	0.04454719	0.01707416	0.0002061758	0.0001074051	NA	NA	NA	NA	NA	NA	NA	NA	NA	NA	NA	NA	NA	NA	NA	NA	NA	NA
13	0.3750528	0.2688732	0.2339285	0.1991253	0.1723548	0.1415178	0.1154243	0.08059256	0.05974809	0.04351499	0.01675037	0.0002026983	0.0001071209	NA	NA	NA	NA	NA	NA	NA	NA	NA	NA	NA	NA	NA	NA	NA	NA	NA
14	0.8582356	0.3741394	0.2687676	0.2338256	0.199082	0.1723164	0.1414847	0.1153954	0.08056932	0.0597311	0.04350291	0.01674642	0.0002026548	0.0001071081	NA	NA	NA	NA	NA	NA	NA	NA	NA	NA	NA	NA	NA	NA	NA	NA
15	0.9630563	0.8440236	0.3660569	0.2669503	0.232238	0.1978471	0.1712168	0.1405374	0.1145672	0.0798986	0.05923703	0.04315148	0.01663221	0.0002014999	0.0001068493	NA	NA	NA	NA	NA	NA	NA	NA	NA	NA	NA	NA	NA	NA	NA
16	0.4488074	0.4671213	0.4809143	0.05761983	0.04409035	0.03851217	0.03181725	0.0274378	0.02239626	0.01760637	0.01159865	0.008254692	0.005931248	0.002158466	3.673299e-05	2.512909e-05	NA	NA	NA	NA	NA	NA	NA	NA	NA	NA	NA	NA	NA	NA
17	0.4439011	0.4161579	0.4369247	0.4565924	0.03692431	0.02807847	0.02459893	0.01988579	0.01709477	0.01389829	0.01066459	0.006712329	0.004636724	0.003350093	0.001280621	2.633499e-05	1.933673e-05	NA	NA	NA	NA	NA	NA	NA	NA	NA	NA	NA	NA	NA
18	0.5395376	0.4356351	0.4148924	0.4356574	0.4558337	0.03624212	0.02767858	0.02421872	0.01952064	0.01673513	0.01354298	0.01030151	0.006628175	0.004576551	0.003306162	0.00126634	2.615201e-05	1.92552e-05	NA	NA	NA	NA	NA	NA	NA	NA	NA	NA	NA	NA
19	0.1252312	0.06134815	0.02502491	0.01501826	0.0143749	0.01223029	0.01110803	0.008394456	0.007774991	0.005976228	0.005527368	0.005004678	0.004081373	0.003493023	0.00224503	0.001584752	0.0005238704	1.605712e-05	1.214379e-05	NA	NA	NA	NA	NA	NA	NA	NA	NA	NA	NA
20	0.5417455	0.1228046	0.05909088	0.02330991	0.014303	0.01364346	0.01151741	0.01038181	0.00827393	0.007670619	0.005888796	0.005452533	0.004944486	0.004033529	0.003466845	0.002225832	0.001570923	0.0005192205	1.568978e-05	1.158982e-05	NA	NA	NA	NA	NA	NA	NA	NA	NA	NA
21	0.7326085	0.5405466	0.1220832	0.05834511	0.0228291	0.01381495	0.01315587	0.01145651	0.01031826	0.008219894	0.007617173	0.005831234	0.005389615	0.004878887	0.004028058	0.003461974	0.002221341	0.001569355	0.0005187162	1.568058e-05	1.158092e-05	NA	NA	NA	NA	NA	NA	NA	NA	NA
22	0.9897595	0.7242454	0.5337486	0.1187633	0.05509461	0.02157417	0.01287669	0.012182	0.0104817	0.00930282	0.008081423	0.007487585	0.005740808	0.005306808	0.004804688	0.00395976	0.003408473	0.002180653	0.001538863	0.0005058011	9.857515e-06	1.513369e-06	NA	NA	NA	NA	NA	NA	NA	NA
23	0.8786622	0.8650646	0.7176531	0.5316208	0.1175492	0.05407119	0.02100707	0.01241114	0.01171034	0.01003815	0.00885002	0.007646534	0.007054785	0.005282395	0.004812017	0.004278774	0.003902503	0.003357781	0.002142094	0.001513193	0.0004974554	9.638976e-06	1.24743e-06	NA	NA	NA	NA	NA	NA	NA
24	0.4488733	0.416466	0.3858699	0.2238198	0.1512137	0.1056522	0.04309845	0.01814627	0.0109203	0.01026298	0.009197819	0.00814222	0.007113456	0.006583883	0.004869363	0.004443617	0.003961877	0.003625395	0.003179285	0.002010288	0.001419369	0.0004672774	9.28037e-06	1.052694e-06	NA	NA	NA	NA	NA	NA
25	0.13423	0.1049193	0.09698607	0.0930656	0.05476191	0.03056578	0.01891837	0.01744789	0.003570716	0.002116067	0.002002097	0.001709128	0.001408835	0.001194488	0.00108265	0.00098086	0.0009064399	0.0008247473	0.0007720629	0.0007026443	0.0002115147	0.000151706	5.331786e-05	6.482719e-07	3.706884e-07	NA	NA	NA	NA	NA
26	0.1808281	0.06088231	0.05679165	0.05344213	0.04888887	0.03977572	0.02488704	0.01525769	0.01418952	0.002866671	0.001666275	0.001553649	0.00134436	0.001074796	0.0008772909	0.0007620094	0.0006527612	0.0005651751	0.0004632432	0.0003784219	0.0002661005	0.0001966754	0.000140301	4.742764e-05	5.712338e-07	3.206856e-07	NA	NA	NA	NA
27	0.3644666	0.1516315	0.06051753	0.05648552	0.0531293	0.04856678	0.03972913	0.02487118	0.01524985	0.01418238	0.002863941	0.001664357	0.001552058	0.00134302	0.001073509	0.0008760846	0.0007608699	0.0006516053	0.0005639748	0.0004619961	0.0003780058	0.0002657112	0.0001962684	0.000140202	4.740455e-05	5.709032e-07	3.204391e-07	NA	NA	NA
28	0.885313	0.3403491	0.1425675	0.06044663	0.05642289	0.05306904	0.0485111	0.03968588	0.02483782	0.01524308	0.01417698	0.00286073	0.001662728	0.00155053	0.001341667	0.001072298	0.0008751871	0.0007600757	0.0006509073	0.000563351	0.0004614579	0.0003775331	0.0002654555	0.0001960573	0.0001400197	4.734903e-05	5.704308e-07	3.20174e-07	NA	NA
29	0.7804682	0.7329867	0.2310103	0.1341789	0.05641251	0.05276409	0.04971626	0.04567229	0.03774418	0.02360985	0.01468288	0.01376278	0.00260992	0.001521956	0.001421608	0.00122663	0.0009729114	0.0007952458	0.0006919542	0.000594033	0.0005158484	0.0004249411	0.0003505082	0.0002512973	0.0001857403	0.0001327388	4.500756e-05	5.484644e-07	3.168359e-07	NA
30	0.7703398	0.5959474	0.5450543	0.2234204	0.1326368	0.05552881	0.05192856	0.04910678	0.04514475	0.03740523	0.02339216	0.01457989	0.01368307	0.002559954	0.001495568	0.001396943	0.001206797	0.0009559165	0.0007822779	0.0006809416	0.0005848816	0.0005082556	0.0004191765	0.0003463339	0.00024924	0.0001842464	0.0001316874	4.466801e-05	5.453889e-07	3.165635e-07
31	0.7477442	0.6879641	0.5276369	0.4797595	0.1952513	0.114325	0.05181823	0.04858706	0.04607052	0.04256668	0.03564305	0.02224315	0.01407228	0.01330751	0.002331349	0.001366911	0.001278943	0.00110122	0.0008644499	0.0007079042	0.0006168972	0.0005306166	0.0004620071	0.0003822944	0.0003173481	0.000230857	0.0001707583	0.000122135	4.159126e-05	5.167305e-07
32	0.7172271	0.6568942	0.6408916	0.480809	0.4338682	0.1902576	0.1122599	0.05063758	0.04748275	0.04516915	0.04178662	0.03514972	0.02192546	0.01392284	0.01319295	0.002259522	0.001328211	0.001242843	0.001071995	0.0008392762	0.000688594	0.0006004958	0.000516984	0.0004506926	0.0003736992	0.0003111174	0.000227774	0.0001685191	0.0001205589	4.108229e-05
33	0.5978117	0.4112213	0.367628	0.3663748	0.2526271	0.2391208	0.1020316	0.06014593	0.03495488	0.03399095	0.03335093	0.03164836	0.02827315	0.01735983	0.01194513	0.01172367	0.00135505	0.0008078863	0.0007623991	0.0006369319	0.0004576959	0.000365333	0.0003107139	0.0002578769	0.0002143513	0.0001633833	0.0001190498	5.999098e-05	4.426668e-05	3.212692e-05
34	0.5922685	0.5490324	0.39475	0.3519425	0.3515245	0.2382349	0.225082	0.09973597	0.05887963	0.03430335	0.03338321	0.0327972	0.03114856	0.02803629	0.01720749	0.01187365	0.01166952	0.00132145	0.0007894836	0.0007453282	0.0006224446	0.0004451554	0.0003553961	0.0003021407	0.0002505917	0.0002081187	0.0001583797	0.0001150764	5.738838e-05	4.235551e-05
35	0.9394415	0.5699039	0.5356246	0.38253	0.3400091	0.3393527	0.2260527	0.2127038	0.08830082	0.04810871	0.03197549	0.03097846	0.03030494	0.02856432	0.02536316	0.01442598	0.01185191	0.01165233	0.001309384	0.0007845914	0.0007408058	0.0006184184	0.0004416276	0.0003526003	0.0002997007	0.0002484855	0.0002062796	0.0001568511	0.0001137994	5.657471e-05
36	0.3767015	0.3541425	0.2840655	0.2707624	0.1312028	0.1010453	0.09921458	0.07260152	0.06952101	0.03458526	0.01021454	0.005666787	0.005236729	0.004902804	0.004272244	0.00320635	0.001982678	0.001058925	0.0008743639	0.0004361891	0.0002528652	0.0002415377	0.0001561939	0.000126332	9.850943e-05	8.376438e-05	6.894539e-05	5.720489e-05	4.347411e-05	3.14442e-05
37	0.4568633	0.347184	0.3242531	0.2541673	0.240446	0.1003331	0.0778051	0.07540179	0.07103761	0.06803911	0.0336279	0.009961158	0.005561043	0.005139036	0.004808115	0.004183604	0.003133487	0.001918611	0.001018764	0.0008349763	0.0003975632	0.0002499745	0.0002387916	0.0001536083	0.000123926	9.651379e-05	8.187709e-05	6.802957e-05	5.642768e-05	4.285669e-05
38	0.949614	0.450695	0.3410857	0.3179875	0.2531222	0.2393815	0.09962605	0.0771905	0.07480062	0.07071245	0.06771186	0.03354951	0.009954721	0.005557671	0.005135737	0.004804816	0.004180349	0.003130531	0.00191575	0.001017122	0.0008332975	0.0003958423	0.0002492052	0.0002383719	0.0001535299	0.0001238487	9.643983e-05	8.180394e-05	6.796563e-05	5.636118e-05
39	0.8957984	0.8701135	0.3709169	0.326747	0.3034914	0.238301	0.2246306	0.08444506	0.06166415	0.05877896	0.05432264	0.05079349	0.01673749	0.009795042	0.005451239	0.005029576	0.004698159	0.00407458	0.003028693	0.00181551	0.0009997699	0.0008165163	0.0003796823	0.0002454283	0.000234527	0.0001496069	0.0001198359	9.573551e-05	8.120032e-05	6.746261e-05
40	0.7031321	0.6892375	0.6715252	0.1675	0.1328795	0.1041742	0.09860769	0.08086983	0.08029259	0.05738962	0.05668327	0.05216244	0.04862314	0.01653056	0.009680091	0.005405472	0.004982195	0.004649274	0.004023779	0.002976194	0.001760825	0.000977728	0.0007933314	0.0003552192	0.0002196274	0.000207314	0.0001494601	0.000119689	9.558949e-05	8.115413e-05
41	0.633204	0.6223387	0.6106395	0.5953162	0.1079234	0.07895014	0.07223728	0.06576804	0.05905934	0.05781725	0.05550647	0.05475176	0.05075703	0.04781229	0.01601493	0.009187245	0.004943929	0.004536389	0.004186457	0.003575774	0.002512311	0.00152765	0.0007353294	0.0005630593	0.0003500945	0.0002147104	0.0002021598	0.0001440347	0.0001191905	9.516499e-05
42	0.7457079	0.6317458	0.6208662	0.6091349	0.5948359	0.1075621	0.07869079	0.07197359	0.06553558	0.05882401	0.0575915	0.05527644	0.05455864	0.05056099	0.04761364	0.01597612	0.009183907	0.00494187	0.00453429	0.004184305	0.003573558	0.002510245	0.00152554	0.0007332537	0.0005608778	0.0003477947	0.0002134052	0.0002020153	0.0001440104	0.0001191657
43	0.9719867	0.7202092	0.6287042	0.618376	0.6066629	0.5926623	0.1054902	0.07771525	0.07104648	0.06459716	0.05792723	0.05667834	0.05435143	0.05361435	0.04962026	0.046668	0.0152622	0.009140384	0.004922804	0.004516	0.004166464	0.003556101	0.002493992	0.001509908	0.0007249727	0.0005524708	0.0003392447	0.0002120907	0.0002006535	0.0001425943
44	0.8964233	0.8813825	0.7113155	0.6244689	0.6142928	0.6025055	0.5889363	0.1018052	0.07494288	0.06820751	0.0622495	0.05554484	0.05451887	0.05212893	0.05145255	0.04738737	0.04442557	0.01513423	0.009111006	0.004895999	0.004488151	0.004137806	0.003526195	0.002462987	0.001477446	0.0006915827	0.0005172391	0.0003019547	0.0001724936	0.0001585543
45	0.2973905	0.2794789	0.2605811	0.2216541	0.1935327	0.1731835	0.1517005	0.126869	0.09953286	0.07292507	0.0664383	0.06042853	0.05379454	0.05271405	0.05032726	0.04959092	0.04549881	0.0425548	0.01496892	0.008948833	0.004729465	0.004315687	0.003957896	0.003339811	0.002267811	0.001453129	0.0006659907	0.0004906287	0.0002969466	0.0001671734
46	0.3807358	0.2936234	0.2757405	0.2567705	0.2205207	0.1931608	0.1728046	0.1513125	0.126473	0.09912677	0.07271076	0.06621831	0.06020227	0.05356178	0.05247425	0.05008327	0.049339	0.04535773	0.04241024	0.01482021	0.008939867	0.004729208	0.004315435	0.003957641	0.003339552	0.00226756	0.001452875	0.0006658597	0.0004904933	0.000296806
47	0.4748156	0.1447427	0.1111644	0.09725365	0.0916693	0.07892669	0.0717382	0.06635667	0.05921059	0.04891038	0.03990333	0.03320592	0.03139972	0.02967608	0.0271227	0.026085	0.02457875	0.02354556	0.01948633	0.0165567	0.007295912	0.004372591	0.001371567	0.001174192	0.001022475	0.0008720594	0.0005817818	0.000374691	0.0001749399	0.0001298529
48	0.4385672	0.2296442	0.1334742	0.1043764	0.09137808	0.08612145	0.07420483	0.06755517	0.06254049	0.05587073	0.04625655	0.03767456	0.03149039	0.02980233	0.02829025	0.02588531	0.02495688	0.02350975	0.02253184	0.01854442	0.01568342	0.006954418	0.004161709	0.001280239	0.001094556	0.0009529787	0.0008132327	0.0005420055	0.0003492787	0.0001631508
49	0.7553115	0.4248664	0.2211837	0.1292738	0.1009206	0.08787516	0.08312942	0.07133948	0.06463721	0.05957217	0.05294194	0.04325586	0.0375611	0.03137828	0.02972108	0.02820786	0.02582564	0.02489589	0.02347211	0.02249323	0.0185349	0.01567498	0.00695199	0.004159987	0.001278624	0.001093089	0.0009514934	0.0008120329	0.0005408939	0.0003489448
50	0.05533045	0.03028951	0.01622016	0.01270455	0.006419147	0.004196031	0.004128765	0.004059878	0.003133407	0.002968381	0.002975856	0.002929173	0.002898976	0.002903225	0.002888629	0.002931062	0.002993406	0.003035284	0.003101449	0.003111896	0.003185541	0.001339718	0.0004779276	0.0002612229	0.000232127	1.815245e-05	1.295168e-05	1.198409e-05	1.092889e-05	5.652678e-06
51	0.02107836	0.01927691	0.005744108	0.00563417	0.005706685	0.00264305	0.001859805	0.001877661	0.001914278	0.001435099	0.001382851	0.001413984	0.001428148	0.001463691	0.001502178	0.001531328	0.001574126	0.001619748	0.001666675	0.001717034	0.00172993	0.001785744	1.754273e-05	6.258887e-06	3.202372e-06	2.481401e-06	2.458615e-07	1.814e-07	1.76847e-07	1.73986e-07
52	0.003046342	0.001727939	0.00158159	0.0004755846	0.0004720698	0.0004760388	0.0002185793	0.0001686744	0.0001707843	0.0001741979	0.0001382542	0.0001339961	0.0001371551	0.0001198245	0.0001226901	0.000125835	0.0001284428	0.0001317797	0.0001354223	0.0001385227	0.0001421745	0.0001058951	0.0001086999	8.192491e-07	5.325699e-07	1.240692e-07	9.408467e-08	4.384988e-08	2.505177e-08	2.585234e-08
53	0.007203296	0.0007203366	0.0001122953	7.38405e-05	3.373716e-05	3.220732e-05	3.217348e-05	2.407557e-05	2.283557e-05	2.321934e-05	2.369424e-05	2.296095e-05	2.333106e-05	2.388493e-05	4.002643e-06	4.046402e-06	4.131211e-06	4.216684e-06	4.294231e-06	4.408023e-06	4.490033e-06	4.594434e-06	3.406264e-06	3.494323e-06	2.69752e-08	1.772323e-08	4.267491e-09	3.188579e-09	1.743035e-09	1.06871e-09
54	0.02490546	0.001932751	0.0003212218	3.365205e-05	3.03143e-05	1.033614e-05	8.607302e-06	8.518501e-06	3.790755e-06	2.889465e-06	2.846058e-06	2.899367e-06	2.244912e-06	2.193529e-06	2.222949e-06	2.272174e-06	2.274146e-06	2.325045e-06	2.372358e-06	2.405419e-06	2.467285e-06	2.508024e-06	2.560957e-06	1.897398e-06	1.946402e-06	1.507776e-08	9.874977e-09	2.313425e-09	1.659335e-09	8.44055e-10
55	0.05304714	0.01545394	0.001755883	0.0003073088	2.307563e-05	2.036434e-05	6.255675e-06	6.03822e-06	5.93573e-06	2.586493e-06	1.951187e-06	1.973764e-06	2.009912e-06	1.548122e-06	1.510985e-06	1.546262e-06	1.580195e-06	1.617277e-06	1.651466e-06	1.684706e-06	1.70008e-06	1.74292e-06	1.768039e-06	1.802819e-06	1.334726e-06	1.369177e-06	1.071196e-08	7.029328e-09	1.675473e-09	1.185284e-09
56	0.1452704	0.04513142	0.01469715	0.001618541	0.0002974831	2.099187e-05	1.876145e-05	5.728081e-06	5.516834e-06	5.43077e-06	2.361123e-06	1.773079e-06	1.793516e-06	1.826899e-06	1.400156e-06	1.365033e-06	1.396971e-06	1.427747e-06	1.461166e-06	1.496898e-06	1.526758e-06	1.563922e-06	1.603246e-06	1.631861e-06	1.663799e-06	1.234473e-06	1.266336e-06	9.920875e-09	6.514314e-09	1.558519e-09
57	0.941084	0.1314051	0.0405311	0.0126561	0.001591991	0.0002967909	2.056214e-05	1.837164e-05	5.558357e-06	5.385119e-06	5.338136e-06	2.320732e-06	1.742814e-06	1.762923e-06	1.795727e-06	1.376269e-06	1.34177e-06	1.373172e-06	1.403432e-06	1.436293e-06	1.471422e-06	1.500796e-06	1.537324e-06	1.57599e-06	1.604104e-06	1.635493e-06	1.213337e-06	1.244661e-06	9.72918e-09	6.385725e-09
58	0.0516669	0.04574616	0.03050536	0.02211378	0.004801494	0.001115898	0.0002764413	5.489673e-06	4.375445e-06	1.3861e-06	1.256904e-06	1.223484e-06	5.316643e-07	3.99247e-07	4.039102e-07	4.117462e-07	3.155877e-07	3.077227e-07	3.149146e-07	3.218422e-07	3.293602e-07	3.373983e-07	3.441242e-07	3.524814e-07	3.613215e-07	3.677205e-07	3.749068e-07	2.781223e-07	2.852995e-07	2.247526e-09
59	0.01830529	0.01764188	0.01781577	0.0133859	0.01350146	0.001104774	0.0009654343	0.0002707896	1.076542e-06	2.699774e-07	1.71792e-07	5.293145e-08	1.283099e-08	5.558779e-09	4.182149e-09	4.215751e-09	4.294832e-09	3.297261e-09	3.209915e-09	3.281151e-09	3.351586e-09	3.427781e-09	3.508454e-09	3.575605e-09	3.658175e-09	3.743901e-09	3.80066e-09	3.874701e-09	2.875141e-09	2.94904e-09
60	0.01608591	0.01527954	0.01552861	0.01579989	0.01284414	0.0130767	0.001036647	0.0009636949	0.0002707285	1.02986e-06	2.266034e-07	1.590621e-07	4.033741e-08	1.976216e-10	7.362948e-11	5.794717e-11	4.318451e-11	4.110804e-11	3.169084e-11	2.478212e-11	2.188882e-11	2.164858e-11	2.205185e-11	2.239947e-11	2.266813e-11	2.30257e-11	2.335843e-11	2.372185e-11	2.418421e-11	1.835776e-11
61	0.06346444	0.009113517	0.008913904	0.009057175	0.009215982	0.009364724	0.009534956	0.001036074	0.0009636736	0.0002707195	1.02089e-06	2.175258e-07	1.589654e-07	4.026198e-08	1.285141e-10	4.260187e-11	3.492697e-11	1.99003e-11	1.740417e-11	1.385993e-11	7.610723e-12	4.335387e-12	3.754761e-12	3.826637e-12	3.849956e-12	3.862717e-12	3.935931e-12	4.03565e-12	4.113134e-12	4.211134e-12
62	0.02342142	0.001943558	0.001173884	0.0009586612	0.0009649767	0.0009818436	0.0009990649	0.001017217	0.001035909	0.0009636147	0.0002706601	9.603678e-07	1.557949e-07	1.589449e-07	4.024775e-08	1.141868e-10	2.919343e-11	2.839962e-11	1.323846e-11	1.059099e-11	7.049207e-12	7.014351e-12	3.778643e-12	3.200253e-12	3.261303e-12	3.273244e-12	3.34168e-12	3.406154e-12	3.497952e-12	3.567635e-12
63	0.05392216	0.01664761	0.0004839378	8.411266e-05	1.121268e-05	4.250883e-06	4.274824e-06	4.274815e-06	4.340712e-06	4.357856e-06	3.040174e-06	2.962414e-06	9.14183e-07	1.16568e-07	1.189179e-07	1.8121e-09	1.072854e-10	2.364317e-11	2.274224e-11	7.764638e-12	7.639115e-12	6.342254e-12	6.32093e-12	3.119005e-12	3.102667e-12	3.169984e-12	3.23742e-12	3.305268e-12	3.373699e-12	3.46503e-12
64	0.1010984	0.04391471	0.01429598	0.0002773473	3.429539e-05	7.312735e-06	3.109158e-07	2.667583e-07	2.022099e-07	1.944989e-07	1.389639e-07	1.187606e-07	1.197284e-07	1.211984e-07	1.162677e-07	1.186116e-07	1.525759e-09	3.172116e-11	1.806742e-11	1.70455e-11	4.593578e-12	4.423855e-12	3.174894e-12	3.077891e-12	3.088603e-12	3.075844e-12	3.148764e-12	3.217572e-12	3.284933e-12	3.364763e-12
65	0.9329511	0.06792955	0.04195983	0.01363882	0.000247224	3.183932e-05	6.995458e-06	2.968908e-07	2.529068e-07	1.884069e-07	1.806519e-07	1.251652e-07	1.10779e-07	1.121017e-07	1.138711e-07	1.161178e-07	1.18459e-07	1.52433e-09	3.052502e-11	1.783754e-11	1.683121e-11	4.392135e-12	4.283021e-12	3.049405e-12	2.951601e-12	2.959817e-12	3.02479e-12	3.096513e-12	3.164775e-12	3.230987e-12
66	0.9215688	0.8835135	0.02798181	0.01053773	0.002847025	0.0001109481	3.058836e-05	6.839415e-06	1.605301e-07	1.255614e-07	6.641837e-08	6.357468e-08	1.229588e-08	2.182775e-09	1.838182e-09	1.449563e-09	1.450626e-09	1.474443e-09	1.50374e-09	9.618724e-12	1.857561e-12	1.591695e-12	1.31307e-12	1.143002e-12	6.392464e-13	6.00053e-13	6.071317e-13	6.192877e-13	6.330168e-13	6.379518e-13
67	0.8971651	0.8992302	0.8649469	0.01338518	0.004870337	0.001477929	4.615703e-05	5.940519e-07	2.131085e-07	1.493957e-07	1.169098e-07	5.913203e-08	5.763089e-08	7.577267e-09	1.71192e-10	3.648222e-11	3.561608e-11	9.026376e-12	7.254077e-12	7.342326e-12	7.452607e-12	7.36619e-13	6.299221e-13	6.357333e-13	6.114224e-13	2.302007e-13	2.008256e-13	2.04651e-13	2.08713e-13	2.13581e-13
68	0.8727519	0.8752674	0.8823952	0.8509992	0.008367909	0.002071212	0.0007638305	2.612247e-05	3.137262e-07	1.120131e-07	1.091592e-07	1.093218e-07	5.242087e-08	5.182878e-08	2.550358e-09	5.222447e-11	2.570092e-11	2.591106e-11	8.75834e-13	6.325953e-13	6.023218e-13	6.107017e-13	4.183971e-13	3.860659e-13	3.944927e-13	3.754521e-13	5.160763e-14	2.665482e-14	2.66046e-14	2.695082e-14
69	0.03829551	0.03588957	0.03573155	0.03582955	0.005833374	0.005313691	0.0002163846	5.453118e-05	2.029725e-06	1.123927e-07	1.000881e-07	1.011755e-07	1.026631e-07	4.871112e-08	4.95036e-08	1.494886e-09	3.71425e-11	2.535462e-11	2.568058e-11	6.602894e-13	5.537856e-13	5.232497e-13	5.30822e-13	3.690819e-13	3.678526e-13	3.760725e-13	3.566745e-13	3.715815e-14	1.28018e-14	1.243201e-14
70	0.03126512	0.004991496	0.004120163	0.003763478	0.003543372	0.003494116	0.003397001	0.0001473792	3.940442e-05	1.483272e-06	5.629091e-08	4.693546e-08	4.719026e-08	4.776032e-08	4.853796e-08	4.935673e-08	1.439698e-09	3.095757e-11	2.52851e-11	2.565581e-11	6.472732e-13	5.45158e-13	5.144735e-13	5.222892e-13	3.609299e-13	3.674007e-13	3.75614e-13	3.562068e-13	3.675819e-14	1.255819e-14
71	0.2080806	0.01474417	0.00472656	0.003962359	0.003647438	0.003450408	0.003410516	0.003331935	9.832655e-05	3.812128e-05	1.455374e-06	5.524641e-08	4.627315e-08	4.688e-08	4.763716e-08	4.841415e-08	4.923202e-08	1.313899e-09	3.94059e-12	2.02202e-13	1.792716e-13	1.780264e-13	7.34729e-14	3.299175e-14	3.138743e-14	2.725526e-14	2.635848e-14	2.686578e-14	2.746516e-14	2.744246e-14
72	0.9032749	0.133282	0.009718976	0.001525054	0.0008246253	0.0004988172	0.0002923975	0.000211896	0.0001485254	9.58181e-05	3.721345e-05	1.382536e-06	1.099401e-08	1.505756e-09	1.345841e-09	1.305922e-09	1.267868e-09	1.230288e-09	1.198804e-09	3.655616e-12	9.606274e-14	7.149463e-14	6.828026e-14	5.154908e-14	1.06217e-14	8.550354e-15	4.194322e-15	3.415517e-15	3.40315e-15	3.457817e-15
73	0.1667754	0.1420178	0.1282611	0.008610187	0.001320007	0.0007033693	0.0004250802	0.0002466583	0.0001768581	0.0001213098	7.492461e-05	2.670339e-05	9.198919e-07	8.452352e-09	3.743119e-10	2.211286e-10	1.70471e-10	1.213305e-10	7.203882e-11	2.730982e-11	3.01286e-12	8.262348e-14	6.584973e-14	6.464697e-14	4.786916e-14	9.007562e-15	7.723085e-15	3.431862e-15	2.637449e-15	2.621585e-15
74	0.1871735	0.1559995	0.1368736	0.1246427	0.007716074	0.001177799	0.0006194585	0.0003756476	0.000217616	0.0001556665	0.000105878	6.416289e-05	2.35612e-05	7.945386e-07	6.6322e-09	3.238565e-10	1.891734e-10	1.444964e-10	1.01578e-10	5.857332e-11	1.956446e-11	8.419368e-13	4.350833e-14	2.81799e-14	2.625936e-14	8.7229e-15	8.681521e-15	7.580004e-15	3.296376e-15	2.500328e-15
75	0.1175831	0.07955498	0.04847977	0.0292278	0.01668335	0.007115986	0.001107857	0.000593144	0.0003607638	0.0002094173	0.0001497851	0.0001017858	6.154112e-05	2.285197e-05	7.70195e-07	6.356409e-09	3.099693e-10	1.830781e-10	1.397894e-10	9.830076e-11	5.674102e-11	1.904955e-11	8.242412e-13	3.329945e-14	2.670075e-14	2.482528e-14	7.36605e-15	7.337279e-15	7.34934e-15	3.191093e-15
76	0.1102962	0.09005585	0.05908787	0.03359374	0.01799647	0.01008075	0.003914046	0.0005505162	0.0002595571	0.0001692914	0.0001020262	7.496535e-05	5.074521e-05	2.972168e-05	9.990193e-06	3.28801e-07	2.700111e-09	1.269523e-10	7.322268e-11	5.504035e-11	3.964344e-11	2.445958e-11	1.081871e-11	8.138047e-13	3.319601e-14	2.661564e-14	2.478618e-14	7.327191e-15	7.298501e-15	7.311353e-15
77	0.2037536	0.08296792	0.07099444	0.04866909	0.02915493	0.01460991	0.008683856	0.003238546	0.0004073753	0.0001624838	0.0001017808	6.652926e-05	5.316025e-05	3.572426e-05	2.043822e-05	6.30393e-06	2.022899e-07	1.658251e-09	8.101362e-11	4.824734e-11	3.713452e-11	2.747785e-11	1.767331e-11	8.930568e-12	7.806885e-13	3.282852e-14	2.652775e-14	2.477302e-14	7.316687e-15	7.290661e-15
78	0.1375683	0.1118888	0.06486711	0.05596309	0.0445861	0.02628574	0.01258182	0.007545633	0.002692039	0.0003198952	0.00011506	7.139747e-05	4.61733e-05	3.708342e-05	2.65538e-05	1.484225e-05	4.155386e-06	1.285702e-07	1.051285e-09	5.413531e-11	3.358027e-11	2.658469e-11	2.005231e-11	1.358393e-11	7.678091e-12	7.328559e-13	3.232484e-14	2.643957e-14	2.473265e-14	7.295543e-15
79	0.1176145	0.08863375	0.07023502	0.03522632	0.0291458	0.02423922	0.02063444	0.008595713	0.005167991	0.001593742	0.0002028412	8.424807e-05	5.073473e-05	3.124104e-05	2.419683e-05	1.709824e-05	1.031352e-05	3.303408e-06	9.955681e-08	8.138049e-10	4.196046e-11	2.610463e-11	2.067426e-11	1.533584e-11	1.005949e-11	5.258707e-12	3.511321e-13	2.87059e-14	2.620312e-14	2.453829e-14
80	0.206168	0.1024506	0.07725213	0.06180237	0.02884605	0.02318319	0.01876232	0.01539448	0.007755839	0.004783334	0.001490143	0.0001889793	7.823058e-05	4.656034e-05	2.812097e-05	2.143284e-05	1.488183e-05	8.683862e-06	2.684308e-06	9.458687e-08	7.754341e-10	4.014173e-11	2.498962e-11	1.978847e-11	1.462543e-11	9.524094e-12	4.882173e-12	2.926014e-13	2.804887e-14	2.610938e-14
81	0.177824	0.1363254	0.0628373	0.04131179	0.02887629	0.009791516	0.007259871	0.005851946	0.005049288	0.002628976	0.001732424	0.0006424072	0.0001098689	6.684176e-05	3.964123e-05	2.363363e-05	1.751015e-05	1.215766e-05	7.349428e-06	2.520554e-06	8.643072e-08	7.279863e-10	3.765578e-11	2.338322e-11	1.8544e-11	1.367986e-11	8.771552e-12	4.300048e-12	1.691713e-13	2.898501e-15
82	0.127155	0.1033482	0.09155675	0.05144053	0.03604734	0.02519292	0.008586602	0.006463568	0.005250624	0.004538143	0.002231213	0.001420876	0.0005908418	9.90927e-05	5.962552e-05	3.43885e-05	1.952115e-05	1.379678e-05	9.450607e-06	5.839255e-06	2.276358e-06	7.813505e-08	6.490149e-10	3.419415e-11	2.127329e-11	1.688309e-11	1.233606e-11	7.738891e-12	3.547193e-12	3.823725e-14
83	0.1845677	0.1140868	0.09832472	0.08679789	0.0511478	0.03595594	0.02515833	0.008499607	0.006371459	0.005158771	0.004444392	0.002231747	0.001418719	0.000593397	9.94278e-05	5.981154e-05	3.444969e-05	1.950546e-05	1.37495e-05	9.412376e-06	5.825804e-06	2.296462e-06	7.885456e-08	6.552018e-10	3.44844e-11	2.149005e-11	1.705957e-11	1.245876e-11	7.803374e-12	3.555765e-12
84	0.835319	0.1850366	0.114308	0.09853716	0.08686644	0.05176692	0.03642889	0.02549983	0.008616989	0.006460767	0.005232191	0.00450859	0.002264403	0.001439797	0.000602344	0.0001009482	6.073985e-05	3.499216e-05	1.981684e-05	1.397208e-05	9.567209e-06	5.923428e-06	2.33585e-06	8.023095e-08	6.668442e-10	3.510823e-11	2.188599e-11	1.738e-11	1.26972e-11	7.955524e-12
85	0.6426066	0.5322616	0.1539495	0.1136702	0.09904663	0.08736578	0.05225596	0.03679699	0.02576332	0.008691782	0.006520385	0.005292223	0.004562721	0.00228926	0.001456076	0.0006090861	0.0001020797	6.143846e-05	3.53935e-05	2.003936e-05	1.412544e-05	9.67605e-06	5.996804e-06	2.372319e-06	8.151304e-08	6.77741e-10	3.569137e-11	2.225599e-11	1.767982e-11	1.291778e-11
86	0.5914805	0.5218167	0.4143122	0.1441264	0.1088205	0.09475736	0.08337693	0.04921909	0.03413918	0.023376	0.006700405	0.004558761	0.003337478	0.002599888	0.001989627	0.001173245	0.0005898188	9.968186e-05	6.001387e-05	3.457567e-05	1.957917e-05	1.380427e-05	9.459676e-06	5.8637e-06	2.322064e-06	7.981512e-08	6.638552e-10	3.498403e-11	2.182935e-11	1.735082e-11
87	0.7432528	0.5448406	0.4751306	0.3673332	0.1341108	0.1068283	0.09279451	0.08151363	0.04851234	0.03343727	0.02260568	0.006737156	0.00460348	0.003370885	0.002629133	0.002012539	0.001187481	0.0005971824	0.0001009122	6.078303e-05	3.502508e-05	1.983818e-05	1.398924e-05	9.58955e-06	5.946673e-06	2.35625e-06	8.101832e-08	6.723236e-10	3.368983e-11	2.029947e-11
88	0.4386996	0.4313386	0.2984584	0.2390391	0.1456187	0.01688837	0.006825745	0.004118024	0.002955408	0.001496738	0.001011077	0.0006779428	0.0001837952	0.000119846	8.605862e-05	6.766777e-05	5.205397e-05	3.079603e-05	1.431233e-05	3.426605e-06	2.303458e-06	1.376075e-06	9.358606e-07	8.016756e-07	5.792997e-07	3.236971e-07	6.938647e-08	2.372306e-09	1.951124e-11	9.937363e-13
89	0.3450445	0.3342863	0.3372278	0.2096069	0.1628065	0.1371099	0.01648075	0.006556227	0.003857725	0.002715625	0.001340052	0.0008997224	0.0006122486	0.0001646554	0.0001067758	7.646489e-05	6.014457e-05	4.621953e-05	2.729596e-05	1.23944e-05	2.762437e-06	1.925246e-06	1.26433e-06	8.89218e-07	7.712571e-07	5.590603e-07	3.105217e-07	6.295873e-08	2.151647e-09	1.768469e-11
90	0.3110602	0.2623234	0.2513893	0.2534903	0.1307501	0.1300655	0.1142779	0.01630643	0.006499986	0.003778716	0.002629091	0.001261947	0.0008409285	0.0005832505	0.0001605626	0.0001045239	7.479822e-05	5.884057e-05	4.520074e-05	2.665866e-05	1.199212e-05	2.568906e-06	1.747926e-06	1.23152e-06	8.875585e-07	7.734563e-07	5.612613e-07	3.113057e-07	6.212803e-08	2.123559e-09
91	0.2754577	0.2492093	0.2235038	0.2144177	0.2162285	0.1003236	0.09951678	0.0989779	0.00952333	0.006232103	0.003525534	0.002390632	0.001104907	0.0007428608	0.0005143051	0.0001397204	9.224184e-05	6.610597e-05	5.208817e-05	4.003227e-05	2.368351e-05	1.050475e-05	2.263901e-06	1.553242e-06	1.101612e-06	8.408202e-07	7.446335e-07	5.423192e-07	2.98883e-07	5.591934e-08
92	0.2689794	0.2445354	0.2217022	0.2004328	0.1917194	0.1932824	0.09224359	0.09145697	0.09090767	0.008623819	0.005687636	0.003519161	0.0023782	0.001092636	0.0007327324	0.0005063489	0.0001362944	9.035447e-05	6.541332e-05	5.167295e-05	3.972576e-05	2.351903e-05	1.040485e-05	2.243922e-06	1.541467e-06	1.099297e-06	8.411873e-07	7.50335e-07	5.477933e-07	3.017469e-07
93	0.6849889	0.2282012	0.2034423	0.1806451	0.1595685	0.1521308	0.1531983	0.07961786	0.07902132	0.07861689	0.008627719	0.005759501	0.003562345	0.002410939	0.001107576	0.0007428247	0.0005134115	0.0001381312	9.156769e-05	6.629842e-05	5.239231e-05	4.029228e-05	2.386019e-05	1.055579e-05	2.278755e-06	1.566583e-06	1.11816e-06	8.56421e-07	7.642474e-07	5.5817e-07
94	0.8644662	0.6567296	0.1946919	0.1692506	0.1458757	0.1328303	0.1250024	0.1258324	0.07030668	0.06980669	0.06943726	0.008664583	0.005836881	0.003608529	0.002440387	0.001122821	0.0007537696	0.0005213931	0.0001402499	9.298269e-05	6.732982e-05	5.321823e-05	4.093689e-05	2.423905e-05	1.073086e-05	2.314245e-06	1.590217e-06	1.134184e-06	8.679608e-07	7.742464e-07
95	0.7573023	0.7482691	0.5870422	0.135252	0.1271145	0.1144464	0.1032628	0.09579898	0.09632672	0.0569872	0.05652193	0.05620909	0.004601479	0.00212656	0.00183111	0.001622072	0.0008753023	0.0006066957	0.0004227108	0.0001232002	8.142442e-05	5.787235e-05	4.523564e-05	3.447983e-05	1.926577e-05	9.219414e-06	1.72809e-06	1.077018e-06	6.624753e-07	4.175969e-07
96	0.4609258	0.3243003	0.3114182	0.1467143	0.1161554	0.1088626	0.101236	0.09018993	0.08247434	0.08294671	0.05057112	0.05010667	0.04977085	0.004483887	0.002044728	0.001802014	0.001618199	0.0008805468	0.0006113553	0.0004261644	0.0001244115	8.217169e-05	5.833616e-05	4.556437e-05	3.482863e-05	1.942009e-05	9.324745e-06	1.740035e-06	1.080694e-06	6.605043e-07
97	0.4130975	0.2993502	0.1676334	0.1527123	0.1247048	0.09541703	0.09545173	0.08767503	0.07694463	0.06893724	0.06926816	0.04499423	0.04459248	0.0442802	0.004371403	0.001951975	0.001704581	0.001516409	0.0008945764	0.0006212957	0.0004332271	0.0001265124	8.35829e-05	5.935532e-05	4.63748e-05	3.545964e-05	1.977819e-05	9.500005e-06	1.773336e-06	1.101767e-06
98	0.2054666	0.1766003	0.1313926	0.09962383	0.08846736	0.06911868	0.06706775	0.06753341	0.06125901	0.05006458	0.04157051	0.04153205	0.02617586	0.02568335	0.02528498	0.0024714	0.001731783	0.001524162	0.001346327	0.0008047247	0.0005568914	0.0003779838	0.0001140504	7.780885e-05	5.6636e-05	4.403967e-05	3.373704e-05	1.952979e-05	9.530376e-06	1.715395e-06
99	0.2735166	0.1737127	0.1570082	0.112039	0.08124034	0.06986795	0.05154617	0.04947897	0.04986662	0.04333689	0.03184907	0.02296847	0.0230604	0.01518838	0.01484444	0.01451145	0.002149215	0.001746784	0.001543139	0.001365331	0.0008169013	0.0005653834	0.0003842327	0.000116001	7.916285e-05	5.763657e-05	4.483134e-05	3.435467e-05	1.989207e-05	9.712145e-06
100	0.303804	0.1642527	0.1296912	0.1194285	0.08857381	0.06370481	0.05236823	0.0351347	0.03298501	0.03318547	0.02634051	0.01450492	0.00529192	0.005132934	0.004142426	0.003963768	0.003705437	0.00202037	0.001735791	0.001543462	0.001371182	0.0008227878	0.000569101	0.0003858951	0.0001153084	7.898855e-05	5.790619e-05	4.51538e-05	3.452937e-05	2.017817e-05
101	0.1001297	0.03712943	0.01432306	0.006083628	0.005530774	0.004225298	0.003505257	0.003283284	0.002859456	0.002840792	0.002874229	0.002871812	0.000870479	0.0007427862	0.0007404547	0.0004376664	0.0004323077	0.0004214004	5.161953e-05	3.95224e-05	3.907501e-05	3.799216e-05	1.750586e-05	1.495384e-05	1.415065e-05	7.165942e-07	2.498267e-07	1.897127e-07	1.247963e-07	8.478954e-08
102	0.09461675	0.03646984	0.008532172	0.006537882	0.000928069	0.0008044103	0.0006251323	0.0005503852	0.0005456871	0.0004988003	0.0004948129	0.0004984484	0.0004924075	0.0004945963	0.0003798374	0.0003826927	0.000253493	0.0002505463	0.0002491949	1.365075e-05	2.894272e-06	2.420463e-06	1.181977e-06	5.601731e-07	4.77439e-07	4.343605e-07	7.225709e-08	5.488094e-08	4.421327e-08	7.758429e-09
103	0.09210685	0.06312731	0.02667958	0.006897721	0.006118265	0.0005578589	0.0004739349	0.0003759564	0.0003278204	0.0003238467	0.0002999093	0.000295964	0.0002978346	0.0002999476	0.0002999305	0.0002890154	0.0002905733	0.0001744763	0.0001728215	0.0001721372	1.152879e-05	1.399776e-06	1.086701e-06	9.4192e-07	4.346174e-07	3.654946e-07	3.258019e-07	3.485635e-08	1.97143e-08	8.842959e-09
104	0.1747588	0.06330154	0.04287093	0.01745198	0.00664736	0.005947784	0.0003485408	0.0002819766	0.0002170106	0.0001922138	0.0001928315	0.0001820879	0.0001792773	0.0001804906	0.000181986	0.0001841989	0.0001717593	0.0001742528	0.0001127838	0.0001122424	0.0001122983	1.029085e-05	4.577749e-07	2.292272e-07	1.214958e-07	5.597837e-08	4.238953e-08	3.32394e-08	2.103535e-08	1.548406e-08
105	0.6323576	0.1402349	0.0402136	0.01932168	0.008424766	0.001184456	0.0004243203	0.000284688	0.0002182409	0.0001597677	0.0001409946	0.0001410873	0.000133493	0.0001304276	0.0001310811	0.0001320898	0.0001335902	0.00012024	0.0001219796	6.594033e-05	6.627309e-05	6.677002e-05	9.70776e-06	4.211104e-07	2.002964e-07	1.161484e-07	5.170131e-08	3.809728e-08	2.880823e-08	1.877966e-08
106	0.3165108	0.1270478	0.1173729	0.02789157	0.01098319	0.004761716	0.0002784864	0.0002454962	0.0001356908	0.00013177	9.434026e-05	8.806978e-05	8.865269e-05	8.554081e-05	8.55291e-05	8.653939e-05	8.765194e-05	8.852863e-05	7.425115e-05	7.527381e-05	3.915047e-05	3.92937e-05	3.958127e-05	1.801729e-06	1.059672e-07	6.462316e-08	5.137414e-08	3.297762e-08	2.690287e-08	2.098478e-08
107	0.4262904	0.303669	0.1181533	0.1136108	0.02524026	0.008873805	0.003794998	0.0001238404	0.0001040551	9.954534e-05	9.893102e-05	6.528488e-05	6.110063e-05	6.153242e-05	5.921001e-05	5.948247e-05	6.029074e-05	6.114233e-05	6.161751e-05	6.257558e-05	6.342239e-05	3.110241e-05	3.116347e-05	3.136079e-05	4.254705e-07	5.076987e-08	4.002465e-08	3.916681e-08	2.848154e-08	2.35955e-08
108	0.450729	0.4170572	0.3034874	0.1178867	0.1133903	0.02437099	0.007779254	0.003315239	0.0001135596	9.633834e-05	9.235032e-05	9.186737e-05	5.771411e-05	5.352547e-05	5.388187e-05	5.179042e-05	5.200333e-05	5.272344e-05	5.34753e-05	5.39347e-05	5.478074e-05	5.556693e-05	2.706299e-05	2.711003e-05	2.727944e-05	3.884467e-07	5.037421e-08	3.984592e-08	3.907481e-08	2.824996e-08
109	0.930355	0.3847298	0.361208	0.2838766	0.09905581	0.09588993	0.006569398	0.006549642	0.002792492	6.589235e-05	5.073756e-05	4.682321e-05	4.600583e-05	4.565206e-05	4.541544e-05	4.592499e-05	4.431553e-05	4.448232e-05	4.510751e-05	4.575229e-05	4.609258e-05	4.68336e-05	4.749784e-05	2.296307e-05	2.299239e-05	2.313002e-05	3.182974e-07	1.257815e-08	8.394356e-09	7.111857e-09
110	0.3304727	0.3280594	0.3272467	0.3267138	0.2703251	0.09248852	0.09320094	0.003862851	0.003898129	0.001699613	3.915012e-05	3.022518e-05	2.828512e-05	2.799406e-05	2.800381e-05	2.80023e-05	2.832952e-05	2.726981e-05	2.733e-05	2.7731e-05	2.812101e-05	2.817229e-05	2.864594e-05	2.900777e-05	1.368277e-05	1.374109e-05	1.385583e-05	1.104574e-07	3.32137e-09	2.645558e-09
111	0.2529683	0.2206904	0.2221156	0.223747	0.2247766	0.2077338	0.09172272	0.09255758	0.002655294	0.002679281	0.001168239	2.680177e-05	2.069972e-05	1.929067e-05	1.910273e-05	1.909077e-05	1.899607e-05	1.922003e-05	1.878198e-05	1.895565e-05	1.924158e-05	1.955605e-05	1.946274e-05	1.979196e-05	2.000397e-05	9.185459e-06	9.223618e-06	9.300858e-06	7.092066e-08	2.179257e-09
112	0.1966964	0.140162	0.1215928	0.1220517	0.1224632	0.1231111	0.1130677	0.002769312	0.002396716	0.001734597	0.001747018	0.0007592271	1.769694e-05	1.372464e-05	1.270834e-05	1.258926e-05	1.255631e-05	1.238759e-05	1.253584e-05	1.230189e-05	1.244649e-05	1.26409e-05	1.285194e-05	1.266608e-05	1.287984e-05	1.3111e-05	5.406679e-06	5.414892e-06	5.450187e-06	4.272244e-08
113	0.2159534	0.1498839	0.1186036	0.111967	0.1124152	0.112787	0.1136054	0.1118042	0.001186871	0.001042017	0.0008207537	0.0008305975	0.0003604343	8.291164e-06	6.381645e-06	6.000797e-06	5.94498e-06	5.949031e-06	6.031933e-06	6.113191e-06	6.091946e-06	6.17418e-06	6.275905e-06	6.383266e-06	6.07993e-06	6.179699e-06	6.291946e-06	1.572581e-06	1.545685e-06	1.534036e-06
114	0.8143297	0.1812813	0.145943	0.1161144	0.1099392	0.1103923	0.111833	0.1127267	0.1125722	0.0006252009	0.0005609551	0.0004204903	0.0004251441	0.0001846313	4.471164e-06	3.490212e-06	3.28192e-06	3.25773e-06	3.24018e-06	3.285073e-06	3.330919e-06	3.324702e-06	3.370699e-06	3.427419e-06	3.486673e-06	3.125411e-06	3.172891e-06	3.231164e-06	7.992029e-07	7.854184e-07
115	0.1973477	0.1730038	0.1605137	0.1328482	0.1031747	0.1038759	0.1052616	0.1066528	0.108082	0.1086872	0.0003405165	0.0002734332	0.0002258785	0.0002279487	9.883891e-05	2.234636e-06	1.711727e-06	1.593127e-06	1.57852e-06	1.543641e-06	1.563291e-06	1.584843e-06	1.578339e-06	1.600643e-06	1.627947e-06	1.65709e-06	1.686698e-06	1.707931e-06	1.740344e-06	4.294733e-07
116	0.1892984	0.1537496	0.1480716	0.1404491	0.11334	0.1035865	0.104465	0.1058894	0.1073089	0.1088003	0.1099955	0.0001709808	0.0001051685	8.515279e-05	8.537575e-05	3.705495e-05	8.572833e-07	6.632225e-07	6.257079e-07	6.2082e-07	5.771577e-07	5.843731e-07	5.923198e-07	5.896036e-07	5.981233e-07	6.085138e-07	6.196064e-07	6.302847e-07	6.423377e-07	6.547139e-07
117	0.9936	0.1889139	0.1539219	0.1491198	0.1420361	0.1146154	0.1047833	0.105727	0.1071905	0.1086484	0.110185	0.1115449	0.0001417581	7.475604e-05	5.972094e-05	5.958766e-05	2.586581e-05	6.145076e-07	4.794755e-07	4.528847e-07	4.498342e-07	4.0396e-07	4.086358e-07	4.14194e-07	4.122634e-07	4.183358e-07	4.257468e-07	4.336593e-07	4.41248e-07	4.498311e-07
118	0.8601937	0.8609164	0.1350801	0.1168265	0.1137544	0.1070301	0.1046922	0.1057635	0.1070348	0.1085396	0.1100393	0.1116249	0.1131346	0.0001080746	4.176354e-05	3.261531e-05	3.307244e-05	1.435932e-05	3.166446e-07	2.411794e-07	2.24964e-07	2.228878e-07	2.246998e-07	2.277096e-07	2.310106e-07	2.301038e-07	2.335734e-07	2.377932e-07	2.422981e-07	2.463005e-07
119	0.8672256	0.8427413	0.8465988	0.1280992	0.11367	0.111568	0.1052513	0.105731	0.1070341	0.1084317	0.1099794	0.111522	0.1131566	0.1147901	8.620005e-05	1.882976e-05	1.344149e-05	1.363346e-05	5.920945e-06	1.298019e-07	9.867057e-08	9.298853e-08	9.215743e-08	9.307049e-08	9.45384e-08	9.594314e-08	9.555196e-08	9.701552e-08	9.880351e-08	1.007114e-07
120	0.9274345	0.8709646	0.8481693	0.8522572	0.128611	0.1144247	0.1126731	0.1065032	0.1070212	0.1084312	0.1098783	0.1114699	0.113109	0.1147933	0.1165131	7.579852e-05	8.025585e-06	4.368205e-06	4.42802e-06	1.923274e-06	4.28223e-08	3.271509e-08	3.086762e-08	3.061866e-08	3.091584e-08	3.137385e-08	3.182407e-08	3.160797e-08	3.208728e-08	3.269068e-08
121	0.07105279	0.0586306	0.04503118	0.03575778	0.03013165	0.01647934	0.009990582	0.007965269	0.0008466158	0.0001442683	8.028583e-05	7.636359e-05	7.733097e-05	7.843505e-05	7.926125e-05	7.319876e-05	7.336386e-05	4.530825e-06	1.847653e-06	1.870391e-06	8.116914e-07	1.775004e-08	1.348327e-08	1.269917e-08	1.259238e-08	1.271066e-08	1.290491e-08	1.310798e-08	1.308062e-08	1.329335e-08
122	0.1018517	0.06445052	0.05469245	0.04196177	0.03304327	0.02754836	0.01423902	0.009864952	0.007912181	0.0007578235	7.414896e-05	1.258114e-05	9.11925e-06	9.139292e-06	9.230707e-06	9.120838e-06	4.400722e-06	3.803344e-06	3.834469e-06	1.233482e-06	1.247985e-06	5.423889e-07	1.183927e-08	8.992511e-09	8.478572e-09	8.409195e-09	8.49003e-09	8.630852e-09	8.769042e-09	8.75388e-09
123	0.1608473	0.0682216	0.04780176	0.04027288	0.02788289	0.01897662	0.0133061	0.008451942	0.004034135	0.002018467	0.0007501272	6.520746e-05	4.990626e-06	3.64421e-06	3.628022e-06	3.650653e-06	3.567306e-06	1.078368e-06	7.681711e-07	7.741591e-07	6.490665e-07	6.546734e-07	2.845861e-07	6.211839e-09	4.718403e-09	4.449248e-09	4.413994e-09	4.456909e-09	4.534639e-09	4.610406e-09
124	0.1165347	0.0841934	0.05809337	0.04567696	0.03989483	0.02775562	0.01885508	0.01313021	0.008424826	0.003990027	0.00201285	0.0007432401	6.19591e-05	1.772383e-06	8.855207e-07	8.574074e-07	8.376916e-07	7.949638e-07	2.382306e-07	1.686044e-07	1.692412e-07	1.410575e-07	1.431074e-07	6.221867e-08	1.361826e-09	1.034491e-09	9.748435e-10	9.666982e-10	9.770104e-10	9.939912e-10
125	0.1400448	0.1102394	0.08129583	0.0554274	0.04522582	0.03990468	0.02781112	0.01888763	0.01313419	0.008453577	0.004005156	0.002021108	0.0007467019	6.131622e-05	9.570115e-07	1.771172e-07	1.456123e-07	1.146444e-07	8.196975e-08	2.261876e-08	1.489507e-08	1.438213e-08	1.113415e-08	1.110245e-08	4.824197e-09	1.11312e-10	8.47413e-11	7.887059e-11	7.739434e-11	7.722962e-11
126	0.1733321	0.135198	0.1079665	0.07909265	0.054216	0.0441276	0.03881371	0.02746815	0.01887803	0.01309013	0.008504915	0.004029287	0.002032784	0.0007518518	6.16868e-05	9.041443e-07	1.389058e-07	1.078111e-07	7.6106e-08	4.381352e-08	1.082949e-08	6.531199e-09	6.053624e-09	4.194243e-09	4.048534e-09	1.755861e-09	4.44003e-11	3.388525e-11	3.086568e-11	2.97309e-11
127	0.8554525	0.1702517	0.1366217	0.1092587	0.08005162	0.05486795	0.04470904	0.03934031	0.02784664	0.01914146	0.01327556	0.00862768	0.004088309	0.002063008	0.000763201	6.260575e-05	9.005792e-07	1.261213e-07	9.448284e-08	6.204604e-08	2.944303e-08	6.440818e-09	3.38499e-09	2.873154e-09	1.510322e-09	1.316472e-09	5.66991e-10	1.859239e-11	1.427837e-11	1.233785e-11
128	0.2689084	0.2488237	0.1666056	0.136705	0.1092411	0.08086109	0.05541757	0.04521157	0.0397811	0.02813269	0.01930793	0.01346695	0.008754012	0.004149155	0.002094158	0.0007748775	6.353913e-05	8.973391e-07	1.12092e-07	7.980042e-08	4.722286e-08	1.40672e-08	3.463192e-09	1.978126e-09	1.442609e-09	7.178321e-10	5.066943e-10	2.079805e-10	1.073782e-11	8.213416e-12
129	0.3638156	0.2342418	0.2191278	0.1539543	0.1283893	0.1087711	0.08013204	0.05576088	0.04547021	0.0399925	0.02849498	0.01956101	0.01363811	0.008879434	0.004206958	0.002121558	0.0007851068	6.314133e-05	9.020085e-07	1.082652e-07	7.542142e-08	4.22211e-08	8.65461e-09	2.421318e-09	1.512741e-09	9.621166e-10	4.519525e-10	2.321478e-10	8.597808e-11	8.137785e-12
130	0.484275	0.3626126	0.2349041	0.2203682	0.1554146	0.1298767	0.1101721	0.08117798	0.05649807	0.04608811	0.04056262	0.02890701	0.01984793	0.01384094	0.00901331	0.004271041	0.002154575	0.0007974489	6.407032e-05	9.143075e-07	1.078559e-07	7.44617e-08	4.067294e-08	6.526165e-09	2.035532e-09	1.337144e-09	7.740284e-10	3.46823e-10	1.209034e-10	3.635336e-11
131	0.3700267	0.3255864	0.2295747	0.2098405	0.1984048	0.140997	0.118292	0.1013374	0.08195895	0.05707177	0.04670539	0.04112907	0.02931907	0.02013453	0.01404161	0.009143529	0.004334065	0.002185456	0.0008072509	6.289277e-05	9.187157e-07	1.070509e-07	7.313812e-08	3.874482e-08	5.349895e-09	1.79164e-09	1.228025e-09	6.695748e-10	2.916469e-10	6.033798e-11
132	0.1305029	0.09914112	0.0966311	0.02636609	0.02324027	0.02128649	0.01557495	0.01258386	0.01071576	0.008009015	0.005101664	0.003385973	0.002740233	0.001840034	0.001267033	0.0008855093	0.0005717213	0.0002693609	0.0001365004	5.161405e-05	4.161407e-06	8.946175e-08	7.055234e-09	4.831744e-09	2.644012e-09	3.605173e-10	1.17335e-10	7.889026e-11	4.290033e-11	1.938022e-11
133	0.09469175	0.08589666	0.08159515	0.08158551	0.01231693	0.01063807	0.009355774	0.006616341	0.005378788	0.00438958	0.002831113	0.00139153	0.0003281712	8.52133e-05	6.224436e-05	4.625229e-05	3.489499e-05	1.920139e-05	7.252211e-06	4.33964e-06	2.847506e-06	3.391808e-07	8.76744e-09	3.637325e-10	2.502985e-10	1.456508e-10	2.628929e-11	7.253407e-12	4.367053e-12	1.895434e-12
134	0.04512321	0.02025877	0.0130547	0.01165927	0.0110222	0.009885852	0.008537846	0.007451728	0.004982457	0.004029506	0.003235687	0.001982333	0.0008301359	6.280173e-05	1.481507e-05	1.073509e-05	8.387319e-06	7.006905e-06	2.238132e-06	1.082201e-06	5.651283e-07	3.444011e-07	1.748935e-07	2.384209e-09	1.069391e-10	6.177577e-11	3.414044e-11	4.891874e-12	2.23429e-12	1.358445e-12
135	0.5427921	0.04441676	0.01972022	0.01251032	0.01112135	0.01047978	0.009332591	0.008430889	0.007478465	0.004986103	0.004030517	0.003235653	0.001979985	0.0008254388	6.204365e-05	1.435026e-05	1.041478e-05	8.188154e-06	6.886721e-06	2.123749e-06	1.029966e-06	5.386424e-07	3.35675e-07	1.753317e-07	2.384197e-09	1.057104e-10	6.070221e-11	3.362396e-11	4.867914e-12	2.247007e-12
136	0.2981093	0.2348717	0.01215892	0.003351552	0.002537793	0.002222212	0.002229097	0.002061745	0.002043797	0.002001175	0.0002614595	7.830923e-05	5.211223e-05	3.104356e-05	1.815982e-05	4.85281e-06	4.009871e-06	3.731929e-06	3.73463e-06	3.767292e-06	2.552462e-07	2.362887e-07	8.608377e-08	7.569002e-08	5.689542e-08	1.04155e-09	6.808903e-12	5.468078e-12	3.812645e-12	7.305607e-13
137	0.1466976	0.1381535	0.1379065	0.008512164	0.0005844835	0.0005133891	0.0002750575	0.000268953	0.0002635969	0.0002397831	0.0001893277	0.0001734759	1.816146e-05	9.087231e-06	7.307031e-06	5.576893e-06	4.121346e-06	3.840916e-06	3.615161e-06	3.655005e-06	3.711028e-06	1.594983e-07	1.57599e-07	1.351883e-08	8.461138e-09	6.118079e-09	1.555011e-10	3.875189e-12	3.22628e-12	2.52326e-12
138	0.1284824	0.1049967	0.1039233	0.1041428	0.001422964	0.000295943	0.0002817486	0.000135685	0.000132403	0.0001304789	0.0001136087	0.0001079615	9.818768e-05	6.882658e-06	4.81205e-06	3.293409e-06	1.732305e-06	3.299318e-07	1.962945e-07	1.702734e-07	1.654512e-07	1.642324e-07	1.533563e-07	1.5225e-07	6.295577e-09	1.582898e-09	9.742121e-10	1.178661e-10	3.068817e-12	2.757465e-12
139	0.2157463	0.09948277	0.08129116	0.08113115	0.08205924	0.001217814	0.0002257262	0.0002156648	0.0001212556	0.0001184177	0.0001169615	0.0001023688	0.0001013003	9.27779e-05	5.807456e-06	4.655851e-06	3.17303e-06	1.644309e-06	2.5293e-07	1.667218e-07	1.598664e-07	1.564674e-07	1.553375e-07	1.540016e-07	1.531184e-07	5.431935e-09	7.151604e-10	3.423708e-10	9.307969e-11	1.812936e-12
140	0.7948261	0.1500529	0.0529492	0.04578044	0.04599769	0.04657084	0.0004458319	8.370051e-05	8.144381e-05	2.182983e-05	1.848704e-05	1.672321e-05	1.307821e-05	1.195899e-05	2.908282e-06	9.304305e-07	6.946299e-07	4.558789e-07	1.638818e-07	2.681248e-08	1.654933e-08	1.319375e-08	1.07842e-08	9.036221e-09	6.94727e-09	5.094033e-09	4.794563e-09	3.279665e-10	1.732257e-10	8.858133e-11
141	0.1960605	0.1313399	0.1312521	0.03770294	0.03301075	0.03334342	0.03379351	0.0003354803	7.006508e-05	6.932587e-05	1.641042e-05	1.336112e-05	1.173863e-05	1.081074e-05	1.077133e-05	1.813892e-06	9.944352e-08	8.960702e-08	8.666178e-08	9.82429e-09	7.81664e-09	6.969019e-09	5.343723e-09	4.114867e-09	3.053618e-09	1.584299e-09	2.523163e-10	1.555025e-10	1.435299e-10	9.878392e-11
142	0.2167763	0.1661206	0.1188381	0.1198786	0.0251307	0.02099877	0.02119771	0.02148768	0.000213905	5.551106e-05	5.525518e-05	1.453812e-05	1.215091e-05	1.105793e-05	1.045128e-05	1.046966e-05	1.523228e-06	8.397234e-08	7.68708e-08	7.643327e-08	9.493597e-10	6.788917e-10	5.318142e-10	4.066709e-10	3.326138e-10	3.083138e-10	1.375758e-10	9.062715e-11	8.509244e-11	8.4163e-11
143	0.1747672	0.05506127	0.04946343	0.01741544	0.01732817	0.01739663	0.01376674	0.01388881	0.01408165	0.000130573	2.961718e-05	2.946233e-05	4.214742e-06	2.679802e-06	1.931652e-06	1.473394e-06	1.405853e-06	1.147851e-06	8.224116e-08	7.615612e-08	7.709124e-08	6.571099e-10	4.837604e-10	3.987016e-10	3.15588e-10	2.538199e-10	2.389428e-10	7.956552e-11	5.741682e-11	5.426902e-11
144	0.3028259	0.06474238	0.02716036	0.02304112	0.006826458	0.006672155	0.00666919	0.006267539	0.006335302	0.006424503	6.250499e-05	1.253716e-05	1.240911e-05	2.011692e-06	1.126812e-06	7.526524e-07	5.506524e-07	5.194126e-07	3.981104e-07	7.708677e-08	7.677741e-08	7.789733e-08	4.700795e-10	3.368545e-10	2.824758e-10	2.382497e-10	2.208037e-10	2.069035e-10	4.858744e-11	2.761018e-11
145	0.5564777	0.09105895	0.02527378	0.01801089	0.01561684	0.001522758	0.001324621	0.001289231	0.001207628	0.001221365	0.00123881	1.442602e-05	1.724863e-06	1.635906e-06	5.985104e-07	1.829233e-07	8.788992e-08	4.896043e-08	4.176433e-08	2.390167e-08	6.658571e-10	5.376491e-10	4.547574e-10	2.765878e-10	1.534625e-10	1.111514e-10	8.511755e-11	6.602611e-11	4.914536e-11	2.768289e-11
146	0.5200167	0.3792798	0.08991655	0.02415787	0.01769534	0.01549107	0.001264806	0.001147592	0.001143835	0.001070705	0.001083029	0.001098722	1.319482e-05	1.427216e-06	1.339978e-06	5.659604e-07	1.584431e-07	7.113618e-08	3.662047e-08	3.009411e-08	1.513655e-08	5.360815e-10	4.397061e-10	3.768479e-10	2.157465e-10	1.404848e-10	1.079971e-10	8.309445e-11	6.438586e-11	4.771123e-11
147	0.9394962	0.5140655	0.3836526	0.09074129	0.02416322	0.01777787	0.01555019	0.001130976	0.00101057	0.001006293	0.0009441787	0.0009552559	0.0009693014	1.132319e-05	1.099792e-06	1.015663e-06	5.019877e-07	1.24189e-07	5.612664e-08	2.720104e-08	2.158587e-08	1.056682e-08	5.195462e-10	4.371587e-10	3.764463e-10	2.170065e-10	1.415359e-10	1.09044e-10	8.405953e-11	6.50302e-11
148	0.5967143	0.5896802	0.4391969	0.3262049	0.0896265	0.0241539	0.01784094	0.01558893	0.0009710355	0.0008469775	0.0008417811	0.000800521	0.0008106063	0.0008227028	8.538392e-06	8.424597e-07	7.690886e-07	4.286736e-07	1.02566e-07	4.390365e-08	2.143665e-08	1.677379e-08	7.899965e-09	4.244991e-10	3.50021e-10	2.884632e-10	2.192788e-10	1.429006e-10	1.10083e-10	8.494436e-11
149	0.9997815	0.5927537	0.5856073	0.4332084	0.3301995	0.09064241	0.02431211	0.01793632	0.01565536	0.0008330162	0.0007052965	0.0006984443	0.0006587599	0.0006670088	0.0006771129	7.666864e-06	7.75388e-07	7.094489e-07	4.07573e-07	9.680854e-08	4.135952e-08	2.039044e-08	1.600349e-08	7.615616e-09	4.266644e-10	3.551476e-10	2.928503e-10	2.229087e-10	1.453475e-10	1.12024e-10
150	0.8430345	0.8425314	0.4851851	0.4795793	0.3513165	0.2671314	0.08922993	0.02279477	0.01786457	0.01573	0.0007127674	0.0005940466	0.0005968207	0.0005605073	0.0005675651	0.0005762953	5.280264e-06	4.196294e-07	4.011987e-07	1.367965e-07	5.006205e-08	3.33984e-08	1.457502e-08	1.060354e-08	6.564228e-09	2.695715e-10	2.215582e-10	1.905418e-10	1.504169e-10	1.249168e-10
151	0.9605029	0.842587	0.8421353	0.4837411	0.4781398	0.3483651	0.2703823	0.09020592	0.02289678	0.01801965	0.01586343	0.0006311551	0.0005096459	0.0005118271	0.0004794014	0.0004854887	0.0004930731	2.844723e-06	2.669893e-07	2.571406e-07	3.131199e-08	3.008858e-08	2.807963e-08	1.147989e-08	7.889116e-09	5.682969e-09	2.620115e-10	2.186436e-10	1.890402e-10	1.512406e-10
152	0.8399177	0.837771	0.7713406	0.7699859	0.4115073	0.4049311	0.2869713	0.2143797	0.0310109	0.0205273	0.01817571	0.01599243	0.0005383974	0.0004137896	0.0004152035	0.00038963	0.0003947583	0.000401023	1.259028e-06	2.186609e-07	2.161692e-07	2.622258e-08	2.573568e-08	2.385123e-08	9.838123e-09	6.650589e-09	4.771572e-09	2.577191e-10	2.187637e-10	1.895367e-10
153	0.9976009	0.836454	0.8343973	0.7692921	0.7680368	0.4082375	0.4017243	0.2823668	0.2168617	0.03116994	0.02067169	0.01833138	0.01612061	0.0004381735	0.0003102488	0.0003108066	0.000290171	0.0002940061	0.000298747	9.685049e-07	1.746293e-07	1.72654e-07	2.143926e-08	2.106598e-08	1.919463e-08	8.004477e-09	5.276277e-09	3.752313e-09	2.53168e-10	2.173187e-10
154	0.7635808	0.7622459	0.7310078	0.729366	0.6890171	0.6883402	0.3702764	0.3649401	0.2460978	0.1989175	0.01237229	0.002915583	0.000654042	0.0002342893	0.0002170742	0.0002067613	0.0002075668	0.0001929086	0.0001954708	0.0001986742	6.461714e-07	1.242015e-07	1.231546e-07	1.580967e-08	1.557258e-08	1.37538e-08	5.85815e-09	3.67784e-09	2.56837e-09	2.186998e-10
155	0.403426	0.3648524	0.3674016	0.358099	0.3606887	0.3301727	0.3341979	0.3045541	0.3083197	0.197703	0.1812152	0.001803249	0.0005410384	0.0001326671	0.0001077032	0.0001042592	0.0001056437	0.0001060205	9.826908e-05	9.958876e-05	0.0001012482	3.229386e-07	6.616086e-08	6.588689e-08	7.888946e-09	7.84156e-09	7.441726e-09	3.270277e-09	1.714173e-09	1.115401e-09
156	0.6734813	0.3546746	0.3173601	0.3193952	0.313577	0.3157023	0.2860101	0.2895547	0.2900359	0.2937652	0.1815247	0.1834748	0.001636077	0.0004159069	3.022336e-05	4.723819e-06	4.41374e-06	4.400434e-06	4.105197e-06	3.415187e-06	3.4341e-06	3.492082e-06	1.976364e-08	7.691046e-09	7.725918e-09	1.516547e-09	1.524378e-09	1.524088e-09	1.202954e-09	2.798383e-10
157	0.4472865	0.3357488	0.2592021	0.2244055	0.2253429	0.2184308	0.2194786	0.1945848	0.1969347	0.196383	0.1988574	0.1838841	0.1861074	0.001611561	0.0003864347	2.570494e-05	1.772035e-06	1.453607e-06	1.404534e-06	1.121925e-06	9.901247e-07	9.998302e-07	1.016971e-06	7.075908e-09	2.915474e-09	2.906726e-09	2.805247e-10	2.745845e-10	2.593125e-10	1.941931e-10
158	0.1416505	0.088496	0.07875088	0.04928234	0.04809575	0.04825543	0.04701096	0.04702163	0.02043509	0.0206226	0.01880726	0.01898071	0.001409575	0.001284495	0.001235618	0.0001271126	8.614968e-06	7.361686e-07	6.325929e-07	6.200987e-07	6.082513e-07	5.580891e-07	5.650219e-07	5.748906e-07	4.156576e-09	1.719046e-09	1.72608e-09	9.996795e-11	9.618062e-11	9.21484e-11
159	0.09137951	0.04348595	0.03610254	0.03302204	0.02386395	0.02305551	0.02318638	0.02187681	0.02179821	0.0191873	0.01941198	0.01768887	0.0178984	0.0001894785	0.0001204444	9.00292e-05	6.699863e-05	4.331369e-06	2.045139e-07	1.484491e-07	1.386812e-07	1.291979e-07	1.226194e-07	1.240327e-07	1.262172e-07	8.518937e-10	2.387484e-10	2.337792e-10	2.321104e-11	2.179925e-11
160	0.08832368	0.05360053	0.02851516	0.02436296	0.02196826	0.02133328	0.02065848	0.02079513	0.01947683	0.01940267	0.01932552	0.01956202	0.01783517	0.01805615	0.0001621606	0.0001049569	7.771007e-05	5.774409e-05	3.741621e-06	8.516871e-08	3.434429e-08	2.401606e-08	1.392097e-08	1.245797e-08	1.220452e-08	1.239778e-08	9.326825e-11	2.191227e-11	1.626346e-11	7.021425e-12
161	0.1494579	0.07749975	0.05025667	0.02574204	0.02235366	0.02031752	0.0196566	0.01894999	0.01906518	0.01799389	0.01789788	0.01779855	0.01801628	0.01809594	0.01832444	0.0001595237	0.0001021593	7.868306e-05	5.857535e-05	3.781716e-06	7.717283e-08	2.678334e-08	1.62549e-08	1.108886e-08	9.70924e-09	9.406479e-09	9.551542e-09	7.526926e-11	1.730585e-11	1.162387e-11
162	0.8886816	0.07721171	0.02296691	0.01205719	0.00538039	0.004081064	0.003330921	0.002557332	0.002452376	0.002341991	0.001021581	0.0006824637	0.0004705309	0.0004335865	0.0002526647	0.0002108187	0.0001598356	0.0001022922	7.880489e-05	5.870454e-05	3.791623e-06	7.473197e-08	2.413341e-08	1.351704e-08	8.29243e-09	6.988105e-09	6.646286e-09	6.742166e-09	5.785242e-11	1.424297e-11
163	0.3224617	0.2913127	0.05515451	0.02128761	0.01067754	0.004084919	0.003041232	0.002285964	0.001487544	0.001366127	0.00123869	0.0008981722	0.0005523176	0.0003353288	0.0002957873	0.0002280486	0.0001851747	0.0001329873	0.0001035818	8.007534e-05	5.966697e-05	3.851246e-06	7.217747e-08	2.08253e-08	1.087457e-08	5.526271e-09	4.171098e-09	3.77058e-09	3.813005e-09	4.26484e-11
164	0.3495539	0.3081982	0.2783436	0.03949136	0.02109975	0.01062448	0.003961602	0.003058447	0.00230508	0.001497746	0.001375178	0.001246541	0.0009016747	0.0005579686	0.0003381054	0.0002981677	0.0002299192	0.0001873734	0.0001344483	0.0001048158	8.129463e-05	6.059024e-05	3.910276e-06	7.09178e-08	1.870155e-08	8.545844e-09	3.066228e-09	1.657197e-09	1.201802e-09	1.213045e-09
165	0.2311743	0.2306008	0.2314723	0.231903	0.004546477	0.003292427	0.002779134	0.0001957862	0.0001499276	0.0001127332	7.512354e-05	6.812291e-05	6.067271e-05	4.707104e-05	3.489707e-05	2.496299e-05	2.342583e-05	1.737693e-05	1.582633e-05	5.601519e-06	4.34005e-06	3.349684e-06	2.486763e-06	1.626023e-07	4.826918e-09	2.702699e-09	3.419192e-10	1.121063e-10	5.228971e-11	3.338714e-11
166	0.03448357	0.007685393	0.006082517	0.004813136	0.003182681	0.00144846	0.0006798614	0.0003348422	0.0001130943	8.376224e-05	5.94167e-05	3.468763e-05	3.013424e-05	2.476749e-05	1.78079e-05	1.17034e-05	7.719284e-06	6.798185e-06	4.960579e-06	4.08645e-06	3.103892e-06	2.422713e-06	1.864561e-06	1.380757e-06	9.127043e-08	3.587169e-09	2.418354e-09	1.786526e-10	4.838423e-11	1.405171e-11
167	0.5350909	0.02048965	0.006451296	0.005485361	0.004422732	0.002892229	0.001253647	0.0006639533	0.0003307274	0.0001094945	8.10798e-05	5.693352e-05	3.241232e-05	2.787197e-05	2.250791e-05	1.654944e-05	1.06177e-05	6.741303e-06	5.830901e-06	4.834255e-06	3.981129e-06	3.021106e-06	2.372143e-06	1.828667e-06	1.353657e-06	8.77158e-08	1.565236e-09	3.911668e-10	1.745672e-10	4.703179e-11
168	0.3123904	0.1243039	0.01439387	0.004648643	0.003849355	0.003124864	0.002069832	0.0009454608	0.0005630997	0.0002878461	8.890656e-05	6.543879e-05	4.495359e-05	2.427318e-05	2.038142e-05	1.568549e-05	1.165132e-05	7.656677e-06	4.992283e-06	4.339153e-06	3.579056e-06	2.969362e-06	2.270281e-06	1.785436e-06	1.372369e-06	1.011202e-06	6.5599e-08	1.169405e-09	2.9072e-10	1.286445e-10
169	0.1717503	0.08706285	0.04948511	0.001737341	0.0005921681	0.0005475046	0.0004601789	0.0003574629	0.0001927001	0.0001478927	0.0001115497	1.159785e-05	8.39681e-06	5.421516e-06	2.575562e-06	2.023463e-06	1.590471e-06	1.198853e-06	8.289749e-07	5.735009e-07	5.058682e-07	3.730598e-07	3.081039e-07	2.328382e-07	1.681195e-07	1.215334e-07	8.077303e-08	5.133343e-09	9.354931e-11	2.462923e-11
170	0.1622618	0.05696468	0.03390279	0.03169975	0.0003653859	4.226352e-05	2.742049e-05	2.257047e-05	1.633345e-05	1.211637e-05	6.725837e-06	2.917782e-06	1.264467e-06	9.089053e-07	5.714332e-07	2.775964e-07	2.629388e-07	2.521862e-07	2.170146e-07	2.012422e-07	1.799811e-07	1.675419e-07	9.38177e-08	7.755687e-08	6.148207e-08	3.350166e-08	1.760529e-08	3.716579e-09	2.156014e-10	5.016504e-12
171	0.1398364	0.08797225	0.04955781	0.03126445	0.02923308	0.000336602	3.96936e-05	2.533515e-05	2.104468e-05	1.528847e-05	1.154018e-05	6.503267e-06	2.81465e-06	1.204094e-06	8.846189e-07	5.54845e-07	2.686254e-07	2.560901e-07	2.470046e-07	2.129585e-07	2.00561e-07	1.804294e-07	1.68126e-07	9.347962e-08	7.747668e-08	6.147659e-08	3.329403e-08	1.734984e-08	3.384039e-09	1.975143e-10
172	0.2425469	0.07408622	0.05269642	0.04665597	0.02937421	0.02913122	0.0003003666	2.332267e-05	1.065047e-05	8.956728e-06	7.095511e-06	5.660849e-06	2.275468e-06	1.003486e-06	4.546672e-07	3.379679e-07	2.294672e-07	1.347372e-07	1.311121e-07	1.284224e-07	1.099083e-07	1.065348e-07	1.006746e-07	9.709598e-08	3.425895e-08	2.862532e-08	2.310441e-08	1.129754e-08	5.849674e-09	1.132354e-09
173	0.3337664	0.1954952	0.06712315	0.05086585	0.04677291	0.02937587	0.02930185	0.0002973715	2.191939e-05	9.245144e-06	7.810844e-06	6.335656e-06	5.141623e-06	1.8777e-06	7.937934e-07	3.378769e-07	2.365102e-07	1.435662e-07	6.257053e-08	5.871325e-08	5.553264e-08	4.753304e-08	4.41063e-08	3.895734e-08	3.51478e-08	2.834406e-08	2.409102e-08	1.951629e-08	9.625153e-09	4.981296e-09
174	0.2143699	0.1411724	0.1271819	0.04805602	0.03949976	0.03763854	0.02932969	0.0294119	0.0002799125	1.04582e-05	4.406363e-06	3.62313e-06	2.965084e-06	2.81192e-06	1.793017e-07	6.855817e-08	4.193448e-08	2.253227e-08	9.899083e-09	5.303969e-09	5.077834e-09	4.929723e-09	4.27626e-09	4.104283e-09	3.395372e-09	3.178645e-09	1.800903e-09	1.53878e-09	1.238928e-09	5.389088e-10
175	0.0917789	0.08466463	0.0774615	0.0676804	0.03923957	0.03432991	0.0325892	0.02943905	0.02962229	0.0002803001	9.463972e-06	3.501042e-06	2.922593e-06	2.730464e-06	2.689686e-06	7.390266e-08	1.970594e-08	1.829015e-08	3.459527e-09	4.244208e-10	2.870219e-10	2.825583e-10	2.805074e-10	2.473928e-10	2.428356e-10	2.218088e-10	2.172015e-10	1.015647e-10	9.229749e-11	8.434767e-11
176	0.1852417	0.07434372	0.06993933	0.06387703	0.05410656	0.03444361	0.03005588	0.02827848	0.02712269	0.02745743	0.0002595449	8.618876e-06	3.179095e-06	2.667884e-06	2.512113e-06	2.49293e-06	6.596134e-08	1.702577e-08	1.638654e-08	2.732742e-09	1.879256e-10	1.689338e-10	1.706046e-10	1.728282e-10	1.546096e-10	1.562571e-10	1.522996e-10	1.54207e-10	5.130389e-11	5.022154e-11
177	0.09662189	0.09010507	0.06378191	0.05932419	0.05429376	0.04461442	0.03032216	0.02624046	0.02443987	0.02335232	0.02367018	0.0002234684	7.394273e-06	2.67164e-06	2.268185e-06	2.155699e-06	2.151598e-06	5.640391e-08	1.432289e-08	1.390818e-08	2.13964e-09	4.721546e-11	4.138024e-11	4.186389e-11	4.258237e-11	4.205474e-11	4.279273e-11	4.123972e-11	4.201047e-11	3.792785e-11
178	0.1857815	0.08319874	0.0774902	0.05299546	0.04834753	0.04399442	0.03437963	0.02541053	0.02159685	0.0197558	0.01960766	0.01987746	0.00018608	4.88702e-06	2.17922e-06	1.880899e-06	1.810711e-06	1.809657e-06	4.726978e-08	1.189611e-08	1.157517e-08	1.687214e-09	3.640925e-11	3.183713e-11	3.219509e-11	3.275813e-11	3.263402e-11	3.322292e-11	3.276132e-11	3.338898e-11
179	0.1783805	0.1705805	0.0717545	0.06715915	0.04410882	0.03929498	0.03609795	0.02673513	0.019415	0.01563899	0.01375805	0.01365936	0.01385699	0.0001297495	3.40655e-06	1.519201e-06	1.328575e-06	1.262177e-06	1.264032e-06	3.29995e-08	8.284537e-09	8.083873e-09	1.175739e-09	2.586941e-11	2.26751e-11	2.298225e-11	2.338711e-11	2.3257e-11	2.368007e-11	2.328183e-11
180	0.1775445	0.1485428	0.1403598	0.04044432	0.03666264	0.03399841	0.0306306	0.02872017	0.01965744	0.01295708	0.009147699	0.007222617	0.007172537	0.007277579	6.820086e-05	1.828103e-06	8.373816e-07	7.394529e-07	6.658223e-07	6.659689e-07	1.738216e-08	4.355282e-09	4.250982e-09	6.145865e-10	1.505222e-11	1.334692e-11	1.352656e-11	1.376103e-11	1.35562e-11	1.379789e-11
181	0.9746275	0.1613051	0.1325329	0.1240784	0.0236556	0.02237011	0.0215489	0.02184208	0.02128187	0.01252337	0.006315126	0.002459107	0.0004845347	0.0004812772	0.0004877674	4.662251e-06	2.045394e-07	1.391071e-07	1.320006e-07	4.929916e-08	4.697713e-08	1.222798e-09	2.975118e-10	2.888804e-10	4.437447e-11	3.912592e-12	3.693882e-12	3.734735e-12	3.790465e-12	3.495769e-12
182	0.8848221	0.882425	0.05768243	0.02916918	0.01930023	0.00908145	0.008239383	0.008295446	0.008409659	0.00811372	0.007637802	0.003022228	0.0001618474	3.168839e-05	3.148724e-05	3.143331e-05	3.331245e-07	4.613695e-08	4.225883e-08	4.090882e-08	6.584012e-09	4.695653e-09	1.111864e-10	2.390851e-11	2.176234e-11	5.8484e-12	3.130077e-12	3.01299e-12	3.044413e-12	3.087731e-12
183	0.885264	0.8816489	0.8799537	0.04695771	0.01885478	0.009316819	0.0006155248	0.0002960295	0.0002552384	0.0002579397	0.0002536912	0.0002398166	2.029716e-05	4.404975e-06	8.758036e-07	8.702071e-07	8.530395e-07	1.235114e-08	4.503418e-09	4.428872e-09	4.146203e-09	3.40643e-10	1.155592e-10	3.547371e-11	5.336416e-12	3.771359e-12	3.200458e-12	3.025672e-12	2.922054e-12	2.953265e-12
184	0.9042158	0.8918597	0.8891052	0.8879851	0.04470414	0.01725493	0.008152797	0.0004280947	0.0001217071	8.222403e-05	8.254308e-05	7.630927e-05	7.696532e-05	5.087942e-06	1.239493e-07	2.717879e-08	2.660912e-08	1.306234e-08	1.374577e-09	1.172734e-09	1.167543e-09	8.799545e-10	1.837327e-10	1.19754e-11	7.391068e-12	4.854642e-12	3.29512e-12	3.162782e-12	3.059901e-12	2.958893e-12
185	0.869548	0.7937955	0.7920021	0.7932548	0.796231	0.02952576	0.007777314	0.00362794	0.0002451668	8.50314e-05	6.088997e-05	6.137674e-05	5.510338e-05	5.556207e-05	3.469841e-06	9.445207e-08	1.561829e-08	1.507553e-08	8.965071e-09	8.35514e-10	6.7604e-10	6.651321e-10	5.413453e-10	3.364262e-11	9.285932e-12	5.794582e-12	3.869887e-12	3.07279e-12	2.994936e-12	2.942493e-12
186	0.8175087	0.8102338	0.7914149	0.7917876	0.7931871	0.7963168	0.01943599	0.007542293	0.003478804	0.00017599	5.72008e-05	3.969754e-05	3.989259e-05	3.334128e-05	3.367152e-05	2.126996e-06	7.599288e-08	1.023125e-08	9.679155e-09	5.79894e-09	5.994781e-10	4.699949e-10	4.572214e-10	3.343633e-10	2.531648e-11	8.809492e-12	5.834358e-12	3.924717e-12	3.119736e-12	3.045275e-12
187	0.8741964	0.8180332	0.8116122	0.8000557	0.8016577	0.8032775	0.8066436	0.01933324	0.007390463	0.003451128	0.0001628226	4.426944e-05	2.662732e-05	2.664782e-05	1.981831e-05	1.998336e-05	1.287685e-06	6.466617e-08	6.828258e-09	6.293042e-09	3.805895e-09	4.433724e-10	3.30141e-10	3.205328e-10	2.040975e-10	1.932173e-11	7.687312e-12	5.909155e-12	3.98175e-12	3.166787e-12
188	0.9139385	0.8780402	0.824869	0.8186779	0.8096669	0.8118393	0.8136798	0.81729	0.0192531	0.007372997	0.003444369	0.0001575812	3.977079e-05	2.227361e-05	2.225006e-05	1.527548e-05	1.538656e-05	1.005762e-06	6.108402e-08	5.614833e-09	5.086077e-09	3.065427e-09	3.626004e-10	2.570724e-10	2.495425e-10	1.57877e-10	1.712143e-11	7.068444e-12	5.328545e-12	4.040894e-12
189	0.1902534	0.1007207	0.07189103	0.05239561	0.04408568	0.03055467	0.0255936	0.02147222	0.01715535	0.01264541	0.003570282	0.001684305	8.753454e-05	2.921934e-05	1.75891e-05	1.768444e-05	1.068297e-05	1.074875e-05	7.157805e-07	5.612177e-08	3.927698e-09	3.452953e-09	2.258405e-09	2.661335e-10	1.749483e-10	1.6963e-10	1.090426e-10	1.094355e-11	5.617579e-12	4.349892e-12
190	0.1034078	0.08891615	0.08099371	0.06247492	0.04554934	0.03747462	0.02625585	0.02161293	0.01746501	0.01311629	0.008572628	0.003340817	0.001469903	7.935042e-05	2.257711e-05	1.312949e-05	1.316029e-05	5.992754e-06	6.011774e-06	4.255642e-07	5.260614e-08	2.677279e-09	2.202309e-09	1.491346e-09	1.846957e-10	1.015816e-10	9.839367e-11	6.395654e-11	9.215846e-12	5.603772e-12
191	0.1903176	0.09243548	0.07774297	0.07014717	0.0591071	0.04351063	0.03531243	0.02622435	0.02185882	0.01766155	0.01325607	0.008651123	0.003345957	0.001485126	7.472798e-05	1.836642e-05	8.764133e-06	8.730464e-06	1.501245e-06	1.460268e-06	1.45866e-07	4.849805e-08	1.325421e-09	8.552538e-10	6.073632e-10	1.042734e-10	3.078964e-11	2.966527e-11	2.073073e-11	7.533989e-12
192	0.1840858	0.1794532	0.0831836	0.07044726	0.06288322	0.053967	0.0389531	0.03073418	0.0250489	0.02074268	0.0164887	0.01202114	0.007350174	0.003351368	0.001478626	6.508518e-05	8.461517e-06	1.7424e-06	1.596149e-06	1.634603e-07	1.422252e-07	2.496921e-08	1.268586e-08	3.782215e-10	2.438159e-10	1.739687e-10	2.976942e-11	6.982798e-12	6.677072e-12	5.504253e-12
193	0.2177399	0.1836927	0.1800863	0.08315471	0.07042837	0.06279273	0.05391323	0.03875789	0.03044035	0.02534963	0.02100312	0.01669804	0.01217468	0.007443413	0.003390863	0.001497339	6.408754e-05	6.697539e-06	4.217758e-07	2.545668e-07	8.124284e-08	6.701883e-08	1.001282e-08	2.340635e-09	2.309118e-10	1.651582e-10	1.113166e-10	1.256741e-11	5.20679e-12	4.978368e-12
194	0.2549765	0.2046077	0.1805849	0.1774935	0.08187118	0.07018127	0.06255662	0.05374654	0.03856657	0.03038604	0.02531158	0.02096639	0.01665946	0.01213054	0.007389356	0.003365897	0.001485949	6.382761e-05	6.651032e-06	3.838691e-07	2.160528e-07	6.653824e-08	5.238894e-08	8.903305e-09	2.206196e-09	2.179612e-10	1.546616e-10	1.021629e-10	1.215792e-11	4.987964e-12
195	0.2817744	0.2409159	0.2003368	0.1787942	0.176435	0.08030877	0.06873196	0.0613256	0.05273566	0.03769145	0.0297659	0.02481929	0.02057167	0.01635959	0.01192938	0.007287571	0.003339179	0.001474081	6.332534e-05	6.569157e-06	3.590448e-07	1.934588e-07	5.365866e-08	3.972481e-08	7.882428e-09	2.064178e-09	2.023182e-10	1.414573e-10	9.025669e-11	1.148631e-11
196	0.914106	0.2241282	0.1870233	0.1497268	0.1299823	0.1281004	0.07250173	0.06341149	0.05632121	0.04821924	0.03615306	0.02849744	0.02376727	0.01970756	0.01566986	0.01140118	0.006921475	0.003131974	0.001381532	6.001334e-05	6.258419e-06	3.352109e-07	1.771832e-07	5.002978e-08	3.691348e-08	7.427273e-09	1.896237e-09	1.663209e-10	1.077482e-10	8.029087e-11
197	0.5576896	0.5368813	0.2163429	0.1868027	0.151135	0.131531	0.1296418	0.07337319	0.06420439	0.05702966	0.0488308	0.03660473	0.0288478	0.02405963	0.01994549	0.01585172	0.01152123	0.006974384	0.003126866	0.001402635	6.090821e-05	6.337632e-06	3.294073e-07	1.70513e-07	4.817577e-08	3.506929e-08	7.272523e-09	1.827431e-09	1.580661e-10	9.914353e-11
198	0.5595472	0.4587499	0.4446504	0.2127204	0.1855656	0.1513374	0.1322728	0.130413	0.07356871	0.06470645	0.05747184	0.0492101	0.03684986	0.02907439	0.02424728	0.02009823	0.01596769	0.01159322	0.006997422	0.003120908	0.00139926	6.085497e-05	6.314824e-06	3.187126e-07	1.60785e-07	4.601983e-08	3.340382e-08	7.077639e-09	1.736502e-09	1.502998e-10
199	0.2597152	0.2259493	0.1906976	0.1867835	0.07104749	0.05858988	0.03775189	0.02829755	0.02740862	0.0198061	0.01380744	0.01233973	0.01072269	0.008667804	0.007218342	0.006244013	0.005328912	0.004424593	0.003499458	0.002543106	0.001521455	0.0006824128	2.627052e-05	2.510482e-06	1.416578e-07	6.874459e-08	3.030952e-08	2.375017e-08	3.644888e-09	3.946772e-10
200	0.2620004	0.2409135	0.2114133	0.1809212	0.1773206	0.06777885	0.05585545	0.03706517	0.02801913	0.02714226	0.01963327	0.01365111	0.0122047	0.01061436	0.008571267	0.00714768	0.0061882	0.005281661	0.00438533	0.003468676	0.002520575	0.001511427	0.000677804	2.567851e-05	2.404323e-06	1.380461e-07	6.454472e-08	2.761639e-08	2.123374e-08	3.409927e-09
201	0.5432385	0.2428105	0.2293994	0.2015853	0.1732468	0.1697815	0.06363665	0.05206536	0.03412088	0.02520808	0.02433046	0.01675841	0.01076897	0.009752098	0.008568775	0.006930908	0.005932575	0.005219143	0.004509141	0.00380916	0.003106869	0.00238139	0.001524081	0.0006839603	2.586451e-05	2.422187e-06	1.358706e-07	6.178419e-08	2.644126e-08	2.010649e-08
202	0.4710479	0.3692198	0.2079165	0.1970667	0.1738671	0.1495241	0.1462514	0.04944044	0.03921349	0.02304712	0.01511394	0.01429531	0.009490177	0.007411144	0.00683171	0.0060816	0.005051232	0.004488271	0.004042626	0.003559512	0.003085463	0.002616792	0.002128333	0.001452389	0.0006523388	2.474172e-05	2.328641e-06	1.262086e-07	5.420576e-08	2.405861e-08
203	0.6155156	0.4221332	0.3244538	0.1635538	0.1529018	0.1318684	0.1096433	0.1063597	0.04720156	0.03781761	0.02294719	0.01518951	0.01439329	0.009563518	0.007470406	0.006888749	0.006136945	0.005096973	0.004530774	0.004084861	0.003600445	0.00312485	0.002650908	0.002156611	0.001471811	0.0006617529	2.495248e-05	2.31853e-06	1.187479e-07	4.711573e-08
204	0.6873043	0.4897106	0.3927615	0.3041533	0.1466526	0.1371462	0.1196079	0.1000266	0.09939605	0.04426096	0.03536057	0.02197874	0.01506932	0.01428797	0.009423657	0.00738219	0.006809386	0.00607151	0.005034045	0.004476234	0.004038699	0.003563812	0.003093035	0.002623332	0.002133076	0.001456207	0.0006549172	2.460926e-05	2.295839e-06	1.135303e-07
205	0.6288174	0.4706815	0.4361968	0.3540957	0.2704061	0.124319	0.1150596	0.09932437	0.08274952	0.08215633	0.03785997	0.02972329	0.01748299	0.01083983	0.01007503	0.007777756	0.006662299	0.006195044	0.005559819	0.00461502	0.004157381	0.003785777	0.003360952	0.002939827	0.002521301	0.002084575	0.001445722	0.0006504129	2.425901e-05	2.260508e-06
206	0.6855976	0.5929401	0.4418097	0.4093634	0.3360729	0.2529598	0.1071798	0.09934329	0.0852063	0.07023246	0.06969521	0.03609834	0.02836591	0.01703041	0.01050117	0.009735715	0.007683017	0.006664318	0.006203767	0.005574682	0.004628127	0.004177609	0.00381045	0.003386073	0.00296509	0.002546716	0.002109661	0.001466077	0.0006595275	2.432978e-05
207	0.7115742	0.6344447	0.5443202	0.4136575	0.3831982	0.3230261	0.2416072	0.0965589	0.09251633	0.08003388	0.06673245	0.06637312	0.03479989	0.02725976	0.01687774	0.01050796	0.009742208	0.007677834	0.006663108	0.00620419	0.005578037	0.004625106	0.00418948	0.00382401	0.003400782	0.002978758	0.002558908	0.002119971	0.001475766	0.0006641069
208	0.5948751	0.5134544	0.4842296	0.4283817	0.3084463	0.2907706	0.2394472	0.1601994	0.08716341	0.08326657	0.07254118	0.06131391	0.06096137	0.03198227	0.02468601	0.01525524	0.009080117	0.008316701	0.007102769	0.006131268	0.005684334	0.005071943	0.004558772	0.004142055	0.00379028	0.00337538	0.002961535	0.002549589	0.00212153	0.00148151
209	0.764761	0.5753952	0.4962643	0.467625	0.4121631	0.296616	0.2791381	0.2299516	0.1521732	0.08030851	0.07670073	0.06774247	0.05832624	0.05800266	0.03084593	0.02368886	0.01524945	0.009180898	0.008412074	0.00719056	0.006210419	0.005759032	0.005142742	0.004624019	0.004203522	0.00384861	0.003428616	0.00300933	0.002591374	0.002156738
210	0.9196423	0.7116591	0.5243085	0.453469	0.4248163	0.3686815	0.2545704	0.2369387	0.1917864	0.1277266	0.06780981	0.06555793	0.05942981	0.05279076	0.05250958	0.02865922	0.02186634	0.01505946	0.009255287	0.00847929	0.007249384	0.006262605	0.005809663	0.005193177	0.00467213	0.004250303	0.003895786	0.003474935	0.003054385	0.002631525
211	0.781622	0.7670994	0.5768572	0.4889878	0.4342604	0.4058864	0.349092	0.2378947	0.2202586	0.1808074	0.1205341	0.06237312	0.06027068	0.05548657	0.0501798	0.04992884	0.02778346	0.02109508	0.01503532	0.00932109	0.008540273	0.007307527	0.006312703	0.005857477	0.005238958	0.004714522	0.004290862	0.00393476	0.003510705	0.003086586
212	0.9521607	0.7512083	0.737464	0.5630262	0.4794436	0.424909	0.3966906	0.3449678	0.2329635	0.215102	0.175655	0.1153876	0.05709269	0.05510781	0.05180938	0.04798933	0.04774029	0.02691565	0.02030461	0.01506263	0.00941046	0.008617859	0.007368794	0.006360692	0.00590748	0.005289547	0.004765533	0.004345	0.003989046	0.003562202
213	0.5360369	0.5270779	0.511675	0.5068546	0.4030653	0.3823531	0.3509121	0.3451592	0.2928252	0.2012578	0.1878943	0.1547101	0.1033647	0.05303076	0.05172008	0.04916569	0.04606899	0.04583999	0.02601933	0.01948484	0.01461655	0.008995101	0.008221097	0.007108548	0.006157358	0.005715325	0.005114794	0.004652611	0.004245022	0.003898676
214	0.5601787	0.5190404	0.5103087	0.4951082	0.4903421	0.3862711	0.3662919	0.3376724	0.3318705	0.2788134	0.191666	0.1782389	0.1484132	0.1018516	0.05371514	0.05240355	0.04983574	0.04670125	0.04647105	0.02639031	0.01977241	0.01484294	0.009140463	0.008354225	0.007226299	0.006260769	0.005813356	0.005204432	0.004735978	0.004322854
215	0.657212	0.5381429	0.4989242	0.4900783	0.4747106	0.4698925	0.3647247	0.3512422	0.3260483	0.320162	0.2662493	0.1824425	0.1689122	0.1433112	0.1027758	0.05454485	0.05322146	0.05061865	0.04743297	0.04720427	0.02679839	0.02008813	0.01508774	0.009293021	0.00849346	0.007351628	0.006372059	0.005918867	0.00530085	0.004825581
216	0.8329608	0.6246904	0.5073027	0.4686897	0.4597844	0.4447373	0.4400663	0.3385302	0.3255497	0.3039797	0.298179	0.2436159	0.1672049	0.1538753	0.1329246	0.09866679	0.05113717	0.04983403	0.04720304	0.04399783	0.0437734	0.0230701	0.01828821	0.01443241	0.009257065	0.008470078	0.007320976	0.006325654	0.005880607	0.005264509
217	0.753684	0.7513616	0.5401464	0.4545746	0.4207002	0.4122089	0.3978146	0.3935258	0.3041504	0.2981774	0.2782405	0.2726567	0.2173694	0.1507369	0.1405401	0.1218154	0.09024138	0.0435361	0.04226478	0.03960922	0.03639694	0.03620965	0.0184625	0.01608071	0.01355195	0.009099539	0.008330064	0.007222974	0.006230769	0.005799513
218	0.8223612	0.622016	0.6203694	0.4125461	0.3563521	0.3307281	0.3229678	0.3086853	0.3044403	0.2169188	0.2118501	0.1933878	0.1879011	0.1866664	0.141886	0.1322883	0.1139861	0.08496072	0.04261835	0.04142174	0.03878945	0.03565191	0.03547783	0.01804216	0.01568538	0.01313743	0.008619319	0.007837712	0.006710214	0.00571226
219	0.6430996	0.6331508	0.487723	0.4865154	0.2754988	0.2375509	0.2163657	0.2118005	0.2091055	0.2075886	0.1471741	0.1430306	0.1295861	0.1258361	0.1249468	0.1054854	0.0977932	0.08036582	0.05852213	0.02355896	0.02249612	0.02196228	0.02068289	0.0205439	0.01178521	0.01112307	0.01021069	0.006577487	0.005801441	0.005041756
220	0.4276056	0.4023151	0.4005948	0.3804492	0.3796097	0.1648172	0.140532	0.1357925	0.131508	0.1292602	0.1280284	0.0792126	0.07657026	0.06896661	0.06772554	0.06723479	0.05461442	0.05246614	0.04566841	0.03354051	0.01718954	0.01685593	0.01655143	0.01613636	0.01609649	0.007358623	0.006723382	0.00587443	0.002199754	0.002032034
221	0.1918312	0.1464048	0.1294165	0.1284062	0.1171159	0.1169273	0.1165455	0.09597967	0.09281574	0.0914887	0.08953355	0.08849903	0.04669265	0.04449347	0.0402824	0.03971328	0.03951138	0.03239291	0.0314709	0.02893443	0.02406373	0.01248925	0.0123344	0.01210462	0.01190553	0.01188937	0.00309076	0.002520481	0.001684818	0.001173602
222	0.115584	0.04576503	0.04190922	0.04028352	0.04011549	0.03753183	0.03743968	0.03738521	0.0358445	0.03367596	0.0332112	0.03179143	0.03131297	0.02472279	0.02291693	0.02037647	0.02005944	0.02001487	0.01630955	0.01583002	0.01502009	0.0127656	0.004050262	0.003995405	0.003862964	0.003790935	0.003787102	0.0005206313	0.000299417	0.0001996514
223	0.2678767	0.05972065	0.0256591	0.02316678	0.02204357	0.02188467	0.01972347	0.01963795	0.01960106	0.01864093	0.01753489	0.01726306	0.01594748	0.01553348	0.01188979	0.01025166	0.008622316	0.008395408	0.008367993	0.007140683	0.007009197	0.006784207	0.006075074	0.002209586	0.002178494	0.002130999	0.002095975	0.002093647	0.000322224	0.0001917241
224	0.5116072	0.0680196	0.05364611	0.01998753	0.01767779	0.01709501	0.01701684	0.01593412	0.01585085	0.01581782	0.01495729	0.01453285	0.01428821	0.01296822	0.01255817	0.009375703	0.007870435	0.006417071	0.00620469	0.006180879	0.005551773	0.005454284	0.005355949	0.004983762	0.001920922	0.00190411	0.001866914	0.001841449	0.001840357	0.0002864286
225	0.449761	0.2697033	0.05707304	0.04979808	0.01573933	0.01358927	0.01314748	0.01308328	0.01224138	0.01223341	0.01221496	0.01145429	0.01108608	0.01087961	0.01029688	0.01000598	0.007783495	0.006267669	0.004867325	0.004804166	0.00478558	0.00438382	0.004307581	0.004235979	0.003974301	0.001589809	0.00157703	0.001547379	0.001527352	0.001526527
226	0.6695318	0.4047952	0.2214167	0.02192774	0.0149017	0.0139696	0.01187447	0.01154638	0.01148219	0.01067551	0.01066832	0.01065134	0.009933459	0.009746365	0.009563919	0.008985132	0.00869754	0.006828949	0.005295433	0.003903354	0.003851181	0.003833987	0.003499799	0.003433987	0.003374731	0.003163352	0.00136594	0.001355665	0.001331204	0.001314784
227	0.7247044	0.6462445	0.3896272	0.2025475	0.0183683	0.01153697	0.01059642	0.0101402	0.009860359	0.009813449	0.009039304	0.009033785	0.009024808	0.008771657	0.008619033	0.008488357	0.007911694	0.007626862	0.006077635	0.004522337	0.003134641	0.003091245	0.003074712	0.002789033	0.002749815	0.00270032	0.002536952	0.001144489	0.001135955	0.00111533
228	0.6403969	0.4711918	0.3978487	0.2844632	0.09406083	0.009928308	0.007840968	0.007371448	0.007027596	0.006912776	0.006865943	0.006130587	0.006125811	0.006118356	0.005918467	0.005814171	0.005713269	0.005144199	0.00486484	0.003721118	0.003677946	0.002289464	0.002257085	0.002249767	0.002005928	0.001975611	0.001939815	0.001815619	0.0008490519	0.0008430122
229	0.3570104	0.3483169	0.1793373	0.123318	0.03725761	0.03492864	0.003399899	0.00291428	0.002566948	0.002387964	0.002332906	0.002330239	0.002237405	0.002234705	0.002231783	0.00211339	0.002056001	0.002005717	0.001977911	0.001960048	0.001318984	0.001294781	0.001243537	0.001225917	0.001222492	0.00107965	0.00106667	0.00104784	0.0009756642	0.0004730255
230	0.3266461	0.3167957	0.3110293	0.1381775	0.08263899	0.01946031	0.01811642	0.001752305	0.001513006	0.001168235	0.001074037	0.001048491	0.001047166	0.0009990481	0.0009983706	0.0009971388	0.0009232442	0.000897893	0.00087332	0.0008605002	0.0008513546	0.0005384475	0.0005259862	0.0005021179	0.0004959108	0.000493381	0.0003897302	0.0003837929	0.0003741752	0.000338336
231	0.1594492	0.0703545	0.06763522	0.06589248	0.06547304	0.01622731	0.008397487	0.008076305	0.0007582877	0.0006219138	0.0006124065	0.0005650195	0.0005516573	0.000550681	0.000521286	0.0005208845	0.0005201495	0.0004653858	0.0004517221	0.0004433191	0.0004375902	0.0004333486	0.0002846981	0.0002775424	0.0002667372	0.0002635638	0.0002614911	0.0001877097	0.0001821424	0.0001759232
232	0.1875705	0.07236481	0.01582221	0.01393627	0.01302762	0.01263296	0.01196249	0.006437127	0.006188735	0.0005925143	0.0004761543	0.0004675183	0.000437156	0.00042602	0.0004251138	0.0003991561	0.0003989536	0.0003985467	0.0003817866	0.0003701515	0.0003649936	0.0003605934	0.0003572685	0.0002392278	0.0002330227	0.0002237157	0.0002210967	0.000219081	0.0001510454	0.0001459439
233	0.2703798	0.1238193	0.05618624	0.007454284	0.006236143	0.005628877	0.005345691	0.004874275	0.003156978	0.002985561	0.00038973	0.0003103374	0.0003028853	0.0002877412	0.0002814053	0.0002805664	0.0002602547	0.0002601336	0.0002598721	0.0002490938	0.0002426979	0.0002409427	0.0002386967	0.000236972	0.000172208	0.000169353	0.0001616616	0.0001599741	0.0001589955	9.454385e-05
234	0.2900074	0.09284228	0.09100191	0.04709638	0.004804881	0.003946056	0.003437656	0.003382901	0.003048082	0.001566648	0.001488741	0.0002869727	0.0002255299	0.0002187062	0.0002105599	0.0002060483	0.0002052293	0.0001868048	0.0001867177	0.0001865299	0.0001800946	0.0001753262	0.0001745371	0.0001735587	0.0001730758	0.0001494261	0.0001473265	0.0001402249	0.0001388866	0.0001384177
235	0.6416453	0.267475	0.07831627	0.07659259	0.03534605	0.004342392	0.003600058	0.00310528	0.003053006	0.002730217	0.001268153	0.001196143	0.0002716492	0.0002127534	0.0002058767	0.0001991159	0.000194966	0.0001941339	0.0001758481	0.0001757677	0.0001755917	0.000169653	0.0001653062	0.0001650334	0.0001642613	0.0001639321	0.0001452862	0.0001433923	0.0001363369	0.0001350674
236	0.5468385	0.3580933	0.2387527	0.05657569	0.05493619	0.01600275	0.004171035	0.003576471	0.003072736	0.003020362	0.002706359	0.001224617	0.001151705	0.000239153	0.0002020965	0.000195186	0.0001886507	0.0001848986	0.00018405	0.0001655445	0.0001654682	0.0001653025	0.0001596394	0.0001557937	0.0001555349	0.0001548097	0.0001544946	0.0001369496	0.0001355855	0.0001290988
237	0.6607271	0.4656474	0.3050652	0.2121072	0.04808098	0.04714898	0.01445945	0.003574157	0.003206961	0.002703422	0.002665003	0.002378649	0.0008965156	0.0008287583	0.0001981028	0.0001690912	0.0001643108	0.0001592083	0.0001562678	0.0001554124	0.0001371141	0.0001370509	0.0001369152	0.0001323105	0.0001293881	0.0001291478	0.0001285797	0.0001283441	0.0001151689	0.0001143619
238	0.2289725	0.2115912	0.1704576	0.1229616	0.07963517	0.03175311	0.03122313	0.00649978	0.002773324	0.002514564	0.002155766	0.002137337	0.001886961	0.0004433767	0.0003835899	0.0001406205	0.0001231539	0.0001210541	0.0001180627	0.000116107	0.0001153185	9.758018e-05	9.75354e-05	9.744249e-05	9.418603e-05	9.243877e-05	9.222703e-05	9.201096e-05	9.191882e-05	8.850089e-05
239	0.5551886	0.2013584	0.185942	0.1454061	0.1005283	0.06375158	0.02581806	0.02568129	0.005253045	0.002714088	0.002490457	0.00212466	0.00211229	0.001879489	0.0004052678	0.000344388	0.0001162212	0.0001017277	9.980014e-05	9.724914e-05	9.570314e-05	9.49008e-05	7.69158e-05	7.687716e-05	7.680175e-05	7.414065e-05	7.279643e-05	7.258824e-05	7.240521e-05	7.232319e-05
240	0.4105331	0.1406645	0.085431	0.08218758	0.04753034	0.04377537	0.033946	0.01391592	0.01387206	0.003409813	0.002315809	0.002148113	0.001790102	0.001789123	0.001602335	0.0001290226	7.149977e-05	4.482848e-05	3.93654e-05	3.913811e-05	3.826608e-05	3.759803e-05	3.679238e-05	3.661014e-05	3.658859e-05	3.655854e-05	3.534078e-05	3.483789e-05	3.46511e-05	3.463856e-05
241	0.3882451	0.236934	0.1102414	0.06980165	0.0681796	0.0332227	0.03131348	0.0264297	0.009276243	0.00925076	0.002701801	0.00203876	0.001873505	0.001779514	0.001779008	0.001609199	9.841287e-05	3.954701e-05	2.584286e-05	2.264782e-05	2.252547e-05	2.201832e-05	2.162573e-05	2.161559e-05	2.150783e-05	2.150326e-05	2.148403e-05	2.076665e-05	2.047326e-05	2.046259e-05
242	0.3661649	0.3536195	0.217416	0.08845088	0.04840288	0.04728611	0.01145771	0.01041528	0.008117936	0.006174197	0.006160108	0.002357888	0.002001563	0.001835724	0.001790423	0.001790089	0.001635111	8.037422e-05	1.992111e-05	1.259033e-05	1.103049e-05	1.097133e-05	1.072144e-05	1.052978e-05	1.052496e-05	1.047752e-05	1.047552e-05	1.046835e-05	1.011819e-05	9.975319e-06
243	0.3832522	0.2108446	0.2040303	0.08625951	0.08137457	0.0409687	0.0407436	0.004958479	0.004304921	0.003514867	0.002840979	0.002833701	0.002007681	0.001848786	0.001680121	0.00167962	0.001679363	0.001675176	7.009973e-05	7.696647e-06	3.974024e-06	3.474789e-06	3.454579e-06	3.371269e-06	3.309983e-06	3.308554e-06	3.290766e-06	3.29011e-06	3.287825e-06	3.177659e-06
244	0.1970113	0.1796157	0.1756322	0.1713748	0.05531319	0.05065329	0.0392525	0.03911787	0.002087734	0.00195678	0.001876445	0.001789669	0.00178544	0.001730498	0.001724025	0.001723022	0.001722971	0.001722874	0.0017226	6.53261e-05	7.429054e-07	2.693575e-07	2.339816e-07	2.317699e-07	2.261752e-07	2.216301e-07	2.21528e-07	2.193502e-07	2.192896e-07	2.191036e-07
245	0.4532817	0.04333085	0.0406155	0.03996796	0.03889613	0.03714353	0.03704483	0.03701914	0.03699522	0.0002917068	0.0002016495	0.000167925	0.0001036932	0.0001028303	7.16434e-05	6.846656e-05	6.795309e-05	6.791971e-05	6.782799e-05	6.767792e-05	6.74367e-05	3.772021e-07	1.500579e-07	1.313107e-07	1.305664e-07	1.278006e-07	1.25258e-07	1.251985e-07	1.236634e-07	1.236252e-07
246	0.0187753	0.01756136	0.001305616	0.001020271	0.0007682739	0.0003301657	0.0001648215	0.0001405649	0.0001348295	0.0001336449	0.00013046	5.177185e-05	3.892916e-05	1.460824e-05	1.390931e-05	2.054248e-06	1.05612e-06	5.907142e-07	5.711658e-07	4.779636e-07	4.242747e-07	2.335803e-07	2.224375e-07	4.565371e-08	3.959894e-08	3.936439e-08	3.847151e-08	3.770394e-08	3.768651e-08	3.706716e-08
247	0.01535865	0.002896724	0.002281502	0.0003631759	0.000329303	0.0001673018	0.0001185261	3.663274e-05	2.090462e-05	1.932308e-05	1.916308e-05	1.667281e-05	9.263879e-06	6.107364e-06	2.746481e-06	2.116401e-06	1.061019e-06	8.038031e-07	3.456963e-07	3.427907e-07	2.46607e-07	2.260442e-07	4.695616e-08	3.95978e-08	6.427926e-09	5.081944e-09	5.040299e-09	4.818196e-09	4.712326e-09	4.70997e-09
248	0.3375651	0.01438157	0.00234292	0.001710047	0.0001872456	0.0001604969	0.0001513232	0.0001138561	3.5685e-05	1.936032e-05	1.791871e-05	1.778694e-05	1.520462e-05	7.592033e-06	4.848845e-06	2.01339e-06	1.359155e-06	4.809338e-07	3.722092e-07	3.560237e-07	3.532164e-07	2.528789e-07	2.325388e-07	4.635218e-08	3.870994e-08	4.791363e-09	4.096097e-09	4.059376e-09	3.850322e-09	3.76362e-09
249	0.3596241	0.3064454	0.01184222	0.001389005	0.001203838	9.359484e-05	7.412808e-05	6.75779e-05	4.125549e-05	3.464411e-05	1.764711e-05	1.631135e-05	1.621066e-05	1.356145e-05	5.736335e-06	3.191393e-06	1.088852e-06	1.079782e-06	3.675459e-07	2.787419e-07	2.639895e-07	2.613204e-07	2.605863e-07	2.403477e-07	4.631033e-08	3.835819e-08	3.60637e-09	3.046849e-09	3.022397e-09	2.825673e-09
250	0.5206748	0.3228814	0.2749867	0.01054733	0.0008643483	0.000704962	4.628224e-05	3.469272e-05	3.038373e-05	1.866509e-05	1.501226e-05	1.487213e-05	1.363152e-05	1.356848e-05	1.088012e-05	3.140347e-06	1.784467e-06	6.803162e-07	6.753215e-07	3.288298e-07	2.660844e-07	2.518409e-07	2.500885e-07	2.493737e-07	2.476369e-07	4.518931e-08	3.691789e-08	2.277409e-09	1.876758e-09	1.861343e-09
251	0.2856297	0.2753122	0.06875489	0.02009567	0.00950451	0.0003115841	0.0001542401	1.244412e-05	9.899112e-06	8.654948e-06	6.378272e-06	5.027959e-06	4.961496e-06	4.692908e-06	4.675935e-06	2.472569e-06	8.242603e-07	5.475212e-07	3.112059e-07	3.098726e-07	2.384874e-07	2.270635e-07	2.26182e-07	2.256829e-07	2.254845e-07	2.250984e-07	1.631637e-08	8.061158e-09	4.706516e-10	3.880231e-10
252	0.4510014	0.2759744	0.2753821	0.05825876	0.00727077	0.0003948046	0.0002042833	0.0001021217	7.623282e-06	6.106234e-06	5.41107e-06	3.943037e-06	3.605446e-06	3.576975e-06	3.547286e-06	3.538375e-06	1.445968e-06	4.095393e-07	2.30253e-07	6.993826e-08	6.922734e-08	2.31721e-08	1.583851e-08	1.526041e-08	1.487772e-08	1.473053e-08	1.446747e-08	1.379641e-08	5.153999e-09	3.034054e-10
253	0.1206124	0.09695568	0.05737306	0.05711465	0.05700377	0.003657491	0.000159868	5.810829e-05	5.510028e-05	2.932737e-06	2.155839e-06	1.695976e-06	9.791895e-07	8.163107e-07	7.940638e-07	7.79222e-07	7.753086e-07	7.252449e-07	2.049954e-07	1.111662e-07	3.132617e-08	3.096849e-08	7.983436e-09	3.829769e-09	3.435256e-09	3.23616e-09	3.129757e-09	2.993045e-09	2.631483e-09	2.569599e-09
254	0.0805012	0.03492935	0.02545187	0.002600387	0.002437924	0.002396335	0.002257874	0.0001135256	3.800606e-05	3.712976e-05	1.825861e-06	1.349336e-06	9.764436e-07	5.49601e-07	4.503391e-07	4.448667e-07	4.360615e-07	4.338046e-07	4.062325e-07	1.254517e-07	6.467896e-08	1.891398e-08	1.868542e-08	5.646179e-09	2.340935e-09	1.9803e-09	1.871727e-09	1.771669e-09	1.694293e-09	1.473103e-09
255	0.08905321	0.04958075	0.02122327	0.01540298	0.001539901	0.001453848	0.00142774	0.001309934	8.700952e-05	2.801002e-05	2.728668e-05	9.922601e-07	6.831322e-07	5.895953e-07	3.208677e-07	2.572742e-07	2.531031e-07	2.478856e-07	2.465214e-07	2.30954e-07	7.558313e-08	3.949112e-08	1.223888e-08	1.208561e-08	4.183361e-09	1.368455e-09	1.149783e-09	1.089513e-09	1.033632e-09	9.8501e-10
256	0.07896962	0.04797378	0.0271846	0.01095258	0.008027751	0.0008886789	0.0008421556	0.0008276756	0.000724293	6.929459e-05	2.105377e-05	2.043453e-05	5.34552e-07	3.492463e-07	2.965852e-07	1.467299e-07	1.096921e-07	1.065472e-07	1.038848e-07	1.03195e-07	9.677307e-08	3.708265e-08	1.941501e-08	6.025639e-09	5.934369e-09	1.873314e-09	6.125704e-10	5.18089e-10	4.946478e-10	4.723303e-10
257	0.4421583	0.05199663	0.02963524	0.01706366	0.006290516	0.004682932	0.0005108273	0.00048127	0.0004721365	0.0004598438	6.347125e-05	1.810542e-05	1.796815e-05	3.309613e-07	1.978677e-07	1.629976e-07	6.671424e-08	4.174908e-08	3.899104e-08	3.745913e-08	3.707004e-08	3.53929e-08	1.945613e-08	1.018851e-08	3.095363e-09	3.055795e-09	7.338888e-10	2.651386e-10	2.307445e-10	2.241679e-10
258	0.6541129	0.1107964	0.04442276	0.02451023	0.01402959	0.004746917	0.003890442	0.0004373888	0.0004116016	0.0004058811	0.0003951557	6.506326e-05	1.82672e-05	1.813978e-05	2.90884e-07	1.676367e-07	1.360876e-07	5.355239e-08	3.21823e-08	3.159364e-08	3.031624e-08	3.000376e-08	2.869926e-08	1.637446e-08	8.540745e-09	2.588492e-09	2.555907e-09	5.927615e-10	2.153013e-10	1.870857e-10
259	0.6199747	0.6186197	0.0926416	0.03535762	0.01625827	0.008162264	0.003587365	0.002908419	0.0003003049	0.0002850958	0.0002807544	0.0002715867	2.377124e-05	1.8441e-05	1.832481e-05	2.48013e-07	1.365338e-07	1.089595e-07	4.25544e-08	2.571281e-08	2.525512e-08	2.430327e-08	2.406571e-08	2.300203e-08	1.29224e-08	6.804853e-09	2.053138e-09	2.027209e-09	4.713983e-10	1.689584e-10
260	0.321604	0.1717801	0.170636	0.04287119	0.01846253	0.01345589	0.006539983	0.002949374	0.002388003	0.0002340438	0.0002214903	0.0002178953	0.0002122166	7.030374e-06	2.618362e-06	2.57465e-06	2.256256e-07	1.171453e-07	9.109592e-08	3.585361e-08	2.194769e-08	2.156788e-08	2.077441e-08	2.057715e-08	1.965842e-08	1.085849e-08	5.709834e-09	1.714378e-09	1.692509e-09	3.998184e-10
261	0.4870727	0.2828693	0.1451648	0.1440518	0.03757768	0.01584137	0.01134675	0.005840046	0.002632813	0.002127144	0.0002082088	0.0001970132	0.0001938045	0.0001886796	6.196981e-06	2.274658e-06	2.235706e-06	1.444938e-07	1.073744e-07	8.139522e-08	3.246233e-08	2.013423e-08	1.979534e-08	1.908505e-08	1.890881e-08	1.805238e-08	9.802023e-09	5.149237e-09	1.537446e-09	1.517652e-09
262	0.4293276	0.4255059	0.2461281	0.1234887	0.1224203	0.03211844	0.01354376	0.009662133	0.004961692	0.002250304	0.001812148	0.0001770225	0.0001675226	0.0001647804	0.0001603257	5.255289e-06	1.927007e-06	1.893808e-06	1.139282e-07	8.229287e-08	7.008268e-08	2.833159e-08	1.792642e-08	1.7637e-08	1.703688e-08	1.688605e-08	1.610524e-08	8.522392e-09	4.470479e-09	1.32321e-09
263	0.3825098	0.3638977	0.3606289	0.2051806	0.09905283	0.09852683	0.02597101	0.01097379	0.007788336	0.003998605	0.001815549	0.001454079	0.0001416118	0.0001339762	0.0001317641	0.0001280693	4.200039e-06	1.545238e-06	1.518592e-06	9.298876e-08	6.779335e-08	5.718823e-08	2.368438e-08	1.54586e-08	1.522547e-08	1.47405e-08	1.461853e-08	1.392134e-08	7.071215e-09	3.700433e-09
264	0.2975899	0.2933182	0.2801869	0.2778524	0.1542862	0.0697109	0.06930228	0.01836142	0.007711133	0.005401747	0.002817438	0.001282388	0.001020516	9.874083e-05	9.337143e-05	9.18029e-05	8.906876e-05	2.926449e-06	1.083741e-06	1.06509e-06	6.839552e-08	5.075989e-08	4.211396e-08	1.791224e-08	1.226977e-08	1.210475e-08	1.176242e-08	1.167557e-08	1.108888e-08	5.212478e-09
265	0.5221153	0.2524039	0.2496521	0.2392712	0.2371965	0.1287326	0.05400522	0.0536526	0.01432753	0.005994567	0.004161432	0.002174189	0.0009925374	0.0007869789	7.556653e-05	7.142672e-05	7.020159e-05	6.797245e-05	2.230133e-06	8.315644e-07	8.173649e-07	5.219182e-08	3.862923e-08	3.435122e-08	1.497245e-08	1.07877e-08	1.065996e-08	1.039669e-08	1.032855e-08	9.783413e-09
266	0.9836675	0.4669461	0.2273393	0.2248601	0.2154625	0.213399	0.11541	0.04802067	0.04771407	0.012775	0.005360305	0.003699573	0.001934603	0.0008834994	0.0006996205	6.713918e-05	6.346088e-05	6.237087e-05	6.035835e-05	1.980008e-06	7.390143e-07	7.263872e-07	4.63342e-08	3.428615e-08	3.04814e-08	1.341308e-08	9.719197e-09	9.60519e-09	9.371122e-09	9.310461e-09
267	0.9953262	0.9782118	0.4027471	0.1903141	0.1882165	0.1801578	0.1781002	0.09647536	0.03982464	0.03958364	0.01063301	0.004482718	0.003064818	0.001603415	0.0007325921	0.0005797425	5.558785e-05	5.254042e-05	5.163628e-05	4.993363e-05	1.637668e-06	6.11932e-07	6.014667e-07	3.835242e-08	2.837507e-08	2.522141e-08	1.119497e-08	8.159561e-09	8.064341e-09	7.870544e-09
268	0.349626	0.348019	0.343521	0.2450847	0.1275817	0.1262762	0.1214242	0.1207383	0.06500847	0.02643011	0.0262668	0.00696065	0.00285364	0.002044417	0.001071066	0.0004893335	0.0003860339	3.687922e-05	3.48459e-05	3.424272e-05	3.31814e-05	1.08799e-06	4.073115e-07	4.003995e-07	2.552305e-08	1.887756e-08	1.677194e-08	7.5624e-09	5.567441e-09	5.506118e-09
269	0.07485522	0.06887614	0.06855563	0.0676421	0.04772503	0.02408825	0.02385967	0.02311789	0.02301709	0.0117238	0.003874311	0.00384412	0.001046967	0.000441479	0.0003029528	0.000164882	7.634258e-05	5.515306e-05	5.07078e-06	4.776247e-06	4.687806e-06	4.534803e-06	1.478608e-07	5.733821e-08	5.63226e-08	3.505528e-09	2.562072e-09	2.250066e-09	1.331993e-09	1.122509e-09
270	0.2666971	0.03146163	0.02896849	0.02883393	0.02845077	0.02007555	0.01013034	0.01003444	0.009724191	0.009681964	0.004926682	0.001621588	0.001608896	0.0004386963	0.000185231	0.0001270964	6.921516e-05	3.205995e-05	2.313375e-05	2.126079e-06	2.002869e-06	1.965856e-06	1.901487e-06	6.200764e-08	2.405694e-08	2.363106e-08	1.469586e-09	1.07407e-09	9.431747e-10	5.601393e-10
