#unpaired probabilities
 #i$	l=1	2	3	4	5	6	7	8	9	10	11	12	13	14	15	16	17	18	19	20	21	22	23	24	25	26	27	28	29	30	
1	0.6835815	NA	NA	NA	NA	NA	NA	NA	NA	NA	NA	NA	NA	NA	NA	NA	NA	NA	NA	NA	NA	NA	NA	NA	NA	NA	NA	NA	NA	NA
2	0.01678798	0.01675759	NA	NA	NA	NA	NA	NA	NA	NA	NA	NA	NA	NA	NA	NA	NA	NA	NA	NA	NA	NA	NA	NA	NA	NA	NA	NA	NA	NA
3	0.01424544	0.01281842	0.01280094	NA	NA	NA	NA	NA	NA	NA	NA	NA	NA	NA	NA	NA	NA	NA	NA	NA	NA	NA	NA	NA	NA	NA	NA	NA	NA	NA
4	0.01919704	0.01258934	0.01187496	0.01185961	NA	NA	NA	NA	NA	NA	NA	NA	NA	NA	NA	NA	NA	NA	NA	NA	NA	NA	NA	NA	NA	NA	NA	NA	NA	NA
5	0.02386632	0.01628243	0.01214597	0.01156171	0.01154671	NA	NA	NA	NA	NA	NA	NA	NA	NA	NA	NA	NA	NA	NA	NA	NA	NA	NA	NA	NA	NA	NA	NA	NA	NA
6	0.01243093	0.006926815	0.006538945	0.006409476	0.006257495	0.006257344	NA	NA	NA	NA	NA	NA	NA	NA	NA	NA	NA	NA	NA	NA	NA	NA	NA	NA	NA	NA	NA	NA	NA	NA
7	0.4272038	0.01228043	0.006872274	0.00649062	0.006362871	0.006241463	0.00624132	NA	NA	NA	NA	NA	NA	NA	NA	NA	NA	NA	NA	NA	NA	NA	NA	NA	NA	NA	NA	NA	NA	NA
8	0.4827967	0.01421693	0.01195867	0.006755142	0.006404082	0.006282177	0.006227408	0.006227267	NA	NA	NA	NA	NA	NA	NA	NA	NA	NA	NA	NA	NA	NA	NA	NA	NA	NA	NA	NA	NA	NA
9	0.0941482	0.04791296	0.005030392	0.003357084	0.003148238	0.003139429	0.003091593	0.003041001	0.003040924	NA	NA	NA	NA	NA	NA	NA	NA	NA	NA	NA	NA	NA	NA	NA	NA	NA	NA	NA	NA	NA
10	0.0778286	0.06310427	0.02124675	0.003620864	0.00332756	0.003124312	0.003116617	0.003068952	0.003032721	0.003032645	NA	NA	NA	NA	NA	NA	NA	NA	NA	NA	NA	NA	NA	NA	NA	NA	NA	NA	NA	NA
11	0.5529524	0.01882147	0.01227035	0.008636321	0.002882454	0.002621326	0.002620318	0.00261933	0.002572962	0.002536852	0.002536782	NA	NA	NA	NA	NA	NA	NA	NA	NA	NA	NA	NA	NA	NA	NA	NA	NA	NA	NA
12	0.5540801	0.4889962	0.01833258	0.0118904	0.008455253	0.002798981	0.002612602	0.002611695	0.002610722	0.002564357	0.002535617	0.002535547	NA	NA	NA	NA	NA	NA	NA	NA	NA	NA	NA	NA	NA	NA	NA	NA	NA	NA
13	0.9987108	0.5532296	0.4889601	0.01832952	0.01188813	0.008453573	0.002798482	0.002612119	0.002611212	0.002610247	0.002563883	0.002535144	0.002535073	NA	NA	NA	NA	NA	NA	NA	NA	NA	NA	NA	NA	NA	NA	NA	NA	NA
14	0.944445	0.9431559	0.5078201	0.4445687	0.01384473	0.01031354	0.007097056	0.002783004	0.002609509	0.002608632	0.002607673	0.00256131	0.002534292	0.002534222	NA	NA	NA	NA	NA	NA	NA	NA	NA	NA	NA	NA	NA	NA	NA	NA
15	0.9357957	0.8857819	0.8844931	0.4532295	0.3903361	0.01352343	0.01008863	0.006928664	0.002654524	0.002596567	0.002595796	0.002594856	0.002548496	0.002532917	0.002532847	NA	NA	NA	NA	NA	NA	NA	NA	NA	NA	NA	NA	NA	NA	NA
16	0.9882133	0.9328507	0.8829513	0.8816625	0.4514498	0.3885893	0.01348139	0.01005456	0.006896323	0.002624831	0.002567794	0.002567357	0.002567109	0.002548242	0.00253279	0.00253276	NA	NA	NA	NA	NA	NA	NA	NA	NA	NA	NA	NA	NA	NA
17	0.9837579	0.9726321	0.9174309	0.8677671	0.8664785	0.440955	0.3786151	0.008814893	0.007577775	0.004431153	0.002612046	0.002563919	0.002563539	0.002563303	0.002544437	0.002531009	0.00253098	NA	NA	NA	NA	NA	NA	NA	NA	NA	NA	NA	NA	NA
18	0.9827257	0.9716362	0.9620931	0.9070254	0.858433	0.8571445	0.4347255	0.3727349	0.008696939	0.007512331	0.004385312	0.00258178	0.002550234	0.002549862	0.002549627	0.002530762	0.002525574	0.002525544	NA	NA	NA	NA	NA	NA	NA	NA	NA	NA	NA	NA
19	0.991083	0.9811816	0.9701042	0.9606671	0.9056093	0.8570315	0.8570061	0.4346318	0.372662	0.008665128	0.007486143	0.004359366	0.002559936	0.002529425	0.002529276	0.002529249	0.002529243	0.002524147	0.002524147	NA	NA	NA	NA	NA	NA	NA	NA	NA	NA	NA
20	0.9988935	0.9900507	0.9802002	0.9691339	0.9597014	0.9046501	0.8560753	0.8560499	0.4337391	0.3720906	0.008329981	0.007262155	0.004138128	0.002460309	0.002436116	0.002435989	0.002435966	0.002435961	0.00243226	0.00243226	NA	NA	NA	NA	NA	NA	NA	NA	NA	NA
21	0.9970406	0.9963766	0.9875878	0.9778102	0.966766	0.957337	0.9023154	0.8537644	0.853739	0.4314417	0.3701161	0.006478912	0.006278135	0.003157324	0.002450636	0.002430371	0.002430274	0.002430256	0.002430252	0.002427945	0.002427945	NA	NA	NA	NA	NA	NA	NA	NA	NA
22	0.935555	0.934888	0.9343394	0.9263149	0.916603	0.9055753	0.896149	0.8411468	0.7925977	0.7925723	0.3703689	0.3690214	0.006399184	0.006239885	0.003125469	0.002427283	0.002425096	0.002425057	0.002425052	0.002425051	0.002425008	0.002425008	NA	NA	NA	NA	NA	NA	NA	NA
23	0.4438302	0.4403592	0.4398886	0.4394586	0.4320281	0.4309849	0.4308063	0.424041	0.4233268	0.4209226	0.4208973	0.3646169	0.3632724	0.003892251	0.003732952	0.0006458545	4.919249e-05	4.711708e-05	4.709532e-05	4.70908e-05	4.708984e-05	4.704739e-05	4.704739e-05	NA	NA	NA	NA	NA	NA	NA
24	0.5697106	0.4432568	0.4397881	0.4393177	0.4388884	0.4314586	0.4304155	0.4302376	0.4234726	0.4227585	0.4203544	0.4203291	0.364053	0.3632576	0.003877529	0.003723159	0.0006361628	3.965563e-05	3.759628e-05	3.757454e-05	3.757002e-05	3.756906e-05	3.753787e-05	3.753786e-05	NA	NA	NA	NA	NA	NA
25	0.9881325	0.5654434	0.4424593	0.4389912	0.4385214	0.4380924	0.4306632	0.4296202	0.4294426	0.4226778	0.4219637	0.4195597	0.4195344	0.3632603	0.3632433	0.003863252	0.003718482	0.000631534	3.504833e-05	3.301028e-05	3.298856e-05	3.298405e-05	3.29831e-05	3.298268e-05	3.298268e-05	NA	NA	NA	NA	NA
26	0.9794342	0.9677432	0.5491346	0.4283047	0.4248373	0.4243677	0.4239395	0.423869	0.4228265	0.4226508	0.4226038	0.4218901	0.4194864	0.419486	0.3632253	0.363214	0.003834432	0.003689674	0.0006030291	6.677554e-06	4.639499e-06	4.617788e-06	4.613317e-06	4.612364e-06	4.611947e-06	4.611944e-06	NA	NA	NA	NA
27	0.8399891	0.8399542	0.8333998	0.4612335	0.3594886	0.3593809	0.3593099	0.3591753	0.3591396	0.3589898	0.3589326	0.3589172	0.3588865	0.3588837	0.3588837	0.3526274	0.3526162	0.003313879	0.003169122	0.0005986834	2.366315e-06	3.283081e-07	3.066093e-07	3.021411e-07	3.011891e-07	3.007727e-07	3.007692e-07	NA	NA	NA
28	0.04990143	0.01826522	0.01826505	0.01715914	0.001206417	0.0007641596	0.0007629966	0.0007621807	0.0007605648	0.000760411	0.0007590172	0.0007583866	0.0007582518	0.000757806	0.0007572372	0.0007572371	0.0007569765	0.0007458166	0.000745598	0.0006008405	0.00059844	2.344418e-06	3.06413e-07	2.847142e-07	2.802464e-07	2.792948e-07	2.788784e-07	2.788749e-07	NA	NA
29	0.1256455	0.04678132	0.01756187	0.01756177	0.01647246	0.0009718917	0.0006076955	0.0006065934	0.0006058385	0.000604364	0.0006042332	0.0006029983	0.0006024278	0.0006023048	0.0006018904	0.0006013216	0.0006013214	0.000601061	0.0006010588	0.0006008401	0.0006008394	0.0005984389	2.343339e-06	3.061178e-07	2.84419e-07	2.799512e-07	2.789995e-07	2.786988e-07	2.786953e-07	NA
30	0.03155782	0.003837969	0.0001186572	4.958008e-05	4.957485e-05	4.569631e-05	3.416657e-06	2.578432e-06	2.571991e-06	2.557897e-06	2.546436e-06	2.541903e-06	2.515519e-06	2.49567e-06	2.486016e-06	2.478125e-06	2.47167e-06	2.471536e-06	2.344333e-06	2.342158e-06	2.340421e-06	2.339725e-06	2.336814e-06	2.33553e-06	2.983094e-07	2.766107e-07	2.721428e-07	2.711912e-07	2.708905e-07	2.708869e-07
31	0.02850071	0.02722815	0.0001114317	3.904916e-06	3.171769e-06	3.166889e-06	2.951965e-06	5.609397e-07	5.206617e-07	5.173876e-07	5.054122e-07	4.9818e-07	4.940318e-07	4.713732e-07	4.532805e-07	4.44015e-07	4.373455e-07	4.327926e-07	4.326585e-07	3.054925e-07	3.045294e-07	3.027925e-07	3.024298e-07	2.995189e-07	2.982353e-07	2.980926e-07	2.763939e-07	2.719261e-07	2.709744e-07	2.708793e-07
32	0.01651387	0.01109672	0.01055564	2.325851e-05	3.191101e-06	2.747891e-06	2.74405e-06	2.565955e-06	5.271373e-07	4.943485e-07	4.91129e-07	4.792126e-07	4.720409e-07	4.679112e-07	4.453118e-07	4.272606e-07	4.180116e-07	4.114092e-07	4.069112e-07	4.067899e-07	2.833598e-07	2.824067e-07	2.806829e-07	2.803275e-07	2.774175e-07	2.761343e-07	2.760871e-07	2.76037e-07	2.717691e-07	2.708827e-07
33	0.01635745	0.00982346	0.005853424	0.00537199	1.816008e-05	3.02555e-06	2.679814e-06	2.677878e-06	2.504462e-06	5.205882e-07	4.893094e-07	4.860964e-07	4.741855e-07	4.670235e-07	4.6297e-07	4.403792e-07	4.223365e-07	4.132624e-07	4.066659e-07	4.021738e-07	4.021123e-07	2.789174e-07	2.77975e-07	2.762523e-07	2.759001e-07	2.729907e-07	2.717078e-07	2.716736e-07	2.716687e-07	2.716623e-07
34	0.01543142	0.01228791	0.008231439	0.004434698	0.003999783	1.728433e-05	2.993455e-06	2.663389e-06	2.663016e-06	2.490589e-06	5.186548e-07	4.877578e-07	4.845503e-07	4.726417e-07	4.654904e-07	4.614458e-07	4.388611e-07	4.208423e-07	4.117879e-07	4.051961e-07	4.00709e-07	4.006911e-07	2.776936e-07	2.767605e-07	2.750406e-07	2.746913e-07	2.717857e-07	2.705044e-07	2.70473e-07	2.704725e-07
35	0.02067678	0.01443688	0.01203065	0.008090825	0.004366604	0.003944066	1.688066e-05	2.938437e-06	2.659431e-06	2.659065e-06	2.486819e-06	5.172155e-07	4.868682e-07	4.836629e-07	4.717553e-07	4.646096e-07	4.605683e-07	4.379866e-07	4.199814e-07	4.10934e-07	4.043445e-07	3.998598e-07	3.99842e-07	2.769383e-07	2.764148e-07	2.746962e-07	2.743781e-07	2.714746e-07	2.701943e-07	2.701937e-07
36	0.1082086	0.006957857	0.005834418	0.005252168	0.001766397	0.0009153246	0.000609269	2.77386e-06	4.867288e-07	4.429597e-07	4.429102e-07	4.155426e-07	1.150539e-07	1.051486e-07	1.042396e-07	9.325253e-08	9.212764e-08	9.150424e-08	7.197706e-08	6.918317e-08	6.770812e-08	6.358321e-08	6.173413e-08	6.171923e-08	4.274081e-08	4.243692e-08	4.21488e-08	4.183107e-08	4.136442e-08	4.11668e-08
37	0.03212476	0.01135427	0.004664882	0.004398971	0.004122471	0.0007127264	0.0003472246	4.9299e-05	3.263244e-07	6.763791e-08	6.399453e-08	6.398033e-08	6.094769e-08	4.097313e-08	4.070972e-08	4.018647e-08	2.935427e-08	2.924109e-08	2.919185e-08	1.017829e-08	9.939574e-09	9.736462e-09	6.025642e-09	4.619239e-09	4.604367e-09	3.081693e-09	2.821531e-09	2.773673e-09	2.772166e-09	2.714819e-09
38	0.00310244	0.003030699	0.001421155	0.000864567	0.000840336	0.0006793721	0.0006096222	0.000307736	1.284308e-05	5.740188e-08	3.329148e-09	2.83428e-09	2.829543e-09	2.686375e-09	1.070623e-09	1.044569e-09	1.038444e-09	1.036867e-09	9.942816e-10	9.908617e-10	9.86328e-10	9.311705e-10	9.238933e-10	9.061609e-10	8.956575e-10	8.833307e-10	5.075028e-10	2.50354e-10	2.188735e-10	2.173683e-10
39	0.006122439	0.002363391	0.002341223	0.0008257989	0.0003381256	0.0003330196	0.0003287011	0.0003167585	0.0003073794	1.263154e-05	3.312324e-08	2.716468e-09	2.321881e-09	2.317258e-09	2.189462e-09	6.68286e-10	6.45715e-10	6.436154e-10	6.427555e-10	6.37469e-10	6.343149e-10	6.308928e-10	6.16403e-10	6.096329e-10	6.057544e-10	6.030624e-10	5.907759e-10	4.744713e-10	2.173449e-10	2.055022e-10
40	0.999572	0.006100404	0.002347674	0.002325509	0.0008107458	0.0003232323	0.0003187805	0.00031717	0.0003167546	0.0003073764	1.263023e-05	3.311284e-08	2.715359e-09	2.320862e-09	2.316241e-09	2.188486e-09	6.678071e-10	6.452439e-10	6.431449e-10	6.422853e-10	6.370005e-10	6.340169e-10	6.305958e-10	6.161103e-10	6.095275e-10	6.056496e-10	6.029584e-10	5.906776e-10	4.744029e-10	2.172781e-10
41	0.211205	0.2111721	0.003722545	0.001936849	0.001921234	0.0004908396	3.041575e-05	2.62155e-05	2.469326e-05	2.430678e-05	1.507114e-05	1.24635e-05	2.85327e-08	2.295864e-09	1.954076e-09	1.949492e-09	1.82932e-09	3.894628e-10	3.719721e-10	3.699848e-10	3.691704e-10	3.641762e-10	3.6137e-10	3.580973e-10	3.44344e-10	3.381258e-10	3.343668e-10	3.318024e-10	3.195216e-10	2.082462e-10
42	0.009142134	0.006267197	0.006246671	0.001374172	0.001309588	0.001308056	0.0003274258	1.250352e-05	9.654915e-06	8.639535e-06	8.38347e-06	5.88928e-06	3.381587e-06	2.411322e-08	1.586177e-09	1.310364e-09	1.305832e-09	1.224039e-09	2.470704e-10	2.352296e-10	2.339162e-10	2.333943e-10	2.300201e-10	2.281056e-10	2.263559e-10	2.178426e-10	2.136052e-10	2.121967e-10	2.107155e-10	1.984346e-10
43	0.4665648	0.007057068	0.004348144	0.004327639	0.00133819	0.001306945	0.00130544	0.0003267609	1.246522e-05	9.622289e-06	8.608931e-06	8.353371e-06	5.862469e-06	3.365379e-06	1.16009e-08	1.577732e-09	1.307721e-09	1.30319e-09	1.221559e-09	2.464849e-10	2.347402e-10	2.334293e-10	2.329085e-10	2.29541e-10	2.276303e-10	2.25884e-10	2.173877e-10	2.131587e-10	2.117529e-10	2.102747e-10
44	0.2912986	0.1488764	0.004809994	0.003359049	0.003338567	0.001319243	0.001305065	0.001303606	0.0003263	1.244539e-05	9.606454e-06	8.594521e-06	8.339317e-06	5.850755e-06	3.361955e-06	1.078034e-08	1.479655e-09	1.305846e-09	1.301315e-09	1.219799e-09	2.460629e-10	2.343971e-10	2.33088e-10	2.325679e-10	2.292053e-10	2.272972e-10	2.255533e-10	2.170689e-10	2.128458e-10	2.114421e-10
45	0.4693731	0.2880212	0.1474713	0.00468662	0.003247209	0.003230263	0.001315509	0.001302241	0.001300787	0.0003255985	1.242377e-05	9.59098e-06	8.581243e-06	8.326585e-06	5.841504e-06	3.357916e-06	1.074914e-08	1.463768e-09	1.302536e-09	1.29851e-09	1.217169e-09	2.454582e-10	2.33824e-10	2.325178e-10	2.319988e-10	2.286434e-10	2.267394e-10	2.249992e-10	2.165332e-10	2.123193e-10
46	0.5078427	0.2955896	0.2868319	0.1463977	0.00416591	0.002729158	0.002728922	0.0008676396	0.0008568791	0.0008557417	0.0002136166	7.401363e-06	5.536003e-06	4.870987e-06	4.701915e-06	2.761827e-06	2.724622e-06	7.992307e-09	9.781369e-10	8.617134e-10	8.616434e-10	8.078353e-10	1.532421e-10	1.456308e-10	1.447608e-10	1.444167e-10	1.422052e-10	1.409509e-10	1.39791e-10	1.34215e-10
47	0.0380424	0.03730246	0.003443204	0.002186732	0.001763456	0.001549704	0.001546046	0.00154598	0.0005882385	0.0005819952	0.0005815595	0.0001439349	3.398057e-06	2.126889e-06	1.673847e-06	1.557561e-06	8.410118e-07	8.348595e-07	6.372068e-09	6.816841e-10	5.92503e-10	5.924556e-10	5.560834e-10	1.005364e-10	9.530976e-11	9.472936e-11	9.449917e-11	9.299599e-11	9.214157e-11	9.137883e-11
48	0.04707481	0.03647786	0.03578415	0.002192064	0.0009865985	0.0007378587	0.0007277177	0.0007265566	0.0007264908	0.0005838644	0.0005814417	0.0005810066	0.0001437956	3.391609e-06	2.121642e-06	1.669029e-06	1.552849e-06	8.369862e-07	8.313857e-07	3.682009e-09	6.736577e-10	5.919475e-10	5.919001e-10	5.555621e-10	1.004099e-10	9.520893e-11	9.462908e-11	9.439911e-11	9.289735e-11	9.204374e-11
49	0.7127639	0.04656295	0.0363174	0.03562546	0.002034947	0.0008449739	0.0005997756	0.0005937593	0.0005926298	0.0005925641	0.000581803	0.0005804254	0.000579991	0.000143544	3.385304e-06	2.117556e-06	1.665733e-06	1.54975e-06	8.351378e-07	8.297014e-07	3.443966e-09	6.519998e-10	5.909697e-10	5.909224e-10	5.546476e-10	1.002227e-10	9.50398e-11	9.446094e-11	9.423137e-11	9.273224e-11
50	0.7133151	0.7086003	0.04547368	0.03559102	0.03490389	0.001424122	0.0003935203	0.0001602659	0.0001577743	0.0001571138	0.0001570844	0.0001527631	0.0001526735	0.0001525436	3.775574e-05	8.937083e-07	5.602703e-07	4.413609e-07	4.079701e-07	2.196689e-07	2.18248e-07	9.337494e-10	1.996309e-10	1.843641e-10	1.843517e-10	1.746593e-10	2.648004e-11	2.500296e-11	2.484541e-11	2.478476e-11
51	0.9939647	0.7125575	0.7078923	0.04532621	0.03544827	0.03487401	0.001407694	0.0003798729	0.0001527283	0.0001502653	0.0001496488	0.0001496201	0.0001453492	0.0001452645	0.0001451409	3.592123e-05	8.46673e-07	5.294243e-07	4.162975e-07	3.882136e-07	2.090199e-07	2.076673e-07	8.903601e-10	1.918547e-10	1.773262e-10	1.773143e-10	1.680819e-10	2.520203e-11	2.378901e-11	2.363875e-11
52	0.3298996	0.3297902	0.048887	0.04458468	0.04430857	0.034557	0.03443248	0.001031666	5.403901e-05	1.962812e-05	1.770922e-05	1.750284e-05	1.749038e-05	1.500656e-05	1.494246e-05	1.493111e-05	3.695387e-06	8.718122e-08	5.454362e-08	4.28303e-08	3.990663e-08	2.150718e-08	2.135964e-08	8.781559e-11	1.591725e-11	1.438418e-11	1.438296e-11	1.34347e-11	2.737341e-12	2.451734e-12
53	0.326567	0.3198241	0.3197157	0.03885964	0.03458968	0.03450351	0.03450286	0.03437844	0.0009809623	8.647311e-06	4.305566e-06	3.10248e-06	2.939922e-06	2.938477e-06	2.661112e-06	2.657381e-06	2.655158e-06	6.572324e-07	1.561711e-08	9.812553e-09	7.660996e-09	7.110025e-09	3.825757e-09	3.799133e-09	1.559434e-11	2.815717e-12	2.550689e-12	2.550472e-12	2.365628e-12	4.63369e-13
54	0.01410593	0.005247604	0.005168259	0.005156154	0.005110088	0.0009767587	0.0009637592	0.0009637184	0.0009623921	0.0009466163	4.983848e-06	1.451601e-06	2.912515e-07	1.408329e-07	1.408199e-07	2.778728e-08	2.723265e-08	2.713253e-08	6.749181e-09	2.027143e-10	1.434577e-10	1.219112e-10	7.967906e-11	4.190359e-11	3.997437e-11	1.793251e-13	4.811616e-14	4.538819e-14	4.538598e-14	2.428888e-14
55	0.001223988	0.0001094337	2.014653e-05	1.866116e-05	1.864006e-05	1.858897e-05	1.847462e-05	6.338875e-06	6.303689e-06	6.254515e-06	6.243489e-06	4.868723e-06	1.385551e-06	2.261709e-07	1.203551e-07	1.203513e-07	9.28749e-09	8.784946e-09	8.762688e-09	2.174249e-09	5.838013e-11	3.923154e-11	3.240205e-11	3.058484e-11	1.54842e-11	1.372897e-11	5.222255e-14	9.290279e-15	8.393127e-15	8.392413e-15
56	0.001283678	0.000343501	2.975447e-05	2.124867e-06	1.819756e-06	1.816341e-06	1.785251e-06	1.765399e-06	1.651589e-06	1.61664e-06	1.616546e-06	1.614584e-06	1.610249e-06	1.34006e-06	1.806919e-07	1.188388e-07	1.188352e-07	7.811716e-09	7.309705e-09	7.296531e-09	1.807588e-09	4.481804e-11	2.887337e-11	2.319085e-11	2.178089e-11	1.228177e-11	1.054006e-11	4.361283e-14	7.712132e-15	6.960806e-15
57	0.489291	0.00108531	0.0001724074	2.929505e-05	2.013121e-06	1.77009e-06	1.767135e-06	1.736173e-06	1.716426e-06	1.60576e-06	1.600482e-06	1.600392e-06	1.598438e-06	1.594111e-06	1.323924e-06	1.709047e-07	1.090517e-07	1.090481e-07	7.773412e-09	7.287194e-09	7.274036e-09	1.802014e-09	4.46779e-11	2.878238e-11	2.311738e-11	2.171176e-11	1.224033e-11	1.050743e-11	4.301449e-14	7.677598e-15
58	0.3813504	0.009108171	0.0001383973	1.23897e-05	2.463934e-06	6.441561e-07	6.124356e-07	6.117511e-07	5.813705e-07	5.619608e-07	4.519542e-07	4.503706e-07	4.50281e-07	4.483458e-07	4.440451e-07	1.738615e-07	1.707614e-07	1.089085e-07	1.08905e-07	7.647923e-09	7.215919e-09	7.202812e-09	1.783137e-09	4.261224e-11	2.686877e-11	2.125795e-11	1.986578e-11	1.048e-11	1.040792e-11	4.260022e-14
59	0.07824159	0.07322598	0.005587077	6.504931e-05	6.10904e-06	7.078846e-07	1.943545e-07	1.794121e-07	1.78987e-07	1.62193e-07	1.507447e-07	1.139116e-07	1.127263e-07	1.126749e-07	1.115422e-07	1.098682e-07	1.092617e-07	1.061705e-07	1.060163e-07	1.06013e-07	4.76584e-09	4.334036e-09	4.32378e-09	1.070142e-09	2.521327e-11	1.576151e-11	1.239264e-11	1.155681e-11	6.230788e-12	6.185313e-12
60	0.8415841	0.067632	0.06262274	0.004966098	6.166948e-05	5.954074e-06	6.946459e-07	1.918427e-07	1.77538e-07	1.771172e-07	1.603465e-07	1.489155e-07	1.122497e-07	1.111981e-07	1.11147e-07	1.100159e-07	1.083441e-07	1.077377e-07	1.054224e-07	1.052682e-07	1.05265e-07	4.753086e-09	4.328197e-09	4.317945e-09	1.068697e-09	2.517801e-11	1.5739e-11	1.237468e-11	1.153997e-11	6.221133e-12
61	0.02212746	0.01521146	0.01134662	0.009201062	0.003988318	2.666787e-05	8.789822e-07	1.221107e-07	8.523798e-08	7.462148e-08	7.42442e-08	5.752653e-08	4.617342e-08	1.289785e-08	1.203113e-08	1.199482e-08	1.087908e-08	9.210252e-09	8.604117e-09	6.30002e-09	6.145827e-09	6.142545e-09	4.74181e-09	4.320021e-09	4.309775e-09	1.066675e-09	2.512986e-11	1.570871e-11	1.235075e-11	1.151762e-11
62	0.0232698	0.009852843	0.008702126	0.007504795	0.005369799	0.003969232	2.602621e-05	7.585016e-07	1.14994e-07	8.104832e-08	7.074901e-08	7.037644e-08	5.390803e-08	4.272587e-08	9.925551e-09	9.285537e-09	9.250235e-09	8.151252e-09	6.507168e-09	5.902945e-09	5.831081e-09	5.676959e-09	5.673682e-09	4.278968e-09	4.255567e-09	4.245367e-09	1.050733e-09	2.475239e-11	1.547201e-11	1.216421e-11
63	0.02305673	0.01498778	0.006253358	0.005415789	0.004247945	0.004226771	0.003964298	2.586311e-05	7.326796e-07	1.105331e-07	7.791281e-08	6.782935e-08	6.746675e-08	5.174465e-08	4.102365e-08	9.338868e-09	8.718903e-09	8.693904e-09	7.635034e-09	6.113835e-09	5.604806e-09	5.533527e-09	5.52025e-09	5.517012e-09	4.123143e-09	4.099781e-09	4.096525e-09	1.013845e-09	2.388063e-11	1.49264e-11
64	0.4232296	0.02301092	0.01497952	0.006252695	0.005415502	0.004247808	0.004226643	0.003964262	2.586184e-05	7.324157e-07	1.104904e-07	7.787968e-08	6.779778e-08	6.743529e-08	5.171969e-08	4.100314e-08	9.33129e-09	8.711551e-09	8.690192e-09	7.632521e-09	6.111947e-09	5.603084e-09	5.53181e-09	5.518537e-09	5.515298e-09	4.12144e-09	4.098078e-09	4.094823e-09	1.013426e-09	2.387042e-11
65	0.9870374	0.4114833	0.01903151	0.01103439	0.00233132	0.001819	0.001473635	0.001452661	0.001277696	2.254377e-05	7.115863e-07	1.099242e-07	7.744487e-08	6.745105e-08	6.708909e-08	5.14064e-08	4.071241e-08	9.112157e-09	8.501795e-09	8.480528e-09	7.42511e-09	5.907699e-09	5.399075e-09	5.355568e-09	5.342303e-09	5.339066e-09	4.105557e-09	4.089505e-09	4.086256e-09	1.011306e-09
66	0.9877947	0.9847015	0.4098926	0.0184339	0.01045182	0.001762016	0.001349962	0.001111516	0.001090769	0.0009498972	1.774781e-05	7.038077e-07	1.093337e-07	7.69431e-08	6.703368e-08	6.667207e-08	5.100961e-08	4.032955e-08	8.775647e-09	8.176193e-09	8.154994e-09	7.100972e-09	5.585505e-09	5.077028e-09	5.041724e-09	5.028465e-09	5.025228e-09	4.098845e-09	4.084236e-09	4.080991e-09
67	0.9923618	0.9867189	0.9836577	0.4091374	0.0182786	0.01030254	0.001617707	0.00123327	0.001020228	0.0009995771	0.0008707481	1.368743e-05	6.829453e-07	1.087045e-07	7.639103e-08	6.665895e-08	6.629747e-08	5.064269e-08	3.996796e-08	8.435777e-09	7.859425e-09	7.838271e-09	6.784797e-09	5.270067e-09	4.761645e-09	4.730119e-09	4.716862e-09	4.713625e-09	4.095626e-09	4.082245e-09
68	0.9968908	0.9903371	0.9848023	0.9825185	0.4080143	0.01747684	0.009502406	0.0008180065	0.0004482062	0.0002388004	0.0002182088	9.726176e-05	1.275155e-05	6.633062e-07	1.080485e-07	7.583672e-08	6.619736e-08	6.583591e-08	5.018121e-08	3.950666e-08	7.986947e-09	7.420871e-09	7.399774e-09	6.34635e-09	4.831622e-09	4.3232e-09	4.293925e-09	4.280668e-09	4.277431e-09	4.094396e-09
69	0.9918024	0.9910882	0.9899247	0.9844041	0.9821242	0.4076776	0.0174589	0.009485255	0.0008011548	0.0004356527	0.0002276352	0.000207055	8.755501e-05	3.072571e-06	6.523133e-07	1.019505e-07	6.976875e-08	6.602849e-08	6.566704e-08	5.001237e-08	3.933789e-08	7.821846e-09	7.268506e-09	7.247428e-09	6.194021e-09	4.679298e-09	4.170876e-09	4.143573e-09	4.130317e-09	4.12708e-09
70	0.9920761	0.9914835	0.9907848	0.989635	0.9841161	0.9818376	0.4075632	0.01745793	0.009484341	0.0008002737	0.0004350647	0.0002274559	0.0002068767	8.749648e-05	3.018184e-06	5.981497e-07	1.018083e-07	6.962916e-08	6.589337e-08	6.565006e-08	4.999539e-08	3.932093e-08	7.805109e-09	7.252503e-09	7.231427e-09	6.17802e-09	4.663301e-09	4.15488e-09	4.13984e-09	4.126584e-09
71	0.987533	0.9872314	0.9868769	0.9863227	0.9857693	0.9815366	0.9814195	0.4072485	0.01733829	0.009413453	0.0007327442	0.0004312232	0.0002241257	0.0002037128	8.734434e-05	2.992569e-06	5.746491e-07	7.855307e-08	6.668112e-08	6.29567e-08	6.27135e-08	4.707668e-08	3.641257e-08	7.389169e-09	6.83665e-09	6.815681e-09	5.762677e-09	4.25854e-09	4.145089e-09	4.130051e-09
72	0.9966049	0.9873059	0.9870114	0.9866571	0.9861034	0.9855503	0.9813176	0.9812007	0.4070297	0.01733746	0.009412635	0.0007319423	0.0004307826	0.0002240169	0.0002036049	8.733565e-05	2.988862e-06	5.735974e-07	7.849046e-08	6.662175e-08	6.293355e-08	6.269035e-08	4.705353e-08	3.638943e-08	7.366484e-09	6.827804e-09	6.806837e-09	5.753834e-09	4.249701e-09	4.13625e-09
73	0.999212	0.9965988	0.9873035	0.987009	0.9866548	0.986101	0.9855479	0.9813152	0.9811984	0.4070275	0.01733743	0.009412615	0.0007319377	0.0004307783	0.0002240151	0.0002036032	8.733564e-05	2.988861e-06	5.735965e-07	7.849027e-08	6.662159e-08	6.293339e-08	6.269019e-08	4.705338e-08	3.638929e-08	7.366339e-09	6.827659e-09	6.806777e-09	5.753829e-09	4.249696e-09
74	0.9997122	0.9989689	0.9963913	0.9872823	0.9869884	0.9866346	0.9860811	0.9855283	0.9812958	0.981179	0.4070082	0.01733556	0.009410828	0.000730171	0.0004301623	0.000223674	0.0002032642	8.73065e-05	2.97065e-06	5.72658e-07	7.843425e-08	6.65753e-08	6.2901e-08	6.265781e-08	4.7021e-08	3.635694e-08	7.33536e-09	6.797517e-09	6.776641e-09	5.723699e-09
75	0.9997364	0.9995356	0.9987965	0.9962207	0.987275	0.9869811	0.9866273	0.9860738	0.9855211	0.9812885	0.9811718	0.4070009	0.01733553	0.0094108	0.0007301435	0.0004301432	0.0002236715	0.0002032617	8.730628e-05	2.970567e-06	5.72633e-07	7.843168e-08	6.657282e-08	6.290046e-08	6.265727e-08	4.702047e-08	3.63564e-08	7.334833e-09	6.797103e-09	6.776228e-09
