#unpaired probabilities
 #i$	l=1	2	3	4	5	6	7	8	9	10	11	12	13	14	15	16	17	18	19	20	21	22	23	24	25	26	27	28	29	30	
1	0.9999702	NA	NA	NA	NA	NA	NA	NA	NA	NA	NA	NA	NA	NA	NA	NA	NA	NA	NA	NA	NA	NA	NA	NA	NA	NA	NA	NA	NA	NA
2	0.2807977	0.2807679	NA	NA	NA	NA	NA	NA	NA	NA	NA	NA	NA	NA	NA	NA	NA	NA	NA	NA	NA	NA	NA	NA	NA	NA	NA	NA	NA	NA
3	0.3685335	0.1934421	0.1934171	NA	NA	NA	NA	NA	NA	NA	NA	NA	NA	NA	NA	NA	NA	NA	NA	NA	NA	NA	NA	NA	NA	NA	NA	NA	NA	NA
4	0.3449466	0.2372475	0.1279363	0.1279309	NA	NA	NA	NA	NA	NA	NA	NA	NA	NA	NA	NA	NA	NA	NA	NA	NA	NA	NA	NA	NA	NA	NA	NA	NA	NA
5	0.5230211	0.3392723	0.2335144	0.1259613	0.1259577	NA	NA	NA	NA	NA	NA	NA	NA	NA	NA	NA	NA	NA	NA	NA	NA	NA	NA	NA	NA	NA	NA	NA	NA	NA
6	0.595161	0.5133522	0.3338262	0.2297183	0.1239676	0.1239674	NA	NA	NA	NA	NA	NA	NA	NA	NA	NA	NA	NA	NA	NA	NA	NA	NA	NA	NA	NA	NA	NA	NA	NA
7	0.7329235	0.5171412	0.4476018	0.2900846	0.1996121	0.1077253	0.1077249	NA	NA	NA	NA	NA	NA	NA	NA	NA	NA	NA	NA	NA	NA	NA	NA	NA	NA	NA	NA	NA	NA	NA
8	0.29734	0.1691659	0.006386714	0.004712321	0.001770549	0.001215755	0.0006540641	0.0006539431	NA	NA	NA	NA	NA	NA	NA	NA	NA	NA	NA	NA	NA	NA	NA	NA	NA	NA	NA	NA	NA	NA
9	0.298499	0.2922086	0.1653789	0.002649201	0.001031008	0.0004059387	0.0002772349	0.0001478743	0.0001477543	NA	NA	NA	NA	NA	NA	NA	NA	NA	NA	NA	NA	NA	NA	NA	NA	NA	NA	NA	NA	NA
10	0.3134896	0.2818962	0.2876402	0.1603068	0.001965258	0.0007447603	0.0002576137	0.000175326	9.326694e-05	9.317063e-05	NA	NA	NA	NA	NA	NA	NA	NA	NA	NA	NA	NA	NA	NA	NA	NA	NA	NA	NA	NA
11	0.1549638	0.1444478	0.1445265	0.1473581	0.00116438	0.0001493768	9.6499e-05	6.690037e-05	4.587959e-05	2.41392e-05	2.408464e-05	NA	NA	NA	NA	NA	NA	NA	NA	NA	NA	NA	NA	NA	NA	NA	NA	NA	NA	NA
12	0.1968469	0.1431137	0.1389645	0.1429226	0.1468589	0.0006075676	9.372316e-05	6.715277e-05	4.744497e-05	3.247084e-05	1.696216e-05	1.691296e-05	NA	NA	NA	NA	NA	NA	NA	NA	NA	NA	NA	NA	NA	NA	NA	NA	NA	NA
13	0.3797018	0.08353185	0.03332458	0.01939643	0.01191294	0.0008795425	0.000578074	6.947663e-05	4.688545e-05	3.30783e-05	2.284508e-05	1.229313e-05	1.228997e-05	NA	NA	NA	NA	NA	NA	NA	NA	NA	NA	NA	NA	NA	NA	NA	NA	NA
14	0.8055596	0.3200679	0.06102076	0.02599611	0.01525579	0.01055817	0.0004840183	0.0001429692	4.96776e-05	3.10043e-05	2.161199e-05	1.492116e-05	8.020208e-06	8.017471e-06	NA	NA	NA	NA	NA	NA	NA	NA	NA	NA	NA	NA	NA	NA	NA	NA
15	0.7645152	0.743568	0.2766906	0.03891275	0.01702524	0.01213715	0.009946824	0.0004628748	0.0001235127	3.19996e-05	1.806238e-05	1.226626e-05	8.470714e-06	4.555107e-06	4.553918e-06	NA	NA	NA	NA	NA	NA	NA	NA	NA	NA	NA	NA	NA	NA	NA
16	0.7767008	0.7256025	0.7189621	0.2573025	0.02603125	0.007429209	0.003116799	0.0007766438	0.0001255651	0.0001133714	2.701497e-05	1.416038e-05	9.506293e-06	6.565197e-06	3.529453e-06	3.528304e-06	NA	NA	NA	NA	NA	NA	NA	NA	NA	NA	NA	NA	NA	NA
17	0.6571367	0.5920647	0.5325517	0.5406432	0.06660787	0.02503041	0.007193639	0.002935641	0.0006766193	0.0001130268	0.0001118359	2.572721e-05	1.307798e-05	8.745302e-06	6.046052e-06	3.261935e-06	3.261927e-06	NA	NA	NA	NA	NA	NA	NA	NA	NA	NA	NA	NA	NA
18	0.4251762	0.2420559	0.1564617	0.1011168	0.07942444	0.06488747	0.0237784	0.006435634	0.002836268	0.0006511752	0.0001057623	0.0001037049	1.643174e-05	1.267623e-05	8.455074e-06	5.845456e-06	3.153682e-06	3.153678e-06	NA	NA	NA	NA	NA	NA	NA	NA	NA	NA	NA	NA
19	0.6009124	0.4026408	0.2206457	0.1338298	0.07728719	0.05469354	0.03825658	0.02375005	0.006406204	0.002804373	0.000616013	9.451435e-05	0.000103667	1.638802e-05	1.262433e-05	8.452901e-06	5.843382e-06	3.153329e-06	3.153325e-06	NA	NA	NA	NA	NA	NA	NA	NA	NA	NA	NA
20	0.9992445	0.6008678	0.4026289	0.2206385	0.133829	0.07728669	0.05469328	0.0382564	0.02374995	0.006406166	0.002804353	0.0006160073	9.451415e-05	0.0001036669	1.638788e-05	1.262419e-05	8.452759e-06	5.843352e-06	3.153313e-06	3.153309e-06	NA	NA	NA	NA	NA	NA	NA	NA	NA	NA
21	0.4616548	0.4499465	0.4445398	0.3112842	0.1826627	0.1135283	0.06291659	0.04320868	0.02876814	0.01589144	0.005855431	0.002446859	0.0005224293	8.091283e-05	8.895921e-05	1.402109e-05	1.071977e-05	7.07634e-06	4.891732e-06	2.639594e-06	2.639585e-06	NA	NA	NA	NA	NA	NA	NA	NA	NA
22	0.3660046	0.3312614	0.3139437	0.304163	0.2272002	0.1804585	0.1129627	0.06250322	0.04286041	0.02858201	0.01574876	0.005753398	0.002386537	0.0004629543	1.610744e-05	1.491347e-05	1.386312e-05	1.067575e-05	7.044522e-06	4.869736e-06	2.627722e-06	2.627713e-06	NA	NA	NA	NA	NA	NA	NA	NA
23	0.5111404	0.3564255	0.3214351	0.3036362	0.2997938	0.2243576	0.1775716	0.1129073	0.06244915	0.04280626	0.02857748	0.01574586	0.005751954	0.002385199	0.0004619006	1.498541e-05	1.363169e-05	1.237116e-05	1.06743e-05	7.043466e-06	4.869e-06	2.627313e-06	2.627322e-06	NA	NA	NA	NA	NA	NA	NA
24	0.6397538	0.4926725	0.3459993	0.3106614	0.2923417	0.2879143	0.2230035	0.1761765	0.1114604	0.06235044	0.04275805	0.02853354	0.01573825	0.005748839	0.002383672	0.000461216	1.447494e-05	1.305753e-05	1.17029e-05	9.874252e-06	7.038542e-06	4.864558e-06	2.626135e-06	2.626145e-06	NA	NA	NA	NA	NA	NA
25	0.7367307	0.5035972	0.3736543	0.2481266	0.2219435	0.2097305	0.2058103	0.1594443	0.1266788	0.08177963	0.04319459	0.02959016	0.01972924	0.01084197	0.003902127	0.001638876	0.0003193285	1.011552e-05	9.129873e-06	8.190488e-06	6.922806e-06	4.90414e-06	3.390228e-06	1.830156e-06	1.830164e-06	NA	NA	NA	NA	NA
26	0.4481309	0.4410016	0.3340694	0.2226713	0.1353785	0.1202392	0.1138782	0.1099786	0.08439376	0.06592689	0.04128103	0.02309782	0.01579906	0.01049859	0.005732759	0.001983701	0.0008633657	0.0001710582	5.486824e-06	4.942106e-06	4.420436e-06	3.716301e-06	2.679937e-06	1.852673e-06	1.00019e-06	1.000197e-06	NA	NA	NA	NA
27	0.1821396	0.1478178	0.1474253	0.1220036	0.05099052	0.03781082	0.03381302	0.03260639	0.02884873	0.02090888	0.01531311	0.008801537	0.005549383	0.003749725	0.002447981	0.001272393	0.0003225858	0.0001915771	4.269814e-05	1.535924e-06	1.382335e-06	1.236301e-06	1.039602e-06	7.490954e-07	5.179348e-07	2.79615e-07	2.796213e-07	NA	NA	NA
28	0.3776977	0.1339	0.1147786	0.1156347	0.09782494	0.03165903	0.02731454	0.02572365	0.02495527	0.02124743	0.01498562	0.01087185	0.006158209	0.003931792	0.002643132	0.001709706	0.0008699256	0.0001794741	0.0001335178	3.157336e-05	1.190261e-06	1.071146e-06	9.578767e-07	8.053294e-07	5.809149e-07	4.016578e-07	2.168649e-07	2.168709e-07	NA	NA
29	0.5578542	0.2798866	0.07268276	0.07392955	0.07527429	0.07677456	0.01300876	0.01150478	0.01017398	0.009032524	0.005659522	0.001040539	0.0003006512	0.0001609436	8.78598e-05	5.985356e-05	3.956609e-05	2.135295e-05	7.050935e-06	3.310832e-06	7.263838e-07	2.223763e-08	1.904741e-08	1.677787e-08	1.416698e-08	1.005085e-08	6.946999e-09	3.749382e-09	3.749284e-09	NA
30	0.3444445	0.2879888	0.1543306	0.06016325	0.06181374	0.06368386	0.06566914	0.005128803	0.004370429	0.003863306	0.003444002	0.002200608	0.0004834227	0.0001816394	9.206352e-05	4.36767e-05	2.975374e-05	1.966813e-05	1.060204e-05	3.568071e-06	1.678501e-06	3.761108e-07	1.16128e-08	9.59797e-09	8.486084e-09	7.203255e-09	5.016836e-09	3.467712e-09	1.871322e-09	1.871247e-09
31	0.97605	0.3272784	0.2743323	0.1527443	0.05976704	0.06151492	0.06339254	0.06543163	0.004928555	0.004219616	0.003728095	0.003317645	0.002104158	0.0004381148	0.0001552918	7.700823e-05	3.418905e-05	2.336504e-05	1.551553e-05	8.488882e-06	3.104205e-06	1.355967e-06	3.006197e-07	8.662569e-09	6.909452e-09	6.038847e-09	5.074277e-09	3.653476e-09	2.525064e-09	1.362493e-09
32	0.09945283	0.083419	0.07603246	0.04614324	0.02160957	0.00495987	0.004996004	0.005035962	0.005071668	0.001584265	0.001194063	0.001055422	0.0009449074	0.0006080654	0.0001453183	5.830825e-05	2.303797e-05	8.874464e-06	6.073508e-06	4.043968e-06	2.233949e-06	8.528037e-07	4.301776e-07	1.169876e-07	2.997734e-09	1.85297e-09	1.582369e-09	1.331941e-09	9.493431e-10	6.557655e-10
33	0.02920579	0.02031864	0.009600036	0.008957109	0.006415085	0.003140578	0.0008563293	0.0008252072	0.0007962675	0.0007536309	0.0006277743	0.0004827991	0.0004293489	0.0003874109	0.0002523408	6.704377e-05	2.895976e-05	9.057064e-06	3.268884e-06	2.255715e-06	1.515021e-06	8.636164e-07	3.681159e-07	2.292054e-07	7.665329e-08	1.736897e-09	7.269969e-10	5.880696e-10	4.931914e-10	3.536253e-10
34	0.699104	0.01122143	0.0102373	0.006426696	0.005874334	0.00461003	0.002218069	0.000479857	0.0004505178	0.0004277047	0.0003903022	0.0003583253	0.0003260029	0.0002904869	0.0002630861	0.0001713754	4.577728e-05	1.958533e-05	4.955554e-06	2.22324e-06	1.544243e-06	1.044621e-06	6.11532e-07	2.817129e-07	1.929368e-07	6.921203e-08	1.502854e-09	5.18648e-10	4.049644e-10	3.394059e-10
35	0.975077	0.698691	0.01107053	0.01014243	0.006364812	0.005814889	0.004576113	0.00219901	0.0004685452	0.0004395624	0.0004171563	0.0003802868	0.0003489968	0.0003190523	0.0002845415	0.0002577018	0.0001677132	4.473328e-05	1.910982e-05	4.803485e-06	2.154919e-06	1.498015e-06	1.013975e-06	5.966139e-07	2.780108e-07	1.910234e-07	6.872678e-08	1.483204e-09	5.008222e-10	3.887056e-10
36	0.9949965	0.9702271	0.6981524	0.01102328	0.0100963	0.006345049	0.005795837	0.004560558	0.002186567	0.0004666869	0.0004377668	0.0004154197	0.0003786378	0.0003479294	0.0003180836	0.0002836787	0.0002569298	0.0001672133	4.460789e-05	1.905965e-05	4.787495e-06	2.147652e-06	1.493014e-06	1.010615e-06	5.94723e-07	2.772588e-07	1.905463e-07	6.856504e-08	1.479439e-09	4.99138e-10
37	0.07830296	0.07627684	0.06434571	0.01170649	0.0007126374	0.0006859056	0.0004788865	0.0004683198	0.0002924363	0.0001661005	0.0001027867	9.368226e-05	9.003749e-05	8.239135e-05	7.747322e-05	7.227896e-05	6.406912e-05	5.972876e-05	3.76782e-05	8.704324e-06	3.935126e-06	1.152487e-06	5.901441e-07	4.044468e-07	2.592587e-07	1.442489e-07	5.544744e-08	3.808383e-08	1.335633e-08	3.227319e-10
38	0.01660551	0.01609939	0.01540718	0.01384734	0.0004123029	0.0001187823	0.0001169103	7.983258e-05	7.918127e-05	4.998484e-05	3.06082e-05	2.340936e-05	2.213704e-05	2.186743e-05	1.991292e-05	1.941358e-05	1.865918e-05	1.512022e-05	1.47493e-05	1.266526e-05	1.683915e-06	9.085023e-07	4.258758e-07	2.657065e-07	1.710767e-07	1.118327e-07	5.612392e-08	1.2516e-08	8.496982e-09	2.682191e-09
39	0.01361948	0.01182998	0.01148474	0.01084135	0.01016088	0.0001635036	6.395054e-05	6.338681e-05	4.223942e-05	4.191887e-05	2.707592e-05	1.617911e-05	1.249648e-05	1.167341e-05	1.169458e-05	1.045283e-05	1.033639e-05	1.024457e-05	1.023914e-05	1.033229e-05	9.674497e-06	9.172699e-07	5.452128e-07	2.450905e-07	1.494992e-07	1.005082e-07	6.569026e-08	3.272089e-08	7.039916e-09	4.983913e-09
40	0.007173486	0.00366854	0.002834771	0.002728643	0.002653348	0.002277669	8.612791e-05	4.2644e-05	4.237153e-05	2.97681e-05	2.957366e-05	1.972296e-05	1.174276e-05	9.263883e-06	8.559905e-06	8.702033e-06	8.066707e-06	8.124721e-06	8.210466e-06	8.393053e-06	8.646275e-06	8.703983e-06	6.546533e-07	4.343165e-07	2.174324e-07	1.368586e-07	9.169624e-08	5.967918e-08	2.917185e-08	5.385211e-09
41	0.9784119	0.007060583	0.003611762	0.002799146	0.002694969	0.002621199	0.002255748	8.49581e-05	4.183785e-05	4.156972e-05	2.936495e-05	2.917635e-05	1.946941e-05	1.159321e-05	9.158599e-06	8.485075e-06	8.628205e-06	8.024655e-06	8.088725e-06	8.17849e-06	8.36258e-06	8.616384e-06	8.677726e-06	6.339897e-07	4.193115e-07	2.096824e-07	1.319529e-07	8.839611e-08	5.757113e-08	2.813778e-08
42	0.9216797	0.9214386	0.001136901	0.0003770284	0.0002637905	0.0002620272	0.0002590356	0.0001588754	1.43662e-05	9.553735e-06	9.509675e-06	5.322186e-06	5.261229e-06	3.518925e-06	2.110674e-06	1.443823e-06	9.349948e-07	9.217642e-07	5.684378e-07	5.024527e-07	4.441766e-07	4.19531e-07	4.066841e-07	3.447218e-07	2.269643e-07	1.576828e-07	7.922279e-08	5.018715e-08	3.355128e-08	2.175153e-08
43	0.9246373	0.9211227	0.9209608	0.0008053259	0.0003039549	0.0002376539	0.0002365354	0.0002345735	0.000135885	1.267031e-05	8.64814e-06	8.60475e-06	4.556e-06	4.49543e-06	2.806718e-06	1.675154e-06	1.209814e-06	9.199201e-07	9.068302e-07	5.581576e-07	4.926382e-07	4.348359e-07	4.105806e-07	3.980028e-07	3.374789e-07	2.215165e-07	1.567116e-07	7.885014e-08	4.995729e-08	3.339029e-08
44	0.9401368	0.9205703	0.9191876	0.9191013	0.0006606663	0.000208619	0.0001552488	0.0001547069	0.0001540927	0.0001002147	8.631733e-06	5.584225e-06	5.555621e-06	2.993626e-06	2.953389e-06	1.805114e-06	1.102832e-06	8.372613e-07	6.690145e-07	6.592435e-07	4.295408e-07	3.787188e-07	3.373983e-07	3.148197e-07	3.003045e-07	2.432844e-07	1.382004e-07	9.332732e-08	4.339038e-08	2.72558e-08
45	0.9875152	0.9371237	0.9197766	0.9184879	0.9184069	0.0006171422	0.000177163	0.0001290761	0.0001285908	0.0001282202	8.853091e-05	6.5087e-06	4.114646e-06	4.095377e-06	2.349461e-06	2.323763e-06	1.395863e-06	8.462912e-07	6.365722e-07	5.366817e-07	5.255855e-07	3.710276e-07	3.267105e-07	2.959587e-07	2.737804e-07	2.583304e-07	2.022991e-07	1.017747e-07	6.720347e-08	3.197226e-08
46	0.9893015	0.9864466	0.9367922	0.9195281	0.9183428	0.9182625	0.0006134962	0.0001746832	0.0001273117	0.0001268282	0.0001264622	8.72902e-05	6.278081e-06	3.900185e-06	3.884484e-06	2.235035e-06	2.21493e-06	1.3194e-06	7.841887e-07	5.785775e-07	4.884719e-07	4.758385e-07	3.589781e-07	3.172419e-07	2.87094e-07	2.646419e-07	2.489134e-07	1.926734e-07	9.340116e-08	6.141059e-08
47	0.9994684	0.9891257	0.9862997	0.9366985	0.9194643	0.9183177	0.9182377	0.0006124523	0.0001739932	0.0001267756	0.0001262927	0.0001259284	8.697181e-05	6.190779e-06	3.840282e-06	3.825195e-06	2.210042e-06	2.190893e-06	1.302979e-06	7.722853e-07	5.678949e-07	4.809743e-07	4.681571e-07	3.565135e-07	3.154006e-07	2.853804e-07	2.629071e-07	2.471448e-07	1.909404e-07	9.188935e-08
48	0.9415539	0.9413724	0.9389263	0.937159	0.9361781	0.9192988	0.9182043	0.9181249	0.0006022408	0.0001648171	0.0001197541	0.0001192788	0.0001189361	8.266404e-05	5.867556e-06	3.586014e-06	3.571873e-06	2.05961e-06	2.041792e-06	1.209926e-06	7.125974e-07	5.210881e-07	4.401881e-07	4.278493e-07	3.23425e-07	2.97177e-07	2.692408e-07	2.482543e-07	2.33628e-07	1.805011e-07
49	0.01040794	0.01034558	0.01021227	0.008777973	0.007744511	0.006882547	0.002772839	0.001724947	0.001645721	0.0005744698	0.0001422976	9.922065e-05	9.875018e-05	9.841277e-05	7.296361e-05	4.643451e-06	2.635986e-06	2.62533e-06	1.526866e-06	1.514323e-06	9.013118e-07	5.285338e-07	3.767906e-07	3.185668e-07	3.081664e-07	2.338136e-07	2.132773e-07	1.91653e-07	1.752954e-07	1.632872e-07
50	0.02238889	0.009473178	0.009412339	0.009279736	0.007849832	0.007322776	0.006462955	0.002357641	0.001342629	0.001263405	0.000194033	0.000141686	9.862918e-05	9.816073e-05	9.782853e-05	7.249156e-05	4.587109e-06	2.608304e-06	2.597667e-06	1.504338e-06	1.491817e-06	8.850456e-07	5.173904e-07	3.720436e-07	3.147627e-07	3.044603e-07	2.305343e-07	2.101302e-07	1.886425e-07	1.724291e-07
51	0.02942884	0.004172843	0.003843123	0.00382289	0.003717427	0.002879692	0.002790769	0.002015134	0.001422345	0.000450009	0.0003709296	0.0001412965	9.656031e-05	6.699868e-05	6.653621e-05	6.622541e-05	6.310391e-05	2.725978e-06	1.224736e-06	1.220486e-06	8.723295e-07	8.696505e-07	5.218839e-07	3.065401e-07	2.105505e-07	1.988427e-07	1.880419e-07	1.701289e-07	1.560491e-07	1.416107e-07
52	0.02249648	0.00978755	0.002904865	0.002698528	0.002694436	0.002690886	0.002679296	0.002633558	0.001860402	0.001333476	0.0003627529	0.000352434	0.000140096	9.570127e-05	6.622134e-05	6.578185e-05	6.548099e-05	6.286154e-05	2.677858e-06	1.188197e-06	1.185246e-06	8.538142e-07	8.517402e-07	5.10297e-07	2.999052e-07	2.062195e-07	1.958614e-07	1.851614e-07	1.685514e-07	1.54644e-07
53	0.928394	0.0201556	0.007760274	0.002569709	0.002373313	0.002370101	0.002368102	0.002359597	0.002317581	0.001563439	0.001322672	0.00035232	0.0003420027	0.0001395978	9.526777e-05	6.594187e-05	6.550241e-05	6.520164e-05	6.277183e-05	2.659512e-06	1.17429e-06	1.171404e-06	8.46748e-07	8.447679e-07	5.057715e-07	2.972144e-07	2.043403e-07	1.945049e-07	1.83815e-07	1.677345e-07
54	0.9870436	0.9269977	0.0196234	0.007240745	0.002058256	0.001862979	0.00185985	0.001857885	0.001849608	0.001807904	0.001560718	0.001322033	0.0003517131	0.0003413958	0.0001395607	9.523617e-05	6.59133e-05	6.547384e-05	6.517309e-05	6.275918e-05	2.657686e-06	1.172825e-06	1.169943e-06	8.458551e-07	8.43882e-07	5.052145e-07	2.968788e-07	2.040995e-07	1.943044e-07	1.836195e-07
55	0.9878	0.9838386	0.9254685	0.01895016	0.006670453	0.001725738	0.001532628	0.00152972	0.001527846	0.001520113	0.00148772	0.001478359	0.001291816	0.0003219606	0.0003116438	0.0001386831	9.447595e-05	6.547352e-05	6.503407e-05	6.473334e-05	6.261073e-05	2.634556e-06	1.151927e-06	1.149068e-06	8.291939e-07	8.272552e-07	4.942944e-07	2.88086e-07	1.958194e-07	1.859605e-07
56	0.2193222	0.2107827	0.2095519	0.1627147	0.009177768	0.005018128	0.0006047498	0.0005535045	0.0005506542	0.000548786	0.0005412248	0.0005115352	0.0005030963	0.0003205002	0.0003145364	0.0003042196	0.0001332826	9.275936e-05	6.377946e-05	6.334001e-05	6.30393e-05	6.101664e-05	1.259253e-06	1.100189e-06	1.097334e-06	8.056193e-07	8.036849e-07	4.729152e-07	2.80743e-07	1.905105e-07
57	0.2091394	0.1904667	0.1896029	0.1887475	0.1557615	0.006024328	0.002648808	0.000450975	0.0004037601	0.0004021877	0.0004011699	0.0003939619	0.0003655342	0.0003573643	0.0001792256	0.0001733846	0.0001732969	9.220544e-05	9.131813e-05	6.24428e-05	6.237692e-05	6.210264e-05	6.015445e-05	1.118723e-06	9.689715e-07	9.675809e-07	7.663285e-07	7.647217e-07	4.538826e-07	2.710237e-07
58	0.9672426	0.2043753	0.1866498	0.1860478	0.1852804	0.1534464	0.005227928	0.001916942	0.0003663612	0.0003209282	0.0003193821	0.0003183827	0.0003112501	0.0002848123	0.0002772318	0.0001180489	0.0001124307	0.0001123433	6.331677e-05	6.256087e-05	6.206625e-05	6.200037e-05	6.172614e-05	5.990437e-05	1.077331e-06	9.316043e-07	9.302441e-07	7.542811e-07	7.527195e-07	4.477132e-07
59	0.4658552	0.456053	0.1864785	0.1727552	0.1721978	0.1715405	0.1500125	0.005059366	0.001836633	0.0003627342	0.00031741	0.0003160121	0.0003150611	0.0003080093	0.0002839776	0.0002764351	0.0001174568	0.0001118463	0.0001117664	6.29323e-05	6.217914e-05	6.168564e-05	6.168528e-05	6.168301e-05	5.990124e-05	1.075805e-06	9.302117e-07	9.290974e-07	7.533412e-07	7.523996e-07
60	0.9841315	0.4646218	0.4549628	0.1853963	0.1716733	0.1711179	0.1704612	0.1489349	0.005058264	0.00183577	0.0003622054	0.0003168935	0.0003154959	0.000314545	0.0003074935	0.0002834803	0.0002763134	0.0001174081	0.0001117995	0.0001117196	6.293036e-05	6.217752e-05	6.168427e-05	6.168391e-05	6.168164e-05	5.990082e-05	1.075737e-06	9.301555e-07	9.290413e-07	7.533133e-07
61	0.04086069	0.03520986	0.02697421	0.01858599	0.01203447	0.007718213	0.00716283	0.006506543	0.005652296	0.001085266	0.0006851117	0.000296077	0.0002533442	0.0002519698	0.0002510347	0.0002440693	0.0002210084	0.0002151235	5.700272e-05	5.19907e-05	5.19258e-05	3.710513e-06	2.961418e-06	2.636781e-06	2.636449e-06	2.634231e-06	1.362252e-06	2.581462e-07	1.944051e-07	1.936474e-07
62	0.02828522	0.0266584	0.02295578	0.01962218	0.01145389	0.009459966	0.005592803	0.00503743	0.004381171	0.003844819	0.0009206173	0.0006222688	0.0002489373	0.0002466421	0.0002452693	0.000244335	0.0002373742	0.0002149294	0.0002092326	5.228803e-05	5.026978e-05	5.020567e-05	2.350168e-06	1.954e-06	1.654853e-06	1.654522e-06	1.652307e-06	5.067963e-07	9.196145e-08	7.406685e-08
63	0.1202271	0.0259834	0.02466295	0.02190124	0.01898137	0.01085018	0.009106902	0.005259536	0.004714341	0.004063024	0.003557519	0.0008518197	0.0005843261	0.0002326195	0.0002305515	0.0002298343	0.0002290423	0.0002221026	0.000201088	0.0001954492	4.886906e-05	4.700096e-05	4.699679e-05	2.183075e-06	1.82467e-06	1.531705e-06	1.531423e-06	1.529545e-06	4.658132e-07	8.296396e-08
64	0.6894351	0.08876483	0.01819475	0.01730209	0.01579188	0.01386319	0.005745887	0.004358679	0.004233017	0.003688988	0.003038472	0.002627759	0.0005990846	0.0004018492	0.0001727512	0.0001710409	0.0001703327	0.0001695412	0.0001626078	0.0001466561	0.0001413102	3.323341e-05	3.179969e-05	3.179567e-05	1.586321e-06	1.3154e-06	1.147836e-06	1.147554e-06	1.145686e-06	3.41405e-07
65	0.5162601	0.4981456	0.08346697	0.01679187	0.01615587	0.01489888	0.01309464	0.005062418	0.003746521	0.003625866	0.00308306	0.002893741	0.002494103	0.0005476632	0.0003603522	0.000155961	0.0001543236	0.0001536444	0.0001528703	0.000152378	0.0001371247	0.0001330127	3.010645e-05	2.871459e-05	2.87119e-05	1.497751e-06	1.23822e-06	1.104618e-06	1.104349e-06	1.103733e-06
66	0.5357861	0.4829785	0.4762278	0.07379335	0.008557907	0.007939795	0.006698467	0.004934848	0.004897059	0.003605475	0.003487061	0.002944258	0.00275495	0.002411046	0.0005234333	0.0003438962	0.0001490911	0.0001477561	0.0001470776	0.0001463035	0.0001458113	0.0001318183	0.0001281251	2.881195e-05	2.746538e-05	2.74627e-05	1.445215e-06	1.194084e-06	1.071123e-06	1.070853e-06
67	0.8443615	0.5334121	0.4822144	0.4755137	0.0736671	0.008505551	0.007888198	0.006657458	0.004913811	0.0048761	0.003602097	0.003483803	0.002941	0.002751692	0.002408072	0.0005226182	0.0003433008	0.0001488949	0.0001475612	0.0001468828	0.0001461086	0.0001456164	0.0001316407	0.0001279547	2.875834e-05	2.741308e-05	2.741039e-05	1.443368e-06	1.192526e-06	1.069979e-06
68	0.852563	0.8231734	0.5310097	0.4807889	0.4743167	0.07298011	0.007949265	0.007334487	0.00610688	0.004367321	0.004330182	0.003058606	0.002940527	0.002936352	0.002748316	0.002404993	0.0005208479	0.0003416722	0.000147435	0.0001461792	0.0001460984	0.0001460311	0.0001455582	0.000131587	0.0001279055	2.873277e-05	2.738851e-05	2.738701e-05	1.44231e-06	1.191615e-06
69	0.8196413	0.7802361	0.7708836	0.4893081	0.4660758	0.461328	0.07105352	0.00751956	0.006925492	0.005711952	0.004035833	0.004001293	0.002762908	0.002648069	0.002645445	0.002630144	0.002296506	0.0004796551	0.0003094453	0.0001377637	0.0001365823	0.0001365481	0.0001365174	0.0001362365	0.0001229026	0.0001203453	2.587032e-05	2.456495e-05	2.45638e-05	1.362693e-06
70	0.8299051	0.7334243	0.7204964	0.7118666	0.4771954	0.4548518	0.4510795	0.06933618	0.006885682	0.006301893	0.005599327	0.003949478	0.00392863	0.002708432	0.002595242	0.00259282	0.002577899	0.002264784	0.0004671387	0.000299321	0.0001350763	0.0001339246	0.0001338967	0.0001338738	0.0001335994	0.0001205061	0.0001182727	2.485701e-05	2.356885e-05	2.356811e-05
71	0.8023819	0.7923658	0.7149341	0.702887	0.6943438	0.4633712	0.4515588	0.4477988	0.06893785	0.006812227	0.00623068	0.005528539	0.00393584	0.003915012	0.002698296	0.002585378	0.002582957	0.002568036	0.002255623	0.0004651592	0.0002978191	0.0001346744	0.0001335258	0.0001334979	0.000133475	0.0001332006	0.0001201536	0.0001179691	2.4706e-05	2.342171e-05
72	0.7665683	0.7023238	0.6948361	0.6190208	0.6073152	0.5988967	0.4208197	0.4092546	0.4065033	0.05613166	0.006182687	0.005755344	0.005053237	0.003765072	0.003748177	0.002667957	0.002565137	0.002562716	0.002547796	0.002238503	0.0004630083	0.0002968858	0.0001341026	0.0001332482	0.0001332204	0.0001331975	0.0001329231	0.0001199242	0.0001177557	2.463261e-05
73	0.7873131	0.7551488	0.6909978	0.6843579	0.6087975	0.5973952	0.5891297	0.4132822	0.4017566	0.3991055	0.05512919	0.006135117	0.005715047	0.00501332	0.003738117	0.003721334	0.002647469	0.002545148	0.002544338	0.002543161	0.002234249	0.000461768	0.0002958662	0.0001336475	0.0001327963	0.0001327713	0.0001327525	0.0001327351	0.0001197564	0.0001176047
74	0.9119676	0.78201	0.7519276	0.6879093	0.6813092	0.6058135	0.594453	0.5862051	0.4113401	0.3998476	0.397807	0.05493547	0.006118765	0.005700421	0.004998761	0.003727435	0.003713644	0.002642078	0.002539949	0.00253914	0.002537964	0.002230487	0.0004608682	0.0002954148	0.000133413	0.0001325732	0.0001325482	0.0001325295	0.0001325121	0.0001195749
75	0.584141	0.5326445	0.4229199	0.4042082	0.3975231	0.3963875	0.3297669	0.3232349	0.3216708	0.2638285	0.2627368	0.2620997	0.03569024	0.002482482	0.00225189	0.001580985	0.0009824847	0.0009758291	0.0004112498	0.0003568988	0.0003561499	0.0003551829	0.000322888	9.133214e-05	7.060656e-05	1.694843e-05	1.656787e-05	1.655923e-05	1.654062e-05	1.652386e-05
76	0.598813	0.5308661	0.4805623	0.4119067	0.3953227	0.3888928	0.3879263	0.3221739	0.3159927	0.3146594	0.2590839	0.2582432	0.2576131	0.03506559	0.00236848	0.002145284	0.001476317	0.0009034872	0.0008969731	0.0003475501	0.0002946886	0.0002939416	0.0002929816	0.0002662091	7.459854e-05	5.840812e-05	1.295335e-05	1.25968e-05	1.258873e-05	1.257013e-05
77	0.4978497	0.4562745	0.4543404	0.451587	0.3870144	0.3713439	0.3649839	0.3641533	0.2984376	0.2922939	0.2910668	0.241916	0.2411532	0.2405465	0.03299265	0.002236881	0.002031772	0.001363146	0.0008426184	0.0008361922	0.0003112121	0.0002605872	0.0002598475	0.000259569	0.0002360228	6.786893e-05	5.383341e-05	1.161556e-05	1.126834e-05	1.126117e-05
78	0.504117	0.4859246	0.4447112	0.4437748	0.442888	0.3784539	0.3629824	0.3566278	0.355809	0.2900991	0.2839708	0.2827656	0.2361447	0.2354154	0.235192	0.03220797	0.002187545	0.001990304	0.001321688	0.0008210245	0.0008150638	0.0002991932	0.0002493893	0.0002486498	0.0002483719	0.0002259457	6.536683e-05	5.253279e-05	1.123864e-05	1.089848e-05
79	0.5044854	0.4948912	0.4775773	0.4369004	0.4361419	0.4353769	0.370952	0.3557076	0.3493697	0.3485591	0.2828816	0.2767745	0.2756847	0.2299172	0.2292059	0.2291366	0.03154554	0.00216486	0.001971661	0.001303059	0.0008093962	0.0008037344	0.0002913609	0.000241866	0.0002411269	0.0002408501	0.0002190973	6.261915e-05	5.033879e-05	1.042333e-05
80	0.5245087	0.5009475	0.4940156	0.4767804	0.4363359	0.4355834	0.4348733	0.3704499	0.3552285	0.3490892	0.3482791	0.2826025	0.2765081	0.2754322	0.2297006	0.2289902	0.2289301	0.03152106	0.002162559	0.001969528	0.001301173	0.0008078827	0.0008022333	0.0002900506	0.0002405737	0.0002405474	0.0002402937	0.0002185871	6.241711e-05	5.017661e-05
81	0.9874802	0.5015665	0.4776334	0.4709014	0.4530911	0.4159155	0.4151811	0.4145103	0.3478006	0.3328044	0.3266415	0.3258294	0.2578245	0.2515373	0.2505291	0.2129344	0.2122675	0.2122232	0.02740983	0.001872151	0.001707285	0.00101687	0.0006025196	0.0005967529	0.0002381543	0.0002045485	0.0002045399	0.0002045139	0.0001866881	5.904852e-05
82	0.9478463	0.9391413	0.4392829	0.4151245	0.4084169	0.3900201	0.3888969	0.3881963	0.3875576	0.3183933	0.3036554	0.3019593	0.3011451	0.2306402	0.224144	0.2231805	0.1942983	0.1936778	0.1936567	0.02229386	0.0008475957	0.0007128848	0.0007125333	0.0003826972	0.0003768422	0.0001829087	0.0001663202	0.0001663144	0.0001662947	0.0001526402
83	0.9839056	0.9391226	0.9302076	0.4113276	0.3862702	0.3793987	0.3658335	0.3647267	0.3640512	0.3634657	0.2918212	0.27762	0.2758774	0.2755354	0.2024441	0.1958875	0.1949935	0.1716252	0.1711566	0.1711356	0.01940898	0.0005364941	0.0004227736	0.0004224326	0.0002455057	0.0002395223	0.0001260486	0.0001164537	0.0001164486	0.0001164314
84	0.8327159	0.8245877	0.7794118	0.7708811	0.3812261	0.3588024	0.3517993	0.3377331	0.3372317	0.3366113	0.33616	0.2616756	0.2482237	0.2480936	0.2477903	0.1718072	0.1650972	0.1643325	0.14616	0.1457677	0.1457623	0.01631544	0.00035422	0.0002630076	0.0002627132	0.0001373821	0.0001371938	7.773796e-05	7.278805e-05	7.278487e-05
85	0.217803	0.2159367	0.2124825	0.2072912	0.2051462	0.2004659	0.177408	0.1701566	0.155588	0.1551406	0.1545523	0.1541505	0.1540741	0.1410363	0.1409198	0.1407781	0.1386554	0.1317233	0.1309368	0.1164701	0.1161593	0.1161541	0.01284894	0.0002976977	0.0002248081	0.0002245038	0.0001214837	0.0001213009	7.419825e-05	7.006913e-05
86	0.1190359	0.1154556	0.1147565	0.1132552	0.1123567	0.1118132	0.1107839	0.1090735	0.1018509	0.1017173	0.1013169	0.1010704	0.1007803	0.1007277	0.0979331	0.09783141	0.09773035	0.09555758	0.09536338	0.09454948	0.08411595	0.08387705	0.08387166	0.009069319	0.0002403816	0.0001885129	0.0001882005	0.0001088106	0.0001086273	7.228594e-05
87	0.5620944	0.08095366	0.0775864	0.07704697	0.07569397	0.07509761	0.07464558	0.07359612	0.07184203	0.06432376	0.06422178	0.06412993	0.06392942	0.06368262	0.06364311	0.06167036	0.06163886	0.06156185	0.05931089	0.05911227	0.05881122	0.05221671	0.05204566	0.0520408	0.005342204	0.000191708	0.0001591694	0.00015885	0.0001007638	0.0001005773
88	0.2359925	0.05783413	0.03085081	0.02794658	0.02750323	0.0261573	0.02570097	0.0255563	0.02450824	0.02438116	0.02420952	0.0241407	0.02409518	0.02400504	0.02387023	0.0238451	0.02280317	0.02278685	0.02274425	0.02272142	0.02251923	0.02220583	0.01884128	0.01874576	0.0187407	0.002058484	0.0001535739	0.0001370709	0.0001367369	9.537069e-05
89	0.2480146	0.2263268	0.04176269	0.01522944	0.01222585	0.01200531	0.01061182	0.01021567	0.01009671	0.009008974	0.008884621	0.008762579	0.008751246	0.00872711	0.008657821	0.008569094	0.008553772	0.007994063	0.007984997	0.007960623	0.007948456	0.007855391	0.007611873	0.005834536	0.005773927	0.005768957	0.0007317914	0.0001082752	9.990241e-05	9.956585e-05
90	0.296643	0.2340966	0.2230039	0.03351437	0.006465352	0.006253348	0.00605011	0.004619038	0.004346327	0.004255306	0.003120371	0.002996608	0.002949025	0.002944789	0.00293726	0.00287787	0.002843372	0.002837167	0.002642647	0.002638287	0.00262934	0.002624454	0.002590265	0.00248863	0.001775918	0.00173408	0.001729451	0.0002471826	4.91308e-05	4.607989e-05
91	0.1480028	0.0969123	0.04393295	0.03622534	0.03339707	0.005019029	0.004799275	0.00477778	0.003270626	0.003017177	0.002933036	0.001740326	0.001616348	0.001591028	0.001588625	0.001584567	0.001526699	0.001508301	0.001504949	0.001433521	0.001430333	0.001426462	0.001424415	0.001413596	0.00136091	0.0009768716	0.000940977	0.0009363028	0.0001369793	2.853714e-05
92	0.7509759	0.1191913	0.07067545	0.0158809	0.00817058	0.005311981	0.005023507	0.004791529	0.004770041	0.00317519	0.002919889	0.002833285	0.001571122	0.001440163	0.001422117	0.001419947	0.001416763	0.001356381	0.001343324	0.001340576	0.001280044	0.001277023	0.001273687	0.001271712	0.001262915	0.001227037	0.0009247856	0.0008886766	0.0008839972	0.0001215806
93	0.6252141	0.6147884	0.1101509	0.06704592	0.01085921	0.006264946	0.003362787	0.003102404	0.003098213	0.003076238	0.003074613	0.002817503	0.002727487	0.001386966	0.001248236	0.001241855	0.001239987	0.001238183	0.001175201	0.001170004	0.00116813	0.001123469	0.001122818	0.001120264	0.001118409	0.001112604	0.001104527	0.0008535215	0.0008164386	0.0008115719
94	0.4516731	0.4354904	0.426649	0.05281988	0.01682604	0.007774021	0.00506954	0.002983688	0.002762523	0.002759121	0.002748883	0.002747695	0.002629833	0.002601986	0.0011735	0.001025659	0.001019819	0.001018207	0.001016781	0.0009499809	0.0009454374	0.0009436681	0.0009054722	0.0009049696	0.0009031031	0.0009015526	0.0008964805	0.0008897429	0.0007066117	0.0007038848
95	0.79005	0.390712	0.3739156	0.3668192	0.03974703	0.01143195	0.006602687	0.00501936	0.002828062	0.002679528	0.002676552	0.002666314	0.002665379	0.002541225	0.002511978	0.0009817238	0.000823479	0.0008181442	0.0008167012	0.0008155718	0.0007444386	0.0007407383	0.0007390902	0.000708897	0.0007085002	0.0007069508	0.0007055343	0.0007012665	0.0006957468	0.0005366861
96	0.4208223	0.4142418	0.3036019	0.2948489	0.2900881	0.02786313	0.008046089	0.004577842	0.00338998	0.00107171	0.0009452774	0.0009432901	0.0009332265	0.0009325859	0.0008011134	0.0007753808	0.0007716329	0.0006013924	0.0005970111	0.0005964488	0.0005956815	0.0005195108	0.0005166	0.0005161187	0.0004968592	0.0004965936	0.0004956478	0.0004951358	0.0004927784	0.0004895262
97	0.3972054	0.3592226	0.355752	0.2470613	0.2389379	0.236591	0.01693323	0.005978661	0.003828729	0.003035792	0.0005708895	0.0004642252	0.000463029	0.0004530666	0.0004527658	0.0003148325	0.0002875798	0.0002846204	0.000284081	0.0002812375	0.0002809477	0.0002805963	0.0002797891	0.0002780747	0.0002779588	0.0002724727	0.0002723609	0.0002721484	0.0002720092	0.0002719599
98	0.03498824	0.03033839	0.02191476	0.02083998	0.01980747	0.01959251	0.01899517	0.005591929	0.003384367	0.003038723	0.002926063	0.0002892409	0.0002554818	0.0002553363	0.0002452143	0.0002451561	9.529753e-05	6.648774e-05	6.33577e-05	6.293965e-05	6.081039e-05	6.070831e-05	6.063307e-05	6.00771e-05	5.864516e-05	5.860316e-05	5.735566e-05	5.73306e-05	5.727383e-05	5.724255e-05
99	0.1878595	0.02084826	0.01760981	0.0160566	0.01520686	0.01435523	0.01416371	0.01364335	0.002510838	0.0006833807	0.0003980793	0.0003037228	0.0002982066	0.000262724	0.0002626046	0.0002531421	0.0002530943	8.834618e-05	5.668541e-05	5.331826e-05	5.286497e-05	5.053448e-05	5.044052e-05	5.037819e-05	4.978578e-05	4.823067e-05	4.81909e-05	4.715433e-05	4.713348e-05	4.708346e-05
100	0.5376094	0.1136644	0.01716501	0.01487769	0.01353764	0.01274579	0.0119338	0.01174386	0.01129276	0.002063303	0.0005829962	0.0003545648	0.0002845172	0.0002801538	0.0002763448	0.0002762496	0.0002657696	0.0002657317	8.270003e-05	4.753929e-05	4.380624e-05	4.33088e-05	4.073029e-05	4.063945e-05	4.058958e-05	3.994929e-05	3.824012e-05	3.820132e-05	3.736319e-05	3.734639e-05
101	0.6382278	0.2694724	0.07446543	0.01485981	0.01314423	0.0121067	0.01159291	0.01086486	0.0106825	0.01035453	0.001952281	0.0005642001	0.0003516171	0.0002864279	0.0002825427	0.0002791225	0.0002790345	0.0002764172	0.000276382	8.266943e-05	4.364619e-05	3.945496e-05	3.901855e-05	3.790746e-05	3.782053e-05	3.777392e-05	3.716142e-05	3.538373e-05	3.534326e-05	3.456991e-05
102	0.9594579	0.6161554	0.2842813	0.07192772	0.01413135	0.01251849	0.01148106	0.01097976	0.01021834	0.01003255	0.009737964	0.001805025	0.0005626385	0.0003705918	0.0003113781	0.0003086875	0.0003055392	0.0003054584	0.0003051274	0.0003050953	8.490724e-05	4.152313e-05	3.680541e-05	3.631047e-05	3.504664e-05	3.496269e-05	3.491966e-05	3.423085e-05	3.221031e-05	3.216766e-05
103	0.8869869	0.8515507	0.5671669	0.2916075	0.07038472	0.01207624	0.01057061	0.0100725	0.009666298	0.009103584	0.009007145	0.008755378	0.00137565	0.0003140908	0.0001472402	9.532835e-05	9.316992e-05	9.034893e-05	9.027692e-05	9.019831e-05	9.017e-05	8.93574e-05	3.88505e-05	3.36219e-05	3.304877e-05	3.1581e-05	3.150169e-05	3.146296e-05	3.067193e-05	2.832713e-05
104	0.4296968	0.4277334	0.4022811	0.2967432	0.08923976	0.05822733	0.007757628	0.006527257	0.006300262	0.006106061	0.005906968	0.005842778	0.005656785	0.001012438	0.000206359	7.543664e-05	3.50074e-05	3.325844e-05	3.112187e-05	3.106361e-05	3.101136e-05	3.098839e-05	3.095084e-05	3.087825e-05	2.462138e-05	2.396786e-05	2.394877e-05	2.391915e-05	2.388638e-05	2.298818e-05
105	0.4260153	0.3319324	0.330453	0.3123075	0.225378	0.08332317	0.05918626	0.006061945	0.004951024	0.004769802	0.004627079	0.004476374	0.004439823	0.004313279	0.0007036788	0.0001498327	5.342665e-05	2.305925e-05	2.168993e-05	2.0023e-05	1.997765e-05	1.993804e-05	1.992002e-05	1.989354e-05	1.987168e-05	1.985326e-05	1.90414e-05	1.902541e-05	1.901027e-05	1.898277e-05
106	0.2392444	0.230991	0.1781083	0.1773064	0.1673255	0.1155204	0.07045111	0.05803423	0.003526417	0.002614783	0.002503256	0.002449753	0.002365056	0.00235244	0.00231284	0.0002600098	7.344084e-05	2.76487e-05	1.211622e-05	1.131463e-05	1.036366e-05	1.033797e-05	1.031649e-05	1.030613e-05	1.029177e-05	1.027995e-05	1.027665e-05	1.027279e-05	1.026551e-05	1.025776e-05
107	0.9121572	0.2142592	0.2066914	0.1562825	0.1555047	0.1460034	0.1012934	0.08672755	0.0747522	0.003467443	0.002380026	0.002280855	0.002246128	0.002163724	0.002152679	0.002138964	0.0001502313	6.349293e-05	2.565705e-05	1.184067e-05	1.104314e-05	1.011094e-05	1.008637e-05	1.006602e-05	1.0056e-05	1.004262e-05	1.00314e-05	1.002831e-05	1.002765e-05	1.00265e-05
108	0.909695	0.8645465	0.1808767	0.1734787	0.1239614	0.1231988	0.1141237	0.09454845	0.09301985	0.08133138	0.003242396	0.002178332	0.002135268	0.002108621	0.002030483	0.002020218	0.002018242	9.799043e-05	5.829538e-05	2.449124e-05	1.159806e-05	1.080966e-05	9.89682e-06	9.874948e-06	9.85532e-06	9.845995e-06	9.832996e-06	9.822075e-06	9.819085e-06	9.81899e-06
