#unpaired probabilities
 #i$	l=1	2	3	4	5	6	7	8	9	10	11	12	13	14	15	16	17	18	19	20	21	22	23	24	25	26	27	28	29	30	
1	0.9129739	NA	NA	NA	NA	NA	NA	NA	NA	NA	NA	NA	NA	NA	NA	NA	NA	NA	NA	NA	NA	NA	NA	NA	NA	NA	NA	NA	NA	NA
2	0.9503219	0.9023246	NA	NA	NA	NA	NA	NA	NA	NA	NA	NA	NA	NA	NA	NA	NA	NA	NA	NA	NA	NA	NA	NA	NA	NA	NA	NA	NA	NA
3	0.9532443	0.9262592	0.8800993	NA	NA	NA	NA	NA	NA	NA	NA	NA	NA	NA	NA	NA	NA	NA	NA	NA	NA	NA	NA	NA	NA	NA	NA	NA	NA	NA
4	0.9519795	0.920413	0.8943324	0.8502314	NA	NA	NA	NA	NA	NA	NA	NA	NA	NA	NA	NA	NA	NA	NA	NA	NA	NA	NA	NA	NA	NA	NA	NA	NA	NA
5	0.9594198	0.9359535	0.9054786	0.8796533	0.8364587	NA	NA	NA	NA	NA	NA	NA	NA	NA	NA	NA	NA	NA	NA	NA	NA	NA	NA	NA	NA	NA	NA	NA	NA	NA
6	0.9840448	0.9563163	0.9324282	0.9013766	0.8784904	0.8353635	NA	NA	NA	NA	NA	NA	NA	NA	NA	NA	NA	NA	NA	NA	NA	NA	NA	NA	NA	NA	NA	NA	NA	NA
7	0.4910116	0.4779712	0.4734133	0.4690053	0.4482087	0.4360083	0.4148132	NA	NA	NA	NA	NA	NA	NA	NA	NA	NA	NA	NA	NA	NA	NA	NA	NA	NA	NA	NA	NA	NA	NA
8	0.467293	0.4132627	0.4120855	0.4097624	0.4064974	0.386789	0.3756723	0.3578193	NA	NA	NA	NA	NA	NA	NA	NA	NA	NA	NA	NA	NA	NA	NA	NA	NA	NA	NA	NA	NA	NA
9	0.5236486	0.4608038	0.4074855	0.4063606	0.4040796	0.4008766	0.3812253	0.3702135	0.3528712	NA	NA	NA	NA	NA	NA	NA	NA	NA	NA	NA	NA	NA	NA	NA	NA	NA	NA	NA	NA	NA
10	0.9554061	0.4865551	0.430305	0.3800958	0.3790131	0.3769962	0.374305	0.355024	0.3445942	0.3284097	NA	NA	NA	NA	NA	NA	NA	NA	NA	NA	NA	NA	NA	NA	NA	NA	NA	NA	NA	NA
11	0.8974786	0.8946763	0.4308984	0.3805744	0.3353118	0.3342655	0.3326784	0.3307098	0.3121212	0.3026852	0.2889006	NA	NA	NA	NA	NA	NA	NA	NA	NA	NA	NA	NA	NA	NA	NA	NA	NA	NA	NA
12	0.7118506	0.7036478	0.7145265	0.2649198	0.2318405	0.203499	0.2035077	0.2029804	0.2028279	0.1857893	0.1803799	0.1722375	NA	NA	NA	NA	NA	NA	NA	NA	NA	NA	NA	NA	NA	NA	NA	NA	NA	NA
13	0.7086984	0.6497529	0.6461259	0.661269	0.2162497	0.1891783	0.1656923	0.1657085	0.1654115	0.1656755	0.1491248	0.1460506	0.1394975	NA	NA	NA	NA	NA	NA	NA	NA	NA	NA	NA	NA	NA	NA	NA	NA	NA
14	0.4186783	0.4000178	0.4170593	0.4417684	0.4758107	0.04840507	0.04265018	0.0379904	0.03882461	0.04027035	0.04253908	0.02780461	0.02723961	0.02598445	NA	NA	NA	NA	NA	NA	NA	NA	NA	NA	NA	NA	NA	NA	NA	NA
15	0.6632388	0.4061343	0.3962534	0.414389	0.439438	0.4736631	0.04644851	0.04092141	0.03646818	0.03741675	0.0388818	0.04117284	0.02645957	0.02592011	0.0247236	NA	NA	NA	NA	NA	NA	NA	NA	NA	NA	NA	NA	NA	NA	NA
16	0.1111666	0.08053056	0.05083553	0.02762945	0.023799	0.02103274	0.01907341	0.01690343	0.01398432	0.01157739	0.011375	0.01117655	0.01098984	0.01080143	0.01057825	0.01010132	NA	NA	NA	NA	NA	NA	NA	NA	NA	NA	NA	NA	NA	NA
17	0.1643648	0.1007318	0.07217604	0.04738591	0.02466014	0.02119974	0.0186502	0.01684811	0.01486072	0.01249043	0.01029273	0.01010146	0.009919299	0.009751577	0.009583868	0.009395419	0.008975619	NA	NA	NA	NA	NA	NA	NA	NA	NA	NA	NA	NA	NA
18	0.4240995	0.09578269	0.06135013	0.0444658	0.03235841	0.01182501	0.01025926	0.008757696	0.007964337	0.007067355	0.006028798	0.005081045	0.005013669	0.004935336	0.004854132	0.004765636	0.004673034	0.004463502	NA	NA	NA	NA	NA	NA	NA	NA	NA	NA	NA	NA
19	0.7170774	0.3858632	0.07554278	0.04840446	0.03442104	0.02772244	0.007712896	0.006588246	0.006019622	0.005479688	0.004905828	0.004206301	0.003569977	0.003526963	0.003473316	0.003414332	0.003360613	0.003295516	0.003145914	NA	NA	NA	NA	NA	NA	NA	NA	NA	NA	NA
20	0.7450517	0.6984143	0.375404	0.06711342	0.04017657	0.03379792	0.02738134	0.007420375	0.006343751	0.005798445	0.00528127	0.004731689	0.004061813	0.003453294	0.003412882	0.003361658	0.003304682	0.00325274	0.003189789	0.003044907	NA	NA	NA	NA	NA	NA	NA	NA	NA	NA
21	0.7659801	0.4997965	0.4427968	0.1061233	0.06367142	0.04007198	0.03370962	0.02731297	0.007398668	0.006325096	0.005781446	0.00526585	0.004717966	0.004050161	0.003443546	0.003403272	0.00335219	0.003295347	0.003243508	0.003180645	0.003036462	NA	NA	NA	NA	NA	NA	NA	NA	NA
22	0.2709518	0.2668922	0.2582763	0.2552588	0.02387816	0.01166333	0.007570151	0.004566574	0.00256775	0.002250173	0.001905082	0.001757846	0.001620951	0.001480298	0.001309425	0.001161065	0.001157649	0.001145043	0.001126031	0.001109551	0.001089368	0.001043735	NA	NA	NA	NA	NA	NA	NA	NA
23	0.2279597	0.2127059	0.2156055	0.2138112	0.2164448	0.01302147	0.006604541	0.004486802	0.002339207	0.00129206	0.001122117	0.0009750076	0.0008931686	0.0008212702	0.0007445691	0.0006514575	0.0005692142	0.0005658926	0.000558181	0.0005492505	0.00054092	0.0005301431	0.0005068019	NA	NA	NA	NA	NA	NA	NA
24	0.2496986	0.218028	0.2056668	0.209128	0.2082224	0.2115891	0.01171375	0.005944544	0.00408802	0.00205297	0.001129277	0.0009792085	0.0008490798	0.0007816289	0.0007179765	0.0006504645	0.0005682123	0.0004951819	0.000491978	0.000485453	0.0004776179	0.0004705023	0.0004609994	0.0004404978	NA	NA	NA	NA	NA	NA
25	0.3772337	0.209023	0.1915498	0.186334	0.1912538	0.1956548	0.201468	0.008066996	0.004166757	0.003040711	0.001316537	0.000728136	0.0006363808	0.0005570357	0.0005175592	0.000480857	0.0004424551	0.000395756	0.0003560837	0.0003559564	0.0003528882	0.0003473885	0.0003423764	0.000335417	0.0003204853	NA	NA	NA	NA	NA
26	0.2486297	0.2157582	0.1636797	0.1619474	0.1647304	0.1712316	0.1781209	0.1859708	0.002738492	0.00103076	0.0006263762	0.0004621585	0.0002429759	0.0002124463	0.0001867221	0.0001737201	0.0001617502	0.0001491751	0.0001338837	0.000121014	0.0001210573	0.0001200374	0.0001181788	0.0001164271	0.0001131077	0.0001069991	NA	NA	NA	NA
27	0.5089126	0.09509401	0.06263292	0.0189405	0.01249295	0.009244768	0.008594439	0.007618372	0.006719682	0.002444006	0.0008664664	0.0005222214	0.0003828885	0.0002058383	0.0001800154	0.0001582918	0.0001473437	0.0001372592	0.0001266853	0.0001138398	0.0001030338	0.0001030472	0.0001021068	0.0001003883	9.868369e-05	9.651605e-05	9.108935e-05	NA	NA	NA
28	0.7458263	0.5079097	0.09431748	0.06186396	0.0182316	0.01175578	0.008474765	0.007787956	0.006771825	0.00587234	0.001550354	0.000861593	0.0005220953	0.0003827833	0.0002057557	0.0001799876	0.0001582678	0.0001473217	0.0001372393	0.0001266674	0.0001138245	0.0001030208	0.0001030342	0.0001020937	0.0001003749	9.866952e-05	9.650038e-05	9.107932e-05	NA	NA
29	0.8770728	0.7395615	0.5021481	0.08925172	0.05661834	0.01820857	0.01173332	0.00845202	0.007764335	0.006747304	0.005861422	0.001539627	0.0008552776	0.0005219609	0.000382672	0.0002056696	0.0001799567	0.0001582411	0.0001472972	0.0001372169	0.0001266473	0.0001138071	0.0001030059	0.0001030192	0.0001020785	0.0001003595	9.865348e-05	9.648288e-05	9.106757e-05	NA
30	0.2396476	0.1331026	0.107667	0.0556052	0.01737015	0.01193772	0.003903559	0.002529535	0.001826644	0.001675601	0.001461739	0.001258226	0.0003430853	0.0001983839	0.000127398	9.883214e-05	4.371456e-05	3.822515e-05	3.359611e-05	3.125635e-05	2.910115e-05	2.683739e-05	2.408937e-05	2.177205e-05	2.177257e-05	2.157708e-05	2.122403e-05	2.08785e-05	2.037868e-05	1.925754e-05
31	0.07765928	0.07488855	0.07445145	0.06662684	0.02834866	0.003180838	0.001655398	0.0005312458	0.000350396	0.000259075	0.0002407428	0.0002120227	0.000167522	5.105462e-05	2.754778e-05	1.705967e-05	1.330509e-05	5.724528e-06	4.981569e-06	4.365623e-06	4.050788e-06	3.759225e-06	3.451762e-06	3.078308e-06	2.758009e-06	2.754257e-06	2.729019e-06	2.68737e-06	2.648686e-06	2.590578e-06
32	0.1100197	0.07631095	0.07372504	0.07378622	0.06600781	0.02814765	0.003119267	0.001603784	0.0005048962	0.0003268365	0.000236522	0.0002177066	0.0001885913	0.0001639328	4.978662e-05	2.664102e-05	1.677456e-05	1.309594e-05	5.598824e-06	4.883672e-06	4.279595e-06	3.970751e-06	3.684714e-06	3.383038e-06	3.01661e-06	2.702233e-06	2.698574e-06	2.674008e-06	2.633248e-06	2.595398e-06
33	0.3415275	0.1082386	0.07594098	0.07353385	0.07363915	0.06594012	0.02810954	0.003094106	0.001583876	0.0004983382	0.0003227646	0.0002337327	0.0002152027	0.0001864678	0.0001621564	4.925855e-05	2.632834e-05	1.659009e-05	1.296583e-05	5.527865e-06	4.822944e-06	4.227808e-06	3.923848e-06	3.642558e-06	3.345956e-06	2.985723e-06	2.67714e-06	2.674005e-06	2.649953e-06	2.609624e-06
34	0.9641285	0.3085309	0.07476308	0.04218458	0.03872744	0.03765104	0.02868831	0.02793595	0.003079801	0.001576759	0.0004956183	0.000320825	0.0002321226	0.0002136348	0.0001857254	0.0001615866	4.909303e-05	2.623667e-05	1.653615e-05	1.292727e-05	5.50617e-06	4.804144e-06	4.211438e-06	3.908744e-06	3.628642e-06	3.333295e-06	2.974588e-06	2.667841e-06	2.66487e-06	2.640991e-06
35	0.9338116	0.9332548	0.2822535	0.05125635	0.02089623	0.01718355	0.01548002	0.005835972	0.004316456	0.003021395	0.001532775	0.0004808535	0.0003116584	0.0002258279	0.0002079775	0.0001809941	0.0001577757	4.783834e-05	2.55348e-05	1.612464e-05	1.263667e-05	5.347697e-06	4.668682e-06	4.095843e-06	3.804132e-06	3.534591e-06	3.250654e-06	2.905878e-06	2.612365e-06	2.610804e-06
36	0.925114	0.9212159	0.9224694	0.2752417	0.04632201	0.01944066	0.01599661	0.01432961	0.004718193	0.00318794	0.001868033	0.001504391	0.0004684913	0.0003021234	0.0002176235	0.0001998846	0.0001741951	0.0001511879	4.263588e-05	2.514675e-05	1.589928e-05	1.247635e-05	5.258566e-06	4.591751e-06	4.02934e-06	3.743195e-06	3.478925e-06	3.20062e-06	2.862707e-06	2.575421e-06
37	0.9418311	0.9221482	0.9185676	0.9199837	0.2728988	0.04405454	0.0193214	0.01589612	0.01423095	0.004621036	0.003103159	0.001780914	0.001414216	0.0004663968	0.000300134	0.0002156476	0.0001978441	0.0001720894	0.0001491418	4.059254e-05	2.433572e-05	1.588565e-05	1.246646e-05	5.252773e-06	4.587083e-06	4.025262e-06	3.739421e-06	3.475436e-06	3.19743e-06	2.859881e-06
38	0.4428995	0.4228212	0.3887694	0.3699899	0.3553091	0.2726963	0.04390167	0.01931022	0.01589053	0.0142268	0.004618169	0.003101213	0.001779537	0.00141315	0.0004657196	0.0002999463	0.0002154916	0.0001976922	0.0001719648	0.0001490836	4.057098e-05	2.43215e-05	1.588045e-05	1.246274e-05	5.250663e-06	4.585317e-06	4.023731e-06	3.738014e-06	3.474146e-06	3.196266e-06
39	0.09797322	0.08574727	0.07749383	0.07053052	0.06382424	0.05752106	0.02653808	0.01216332	0.003881198	0.002683697	0.002347131	0.001995137	0.001458564	0.0006388467	0.0004916053	0.0001609903	0.0001040929	7.502881e-05	6.899073e-05	5.998909e-05	5.165824e-05	1.322696e-05	7.468134e-06	4.464572e-06	3.216443e-06	1.82907e-06	1.598635e-06	1.405863e-06	1.308777e-06	1.219352e-06
40	0.1494178	0.09244481	0.0841929	0.07609863	0.06924566	0.06264328	0.05642697	0.0258141	0.01161904	0.003798374	0.002617332	0.002284431	0.0019349	0.001447189	0.0006306242	0.0004847506	0.0001584893	0.0001022584	7.352073e-05	6.75274e-05	5.860127e-05	5.099615e-05	1.302398e-05	7.334597e-06	4.408703e-06	3.17558e-06	1.804677e-06	1.579337e-06	1.388906e-06	1.293004e-06
41	0.3616003	0.1484339	0.09179301	0.08372376	0.0758249	0.06901248	0.06244625	0.0563426	0.02576793	0.01159534	0.003792616	0.002614996	0.002282802	0.001933961	0.001446605	0.0006302238	0.0004844283	0.0001583807	0.0001021896	7.347248e-05	6.748357e-05	5.85634e-05	5.096368e-05	1.301535e-05	7.329492e-06	4.405656e-06	3.173443e-06	1.803489e-06	1.57831e-06	1.388035e-06
42	0.6167978	0.2304014	0.1228153	0.07439099	0.06806647	0.06197534	0.05696777	0.05224454	0.04788997	0.02041097	0.008536519	0.002749926	0.001882302	0.00161072	0.001320592	0.0008418273	0.0005976885	0.0004582204	0.0001497675	9.663878e-05	6.948091e-05	6.381719e-05	5.537666e-05	4.818824e-05	1.23109e-05	6.931892e-06	4.166749e-06	3.00161e-06	1.705246e-06	1.492311e-06
43	0.5733738	0.5613023	0.1990357	0.1004674	0.06536475	0.06074877	0.05633038	0.05201007	0.04797319	0.04426663	0.01839145	0.007510702	0.002488857	0.00174131	0.001499352	0.00123634	0.0007770575	0.0005423903	0.0004387601	0.0001432678	9.24213e-05	6.642497e-05	6.100091e-05	5.30598e-05	4.618025e-05	1.176337e-05	6.635531e-06	3.989164e-06	2.874332e-06	1.632941e-06
44	0.4924497	0.4675936	0.4544718	0.1938125	0.0979509	0.06469555	0.06016995	0.05583224	0.05157747	0.04760735	0.04396418	0.01820228	0.007404721	0.002465556	0.001729448	0.001490144	0.001229733	0.0007725746	0.0005383575	0.000434858	0.0001428961	9.216777e-05	6.623103e-05	6.081797e-05	5.289332e-05	4.605111e-05	1.171097e-05	6.614542e-06	3.980066e-06	2.867775e-06
45	0.4461267	0.407851	0.3824529	0.3684902	0.1843778	0.09141426	0.06012763	0.05578893	0.05161542	0.04752372	0.04369099	0.04016644	0.01721082	0.007037392	0.00232868	0.001625635	0.001398874	0.001144985	0.0007192903	0.0005011507	0.000404803	0.0001330196	8.578958e-05	6.163221e-05	5.658852e-05	4.920927e-05	4.283974e-05	1.090356e-05	6.160043e-06	3.706702e-06
46	0.2494623	0.08636316	0.07435627	0.06687219	0.06053032	0.0388083	0.02442804	0.01713362	0.01533307	0.0135792	0.01178207	0.00994655	0.008214404	0.004893034	0.002536635	0.0005655241	0.0002511993	0.0001743613	0.0001005758	6.308614e-05	4.262609e-05	3.416405e-05	1.13943e-05	7.027911e-06	4.771087e-06	4.264249e-06	3.601266e-06	2.983637e-06	9.298687e-07	5.486128e-07
47	0.4451689	0.2409259	0.08265465	0.07187256	0.06451199	0.05826304	0.0377687	0.02374931	0.01670475	0.01497001	0.01324402	0.01147426	0.009664495	0.007956149	0.004781593	0.002489744	0.000550441	0.0002408296	0.0001654668	9.267455e-05	5.854845e-05	3.945098e-05	3.159329e-05	1.055598e-05	6.485013e-06	4.379139e-06	3.903573e-06	3.286808e-06	2.709648e-06	8.608105e-07
48	0.3529609	0.2366729	0.1222344	0.08003168	0.07073708	0.06351177	0.05736369	0.03717915	0.0233776	0.0164411	0.01473805	0.01303956	0.01129846	0.009517985	0.007837483	0.004709925	0.002452393	0.0005424713	0.0002375191	0.0001632718	9.156115e-05	5.785016e-05	3.897158e-05	3.120993e-05	1.042872e-05	6.404023e-06	4.321805e-06	3.85129e-06	3.242397e-06	2.671579e-06
49	0.3813333	0.3406551	0.2249586	0.1132462	0.0796651	0.07053683	0.06332929	0.05719503	0.03708233	0.02331269	0.01640007	0.0147028	0.01300832	0.01127134	0.009495033	0.007818487	0.004699195	0.002446863	0.0005412583	0.0002369815	0.0001628989	9.134437e-05	5.771363e-05	3.887783e-05	3.113514e-05	1.04039e-05	6.388329e-06	4.310718e-06	3.84119e-06	3.233736e-06
50	0.7952921	0.350442	0.3100767	0.2094752	0.1009409	0.07904871	0.07012764	0.06319603	0.0570918	0.03701517	0.02326298	0.01636092	0.01466904	0.01297913	0.01124516	0.0094822	0.007808096	0.004693737	0.002444258	0.0005405653	0.000236593	0.0001625927	9.110412e-05	5.755891e-05	3.877639e-05	3.105461e-05	1.037653e-05	6.37261e-06	4.301103e-06	3.833064e-06
51	0.8662703	0.7898968	0.3462693	0.3061277	0.2062545	0.09968911	0.07890714	0.07001007	0.06308902	0.05705479	0.03699123	0.02324513	0.01634662	0.01466113	0.01297214	0.01123915	0.009477109	0.007804276	0.004691734	0.00244329	0.0005402755	0.0002364486	0.000162478	9.101265e-05	5.749983e-05	3.873754e-05	3.102369e-05	1.036572e-05	6.36621e-06	4.297002e-06
52	0.7177398	0.5938071	0.5140139	0.3343114	0.2999006	0.202288	0.09764956	0.07770333	0.06895091	0.06213563	0.05619325	0.03643417	0.02289661	0.01609772	0.01444002	0.01277628	0.01106983	0.009334915	0.007687858	0.004621019	0.002406043	0.0005320014	0.0002328002	0.0001599295	8.95435e-05	5.644243e-05	3.825106e-05	3.063167e-05	1.023654e-05	6.283013e-06
53	0.6127358	0.5971834	0.5558659	0.4887911	0.3284501	0.2957812	0.1991083	0.09570272	0.07713169	0.06846337	0.06169383	0.05579095	0.03618246	0.02273772	0.01598642	0.01433965	0.01268698	0.01099187	0.009268451	0.007632291	0.004589346	0.002389901	0.0005283176	0.0002310943	0.0001587118	8.878665e-05	5.596062e-05	3.790597e-05	3.037482e-05	1.015063e-05
54	0.6161427	0.5881142	0.5732775	0.5354689	0.482669	0.3244631	0.2927573	0.1962076	0.09523983	0.07702281	0.06837096	0.06160629	0.05570753	0.03614054	0.02271033	0.01597053	0.01432503	0.01267356	0.01097969	0.009257454	0.0076224	0.004584825	0.0023879	0.0005277373	0.0002307238	0.0001584031	8.852359e-05	5.579656e-05	3.778901e-05	3.027855e-05
55	0.9768428	0.6107847	0.5850746	0.5704267	0.5328208	0.4802815	0.323265	0.2916826	0.1954196	0.09496619	0.07681387	0.06818534	0.06143814	0.05555462	0.036042	0.02264734	0.01592795	0.01428657	0.01263925	0.01094973	0.009231914	0.007601044	0.004572594	0.002381666	0.0005263205	0.0002300657	0.0001579326	8.823015e-05	5.561676e-05	3.766307e-05
56	0.5095466	0.4987258	0.1620113	0.145326	0.1375497	0.122137	0.1051227	0.07101548	0.06355637	0.04919688	0.01868544	0.01232478	0.01086849	0.01009172	0.009409169	0.005480659	0.003581266	0.00229141	0.00201859	0.001792161	0.001601975	0.001420378	0.001250505	0.0006193767	0.0002833895	8.251584e-05	5.161264e-05	4.236842e-05	3.5676e-05	2.302829e-05
57	0.4942139	0.4830148	0.4735688	0.1548397	0.13873	0.1311581	0.1164779	0.1001505	0.06764053	0.06052517	0.0470603	0.01778058	0.01159694	0.01023534	0.009519567	0.00889005	0.005151388	0.003373528	0.00214643	0.00188778	0.001676001	0.001500967	0.001334668	0.001179292	0.0005788106	0.000262759	7.76959e-05	4.929357e-05	4.067364e-05	3.455271e-05
58	0.513159	0.4607526	0.4499028	0.4401624	0.1470079	0.1310947	0.1235548	0.112549	0.09664709	0.06530497	0.0584226	0.04567488	0.01707332	0.01104055	0.009742402	0.009076703	0.008490872	0.004891264	0.00321119	0.002031051	0.001784458	0.001584676	0.00142223	0.001268767	0.001125591	0.0005456932	0.0002452435	7.388321e-05	4.767328e-05	3.958071e-05
59	0.3694347	0.3447655	0.2908245	0.2773014	0.2667245	0.1400616	0.1253576	0.1179835	0.1071654	0.0915776	0.06394356	0.05737164	0.04498288	0.01670465	0.0107786	0.009512081	0.008868683	0.008302257	0.004773279	0.003136755	0.001977938	0.00173737	0.001543535	0.001386727	0.001238997	0.001101266	0.0005309874	0.0002375641	7.21949e-05	4.693825e-05
60	0.4444539	0.365371	0.3420711	0.2881524	0.2746053	0.2640218	0.1397815	0.1251037	0.1177401	0.1069321	0.09135928	0.06382741	0.05726843	0.04491408	0.01667331	0.01075356	0.009489876	0.008848685	0.008284189	0.004761339	0.00312906	0.001972829	0.001732797	0.001539506	0.001383257	0.001236096	0.001098905	0.0005295564	0.0002368133	7.203052e-05
61	0.9601437	0.406003	0.3577483	0.3357107	0.2822353	0.2688922	0.2584824	0.1345422	0.1199388	0.1126484	0.1020304	0.08693455	0.06051947	0.05425701	0.04298127	0.01566952	0.009909952	0.008740222	0.008177055	0.007680555	0.004361051	0.002878422	0.001794497	0.0015725	0.001397795	0.001261159	0.001134091	0.001016011	0.0004781245	0.0002095657
62	0.8334214	0.810178	0.2702424	0.2362006	0.2252228	0.1822263	0.1791955	0.1777863	0.05865351	0.04872037	0.04638321	0.03835603	0.03364362	0.02518067	0.02296741	0.01800108	0.007697573	0.004323424	0.003726469	0.003457956	0.003225696	0.002059297	0.001453291	0.0008360316	0.0006845873	0.0005778526	0.0005099124	0.0004436492	0.0003813571	0.0001993322
63	0.7871248	0.7912105	0.7701783	0.2326596	0.2036319	0.1958125	0.1553695	0.1548444	0.1555583	0.03756282	0.02872586	0.02754751	0.02006289	0.01783283	0.01390794	0.01265661	0.0091838	0.005482648	0.00269356	0.002233402	0.002029154	0.001853359	0.001204819	0.0008044313	0.0006016165	0.0004672289	0.0003768009	0.0003253198	0.000273564	0.0002245618
64	0.7433189	0.7312115	0.7356167	0.7139674	0.1797165	0.1576333	0.1516169	0.1521178	0.1518041	0.1526948	0.03481559	0.02611137	0.02505189	0.01759901	0.01557265	0.01206936	0.01111813	0.008097679	0.004823854	0.002516243	0.002068238	0.001869314	0.00169833	0.001095853	0.0007132886	0.0005200036	0.0004471906	0.0003582118	0.0003083137	0.000257864
65	0.4973796	0.4785167	0.4632999	0.4637512	0.4396046	0.06281915	0.05853562	0.05602206	0.05502851	0.05437705	0.05421467	0.02621582	0.02541636	0.02440353	0.01696576	0.01501234	0.01168983	0.01077147	0.007812834	0.004713061	0.002424427	0.002019346	0.00182575	0.001656509	0.001070172	0.0006956928	0.0005063433	0.0004339143	0.0003517696	0.0003023818
66	0.7105322	0.474306	0.4618684	0.4510609	0.4547875	0.4309705	0.05451813	0.05182252	0.05113435	0.05103153	0.05079505	0.05079104	0.02296529	0.02269342	0.02258138	0.0152334	0.01353742	0.01060559	0.009800978	0.006968614	0.00449175	0.002267686	0.0018811	0.00169676	0.001536704	0.001007193	0.0006584843	0.0004857415	0.0004160952	0.0003365513
67	0.9581829	0.7019392	0.4709668	0.4599029	0.4497394	0.453691	0.4299233	0.05352234	0.05088466	0.05025563	0.05020868	0.05002592	0.05005947	0.02225631	0.02200549	0.02191645	0.01467395	0.01306731	0.010248	0.009477423	0.006736416	0.00439656	0.002190442	0.00181248	0.001634557	0.001480153	0.0009718589	0.0006366284	0.0004707232	0.0004025932
68	0.6969183	0.6940489	0.502463	0.456788	0.4497036	0.4410231	0.4454456	0.4217125	0.04534493	0.04275075	0.04216112	0.04214836	0.04199557	0.04203848	0.01418212	0.01386741	0.01371511	0.01333447	0.01192723	0.009476828	0.008784184	0.006181799	0.004236133	0.002073048	0.00170817	0.00153727	0.001389024	0.0009205187	0.0006037623	0.0004490986
69	0.6714897	0.6602897	0.6588265	0.4799039	0.4472608	0.4474451	0.4393766	0.4440142	0.4203256	0.044003	0.04146288	0.04092483	0.04096096	0.04085654	0.04094136	0.01310303	0.01280359	0.01266783	0.01232265	0.01142447	0.00912671	0.008464608	0.005916103	0.004133047	0.001986488	0.001625851	0.001456658	0.001309743	0.0009002766	0.0005907191
70	0.09147321	0.08471649	0.07689702	0.06714253	0.05075922	0.03985962	0.0343751	0.0207698	0.01878716	0.01852574	0.01740288	0.01454304	0.01378165	0.01336281	0.01302936	0.01273632	0.01245787	0.01217645	0.01204123	0.01168866	0.0107932	0.008567684	0.00793775	0.005712077	0.003955925	0.001809105	0.001585544	0.001416341	0.001269299	0.0008618706
71	0.3313958	0.08723354	0.08067075	0.07292057	0.06312281	0.04743544	0.03671045	0.03118109	0.0185119	0.01656671	0.01626899	0.01510863	0.01436765	0.01361626	0.01320082	0.01286458	0.01256863	0.01228713	0.01216098	0.0120284	0.01167562	0.01077999	0.008562053	0.007936585	0.005711092	0.003955092	0.001808849	0.001585288	0.001416213	0.001269195
72	0.420949	0.3205681	0.07829068	0.07184921	0.06419223	0.05428292	0.03913589	0.02860847	0.02295714	0.01796033	0.01607438	0.01576869	0.01460007	0.01386697	0.01347439	0.01305839	0.0127197	0.01242119	0.01213702	0.01205755	0.01195291	0.01159897	0.01070223	0.008553665	0.007929106	0.005705117	0.003949516	0.001807717	0.001584292	0.001415431
73	0.5197344	0.3198059	0.2980036	0.06546975	0.06011217	0.05944986	0.05006137	0.03662712	0.02661785	0.02102592	0.01607615	0.01440543	0.01407942	0.0128895	0.01215621	0.01174625	0.011381	0.01101939	0.0106967	0.01038447	0.01028129	0.01015597	0.009775589	0.008857172	0.006691749	0.006047354	0.003838257	0.002063072	0.001759157	0.001538845
74	0.5066615	0.5021884	0.304861	0.2886015	0.05988235	0.05687958	0.05643424	0.04726432	0.03419849	0.02446478	0.01898221	0.01413819	0.01248227	0.01215496	0.01182628	0.01143709	0.0110337	0.0106698	0.01031515	0.009999169	0.009879079	0.009776794	0.009651129	0.009290649	0.008406182	0.006293346	0.005673902	0.003619812	0.001901218	0.001616869
75	0.6274124	0.2939587	0.2907198	0.2850481	0.2812079	0.05360772	0.05242151	0.05215043	0.04292915	0.03295244	0.02376863	0.0182909	0.01359922	0.0119363	0.01160027	0.01126256	0.01087477	0.01049956	0.01012733	0.009763215	0.009437402	0.009307038	0.009195048	0.00905875	0.008690281	0.00779819	0.006249063	0.005632943	0.003598619	0.001884729
76	0.6139155	0.593169	0.2729816	0.270016	0.2677373	0.2644798	0.04998534	0.04943128	0.04922187	0.04056506	0.0312955	0.02253895	0.01739249	0.01298437	0.01143903	0.01112625	0.01081207	0.01045055	0.01010135	0.009761758	0.009423276	0.009119904	0.009000732	0.008899561	0.008774585	0.008411115	0.007547072	0.006052985	0.005530577	0.003517607
77	0.4448614	0.4322629	0.4276192	0.2595008	0.2580804	0.2571353	0.255835	0.04360834	0.04312674	0.0429946	0.03446425	0.02600678	0.01838558	0.01328735	0.008891135	0.007308179	0.006938083	0.006563215	0.006157736	0.005751682	0.005346196	0.004939293	0.004565205	0.004369208	0.004195582	0.004011225	0.00392583	0.003406455	0.002213626	0.001991644
78	0.4979252	0.4426661	0.4306637	0.4262611	0.2590628	0.2576499	0.2567109	0.25542	0.04356424	0.04308285	0.04295102	0.03442035	0.02596635	0.01836632	0.01326793	0.008871426	0.007288156	0.006917738	0.006542532	0.006136803	0.005730432	0.005324586	0.004917307	0.004542838	0.004346444	0.004172443	0.003987773	0.003903734	0.003385991	0.002194496
79	0.5858092	0.2896109	0.2424222	0.2306804	0.2262917	0.05992748	0.05851562	0.05757952	0.05628946	0.04352417	0.04304278	0.04291097	0.03437971	0.02592649	0.01836587	0.01326748	0.008870966	0.007287689	0.006917264	0.00654205	0.006136315	0.005729937	0.005324082	0.004916795	0.004542317	0.004345913	0.004171902	0.003987225	0.003903256	0.003385527
80	0.7863684	0.5759887	0.2885248	0.2418118	0.2301804	0.2258005	0.05967459	0.05826468	0.05732935	0.05604018	0.0432854	0.0429884	0.04288387	0.03436173	0.02591261	0.01835499	0.01325899	0.008865752	0.007283411	0.006913149	0.006538102	0.006133015	0.005727191	0.005321632	0.00491454	0.004540222	0.004343905	0.004170159	0.003985613	0.003901689
81	0.8082216	0.7789505	0.5657362	0.2851044	0.2384729	0.2269722	0.2226321	0.06010291	0.05871797	0.05780488	0.05655314	0.0436286	0.04338397	0.04330413	0.03466643	0.02610674	0.01847822	0.01330542	0.008843566	0.007235505	0.006858398	0.006476221	0.006064164	0.005650616	0.005236761	0.004821005	0.004441755	0.004242874	0.004064414	0.003874709
82	0.9964374	0.8022123	0.7729169	0.5566013	0.2790614	0.2343437	0.2230451	0.218747	0.06011695	0.05875775	0.05786756	0.056654	0.04406363	0.0438168	0.04373742	0.034974	0.02629819	0.01861003	0.01335677	0.008822738	0.007187561	0.006803258	0.006413579	0.005994077	0.005572304	0.005149633	0.004724722	0.004339921	0.004138156	0.003954599
83	0.9961856	0.9933144	0.7989983	0.7697611	0.5502004	0.2756914	0.2310339	0.2198496	0.2155898	0.06063555	0.05930208	0.05843493	0.05726012	0.04449602	0.04424982	0.04417342	0.03530571	0.02651111	0.01874638	0.01341066	0.008802719	0.007139836	0.006748142	0.006350749	0.00592364	0.005493438	0.005061709	0.004627335	0.004236794	0.004032031
84	0.7728861	0.7721292	0.7695276	0.7510738	0.7331013	0.5109011	0.2405478	0.2252114	0.2142075	0.2100074	0.05997654	0.05867177	0.05782973	0.05669715	0.04380691	0.04355846	0.04348261	0.03446376	0.02552749	0.01888476	0.01346332	0.008778303	0.007086364	0.00668687	0.006281326	0.005846118	0.005406944	0.004965577	0.004521171	0.004124551
85	0.7664451	0.763056	0.7623335	0.759806	0.7419922	0.7244509	0.5019743	0.2352057	0.2205626	0.2099945	0.2059413	0.06006931	0.05880213	0.05799215	0.05691202	0.04416158	0.04391081	0.04383553	0.03470257	0.02566234	0.01897392	0.01349118	0.008738745	0.00702125	0.006614829	0.006202005	0.005759592	0.00531234	0.004862215	0.004408646
86	0.8013615	0.7622485	0.7589868	0.7582777	0.7557761	0.7379416	0.7204764	0.4947063	0.2312181	0.2170743	0.2066375	0.2026283	0.06059348	0.05935344	0.05856767	0.05752679	0.04459079	0.04437643	0.04431919	0.03504898	0.02587836	0.0191252	0.01355227	0.008719404	0.006971627	0.006557002	0.00613558	0.005685446	0.005229915	0.004769769
87	0.8456067	0.7971731	0.7584505	0.7551999	0.7544928	0.7520155	0.7341136	0.7166977	0.4880541	0.2274809	0.2138075	0.2034837	0.1995135	0.06114645	0.05993222	0.05916963	0.05816645	0.04503787	0.0448653	0.04481504	0.03540586	0.02610409	0.01928476	0.01362119	0.008707222	0.006928741	0.006505973	0.006075996	0.005617566	0.005152746
88	0.997661	0.8442044	0.7959419	0.7569215	0.7536453	0.7529346	0.7504542	0.7324614	0.7151057	0.4830695	0.2267065	0.213106	0.2028832	0.1989639	0.0619261	0.06072534	0.05997356	0.05897827	0.04564213	0.04547523	0.04542575	0.03587115	0.02642865	0.01952241	0.01376383	0.008764593	0.006954794	0.006524682	0.006086938	0.005620324
89	0.9725074	0.9704474	0.8176408	0.7693041	0.7311421	0.7278797	0.7272211	0.7247636	0.7071585	0.6909947	0.4551789	0.2227815	0.2096446	0.2000797	0.1964486	0.0626056	0.06143609	0.06070825	0.05974586	0.04622255	0.04605415	0.04600558	0.03629751	0.02671774	0.01973474	0.01387611	0.008786499	0.006942992	0.006504405	0.006057693
90	0.9712579	0.9694137	0.9674715	0.8138805	0.7651384	0.7269982	0.7237338	0.723073	0.7206152	0.7029322	0.6868992	0.4470739	0.2210825	0.2081012	0.1986684	0.195109	0.06318705	0.06202927	0.06130955	0.06035303	0.04689708	0.0467265	0.04667796	0.03681162	0.02707885	0.02001296	0.01405138	0.008869108	0.00699175	0.006545527
91	0.9983303	0.969572	0.9677017	0.9657494	0.8118879	0.7628417	0.7244565	0.7211609	0.7204972	0.7180329	0.7002749	0.6843724	0.4405436	0.2208448	0.2078891	0.1985937	0.195111	0.06406873	0.06292464	0.06221408	0.0612641	0.04758281	0.04741096	0.04736303	0.03733903	0.0274534	0.02028963	0.01422448	0.008948913	0.007037452
92	0.9660774	0.9644062	0.9364945	0.9360045	0.9340578	0.7795734	0.7301446	0.7074007	0.7052358	0.7045682	0.702207	0.6843329	0.6685002	0.4203965	0.2071437	0.1944139	0.1852206	0.1818099	0.05195871	0.05083185	0.05013241	0.04919058	0.04830261	0.04812852	0.04808071	0.0378878	0.02783858	0.02057925	0.01440347	0.009028044
93	0.9634887	0.9625246	0.9609248	0.9325278	0.9320511	0.9301013	0.7762152	0.7266463	0.7041546	0.7020002	0.7013295	0.6989738	0.6809775	0.6652128	0.412674	0.2051283	0.1925021	0.183406	0.180035	0.05251816	0.05140743	0.05072196	0.04978962	0.04889851	0.04882408	0.04877949	0.03841498	0.02819996	0.0208428	0.01455361
94	0.9625109	0.9615078	0.9605736	0.9590026	0.9300938	0.9296217	0.9276606	0.7740425	0.7242805	0.702177	0.7000214	0.6993462	0.696996	0.6788418	0.6630841	0.4059385	0.2029691	0.1904514	0.1814248	0.1780672	0.05316545	0.05206849	0.05139658	0.05046708	0.04957163	0.04953264	0.04950552	0.03896182	0.028573	0.02111445
95	0.9641049	0.9614765	0.960558	0.9596175	0.9580533	0.9286088	0.9281354	0.9261693	0.7739793	0.7242855	0.7024176	0.7002692	0.699589	0.6972604	0.678949	0.6631928	0.401238	0.1985539	0.1862567	0.1772858	0.1739389	0.05379793	0.05272901	0.05207117	0.05114946	0.05025253	0.05022224	0.05019586	0.03946709	0.02889785
96	0.9647586	0.9599909	0.9574268	0.9565157	0.9555888	0.9543233	0.9244973	0.9240238	0.9226669	0.7728402	0.7239637	0.702302	0.7001631	0.6994983	0.6971944	0.6787465	0.6630322	0.3962074	0.1937099	0.1816562	0.1727746	0.1694504	0.05441082	0.05338564	0.05274519	0.05183398	0.050938	0.05090768	0.05088136	0.03996291
97	0.9990086	0.9640656	0.9592841	0.9567292	0.9558204	0.9548851	0.9536258	0.923226	0.9227515	0.9214046	0.7735714	0.7248858	0.7035278	0.7014005	0.7007289	0.6984542	0.6797997	0.6639613	0.3919403	0.1880154	0.1764026	0.1675566	0.1642401	0.05501476	0.0540251	0.0534172	0.05253167	0.05163831	0.05160915	0.05158535
98	0.9899527	0.9890813	0.9565592	0.9526265	0.950219	0.9495324	0.9485932	0.9475972	0.9166227	0.9161483	0.9150605	0.7705487	0.7251695	0.7041511	0.7020448	0.7013877	0.6991517	0.6803574	0.6644086	0.3871038	0.1813343	0.1702314	0.161476	0.1581725	0.05533774	0.05439803	0.05384501	0.05300233	0.05211545	0.05208682
99	0.9926815	0.9890791	0.9882037	0.9555372	0.9515671	0.9491456	0.9484584	0.9475088	0.9465204	0.9149228	0.9144458	0.9133688	0.7703831	0.7251269	0.7045311	0.7024315	0.7017688	0.6995562	0.6805449	0.664509	0.3815925	0.1760034	0.1656484	0.1569519	0.1536521	0.05598919	0.05508044	0.05455826	0.05377342	0.05289252
100	0.9899339	0.9825614	0.9790416	0.9781721	0.9471262	0.9434987	0.9411391	0.9404658	0.9395149	0.9385437	0.9063047	0.9058295	0.90477	0.7639962	0.7192207	0.6989753	0.6969054	0.6962474	0.6940772	0.6751591	0.6592796	0.3705747	0.1687844	0.1595835	0.1510912	0.1478519	0.05546168	0.05458589	0.05409682	0.05340017
101	0.9971968	0.9873547	0.979939	0.9764023	0.9755286	0.9445411	0.9408885	0.9385217	0.9378496	0.9368881	0.9359264	0.9030123	0.9025347	0.9014874	0.7624279	0.717863	0.6981224	0.6960632	0.6954017	0.6932579	0.6742024	0.6582549	0.3634736	0.1629825	0.1548767	0.1464893	0.1432691	0.05589391	0.05504875	0.05459093
102	0.9942266	0.9925473	0.9825573	0.9750765	0.9715843	0.9707066	0.9399105	0.9362566	0.9338983	0.9332316	0.9322605	0.9313141	0.8976993	0.897221	0.8961923	0.7597638	0.7157234	0.6964675	0.6944317	0.6937704	0.6916643	0.6725901	0.6566152	0.3555142	0.156326	0.1493757	0.141117	0.1379242	0.05588439	0.05507379
103	0.9985979	0.9927265	0.9910224	0.9808203	0.9732183	0.9696857	0.968805	0.9376169	0.9339165	0.9315395	0.9308691	0.9298816	0.9289322	0.8945767	0.8940921	0.8930579	0.7559397	0.7115316	0.6921908	0.6901424	0.6894742	0.6873626	0.6680483	0.6519828	0.3443046	0.1552699	0.1485088	0.1402354	0.137025	0.0566183
104	0.7535355	0.7531994	0.7513846	0.7504945	0.7433279	0.7386943	0.7361762	0.7354468	0.7251136	0.7237404	0.7228435	0.7225696	0.7217338	0.7213161	0.6865429	0.6862191	0.6857578	0.6290911	0.6129065	0.6030107	0.6021044	0.6017863	0.6006687	0.592456	0.5808028	0.268128	0.08833058	0.08349561	0.07723677	0.07479608
105	0.6470962	0.6462892	0.6460252	0.64532	0.644735	0.6379543	0.6338837	0.631978	0.6313024	0.6275711	0.6269239	0.6265096	0.6263728	0.6255838	0.6253686	0.589906	0.5896366	0.5893956	0.5635622	0.5572173	0.5528716	0.5523764	0.5521721	0.5514595	0.5467691	0.5369613	0.217703	0.05359705	0.05007961	0.04481189
106	0.2183425	0.2170667	0.2168368	0.2166232	0.2163348	0.2162169	0.2142507	0.21396	0.2135249	0.2133365	0.2118789	0.2114013	0.2111505	0.2110676	0.2108791	0.2107599	0.2106552	0.2105714	0.2104245	0.1977166	0.1947606	0.192788	0.1925563	0.192379	0.1920469	0.1881302	0.1790154	0.17816	0.03163024	0.02920354
107	0.2012921	0.186969	0.1857232	0.1855105	0.1854719	0.1851972	0.1850949	0.1850609	0.1848363	0.1845443	0.1843755	0.183119	0.1826614	0.1824425	0.1823716	0.1823388	0.1822423	0.1822106	0.1821864	0.1820617	0.1725181	0.1702989	0.1687869	0.1686328	0.1684803	0.1682654	0.1649741	0.1571483	0.1564332	0.02461759
108	0.2402884	0.1855814	0.1715269	0.1702724	0.1700635	0.1700247	0.1697509	0.1696533	0.1696198	0.1694059	0.1691299	0.1689713	0.1677318	0.1672697	0.1670613	0.166994	0.1669624	0.1668705	0.1668398	0.1668166	0.1666925	0.1574028	0.1552426	0.1537903	0.1536463	0.153513	0.1533129	0.1505835	0.1438384	0.1432048
109	0.992947	0.2303605	0.1805957	0.1664634	0.1651872	0.1649773	0.164938	0.1646607	0.1645641	0.1645304	0.1643192	0.1640472	0.1638913	0.1626448	0.1621744	0.1619683	0.1619019	0.1618705	0.1617797	0.1617491	0.1617261	0.1616008	0.15234	0.1501865	0.1487474	0.1486066	0.1484804	0.1482852	0.1457825	0.1394568
110	0.9427789	0.935784	0.2207294	0.1723759	0.159849	0.1585525	0.1583421	0.1583026	0.1580221	0.1579269	0.1578933	0.157688	0.1574891	0.1573363	0.1566975	0.1562201	0.1560179	0.1559529	0.1559222	0.1558338	0.1558038	0.1557813	0.1556565	0.1466532	0.1445596	0.1431673	0.1430322	0.1429137	0.1427268	0.1404648
111	0.9282015	0.9269829	0.9203439	0.2109752	0.1644455	0.1535392	0.1529086	0.1527543	0.1527143	0.1525842	0.1524997	0.152466	0.1522686	0.1520758	0.1519307	0.1513023	0.1508791	0.1506979	0.150637	0.1506065	0.1505214	0.1504916	0.1504694	0.150372	0.1414581	0.139385	0.1380137	0.1378823	0.1377718	0.1375904
112	0.9203453	0.9135722	0.9124595	0.9058253	0.2042874	0.1589212	0.1485975	0.1482788	0.1481497	0.1481096	0.1480175	0.1479447	0.1479112	0.1477233	0.1475358	0.1474092	0.1467994	0.1466451	0.1464864	0.1464307	0.1464008	0.14632	0.1462907	0.146269	0.1461965	0.1375686	0.1355612	0.1342376	0.1341099	0.1340011
113	0.4739202	0.4657885	0.4611557	0.4607123	0.458511	0.1878384	0.1462745	0.136378	0.1361734	0.1360979	0.1360597	0.136	0.1359406	0.1359109	0.1357622	0.1355932	0.1354871	0.1350141	0.1349361	0.1348123	0.1347668	0.1347416	0.1346776	0.1346528	0.1346347	0.1345869	0.1283931	0.1269516	0.1259658	0.1258648
114	0.3266269	0.3172563	0.3131045	0.3117062	0.3116067	0.3104849	0.1481817	0.1210901	0.1117525	0.1116214	0.1115662	0.1115467	0.1115014	0.1114574	0.111439	0.1113327	0.1111967	0.1111162	0.1107865	0.1107398	0.1106453	0.110612	0.110595	0.1105495	0.1105294	0.1105187	0.1104887	0.1065665	0.105654	0.1049941
115	0.2556978	0.2530687	0.2483522	0.2456117	0.2446858	0.2446041	0.2437049	0.1150264	0.09323685	0.09009003	0.08998295	0.08993745	0.08991856	0.0898816	0.08984563	0.08982856	0.08974528	0.0896352	0.08956992	0.08931368	0.08927698	0.08920124	0.08917445	0.08915933	0.08912359	0.08910527	0.0890961	0.08907335	0.0861291	0.08544395
116	0.3025227	0.2271845	0.2248303	0.2205416	0.2180585	0.2172258	0.2171886	0.2163803	0.1028243	0.08460503	0.08169617	0.08160517	0.08156817	0.08154925	0.081518	0.0814881	0.08147142	0.08139891	0.08129889	0.08124077	0.08101521	0.08098433	0.08091781	0.08089514	0.08088079	0.08084984	0.08083218	0.08082371	0.08080488	0.07828258
117	0.2960463	0.2803687	0.2030738	0.2008616	0.196881	0.1946179	0.1938668	0.193833	0.1931041	0.09301821	0.07654547	0.07409589	0.07401337	0.07397982	0.07396075	0.07393244	0.0739054	0.07388899	0.07382519	0.07373431	0.07368149	0.07348433	0.0734574	0.07339769	0.07337743	0.07336372	0.07333646	0.07331932	0.07331146	0.07329555
118	0.9986583	0.2715322	0.2571111	0.1774523	0.1757067	0.1728153	0.1709392	0.1703242	0.1702938	0.1696464	0.08340457	0.06864661	0.06641234	0.0663385	0.06630844	0.06628919	0.06626386	0.06623972	0.06622357	0.0661687	0.0660886	0.06604113	0.06587432	0.06585145	0.06579867	0.06578085	0.06576779	0.06574432	0.0657277	0.06572046
119	0.998181	0.9980184	0.2461217	0.2330435	0.1508579	0.1494357	0.1470411	0.1456931	0.1451891	0.1451624	0.1446017	0.07312703	0.06020202	0.05819801	0.05813337	0.05810703	0.0580876	0.05806545	0.0580444	0.05802855	0.0579832	0.05791485	0.0578731	0.05773891	0.05772037	0.05767499	0.05765978	0.05764742	0.057628	0.05761192
120	0.9983041	0.9977879	0.9976562	0.2192376	0.2079533	0.1230715	0.1218442	0.1198491	0.1187261	0.1183386	0.1183162	0.1178375	0.06144332	0.05060661	0.04886849	0.04881423	0.04879212	0.04877244	0.04875385	0.04873618	0.04872046	0.04868231	0.04862559	0.04859054	0.0484781	0.04846257	0.04842448	0.04841171	0.04840001	0.04838368
121	0.9995473	0.998147	0.9977504	0.9976504	0.1907408	0.1811003	0.09332114	0.09227056	0.09065106	0.08974667	0.08943703	0.08941915	0.0890244	0.04863003	0.04006465	0.03891371	0.03887052	0.03885292	0.03883296	0.03881817	0.0388041	0.03878851	0.03875801	0.03871272	0.03868483	0.03859464	0.0385823	0.03855198	0.03854181	0.0385308
122	0.07694617	0.07659313	0.07608427	0.07584039	0.07577677	0.06993111	0.06214213	0.06126012	0.06050044	0.059406	0.05877281	0.05854928	0.05853635	0.05837639	0.03515732	0.02898076	0.02814881	0.02811755	0.0281048	0.02810352	0.02809281	0.02808262	0.02808106	0.02805875	0.02802596	0.02800576	0.02793958	0.02793066	0.02790868	0.0279013
123	0.04013893	0.03839417	0.03817035	0.03792561	0.03780932	0.03777888	0.03213876	0.02967082	0.0290737	0.02880022	0.02825203	0.02793671	0.02782843	0.02782197	0.0277418	0.01752686	0.01445303	0.0140382	0.01402263	0.01401628	0.01401532	0.01401	0.01400492	0.01400393	0.01399266	0.01397642	0.01396635	0.01393285	0.01392861	0.01391773
124	0.003895108	0.002804752	0.002680398	0.002579066	0.002558744	0.002549364	0.002546813	0.002516185	0.002332223	0.002311273	0.002291751	0.002251969	0.00222593	0.002216888	0.002216415	0.002209843	0.001230261	0.001013646	0.0009846554	0.0009835596	0.0009831137	0.0009829458	0.0009825699	0.0009822084	0.0009820801	0.0009811736	0.0009800082	0.0009793085	0.0009765496	0.0009761834
125	0.01783927	0.001065054	0.0007604199	0.0007267814	0.0006295109	0.000623268	0.0006207387	0.0006199742	0.0006139648	0.0005913943	0.0005883813	0.0005852812	0.0005782825	0.000572274	0.0005696743	0.0005695931	0.0005666252	0.0001602215	0.0001310971	0.000127452	0.000127306	0.0001272477	0.0001270896	0.0001270378	0.0001269861	0.0001268836	0.0001266538	0.0001264787	0.0001263947	0.0001255677
126	0.1547216	0.01221321	0.0006430242	0.0004553521	0.0004313942	0.0004272395	0.0004236781	0.0004219929	0.0004214143	0.0004201813	0.0004127855	0.0004118583	0.0004104188	0.0004067668	0.000402774	0.0004011974	0.0004011547	0.0003990091	5.218084e-05	4.190715e-05	4.082178e-05	4.077174e-05	4.075261e-05	4.073956e-05	4.072078e-05	4.070027e-05	4.067986e-05	4.051485e-05	4.044287e-05	4.042108e-05
127	0.8866648	0.1404536	0.01069438	0.0005395737	0.0003821832	0.0003609282	0.0003566648	0.0003537624	0.0003523943	0.0003520495	0.0003510231	0.0003449094	0.0003441326	0.0003429157	0.0003399217	0.0003366181	0.0003353109	0.0003352992	0.0003335107	4.287581e-05	3.446541e-05	3.35708e-05	3.35312e-05	3.351584e-05	3.350417e-05	3.348897e-05	3.347229e-05	3.345461e-05	3.331708e-05	3.325746e-05
128	0.9849432	0.8853426	0.1274424	0.0092387	0.0004462645	0.0003075326	0.0002923875	0.0002879892	0.0002856339	0.0002845292	0.0002842511	0.0002834134	0.0002784616	0.0002778209	0.0002768143	0.0002744547	0.0002718257	0.0002707826	0.0002707733	0.0002693383	3.436873e-05	2.762105e-05	2.692192e-05	2.689016e-05	2.687785e-05	2.686754e-05	2.685534e-05	2.684196e-05	2.682698e-05	2.671642e-05
129	0.9942041	0.9831563	0.8825977	0.1141069	0.007786592	0.0003567409	0.0002364624	0.0002239715	0.000219418	0.0002176063	0.000216764	0.0002165522	0.0002159031	0.0002123142	0.0002118094	0.0002110299	0.0002092681	0.0002073045	0.0002065329	0.0002065258	0.0002054225	2.588132e-05	2.079204e-05	2.02643e-05	2.024039e-05	2.023112e-05	2.022214e-05	2.021295e-05	2.020288e-05	2.019056e-05
130	0.08833036	0.0870176	0.08000816	0.07283109	0.03122781	0.003089723	0.0001821561	0.0001409004	0.0001344024	0.0001342805	0.000133133	0.0001325928	0.0001324571	0.0001320802	0.0001297887	0.0001294543	0.0001289102	0.0001277803	0.0001265257	0.0001260335	0.000126029	0.0001253799	1.654567e-05	1.32785e-05	1.293902e-05	1.292374e-05	1.291782e-05	1.291483e-05	1.290896e-05	1.290252e-05
131	0.03736323	0.03526802	0.03444739	0.03158581	0.02879114	0.01262003	0.001254105	7.387257e-05	5.717512e-05	5.482341e-05	5.477369e-05	5.425737e-05	5.402075e-05	5.396184e-05	5.380599e-05	5.286674e-05	5.268994e-05	5.238851e-05	5.191718e-05	5.140419e-05	5.120336e-05	5.120145e-05	5.093684e-05	6.71062e-06	5.398201e-06	5.262151e-06	5.25592e-06	5.253507e-06	5.252289e-06	5.249886e-06
132	0.001583895	0.001077886	0.001040575	0.0006392757	0.0005675321	0.0005186488	0.0002296563	2.513114e-05	1.673542e-06	1.362794e-06	1.311507e-06	1.310299e-06	1.21653e-06	1.183488e-06	1.176102e-06	1.168774e-06	1.138472e-06	1.065984e-06	9.245625e-07	8.954656e-07	8.812204e-07	8.763158e-07	8.761785e-07	8.700408e-07	1.267667e-07	1.027911e-07	1.002064e-07	1.000587e-07	1.000062e-07	9.997731e-08
133	0.03446947	0.0007147673	0.0005536677	0.0005419835	0.0002009971	0.0001657754	0.0001525544	6.925409e-05	9.284486e-06	6.66008e-07	5.694707e-07	5.466962e-07	5.460992e-07	5.385075e-07	5.129e-07	5.061636e-07	5.004667e-07	4.810954e-07	4.053218e-07	2.568782e-07	2.32114e-07	2.240414e-07	2.21613e-07	2.214973e-07	2.185977e-07	4.151832e-08	3.424926e-08	3.339163e-08	3.332342e-08	3.330156e-08
134	0.2303345	0.02533809	0.0006491851	0.0005193152	0.0005105575	0.0001575907	0.0001248367	0.0001153381	5.315787e-05	7.833347e-06	5.583954e-07	4.838056e-07	4.633551e-07	4.627981e-07	4.611169e-07	4.588649e-07	4.529705e-07	4.471196e-07	4.279097e-07	3.469084e-07	1.881482e-07	1.624321e-07	1.546731e-07	1.524209e-07	1.523087e-07	1.496618e-07	3.330832e-08	2.769634e-08	2.700551e-08	2.694543e-08
135	0.9676678	0.2255804	0.02507179	0.0006704598	0.0005414004	0.0005329604	0.0001549234	0.0001209504	0.0001119047	5.19081e-05	7.900949e-06	5.635341e-07	4.904202e-07	4.694351e-07	4.688562e-07	4.675907e-07	4.669767e-07	4.651432e-07	4.589064e-07	4.386106e-07	3.514253e-07	1.805255e-07	1.530418e-07	1.449132e-07	1.425763e-07	1.424674e-07	1.39734e-07	3.303606e-08	2.754334e-08	2.68572e-08
136	0.9931464	0.9667498	0.225257	0.02507069	0.0007000891	0.0005703945	0.0005621212	0.0001527289	0.0001171793	0.0001086372	5.07129e-05	8.010248e-06	5.77585e-07	5.056764e-07	4.839337e-07	4.833281e-07	4.821473e-07	4.815733e-07	4.7961e-07	4.729198e-07	4.519941e-07	3.575916e-07	1.725871e-07	1.430688e-07	1.345342e-07	1.320962e-07	1.31979e-07	1.291311e-07	3.286355e-08	2.748391e-08
137	0.9996712	0.9926608	0.9661146	0.2249903	0.0250923	0.0007461607	0.0006156018	0.0006068775	0.0001603064	0.0001228762	0.0001151411	5.381389e-05	8.570126e-06	6.030883e-07	5.266228e-07	5.033441e-07	5.027069e-07	5.014686e-07	5.008667e-07	4.987311e-07	4.915045e-07	4.867183e-07	3.837859e-07	1.821044e-07	1.501049e-07	1.409011e-07	1.382815e-07	1.381542e-07	1.351037e-07	3.279421e-08
138	0.9959678	0.9956285	0.9884496	0.961779	0.2238156	0.02502168	0.0007985832	0.0006676088	0.0006613542	0.0001701747	0.0001305379	0.0001224347	5.736989e-05	9.231076e-06	6.381053e-07	5.563984e-07	5.452926e-07	5.446184e-07	5.433169e-07	5.426841e-07	5.403426e-07	5.324753e-07	5.277074e-07	4.145414e-07	1.927426e-07	1.577932e-07	1.478106e-07	1.449817e-07	1.448423e-07	1.41565e-07
139	0.9737583	0.9709826	0.9706296	0.9632286	0.9374262	0.2203758	0.02460008	0.0008320281	0.000715468	0.0007091019	0.0001633943	0.0001241495	0.0001155934	5.592602e-05	4.296753e-06	2.931674e-07	2.274043e-07	2.199044e-07	2.195947e-07	2.182256e-07	2.175508e-07	2.149564e-07	2.137167e-07	2.090607e-07	2.074371e-07	2.065341e-07	1.683165e-07	1.57376e-07	1.542813e-07	1.54127e-07
140	0.9980873	0.9719987	0.9688771	0.968504	0.9608029	0.9359247	0.2200891	0.02463413	0.0008982169	0.0007818489	0.0007750499	0.0001611787	0.0001188347	0.0001096061	4.49821e-05	4.440775e-06	2.727808e-07	2.134356e-07	2.055264e-07	2.052094e-07	2.03742e-07	2.030247e-07	2.001194e-07	1.98821e-07	1.941812e-07	1.924246e-07	1.917389e-07	1.824231e-07	1.702811e-07	1.668462e-07
141	0.9980919	0.9970429	0.9704789	0.9669117	0.9665126	0.9584251	0.9341252	0.2197782	0.02468826	0.0009902565	0.0008740038	0.0008666394	0.0001651365	0.0001188035	0.000108703	4.866577e-05	4.825452e-06	2.911201e-07	2.267077e-07	2.180862e-07	2.177597e-07	2.161701e-07	2.153929e-07	2.120837e-07	2.107098e-07	2.060791e-07	2.041514e-07	2.034554e-07	1.931103e-07	1.868996e-07
142	0.998741	0.9974102	0.9963498	0.969145	0.9649835	0.9645498	0.9559457	0.9320803	0.2194234	0.02477977	0.001127171	0.001011012	0.001002857	0.0001845103	0.0001328549	0.0001215417	5.457221e-05	5.41839e-06	3.250305e-07	2.527404e-07	2.430817e-07	2.427426e-07	2.40969e-07	2.401e-07	2.362486e-07	2.347738e-07	2.301561e-07	2.280002e-07	2.272668e-07	2.15484e-07
143	0.9902905	0.9891617	0.9878924	0.9869366	0.9624222	0.9574325	0.957245	0.9523485	0.928436	0.217968	0.02392296	0.0003341115	0.0002181072	0.0002092199	0.0002076917	0.0001485843	0.0001359384	6.11426e-05	6.066475e-06	3.591914e-07	2.782533e-07	2.675371e-07	2.671802e-07	2.652049e-07	2.642481e-07	2.640048e-07	2.623887e-07	2.577789e-07	2.553034e-07	2.545242e-07
144	0.9816216	0.9808014	0.9796842	0.9784229	0.977473	0.952482	0.9524796	0.9522923	0.9474018	0.9242623	0.2169895	0.02379014	0.0002994051	0.0001838835	0.0001744451	0.0001728134	0.0001586907	0.0001451967	6.532853e-05	6.478367e-06	3.80059e-07	2.936239e-07	2.821854e-07	2.819396e-07	2.798303e-07	2.788086e-07	2.785489e-07	2.777955e-07	2.732041e-07	2.726551e-07
145	0.9932518	0.9798711	0.9790656	0.9779514	0.9766933	0.9757456	0.9498376	0.9498351	0.9496479	0.9447609	0.9217532	0.2164304	0.02374747	0.0003120916	0.000196738	0.0001866274	0.000184871	0.0001707803	0.0001563786	7.037604e-05	6.9781e-06	4.089027e-07	3.157988e-07	3.034846e-07	3.032393e-07	3.009688e-07	2.99869e-07	2.995895e-07	2.98838e-07	2.942559e-07
146	0.9905305	0.9865877	0.9732375	0.9724346	0.9713236	0.9700694	0.969124	0.9466415	0.9466387	0.9464523	0.9415861	0.9186684	0.215756	0.0237058	0.0003344719	0.0002192458	0.0002080431	0.0002060696	0.0001920152	0.0001758573	7.917839e-05	7.849472e-06	4.591525e-07	3.544187e-07	3.406462e-07	3.404016e-07	3.378501e-07	3.366142e-07	3.363002e-07	3.355507e-07
147	0.998956	0.9893988	0.9854581	0.972113	0.9713105	0.9702002	0.9689466	0.9680017	0.9460557	0.9460528	0.9458666	0.9410046	0.918104	0.2156311	0.02369846	0.0003385165	0.0002235905	0.0002121858	0.0002101718	0.0001961242	0.0001796423	8.092102e-05	8.022115e-06	4.690929e-07	3.620559e-07	3.480107e-07	3.477663e-07	3.451624e-07	3.439009e-07	3.435803e-07
