#unpaired probabilities
 #i$	l=1	2	3	4	5	6	7	8	9	10	11	12	13	14	15	16	17	18	19	20	21	22	23	24	25	26	27	28	29	30	
1	0.3562631	NA	NA	NA	NA	NA	NA	NA	NA	NA	NA	NA	NA	NA	NA	NA	NA	NA	NA	NA	NA	NA	NA	NA	NA	NA	NA	NA	NA	NA
2	0.5150032	0.2579482	NA	NA	NA	NA	NA	NA	NA	NA	NA	NA	NA	NA	NA	NA	NA	NA	NA	NA	NA	NA	NA	NA	NA	NA	NA	NA	NA	NA
3	0.5146322	0.3671671	0.1909838	NA	NA	NA	NA	NA	NA	NA	NA	NA	NA	NA	NA	NA	NA	NA	NA	NA	NA	NA	NA	NA	NA	NA	NA	NA	NA	NA
4	0.4740918	0.3585551	0.2538717	0.1343249	NA	NA	NA	NA	NA	NA	NA	NA	NA	NA	NA	NA	NA	NA	NA	NA	NA	NA	NA	NA	NA	NA	NA	NA	NA	NA
5	0.5427156	0.4266988	0.3194136	0.2248195	0.1197703	NA	NA	NA	NA	NA	NA	NA	NA	NA	NA	NA	NA	NA	NA	NA	NA	NA	NA	NA	NA	NA	NA	NA	NA	NA
6	0.7474826	0.5093355	0.4019766	0.3020539	0.2130712	0.1127378	NA	NA	NA	NA	NA	NA	NA	NA	NA	NA	NA	NA	NA	NA	NA	NA	NA	NA	NA	NA	NA	NA	NA	NA
7	0.843991	0.7179933	0.489675	0.3862109	0.2896648	0.2036676	0.1073055	NA	NA	NA	NA	NA	NA	NA	NA	NA	NA	NA	NA	NA	NA	NA	NA	NA	NA	NA	NA	NA	NA	NA
8	0.4850271	0.3471052	0.2861965	0.2176204	0.1849315	0.1470385	0.1082239	0.0503798	NA	NA	NA	NA	NA	NA	NA	NA	NA	NA	NA	NA	NA	NA	NA	NA	NA	NA	NA	NA	NA	NA
9	0.4991675	0.4179363	0.2804629	0.2204115	0.1766173	0.1499052	0.1172053	0.08599492	0.03980381	NA	NA	NA	NA	NA	NA	NA	NA	NA	NA	NA	NA	NA	NA	NA	NA	NA	NA	NA	NA	NA
10	0.3617478	0.3053638	0.2472589	0.2157078	0.1809549	0.1440048	0.1210537	0.09741175	0.07114186	0.03247598	NA	NA	NA	NA	NA	NA	NA	NA	NA	NA	NA	NA	NA	NA	NA	NA	NA	NA	NA	NA
11	0.4240793	0.3492749	0.2946549	0.2374569	0.2080606	0.1735661	0.1390527	0.1161772	0.09292355	0.06798591	0.03116423	NA	NA	NA	NA	NA	NA	NA	NA	NA	NA	NA	NA	NA	NA	NA	NA	NA	NA	NA
12	0.9632913	0.4221672	0.3483453	0.2938271	0.2367782	0.2074471	0.1730328	0.1387027	0.115883	0.0926724	0.06779208	0.03106349	NA	NA	NA	NA	NA	NA	NA	NA	NA	NA	NA	NA	NA	NA	NA	NA	NA	NA
13	0.7612301	0.7138147	0.4004033	0.3301746	0.2785738	0.2243972	0.196479	0.1637357	0.1309179	0.1091362	0.08703749	0.06363125	0.0293609	NA	NA	NA	NA	NA	NA	NA	NA	NA	NA	NA	NA	NA	NA	NA	NA	NA
14	0.7445149	0.7413254	0.7025319	0.3949447	0.3256092	0.2743762	0.220547	0.1926667	0.1605439	0.1290096	0.1073888	0.08551502	0.06253814	0.02889194	NA	NA	NA	NA	NA	NA	NA	NA	NA	NA	NA	NA	NA	NA	NA	NA
15	0.9692599	0.7164293	0.7139021	0.6791144	0.3885901	0.3209151	0.270025	0.2165029	0.1886177	0.15646	0.1271157	0.1055864	0.08384707	0.06125402	0.02838899	NA	NA	NA	NA	NA	NA	NA	NA	NA	NA	NA	NA	NA	NA	NA
16	0.9906387	0.9620499	0.7102891	0.7078095	0.6732912	0.3839477	0.3182023	0.2672274	0.2135745	0.1854188	0.1529176	0.1231294	0.10106	0.07912153	0.05733329	0.02690577	NA	NA	NA	NA	NA	NA	NA	NA	NA	NA	NA	NA	NA	NA
17	0.8266979	0.823046	0.7981596	0.5532624	0.5512669	0.5119172	0.3768834	0.311411	0.2618138	0.2090507	0.1808538	0.1482856	0.1182681	0.09574407	0.0735985	0.05243824	0.02409382	NA	NA	NA	NA	NA	NA	NA	NA	NA	NA	NA	NA	NA
18	0.8533774	0.8260704	0.8224441	0.7976149	0.5527439	0.5507497	0.511432	0.3764119	0.3109848	0.2613655	0.208572	0.1803239	0.1476865	0.1175812	0.09495249	0.07275542	0.05176101	0.0239296	NA	NA	NA	NA	NA	NA	NA	NA	NA	NA	NA	NA
19	0.9829907	0.8370601	0.8189251	0.8154122	0.7906944	0.5458684	0.5438786	0.5043565	0.37251	0.3090367	0.2595115	0.206828	0.1785605	0.1458949	0.1159217	0.09336665	0.07129933	0.05065102	0.02364981	NA	NA	NA	NA	NA	NA	NA	NA	NA	NA	NA
20	0.9673301	0.9566837	0.8173865	0.803176	0.7999047	0.7752595	0.5306856	0.5287101	0.4888271	0.3560972	0.3024218	0.2523829	0.1990455	0.1698352	0.1360099	0.1045749	0.08002188	0.05704005	0.03923165	0.02055797	NA	NA	NA	NA	NA	NA	NA	NA	NA	NA
21	0.5578061	0.5539646	0.5512279	0.4961066	0.4860836	0.483723	0.4797484	0.476732	0.4757292	0.4401283	0.3125226	0.2633585	0.2178933	0.1707351	0.1450286	0.1140843	0.08536779	0.06288995	0.04251244	0.02821849	0.01497757	NA	NA	NA	NA	NA	NA	NA	NA	NA
22	0.5852573	0.5364593	0.5327478	0.5301498	0.4903685	0.4805652	0.4800701	0.4761113	0.4731178	0.4730527	0.4373866	0.309596	0.2601781	0.2143977	0.1674436	0.1421753	0.1119248	0.0837156	0.06162944	0.04163425	0.02761762	0.01465781	NA	NA	NA	NA	NA	NA	NA	NA
23	0.3471577	0.1207458	0.09739275	0.09433098	0.09410111	0.09331939	0.09294969	0.09281251	0.08962508	0.08749532	0.08747813	0.08985944	0.004979584	0.004737408	0.004570541	0.004490722	0.004695119	0.004967626	0.005363708	0.005899264	0.006032335	0.00501041	0.002162992	NA	NA	NA	NA	NA	NA	NA
24	0.4030688	0.3271185	0.1152927	0.09260096	0.08967465	0.08958774	0.08926972	0.08914864	0.08904379	0.08587511	0.08381143	0.08379773	0.08654808	0.001972025	0.001901522	0.001862161	0.001881499	0.002005601	0.002166223	0.002362791	0.002585183	0.002628791	0.002153464	0.0009503845	NA	NA	NA	NA	NA	NA
25	0.1028264	0.08066926	0.01521516	0.01275512	0.009720188	0.006918952	0.006885068	0.006695569	0.006619562	0.006594328	0.005163064	0.005119272	0.005114664	0.001454469	0.001254356	0.001196321	0.001161072	0.001172699	0.001248887	0.001346641	0.001452988	0.001552298	0.001547462	0.00125024	0.0005500609	NA	NA	NA	NA	NA
26	0.1454004	0.09262169	0.07741584	0.01208975	0.009866069	0.009591214	0.006808675	0.006775357	0.006590041	0.006550553	0.006526727	0.005095703	0.005052855	0.005048302	0.001385817	0.001181247	0.0011746	0.00113771	0.001147174	0.001220215	0.001313897	0.001414978	0.001508073	0.001499525	0.001207717	0.0005292021	NA	NA	NA	NA
27	0.1220957	0.1126822	0.07595862	0.0620099	0.002174839	0.001865411	0.001715675	0.001661863	0.001638769	0.00146963	0.001431823	0.0014183	0.00140796	0.001379677	0.001377921	0.00130933	0.001110727	0.001099722	0.001103736	0.001112387	0.001182341	0.00127211	0.001367529	0.00145283	0.001439332	0.001152809	0.0004988012	NA	NA	NA
28	0.0789682	0.06780989	0.06678113	0.06193282	0.05943799	0.001056963	0.0009068546	0.0008431285	0.0008374965	0.0008300202	0.0007477291	0.0007318484	0.0007286073	0.0007244351	0.0007201362	0.0007198179	0.0006707331	0.0005917653	0.0005392539	0.0004951047	0.000440384	0.00042306	0.0004019857	0.00035671	0.0002714137	0.0001902416	0.0001305222	7.814627e-05	NA	NA
29	0.4529605	0.07500236	0.06752438	0.06652132	0.06185022	0.05941512	0.001043669	0.0008956604	0.000837117	0.0008315314	0.0008241286	0.0007424773	0.0007268325	0.00072364	0.0007194967	0.0007153071	0.0007149951	0.0006661687	0.0005872646	0.0005351544	0.0004908609	0.0004359293	0.0004181826	0.0003965541	0.000350803	0.000265079	0.0001842701	0.0001258681	7.614779e-05	NA
30	0.8114419	0.3498983	0.01616658	0.009021349	0.008170647	0.003757036	0.001437936	0.001013738	0.0008670195	0.0008091315	0.0008053006	0.0007998094	0.0007191145	0.0007036683	0.0007006527	0.0006982732	0.0006944397	0.0006941546	0.0006444548	0.0005818328	0.0005294078	0.0004851919	0.0004299295	0.0004115907	0.0003893033	0.0003425991	0.00025558	0.0001742213	0.0001177673	7.130097e-05
31	0.4206771	0.3102465	0.2218534	0.009631881	0.005763081	0.005426163	0.002522919	0.001099492	0.0008447432	0.0007681852	0.0007197737	0.0007165351	0.0007120337	0.0006440014	0.0006309383	0.0006285167	0.0006265309	0.0006239106	0.0006237111	0.0005732827	0.0005063073	0.0004464236	0.0003932422	0.0003270751	0.0002944123	0.000253058	0.0001998309	0.0001564066	0.0001139434	8.129841e-05
32	0.2634936	0.2560889	0.2149281	0.19031	0.008469319	0.005151928	0.004846297	0.002294175	0.001034577	0.0008088535	0.0007365791	0.0006928934	0.0006898521	0.0006856056	0.0006211779	0.0006098293	0.0006075291	0.0006056411	0.0006032652	0.0006030814	0.0005522708	0.0004842054	0.0004227173	0.000367382	0.0003000802	0.0002649583	0.0002202687	0.000175572	0.0001386398	0.0001020278
33	0.8649058	0.2428639	0.2363164	0.1981808	0.1739235	0.007518647	0.004529165	0.004244195	0.002018712	0.0009565158	0.0007650025	0.0006981397	0.0006581668	0.0006552457	0.0006513471	0.0005920821	0.0005816305	0.0005794582	0.0005776945	0.0005755843	0.0005754185	0.0005234793	0.0004532795	0.0003887784	0.0003297741	0.0002662135	0.0002318801	0.0001878563	0.0001467903	0.0001167233
34	0.8280678	0.7959292	0.1788054	0.1726185	0.1493988	0.1257867	0.007079644	0.004292633	0.004016857	0.001897978	0.0008962079	0.0007170565	0.0006613346	0.0006235351	0.0006206656	0.0006169672	0.0005609293	0.00055109	0.0005489594	0.000547262	0.0005452459	0.0005450858	0.0004956876	0.0004282468	0.0003668336	0.0003105852	0.0002498119	0.0002165934	0.0001738155	0.0001372882
35	0.3431683	0.30775	0.2787223	0.1456096	0.1405155	0.124209	0.1181546	0.006700294	0.004020431	0.003757905	0.001805093	0.0008662527	0.000696911	0.0006429273	0.000607267	0.0006044354	0.0006008456	0.000546323	0.000536851	0.0005347852	0.0005331335	0.0005312435	0.0005310904	0.0004831519	0.0004171164	0.0003567734	0.0003013816	0.0002416688	0.0002087578	0.0001662866
36	0.3548686	0.2954001	0.2658237	0.2440517	0.1213637	0.1180948	0.104409	0.1030769	0.005908335	0.00348252	0.00326719	0.001613557	0.0008006369	0.0006525753	0.0006022014	0.0005688821	0.0005665857	0.0005633117	0.0005125853	0.0005037027	0.0005017647	0.0005006419	0.0004990194	0.0004988846	0.0004499215	0.0003953879	0.00033371	0.000276607	0.0002177619	0.0001865906
37	0.6047119	0.1063802	0.05130581	0.02530749	0.01909422	0.008364972	0.007946519	0.007022385	0.006277523	0.0009822744	0.0008748523	0.0007603434	0.0002257394	4.36423e-05	2.244871e-05	2.036726e-05	1.908124e-05	1.743141e-05	1.713914e-05	1.543646e-05	1.502026e-05	1.353468e-05	1.338395e-05	1.284175e-05	1.276699e-05	1.162104e-05	1.101021e-05	1.113466e-05	1.132646e-05	1.181491e-05
38	0.1725405	0.1150991	0.1014366	0.0469576	0.02116381	0.01523486	0.006682171	0.006308724	0.005516664	0.005250559	0.0009079219	0.0008220621	0.0007100705	0.0002060957	3.607643e-05	1.665388e-05	1.50368e-05	1.409132e-05	1.245021e-05	1.218694e-05	1.091534e-05	1.058241e-05	9.109736e-06	8.970399e-06	8.454078e-06	8.380703e-06	7.76903e-06	7.72081e-06	8.3022e-06	8.905654e-06
39	0.2040883	0.1263407	0.0743249	0.06626896	0.01868213	0.01398397	0.008357254	0.006000066	0.005659933	0.004944148	0.004730474	0.0008363467	0.0007592667	0.0006506309	0.0001874567	3.095337e-05	1.443506e-05	1.300234e-05	1.216914e-05	1.055359e-05	1.042504e-05	9.312173e-06	9.0149e-06	7.560927e-06	7.460204e-06	7.080271e-06	7.057541e-06	6.562527e-06	6.680878e-06	7.286418e-06
40	0.4744964	0.09582145	0.05588848	0.01713512	0.009295089	0.009078204	0.00603994	0.003525342	0.002253305	0.002106753	0.001847896	0.0016521	0.0002798848	0.0002471552	0.0002266722	6.937469e-05	1.167414e-05	5.897441e-06	5.388449e-06	5.091704e-06	3.510034e-06	3.464547e-06	3.064303e-06	2.959736e-06	2.828256e-06	2.782676e-06	2.653978e-06	2.64493e-06	2.458276e-06	2.474765e-06
41	0.5691126	0.185055	0.02007083	0.01345426	0.0103112	0.002570804	0.00248478	0.002458977	0.00119864	0.0005220228	0.0004933177	0.000443666	0.0002598303	5.100133e-05	3.907959e-05	3.714951e-05	1.60107e-05	2.432176e-06	1.489397e-06	1.415354e-06	1.372493e-06	4.966428e-07	4.89771e-07	4.312535e-07	4.162359e-07	4.072036e-07	4.012816e-07	3.844691e-07	3.835738e-07	3.567061e-07
42	0.5110898	0.5060969	0.1316716	0.01085141	0.009800283	0.008717591	0.0009863162	0.000931856	0.0009148578	0.0008766239	0.0002978099	0.0002805468	0.0002560622	8.502047e-05	1.685648e-05	7.832876e-06	7.433267e-06	2.374181e-06	5.250633e-07	1.575509e-07	1.368698e-07	1.252126e-07	1.236516e-07	1.217385e-07	1.05385e-07	1.012428e-07	9.977179e-08	9.886837e-08	9.527394e-08	9.506958e-08
43	0.8412949	0.5080692	0.5044953	0.1305382	0.009778293	0.009112913	0.008671763	0.0009406002	0.0008878813	0.0008721492	0.0008350963	0.0002841609	0.0002673668	0.0002431298	8.319086e-05	1.644933e-05	7.457855e-06	7.072644e-06	2.158499e-06	3.57338e-07	1.51087e-07	1.309683e-07	1.196445e-07	1.189448e-07	1.174386e-07	1.015474e-07	9.751615e-08	9.611145e-08	9.524875e-08	9.177925e-08
44	0.2594508	0.1460391	0.1318054	0.1298032	0.1292255	0.009451536	0.008826888	0.008604391	0.0008743475	0.0008219606	0.0008064287	0.0007760646	0.0002284843	0.0002124782	0.0001901247	5.858444e-05	1.506524e-05	6.27298e-06	5.942666e-06	1.743086e-06	2.85555e-07	1.212676e-07	1.058008e-07	9.671036e-08	9.613709e-08	9.48958e-08	8.199067e-08	7.861604e-08	7.739359e-08	7.66609e-08
45	0.04566682	0.0205347	0.01611965	0.01103785	0.009479593	0.009261503	0.00912735	0.008512706	0.008302999	0.0008431574	0.0007908974	0.0007754474	0.0007477922	0.0002014639	0.000185744	0.0001774276	4.620866e-05	6.723849e-06	5.706599e-06	5.39321e-06	1.577086e-06	2.58489e-07	1.100006e-07	9.595883e-08	8.784805e-08	8.732186e-08	8.618164e-08	7.439267e-08	7.156517e-08	7.041165e-08
46	0.1628216	0.04153657	0.0189029	0.0154157	0.01056108	0.009117159	0.008902361	0.008769726	0.008500045	0.008290783	0.0008309703	0.0007799044	0.0007646856	0.0007372849	0.0001910692	0.0001853208	0.0001770414	4.58769e-05	6.670954e-06	5.659177e-06	5.377469e-06	1.570953e-06	2.561252e-07	1.081705e-07	9.421273e-08	8.616421e-08	8.563999e-08	8.450612e-08	7.388842e-08	7.107683e-08
47	0.3499475	0.1390479	0.02523081	0.006886094	0.004818726	0.002854929	0.001564877	0.001355443	0.001301136	0.001033484	0.0008280635	0.0008256833	0.0007746591	0.00075947	0.0007331047	0.0001873841	0.0001817417	0.0001749394	4.379472e-05	6.115541e-06	5.437217e-06	5.16239e-06	1.506835e-06	2.455308e-07	1.036079e-07	9.020488e-08	8.252155e-08	8.201554e-08	8.092194e-08	7.074676e-08
48	0.4218005	0.3439461	0.1346598	0.02371106	0.00603612	0.004282068	0.002712122	0.001443785	0.001240888	0.001190991	0.0009552286	0.0007627309	0.0007604851	0.0007581575	0.0007474558	0.0007249249	0.0001805853	0.0001760121	0.0001699694	3.885258e-05	5.370921e-06	4.766433e-06	4.517318e-06	1.317787e-06	2.161405e-07	9.189241e-08	8.001135e-08	7.321557e-08	7.276271e-08	7.178634e-08
49	0.9082088	0.4003208	0.3380221	0.1319662	0.02202998	0.004689908	0.003112611	0.001672985	0.001364533	0.001223596	0.001175315	0.0009448551	0.000757052	0.0007555479	0.0007532773	0.0007426135	0.0007214132	0.0001777207	0.0001732889	0.0001676705	3.656306e-05	5.095591e-06	4.52718e-06	4.286829e-06	1.234968e-06	2.017665e-07	8.565297e-08	7.503634e-08	6.86761e-08	6.824751e-08
50	0.7042717	0.6998234	0.1929538	0.1368067	0.1312247	0.02152034	0.004431354	0.002943225	0.001560025	0.001262143	0.001205687	0.001158832	0.0009367964	0.000752577	0.0007516512	0.0007494291	0.0007387921	0.0007183831	0.0001751646	0.0001708312	0.0001659732	3.487243e-05	4.913733e-06	4.372353e-06	4.139014e-06	1.184895e-06	1.916223e-07	8.127823e-08	7.121412e-08	6.528142e-08
51	0.1562376	0.09427654	0.09122225	0.06791058	0.02735089	0.02424266	0.02013899	0.003371369	0.002046718	0.0008490036	0.0005853581	0.0005394295	0.0004989568	0.0003461259	0.0001897977	0.0001890607	0.0001878641	0.0001872767	0.0001719861	0.0001646759	0.0001627377	0.0001589409	2.787559e-05	3.783781e-06	3.345821e-06	3.168239e-06	9.158943e-07	1.494875e-07	6.400538e-08	5.608908e-08
52	0.1994354	0.093035	0.09001104	0.08824305	0.06526609	0.02671315	0.023661	0.01974749	0.00322426	0.00192838	0.000766078	0.0005068804	0.0004624787	0.0004224942	0.0003413491	0.00018631	0.0001855853	0.0001846719	0.000184141	0.0001694547	0.000162386	0.0001608546	0.0001572064	2.675733e-05	3.709697e-06	3.290578e-06	3.115654e-06	8.962357e-07	1.445976e-07	6.128519e-08
53	0.4161598	0.05548729	0.03628294	0.03479465	0.03367492	0.03008648	0.004498717	0.003121797	0.001571227	0.001340429	0.001018419	0.0003748947	0.000236378	0.0002136214	0.000183375	0.0001634537	3.715138e-05	3.670259e-05	3.620828e-05	3.586846e-05	2.649046e-05	2.180905e-05	2.083774e-05	1.846282e-05	1.8397e-05	2.435903e-06	2.142066e-06	2.017242e-06	5.792702e-07	9.505287e-08
54	0.02737474	0.02287433	0.0190045	0.007601833	0.006584549	0.006336693	0.005710462	0.0008381446	0.0006618693	0.0003001186	0.0002557217	0.0002009824	0.0001095093	0.0001020612	9.93846e-05	9.610095e-05	8.600543e-05	4.144561e-06	4.054573e-06	3.997466e-06	3.965596e-06	3.21005e-06	2.395748e-06	2.284497e-06	2.010435e-06	2.000924e-06	2.722899e-07	2.009559e-07	1.597461e-07	5.145836e-08
55	0.09863475	0.02409967	0.02063848	0.01737995	0.006274214	0.00527426	0.005058281	0.004519626	0.0007775661	0.0006253755	0.0002805206	0.0002419961	0.0001909034	0.0001055841	9.894613e-05	9.661631e-05	9.363925e-05	8.500031e-05	3.73706e-06	3.652074e-06	3.602966e-06	3.575201e-06	2.925994e-06	2.161364e-06	2.060387e-06	1.812e-06	1.803193e-06	2.133354e-07	1.774086e-07	1.373947e-07
56	0.4277316	0.08901054	0.02113371	0.01877862	0.01630341	0.005315022	0.004450355	0.004300773	0.003813275	0.000635663	0.0004994276	0.0001774274	0.0001483095	0.0001018841	2.273234e-05	1.704001e-05	1.503457e-05	1.226167e-05	6.027711e-06	3.137101e-06	3.058366e-06	3.022187e-06	3.001214e-06	2.504192e-06	1.818278e-06	1.759427e-06	1.546176e-06	1.539055e-06	1.429046e-07	1.103903e-07
57	0.1372951	0.1065542	0.03257535	0.008598663	0.008071584	0.00689454	0.00458263	0.003827966	0.003699788	0.003223153	0.0006117821	0.0004797545	0.0001633001	0.0001408528	9.56776e-05	1.993438e-05	1.459194e-05	1.264843e-05	1.181103e-05	5.778107e-06	2.987619e-06	2.962052e-06	2.92718e-06	2.906953e-06	2.433426e-06	1.759297e-06	1.702955e-06	1.499119e-06	1.492171e-06	1.347221e-07
58	0.158838	0.09980791	0.09876589	0.03051962	0.00787778	0.007379386	0.006253638	0.004027068	0.003311595	0.003220674	0.002794007	0.0005638632	0.0004404028	0.0001462456	0.0001248222	8.411245e-05	1.4403e-05	9.962274e-06	8.340608e-06	7.720386e-06	4.212346e-06	2.41152e-06	2.392628e-06	2.371438e-06	2.36021e-06	2.056609e-06	1.455888e-06	1.415179e-06	1.249136e-06	1.243272e-06
59	0.04951734	0.03013438	0.02600604	0.02568216	0.02445434	0.00519606	0.004772187	0.003704041	0.001684416	0.001606992	0.001561722	0.001212714	0.000475261	0.0003642338	0.0001176806	0.0001026297	6.841753e-05	8.186029e-06	4.780801e-06	3.532472e-06	3.159358e-06	2.489379e-06	1.751443e-06	1.740295e-06	1.733639e-06	1.729798e-06	1.60695e-06	1.119151e-06	1.095751e-06	9.716027e-07
60	0.4900992	0.02460752	0.01328341	0.00977881	0.0095466	0.008534037	0.003850713	0.003550588	0.002586083	0.001101468	0.001045899	0.001022869	0.0008472261	0.0003025303	0.0001982581	7.829785e-05	6.529289e-05	4.153343e-05	7.040601e-06	4.141577e-06	3.017794e-06	2.714041e-06	2.061364e-06	1.471215e-06	1.464024e-06	1.457964e-06	1.454382e-06	1.33238e-06	1.099596e-06	1.077979e-06
61	0.521823	0.4391599	0.02250899	0.01238258	0.009101065	0.008912728	0.007913844	0.003555444	0.003300956	0.002409305	0.000992769	0.000939371	0.00091813	0.0007652445	0.0002751386	0.0001722151	6.899573e-05	5.698155e-05	3.608464e-05	6.69924e-06	3.937082e-06	2.846029e-06	2.563155e-06	1.917346e-06	1.402321e-06	1.39591e-06	1.390176e-06	1.386816e-06	1.270311e-06	1.071645e-06
62	0.4728015	0.4153897	0.3387727	0.01625767	0.01087812	0.007920951	0.00784002	0.006876676	0.003118524	0.002893666	0.002038326	0.0007306376	0.000680679	0.0006617045	0.0005633233	0.0001496286	0.0001264446	5.149507e-05	4.094344e-05	2.591206e-05	5.572815e-06	3.301942e-06	2.328516e-06	2.103114e-06	1.512851e-06	1.106407e-06	1.101424e-06	1.096246e-06	1.093089e-06	9.802506e-07
63	0.3536472	0.2914189	0.2461302	0.1756103	0.009728363	0.00606115	0.004722508	0.004659427	0.003814218	0.002840812	0.002636751	0.001803914	0.0005807118	0.0005336514	0.0005162814	0.000445788	8.888904e-05	7.403798e-05	3.609664e-05	2.670538e-05	1.705561e-05	4.224015e-06	2.481e-06	1.840511e-06	1.672872e-06	1.101003e-06	7.757358e-07	7.718347e-07	7.673024e-07	7.644488e-07
64	0.2719575	0.2450411	0.2390132	0.1971624	0.1290116	0.007960113	0.005026602	0.003815167	0.003761497	0.003417773	0.002705217	0.002511289	0.00168998	0.0005071481	0.0004695978	0.0004529862	0.0003960954	6.556516e-05	5.50688e-05	2.809802e-05	1.928257e-05	1.23523e-05	3.231333e-06	2.022623e-06	1.580304e-06	1.443061e-06	8.774734e-07	5.90249e-07	5.868949e-07	5.827531e-07
65	0.2462962	0.1994852	0.1822598	0.177639	0.1476822	0.08201613	0.006189161	0.004200053	0.003151238	0.003108151	0.003010151	0.00255937	0.00237542	0.001565304	0.0004220375	0.0003864146	0.0003712494	0.0003362485	3.62466e-05	2.992397e-05	1.363358e-05	1.215587e-05	7.828535e-06	2.252853e-06	1.563657e-06	1.310414e-06	1.203012e-06	6.430652e-07	3.934882e-07	3.906622e-07
66	0.1892795	0.1774269	0.1529635	0.1409868	0.1365994	0.1096943	0.04615829	0.003933774	0.002722143	0.001982357	0.001947389	0.001868757	0.001612102	0.001461347	0.001452427	0.0003352305	0.00030104	0.0002898881	0.0002703938	2.131504e-05	1.764242e-05	8.320147e-06	7.183591e-06	4.963911e-06	1.576524e-06	1.206453e-06	1.076055e-06	9.899117e-07	4.461263e-07	2.208986e-07
67	0.1425226	0.08982955	0.08017498	0.0669136	0.0584453	0.05426918	0.02841598	0.02681394	0.002969499	0.002168118	0.001606394	0.001578014	0.001512042	0.001358148	0.001346839	0.001341747	0.000257763	0.000224641	0.0002160855	0.000205079	1.300192e-05	1.081334e-05	5.11751e-06	4.162401e-06	3.11193e-06	1.190056e-06	9.885e-07	9.173137e-07	8.641835e-07	3.352333e-07
68	0.1493091	0.130863	0.07887963	0.06976771	0.05698503	0.05441239	0.05238424	0.02668632	0.02521893	0.00186438	0.001069012	0.0005097567	0.000503159	0.0004376167	0.0002850125	0.0002800697	0.0002750277	0.0002567595	0.0002236512	0.0002151273	0.000204223	1.289824e-05	1.072777e-05	5.07617e-06	4.123395e-06	3.08411e-06	1.176928e-06	9.787401e-07	9.08241e-07	8.610829e-07
69	0.3360018	0.09318269	0.08319711	0.03626625	0.03451411	0.03185382	0.0310289	0.02944546	0.004712206	0.004120316	0.0005066071	0.000275592	0.0002064117	0.0002051193	0.000184514	0.0001545683	0.0001537197	0.0001529062	0.0001500771	0.0001310881	0.0001263219	0.0001246267	4.04398e-06	3.452717e-06	1.93706e-06	1.1702e-06	9.543612e-07	1.600529e-07	1.280387e-07	1.168937e-07
70	0.2704813	0.2167812	0.08880858	0.07933204	0.03445726	0.03301717	0.03078877	0.03011952	0.02875534	0.004063557	0.0034968	0.0004431033	0.0002283589	0.0001714656	0.0001703375	0.00015694	0.0001304572	0.0001297303	0.0001290368	0.0001266426	0.0001244601	0.0001227734	0.0001213367	3.729407e-06	3.182609e-06	1.848537e-06	1.086972e-06	8.943699e-07	1.314553e-07	1.041137e-07
71	0.4719334	0.1690603	0.1602962	0.07706436	0.07433046	0.03339483	0.03214274	0.03002653	0.02938776	0.02867862	0.003994951	0.003430563	0.0004235823	0.0002103327	0.0001559118	0.0001548015	0.0001492349	0.0001231804	0.0001224635	0.0001217813	0.0001194242	0.0001192284	0.000118662	0.0001172455	3.504566e-06	2.961584e-06	1.839327e-06	1.078564e-06	8.880348e-07	1.279265e-07
72	0.745869	0.4058204	0.1141369	0.108834	0.03220987	0.03179399	0.03085822	0.03048713	0.02887024	0.02855761	0.02849899	0.003845908	0.003283914	0.0003041632	9.500534e-05	5.121404e-05	5.015747e-05	4.481054e-05	1.904058e-05	1.83307e-05	1.765393e-05	1.531645e-05	1.512672e-05	1.469819e-05	1.329269e-05	3.067986e-06	2.527062e-06	1.833588e-06	1.074917e-06	8.856016e-07
73	0.8847915	0.7425471	0.4029087	0.1119879	0.1072659	0.03177	0.03137299	0.03048299	0.03014248	0.02868201	0.02841295	0.0283552	0.003702742	0.003141455	0.0001740424	9.436538e-05	5.070224e-05	4.969772e-05	4.43645e-05	1.866534e-05	1.796098e-05	1.729091e-05	1.496382e-05	1.477471e-05	1.434776e-05	1.29579e-05	2.76178e-06	2.522113e-06	1.831135e-06	1.072583e-06
74	0.8759114	0.842754	0.7061109	0.371416	0.08232747	0.08040494	0.006926767	0.006579924	0.005892979	0.005577177	0.004122207	0.003857262	0.003827692	0.003684411	0.003123258	0.0001577662	7.837999e-05	4.169879e-05	4.079907e-05	3.555242e-05	1.781898e-05	1.71219e-05	1.645236e-05	1.41461e-05	1.395732e-05	1.353098e-05	1.214189e-05	1.951113e-06	1.711623e-06	1.099972e-06
75	0.3416346	0.3382789	0.3187453	0.1855197	0.09253472	0.07865817	0.0776921	0.004474903	0.004218151	0.003838262	0.003602933	0.002598116	0.002416186	0.002397812	0.002297486	0.002201484	0.0001175989	5.827956e-05	3.033449e-05	2.967439e-05	2.504107e-05	1.236054e-05	1.183502e-05	1.137364e-05	9.737471e-06	9.601238e-06	9.302442e-06	8.329996e-06	9.330267e-07	7.663202e-07
76	0.1685288	0.1522446	0.1504461	0.1348387	0.105958	0.08383936	0.07796533	0.07757791	0.004388679	0.004135794	0.003762352	0.003529444	0.002542763	0.002367833	0.002349754	0.002251178	0.002160188	0.0001158034	5.736346e-05	2.978552e-05	2.914108e-05	2.453802e-05	1.206953e-05	1.163261e-05	1.117925e-05	9.576291e-06	9.442262e-06	9.148726e-06	8.193413e-06	9.154635e-07
77	0.444217	0.1404552	0.1253601	0.1238739	0.1084852	0.1005327	0.08310557	0.07783684	0.0774806	0.004294162	0.004041372	0.003668068	0.003526371	0.002541339	0.002366587	0.002348515	0.002249984	0.00215912	0.0001156956	5.729535e-05	2.972659e-05	2.908283e-05	2.448114e-05	1.201808e-05	1.162644e-05	1.117486e-05	9.57274e-06	9.438761e-06	9.145351e-06	8.190545e-06
78	0.7534457	0.4142665	0.1139608	0.1000054	0.09859356	0.08461967	0.08257261	0.08182567	0.07767659	0.07745245	0.004266903	0.004014135	0.003640864	0.003504578	0.002540745	0.002366099	0.002348028	0.002249517	0.002158847	0.0001156534	5.726515e-05	2.96985e-05	2.905544e-05	2.4454e-05	1.199223e-05	1.160152e-05	1.117344e-05	9.571614e-06	9.437647e-06	9.144266e-06
79	0.8759175	0.7148686	0.4065398	0.1082929	0.09453526	0.09323766	0.07944737	0.07797329	0.07778526	0.07754085	0.07744723	0.004262938	0.004010178	0.003636911	0.003501668	0.00253809	0.002365609	0.002347542	0.002249033	0.002158653	0.0001155018	5.711701e-05	2.95507e-05	2.905107e-05	2.444982e-05	1.198828e-05	1.159778e-05	1.117009e-05	9.57111e-06	9.437145e-06
80	0.9593588	0.8739638	0.7131424	0.4062929	0.108151	0.09446633	0.0931691	0.07944625	0.07797248	0.0777845	0.07754015	0.07744654	0.004262428	0.004009669	0.0036365	0.003501257	0.002537684	0.002365204	0.002347348	0.002248996	0.002158617	0.0001154728	5.708814e-05	2.952186e-05	2.902223e-05	2.444917e-05	1.198768e-05	1.159719e-05	1.116949e-05	9.57052e-06
81	0.1181881	0.1140792	0.1115597	0.08930417	0.072573	0.02964412	0.01888401	0.01775399	0.00603044	0.004765954	0.004606018	0.004400857	0.004321921	0.003707927	0.003487142	0.003165382	0.00304697	0.002187295	0.002033664	0.002018422	0.00193336	0.001853307	9.100417e-05	4.171312e-05	2.288897e-05	2.245885e-05	2.057239e-05	1.028546e-05	9.952666e-06	9.590131e-06
82	0.07991659	0.05782893	0.05554683	0.05437575	0.04706956	0.03963983	0.01609558	0.01037794	0.009716276	0.003356546	0.002665015	0.002574669	0.002457983	0.002412876	0.002124468	0.002023828	0.001852555	0.001785448	0.001268508	0.001176147	0.001168205	0.001118782	0.001071251	4.582634e-05	2.252729e-05	1.237583e-05	1.213105e-05	1.142101e-05	5.55658e-06	5.364463e-06
83	0.04713325	0.0265072	0.0199083	0.01910039	0.01873593	0.01640128	0.01369474	0.004962958	0.003410623	0.003151083	0.001234251	0.001023237	0.0009892648	0.0009440253	0.0009259615	0.0008155801	0.0007897722	0.0007481192	0.0007251988	0.0005171902	0.0004797035	0.0004774339	0.0004576962	0.0004382939	1.760178e-05	8.192992e-06	4.327899e-06	4.239387e-06	4.007377e-06	1.573815e-06
84	0.02840496	0.009446382	0.005092998	0.003905328	0.003747373	0.003680968	0.003265175	0.002725585	0.0008862374	0.0006367688	0.0005892193	0.0002569065	0.0002194272	0.0002125033	0.0002032131	0.0001993956	0.0001787276	0.0001738526	0.0001673799	0.0001623637	0.0001097851	0.000100562	0.0001001673	9.640526e-05	9.170086e-05	3.029148e-06	1.17473e-06	8.578256e-07	8.396445e-07	7.930465e-07
85	0.038128	0.006925799	0.002375992	0.001268342	0.000979739	0.0009403369	0.0009236738	0.0008209222	0.0006833438	0.0002148407	0.000156772	0.0001450797	6.532609e-05	5.624784e-05	5.45019e-05	5.214066e-05	5.116283e-05	4.634752e-05	4.508523e-05	4.344544e-05	4.222401e-05	2.806588e-05	2.568173e-05	2.558683e-05	2.464837e-05	2.347858e-05	6.549562e-07	2.811061e-07	2.169275e-07	2.122691e-07
86	0.0006917392	0.0001963719	3.59422e-05	1.274005e-05	6.983506e-06	5.354157e-06	5.141503e-06	5.051293e-06	4.520212e-06	3.806343e-06	1.398897e-06	8.410116e-07	7.819565e-07	3.411165e-07	2.905936e-07	2.815894e-07	2.691224e-07	2.63911e-07	2.388918e-07	2.320325e-07	2.228937e-07	2.166707e-07	1.481957e-07	1.366277e-07	1.360916e-07	1.312636e-07	1.255051e-07	3.449417e-09	1.532992e-09	1.202713e-09
87	0.03684385	0.0001360144	3.716596e-05	7.169478e-06	2.767859e-06	1.643088e-06	1.265413e-06	1.220429e-06	1.201797e-06	1.102029e-06	9.80672e-07	5.215115e-07	1.764959e-07	1.652254e-07	6.675613e-08	5.531742e-08	5.356928e-08	5.103646e-08	4.996147e-08	4.533804e-08	4.404259e-08	4.214976e-08	4.101094e-08	2.985199e-08	2.795119e-08	2.783228e-08	2.690485e-08	2.591578e-08	6.931363e-10	3.343209e-10
88	0.09518544	0.01365295	4.50608e-05	1.066697e-05	2.099216e-06	8.460574e-07	5.036578e-07	3.251346e-07	3.068077e-07	2.997541e-07	2.740323e-07	2.391317e-07	1.029029e-07	6.708047e-08	6.404627e-08	2.136601e-08	1.624065e-08	1.572809e-08	1.481304e-08	1.439904e-08	1.304904e-08	1.270811e-08	1.203249e-08	1.178005e-08	1.091263e-08	1.074505e-08	1.069417e-08	1.044107e-08	1.029759e-08	2.339815e-10
89	0.004223532	0.002075617	0.0002886215	8.960431e-07	1.993412e-07	3.81111e-08	1.486195e-08	8.54018e-09	5.405327e-09	5.066114e-09	4.954714e-09	4.637549e-09	4.045707e-09	1.716519e-09	1.152779e-09	1.123498e-09	3.951886e-10	3.044853e-10	2.881907e-10	2.602035e-10	2.520034e-10	2.270882e-10	2.240078e-10	2.174396e-10	2.140402e-10	2.087915e-10	2.07373e-10	2.065431e-10	2.018678e-10	1.997884e-10
90	0.9995534	0.004004945	0.001846911	0.0002630427	8.510074e-07	1.929613e-07	3.740602e-08	1.486204e-08	8.481144e-09	5.340409e-09	5.001201e-09	4.891419e-09	4.611297e-09	4.029866e-09	1.711241e-09	1.146689e-09	1.117868e-09	4.009521e-10	3.097267e-10	2.909744e-10	2.593438e-10	2.510673e-10	2.2629e-10	2.232329e-10	2.168559e-10	2.134852e-10	2.083598e-10	2.069712e-10	2.061472e-10	2.016495e-10
91	0.994098	0.9939695	0.003914159	0.001812252	0.0002617088	8.439181e-07	1.911844e-07	3.658306e-08	1.420018e-08	8.325639e-09	5.262035e-09	4.924874e-09	4.816678e-09	4.539268e-09	3.960336e-09	1.658863e-09	1.105947e-09	1.078199e-09	3.724617e-10	2.837059e-10	2.747095e-10	2.577203e-10	2.499675e-10	2.252757e-10	2.222319e-10	2.162057e-10	2.128957e-10	2.078749e-10	2.065147e-10	2.057033e-10
92	0.9994404	0.9937726	0.9936465	0.003910084	0.001811468	0.0002616142	8.43462e-07	1.910901e-07	3.656169e-08	1.418939e-08	8.318815e-09	5.257093e-09	4.92001e-09	4.811858e-09	4.53453e-09	3.955997e-09	1.658316e-09	1.105551e-09	1.077838e-09	3.722702e-10	2.835374e-10	2.745577e-10	2.575856e-10	2.498527e-10	2.251851e-10	2.221432e-10	2.161225e-10	2.128136e-10	2.078083e-10	2.064558e-10
