#unpaired probabilities
 #i$	l=1	2	3	4	5	6	7	8	9	10	11	12	13	14	15	16	17	18	19	20	21	22	23	24	25	26	27	28	29	30	
1	0.8150281	NA	NA	NA	NA	NA	NA	NA	NA	NA	NA	NA	NA	NA	NA	NA	NA	NA	NA	NA	NA	NA	NA	NA	NA	NA	NA	NA	NA	NA
2	0.8511129	0.7700935	NA	NA	NA	NA	NA	NA	NA	NA	NA	NA	NA	NA	NA	NA	NA	NA	NA	NA	NA	NA	NA	NA	NA	NA	NA	NA	NA	NA
3	0.8679598	0.8095492	0.74197	NA	NA	NA	NA	NA	NA	NA	NA	NA	NA	NA	NA	NA	NA	NA	NA	NA	NA	NA	NA	NA	NA	NA	NA	NA	NA	NA
4	0.3158912	0.2684849	0.2398595	0.1797696	NA	NA	NA	NA	NA	NA	NA	NA	NA	NA	NA	NA	NA	NA	NA	NA	NA	NA	NA	NA	NA	NA	NA	NA	NA	NA
5	0.3057113	0.1841396	0.1507281	0.1349058	0.1011276	NA	NA	NA	NA	NA	NA	NA	NA	NA	NA	NA	NA	NA	NA	NA	NA	NA	NA	NA	NA	NA	NA	NA	NA	NA
6	0.2691298	0.1677513	0.1084422	0.09758642	0.08587257	0.05980383	NA	NA	NA	NA	NA	NA	NA	NA	NA	NA	NA	NA	NA	NA	NA	NA	NA	NA	NA	NA	NA	NA	NA	NA
7	0.4852144	0.2498058	0.1613426	0.104391	0.0939648	0.08270217	0.05764526	NA	NA	NA	NA	NA	NA	NA	NA	NA	NA	NA	NA	NA	NA	NA	NA	NA	NA	NA	NA	NA	NA	NA
8	0.5364332	0.4599279	0.2422001	0.1564875	0.1012781	0.09117113	0.08025338	0.05596816	NA	NA	NA	NA	NA	NA	NA	NA	NA	NA	NA	NA	NA	NA	NA	NA	NA	NA	NA	NA	NA	NA
9	0.6260805	0.5357854	0.4598578	0.242123	0.1564167	0.1012662	0.09115642	0.08025079	0.05596649	NA	NA	NA	NA	NA	NA	NA	NA	NA	NA	NA	NA	NA	NA	NA	NA	NA	NA	NA	NA	NA
10	0.08297048	0.05005974	0.03379405	0.02037819	0.01469622	0.01000875	0.007082879	0.006850563	0.006421893	0.00566094	NA	NA	NA	NA	NA	NA	NA	NA	NA	NA	NA	NA	NA	NA	NA	NA	NA	NA	NA	NA
11	0.3424926	0.06285099	0.03832305	0.02420952	0.01341183	0.009905804	0.006845884	0.005052678	0.005044499	0.004858352	0.004618483	NA	NA	NA	NA	NA	NA	NA	NA	NA	NA	NA	NA	NA	NA	NA	NA	NA	NA	NA
12	0.3814639	0.3330363	0.05555943	0.03031108	0.01577421	0.01153146	0.008515285	0.005880046	0.004331629	0.004326306	0.004157367	0.003924662	NA	NA	NA	NA	NA	NA	NA	NA	NA	NA	NA	NA	NA	NA	NA	NA	NA	NA
13	0.3349767	0.2590067	0.2410547	0.02233712	0.02302024	0.009313596	0.006161826	0.004552042	0.003131401	0.002287568	0.002259969	0.002143779	0.001937797	NA	NA	NA	NA	NA	NA	NA	NA	NA	NA	NA	NA	NA	NA	NA	NA	NA
14	0.9489529	0.3216893	0.246381	0.2294312	0.01033425	0.0097014	0.008890174	0.006061262	0.004472797	0.003070672	0.002238646	0.002229559	0.002113942	0.001916078	NA	NA	NA	NA	NA	NA	NA	NA	NA	NA	NA	NA	NA	NA	NA	NA
15	0.2834675	0.2732493	0.2181048	0.2104986	0.2181361	0.004207264	0.003056552	0.002753806	0.001712234	0.001252945	0.0008312125	0.0005642421	0.0005336463	0.0004567712	0.0002689292	NA	NA	NA	NA	NA	NA	NA	NA	NA	NA	NA	NA	NA	NA	NA
16	0.2558084	0.2149076	0.2053667	0.1677444	0.168534	0.1754252	0.003407896	0.002910827	0.002716078	0.001688456	0.0012376	0.0008207041	0.0005565861	0.000526037	0.0004495078	0.0002621838	NA	NA	NA	NA	NA	NA	NA	NA	NA	NA	NA	NA	NA	NA
17	0.2573009	0.2006728	0.1847818	0.1928921	0.1573511	0.1651358	0.1740747	0.003267509	0.0028594	0.002675052	0.001654817	0.001217879	0.0008085193	0.0005493063	0.000520111	0.0004441938	0.0002579885	NA	NA	NA	NA	NA	NA	NA	NA	NA	NA	NA	NA	NA
18	0.8615359	0.253756	0.199522	0.1839187	0.1921896	0.1566734	0.1644506	0.1734913	0.002742873	0.002858249	0.00267407	0.001653986	0.001217387	0.0008081914	0.0005490778	0.0005198926	0.0004439907	0.0002578143	NA	NA	NA	NA	NA	NA	NA	NA	NA	NA	NA	NA
19	0.8842713	0.8329808	0.2365292	0.1983268	0.1828709	0.191137	0.1561577	0.1639041	0.1729084	0.002155389	0.002205603	0.001970032	0.001633758	0.001194852	0.0007822118	0.0005436982	0.0005187233	0.0004430116	0.0002574172	NA	NA	NA	NA	NA	NA	NA	NA	NA	NA	NA
20	0.9481747	0.8731222	0.8216285	0.2251244	0.1918711	0.1760669	0.1838588	0.1561058	0.1638591	0.1728726	0.00214979	0.002199508	0.001964075	0.001630184	0.00119156	0.000780515	0.0005421322	0.0005180501	0.0004424239	0.000257085	NA	NA	NA	NA	NA	NA	NA	NA	NA	NA
21	0.7467957	0.7418552	0.706586	0.6942491	0.1426479	0.1379491	0.1435085	0.1532909	0.1444306	0.1560544	0.1697695	0.0002874382	0.0001759261	0.0001290317	0.0001034385	7.43168e-05	4.86645e-05	3.183647e-05	3.040331e-05	2.625532e-05	1.62194e-05	NA	NA	NA	NA	NA	NA	NA	NA	NA
22	0.6925857	0.6814771	0.6790866	0.6549726	0.6482893	0.1198764	0.1207919	0.1270735	0.1359692	0.1436638	0.1555283	0.1695447	0.000172735	5.150152e-05	1.670857e-05	1.07685e-05	7.699269e-06	5.156991e-06	3.717331e-06	3.541313e-06	3.319988e-06	2.903872e-06	NA	NA	NA	NA	NA	NA	NA	NA
23	0.7113558	0.6735189	0.6623309	0.6631744	0.6504022	0.645125	0.1178461	0.1189028	0.1251526	0.1339236	0.1435903	0.1554608	0.1694858	0.0001689328	4.740807e-05	1.309109e-05	7.857852e-06	5.718458e-06	3.914894e-06	2.845696e-06	2.811797e-06	2.694095e-06	2.530895e-06	NA	NA	NA	NA	NA	NA	NA
24	0.7599668	0.7036167	0.6660446	0.6546809	0.6551737	0.6420013	0.6448063	0.1175302	0.1185811	0.1248212	0.1335707	0.1435826	0.1554552	0.1694832	0.0001672579	4.558194e-05	1.244794e-05	7.553643e-06	5.521148e-06	3.787863e-06	2.76471e-06	2.734212e-06	2.628456e-06	2.492891e-06	NA	NA	NA	NA	NA	NA
25	0.6048744	0.5861001	0.5528924	0.5234166	0.5158231	0.5215452	0.5108089	0.5323724	0.003092233	0.001534891	0.0005141085	0.0004308117	0.0002485223	0.0002076918	0.0001650026	0.0001656154	4.412678e-05	1.126977e-05	6.683111e-06	4.922897e-06	3.412013e-06	2.531057e-06	2.534983e-06	2.463765e-06	2.410337e-06	NA	NA	NA	NA	NA
26	0.6121077	0.5695189	0.5494513	0.5192461	0.4908421	0.4830442	0.488522	0.5096308	0.5318134	0.002717937	0.001285027	0.0003883455	0.000310252	0.0001312915	8.882631e-05	4.707414e-05	3.964419e-05	4.372999e-05	1.092699e-05	6.405381e-06	4.727599e-06	3.284912e-06	2.446491e-06	2.457637e-06	2.394776e-06	2.359536e-06	NA	NA	NA	NA
27	0.2686707	0.2121339	0.176665	0.1447394	0.1004141	0.05460597	0.02706732	0.009869302	0.006642224	0.004623172	0.002480182	0.001157129	0.0003428537	0.0002693511	9.566762e-05	5.552126e-05	1.792576e-05	1.018059e-05	1.105518e-05	1.06337e-05	6.209935e-06	4.58582e-06	3.18729e-06	2.381952e-06	2.405713e-06	2.348771e-06	2.328766e-06	NA	NA	NA
28	0.2804141	0.2297074	0.1800681	0.1455645	0.1139382	0.07024613	0.04255788	0.0260537	0.009258546	0.006149503	0.004204207	0.002140189	0.001144748	0.0003377378	0.0002643489	9.343713e-05	5.320451e-05	1.553172e-05	7.614836e-06	8.205457e-06	7.43284e-06	6.204599e-06	4.581894e-06	3.185345e-06	2.380715e-06	2.404768e-06	2.347896e-06	2.328093e-06	NA	NA
29	0.5216271	0.2649765	0.2161883	0.1703733	0.1382617	0.106381	0.06613909	0.04163251	0.02520024	0.008646469	0.005965279	0.004062686	0.002049576	0.001092481	0.0003231824	0.0002552269	8.707011e-05	4.862037e-05	1.443567e-05	7.482286e-06	8.084767e-06	7.3258e-06	6.113812e-06	4.528557e-06	3.150959e-06	2.358255e-06	2.384588e-06	2.330212e-06	2.315999e-06	NA
30	0.5773195	0.2011242	0.1451404	0.1271705	0.09639727	0.08043049	0.06588972	0.04716034	0.03387916	0.02440433	0.008154337	0.005606068	0.003799963	0.001876095	0.001064279	0.000320541	0.000253994	8.652024e-05	4.824794e-05	1.432991e-05	7.464189e-06	8.066882e-06	7.309833e-06	6.103762e-06	4.519526e-06	3.142519e-06	2.349105e-06	2.382965e-06	2.328608e-06	2.314871e-06
31	0.5686049	0.5002245	0.1845236	0.140839	0.1236917	0.09619596	0.08027976	0.06579283	0.04711206	0.0338564	0.02439819	0.008149117	0.005601438	0.003798417	0.001875289	0.001063826	0.0003204221	0.0002538962	8.647374e-05	4.821597e-05	1.432059e-05	7.462909e-06	8.065664e-06	7.308797e-06	6.102615e-06	4.518215e-06	3.142461e-06	2.349079e-06	2.382934e-06	2.328598e-06
32	0.8490231	0.5645272	0.4965505	0.1831822	0.1401856	0.1231416	0.09614807	0.08024355	0.06576906	0.04709965	0.03384988	0.02439551	0.008146606	0.005599012	0.003797817	0.001874875	0.001063502	0.0003201817	0.0002536467	8.646164e-05	4.820749e-05	1.431778e-05	7.462079e-06	8.064793e-06	7.308072e-06	6.101795e-06	4.517267e-06	3.142414e-06	2.34906e-06	2.38291e-06
33	0.8154951	0.6641499	0.3747492	0.3082102	0.1683457	0.1259652	0.108515	0.09603462	0.08014011	0.0656659	0.04704183	0.03379179	0.02433599	0.008084234	0.005533421	0.003729585	0.001802686	0.0009868268	0.000238418	0.0001660445	8.64594e-05	4.820589e-05	1.431717e-05	7.461799e-06	8.064491e-06	7.307887e-06	6.101587e-06	4.517026e-06	3.142389e-06	2.34905e-06
34	0.1733124	0.1738778	0.04658882	0.02954904	0.02267874	0.01286389	0.004957319	0.002101787	0.001983134	0.001810006	0.001772014	0.001600855	0.00129947	0.001131749	0.001113554	0.0003431921	0.0002666885	0.0001592445	8.855084e-05	2.232015e-05	1.716857e-05	1.141723e-05	7.627953e-06	2.261765e-06	4.597026e-07	4.599351e-07	4.095137e-07	3.381941e-07	2.456979e-07	1.667716e-07
35	0.04352416	0.02797302	0.02743601	0.0188114	0.012397	0.01206451	0.004779831	0.002741407	0.001216305	0.001145229	0.00112515	0.001136248	0.001104125	0.00103118	0.0009228228	0.0009146421	0.000276715	0.0002163483	0.0001286157	7.125631e-05	1.69112e-05	1.288089e-05	8.605442e-06	5.854723e-06	1.66752e-06	1.95378e-07	1.763896e-07	1.523627e-07	1.232532e-07	8.661032e-08
36	0.2336355	0.03891856	0.02721483	0.02668644	0.01809222	0.0118869	0.01161331	0.004643744	0.002641446	0.001133336	0.001073923	0.001066948	0.001090892	0.0010711	0.001007599	0.0009051943	0.000897271	0.0002595467	0.0002007603	0.0001271987	7.04687e-05	1.664259e-05	1.265981e-05	8.452379e-06	5.750968e-06	1.633868e-06	1.847891e-07	1.653394e-07	1.426103e-07	1.152693e-07
37	0.4333784	0.2300903	0.03813978	0.02683752	0.02630149	0.01770046	0.01158275	0.01130858	0.004602232	0.002618962	0.001121917	0.001064345	0.001058488	0.001083349	0.001065057	0.001002826	0.0009019483	0.0008943675	0.0002570432	0.0001987901	0.0001259756	6.973024e-05	1.633513e-05	1.239825e-05	8.267928e-06	5.625032e-06	1.598647e-06	1.824505e-07	1.637589e-07	1.413379e-07
38	0.4664711	0.4286958	0.2299064	0.03809926	0.02680576	0.02626921	0.0176685	0.0115607	0.0112866	0.004593998	0.002615079	0.001120604	0.001063423	0.001057562	0.001082392	0.001064149	0.001002003	0.0009013457	0.0008938289	0.0002565819	0.0001984728	0.0001257738	6.961375e-05	1.630004e-05	1.236963e-05	8.248937e-06	5.612081e-06	1.595118e-06	1.823183e-07	1.636972e-07
39	0.5244401	0.4619321	0.4246758	0.2297708	0.03804824	0.02676009	0.02622227	0.01762035	0.01151386	0.01123857	0.00455327	0.002573835	0.001078472	0.001062849	0.001056992	0.001081802	0.001063623	0.00100152	0.0009009618	0.00089347	0.0002562536	0.0001982132	0.0001255761	6.946321e-05	1.619362e-05	1.226431e-05	8.244218e-06	5.608884e-06	1.594241e-06	1.822656e-07
40	0.8514369	0.3848479	0.3319054	0.3149752	0.199688	0.02957846	0.02523837	0.02471069	0.01611299	0.01051306	0.01033376	0.003980524	0.001996838	0.0005346584	0.000509996	0.0005080111	0.0005230223	0.0004930384	0.0004428947	0.0003250056	0.0002910764	0.0002501137	0.0001936518	0.0001228408	6.781076e-05	1.54353e-05	1.175451e-05	7.910422e-06	5.405064e-06	1.520978e-06
41	0.8504899	0.8344786	0.3681045	0.3279438	0.3121097	0.1993169	0.02945487	0.0251532	0.02462369	0.01602502	0.01046173	0.01028575	0.003968236	0.001991145	0.0005309767	0.0005062936	0.0005047926	0.0005197757	0.0004898975	0.0004408829	0.0003234389	0.0002896214	0.000248789	0.0001930155	0.0001224306	6.757232e-05	1.535488e-05	1.168833e-05	7.86464e-06	5.374525e-06
42	0.3395286	0.3163852	0.2928158	0.2702133	0.2570067	0.2433164	0.1728872	0.02699757	0.02341639	0.02284214	0.01420154	0.009391393	0.009274209	0.003936262	0.001968334	0.0005096736	0.0004860128	0.0004850804	0.0005002026	0.0004727967	0.0004255473	0.0003118609	0.0002790999	0.0002394719	0.0001851971	0.0001168684	6.388298e-05	1.329979e-05	9.882135e-06	6.565634e-06
43	0.4057037	0.3236503	0.3023195	0.2815414	0.2599801	0.2478637	0.2346727	0.1719749	0.02667815	0.02321834	0.02264013	0.01399543	0.009291473	0.009190741	0.003922114	0.001955607	0.0004981995	0.0004747852	0.0004761434	0.0004914565	0.0004642707	0.0004215731	0.0003084204	0.0002757096	0.0002361235	0.0001845142	0.0001164103	6.360746e-05	1.316902e-05	9.770389e-06
44	0.6894885	0.226657	0.1770847	0.1572749	0.135731	0.117551	0.1038667	0.0880368	0.04833884	0.02506506	0.02248703	0.02188854	0.01322521	0.008784772	0.008710927	0.00391151	0.001946956	0.0004897501	0.000466635	0.0004683033	0.0004834202	0.0004571024	0.0004154896	0.0003036998	0.00027138	0.0002322705	0.000181256	0.0001140765	6.206431e-05	1.228602e-05
45	0.8688119	0.6847185	0.2255448	0.1765448	0.1567744	0.1352461	0.1172656	0.1036212	0.08779812	0.04831246	0.02505594	0.02247965	0.02188096	0.01321745	0.008779888	0.008706361	0.003910667	0.001946197	0.000489245	0.0004664598	0.0004681318	0.0004832446	0.0004569372	0.000415344	0.0003035862	0.0002712751	0.000232176	0.000181199	0.0001140384	6.204165e-05
46	0.9624066	0.8670317	0.6840962	0.2251325	0.1762921	0.1565549	0.1350529	0.1170869	0.1034558	0.08764801	0.04825964	0.02502072	0.02244694	0.02184729	0.01318279	0.008745535	0.008671082	0.003881141	0.001915692	0.0004577909	0.0004659844	0.0004676708	0.0004827668	0.0004564901	0.0004149612	0.0003032924	0.0002710056	0.0002319359	0.0001810158	0.0001139181
47	0.8961334	0.8570556	0.7598662	0.6710569	0.2124407	0.1674009	0.1476488	0.1259693	0.1082669	0.09484254	0.07881302	0.03921394	0.01572118	0.01287496	0.01318815	0.01304829	0.008737335	0.008667709	0.003878547	0.001913488	0.0004555758	0.0004636855	0.0004655871	0.0004820026	0.0004557325	0.0004144339	0.0003031925	0.0002709169	0.0002318633	0.0001809568
48	0.8893057	0.8846737	0.8456404	0.7484968	0.6666028	0.2088491	0.164555	0.1449031	0.1231874	0.1056759	0.09231021	0.0762447	0.03660382	0.01304624	0.01012388	0.01040403	0.01063621	0.008717562	0.008662013	0.003875439	0.001912449	0.0004545993	0.0004626752	0.0004646797	0.000481247	0.0004550581	0.0004138332	0.0003027595	0.0002705375	0.0002315324
49	0.7434751	0.736506	0.7338804	0.7197239	0.6799127	0.606379	0.1528822	0.1230848	0.1104464	0.09777787	0.08440364	0.07519931	0.0655469	0.03205827	0.01085713	0.008647264	0.00889134	0.009115722	0.007314803	0.007500706	0.003602569	0.001672303	0.0002104854	0.0002102209	0.0002116268	0.0002182031	0.0002070906	0.0001866326	0.000131604	0.0001151327
50	0.8225223	0.7127928	0.7071936	0.7064258	0.6969707	0.6602165	0.5883838	0.1357781	0.1099689	0.09943762	0.0898258	0.07775034	0.0698689	0.06219259	0.03068784	0.01027318	0.008297747	0.008533119	0.008753243	0.006965685	0.007149712	0.003494805	0.00157208	0.0001077076	0.0001040008	0.000103806	0.0001061063	9.742797e-05	8.859366e-05	6.482062e-05
51	0.3148037	0.301304	0.2772735	0.2674937	0.258253	0.2402507	0.2291969	0.1533164	0.1286966	0.103964	0.09403506	0.08499815	0.07311364	0.06611353	0.05881547	0.02870009	0.0084933	0.006524087	0.006706363	0.006871179	0.005059438	0.005182108	0.00150985	0.001546044	8.115349e-05	7.654305e-05	7.564095e-05	7.852557e-05	6.966491e-05	6.391245e-05
52	0.2582264	0.2466786	0.2367639	0.2259463	0.2190959	0.2124957	0.1973356	0.1892734	0.1207508	0.09886079	0.08575877	0.07826351	0.07134937	0.06046711	0.05453343	0.04886861	0.02061122	0.005478884	0.00388141	0.003986761	0.004078831	0.002734265	0.002793607	6.785932e-05	5.782024e-05	5.859632e-05	5.34808e-05	5.270481e-05	5.468905e-05	4.806527e-05
53	0.7200016	0.2571976	0.2456624	0.2357298	0.2249627	0.2186724	0.2124659	0.1973066	0.1892452	0.1207312	0.09884175	0.08574237	0.07824787	0.07133488	0.06045284	0.05451938	0.04885506	0.02060171	0.005473548	0.003876352	0.003981551	0.00407346	0.002728739	0.002787901	6.213272e-05	5.18922e-05	5.24491e-05	5.344035e-05	5.266366e-05	5.464632e-05
54	0.4367212	0.442695	0.08031659	0.08012027	0.08114655	0.08160518	0.08283923	0.08428357	0.0773784	0.07794508	0.02777035	0.01381459	0.01255815	0.01253885	0.01262099	0.005236079	0.00309537	0.002831317	0.0003167175	8.502631e-05	4.923995e-05	5.039538e-05	5.126312e-05	3.162873e-05	3.080961e-05	1.5133e-06	1.348265e-06	1.299461e-06	1.257837e-06	1.104865e-06
55	0.2326182	0.04679552	0.04627637	0.02002698	0.01995872	0.01989135	0.01980308	0.01985713	0.02003918	0.02022695	0.01989694	0.0196674	0.005630113	0.00426725	0.004115731	0.004045944	0.004057334	0.00192989	0.001677558	0.000178661	5.023113e-05	2.410061e-05	2.457001e-05	2.501209e-05	1.419637e-05	1.301526e-05	1.112988e-06	1.011333e-06	9.586929e-07	9.102003e-07
56	0.2062208	0.1875908	0.008119519	0.007013905	0.004949521	0.004785523	0.0044704	0.004220226	0.003988792	0.003862358	0.003734098	0.003600605	0.003048172	0.002931103	0.001535626	0.001348972	0.001235289	0.001192498	0.001136014	0.0008819206	0.0001190146	3.682945e-05	1.464981e-05	1.486317e-05	1.508191e-05	7.668586e-06	6.371693e-06	9.410083e-07	8.641333e-07	8.102911e-07
57	0.05927591	0.03428515	0.0179259	0.005759942	0.004930298	0.00373275	0.003563182	0.003228934	0.002965741	0.002713123	0.002563558	0.002410828	0.00225182	0.00171392	0.001569189	0.001236412	0.001047751	0.0009304829	0.0008822102	0.0008214063	0.0007534328	0.0001105825	3.502431e-05	1.339956e-05	1.357924e-05	1.376829e-05	6.782919e-06	5.472707e-06	8.790336e-07	8.052524e-07
58	0.08329499	0.05192914	0.03073133	0.01576631	0.00463487	0.004461243	0.003325595	0.003168054	0.00301285	0.002765756	0.002523987	0.002385485	0.002245474	0.002100017	0.001576286	0.001443439	0.001123399	0.000951847	0.0008428517	0.0007975855	0.0007409241	0.0006779547	0.0001024645	3.284649e-05	1.276825e-05	1.294055e-05	1.312123e-05	6.27329e-06	5.03445e-06	8.263541e-07
59	0.1621074	0.06303212	0.0402431	0.0239165	0.01210669	0.003233837	0.003079075	0.002411668	0.002281364	0.002154006	0.001955447	0.001854435	0.001752725	0.001635753	0.001523495	0.001027057	0.0009180524	0.0007204785	0.0006082298	0.000518795	0.0004718649	0.000417649	0.0003544024	8.209944e-05	2.567298e-05	6.742351e-06	6.769221e-06	6.801174e-06	3.476614e-06	2.87165e-06
60	0.3325002	0.1136199	0.05351551	0.03518816	0.02035878	0.01013729	0.00248813	0.002348991	0.001815651	0.00170305	0.001593503	0.00147886	0.001394318	0.001316938	0.001231386	0.001135108	0.0006559992	0.0005624274	0.000461052	0.0003907763	0.000315823	0.0002682379	0.0002159947	0.0001531664	6.691167e-05	1.990235e-05	1.818581e-06	1.736704e-06	1.650918e-06	1.157885e-06
61	0.5329192	0.2793324	0.08642328	0.04970449	0.03370447	0.01920815	0.009266153	0.00214145	0.00200186	0.00172034	0.001611461	0.001505101	0.001402351	0.001330724	0.001256811	0.001174256	0.001080854	0.0006049159	0.000514066	0.0004255709	0.0003609957	0.0002887472	0.0002414629	0.0001898512	0.0001276072	6.453397e-05	1.891347e-05	1.034973e-06	9.35047e-07	8.30837e-07
62	0.5380502	0.5250185	0.277046	0.08425681	0.04946046	0.03362647	0.01916437	0.009245623	0.002135981	0.001996663	0.001715695	0.00160714	0.001500985	0.001398846	0.001327734	0.001254818	0.00117245	0.001079239	0.0006035283	0.0005128527	0.0004247077	0.0003602907	0.0002881845	0.0002409651	0.000189422	0.0001272795	6.442113e-05	1.885542e-05	9.933523e-07	8.923171e-07
63	0.5270865	0.5177977	0.5050582	0.2685271	0.08243428	0.04901404	0.03328638	0.01884767	0.00893273	0.001822016	0.001676943	0.001390042	0.001275308	0.001162573	0.001053624	0.0009753629	0.0008949913	0.0008048399	0.0007035031	0.0006021285	0.0005114551	0.0004241407	0.0003597713	0.0002877294	0.0002405355	0.0001890178	0.000127015	6.438695e-05	1.884005e-05	9.836056e-07
64	0.470805	0.4334619	0.4237355	0.4102465	0.2521386	0.06689025	0.04753658	0.03308227	0.01876298	0.00889108	0.001805904	0.001661254	0.001375469	0.001260841	0.001148193	0.001039295	0.0009609843	0.0008805538	0.0007903421	0.0006959655	0.0005947173	0.0005082213	0.0004213708	0.0003573099	0.0002857816	0.0002387848	0.0001881134	0.0001264884	6.416958e-05	1.875192e-05
65	0.4104521	0.3786018	0.3591863	0.350838	0.3416882	0.2382816	0.05875494	0.0421294	0.02862497	0.01797293	0.008699124	0.001771224	0.001628955	0.001351251	0.00123772	0.001125298	0.001016802	0.0009385596	0.0008580833	0.0007677795	0.0006733034	0.0005726443	0.0004859913	0.0003994295	0.0003414124	0.0002738105	0.0002290822	0.0001807532	0.0001215384	6.161678e-05
66	0.5669285	0.4103426	0.3785054	0.3591255	0.3507916	0.3416422	0.2382561	0.05872987	0.04212579	0.02862316	0.01797226	0.008698948	0.001771132	0.001628863	0.001351162	0.001237654	0.001125232	0.001016763	0.0009385361	0.0008580722	0.0007677693	0.0006732943	0.0005726362	0.0004859841	0.0003994239	0.0003414076	0.0002738069	0.0002290791	0.0001807506	0.0001215365
67	0.04693165	0.0455061	0.0373555	0.01412557	0.008194054	0.008223151	0.008244789	0.002979263	0.002683992	0.001471753	0.0002570429	0.0001222202	5.939373e-05	1.061906e-05	9.789367e-06	8.065763e-06	7.420836e-06	6.792923e-06	6.176294e-06	5.740518e-06	5.294493e-06	4.796025e-06	4.274539e-06	3.719917e-06	3.25343e-06	2.786612e-06	2.461366e-06	1.755606e-06	1.502929e-06	1.230511e-06
68	0.4435063	0.01722248	0.01543348	0.01076582	0.01081707	0.005092956	0.005129269	0.005168868	0.002420603	0.002348176	0.001262986	0.0001019347	4.396806e-05	2.370423e-05	3.277601e-06	3.019002e-06	2.468468e-06	2.276202e-06	2.095074e-06	1.914379e-06	1.789193e-06	1.661801e-06	1.520773e-06	1.37325e-06	1.218659e-06	1.094453e-06	9.708927e-07	8.779195e-07	5.682306e-07	4.946767e-07
69	0.4190806	0.4217384	0.004484912	0.00278677	0.001602784	0.001607321	0.001513115	0.001511357	0.001521356	0.001123131	0.001124067	0.0001884924	2.17079e-05	1.347286e-05	1.059014e-05	5.208836e-07	4.607947e-07	3.704418e-07	3.345528e-07	3.072525e-07	2.80447e-07	2.61848e-07	2.431656e-07	2.236766e-07	2.031766e-07	1.838469e-07	1.694584e-07	1.527651e-07	1.373016e-07	9.216032e-08
70	0.5460544	0.414441	0.4192216	0.003052407	0.001365405	0.0006717222	0.0006762088	0.0005920237	0.0006001489	0.0006058208	0.000466073	0.0004661212	6.461094e-05	1.295593e-05	1.01927e-05	9.190601e-06	2.234891e-07	1.852465e-07	1.444683e-07	1.259189e-07	1.160142e-07	1.065876e-07	1.00055e-07	9.371411e-08	8.804273e-08	8.213292e-08	7.592514e-08	7.175866e-08	6.440726e-08	5.654613e-08
71	0.5447221	0.5429397	0.4134688	0.4185887	0.002655296	0.0009653305	0.0003695708	0.0003719082	0.0002888415	0.0002926393	0.0002964719	0.0002164745	0.0002166305	3.30053e-05	1.069547e-05	9.212748e-06	8.752969e-06	1.318436e-07	1.004566e-07	7.684432e-08	6.368358e-08	5.86752e-08	5.420216e-08	5.106783e-08	4.812902e-08	4.539889e-08	4.252489e-08	3.920609e-08	3.7049e-08	3.173887e-08
72	0.05543507	0.01571748	0.007286611	0.00355263	0.002812063	0.002566903	0.0008806606	0.0003069628	0.0003087949	0.0002597122	0.0002631796	0.0002666673	0.0001967874	0.0001970588	2.041094e-05	2.360176e-06	9.525516e-07	4.277227e-07	1.106658e-07	8.000362e-08	5.90694e-08	5.502562e-08	5.068191e-08	4.688057e-08	4.420677e-08	4.174848e-08	3.952244e-08	3.717449e-08	3.440932e-08	3.269433e-08
73	0.1207219	0.03759184	0.01243677	0.00478588	0.001592913	0.001047752	0.0008174434	0.0008255932	0.0002687903	0.000270569	0.0002217291	0.0002246838	0.0002276714	0.0001666523	0.0001670278	1.636997e-05	2.00839e-06	7.83921e-07	3.375981e-07	7.063924e-08	6.536748e-08	4.713142e-08	4.387335e-08	4.104288e-08	3.801954e-08	3.587261e-08	3.394452e-08	3.221937e-08	3.039057e-08	2.81502e-08
74	0.4766291	0.1145401	0.03263613	0.01094844	0.003933008	0.001013606	0.0005035952	0.0003086815	0.0003094193	0.00023271	0.0002342375	0.0001864008	0.000188849	0.00019134	0.000136717	0.0001369769	1.319639e-05	1.749829e-06	6.736291e-07	2.853633e-07	5.389906e-08	4.918524e-08	3.955545e-08	3.682712e-08	3.447329e-08	3.211906e-08	3.054399e-08	2.895619e-08	2.753367e-08	2.601822e-08
75	0.5079678	0.4764206	0.1144343	0.03255952	0.01092222	0.003924159	0.001011179	0.0005021807	0.0003079146	0.0003086486	0.0002322042	0.0002339596	0.0001861352	0.0001885809	0.0001910699	0.0001366285	0.0001368948	1.311882e-05	1.743424e-06	6.710974e-07	2.842481e-07	5.363201e-08	4.893394e-08	3.934142e-08	3.664005e-08	3.429852e-08	3.195827e-08	3.040751e-08	2.883808e-08	2.742571e-08
76	0.7766172	0.4125261	0.3931241	0.05635732	0.02532775	0.009521366	0.003339013	0.0007639729	0.0003660915	0.0002149758	0.0002170131	0.0001590896	0.0001601698	0.0001122962	0.0001136384	0.0001150711	7.175936e-05	7.150488e-05	7.1244e-06	1.353016e-06	5.142666e-07	2.161238e-07	3.969476e-08	3.609723e-08	2.930807e-08	2.735386e-08	2.567947e-08	2.399785e-08	2.288371e-08	2.174641e-08
77	0.5367914	0.4142215	0.3965217	0.3881796	0.05327962	0.0228068	0.0089273	0.003084476	0.0006501639	0.0002739335	0.0001403268	0.0001414237	8.97501e-05	8.992254e-05	8.791282e-05	8.889341e-05	8.996961e-05	5.04042e-05	4.999014e-05	4.938928e-06	1.206924e-06	4.583524e-07	1.92204e-07	3.474515e-08	3.151384e-08	2.568979e-08	2.401943e-08	2.259267e-08	2.116602e-08	2.022452e-08
78	0.1119556	0.06247139	0.04229602	0.03579217	0.03339783	0.006563971	0.004697142	0.001572884	0.0005668016	0.0001473077	8.30732e-05	6.064423e-05	6.138136e-05	3.195522e-05	3.208471e-05	3.091925e-05	3.118795e-05	3.154732e-05	8.785405e-06	8.47235e-06	9.412316e-07	2.966559e-07	1.697397e-07	8.112961e-08	1.713352e-08	1.583148e-08	1.330909e-08	1.230129e-08	1.125525e-08	1.02427e-08
79	0.02973662	0.02758532	0.006307778	0.002238224	0.0009340208	0.0007634615	0.0002983093	0.0002416985	5.520479e-05	2.181402e-05	7.834021e-06	5.72044e-06	4.883235e-06	4.950166e-06	2.795846e-06	2.815069e-06	2.776283e-06	2.647369e-06	2.651971e-06	2.64832e-07	1.842759e-07	3.124933e-08	1.665523e-08	1.251712e-08	6.721503e-09	2.212442e-09	2.138431e-09	1.780555e-09	1.708808e-09	1.63001e-09
80	0.1233964	0.02580644	0.02440545	0.005118562	0.001465919	0.0004067495	0.0002903325	0.0001781697	0.000155361	2.577399e-05	1.119383e-05	5.058298e-06	4.171143e-06	3.732241e-06	3.785138e-06	2.134359e-06	2.149768e-06	2.129398e-06	2.092956e-06	2.091437e-06	1.748675e-07	1.010669e-07	1.917826e-08	1.136812e-08	9.151473e-09	5.096601e-09	1.877255e-09	1.829583e-09	1.518955e-09	1.469542e-09
81	0.1773574	0.08651071	0.00927074	0.008101979	0.002186346	0.0009701071	0.0002395456	0.0001597765	0.0001133261	0.0001034046	1.291152e-05	6.223292e-06	3.396099e-06	3.018267e-06	2.875417e-06	2.917563e-06	1.54228e-06	1.553869e-06	1.541444e-06	1.552309e-06	1.56128e-06	1.420734e-07	7.336574e-08	1.42131e-08	8.829e-09	8.002643e-09	4.532514e-09	1.667639e-09	1.625351e-09	1.34013e-09
82	0.329773	0.1455987	0.06134015	0.005500112	0.004562854	0.001456623	0.0004264279	0.0001938427	0.0001234071	8.950687e-05	8.173795e-05	1.038475e-05	5.120006e-06	2.883309e-06	2.594577e-06	2.481891e-06	2.519253e-06	1.201769e-06	1.209416e-06	1.196092e-06	1.214915e-06	1.229123e-06	1.315211e-07	6.572691e-08	1.301632e-08	8.462807e-09	7.777757e-09	4.384247e-09	1.565833e-09	1.523269e-09
83	0.303664	0.2798971	0.09868415	0.04575006	0.004914546	0.004036556	0.001314934	0.0003537371	0.0001562252	0.000104493	7.256077e-05	6.555701e-05	9.408865e-06	4.595793e-06	2.567207e-06	2.303299e-06	2.197972e-06	2.231516e-06	9.26272e-07	9.303198e-07	9.144594e-07	9.289115e-07	9.41201e-07	1.240786e-07	6.367805e-08	1.271914e-08	8.347325e-09	7.702264e-09	4.301048e-09	1.468672e-09
84	0.9692202	0.2933264	0.2692573	0.09003236	0.03827799	0.004653716	0.003807868	0.00123572	0.0003120444	0.0001407798	9.277767e-05	6.033423e-05	5.305832e-05	9.266072e-06	4.410322e-06	2.353632e-06	2.082543e-06	1.974123e-06	2.004608e-06	6.96461e-07	6.97323e-07	6.786218e-07	6.892746e-07	6.982158e-07	1.224355e-07	6.405139e-08	1.280634e-08	8.4117e-09	7.76256e-09	4.298298e-09
85	0.8449395	0.8172114	0.156215	0.1313735	0.06870959	0.02987921	0.004327514	0.003513329	0.001145044	0.0002818814	0.0001298305	8.514684e-05	5.331718e-05	4.607787e-05	8.977537e-06	4.210727e-06	2.18558e-06	1.918157e-06	1.808792e-06	1.837114e-06	5.662487e-07	5.674129e-07	5.497509e-07	5.583844e-07	5.655665e-07	1.002962e-07	4.676592e-08	1.245537e-08	8.378485e-09	7.734872e-09
86	0.7532732	0.756059	0.7577032	0.09843398	0.0844558	0.0411916	0.01727127	0.001661496	0.00148185	0.0004904932	0.0001804774	9.271563e-05	6.824885e-05	4.41457e-05	3.786952e-05	7.058411e-06	2.928021e-06	1.211401e-06	9.500141e-07	8.51044e-07	8.643863e-07	4.711412e-07	4.715988e-07	4.584775e-07	4.659255e-07	4.721006e-07	8.254638e-08	3.848508e-08	5.721618e-09	2.307707e-09
87	0.7478121	0.7415169	0.7457099	0.7476338	0.08256089	0.07390487	0.03572758	0.01612207	0.001317651	0.001143457	0.0004037099	0.0001650073	8.834513e-05	6.629617e-05	4.279548e-05	3.65787e-05	6.962764e-06	2.877237e-06	1.179576e-06	9.210392e-07	8.230287e-07	8.361653e-07	4.477995e-07	4.497994e-07	4.373652e-07	4.446213e-07	4.508162e-07	6.838613e-08	3.721927e-08	5.295462e-09
88	0.732698	0.7225991	0.718093	0.7242176	0.7261292	0.06980916	0.06120721	0.03050618	0.01496441	0.0009707541	0.0008048929	0.0003166341	0.0001501172	8.439159e-05	6.460061e-05	4.136692e-05	3.514361e-05	6.866695e-06	2.785863e-06	1.089946e-06	8.303438e-07	7.358482e-07	7.477456e-07	4.257454e-07	4.289099e-07	4.173368e-07	4.24409e-07	4.306326e-07	5.439577e-08	3.632482e-08
89	0.4745614	0.3939005	0.3812635	0.3734979	0.3758127	0.3732948	0.04846201	0.03990791	0.02393541	0.01375387	0.0006834377	0.0005242459	0.0002443628	0.0001372718	8.096557e-05	6.298671e-05	3.995325e-05	3.370121e-05	6.842452e-06	2.754327e-06	1.055015e-06	7.942856e-07	7.074809e-07	7.191262e-07	4.019248e-07	4.054722e-07	3.945328e-07	4.013434e-07	4.074861e-07	3.582413e-08
90	0.2420835	0.111287	0.08300377	0.07245445	0.06131212	0.05974288	0.05381534	0.0435343	0.03768858	0.02288451	0.01359091	0.0006227722	0.0004658034	0.0002251585	0.0001304263	7.700316e-05	6.089932e-05	3.833385e-05	3.256864e-05	6.382185e-06	2.60014e-06	1.0294e-06	7.911793e-07	7.100952e-07	7.220749e-07	4.035802e-07	4.073193e-07	3.965301e-07	4.036906e-07	4.1022e-07
91	0.3370015	0.2261308	0.1074951	0.08032866	0.06982427	0.05864513	0.05703553	0.05102665	0.04078318	0.03565555	0.02132021	0.01233626	0.0005907396	0.000440172	0.0002146945	0.00012392	7.47557e-05	5.924793e-05	3.639925e-05	3.054009e-05	6.378747e-06	2.557266e-06	9.676436e-07	7.255185e-07	6.427747e-07	6.537548e-07	3.627903e-07	3.66369e-07	3.570496e-07	3.635834e-07
92	0.3470067	0.2894347	0.2002142	0.09301903	0.06996493	0.06193746	0.05102543	0.04946508	0.04421381	0.03485027	0.02980204	0.01631547	0.008000095	0.0005137608	0.0003881302	0.0001802743	9.489175e-05	6.073558e-05	4.87125e-05	2.668317e-05	2.150381e-05	5.377012e-06	2.07136e-06	6.89961e-07	4.80914e-07	4.056018e-07	4.12484e-07	2.199114e-07	2.221306e-07	2.158047e-07
93	0.3420354	0.3135995	0.2747787	0.1875807	0.08358049	0.06098	0.05329545	0.04231692	0.04067189	0.03543635	0.0279422	0.02603594	0.01307942	0.005148061	0.0004735567	0.0003637927	0.0001620347	7.831862e-05	5.329522e-05	4.290531e-05	2.093972e-05	1.594913e-05	4.968137e-06	1.837165e-06	5.23486e-07	3.241713e-07	2.581377e-07	2.624093e-07	1.251686e-07	1.261941e-07
94	0.1728569	0.0814497	0.06856825	0.05281412	0.04586732	0.03318792	0.02827411	0.0272412	0.02634147	0.02601546	0.02211991	0.01751891	0.01703825	0.007665647	0.002031937	9.008631e-05	7.636365e-05	5.843453e-05	5.107109e-05	4.079182e-05	3.568367e-05	1.549147e-05	1.126945e-05	4.04567e-06	1.435767e-06	3.451702e-07	1.771174e-07	1.173354e-07	1.191258e-07	6.498178e-08
95	0.4387288	0.1586499	0.07203527	0.06342309	0.04979681	0.04344494	0.03191693	0.02701315	0.02598541	0.02509502	0.02475233	0.02079769	0.01615147	0.01565318	0.006404392	0.0009685695	7.456954e-05	6.695466e-05	5.213899e-05	4.586769e-05	3.897077e-05	3.43081e-05	1.380919e-05	9.490459e-06	4.028024e-06	1.378122e-06	2.683498e-07	9.593841e-08	3.42576e-08	3.445757e-08
96	0.5056288	0.3234164	0.06414413	0.04518734	0.03982741	0.02916088	0.02536704	0.01740911	0.01384197	0.01338365	0.01317946	0.0131985	0.01297436	0.01246063	0.01251932	0.005293608	0.0007297287	4.097565e-05	3.462571e-05	2.523228e-05	2.187161e-05	1.945204e-05	1.883904e-05	2.230773e-06	1.748745e-06	3.311756e-07	1.326565e-07	4.929565e-08	3.657899e-08	2.571339e-08
97	0.3124521	0.08506907	0.04202191	0.03093364	0.02623384	0.0228228	0.01990702	0.01825141	0.0137904	0.01093902	0.01071414	0.01060661	0.01061241	0.01041137	0.009985507	0.01004528	0.004227207	0.0005639709	1.716571e-05	1.269193e-05	7.754625e-06	5.776018e-06	3.718792e-06	3.05451e-06	1.886251e-06	1.445916e-06	2.790487e-07	1.116209e-07	4.169809e-08	3.080407e-08
98	0.258026	0.2288896	0.04645795	0.02664215	0.01970714	0.01684432	0.01431561	0.01222235	0.01088819	0.008361358	0.007895061	0.007661601	0.007538593	0.007502679	0.007285419	0.006892976	0.006917899	0.002920345	0.0004045134	1.396706e-05	1.046934e-05	6.222799e-06	4.434287e-06	2.862048e-06	2.284972e-06	1.3996e-06	1.157592e-06	2.656438e-07	1.026504e-07	3.443423e-08
99	0.3884401	0.1181635	0.09382209	0.03737868	0.02085662	0.01498151	0.01260633	0.0107786	0.009276563	0.008133889	0.00580704	0.005382403	0.005143853	0.005005933	0.004943594	0.004785318	0.004579646	0.004588722	0.00195243	0.0002862987	1.16811e-05	8.843253e-06	4.845833e-06	3.134595e-06	1.989044e-06	1.551978e-06	9.557016e-07	7.906176e-07	1.828118e-07	7.152784e-08
100	0.3255395	0.2370134	0.0436636	0.03063319	0.02417582	0.01282478	0.009014795	0.007483567	0.006486814	0.005677005	0.004993592	0.003454432	0.003209588	0.003030704	0.002907629	0.002820548	0.002656137	0.002482501	0.002472568	0.001062046	0.0001740218	8.339995e-06	6.417008e-06	3.523276e-06	2.218288e-06	1.454689e-06	1.119715e-06	7.336165e-07	5.789967e-07	1.648316e-07
101	0.2985496	0.2664933	0.2164716	0.03057753	0.02100495	0.01663834	0.007909848	0.004949139	0.003850544	0.003472029	0.003142983	0.002635713	0.00136388	0.00114331	0.0009567689	0.0008327881	0.0008134709	0.0006502895	0.0005094533	0.0004789214	0.0002279889	7.150029e-05	6.125744e-06	4.965986e-06	2.535128e-06	1.405081e-06	9.653196e-07	7.007034e-07	5.124237e-07	3.710278e-07
102	0.441483	0.2855908	0.2564025	0.2115707	0.02582919	0.01777398	0.01382123	0.00645797	0.003892533	0.002983369	0.002732343	0.0025055	0.002063932	0.0009473028	0.0007378351	0.0005570201	0.0004381918	0.0004153337	0.0002992456	0.0001696536	0.0001363952	7.177899e-05	3.286059e-05	5.155759e-06	4.253269e-06	2.131599e-06	1.09553e-06	7.908433e-07	5.782208e-07	4.249447e-07
103	0.5259836	0.4395381	0.2860719	0.2570947	0.2124268	0.02523924	0.0173976	0.01343016	0.006279902	0.003776163	0.002905432	0.002670956	0.002454521	0.002020416	0.0009271128	0.000717553	0.0005368115	0.0004180434	0.0003948021	0.0002787564	0.0001500343	0.0001167116	5.50702e-05	2.099243e-05	4.997119e-06	4.144177e-06	2.070826e-06	1.040217e-06	7.699785e-07	5.617264e-07
104	0.5976438	0.3533962	0.3444356	0.2116852	0.1907017	0.1834956	0.007863108	0.004021533	0.00324717	0.001431389	0.0008525118	0.0006776309	0.0006213951	0.0005468766	0.0004995542	0.0004294529	0.0003475187	0.0002841714	0.0002640524	0.0002544044	0.0001578316	5.600735e-05	3.790038e-05	8.967278e-06	3.677042e-06	1.082014e-06	1.070243e-06	9.829134e-07	7.582704e-07	6.192236e-07
105	0.6462598	0.5327069	0.35724	0.3484929	0.2142426	0.1930475	0.1858397	0.007872961	0.003996475	0.003218291	0.001419696	0.0008454669	0.0006729377	0.0006166913	0.0005417367	0.0004964678	0.0004338168	0.0003511961	0.0002872954	0.0002672478	0.00025755	0.000159527	5.625994e-05	3.791027e-05	8.791827e-06	3.559464e-06	1.071635e-06	1.063432e-06	9.929266e-07	7.707458e-07
106	0.3604875	0.3457332	0.2429359	0.07355338	0.06123869	0.04541675	0.02169115	0.01206671	0.007799367	0.003885644	0.003099923	0.001385225	0.0008387169	0.0006747135	0.0006186158	0.0005434122	0.0004988955	0.0004390093	0.0003556287	0.0002911283	0.0002709544	0.0002611879	0.0001616075	5.670109e-05	3.806676e-05	8.574666e-06	3.328175e-06	9.256684e-07	9.162956e-07	8.48021e-07
107	0.6487978	0.303874	0.2895942	0.1931952	0.04872104	0.03857089	0.02554259	0.01821072	0.009878968	0.006296272	0.003252264	0.002485805	0.00116757	0.0007061979	0.0005626442	0.0005097915	0.0004657805	0.00042308	0.0003654427	0.0002830749	0.0002639879	0.0002470645	0.000238187	0.0001453315	4.737414e-05	3.256287e-05	8.118845e-06	2.973482e-06	7.557329e-07	7.458106e-07
108	0.6311347	0.6114203	0.2727799	0.2582901	0.1640511	0.04458506	0.03482036	0.02227199	0.01512718	0.00957597	0.0061018	0.003153214	0.002396195	0.001131136	0.0006856999	0.0005488747	0.0004967535	0.0004532859	0.0004140836	0.0003578391	0.0002752194	0.0002618808	0.0002456823	0.0002368683	0.0001438309	4.56217e-05	3.136212e-05	7.596154e-06	2.794486e-06	7.262251e-07
109	0.971489	0.6260428	0.6062942	0.2632177	0.2484296	0.1546648	0.04490583	0.03515731	0.0225071	0.01528889	0.009681947	0.006171325	0.003191076	0.002423661	0.001145247	0.0006947755	0.0005566149	0.0005039899	0.000460099	0.0004204328	0.0003634623	0.0002795729	0.0002660899	0.000249688	0.0002407918	0.0001461632	4.620759e-05	3.174772e-05	7.610651e-06	2.724296e-06
110	0.9663131	0.944642	0.6030915	0.5953281	0.2492584	0.234996	0.1429025	0.04418718	0.03467807	0.02214753	0.01505202	0.009489207	0.006039909	0.003112659	0.002365832	0.001109022	0.0006728506	0.0005398514	0.0004910407	0.0004502187	0.0004148291	0.000364739	0.0002822195	0.0002692037	0.0002527916	0.0002438448	0.00014766	4.605943e-05	3.144467e-05	7.254156e-06
111	0.1890879	0.1868193	0.1661027	0.129005	0.1253541	0.122364	0.1142088	0.05409829	0.00881573	0.006838366	0.004571395	0.003131811	0.002156526	0.001402232	0.0007783092	0.0006450216	0.0003185272	0.0001909668	0.0001490922	0.0001297707	0.0001133403	9.151373e-05	4.876557e-05	3.660321e-05	2.368193e-05	2.152268e-05	2.099089e-05	1.592853e-05	1.019969e-05	8.165532e-06
112	0.1703704	0.112126	0.1111832	0.08987777	0.06070573	0.05643565	0.05281662	0.04982731	0.03872999	0.005950279	0.004624029	0.003253883	0.002255484	0.001639425	0.001089804	0.0006429166	0.0005159756	0.000277327	0.0001733565	0.0001381797	0.0001200743	0.0001055377	8.392358e-05	4.099451e-05	2.901652e-05	1.762127e-05	1.574344e-05	1.526534e-05	1.126376e-05	6.543584e-06
113	0.1645361	0.1274953	0.08534019	0.08443335	0.06267511	0.03513543	0.03057567	0.02735056	0.02409334	0.01684601	0.00508645	0.003975689	0.002879666	0.001998357	0.001491239	0.0009996705	0.0006018908	0.0004762845	0.0002616752	0.0001644811	0.0001315365	0.0001137863	9.951839e-05	7.777226e-05	3.43244e-05	2.252049e-05	1.119397e-05	9.652691e-06	9.381736e-06	7.673669e-06
114	0.7308491	0.1644361	0.1274458	0.08479653	0.08387132	0.06181861	0.03393156	0.02930387	0.02602079	0.02270165	0.01580058	0.005109884	0.00402706	0.002919954	0.002026222	0.001512228	0.001013914	0.000610682	0.0004832219	0.0002655839	0.000166981	0.0001336235	0.000115651	0.0001011977	7.91027e-05	3.491016e-05	2.290226e-05	1.137111e-05	9.804095e-06	9.530876e-06
115	0.7758494	0.6923946	0.1632677	0.1268096	0.08374121	0.08279675	0.06045212	0.03274224	0.02806698	0.02473615	0.02137892	0.01479796	0.005134528	0.004051418	0.002939001	0.002035445	0.001516106	0.00101436	0.0006070529	0.0004779342	0.000263334	0.0001651913	0.0001321897	0.0001141609	9.963945e-05	7.752368e-05	3.463996e-05	2.269083e-05	1.116241e-05	9.598071e-06
116	0.5540242	0.54504	0.4831741	0.130173	0.1026001	0.06244624	0.06200361	0.0547158	0.02913919	0.0244496	0.02111519	0.0177744	0.01199793	0.004742131	0.003736299	0.002724506	0.001865815	0.001406556	0.0009378907	0.0005610756	0.0004319317	0.0002430886	0.0001514538	0.0001204196	0.0001024342	8.788698e-05	6.621419e-05	2.541157e-05	1.354011e-05	7.851767e-06
117	0.7985516	0.506879	0.4989373	0.4367155	0.09302274	0.06603142	0.05878432	0.0583051	0.05087635	0.02864165	0.02388679	0.02050434	0.01712014	0.01146792	0.004726342	0.003710457	0.002691847	0.001821115	0.001356882	0.0009155527	0.0005378392	0.0004063292	0.0002344063	0.0001463826	0.0001166903	9.846886e-05	8.374364e-05	6.273208e-05	2.525842e-05	1.329582e-05
118	0.3612572	0.3355227	0.2454294	0.2396738	0.2343521	0.07372588	0.05249437	0.04732894	0.04711107	0.04507125	0.02519937	0.02042221	0.01703577	0.01367543	0.008862434	0.004483696	0.003508776	0.002544955	0.001700314	0.001263746	0.0008459919	0.0004840679	0.0003525662	0.0002093681	0.0001292149	0.0001025102	8.455532e-05	6.997566e-05	5.027053e-05	1.928167e-05
119	0.2604667	0.1024896	0.1001635	0.04662946	0.04530945	0.04489177	0.01129205	0.006444068	0.005428054	0.005360588	0.005396784	0.001177293	0.001160756	0.001044492	0.001020133	0.0007897786	0.0001542739	0.0001465156	0.0001409043	0.0001358367	0.0001316261	0.0001097021	0.0001036431	0.000102023	4.092022e-05	2.502041e-05	1.917651e-05	1.917245e-05	1.909168e-05	1.538179e-05
120	0.05619948	0.04284345	0.02623273	0.02452272	0.02171579	0.02127339	0.02080985	0.007997658	0.004423094	0.003556721	0.00347366	0.00349449	0.0003086171	0.0002970753	0.0002860334	0.0002732004	0.0002301815	9.819571e-05	9.638473e-05	9.55822e-05	9.512763e-05	9.446114e-05	7.922899e-05	7.623748e-05	7.722275e-05	3.065471e-05	1.857846e-05	1.418854e-05	1.428084e-05	1.428447e-05
121	0.07291763	0.04202902	0.02991359	0.01698092	0.01532811	0.01339703	0.01289657	0.0123406	0.004959383	0.002752742	0.002039906	0.001941356	0.001943874	0.0001856624	0.0001761188	0.0001661249	0.0001559327	0.000130509	5.804797e-05	5.617425e-05	5.49605e-05	5.408513e-05	5.328915e-05	4.418274e-05	4.22232e-05	4.265619e-05	1.719495e-05	1.036116e-05	7.857012e-06	7.877401e-06
122	0.181273	0.06045226	0.03014552	0.01812488	0.008921526	0.008073334	0.006704192	0.006144401	0.005508164	0.002491937	0.001392714	0.0008035727	0.0006914113	0.0006783064	9.359645e-05	8.565678e-05	7.667347e-05	6.74005e-05	5.205722e-05	2.543034e-05	2.342217e-05	2.178961e-05	2.037697e-05	1.943359e-05	1.531916e-05	1.411596e-05	1.407978e-05	6.074176e-06	3.575595e-06	2.63165e-06
123	0.5239995	0.1814502	0.06084099	0.03022885	0.01806812	0.008823485	0.007966596	0.006601865	0.006034382	0.005388426	0.002452044	0.001369197	0.0007754861	0.0006614416	0.0006477831	9.265372e-05	8.470587e-05	7.564024e-05	6.627915e-05	5.099418e-05	2.477343e-05	2.273586e-05	2.106879e-05	1.961979e-05	1.866021e-05	1.464452e-05	1.344973e-05	1.340136e-05	5.841416e-06	3.444503e-06
124	0.992195	0.5121746	0.1833002	0.06127373	0.0302957	0.01799248	0.008713661	0.007847776	0.006492943	0.005917563	0.005261525	0.002408023	0.001343519	0.0007452366	0.0006292183	0.0006149584	9.236596e-05	8.440445e-05	7.527084e-05	6.579076e-05	5.037338e-05	2.403033e-05	2.197178e-05	2.02657e-05	1.877763e-05	1.780029e-05	1.38946e-05	1.270903e-05	1.264661e-05	5.58062e-06
125	0.9302808	0.9227794	0.4359271	0.1191042	0.06159225	0.03025345	0.01781947	0.008526634	0.007651896	0.006320288	0.005736721	0.005070127	0.002312244	0.001309583	0.0007071242	0.0005890028	0.0005740183	9.18051e-05	8.385807e-05	7.465164e-05	6.504231e-05	4.948547e-05	2.297542e-05	2.09862e-05	1.923619e-05	1.770401e-05	1.670687e-05	1.294524e-05	1.177364e-05	1.169296e-05
126	0.6948637	0.6890392	0.6815668	0.3719809	0.1023974	0.04484846	0.02944455	0.0173987	0.008127156	0.007275607	0.006010451	0.005438688	0.004780622	0.00220369	0.001249585	0.0006593151	0.0005396812	0.0005240029	8.758786e-05	7.981211e-05	7.166764e-05	6.330888e-05	4.797669e-05	2.159394e-05	1.958331e-05	1.780706e-05	1.624189e-05	1.522775e-05	1.18506e-05	1.070354e-05
127	0.9070086	0.6828219	0.6774652	0.6698687	0.3591618	0.1032288	0.04501568	0.02944438	0.01729927	0.007981494	0.007123601	0.005864501	0.005284791	0.004616164	0.002143542	0.001213061	0.000618427	0.0004965446	0.0004802176	8.617067e-05	7.838156e-05	7.016691e-05	6.170973e-05	4.626689e-05	2.057324e-05	1.852155e-05	1.670213e-05	1.509175e-05	1.405741e-05	1.083865e-05
128	0.8999396	0.8578483	0.6526326	0.6473509	0.6398634	0.3250725	0.1022745	0.04422671	0.02886854	0.01692151	0.007622	0.006775998	0.005553904	0.004976622	0.004306564	0.002040931	0.001149265	0.0005560642	0.0004320216	0.0004146155	8.259512e-05	7.491783e-05	6.768932e-05	6.026902e-05	4.488097e-05	1.910148e-05	1.70356e-05	1.515957e-05	1.349041e-05	1.242229e-05
129	0.8293443	0.7841892	0.7504019	0.5478934	0.545974	0.5418699	0.2263096	0.04027369	0.03197884	0.02120622	0.01379938	0.00508845	0.004513233	0.003741194	0.003385179	0.002952661	0.001273199	0.0006647751	0.0002918572	0.000270309	0.0002642805	7.755761e-05	7.028956e-05	6.364611e-05	5.669735e-05	4.14315e-05	1.551772e-05	1.350443e-05	1.158148e-05	9.853898e-06
130	0.7023066	0.704405	0.66539	0.6620967	0.4647422	0.4668764	0.4667376	0.1507784	0.01325695	0.009576517	0.006238487	0.003091643	0.00270595	0.002390295	0.00206414	0.001923643	0.001719867	0.000650246	0.0003054311	0.000135164	0.0001262241	0.0001235319	4.779704e-05	4.505713e-05	4.230594e-05	3.924111e-05	2.89936e-05	6.637646e-06	5.686237e-06	4.80558e-06
131	0.5033723	0.4927161	0.4932081	0.4563217	0.4532868	0.4556253	0.4578621	0.4577102	0.1373138	0.01283185	0.009199716	0.005863728	0.002722662	0.002354287	0.002175913	0.001861271	0.001718347	0.001510684	0.0005842311	0.0002877004	0.0001224023	0.0001132995	0.0001104875	4.719235e-05	4.446402e-05	4.170605e-05	3.860614e-05	2.837333e-05	6.078327e-06	5.114958e-06
132	0.674829	0.4445854	0.4445302	0.4490331	0.4158412	0.4173903	0.422288	0.4269879	0.4293324	0.1070283	0.002333987	0.001596665	0.001233604	0.001024907	0.0009204117	0.0009139086	0.00086267	0.0008652053	0.0008152148	0.0002134656	0.0001075076	9.18844e-05	9.246585e-05	9.06596e-05	4.647737e-05	4.381121e-05	4.111431e-05	3.806536e-05	2.781055e-05	5.372178e-06
133	0.2425852	0.1335404	0.0903759	0.09030238	0.09102657	0.09066051	0.08987723	0.09076028	0.09160216	0.09251307	0.09351717	0.001578339	0.001064249	0.0008301934	0.0006963589	0.0006194953	0.0006153093	0.0005819243	0.0005842548	0.0005885464	0.0001452929	8.077702e-05	7.120102e-05	7.172984e-05	7.042789e-05	3.838961e-05	3.717143e-05	3.584397e-05	3.42752e-05	2.553253e-05
134	0.1496476	0.1158451	0.04961077	0.02632964	0.02586892	0.02590542	0.02562448	0.02446542	0.02455734	0.02457697	0.02463888	0.02477116	0.001054558	0.0006670371	0.0005246651	0.0004614819	0.0004067167	0.0004049207	0.0003823416	0.0003848329	0.0003889613	8.842358e-05	6.254616e-05	5.876002e-05	5.927997e-05	5.971349e-05	3.79175e-05	3.67492e-05	3.559684e-05	3.42202e-05
135	0.1306847	0.1082317	0.09276228	0.03397152	0.01331552	0.01311674	0.01315305	0.01302573	0.01223943	0.01228612	0.01229951	0.01233414	0.01240825	0.0004652461	0.0003309662	0.000260292	0.0002315025	0.0002049032	0.0002042006	0.0001924584	0.0001937049	0.0001958118	4.107162e-05	3.194184e-05	3.058025e-05	3.090217e-05	3.102759e-05	2.115771e-05	2.070509e-05	2.026841e-05
136	0.1781354	0.09647693	0.07659151	0.06281349	0.006247906	0.0038559	0.003589292	0.003517247	0.003428891	0.00325943	0.003200048	0.003117023	0.003047913	0.003010629	0.0002073684	0.0001297785	8.597087e-05	6.514889e-05	5.598103e-05	5.464001e-05	4.705056e-05	4.655678e-05	4.666342e-05	1.282309e-05	1.068626e-05	1.026083e-05	1.028673e-05	1.006724e-05	6.300292e-06	5.635472e-06
137	0.1771017	0.08712806	0.0104199	0.007001504	0.004315649	0.002131156	0.001629954	0.001477712	0.001427491	0.001378075	0.001298825	0.001255919	0.001212082	0.001173752	0.001145884	0.000107518	6.519959e-05	3.947279e-05	2.65991e-05	2.254165e-05	2.175418e-05	1.891225e-05	1.861748e-05	1.853815e-05	6.153114e-06	4.658923e-06	4.358429e-06	4.368326e-06	4.147494e-06	2.538981e-06
138	0.0863473	0.03048362	0.00203658	0.001199266	0.0008585271	0.000526747	0.000348022	0.0002213418	0.0002103584	0.0002075299	0.0002025274	0.0001966379	0.000181774	0.0001800764	0.0001784232	0.0001769803	1.486224e-05	1.06578e-05	7.062606e-06	4.036022e-06	3.580703e-06	3.419695e-06	3.085328e-06	2.965377e-06	2.840015e-06	7.654648e-07	5.698223e-07	4.720912e-07	4.600188e-07	2.975451e-07
139	0.3158333	0.04734629	0.004049	0.001323254	0.0009237628	0.0006462568	0.0003712193	0.0002683365	0.0001685217	0.0001582169	0.0001552177	0.0001511187	0.0001458087	0.0001303933	0.0001284316	0.000126474	0.0001246682	1.305204e-05	9.317766e-06	5.94971e-06	3.059563e-06	2.675429e-06	2.515409e-06	2.204044e-06	2.076764e-06	1.94231e-06	5.70929e-07	4.112857e-07	3.203971e-07	3.080574e-07
140	0.4011475	0.1287174	0.0364297	0.00330734	0.001068505	0.00070953	0.0005627717	0.0003175281	0.0002386165	0.0001423909	0.0001321055	0.0001288971	0.0001250854	0.0001198994	0.0001040299	0.0001018799	9.971475e-05	9.765758e-05	1.21355e-05	8.602001e-06	5.316615e-06	2.503258e-06	2.149205e-06	1.989623e-06	1.693365e-06	1.563207e-06	1.425035e-06	4.873896e-07	3.365526e-07	2.500909e-07
141	0.3414032	0.1639781	0.05561192	0.02532749	0.001999694	0.000857699	0.0005651911	0.0004447816	0.0002303841	0.0001651911	0.0001094744	0.0001005412	9.762724e-05	9.447243e-05	9.023091e-05	7.420832e-05	7.214563e-05	7.002497e-05	6.799066e-05	1.021944e-05	7.210165e-06	4.315027e-06	1.814249e-06	1.53736e-06	1.392332e-06	1.129479e-06	1.006465e-06	8.754688e-07	2.653311e-07	1.660152e-07
142	0.5661649	0.276292	0.1091484	0.04833652	0.02196784	0.001653895	0.0006968399	0.0004231189	0.0003101722	0.0002161955	0.0001558608	0.0001017821	9.347114e-05	9.07652e-05	8.792766e-05	8.387235e-05	6.773779e-05	6.576831e-05	6.374245e-05	6.181505e-05	9.391896e-06	6.613949e-06	3.90546e-06	1.59329e-06	1.334247e-06	1.199101e-06	9.510959e-07	8.353974e-07	7.125206e-07	2.219375e-07
143	0.4725979	0.4199346	0.2279084	0.09344338	0.03978895	0.01830056	0.001344993	0.0006114227	0.0003628571	0.0002582787	0.0001725067	0.0001171024	9.232772e-05	8.464966e-05	8.213276e-05	7.961702e-05	7.597305e-05	5.971774e-05	5.787871e-05	5.597555e-05	5.414774e-05	8.509949e-06	5.951333e-06	3.443808e-06	1.32917e-06	1.10312e-06	9.793115e-07	7.572464e-07	6.49622e-07	5.350601e-07
144	0.436728	0.2219409	0.1776367	0.1573902	0.05296431	0.008538588	0.004272939	0.0003921972	0.0001145905	7.293474e-05	6.129725e-05	5.060626e-05	4.075071e-05	3.736877e-05	3.710221e-05	3.728505e-05	3.712064e-05	3.552044e-05	2.063139e-05	2.03003e-05	1.99641e-05	1.979423e-05	9.376739e-07	6.756295e-07	4.827504e-07	3.334191e-07	2.91743e-07	2.837955e-07	2.370081e-07	2.291924e-07
145	0.5578057	0.4282165	0.2220825	0.1772858	0.1571079	0.0529076	0.008012132	0.00401235	0.0003729316	0.0001116411	7.007449e-05	5.850749e-05	4.832001e-05	3.878933e-05	3.552084e-05	3.524117e-05	3.54055e-05	3.523845e-05	3.496004e-05	1.982303e-05	1.947779e-05	1.912686e-05	1.894609e-05	9.106873e-07	6.533018e-07	4.622534e-07	3.142975e-07	2.729648e-07	2.649159e-07	2.174503e-07
146	0.8414536	0.4074536	0.2805029	0.0865665	0.08323572	0.06205187	0.05255652	0.007277297	0.00364868	0.0003220281	9.630649e-05	6.294853e-05	5.33876e-05	4.505065e-05	3.656447e-05	3.366461e-05	3.349821e-05	3.375832e-05	3.386567e-05	3.363859e-05	1.831745e-05	1.810244e-05	1.777914e-05	1.761271e-05	8.223815e-07	5.978784e-07	4.240724e-07	2.815553e-07	2.424539e-07	2.345643e-07
147	0.2539995	0.241627	0.2325809	0.1364067	0.05507861	0.05312515	0.05161684	0.04571573	0.004235222	0.002157269	0.0001924151	2.883154e-05	2.36069e-05	2.032986e-05	1.694192e-05	1.348266e-05	1.153924e-05	1.159493e-05	1.173482e-05	1.172214e-05	1.134313e-05	1.145177e-05	1.12619e-05	1.096219e-05	1.082529e-05	2.743516e-07	2.177684e-07	1.956411e-07	1.804193e-07	1.573544e-07
148	0.2414598	0.221103	0.2188082	0.2125318	0.1194517	0.05059079	0.05079563	0.04956795	0.04512946	0.003687046	0.001908088	0.0001742111	2.556362e-05	2.123697e-05	1.811145e-05	1.498455e-05	1.175602e-05	9.962825e-06	1.001169e-05	1.013551e-05	1.014114e-05	9.745938e-06	9.843632e-06	9.710482e-06	9.601539e-06	9.66147e-06	2.359796e-07	1.86408e-07	1.684481e-07	1.56545e-07
149	0.3194218	0.20434	0.2016847	0.2002534	0.197132	0.1047601	0.04823826	0.04853652	0.04764943	0.04492042	0.003007187	0.001579997	0.0001382276	1.807853e-05	1.656892e-05	1.455379e-05	1.252631e-05	9.952181e-06	8.44966e-06	8.550766e-06	8.683472e-06	8.719044e-06	8.3535e-06	8.452371e-06	8.346096e-06	8.279197e-06	8.37081e-06	1.701417e-07	1.400327e-07	1.325395e-07
150	0.3855611	0.3025485	0.1934665	0.1922042	0.190957	0.189252	0.09648366	0.04687487	0.04722581	0.04653327	0.04477168	0.00231059	0.001123428	0.0001176927	1.207919e-05	1.073092e-05	8.668275e-06	6.890975e-06	4.337255e-06	2.93568e-06	2.950544e-06	2.994093e-06	2.956117e-06	2.539574e-06	2.54738e-06	2.43112e-06	2.33702e-06	2.340298e-06	1.471343e-07	1.191523e-07
151	0.3831308	0.3740642	0.2924999	0.1829907	0.1819377	0.1824885	0.1817717	0.08846199	0.04608768	0.04648237	0.04597841	0.04487066	0.001823314	0.0008893913	0.0001009984	1.069347e-05	9.555246e-06	7.484181e-06	5.907072e-06	3.462693e-06	2.208069e-06	2.215549e-06	2.249155e-06	2.223128e-06	1.913432e-06	1.918017e-06	1.844082e-06	1.785298e-06	1.791902e-06	1.057909e-07
152	0.3868622	0.3592677	0.3505555	0.2800478	0.1719405	0.1717771	0.1736458	0.1736356	0.07975564	0.04554861	0.04599582	0.04570789	0.0450665	0.001401805	0.0006279332	8.156897e-05	8.393886e-06	7.475983e-06	5.380291e-06	4.571788e-06	2.185974e-06	1.684753e-06	1.689133e-06	1.715237e-06	1.695893e-06	1.452631e-06	1.45518e-06	1.399582e-06	1.356785e-06	1.364041e-06
153	0.6916378	0.1239985	0.09786561	0.09562112	0.03499995	0.0327272	0.03245811	0.03260656	0.03135646	0.02893587	0.002771348	0.002658158	0.001972638	0.001087103	0.001069393	0.0004529549	6.040572e-05	5.340957e-06	4.619048e-06	4.502005e-06	3.890326e-06	1.575882e-06	1.189967e-06	1.191795e-06	1.210443e-06	1.197335e-06	1.023532e-06	1.024958e-06	9.895385e-07	9.626333e-07
154	0.6745128	0.6261199	0.05671406	0.03030915	0.0282085	0.02358014	0.02190833	0.02162812	0.02170241	0.02090563	0.01920073	0.001651017	0.001571425	0.00109461	0.0005363901	0.0005247811	0.0002941657	3.943062e-05	2.258335e-06	1.727179e-06	1.665955e-06	1.220774e-06	1.050244e-06	7.693529e-07	7.697824e-07	7.818418e-07	7.739894e-07	6.620074e-07	6.6298e-07	6.42235e-07
155	0.7216129	0.6275727	0.6223833	0.04541943	0.01867824	0.01657185	0.01410186	0.01281621	0.01260278	0.01267414	0.01222474	0.01103224	0.0009470706	0.0009008599	0.0006094711	0.0002972641	0.0002908323	0.000163331	2.268525e-05	1.285934e-06	9.544644e-07	9.107534e-07	6.47557e-07	5.483481e-07	4.363304e-07	4.36379e-07	4.431293e-07	4.389461e-07	3.777863e-07	3.78665e-07
156	0.04246569	0.04023299	0.0374638	0.03443988	0.03411599	0.007038152	0.005001537	0.004020218	0.003544215	0.003342583	0.003349724	0.003231793	0.003033092	0.000226786	0.000212243	0.0001410608	6.905822e-05	6.7733e-05	4.013231e-05	6.346168e-06	3.682223e-07	2.555898e-07	2.401402e-07	1.626305e-07	1.386456e-07	1.111218e-07	1.11546e-07	1.132425e-07	1.126422e-07	9.945593e-08
157	0.109107	0.009581101	0.008725174	0.007158088	0.004236102	0.004220077	0.0039129	0.00186859	0.001301697	0.0008584696	0.0006284708	0.000615334	0.0005804792	0.0005334932	4.486535e-05	4.081462e-05	2.791094e-05	1.393337e-05	1.320956e-05	7.736965e-06	1.189102e-06	1.275217e-07	7.526519e-08	6.485003e-08	4.560572e-08	3.495225e-08	2.93116e-08	2.896884e-08	2.920744e-08	2.911215e-08
158	0.1257235	0.05098755	0.006513483	0.005740439	0.004310803	0.001375193	0.001361136	0.001303585	0.001280834	0.0007883255	0.000345147	0.0001066429	8.925886e-05	7.22647e-05	5.419928e-05	1.176684e-05	1.083604e-05	9.15536e-06	4.739079e-06	4.080167e-06	2.055613e-06	1.895522e-07	7.149829e-08	4.313796e-08	3.357996e-08	2.573268e-08	1.715675e-08	1.532935e-08	1.486286e-08	1.484193e-08
159	0.1246604	0.06491666	0.05014148	0.006005116	0.00524955	0.00381629	0.0008435728	0.0008343095	0.0007760106	0.0007711076	0.0007600818	0.0003120309	7.00332e-05	5.212723e-05	3.58914e-05	1.972453e-05	8.24409e-06	7.425559e-06	6.577466e-06	3.630406e-06	2.969405e-06	1.445272e-06	1.177118e-07	6.494592e-08	3.688151e-08	2.836707e-08	2.13256e-08	1.286446e-08	1.140324e-08	1.086454e-08
160	0.2508598	0.1143569	0.06314467	0.0503713	0.005924746	0.005161897	0.003714829	0.0007017914	0.0006924466	0.0006333186	0.0006283658	0.0006194075	0.0002358255	5.294293e-05	3.841698e-05	2.612161e-05	1.365824e-05	6.893642e-06	6.164884e-06	5.497065e-06	3.191068e-06	2.551824e-06	1.203104e-06	9.186952e-08	5.415448e-08	2.99137e-08	2.316851e-08	1.765014e-08	9.977985e-09	8.786286e-09
161	0.2722306	0.1714554	0.04812047	0.01554853	0.006087816	0.004442605	0.003671533	0.003617559	0.0006036882	0.0005942558	0.0005342674	0.0005292547	0.0005214802	0.0001967234	4.146481e-05	3.138891e-05	2.096734e-05	1.026821e-05	5.980153e-06	5.293755e-06	4.715214e-06	2.838967e-06	2.20487e-06	1.003669e-06	7.733863e-08	4.749812e-08	2.511269e-08	1.925862e-08	1.475133e-08	7.449041e-09
162	0.3353972	0.1774947	0.07751148	0.04143386	0.01349018	0.005438511	0.004193229	0.003640747	0.003602412	0.000545337	0.0005358549	0.0005357443	0.0005337071	0.0005262971	0.0001971806	3.965818e-05	2.941609e-05	1.91408e-05	8.488358e-06	5.233957e-06	4.644194e-06	4.075087e-06	2.452302e-06	2.054203e-06	9.100381e-07	6.444895e-08	3.624851e-08	2.366349e-08	1.771528e-08	1.316037e-08
163	0.2296441	0.1762583	0.04534377	0.03361985	0.01637021	0.007259108	0.004547856	0.003694805	0.003685988	0.003649055	0.0005468959	0.0005377802	0.0005376714	0.0005373396	0.0005319268	0.0001984152	3.882403e-05	2.843702e-05	1.805197e-05	7.363704e-06	4.89142e-06	4.292506e-06	3.732944e-06	2.227328e-06	1.823468e-06	8.474469e-07	5.773388e-08	3.06512e-08	1.778133e-08	1.198886e-08
164	0.6314118	0.1246092	0.1189709	0.01938643	0.01497329	0.005790815	0.001751375	0.0005058323	0.0002883138	0.0002840589	0.0002717123	0.0002696667	0.0002604645	0.0002603587	0.0002600341	0.0002569665	9.987705e-05	2.228248e-05	1.686727e-05	1.116093e-05	5.175069e-06	3.109293e-06	2.708762e-06	2.34189e-06	1.462435e-06	1.148343e-06	5.325631e-07	2.784037e-08	1.289083e-08	7.515104e-09
165	0.2360781	0.1523764	0.050145	0.04731849	0.01500528	0.01098524	0.003757758	0.001224528	0.0004367476	0.0002797106	0.0002762471	0.0002642187	0.0002626733	0.000262612	0.0002625063	0.00026246	0.000260332	0.0001009251	2.213661e-05	1.663578e-05	1.085099e-05	4.796246e-06	3.013849e-06	2.607028e-06	2.262146e-06	1.431154e-06	1.111582e-06	5.094442e-07	2.714112e-08	1.244286e-08
166	0.06692883	0.03985233	0.03762846	0.009237693	0.008754027	0.002308306	0.001685516	0.0005682768	0.0001849285	6.585745e-05	4.209221e-05	4.154937e-05	3.96485e-05	3.940538e-05	3.939154e-05	3.938659e-05	3.935806e-05	3.893769e-05	1.553263e-05	3.961168e-06	3.163636e-06	2.299524e-06	1.368427e-06	4.909176e-07	4.276392e-07	3.606333e-07	2.227368e-07	1.745883e-07	8.071495e-08	5.372566e-09
167	0.007832566	0.004160641	0.003499845	0.003483068	0.001451824	0.001436893	5.280329e-05	3.514396e-05	1.299671e-05	3.709429e-06	8.964525e-07	4.210063e-07	4.073465e-07	3.75729e-07	3.701692e-07	3.675085e-07	3.671274e-07	3.498934e-07	3.322082e-07	1.938255e-07	1.223215e-07	1.179405e-07	1.090466e-07	9.573684e-08	9.328434e-09	8.590493e-09	6.136993e-09	2.848071e-09	2.543687e-09	1.30518e-09
168	0.0666273	0.002659055	0.001723843	0.00152966	0.001524778	0.001273807	0.001270391	2.1329e-05	1.03016e-05	4.092349e-06	1.107804e-06	2.15523e-07	6.054949e-08	5.731863e-08	5.044143e-08	4.89661e-08	4.65951e-08	4.640322e-08	4.58097e-08	4.278435e-08	2.531915e-08	1.57816e-08	1.522457e-08	1.325202e-08	1.165501e-08	1.652545e-09	1.555416e-09	1.254363e-09	4.484211e-10	3.810716e-10
169	0.1703303	0.009055348	0.0008985212	0.000349055	0.0002048889	0.0002013858	3.58367e-05	3.32609e-05	1.922743e-05	8.447591e-06	3.19795e-06	8.566796e-07	1.635997e-07	4.340458e-08	4.09839e-08	3.55349e-08	3.437637e-08	3.433427e-08	3.416021e-08	3.411409e-08	3.202011e-08	1.81858e-08	1.07644e-08	1.03309e-08	8.838991e-09	7.691571e-09	1.186115e-09	1.122188e-09	9.268604e-10	3.315635e-10
170	0.3254334	0.1632824	0.008363375	0.0008452202	0.000325989	0.0001884282	0.0001877756	2.556711e-05	2.311207e-05	9.347933e-06	8.189673e-06	3.071263e-06	8.234805e-07	1.589852e-07	4.282206e-08	4.054253e-08	3.520331e-08	3.408651e-08	3.406226e-08	3.393404e-08	3.390074e-08	3.183443e-08	1.799175e-08	1.059024e-08	1.015949e-08	8.672001e-09	7.540039e-09	1.141944e-09	1.078721e-09	8.858465e-10
171	0.3693851	0.2945015	0.1431741	0.008037055	0.000793412	0.0003079851	0.0001826639	0.0001820358	2.376868e-05	2.145907e-05	7.845722e-06	6.706056e-06	2.931455e-06	7.870272e-07	1.541068e-07	4.254589e-08	4.028786e-08	3.508835e-08	3.403256e-08	3.400866e-08	3.387887e-08	3.384578e-08	3.178566e-08	1.779865e-08	1.048748e-08	1.005275e-08	8.554332e-09	7.428594e-09	1.111741e-09	1.048512e-09
172	0.4548353	0.3446671	0.2833865	0.1384943	0.007781735	0.0007511637	0.0002986914	0.0001803758	0.0001797707	2.32431e-05	2.107149e-05	7.540198e-06	6.412987e-06	2.793205e-06	7.523843e-07	1.504318e-07	4.273651e-08	4.049411e-08	3.534729e-08	3.433082e-08	3.430718e-08	3.417567e-08	3.41427e-08	3.208171e-08	1.787604e-08	1.043765e-08	9.995754e-09	8.478829e-09	7.352754e-09	1.085121e-09
173	0.9871967	0.4349153	0.328692	0.2671434	0.1281976	0.007531258	0.0006837366	0.0002865488	0.0001775193	0.000176946	2.254447e-05	2.055832e-05	7.140436e-06	6.031524e-06	2.607156e-06	7.034476e-07	1.436601e-07	4.12292e-08	3.90092e-08	3.390855e-08	3.294131e-08	3.291799e-08	3.278483e-08	3.275196e-08	3.069598e-08	1.792057e-08	1.036587e-08	9.917332e-09	8.384554e-09	7.258745e-09
174	0.9657752	0.9604982	0.4017824	0.3015596	0.2466172	0.1197904	0.007098593	0.0006084849	0.0002621394	0.0001680148	0.0001675196	2.119703e-05	1.943797e-05	6.240041e-06	5.247239e-06	2.155646e-06	5.841241e-07	1.239353e-07	4.027882e-08	3.818506e-08	3.339087e-08	3.260957e-08	3.258724e-08	3.245228e-08	3.242046e-08	3.064941e-08	1.779352e-08	1.021378e-08	9.763234e-09	8.220078e-09
175	0.9694568	0.9642396	0.9588691	0.3909408	0.2917185	0.2369587	0.1156014	0.007029807	0.0005959922	0.0002504017	0.000156365	0.0001558693	2.046451e-05	1.872934e-05	6.21493e-06	5.232208e-06	2.159517e-06	5.853174e-07	1.239614e-07	3.998712e-08	3.79144e-08	3.314872e-08	3.237552e-08	3.235408e-08	3.221804e-08	3.218724e-08	3.049662e-08	1.741546e-08	9.68671e-09	9.222165e-09
176	0.978882	0.9679102	0.9631068	0.9576422	0.3801403	0.281956	0.2272663	0.1114031	0.006963767	0.0005839445	0.0002385685	0.0001445397	0.0001440433	1.971107e-05	1.801623e-05	6.193818e-06	5.221271e-06	2.164983e-06	5.86898e-07	1.240203e-07	3.970004e-08	3.76489e-08	3.291039e-08	3.2145e-08	3.212445e-08	3.198727e-08	3.19575e-08	3.034933e-08	1.703513e-08	9.152347e-09
177	0.9970506	0.9764044	0.9654105	0.9607255	0.9551825	0.3670233	0.2676235	0.2137744	0.1058291	0.006892149	0.0005776464	0.0002375858	0.0001448711	0.0001443778	1.969211e-05	1.801758e-05	6.122678e-06	5.147176e-06	2.133676e-06	5.810324e-07	1.238477e-07	4.012697e-08	3.805848e-08	3.330404e-08	3.255587e-08	3.253532e-08	3.239569e-08	3.23656e-08	3.075262e-08	1.723025e-08
178	0.9591824	0.957151	0.9370186	0.9262762	0.9222415	0.9166559	0.3186955	0.220043	0.1907362	0.0937838	0.006556948	0.0005412191	0.0002271769	0.0001410626	0.0001405993	1.858915e-05	1.703219e-05	5.727301e-06	4.853876e-06	1.99559e-06	5.395786e-07	1.130864e-07	3.454806e-08	3.254857e-08	2.795199e-08	2.725576e-08	2.723654e-08	2.709471e-08	2.706476e-08	2.550568e-08
179	0.9347113	0.9330093	0.9317706	0.9143985	0.9046151	0.9011373	0.8954755	0.2880607	0.1924753	0.1667629	0.0826736	0.006090837	0.000495634	0.0002069137	0.0001288259	0.0001284062	1.650003e-05	1.506993e-05	4.445219e-06	3.661681e-06	1.794449e-06	4.829109e-07	1.01278e-07	3.175166e-08	2.983922e-08	2.55151e-08	2.489355e-08	2.487571e-08	2.473204e-08	2.4703e-08
180	0.9645218	0.9203481	0.9186607	0.9175171	0.9100187	0.9017201	0.8983963	0.8926511	0.2737373	0.1774394	0.152508	0.07656422	0.005832132	0.0004715249	0.0002007095	0.0001271247	0.0001267223	1.613964e-05	1.478341e-05	4.237402e-06	3.470674e-06	1.706149e-06	4.598248e-07	9.813944e-08	3.173306e-08	2.982772e-08	2.556381e-08	2.497589e-08	2.495831e-08	2.481203e-08
181	0.952677	0.93633	0.9089655	0.9073685	0.9063	0.8992243	0.8911766	0.8887276	0.8828756	0.2522709	0.1555587	0.1366928	0.06900443	0.00540417	0.0004296699	0.0001887816	0.0001217599	0.0001213807	1.529073e-05	1.405912e-05	3.90879e-06	3.17682e-06	1.578743e-06	4.250057e-07	9.219922e-08	2.981143e-08	2.793933e-08	2.380994e-08	2.326476e-08	2.32479e-08
182	0.9223064	0.9031036	0.889073	0.8731599	0.8722391	0.8715943	0.865555	0.8581462	0.8561651	0.8503372	0.2108259	0.1191612	0.1068067	0.05403868	0.003887467	0.000315988	0.0001552276	0.0001122624	0.0001120062	1.240774e-05	1.155238e-05	2.404148e-06	1.865197e-06	9.02961e-07	2.729689e-07	6.243252e-08	2.296421e-08	2.128083e-08	1.912318e-08	1.876535e-08
183	0.9778454	0.9195697	0.9000162	0.8857514	0.8713159	0.8704089	0.8698193	0.8637119	0.8564466	0.8545523	0.848601	0.1961591	0.1037116	0.09294787	0.04787171	0.003431577	0.0002758548	0.0001444994	0.0001071543	0.0001069166	1.166434e-05	1.091793e-05	2.112112e-06	1.593081e-06	7.808131e-07	2.314486e-07	5.888815e-08	2.259419e-08	2.09311e-08	1.892699e-08
184	0.8672153	0.8649178	0.859403	0.8546437	0.8473815	0.8374428	0.8370113	0.8366697	0.8346963	0.8286244	0.8270999	0.8210763	0.1584447	0.07139014	0.06687531	0.03531278	0.002620607	0.0001536588	0.0001100519	9.856703e-05	9.845577e-05	9.201624e-06	8.862417e-06	9.570357e-07	6.074393e-07	2.1326e-07	7.386209e-08	2.951474e-08	1.833705e-08	1.684855e-08
185	0.1991733	0.178437	0.1771782	0.1727292	0.1680041	0.1668944	0.1583583	0.158209	0.1579558	0.1561723	0.1528833	0.151655	0.1516216	0.1441392	0.05977336	0.0554935	0.02963877	0.001910981	0.0001246855	8.683475e-05	7.655915e-05	7.645341e-05	7.335133e-06	7.049522e-06	8.553848e-07	5.465016e-07	2.040937e-07	6.92864e-08	2.641887e-08	1.646294e-08
186	0.1838715	0.09729607	0.0860874	0.08513786	0.08166098	0.07800518	0.07711343	0.071097	0.07097001	0.07076272	0.06928333	0.06687178	0.06610376	0.06607684	0.06045706	0.04881785	0.04487035	0.02428827	0.001214538	9.541831e-05	6.37459e-05	5.484206e-05	5.479126e-05	5.489434e-06	5.258622e-06	7.495032e-07	4.818078e-07	1.897784e-07	6.279328e-08	2.282541e-08
187	0.1288251	0.07874269	0.05809072	0.04978055	0.04921482	0.04727059	0.04411158	0.04360924	0.04029895	0.04023344	0.040116	0.03888125	0.03745283	0.03702219	0.03700818	0.03394629	0.02688813	0.02524463	0.01330505	0.000446094	5.181918e-05	3.770929e-05	3.348963e-05	3.346411e-05	3.024857e-06	2.89866e-06	3.905065e-07	2.494945e-07	9.252857e-08	3.06706e-08
188	0.05851866	0.05683825	0.02094584	0.0187361	0.01440271	0.01425785	0.01374112	0.01294654	0.01283822	0.01191174	0.01189881	0.01186723	0.01181631	0.01141181	0.01129006	0.01128683	0.01035266	0.007980861	0.007631112	0.003758355	0.0001245388	1.553922e-05	1.284685e-05	1.207528e-05	1.206994e-05	9.226634e-07	8.885524e-07	8.566564e-08	5.641842e-08	1.607392e-08
189	0.05462976	0.04303796	0.0421036	0.008455522	0.007635523	0.003471045	0.003434234	0.003246106	0.003236367	0.003215789	0.002946819	0.002943435	0.00293486	0.00292845	0.002845055	0.002807118	0.00280638	0.002617107	0.002175816	0.002097586	0.001051742	3.566575e-05	3.200489e-06	2.458943e-06	2.247127e-06	2.245852e-06	1.924106e-07	1.851967e-07	2.257126e-08	1.518364e-08
190	0.0993521	0.01585309	0.007515872	0.006737407	0.006503189	0.005882901	0.00164851	0.001631696	0.001494909	0.001489209	0.001479279	0.001324411	0.001322559	0.001317999	0.001314455	0.001295565	0.001272953	0.001272656	0.001226386	0.001157503	0.001105641	0.0005776251	1.936109e-05	8.686711e-07	3.568721e-07	2.068676e-07	2.060899e-07	4.709064e-08	4.463834e-08	1.354983e-08
191	0.4007723	0.1000518	0.01536654	0.007004134	0.006216804	0.005987058	0.005961337	0.001616871	0.00160047	0.001462198	0.001456426	0.001446696	0.001292293	0.001290453	0.001285931	0.001282402	0.001265789	0.001243235	0.001242949	0.00120167	0.001147466	0.00109556	0.0005740435	1.906915e-05	7.878349e-07	2.740597e-07	1.230965e-07	1.223213e-07	4.214613e-08	3.985337e-08
192	0.8048232	0.3638491	0.08975654	0.01257496	0.00579555	0.005689626	0.005535008	0.005514365	0.001101308	0.001085769	0.0009718542	0.0009665134	0.0009574598	0.0008481442	0.0008469355	0.0008440909	0.0008415816	0.0008293887	0.0008098101	0.0008095503	0.0007755445	0.0007223551	0.0006779604	0.000386858	1.180816e-05	6.821091e-07	2.150252e-07	7.079373e-08	7.004069e-08	3.129435e-08
193	0.7286468	0.6782718	0.3543631	0.08500122	0.007940812	0.001222182	0.001141109	0.001003976	0.0009867926	0.0009583019	0.0009425701	0.0008945219	0.0008894013	0.0008802179	0.0007862515	0.0007851034	0.0007824269	0.0007800057	0.0007680159	0.0007554512	0.0007551886	0.0007216774	0.0006789457	0.000635574	0.000370331	1.074306e-05	6.661554e-07	2.043767e-07	6.16012e-08	6.085919e-08
194	0.7449439	0.6508933	0.6128416	0.3035963	0.07783098	0.007867619	0.001131281	0.001051436	0.000929147	0.0009124103	0.0008844922	0.0008818766	0.0008353896	0.000830455	0.0008287222	0.0007385538	0.0007375248	0.0007350546	0.0007329211	0.000725464	0.0007128381	0.0007126047	0.000680876	0.0006374575	0.0005944174	0.000353945	8.278508e-06	6.455664e-07	1.945854e-07	5.318875e-08
195	0.6360902	0.5998434	0.5134952	0.483167	0.1834199	0.01529597	0.004005881	0.001039486	0.0009660173	0.0008527855	0.0008362458	0.0008165868	0.0008139886	0.0007706696	0.0007656512	0.0007639567	0.0006797795	0.000678835	0.0006765955	0.0006745872	0.0006673093	0.0006550001	0.0006547618	0.0006229548	0.0005788712	0.0005364512	0.0003309595	6.790821e-06	6.385862e-07	1.901444e-07
196	0.7197095	0.5751134	0.5630474	0.4914318	0.4635263	0.176786	0.01295808	0.003632781	0.0009375814	0.0008803759	0.000774961	0.0007585605	0.000745526	0.0007429233	0.0007088255	0.0007037532	0.0007020801	0.0006271191	0.0006262404	0.0006241812	0.000622271	0.0006150751	0.0006074414	0.000607199	0.0005756241	0.0005323484	0.0004912866	0.0003125935	5.511937e-06	6.253722e-07
197	0.7245236	0.696227	0.5588784	0.5478122	0.4799394	0.4532778	0.1725794	0.01074421	0.002941412	0.0007341794	0.0006822395	0.0005983608	0.0005821651	0.0005721828	0.0005696601	0.0005450006	0.0005399326	0.0005383836	0.0004847279	0.000484081	0.0004826096	0.0004810507	0.0004742459	0.0004683332	0.0004681213	0.0004365786	0.0003928758	0.0003530997	0.0002229986	4.182295e-06
198	0.9451103	0.691758	0.6681689	0.5353499	0.5279944	0.4654784	0.4405906	0.1646721	0.008619927	0.002197733	0.0005307514	0.0004838629	0.0004210391	0.0004051262	0.0003984695	0.0003959624	0.0003816898	0.0003765729	0.0003751072	0.0003449819	0.0003445441	0.0003436267	0.0003423908	0.0003358555	0.0003320811	0.0003319079	0.0003000792	0.0002554252	0.0002161879	0.0001238764
199	0.7071557	0.7009897	0.5888155	0.5764891	0.454102	0.4478261	0.4136846	0.4012361	0.1599379	0.00715551	0.001510425	0.0002937165	0.0002559252	0.0002234076	0.0002121802	0.0002084489	0.0002073384	0.0002020671	0.000196887	0.0001962437	0.0001859993	0.0001857712	0.0001854114	0.0001845081	0.0001828706	0.0001815733	0.0001814514	0.0001595434	0.0001163711	7.821877e-05
200	0.6869645	0.6445161	0.639742	0.5309884	0.521058	0.4314103	0.4252178	0.3917845	0.3795162	0.1462973	0.00346627	0.0005633963	0.0002862966	0.0002510296	0.000218944	0.0002074296	0.0002039094	0.0002027724	0.0001977389	0.0001923846	0.0001917288	0.0001819058	0.0001816796	0.0001813332	0.0001804148	0.0001787671	0.0001775587	0.0001774338	0.0001553498	0.0001134784
201	0.7911043	0.6520006	0.6205144	0.61626	0.5141224	0.5047137	0.4129337	0.4067442	0.3736216	0.361412	0.1365565	0.003356839	0.0005120151	0.0002723681	0.0002375021	0.0002061795	0.0001943436	0.0001917191	0.000190552	0.000186424	0.0001808844	0.0001802153	0.0001720455	0.0001718245	0.0001715006	0.0001705708	0.0001689084	0.0001679766	0.0001678497	0.0001455531
202	0.9398852	0.7329762	0.5904429	0.5657051	0.5613113	0.4921609	0.4830017	0.3908542	0.3881356	0.3550739	0.342828	0.1265668	0.003361083	0.000518442	0.0002772235	0.0002413398	0.0002093999	0.0001974459	0.0001947728	0.0001935656	0.0001894127	0.0001836695	0.0001829784	0.0001747941	0.0001745682	0.0001742411	0.0001732822	0.0001715669	0.000170622	0.0001704917
203	0.8429923	0.8294043	0.6309217	0.5398664	0.5174504	0.5129183	0.4548353	0.4484058	0.3555769	0.3530201	0.3254861	0.3165865	0.1147258	0.003229866	0.0004581172	0.0002582158	0.0002224635	0.0001970684	0.0001849755	0.0001825292	0.000181575	0.0001782161	0.0001722601	0.0001717082	0.000165255	0.0001650359	0.0001647364	0.0001637678	0.0001629942	0.000162438
204	0.7971184	0.7493848	0.7367592	0.5777054	0.5131494	0.4937407	0.4896086	0.4360499	0.4298704	0.3341183	0.3315453	0.3046293	0.2959345	0.1037192	0.003237534	0.0004626372	0.0002613585	0.0002258515	0.0001999547	0.0001874535	0.0001850158	0.0001843359	0.0001809755	0.0001754372	0.0001749266	0.0001684388	0.000168301	0.0001680257	0.0001670499	0.000166291
205	0.8303952	0.7609058	0.7133329	0.7002243	0.5571251	0.4929148	0.4733649	0.4709749	0.4164641	0.4102059	0.3109138	0.3082866	0.2820792	0.273607	0.09182078	0.003253505	0.000472299	0.0002676741	0.000231122	0.0002045961	0.0001916529	0.0001892725	0.0001886088	0.0001852053	0.0001794542	0.0001789746	0.0001724152	0.0001722839	0.0001720113	0.0001710062
206	0.9894875	0.8203311	0.7482293	0.7009051	0.6872526	0.5403051	0.4745939	0.4549278	0.4524418	0.3969822	0.390631	0.287433	0.2848031	0.2587946	0.2503854	0.07916503	0.003272402	0.00048104	0.0002721063	0.0002342256	0.0002069746	0.0001968185	0.0001943679	0.0001936773	0.0001902059	0.0001842059	0.0001837072	0.0001770429	0.0001769084	0.0001766307
207	0.7342665	0.7267933	0.6623901	0.6088151	0.5643565	0.5502123	0.466507	0.4080866	0.3906305	0.3880536	0.3334593	0.3272076	0.2202303	0.2184853	0.2061793	0.2020599	0.0587169	0.002299861	0.000433934	0.0002371091	0.0002330642	0.0002057307	0.0001957108	0.000193802	0.0001931701	0.0001903373	0.0001840678	0.0001835967	0.000177405	0.000177271
208	0.7103275	0.6866531	0.6792126	0.613453	0.5868799	0.542661	0.5278722	0.4419165	0.3820878	0.3647728	0.3620819	0.3062415	0.2998839	0.1896391	0.1878667	0.1763002	0.1724093	0.04267226	0.002243274	0.0004355416	0.0002345293	0.0002305244	0.0002023717	0.0002014441	0.0001994824	0.0001988235	0.0001959483	0.0001893815	0.0001888905	0.0001826116
209	0.6164776	0.6002003	0.5831241	0.5763692	0.5432351	0.5177272	0.4823171	0.4801881	0.3979732	0.3473756	0.3320587	0.3313126	0.2764431	0.2700621	0.1546386	0.1528143	0.1416342	0.1378621	0.02449404	0.002194573	0.0004379007	0.0002324228	0.0002284322	0.0001994999	0.0001985738	0.0001974269	0.0001968387	0.0001939287	0.0001938784	0.0001933829
210	0.5863341	0.5434054	0.5422863	0.5272765	0.5249612	0.4973314	0.4717498	0.4424386	0.4421637	0.3594368	0.3108415	0.2965878	0.2964539	0.2401977	0.2337022	0.1139787	0.1121308	0.1029883	0.09985078	0.01836047	0.001840887	0.0004410704	0.0002350453	0.0002311705	0.0002016547	0.0002007986	0.0001996803	0.0001996351	0.0001967579	0.000196714
211	0.5796	0.5276266	0.5009478	0.5000523	0.4848011	0.4828496	0.4550743	0.428357	0.4076171	0.4073644	0.3226177	0.2740068	0.2641906	0.2640627	0.2059636	0.1993975	0.07349867	0.07161593	0.06293091	0.05993813	0.01233718	0.001622234	0.0003850128	0.0002361031	0.0002323627	0.0002025672	0.0002017255	0.000200741	0.0002006982	0.0001978693
212	0.9025229	0.5272509	0.4770674	0.456851	0.4559708	0.4403155	0.4386501	0.4102251	0.3821207	0.3711831	0.370946	0.283036	0.2334793	0.2321904	0.2320666	0.1715372	0.1647749	0.03181033	0.02986935	0.02132932	0.01837933	0.006400369	0.001612139	0.0003956322	0.0002411796	0.0002375992	0.000207033	0.0002061852	0.0002052243	0.0002051817
213	0.9536756	0.8552479	0.4773249	0.4253645	0.4050793	0.4041767	0.3886086	0.3869639	0.3630061	0.360258	0.3493706	0.349139	0.2654978	0.2227034	0.2216072	0.2214972	0.1700012	0.1638195	0.02431999	0.02257388	0.01650556	0.01438451	0.005331448	0.001348906	0.0003635718	0.0002109152	0.0002077213	0.0001806767	0.0001799939	0.0001790534
214	0.7802901	0.75111	0.6635082	0.2823266	0.2343482	0.2194627	0.2186339	0.2103062	0.2097352	0.1924069	0.1904797	0.1862817	0.1860809	0.1083097	0.0736958	0.07282091	0.0727256	0.02412214	0.01888954	0.01443714	0.01289579	0.01002609	0.008965466	0.003417509	0.0007872903	0.0003184622	0.0001768079	0.0001741928	0.00015318	0.0001526928
215	0.6727516	0.6597616	0.6285444	0.549191	0.1689604	0.1546623	0.1525231	0.1522165	0.1446817	0.1441825	0.1309494	0.1295923	0.125946	0.125763	0.05543087	0.03001967	0.02937958	0.02930378	0.01823632	0.01367358	0.01011801	0.009490628	0.007185496	0.006354921	0.002002949	0.0006912799	0.0002568523	0.0001290396	0.0001267712	0.0001117785
216	0.1185938	0.1153429	0.1087239	0.1079056	0.1047529	0.07721026	0.06419554	0.0626591	0.06246819	0.06076108	0.0604669	0.05150174	0.05064157	0.04834041	0.04820739	0.03102266	0.01620077	0.0158328	0.01577908	0.009538466	0.008164343	0.005504739	0.005139905	0.003590451	0.003029485	0.001232134	0.0004803554	0.0001568963	7.532628e-05	7.398105e-05
217	0.03543913	0.02655499	0.02573015	0.02393487	0.02335862	0.02235489	0.01766797	0.01741201	0.01601393	0.01593289	0.01564169	0.01548383	0.01440319	0.01411109	0.0133504	0.01326891	0.009295981	0.006471496	0.006383749	0.006355172	0.005121914	0.004848546	0.003187032	0.00311534	0.002157912	0.001845432	0.0006961255	0.0002201347	3.603807e-05	1.311022e-05
218	0.3396984	0.0175291	0.01039009	0.01004162	0.008606069	0.00799836	0.007485841	0.006891282	0.006818165	0.006790084	0.006747279	0.006700943	0.006583099	0.00650961	0.006464202	0.006250662	0.006183311	0.004725794	0.004303778	0.004274936	0.004249834	0.004198732	0.004154855	0.002592018	0.002578513	0.00177596	0.001524989	0.0005449263	0.0001437204	1.488591e-06
219	0.4271239	0.2928816	0.01592797	0.009188899	0.008888696	0.00743255	0.007393964	0.00684657	0.006252821	0.006178518	0.006150673	0.006148904	0.006104816	0.00607621	0.006020103	0.00597405	0.005796358	0.005794708	0.004231748	0.003895649	0.003875141	0.003874688	0.003834671	0.003791873	0.002083836	0.002070335	0.001401824	0.001193049	0.0003874936	8.223216e-05
220	0.2154804	0.1947707	0.1247718	0.008055167	0.004137188	0.003941469	0.003783844	0.003772196	0.003715026	0.003665447	0.003650369	0.003642128	0.003641418	0.003611539	0.003598734	0.003574649	0.003564059	0.003494352	0.003493383	0.001783819	0.001538207	0.001524264	0.001523953	0.001488805	0.001481653	0.001462343	0.001448405	0.0009537531	0.0007990587	0.0002160299
221	0.7356601	0.1689477	0.1483226	0.09121335	0.007663914	0.003775303	0.003617681	0.003486106	0.003476591	0.003424335	0.003391467	0.003378802	0.003372148	0.00337166	0.003341542	0.003331822	0.003317012	0.003308714	0.003257466	0.003256753	0.001348041	0.001152036	0.001141674	0.001141441	0.0011333	0.00112769	0.001112466	0.00111116	0.0007113092	0.0005863823
222	0.2236741	0.2165236	0.07781055	0.07659503	0.04838407	0.00160282	0.0009817948	0.0009654654	0.0009296436	0.0009289386	0.0009189831	0.0008952322	0.0008912427	0.0008889378	0.000888615	0.0008837389	0.0008779637	0.0008712323	0.0008632787	0.0008315731	0.0008311279	0.0008110016	0.0006814641	0.0006753798	0.0006752287	0.000668603	0.0006656743	0.0006558188	0.0006549437	0.000407055
223	0.07195415	0.05345213	0.04989153	0.01635169	0.01603989	0.009174157	0.0004359996	0.0002569343	0.0002521504	0.0002400492	0.0002398652	0.0002363258	0.0002192583	0.0002179271	0.0002173159	0.0002171467	0.0002154611	0.0002142056	0.0002095546	0.0002033047	0.0001938455	0.0001937079	0.0001811333	0.000141674	0.000140263	0.0001402071	0.0001352154	0.0001336229	0.0001304254	0.0001300331
224	0.1612396	0.05648501	0.03947795	0.03565934	0.007978016	0.00773966	0.003705984	0.0002117414	0.0001609067	0.0001569902	0.0001476752	0.0001475488	0.0001446334	0.0001260209	0.0001249799	0.0001245925	0.0001244243	0.0001229437	0.0001223486	0.0001173123	0.0001099925	0.0001033244	0.0001032229	8.927348e-05	6.139647e-05	6.062418e-05	6.057733e-05	5.507734e-05	5.349475e-05	5.11626e-05
225	0.6023161	0.09330518	0.016034	0.01378675	0.01346381	0.005141855	0.005049432	0.003132277	0.0001817076	0.0001396149	0.0001364483	0.0001261528	0.0001260382	0.0001231968	0.0001042605	0.0001032495	0.0001028915	0.0001027006	0.0001013062	0.0001007573	9.572332e-05	9.508799e-05	8.800401e-05	8.789651e-05	7.380332e-05	5.357843e-05	5.286177e-05	5.28171e-05	4.722921e-05	4.560294e-05
226	0.4658131	0.4589812	0.06468021	0.01191691	0.01048569	0.01022986	0.00369243	0.003616909	0.002275421	0.0001437081	0.0001175355	0.0001145215	0.0001120712	0.0001119511	0.0001091053	8.96423e-05	8.865707e-05	8.833385e-05	8.810515e-05	8.675235e-05	8.627607e-05	8.122946e-05	8.060145e-05	7.363966e-05	7.352195e-05	5.917664e-05	4.102677e-05	4.043576e-05	4.039483e-05	3.467834e-05
227	0.3346052	0.2788815	0.2753492	0.0275736	0.008095766	0.007265094	0.007049267	0.001547937	0.001482947	0.0009220392	0.0001266987	0.0001158299	0.0001122786	0.0001104017	0.0001103525	0.000106884	8.07956e-05	7.961922e-05	7.928307e-05	7.901377e-05	7.732971e-05	7.695538e-05	7.022777e-05	6.942414e-05	6.117793e-05	6.104656e-05	4.177842e-05	2.290303e-05	2.238146e-05	2.233778e-05
228	0.5922927	0.2544278	0.2121307	0.2096205	0.01800683	0.006690054	0.006047578	0.0058565	0.0009974468	0.0009396101	0.0005803371	0.000113802	0.0001068885	0.0001034573	0.0001018528	0.0001018091	9.84568e-05	7.267482e-05	7.153822e-05	7.122473e-05	7.095915e-05	6.93256e-05	6.900457e-05	6.235835e-05	6.157078e-05	5.361931e-05	5.349225e-05	3.443614e-05	1.66779e-05	1.620421e-05
