#unpaired probabilities
 #i$	l=1	2	3	4	5	6	7	8	9	10	11	12	13	14	15	16	17	18	19	20	21	22	23	24	25	26	27	28	29	30	
1	0.9999944	NA	NA	NA	NA	NA	NA	NA	NA	NA	NA	NA	NA	NA	NA	NA	NA	NA	NA	NA	NA	NA	NA	NA	NA	NA	NA	NA	NA	NA
2	0.9989669	0.9989612	NA	NA	NA	NA	NA	NA	NA	NA	NA	NA	NA	NA	NA	NA	NA	NA	NA	NA	NA	NA	NA	NA	NA	NA	NA	NA	NA	NA
3	0.9994226	0.9983899	0.9983839	NA	NA	NA	NA	NA	NA	NA	NA	NA	NA	NA	NA	NA	NA	NA	NA	NA	NA	NA	NA	NA	NA	NA	NA	NA	NA	NA
4	0.9998421	0.9992648	0.9982322	0.9982262	NA	NA	NA	NA	NA	NA	NA	NA	NA	NA	NA	NA	NA	NA	NA	NA	NA	NA	NA	NA	NA	NA	NA	NA	NA	NA
5	0.9987179	0.9983525	0.9977671	0.9967424	0.9966373	NA	NA	NA	NA	NA	NA	NA	NA	NA	NA	NA	NA	NA	NA	NA	NA	NA	NA	NA	NA	NA	NA	NA	NA	NA
6	0.9982679	0.9979679	0.997511	0.996904	0.9959331	0.9957993	NA	NA	NA	NA	NA	NA	NA	NA	NA	NA	NA	NA	NA	NA	NA	NA	NA	NA	NA	NA	NA	NA	NA	NA
7	0.9986403	0.9981808	0.9978692	0.9973991	0.996791	0.9958186	0.99568	NA	NA	NA	NA	NA	NA	NA	NA	NA	NA	NA	NA	NA	NA	NA	NA	NA	NA	NA	NA	NA	NA	NA
8	0.9988157	0.9986327	0.9981722	0.9978592	0.9973875	0.9967794	0.995807	0.9956676	NA	NA	NA	NA	NA	NA	NA	NA	NA	NA	NA	NA	NA	NA	NA	NA	NA	NA	NA	NA	NA	NA
9	0.9985066	0.9982698	0.9980178	0.9974551	0.996999	0.9964704	0.9961357	0.9957827	0.9956428	NA	NA	NA	NA	NA	NA	NA	NA	NA	NA	NA	NA	NA	NA	NA	NA	NA	NA	NA	NA	NA
10	0.999339	0.9983122	0.9980766	0.9978244	0.9972614	0.9968049	0.9962759	0.9959413	0.9955883	0.9954484	NA	NA	NA	NA	NA	NA	NA	NA	NA	NA	NA	NA	NA	NA	NA	NA	NA	NA	NA	NA
11	0.997494	0.9972291	0.9962106	0.9959607	0.9956897	0.995285	0.9948297	0.9943022	0.9939683	0.993616	0.9934765	NA	NA	NA	NA	NA	NA	NA	NA	NA	NA	NA	NA	NA	NA	NA	NA	NA	NA	NA
12	0.1290284	0.1271909	0.1271125	0.1267016	0.1267531	0.1268728	0.1270328	0.1272332	0.127401	0.1273798	0.1273593	0.1274101	NA	NA	NA	NA	NA	NA	NA	NA	NA	NA	NA	NA	NA	NA	NA	NA	NA	NA
13	0.003353732	0.002643219	0.002514223	0.002526532	0.002224955	0.002286086	0.002409485	0.0025769	0.002790115	0.003014953	0.00303884	0.003067998	0.003152598	NA	NA	NA	NA	NA	NA	NA	NA	NA	NA	NA	NA	NA	NA	NA	NA	NA
14	0.02463415	0.001649014	0.001485514	0.001493352	0.001511838	0.001205839	0.001259267	0.001372262	0.001525919	0.001720823	0.001927583	0.001950932	0.001980011	0.002062531	NA	NA	NA	NA	NA	NA	NA	NA	NA	NA	NA	NA	NA	NA	NA	NA
15	0.06967769	0.01873635	0.001428507	0.001320185	0.001338816	0.001372113	0.001084288	0.001137909	0.00124883	0.001399486	0.001590524	0.001793478	0.001816697	0.0018457	0.001927659	NA	NA	NA	NA	NA	NA	NA	NA	NA	NA	NA	NA	NA	NA	NA
16	0.1130857	0.0603828	0.01653225	0.001350182	0.001263505	0.001282613	0.001321116	0.001034319	0.001087085	0.001196695	0.00134557	0.00153432	0.001735	0.001758146	0.001787103	0.001868754	NA	NA	NA	NA	NA	NA	NA	NA	NA	NA	NA	NA	NA	NA
17	0.1637933	0.1101252	0.05950737	0.01628186	0.001311232	0.001224157	0.001241542	0.001300837	0.001018705	0.001070646	0.00117853	0.001325035	0.001510779	0.001708441	0.001731573	0.001760546	0.00184221	NA	NA	NA	NA	NA	NA	NA	NA	NA	NA	NA	NA	NA
18	0.4084966	0.1623081	0.1098055	0.05933492	0.01622034	0.001283504	0.001194658	0.001212407	0.001278793	0.001011821	0.001064972	0.001172307	0.001317882	0.001502426	0.001698849	0.001721916	0.001750815	0.001832257	NA	NA	NA	NA	NA	NA	NA	NA	NA	NA	NA	NA
19	0.2400018	0.1937257	0.1453504	0.09859004	0.05306294	0.01413546	0.0005066297	0.0003709671	0.0003434939	0.0003266204	0.0003235513	0.0003296317	0.0003387763	0.0003498841	0.0003567311	0.0003640911	0.000364952	0.0003660209	0.0003692802	NA	NA	NA	NA	NA	NA	NA	NA	NA	NA	NA
20	0.006930715	0.003651682	0.002398742	0.0006483243	0.000444799	0.0002508639	8.752994e-05	3.060671e-05	3.235527e-05	5.53894e-06	4.293103e-06	3.918894e-06	4.175717e-06	4.599597e-06	5.167198e-06	5.920118e-06	6.727045e-06	6.822388e-06	6.943688e-06	7.283926e-06	NA	NA	NA	NA	NA	NA	NA	NA	NA	NA
21	0.01222051	0.0008842022	0.0003380649	0.0002802795	0.0001690306	0.0001215764	7.662374e-05	3.856916e-05	2.639329e-05	2.839099e-05	1.580653e-06	5.002124e-07	4.615212e-07	4.758125e-07	5.032465e-07	5.405302e-07	5.907694e-07	6.43039e-07	6.473878e-07	6.527635e-07	6.680685e-07	NA	NA	NA	NA	NA	NA	NA	NA	NA
22	0.05756592	0.01134132	0.0003373355	0.0002615543	0.0002163423	0.0001648784	0.0001188267	7.509831e-05	3.810482e-05	2.628673e-05	2.828495e-05	1.492054e-06	4.2434e-07	3.971706e-07	4.066452e-07	4.254791e-07	4.510127e-07	4.857451e-07	5.217513e-07	5.244738e-07	5.278136e-07	5.37256e-07	NA	NA	NA	NA	NA	NA	NA	NA
23	0.009742279	0.004999174	0.001000907	8.520089e-05	5.317568e-05	4.296747e-05	3.220602e-05	2.874555e-05	2.662048e-05	2.519635e-05	2.588422e-05	2.801159e-05	1.219163e-06	1.689181e-07	1.431568e-07	1.518588e-07	1.694063e-07	1.931824e-07	2.255955e-07	2.592655e-07	2.6185e-07	2.649899e-07	2.736626e-07	NA	NA	NA	NA	NA	NA	NA
24	0.07854536	0.007509921	0.004169641	0.0008357087	8.109364e-05	4.98096e-05	4.018388e-05	3.008333e-05	2.730407e-05	2.584553e-05	2.498983e-05	2.587746e-05	2.800687e-05	1.214393e-06	1.643831e-07	1.386536e-07	1.472886e-07	1.647447e-07	1.88401e-07	2.206524e-07	2.541562e-07	2.567279e-07	2.59854e-07	2.684801e-07	NA	NA	NA	NA	NA	NA
25	0.4284986	0.06981401	0.007193517	0.003973832	0.0008077602	7.909429e-05	4.888154e-05	3.95485e-05	2.979909e-05	2.711224e-05	2.574198e-05	2.496153e-05	2.587545e-05	2.800503e-05	1.212482e-06	1.631994e-07	1.375544e-07	1.461371e-07	1.635055e-07	1.870412e-07	2.19134e-07	2.524723e-07	2.550303e-07	2.581407e-07	2.667103e-07	NA	NA	NA	NA	NA
26	0.5843141	0.3265318	0.05985138	0.006222214	0.003481432	0.0007056264	5.644044e-05	3.773729e-05	3.435166e-05	2.884489e-05	2.647538e-05	2.539744e-05	2.486598e-05	2.586523e-05	2.799509e-05	1.201931e-06	1.528225e-07	1.269757e-07	1.345285e-07	1.504722e-07	1.720959e-07	2.01723e-07	2.324941e-07	2.348876e-07	2.378016e-07	2.458278e-07	NA	NA	NA	NA
27	0.7395957	0.5832903	0.3260801	0.05948984	0.006150236	0.003417835	0.0007030756	5.593922e-05	3.751802e-05	3.420264e-05	2.882675e-05	2.646333e-05	2.539086e-05	2.486405e-05	2.586485e-05	2.799469e-05	1.201506e-06	1.523731e-07	1.265328e-07	1.340361e-07	1.499144e-07	1.714563e-07	2.00969e-07	2.316233e-07	2.340092e-07	2.369138e-07	2.449129e-07	NA	NA	NA
28	0.9186575	0.6853933	0.5711959	0.317867	0.05541545	0.005493103	0.003039881	0.0006182414	5.313495e-05	3.586982e-05	3.29251e-05	2.804438e-05	2.5928e-05	2.509544e-05	2.477367e-05	2.58426e-05	2.797149e-05	1.176412e-06	1.249283e-07	1.072592e-07	1.126653e-07	1.257094e-07	1.448088e-07	1.69519e-07	1.956269e-07	1.980899e-07	2.010599e-07	2.094327e-07	NA	NA
29	0.8087543	0.8025146	0.6105272	0.5111189	0.2786234	0.03404851	0.001856727	0.001000116	0.0001913819	1.924477e-05	7.291278e-06	5.217609e-06	2.721173e-06	2.120992e-06	1.553167e-06	1.083027e-06	9.718987e-07	1.050302e-06	1.128154e-06	9.167889e-08	7.228105e-08	7.693418e-08	8.628688e-08	1.000425e-07	1.182344e-07	1.377256e-07	1.400815e-07	1.429997e-07	1.513519e-07	NA
30	0.573117	0.480596	0.4748339	0.2899428	0.2797787	0.2780002	0.03373264	0.001816937	0.0009786413	0.0001867238	1.849084e-05	6.610302e-06	4.53031e-06	2.029876e-06	1.412977e-06	8.203939e-07	3.117245e-07	1.488488e-07	1.588219e-07	1.558333e-07	9.060088e-08	7.11681e-08	7.570959e-08	8.513431e-08	9.871161e-08	1.167012e-07	1.359531e-07	1.382833e-07	1.411689e-07	1.49437e-07
31	0.7951253	0.405714	0.3983662	0.3969595	0.2832048	0.279481	0.2778159	0.03364713	0.001803097	0.0009710508	0.0001852824	1.832965e-05	6.487059e-06	4.439999e-06	2.011401e-06	1.399247e-06	8.109232e-07	3.058213e-07	1.438515e-07	1.534246e-07	1.49948e-07	8.413033e-08	7.058509e-08	7.505737e-08	8.439671e-08	9.785655e-08	1.156895e-07	1.347746e-07	1.370854e-07	1.399468e-07
32	0.2445531	0.2341679	0.1547321	0.1504294	0.1492053	0.05825348	0.05505462	0.04452194	0.03356028	0.001789578	0.0009634312	0.0001839046	1.827224e-05	6.441137e-06	4.399619e-06	1.982177e-06	1.373878e-06	7.891708e-07	2.937739e-07	1.322745e-07	1.409437e-07	1.486338e-07	8.268879e-08	6.902136e-08	7.436606e-08	8.361061e-08	9.694369e-08	1.146087e-07	1.335099e-07	1.357876e-07
33	0.2956992	0.1905561	0.1810242	0.1293211	0.1257157	0.1246288	0.03503165	0.03206065	0.02175434	0.01098347	0.001573119	0.0008398461	0.0001588815	1.764609e-05	5.93466e-06	3.979427e-06	1.658838e-06	1.152754e-06	6.711991e-07	2.610864e-07	1.302915e-07	1.392416e-07	1.468471e-07	8.122882e-08	6.747307e-08	7.27034e-08	8.18999e-08	9.504788e-08	1.124885e-07	1.311351e-07
34	0.3714729	0.2729778	0.1691334	0.1605984	0.1286263	0.1251261	0.1240433	0.03455344	0.03159102	0.02139125	0.01073162	0.001442105	0.0008250852	0.0001558751	1.757435e-05	5.873473e-06	3.928515e-06	1.620209e-06	1.126508e-06	6.570752e-07	2.573239e-07	1.30169e-07	1.391562e-07	1.467605e-07	8.114073e-08	6.738534e-08	7.261364e-08	8.180759e-08	9.49528e-08	1.12389e-07
35	0.3470689	0.3455691	0.2511597	0.1476925	0.1392544	0.1276287	0.124573	0.1234962	0.03423717	0.03136486	0.02123241	0.0106423	0.001414813	0.0008024137	0.0001544829	1.753076e-05	5.835263e-06	3.894675e-06	1.60376e-06	1.115463e-06	6.510886e-07	2.556592e-07	1.299759e-07	1.389664e-07	1.465561e-07	8.091873e-08	6.714209e-08	7.234357e-08	8.15031e-08	9.460229e-08
36	0.3553897	0.3423883	0.3409152	0.2466564	0.1471698	0.1387362	0.127316	0.1244077	0.1233311	0.03408772	0.03121953	0.02113653	0.01059826	0.00140781	0.0007985101	0.0001537242	1.751565e-05	5.822653e-06	3.884271e-06	1.596262e-06	1.110321e-06	6.482411e-07	2.547723e-07	1.297149e-07	1.38692e-07	1.462579e-07	8.059197e-08	6.679121e-08	7.195035e-08	8.105557e-08
37	0.4246798	0.3428348	0.332667	0.331355	0.2393196	0.14	0.133256	0.1220131	0.1191165	0.1181473	0.02893008	0.02617574	0.01725291	0.007923955	0.001244933	0.0007068971	0.0001376332	1.709535e-05	5.489408e-06	3.602353e-06	1.364382e-06	9.315168e-07	5.208134e-07	1.701332e-07	5.946034e-08	6.291961e-08	6.675916e-08	7.315586e-08	5.856892e-08	6.27376e-08
38	0.8552429	0.2919057	0.2394943	0.2294982	0.2281923	0.2185744	0.1351709	0.1284289	0.1215003	0.1190843	0.1181151	0.02889793	0.02614683	0.01723324	0.007913953	0.001241758	0.0007058194	0.0001374721	1.70927e-05	5.487191e-06	3.600513e-06	1.362947e-06	9.305315e-07	5.20258e-07	1.699446e-07	5.938756e-08	6.284233e-08	6.667508e-08	7.30636e-08	5.850911e-08
39	0.796821	0.7601478	0.1978583	0.1458429	0.136086	0.1347907	0.1282758	0.1265979	0.1198794	0.1195451	0.1189597	0.1179905	0.02877333	0.02602264	0.01715112	0.007875929	0.00123545	0.0007021518	0.0001367365	1.707035e-05	5.466302e-06	3.580803e-06	1.344489e-06	9.134151e-07	5.043396e-07	1.548071e-07	4.370301e-08	4.585819e-08	4.814796e-08	5.268485e-08
40	0.8161062	0.7838756	0.7496026	0.1882426	0.1373581	0.128161	0.1274422	0.121226	0.1197319	0.1189924	0.1186696	0.118086	0.1172775	0.0282317	0.02548105	0.01678861	0.007716421	0.001210744	0.0006882737	0.0001343363	1.701869e-05	5.422791e-06	3.544307e-06	1.315522e-06	8.926371e-07	4.915544e-07	1.488125e-07	3.969603e-08	4.154864e-08	4.512421e-08
41	0.5541053	0.3788961	0.3489274	0.3155292	0.1513748	0.1156251	0.1098962	0.1093973	0.1045329	0.1031435	0.1028502	0.1026029	0.1020616	0.101961	0.01292214	0.01017682	0.006794684	0.003269249	0.0005213884	0.0002963234	5.773423e-05	3.555108e-06	2.825089e-06	2.63124e-06	6.06654e-07	4.057317e-07	2.218191e-07	6.464725e-08	1.332848e-08	1.376016e-08
42	0.8992708	0.466466	0.3766435	0.3469323	0.3135805	0.1499563	0.1142198	0.1087434	0.1082518	0.1035717	0.1024234	0.1021326	0.1019821	0.1019495	0.1018489	0.01281008	0.01006476	0.006719447	0.003232642	0.0005128909	0.0002899545	5.361986e-05	3.544424e-06	2.816149e-06	2.623827e-06	6.009006e-07	4.017873e-07	2.196455e-07	6.398705e-08	1.315179e-08
43	0.06879809	0.06063196	0.05717463	0.04995851	0.04855464	0.03484908	0.03337413	0.005121466	0.003798475	0.003749908	0.003476651	0.003368346	0.003344006	0.003316394	0.00331385	0.003291144	0.003288368	0.0007801421	0.0005195478	0.0002564614	4.135382e-05	2.341037e-05	4.397299e-06	1.245281e-07	9.451749e-08	8.025979e-08	6.513091e-08	3.571617e-08	1.941931e-08	5.534521e-09
44	0.01495064	0.01369342	0.01330589	0.01316945	0.01306483	0.01283362	0.01270075	0.0124192	0.001296363	0.0004027399	0.0003802204	0.0002582877	0.0001852348	0.0001718402	0.0001504165	0.0001498658	0.0001275719	0.0001270216	0.0001267387	8.266576e-05	4.668549e-05	7.941698e-06	4.531379e-06	9.251578e-07	2.171988e-08	1.845434e-08	1.537656e-08	1.193556e-08	8.129457e-09	4.345972e-09
45	0.04683974	0.01360042	0.01296902	0.0126272	0.01252924	0.01247387	0.01231711	0.01230728	0.0120362	0.0009711266	0.0003414426	0.0003243793	0.0002097851	0.0001437588	0.0001326799	0.0001114187	0.0001108911	0.0001106844	0.0001101488	0.0001100701	7.816732e-05	4.438672e-05	7.56791e-06	4.319623e-06	8.851905e-07	2.06932e-08	1.764438e-08	1.469661e-08	1.139823e-08	7.745612e-09
46	0.05500541	0.006418265	0.002090245	0.001880135	0.001555628	0.001458192	0.001403446	0.001260763	0.001252979	0.0009826979	0.0009663807	0.0003373866	0.0003215067	0.0002074999	0.0001424221	0.0001314519	0.0001101986	0.0001096729	0.0001095794	0.000109572	0.0001094933	7.774946e-05	4.41834e-05	7.533689e-06	4.300145e-06	8.813445e-07	2.060939e-08	1.757375e-08	1.463772e-08	1.135251e-08
47	0.1078461	0.04176679	0.005830305	0.001782676	0.001588493	0.001317702	0.001221155	0.001166798	0.001136563	0.001131052	0.000861913	0.000846013	0.0003350177	0.0003193415	0.0002055723	0.0001406443	0.0001300436	0.0001088194	0.0001082971	0.0001082764	0.0001082719	0.000108247	7.703362e-05	4.383319e-05	7.478734e-06	4.269115e-06	8.756797e-07	2.043788e-08	1.7462e-08	1.454661e-08
48	0.5444345	0.1062984	0.04086035	0.005475604	0.001478556	0.001286685	0.00127985	0.001183926	0.001129577	0.001128352	0.001127144	0.0008581304	0.0008432669	0.0003324444	0.0003172966	0.0002036106	0.0001389613	0.0001299174	0.0001086955	0.0001081737	0.00010817	0.0001081676	0.0001081427	7.696056e-05	4.379367e-05	7.472124e-06	4.265361e-06	8.749529e-07	2.042149e-08	1.744808e-08
49	0.7225772	0.3098264	0.101914	0.03771633	0.004854407	0.001402482	0.001223409	0.00121677	0.001122812	0.00111951	0.001118312	0.001117113	0.0008525046	0.0008379979	0.000327929	0.0003128027	0.0001993984	0.0001362725	0.0001272645	0.0001061139	0.0001056065	0.0001056029	0.0001056005	0.0001055759	7.510335e-05	4.27228e-05	7.280436e-06	4.161672e-06	8.532829e-07	1.987401e-08
50	0.7036834	0.680569	0.2729472	0.06807056	0.02375681	0.001924073	0.001151121	0.001119167	0.001112708	0.001072613	0.001069525	0.001068345	0.001067153	0.0008311705	0.0008167336	0.0003068123	0.0002916907	0.000179052	0.0001159384	0.000106942	0.0001055653	0.0001050973	0.0001050938	0.0001050914	0.0001050667	7.473619e-05	4.251259e-05	7.243113e-06	4.139465e-06	8.49043e-07
51	0.6860004	0.6449603	0.6241566	0.2424294	0.0554663	0.02082192	0.001648849	0.00100841	0.0009860134	0.0009801952	0.0009642088	0.000961298	0.0009602232	0.0009590677	0.000813068	0.0008001216	0.0002933759	0.0002783451	0.0001678047	0.0001047062	9.585922e-05	9.464986e-05	9.429023e-05	9.428705e-05	9.428484e-05	9.426129e-05	6.693547e-05	3.804157e-05	6.479348e-06	3.702023e-06
52	0.6415943	0.484023	0.4548466	0.4359371	0.1540131	0.03206843	0.01062136	0.001214605	0.0008432065	0.000828462	0.0008252347	0.0008172098	0.0008152251	0.0008145786	0.0008135704	0.000744965	0.0007380746	0.0002442376	0.0002295752	0.0001227894	5.976224e-05	5.152265e-05	5.060395e-05	5.041195e-05	5.04102e-05	5.040873e-05	5.038949e-05	3.525666e-05	1.987541e-05	3.376056e-06
53	0.4699906	0.4347664	0.3551929	0.3417276	0.3238195	0.1096262	0.0221928	0.006274478	0.001005676	0.0007607027	0.000749968	0.0007481373	0.0007429682	0.0007423702	0.000741953	0.000741024	0.0007079463	0.0007040423	0.0002170117	0.0002025469	9.824168e-05	3.527368e-05	2.735488e-05	2.6582e-05	2.647858e-05	2.647758e-05	2.647647e-05	2.645927e-05	1.860106e-05	1.03281e-05
54	0.3108291	0.3087248	0.3010449	0.2534515	0.2443235	0.2282561	0.08176704	0.01730094	0.003844673	0.0004038623	0.000231169	0.000224031	0.0002228682	0.0002194131	0.0002189932	0.0002187566	0.0002183259	0.0001976465	0.0001956131	0.0001912879	0.0001911008	8.764502e-05	2.469122e-05	1.690692e-05	1.619604e-05	1.613017e-05	1.612964e-05	1.612927e-05	1.612591e-05	1.130303e-05
55	0.3312775	0.2628114	0.2617254	0.2580254	0.224902	0.2171432	0.2013923	0.07041805	0.01369265	0.002409268	0.0002267654	0.0001086303	0.0001034836	0.0001026325	0.0001006873	0.0001004768	0.0001002899	9.987624e-05	8.733003e-05	8.599729e-05	8.31654e-05	8.302093e-05	8.200779e-05	1.948892e-05	1.177491e-05	1.109773e-05	1.105152e-05	1.105116e-05	1.105087e-05	1.104801e-05
56	0.8693457	0.2829963	0.2194891	0.2189437	0.2164074	0.1921699	0.1860694	0.1837977	0.06332033	0.01198927	0.001643534	0.0001289951	3.290282e-05	2.873484e-05	2.820933e-05	2.730253e-05	2.717671e-05	2.709544e-05	2.671048e-05	1.888906e-05	1.803812e-05	1.630579e-05	1.61932e-05	1.556647e-05	1.554161e-05	7.87943e-06	7.225782e-06	7.19394e-06	7.193697e-06	7.193469e-06
57	0.1436904	0.1403152	0.1373819	0.1261842	0.1259813	0.1257037	0.1147761	0.1134104	0.1117048	0.04225265	0.01099907	0.001231164	8.993063e-05	1.677785e-05	1.395307e-05	1.368443e-05	1.314142e-05	1.305951e-05	1.301894e-05	1.300244e-05	7.473644e-06	6.909592e-06	5.813465e-06	5.773244e-06	5.358532e-06	5.337178e-06	5.280271e-06	4.639975e-06	4.616332e-06	4.616196e-06
58	0.229692	0.1416957	0.1388457	0.1367193	0.1256699	0.1254815	0.1252306	0.1143248	0.1129615	0.1112691	0.04203706	0.01095255	0.001187502	5.524804e-05	1.617506e-05	1.341782e-05	1.315054e-05	1.261768e-05	1.254159e-05	1.250135e-05	1.248501e-05	6.972312e-06	6.409343e-06	5.315213e-06	5.275083e-06	4.86553e-06	4.844189e-06	4.787392e-06	4.627548e-06	4.606725e-06
59	0.817146	0.1386356	0.1157848	0.1148016	0.1134294	0.1064306	0.1062914	0.1060702	0.09570589	0.09440186	0.09272747	0.03629791	0.01082197	0.001132754	5.045096e-05	1.493072e-05	1.250002e-05	1.225342e-05	1.176513e-05	1.169533e-05	1.165796e-05	1.164271e-05	6.412155e-06	5.889319e-06	4.85952e-06	4.822655e-06	4.46428e-06	4.443465e-06	4.390092e-06	4.233334e-06
60	0.2224476	0.2056393	0.108769	0.09273923	0.09192174	0.09101939	0.08576413	0.08570181	0.08558279	0.08131109	0.08068901	0.08035069	0.03138294	0.009756544	0.0006664363	3.087552e-05	7.803596e-06	5.781658e-06	5.653826e-06	5.406986e-06	5.36977e-06	5.351976e-06	5.343578e-06	3.2906e-06	3.044419e-06	2.602497e-06	2.582952e-06	2.390817e-06	2.372783e-06	2.348409e-06
61	0.4525933	0.1986092	0.1844305	0.08885873	0.08312379	0.08298144	0.08209653	0.07696502	0.07691488	0.07680588	0.07256892	0.07194968	0.07161239	0.02276765	0.001160587	0.0006547309	3.06301e-05	7.748104e-06	5.729131e-06	5.601941e-06	5.356725e-06	5.320109e-06	5.302425e-06	5.294065e-06	3.258402e-06	3.013706e-06	2.574912e-06	2.555457e-06	2.364422e-06	2.361318e-06
62	0.9382479	0.4440412	0.1963691	0.1824021	0.08721432	0.08185365	0.08172851	0.0808506	0.07654428	0.076497	0.07640699	0.07218195	0.07156391	0.07122867	0.02244569	0.0008703427	0.0003656393	2.646384e-05	7.626632e-06	5.627135e-06	5.500315e-06	5.25999e-06	5.223898e-06	5.206279e-06	5.197944e-06	3.168994e-06	2.924774e-06	2.486906e-06	2.467484e-06	2.279388e-06
63	0.9696407	0.9339578	0.4409519	0.1939193	0.1800298	0.08508494	0.07993466	0.07981356	0.07894256	0.07633226	0.07628722	0.07620985	0.07201011	0.07139429	0.0710605	0.0223858	0.0008476905	0.0003453563	2.516989e-05	7.530617e-06	5.550821e-06	5.424596e-06	5.187024e-06	5.151687e-06	5.134176e-06	5.125885e-06	3.10884e-06	2.865741e-06	2.430116e-06	2.410768e-06
64	0.9601141	0.9557821	0.9221025	0.429748	0.1857393	0.173623	0.07879407	0.07652221	0.07640827	0.07554854	0.07367367	0.0736322	0.07356991	0.0702888	0.06976245	0.06944069	0.02160418	0.0006695805	0.0002667618	2.181794e-05	6.308455e-06	4.391543e-06	4.28566e-06	4.099604e-06	4.069867e-06	4.055711e-06	4.048576e-06	2.567051e-06	2.371098e-06	2.035941e-06
65	0.9862407	0.957681	0.9534185	0.9208882	0.4287951	0.18523	0.1732699	0.07846406	0.07622823	0.0761158	0.07525677	0.07342433	0.07338321	0.07332217	0.07012183	0.06960333	0.06928262	0.02152175	0.0006498262	0.000256289	2.152568e-05	6.201905e-06	4.290408e-06	4.186302e-06	4.004477e-06	3.975349e-06	3.961486e-06	3.954453e-06	2.520172e-06	2.328349e-06
66	0.9870324	0.9763547	0.9500492	0.9458542	0.9144293	0.4225033	0.182927	0.1715478	0.07677304	0.0747287	0.07461974	0.0737618	0.07201045	0.07197062	0.07191534	0.0690129	0.06852286	0.06820599	0.02129343	0.000584256	0.0002293381	1.911161e-05	5.812346e-06	3.919793e-06	3.822129e-06	3.653652e-06	3.626545e-06	3.613745e-06	3.607078e-06	2.347883e-06
67	0.8286878	0.8207353	0.8175873	0.7974426	0.7934519	0.7675314	0.2756532	0.1806118	0.1695103	0.07485591	0.07303475	0.07293353	0.0720813	0.07084135	0.07080231	0.07074932	0.06794915	0.06746966	0.06715456	0.02108799	0.0005631011	0.000219709	1.814876e-05	5.131624e-06	3.769397e-06	3.674697e-06	3.514359e-06	3.488095e-06	3.475741e-06	3.469239e-06
68	0.7279336	0.7210326	0.7200917	0.7191029	0.7083056	0.7062933	0.6994169	0.2329213	0.1437223	0.1370361	0.06198827	0.06035834	0.06028479	0.0598779	0.05889626	0.05886588	0.05883204	0.0572908	0.05712812	0.057092	0.01934685	0.0004091898	0.0001537131	1.447532e-05	3.709678e-06	2.534473e-06	2.473956e-06	2.36282e-06	2.344688e-06	2.33639e-06
69	0.8704141	0.725909	0.719965	0.7190993	0.7181354	0.7074356	0.7054305	0.6986095	0.2321148	0.1435428	0.1368681	0.06182361	0.06024496	0.06017167	0.05976505	0.05880911	0.05877886	0.05874512	0.057207	0.05704465	0.0570086	0.01930942	0.0004005396	0.0001454156	1.242862e-05	3.693645e-06	2.529039e-06	2.468627e-06	2.358075e-06	2.339975e-06
70	0.9321112	0.8164038	0.7085712	0.703206	0.7024253	0.7015311	0.6916916	0.6910447	0.6848092	0.2183594	0.1303762	0.1237857	0.04874868	0.04724622	0.04718018	0.04679052	0.04586836	0.04584687	0.04581426	0.04430673	0.04414741	0.04411181	0.006483489	0.0003932383	0.0001414076	1.22753e-05	3.645499e-06	2.486297e-06	2.426639e-06	2.319515e-06
71	0.9654625	0.9307079	0.8156039	0.7080887	0.7028286	0.7020551	0.7011661	0.6913819	0.6907491	0.6845722	0.2181298	0.1301965	0.1236254	0.04859397	0.04709416	0.04703029	0.04664078	0.04572153	0.04570021	0.04566778	0.04416986	0.04401146	0.04397598	0.006402753	0.0003196331	0.0001399787	1.223289e-05	3.632429e-06	2.474234e-06	2.414791e-06
72	0.935514	0.9332233	0.8993999	0.8082096	0.7074704	0.7023208	0.7015559	0.7006811	0.690969	0.6903376	0.6841655	0.2177233	0.1300947	0.1235323	0.04850584	0.0470147	0.04695097	0.04656176	0.04566591	0.04564464	0.04561229	0.04411719	0.04395908	0.04392366	0.006385366	0.000312575	0.0001332406	1.194925e-05	3.623821e-06	2.468995e-06
73	0.9342151	0.9016159	0.9002694	0.8765485	0.7901954	0.7049037	0.7000556	0.6993317	0.6984872	0.6892887	0.6886679	0.6825122	0.2160722	0.1289654	0.1226523	0.04764793	0.04647063	0.0464077	0.04601989	0.04516505	0.04514424	0.04511348	0.04372154	0.04357376	0.04353996	0.006260227	0.0002922434	0.0001238674	1.152637e-05	3.471672e-06
74	0.9744579	0.932987	0.900587	0.899253	0.8755644	0.7892818	0.704796	0.6999588	0.6992385	0.6983957	0.6892166	0.6885964	0.6824434	0.2160035	0.1289222	0.1226178	0.04761398	0.04643993	0.04637709	0.04598936	0.04513605	0.04511527	0.04508459	0.04369605	0.0435486	0.04351486	0.006246421	0.000288484	0.0001206128	1.15098e-05
75	0.997457	0.9725594	0.9311888	0.8991245	0.8978018	0.8742027	0.7881101	0.704341	0.6995347	0.6988402	0.6980056	0.6889294	0.6883112	0.6821626	0.2157229	0.1287779	0.1225171	0.04751455	0.04634667	0.04628415	0.04589652	0.04504991	0.04502933	0.04499897	0.04363344	0.0434882	0.04345475	0.006225252	0.000280583	0.0001175088
76	0.9551599	0.9539992	0.9460275	0.917349	0.8857595	0.8844811	0.8625168	0.7775667	0.6964213	0.691648	0.6909586	0.6901285	0.6811126	0.6805024	0.6743605	0.207921	0.1282081	0.1219721	0.04697132	0.04601135	0.04594914	0.04556162	0.0449635	0.04494298	0.04491279	0.04355618	0.04341183	0.04337854	0.006209776	0.0002782494
77	0.5631092	0.5345652	0.533654	0.5275022	0.5022555	0.4739104	0.4729809	0.4510726	0.3662784	0.2893303	0.2845649	0.2840207	0.2835524	0.2745865	0.2739771	0.2678358	0.2078029	0.1281147	0.1219033	0.04690284	0.04594298	0.04588448	0.04555244	0.04495645	0.04493661	0.04490703	0.04355347	0.04340961	0.04337679	0.006208065
78	0.5288463	0.5193855	0.4911783	0.4903037	0.4843786	0.4593637	0.4312692	0.4303426	0.4084667	0.3237549	0.2473292	0.2425761	0.2420364	0.2415704	0.2326409	0.2320324	0.2258934	0.1658607	0.1279489	0.1217579	0.04675777	0.04586721	0.04580887	0.04547686	0.04488946	0.04486968	0.04484023	0.04349326	0.04335011	0.04331742
79	0.9658307	0.4953818	0.4870603	0.459596	0.458742	0.4530739	0.4284773	0.400821	0.399915	0.3781448	0.2937778	0.2209481	0.2162735	0.2157517	0.2153012	0.2066712	0.2060675	0.1999343	0.1399023	0.1274978	0.1214438	0.04644606	0.04563773	0.04557973	0.04524796	0.04470939	0.04468985	0.04466133	0.04338033	0.04324373
80	0.2522843	0.2484676	0.2365571	0.2305431	0.2112509	0.2109013	0.2059938	0.192626	0.1703697	0.1696879	0.1532293	0.1081517	0.08575013	0.08160263	0.08112177	0.08069987	0.07281641	0.07248921	0.07090664	0.07080792	0.05869733	0.05359172	0.04628215	0.04547499	0.04541973	0.04514426	0.04463125	0.0446124	0.04458542	0.04334509
81	0.2511492	0.2164455	0.2126193	0.2010088	0.1962388	0.1767586	0.1764323	0.1714029	0.1607098	0.1431953	0.1425308	0.1294652	0.09050724	0.07153632	0.06773995	0.06725441	0.06682535	0.05876999	0.05847394	0.05687613	0.05677797	0.0490283	0.04383423	0.03623951	0.03576868	0.03571349	0.03542962	0.03491133	0.03489537	0.03486769
82	0.9760978	0.2049286	0.1840398	0.1801543	0.1685322	0.1648947	0.1454847	0.1451853	0.1401334	0.1316718	0.1183629	0.1177139	0.1077081	0.07428794	0.06008236	0.05663209	0.05614924	0.05571801	0.04764553	0.04738081	0.04576253	0.04566445	0.04037729	0.03525572	0.02735329	0.02702371	0.02696829	0.02667495	0.02617755	0.02616422
83	0.1624194	0.158913	0.1144967	0.1105501	0.1071976	0.09864006	0.09632807	0.08239006	0.08217905	0.07805697	0.07308668	0.06471855	0.06418708	0.05789282	0.04249068	0.03610016	0.03355999	0.03317205	0.03282888	0.02642645	0.0262598	0.02465339	0.02463252	0.02088344	0.01727441	0.01720966	0.01698735	0.01693334	0.01692507	0.01655372
84	0.1392539	0.1116481	0.1084041	0.08068603	0.07755573	0.0741377	0.06560846	0.06453666	0.05077772	0.05057878	0.04641059	0.04390415	0.04026339	0.03975003	0.03690738	0.02820543	0.02539612	0.02325356	0.02286943	0.02252496	0.01611982	0.01599012	0.01435787	0.01434032	0.01078151	0.007277517	0.007218459	0.00713348	0.007079134	0.007072923
85	0.1701508	0.1024226	0.08825124	0.0862939	0.06313325	0.06023078	0.0567991	0.04928881	0.04863107	0.03642014	0.03624397	0.03281336	0.03117392	0.0290367	0.02873485	0.02703966	0.021085	0.01942959	0.01759244	0.0172546	0.01697906	0.01138016	0.01127989	0.009603641	0.009588122	0.006843452	0.004122488	0.004074705	0.004027396	0.003972034
86	0.2878171	0.08980853	0.05132988	0.04935068	0.04889762	0.04422262	0.04346766	0.04320592	0.03700077	0.03648881	0.0269072	0.02676088	0.02389986	0.0226148	0.02107415	0.02083025	0.01953797	0.01495189	0.01368088	0.01248912	0.01220581	0.01197599	0.007337058	0.007265134	0.007179657	0.007165395	0.005153952	0.003164576	0.003129024	0.003093443
87	0.8295848	0.2702082	0.08923834	0.05180628	0.04990976	0.04953447	0.04496118	0.04419959	0.04393136	0.03753125	0.03702328	0.02714383	0.02699238	0.02404211	0.02275654	0.02124508	0.02099523	0.01972074	0.01512002	0.01386794	0.01264688	0.01235459	0.01211774	0.007336513	0.007263394	0.007175751	0.007169151	0.005123903	0.003099804	0.003063572
88	0.8643456	0.8069106	0.2688707	0.09060433	0.05332078	0.05162617	0.05124335	0.04655606	0.04586854	0.04558744	0.03885361	0.03834263	0.02795149	0.02779211	0.02468715	0.02338044	0.02187996	0.02161753	0.02034207	0.01562957	0.01438374	0.01310685	0.01279933	0.0125501	0.007519386	0.007443152	0.00735163	0.007344756	0.005198685	0.003072292
89	0.9884824	0.8488519	0.7992886	0.2689233	0.09263709	0.05531658	0.05366518	0.05326775	0.04844025	0.04786104	0.047565	0.04044603	0.03992939	0.02894732	0.02877898	0.02549558	0.02416014	0.02266386	0.02238686	0.02110401	0.01624941	0.01500206	0.01365991	0.01333484	0.01307135	0.007752501	0.007672581	0.007576544	0.007569346	0.00530466
90	0.9955195	0.9833708	0.8394348	0.7903751	0.26897	0.09481259	0.05750489	0.05597291	0.05555936	0.05057469	0.05001646	0.04970393	0.04216474	0.04164238	0.03001578	0.02983745	0.02635932	0.02499355	0.02350383	0.02321097	0.02192161	0.01691607	0.01566826	0.01425518	0.01391094	0.01363186	0.007998929	0.007915034	0.007814056	0.007806508
91	0.9718711	0.9671804	0.9543359	0.8089831	0.764002	0.2668151	0.0961628	0.05919336	0.05775285	0.05732422	0.05223554	0.05170995	0.05138146	0.04347292	0.0429486	0.03075772	0.0305688	0.02691972	0.02553461	0.02406452	0.02375867	0.02247558	0.01737713	0.01614254	0.01467031	0.01430896	0.01401623	0.008112503	0.008025887	0.007920753
92	0.9764072	0.9686615	0.9637318	0.9500799	0.7989936	0.7539514	0.2675936	0.09941577	0.0623737	0.06088818	0.06043723	0.05513074	0.05458505	0.05423488	0.04577006	0.04523927	0.03219496	0.03199301	0.02808622	0.02665941	0.02519499	0.02486816	0.0235742	0.01827125	0.01703164	0.01546526	0.01507857	0.01476522	0.008445713	0.008353821
93	0.9792589	0.9549403	0.9470304	0.9418005	0.9272012	0.7694576	0.742923	0.2686667	0.103198	0.06605945	0.06450833	0.06403155	0.05847184	0.05790259	0.05752741	0.04841879	0.04789443	0.03386273	0.03364587	0.02944089	0.02796557	0.02650714	0.026156	0.02484914	0.01930802	0.01806447	0.01638908	0.01597308	0.01563589	0.008835045
94	0.9700113	0.9685622	0.9475612	0.9397242	0.9341677	0.9184752	0.7535271	0.7273609	0.2680048	0.1059357	0.06891091	0.06736092	0.06686073	0.06109507	0.06053241	0.06014057	0.05053216	0.05000382	0.03525066	0.03501815	0.03058174	0.02907354	0.02762965	0.02725617	0.0259411	0.02017748	0.01894104	0.0171868	0.01674747	0.01639132
95	0.998468	0.9690935	0.9676578	0.9452936	0.9373055	0.9313738	0.9144154	0.7405461	0.7136804	0.2645864	0.1065555	0.06985773	0.06829808	0.06777821	0.06187663	0.06130447	0.06089955	0.05121254	0.05069068	0.03584268	0.03577459	0.03130469	0.0298023	0.02837746	0.02799042	0.02667117	0.02072326	0.01949357	0.01771638	0.01730326
96	0.984976	0.9840613	0.9548917	0.9534305	0.9431233	0.9349425	0.9285478	0.9100567	0.7255737	0.6974126	0.25906	0.1061362	0.06997166	0.06838967	0.06784971	0.06183796	0.0612581	0.0608408	0.05132542	0.05081748	0.0362515	0.03618663	0.0318339	0.03035776	0.02895659	0.02860114	0.02728125	0.02116021	0.01994349	0.01817601
97	0.8292924	0.8287701	0.8278456	0.8013357	0.8001959	0.7909999	0.7861632	0.7849253	0.7835186	0.7057626	0.6756653	0.2493863	0.1028515	0.06860572	0.06700305	0.06665695	0.06084098	0.06025494	0.05998908	0.05098141	0.05049436	0.03654098	0.03647852	0.03228727	0.03085854	0.02949061	0.02912726	0.02781318	0.02155035	0.0203517
98	0.8858274	0.8105361	0.8100118	0.8090611	0.7831793	0.7820371	0.7723957	0.7676849	0.7664485	0.7650625	0.6858042	0.6533461	0.2405984	0.1014819	0.06816469	0.06652844	0.06617928	0.06024165	0.05964561	0.05938238	0.05084471	0.05038291	0.03714378	0.03708339	0.03307005	0.03168806	0.03035346	0.02997888	0.02865641	0.02214446
99	0.8491406	0.7964796	0.775091	0.774535	0.7737376	0.7485106	0.7473602	0.7371191	0.7325387	0.731298	0.729931	0.6484137	0.6285987	0.2308189	0.1002878	0.06796767	0.06628132	0.06592641	0.05980476	0.0591932	0.05893184	0.05093813	0.05050716	0.03809338	0.03803527	0.03422038	0.03288916	0.03159012	0.03119963	0.02985891
100	0.8748482	0.8013601	0.7749195	0.7547258	0.7541015	0.753286	0.7276717	0.7264738	0.7149831	0.710491	0.7091997	0.7078228	0.6233308	0.6011535	0.2267276	0.1083274	0.07660267	0.07475013	0.07435619	0.06755999	0.06688925	0.06658967	0.0573457	0.0569107	0.04256477	0.04249839	0.03808146	0.03666682	0.03540982	0.0349574
101	0.8647503	0.8506154	0.7773706	0.7517149	0.7318924	0.7316422	0.7310854	0.7055196	0.7042672	0.6914499	0.6869835	0.6856389	0.6842401	0.5934919	0.5696589	0.2206562	0.1102924	0.07879784	0.07681773	0.07639751	0.06905936	0.06835276	0.06804042	0.05902259	0.05860929	0.04463126	0.04456536	0.04019154	0.03880636	0.03758821
102	0.9881576	0.8269128	0.8121991	0.7361898	0.7111142	0.6916024	0.6913251	0.6907725	0.6639715	0.6631014	0.6571285	0.6526521	0.6511973	0.649736	0.5509672	0.5281396	0.2205979	0.1233301	0.09170675	0.08942543	0.08893761	0.08046758	0.07965617	0.07928484	0.06852597	0.06810133	0.05143999	0.05136431	0.04635278	0.04484506
103	0.8086422	0.8080311	0.7339226	0.720644	0.6597923	0.6373579	0.6195147	0.6191968	0.6186526	0.5923887	0.5915153	0.5845568	0.5803778	0.5790105	0.5777129	0.4781298	0.4570118	0.2203697	0.1454923	0.1142176	0.1114088	0.1110111	0.1007529	0.09975751	0.09941004	0.08562712	0.08518008	0.06373166	0.06363652	0.05717837
104	0.7941118	0.7409272	0.7404718	0.6687033	0.6562456	0.5995508	0.5788813	0.5623869	0.5622615	0.5618514	0.5370091	0.5361886	0.5294591	0.5255805	0.5242766	0.5230586	0.4278317	0.4086486	0.2052812	0.1409288	0.111784	0.109043	0.1086589	0.09865085	0.09768022	0.09734441	0.08377588	0.08335474	0.06227316	0.06218011
105	0.9556642	0.7716918	0.7216341	0.7211904	0.6508707	0.6386887	0.5833615	0.5632043	0.5473983	0.5472757	0.5468766	0.5225285	0.5217253	0.5151048	0.5113174	0.5100374	0.5088449	0.4152393	0.3965569	0.2006659	0.1386839	0.1101846	0.1074842	0.1071091	0.09724412	0.09628866	0.09595952	0.08257116	0.08215863	0.06136326
