#unpaired probabilities
 #i$	l=1	2	3	4	5	6	7	8	9	10	11	12	13	14	
1	0.9989035	NA	NA	NA	NA	NA	NA	NA	NA	NA	NA	NA	NA	NA
2	0.9127246	0.9121777	NA	NA	NA	NA	NA	NA	NA	NA	NA	NA	NA	NA
3	0.8806668	0.8794713	0.8790551	NA	NA	NA	NA	NA	NA	NA	NA	NA	NA	NA
4	0.8754383	0.8733135	0.8725846	0.8721945	NA	NA	NA	NA	NA	NA	NA	NA	NA	NA
5	1	0.8754383	0.8733135	0.8725846	0.8721945	NA	NA	NA	NA	NA	NA	NA	NA	NA
6	0.9659932	0.9659932	0.8567948	0.8548001	0.854398	0.8541963	NA	NA	NA	NA	NA	NA	NA	NA
7	0.9921024	0.9582565	0.9582565	0.8494827	0.8475617	0.8473171	0.8472483	NA	NA	NA	NA	NA	NA	NA
8	0.9948094	0.9917589	0.9579429	0.9579429	0.8492307	0.8473097	0.8470652	0.8469964	NA	NA	NA	NA	NA	NA
9	0.9997731	0.9945825	0.9915366	0.9577211	0.9577211	0.8491492	0.8472282	0.8469837	0.8469149	NA	NA	NA	NA	NA
10	0.9828886	0.9826617	0.9774711	0.9744252	0.9567627	0.9567627	0.8491492	0.8472282	0.8469837	0.8469149	NA	NA	NA	NA
11	0.8628578	0.8610795	0.8608526	0.855662	0.8543349	0.8493096	0.8493096	0.8491492	0.8472282	0.8469837	0.8469149	NA	NA	NA
12	0.8805056	0.8606968	0.8592034	0.8589832	0.8539091	0.8525823	0.847557	0.847557	0.8473967	0.8469837	0.8469411	0.8469149	NA	NA
13	0.9075624	0.8746718	0.8550844	0.8536188	0.8534861	0.8534272	0.8521005	0.8470752	0.8470752	0.8469149	0.8469149	0.8469149	0.8469149	NA
14	0.9889782	0.9014045	0.8685325	0.8493989	0.8479366	0.8478039	0.847745	0.847231	0.8469149	0.8469149	0.8469149	0.8469149	0.8469149	0.8469149
