#unpaired probabilities
 #i$	l=1	2	3	4	5	6	7	8	9	10	11	12	13	14	15	16	17	18	19	20	21	22	23	24	25	26	27	28	29	30	
1	0.9999976	NA	NA	NA	NA	NA	NA	NA	NA	NA	NA	NA	NA	NA	NA	NA	NA	NA	NA	NA	NA	NA	NA	NA	NA	NA	NA	NA	NA	NA
2	0.03664546	0.06108805	NA	NA	NA	NA	NA	NA	NA	NA	NA	NA	NA	NA	NA	NA	NA	NA	NA	NA	NA	NA	NA	NA	NA	NA	NA	NA	NA	NA
3	0.2355959	0.03087585	0.05437189	NA	NA	NA	NA	NA	NA	NA	NA	NA	NA	NA	NA	NA	NA	NA	NA	NA	NA	NA	NA	NA	NA	NA	NA	NA	NA	NA
4	0.9771256	0.2320585	0.030713	0.05418452	NA	NA	NA	NA	NA	NA	NA	NA	NA	NA	NA	NA	NA	NA	NA	NA	NA	NA	NA	NA	NA	NA	NA	NA	NA	NA
5	0.3893093	0.267486	0.13674	0.01820517	0.03261475	NA	NA	NA	NA	NA	NA	NA	NA	NA	NA	NA	NA	NA	NA	NA	NA	NA	NA	NA	NA	NA	NA	NA	NA	NA
6	0.2559197	0.1778092	0.08593485	0.04596723	0.004759529	0.008819206	NA	NA	NA	NA	NA	NA	NA	NA	NA	NA	NA	NA	NA	NA	NA	NA	NA	NA	NA	NA	NA	NA	NA	NA
7	0.7610048	0.2086479	0.1462164	0.07134273	0.03798223	0.003537138	0.00654482	NA	NA	NA	NA	NA	NA	NA	NA	NA	NA	NA	NA	NA	NA	NA	NA	NA	NA	NA	NA	NA	NA	NA
8	0.01736679	0.01475896	0.00986704	0.005959389	0.005052195	0.002906039	0.00068129	0.001279204	NA	NA	NA	NA	NA	NA	NA	NA	NA	NA	NA	NA	NA	NA	NA	NA	NA	NA	NA	NA	NA	NA
9	0.007755007	0.0005870297	0.0004796036	0.0003642625	0.0002907116	0.0002664315	0.0001560789	4.174338e-05	7.85045e-05	NA	NA	NA	NA	NA	NA	NA	NA	NA	NA	NA	NA	NA	NA	NA	NA	NA	NA	NA	NA	NA
10	0.001801434	0.0001432173	2.489136e-05	8.853628e-06	6.597391e-06	5.105859e-06	4.799785e-06	2.748475e-06	6.01074e-07	1.112822e-06	NA	NA	NA	NA	NA	NA	NA	NA	NA	NA	NA	NA	NA	NA	NA	NA	NA	NA	NA	NA
11	0.0235428	0.0004685272	5.282873e-05	1.806628e-05	4.182311e-06	2.978844e-06	2.080459e-06	2.037459e-06	1.131351e-06	1.725376e-07	3.074902e-07	NA	NA	NA	NA	NA	NA	NA	NA	NA	NA	NA	NA	NA	NA	NA	NA	NA	NA	NA
12	0.08695163	0.01857438	0.0003575625	2.736793e-05	3.241997e-06	2.301264e-06	1.734032e-06	1.488866e-06	1.418353e-06	7.960226e-07	1.360426e-07	2.464197e-07	NA	NA	NA	NA	NA	NA	NA	NA	NA	NA	NA	NA	NA	NA	NA	NA	NA	NA
13	0.0431589	0.02237242	0.00496729	9.520791e-05	7.033386e-06	8.757313e-07	6.518419e-07	4.676727e-07	3.691354e-07	2.68766e-07	1.494978e-07	2.372972e-08	4.320803e-08	NA	NA	NA	NA	NA	NA	NA	NA	NA	NA	NA	NA	NA	NA	NA	NA	NA
14	0.6405747	0.02738716	0.01695979	0.003800282	7.296416e-05	5.527656e-06	7.406772e-07	5.443772e-07	3.731226e-07	2.787481e-07	1.781067e-07	9.821132e-08	1.370511e-08	2.482274e-08	NA	NA	NA	NA	NA	NA	NA	NA	NA	NA	NA	NA	NA	NA	NA	NA
15	0.03284771	0.0280486	0.006768901	0.004109055	0.0009173915	1.760566e-05	1.332222e-06	1.63215e-07	1.18612e-07	7.890715e-08	6.784521e-08	6.104476e-08	3.244353e-08	1.497276e-09	1.998092e-09	NA	NA	NA	NA	NA	NA	NA	NA	NA	NA	NA	NA	NA	NA	NA
16	0.1855138	0.02584843	0.02285962	0.006400422	0.003880292	0.000867954	1.665859e-05	1.262723e-06	1.548893e-07	1.125275e-07	7.458268e-08	6.462518e-08	5.899714e-08	3.128469e-08	1.266048e-09	1.565679e-09	NA	NA	NA	NA	NA	NA	NA	NA	NA	NA	NA	NA	NA	NA
17	0.184556	0.09729566	0.02392804	0.02162553	0.005825702	0.003597174	0.0008047449	1.544204e-05	1.169883e-06	1.401878e-07	1.010684e-07	6.61319e-08	5.858449e-08	5.567181e-08	2.951661e-08	1.119057e-09	1.291628e-09	NA	NA	NA	NA	NA	NA	NA	NA	NA	NA	NA	NA	NA
18	0.4234016	0.08255331	0.04908787	0.00537005	0.004469788	0.003108528	0.002067939	0.000464452	8.910096e-06	6.650653e-07	6.046312e-08	4.076434e-08	2.046853e-08	1.372915e-08	8.090384e-09	4.222119e-09	1.970241e-10	3.641801e-10	NA	NA	NA	NA	NA	NA	NA	NA	NA	NA	NA	NA
19	0.354327	0.3143387	0.05165813	0.04339705	0.004319677	0.003613392	0.002846887	0.001987299	0.0004463631	8.561183e-06	6.382851e-07	5.680071e-08	3.826817e-08	1.873454e-08	1.247055e-08	7.356248e-09	3.830495e-09	1.668167e-10	3.114082e-10	NA	NA	NA	NA	NA	NA	NA	NA	NA	NA	NA
20	0.4939523	0.2899203	0.2672015	0.01027341	0.005284561	0.001035939	0.0007112848	0.0002129775	0.000141049	3.166453e-05	6.069591e-07	4.469615e-08	4.201928e-09	2.175621e-09	1.443243e-09	1.039334e-09	6.677843e-10	3.619068e-10	5.169343e-11	9.708209e-11	NA	NA	NA	NA	NA	NA	NA	NA	NA	NA
21	0.4275281	0.4267571	0.2582599	0.2616672	0.007356664	0.003595736	0.0003144234	0.0001244954	4.547823e-05	2.516913e-05	5.631856e-06	1.076674e-07	7.291024e-09	6.105744e-10	5.162509e-10	4.354127e-10	3.444224e-10	3.105912e-10	1.756413e-10	3.982854e-11	7.479177e-11	NA	NA	NA	NA	NA	NA	NA	NA	NA
22	0.4581031	0.4242079	0.424734	0.2570285	0.2611456	0.007004033	0.003425542	0.0002949877	0.00011536	4.116966e-05	2.272235e-05	5.082736e-06	9.676404e-08	6.528788e-09	5.213298e-10	4.505978e-10	3.854845e-10	3.061698e-10	2.849665e-10	1.616626e-10	3.795163e-11	7.127165e-11	NA	NA	NA	NA	NA	NA	NA	NA
23	0.675781	0.2945793	0.262133	0.2546906	0.2568334	0.2609657	0.006852216	0.003275633	0.000293402	0.0001143224	4.050933e-05	2.231413e-05	4.990271e-06	9.50068e-08	6.37125e-09	5.019635e-10	4.364386e-10	3.758085e-10	2.9793e-10	2.77654e-10	1.601321e-10	3.782352e-11	7.10375e-11	NA	NA	NA	NA	NA	NA	NA
24	0.5879544	0.5526245	0.2905457	0.2586178	0.2521567	0.254199	0.2609441	0.006837272	0.003268145	0.0002921056	0.0001135382	4.021719e-05	2.22555e-05	4.977122e-06	9.474908e-08	6.353868e-09	5.001814e-10	4.349476e-10	3.746095e-10	2.969475e-10	2.768927e-10	1.596994e-10	3.774817e-11	7.089608e-11	NA	NA	NA	NA	NA	NA
25	0.8940109	0.5872935	0.5519829	0.2905368	0.2586087	0.2521472	0.2541889	0.2609335	0.006826061	0.003268145	0.0002921055	0.0001135382	4.021719e-05	2.22555e-05	4.977122e-06	9.474896e-08	6.353735e-09	5.000318e-10	4.347766e-10	3.7441e-10	2.967082e-10	2.768927e-10	1.596994e-10	3.774817e-11	7.089608e-11	NA	NA	NA	NA	NA
26	0.6771405	0.5592649	0.3942472	0.3527791	0.08367596	0.04222973	0.02495841	0.01656006	0.01010667	0.006821032	0.003265233	0.0002908156	0.0001124062	3.922379e-05	2.15572e-05	4.826765e-06	9.183245e-08	6.099624e-09	4.416132e-10	3.777475e-10	3.177902e-10	2.91336e-10	2.73749e-10	1.580885e-10	3.770015e-11	7.080861e-11	NA	NA	NA	NA
27	0.708703	0.6767389	0.5588473	0.3940423	0.3525813	0.08364858	0.04220116	0.02492841	0.01652848	0.01007334	0.006785738	0.003265233	0.0002908155	0.0001124061	3.922379e-05	2.15572e-05	4.826764e-06	9.183231e-08	6.099471e-09	4.41441e-10	3.775507e-10	3.175605e-10	2.910604e-10	2.73749e-10	1.580885e-10	3.770015e-11	7.080861e-11	NA	NA	NA
28	0.5370999	0.5178247	0.4864776	0.3610433	0.191593	0.1418069	0.08234015	0.04123529	0.02394692	0.01641021	0.009961557	0.006766382	0.00325484	0.0002888805	0.0001108047	3.788019e-05	2.062491e-05	4.625978e-06	8.796942e-08	5.796527e-09	3.991162e-10	3.489166e-10	3.044252e-10	2.822909e-10	2.681812e-10	1.552167e-10	3.76092e-11	7.064283e-11	NA	NA
29	0.3756084	0.1279968	0.1303828	0.1309908	0.02903705	0.02424027	0.01102859	0.005071722	0.002568215	0.001513948	0.0009954306	0.0005988004	0.0004035532	0.000194256	1.529737e-05	5.98149e-06	1.960582e-06	1.060525e-06	2.37929e-07	4.51496e-09	2.862948e-10	1.233894e-11	1.139154e-11	1.096886e-11	1.113142e-11	1.182164e-11	6.985397e-12	1.96625e-12	3.70109e-12	NA
30	0.1374719	0.1068911	0.1104713	0.1143792	0.1166592	0.01634816	0.01383078	0.002896049	0.0001168914	8.692431e-05	7.760219e-05	1.096005e-05	6.036605e-06	4.015166e-06	1.928594e-06	1.609425e-07	6.635121e-08	2.546347e-08	1.395832e-08	3.124405e-09	6.038217e-11	4.039308e-12	2.785582e-13	1.562233e-13	1.309572e-13	1.245894e-13	1.229695e-13	7.242598e-14	2.002908e-14	3.76858e-14
31	0.2375432	0.09349819	0.09557942	0.0989406	0.1024401	0.1063138	0.005609117	0.002694544	0.002810176	6.333199e-05	5.840122e-05	6.094172e-05	4.22298e-07	2.273358e-07	1.408805e-07	6.923016e-08	1.018276e-08	4.527776e-09	1.905135e-09	8.663096e-10	1.912633e-10	3.748764e-12	3.662019e-13	7.447983e-14	2.489271e-14	1.774945e-14	1.357597e-14	9.326399e-15	5.349162e-15	1.196226e-15
32	0.2193471	0.2036868	0.0930539	0.09516573	0.09851797	0.1020023	0.1058597	0.005137381	0.002257055	0.002354366	5.697178e-05	5.760174e-05	6.043007e-05	1.1122e-07	5.184726e-08	2.271191e-08	1.098653e-08	3.190383e-09	1.613551e-09	7.39229e-10	4.938077e-10	1.104731e-10	2.127303e-12	1.687988e-13	2.676521e-14	1.941675e-14	1.297604e-14	8.715453e-15	4.127426e-15	2.27445e-15
33	0.1487243	0.1062018	0.09013316	0.09056362	0.0936791	0.09698981	0.1004176	0.104214	0.003425896	0.002206014	0.002301167	1.480411e-06	2.182714e-07	1.796124e-07	1.059352e-07	4.784178e-08	2.06449e-08	1.039792e-08	3.040494e-09	1.503557e-09	7.147931e-10	4.798247e-10	1.073773e-10	2.067699e-12	1.637318e-13	2.572016e-14	1.863878e-14	1.249261e-14	8.305988e-15	3.788898e-15
34	0.0908612	0.0550574	0.02187477	0.00383233	0.002858421	0.002953567	0.003058536	0.003171708	0.003293499	0.00342523	0.002205322	0.002301143	1.456048e-06	1.939845e-07	1.56927e-07	8.285479e-08	4.773116e-08	2.06174e-08	1.038407e-08	3.036144e-09	1.500407e-09	7.127376e-10	4.787881e-10	1.071447e-10	2.063165e-12	1.63388e-13	2.566676e-14	1.859942e-14	1.246514e-14	8.285627e-15
35	0.1693656	0.08821205	0.05308581	0.02058509	0.002668011	0.001769485	0.001827371	0.001892121	0.001962094	0.002037362	0.002118847	0.002205231	0.002301049	1.438884e-06	1.773743e-07	1.3956e-07	6.661306e-08	3.063714e-08	2.057252e-08	1.036098e-08	3.033227e-09	1.498665e-09	7.121005e-10	4.78376e-10	1.070695e-10	2.061513e-12	1.630357e-13	2.544341e-14	1.836461e-14	1.220327e-14
36	0.8992019	0.1693313	0.08819078	0.05306643	0.0205846	0.002667621	0.001769484	0.001827371	0.001892121	0.001962094	0.002037362	0.002118847	0.002205231	0.002301049	1.438857e-06	1.773456e-07	1.395298e-07	6.658128e-08	3.060359e-08	2.0537e-08	1.036098e-08	3.033227e-09	1.498665e-09	7.121005e-10	4.78376e-10	1.070695e-10	2.061512e-12	1.630347e-13	2.544225e-14	1.836329e-14
37	0.6528196	0.6153064	0.150904	0.07334487	0.03817608	0.006640511	0.0002892902	5.836632e-06	3.626555e-06	3.327058e-06	3.345106e-06	3.277866e-06	3.400249e-06	1.715344e-06	1.72834e-06	1.42708e-06	1.702926e-07	1.322476e-07	5.971845e-08	2.341767e-08	1.585734e-08	1.03258e-08	3.022841e-09	1.491582e-09	7.066426e-10	4.744613e-10	1.065355e-10	2.051067e-12	1.620284e-13	2.52882e-14
38	0.587406	0.5388471	0.5424286	0.128163	0.06082627	0.03199524	0.004610612	0.0001666362	1.320596e-06	7.133825e-07	6.062084e-07	6.194462e-07	5.479892e-07	5.634063e-07	3.218874e-07	2.813373e-07	2.077293e-07	1.282205e-07	9.08875e-08	5.020389e-08	1.514059e-08	9.521493e-09	5.224381e-09	6.529991e-10	4.280686e-10	1.635344e-10	1.07643e-10	2.4156e-11	4.627666e-13	3.411102e-14
39	0.2090199	0.09796702	0.08774263	0.08524171	0.06879932	0.02038952	0.0101995	0.001503682	7.229761e-05	6.531686e-07	3.864946e-07	3.511526e-07	3.579629e-07	3.623808e-07	3.732598e-07	1.411207e-07	1.006755e-07	8.053407e-08	4.810355e-08	3.557226e-08	2.289319e-08	1.25669e-08	8.738651e-09	4.801526e-09	4.819768e-10	2.670516e-10	3.804682e-11	1.878446e-11	4.189415e-12	7.987238e-14
40	0.1774899	0.04972691	0.02676726	0.0212731	0.02046067	0.0107248	0.007914515	0.003414604	0.0005056266	1.723862e-05	2.39695e-07	1.079812e-07	8.979203e-08	9.081317e-08	8.783041e-08	8.900804e-08	7.851937e-08	3.702708e-08	2.244053e-08	1.351876e-08	9.825232e-09	4.928663e-09	1.20865e-09	7.340034e-10	4.308954e-10	1.82139e-10	1.72429e-10	2.333653e-11	1.363331e-11	3.037121e-12
41	0.1495642	0.06429014	0.03342136	0.01417975	0.01205296	0.01162216	0.00367081	0.002503888	0.00137213	0.0002126216	8.291885e-06	1.315533e-07	8.194808e-08	7.142962e-08	7.204826e-08	7.079871e-08	7.156489e-08	6.197596e-08	2.040308e-08	1.08104e-08	6.383535e-09	4.584816e-09	2.328677e-09	9.398537e-10	6.357052e-10	3.668131e-10	1.433612e-10	1.330405e-10	1.163483e-11	5.276845e-12
42	0.190449	0.02908276	0.0145059	0.005167594	0.00305662	0.002412491	0.002002838	0.001462649	0.0009771513	0.000551987	9.428181e-05	4.408315e-06	6.381076e-08	2.842314e-08	2.578869e-08	2.507279e-08	2.432246e-08	2.352143e-08	1.304438e-08	1.153874e-08	5.780017e-09	3.335382e-09	2.348221e-09	1.111605e-09	6.252088e-10	4.208732e-10	2.076469e-10	2.480474e-11	9.538482e-12	3.209051e-12
43	0.2987434	0.1074971	0.02578629	0.01211263	0.004036827	0.002488741	0.001985663	0.001607445	0.001168342	0.0008276086	0.0004707367	8.232381e-05	3.952194e-06	5.23009e-08	1.839376e-08	1.635381e-08	1.533826e-08	1.425851e-08	1.307403e-08	9.370717e-09	7.73841e-09	5.074811e-09	2.934878e-09	2.053175e-09	9.10247e-10	5.041409e-10	3.362055e-10	1.612745e-10	1.297283e-11	5.260076e-12
44	0.2419247	0.1485313	0.09724803	0.02181183	0.008458609	0.003538651	0.002115778	0.001646914	0.001289427	0.0009276918	0.0006629203	0.0003818682	6.942552e-05	3.47288e-06	4.781801e-08	1.535628e-08	1.335322e-08	1.224537e-08	1.107399e-08	9.775486e-09	8.056767e-09	6.387509e-09	3.892203e-09	1.948825e-09	1.127961e-09	7.730523e-10	4.655963e-10	3.137508e-10	1.508883e-10	1.163103e-11
45	0.01017035	0.006661933	0.00442241	0.003027378	0.001284258	0.0009098952	0.000113896	6.193356e-05	4.714745e-05	3.608667e-05	2.547351e-05	1.797833e-05	1.009884e-05	2.148949e-06	1.040414e-07	1.487336e-09	4.666779e-10	4.004694e-10	3.637624e-10	3.247657e-10	2.848595e-10	2.302913e-10	1.825932e-10	1.078845e-10	5.402081e-11	3.128668e-11	2.151276e-11	1.305856e-11	8.857246e-12	4.283959e-12
46	0.06352775	0.001594508	0.0009043626	0.0007583736	0.0006734112	0.0006692632	0.0006772546	1.147498e-05	2.318616e-06	1.438021e-06	8.947096e-07	3.766018e-07	2.155895e-07	1.238162e-07	5.337124e-08	4.070304e-09	7.658447e-11	1.558714e-11	1.116087e-11	8.076484e-12	4.66122e-12	4.363889e-12	3.466273e-12	3.420023e-12	3.207785e-13	1.662235e-13	1.084214e-13	7.902595e-14	5.53531e-14	4.318129e-14
47	0.1954991	0.05763495	0.0008010863	0.0001596878	5.885544e-05	2.776945e-05	2.157457e-05	1.48046e-05	1.045924e-05	1.932021e-06	1.159093e-06	6.955149e-07	2.226025e-07	1.559345e-07	8.976246e-08	4.341527e-08	3.213983e-09	6.57741e-11	1.297094e-11	9.091443e-12	6.396502e-12	3.394096e-12	3.497201e-12	2.823129e-12	2.874005e-12	3.820312e-14	2.076232e-14	1.612163e-14	1.385696e-14	1.223087e-14
48	0.1173953	0.1153457	0.004068262	8.19664e-05	3.869609e-05	1.270932e-05	5.859723e-06	4.512805e-06	1.997962e-06	9.909885e-07	2.496312e-07	1.677721e-07	1.333572e-07	4.441571e-08	2.892559e-08	1.347941e-08	4.035436e-09	2.856413e-10	6.916294e-12	2.767018e-12	1.590059e-12	1.412237e-12	1.134794e-12	1.175912e-12	8.472666e-13	8.622127e-13	9.245983e-15	5.549959e-15	4.775696e-15	4.429444e-15
49	0.3003977	0.1155676	0.1137076	0.002777811	5.203269e-05	2.586423e-05	8.790092e-06	4.674458e-06	3.898003e-06	1.464037e-06	8.342894e-07	1.970855e-07	1.301989e-07	9.775188e-08	2.831014e-08	1.869281e-08	9.445056e-09	3.446664e-09	2.648302e-10	6.09024e-12	2.246192e-12	1.155393e-12	9.791133e-13	7.079553e-13	7.322914e-13	4.763642e-13	4.842248e-13	6.735687e-15	4.081938e-15	3.40707e-15
50	0.9921828	0.2973233	0.1132784	0.1114175	0.002226998	3.21029e-05	1.751985e-05	6.263763e-06	4.12304e-06	3.550002e-06	1.140584e-06	7.82046e-07	1.442132e-07	8.737971e-08	5.378188e-08	1.639539e-08	1.151314e-08	6.756244e-09	3.182808e-09	2.629397e-10	5.769903e-12	1.918643e-12	8.603803e-13	6.735222e-13	3.930851e-13	4.048293e-13	2.028355e-13	2.05324e-13	5.632296e-15	3.560509e-15
51	0.2195401	0.2087728	0.1873103	0.0069746	0.003319095	0.00164708	1.773755e-05	7.604479e-06	3.068441e-06	1.513443e-06	1.119926e-06	8.567772e-07	5.881004e-07	1.043722e-07	6.305901e-08	3.722357e-08	1.167699e-08	8.244821e-09	4.918337e-09	2.42911e-09	2.080683e-10	3.842158e-12	8.823681e-13	6.846697e-13	5.42491e-13	3.154511e-13	3.247854e-13	1.350046e-13	1.368324e-13	4.142474e-15
52	0.08000042	0.0518516	0.03982849	0.02138353	0.005909434	0.002393718	0.0007877655	1.685591e-05	7.02736e-06	2.857036e-06	1.341859e-06	1.037963e-06	7.809672e-07	5.767698e-07	1.014814e-07	6.102231e-08	3.561224e-08	1.105159e-08	7.817903e-09	4.66719e-09	2.351935e-09	1.74216e-10	3.761886e-12	8.361701e-13	6.401101e-13	4.9809e-13	2.713202e-13	2.804835e-13	1.293409e-13	1.314375e-13
53	0.0897294	0.005763133	0.004405873	0.004209548	0.00242146	0.000114307	9.573785e-05	5.331703e-05	4.811215e-07	3.424398e-07	2.507328e-07	4.149914e-08	1.710037e-08	1.30009e-08	8.061176e-09	1.508509e-09	9.181248e-10	7.591889e-10	2.725116e-10	1.846473e-10	9.663593e-11	2.301989e-11	1.410143e-12	1.500626e-13	1.372815e-13	1.382745e-13	1.424199e-13	1.290612e-13	1.342065e-13	4.944066e-15
54	0.1013267	0.004398304	0.004165185	0.003048134	0.002912241	0.002258786	5.719581e-05	4.773947e-05	4.031121e-05	2.733972e-07	2.38985e-07	2.007634e-07	7.634759e-09	3.182474e-09	2.975476e-09	4.862555e-10	2.854965e-10	2.145015e-10	2.00609e-10	1.463562e-10	1.010658e-10	5.417457e-11	8.136638e-12	3.71015e-13	1.115767e-13	1.142367e-13	1.178e-13	1.22133e-13	1.267938e-13	1.318584e-13
55	0.4903558	0.01138539	0.0009135744	0.0007430333	0.0004897399	0.0003127515	0.0001877446	1.920776e-05	9.294355e-06	1.676944e-06	2.244045e-07	2.202413e-07	1.835225e-07	1.392346e-09	7.127394e-10	5.282289e-10	2.600919e-10	2.031367e-10	1.868627e-10	1.773246e-10	1.364465e-10	9.476273e-11	5.07998e-11	7.298285e-12	2.188408e-13	1.452688e-15	7.39406e-16	6.976541e-16	7.170952e-16	7.329374e-16
56	0.4941402	0.476815	0.007072333	0.0008011368	0.0006987779	0.0004578182	0.0002873684	0.0001682165	6.112412e-06	3.080975e-06	1.454629e-06	1.865374e-07	1.837615e-07	1.827691e-07	1.208324e-09	6.058009e-10	4.422523e-10	2.428919e-10	1.914845e-10	1.776429e-10	1.685049e-10	1.293978e-10	8.953928e-11	4.811686e-11	6.923092e-12	2.087384e-13	1.127061e-15	4.379027e-16	3.992764e-16	4.080619e-16
57	0.7716245	0.4919104	0.4765112	0.007024642	0.0007827202	0.0006804098	0.0004476487	0.0002772269	0.0001677626	6.06454e-06	3.037179e-06	1.412415e-06	1.862963e-07	1.835485e-07	1.825626e-07	1.186693e-09	5.976206e-10	4.343458e-10	2.413571e-10	1.90164e-10	1.773849e-10	1.682749e-10	1.292401e-10	8.943502e-11	4.806155e-11	6.914971e-12	2.083272e-13	1.10553e-15	4.172076e-16	3.874339e-16
58	0.927802	0.7489194	0.4895208	0.4764	0.006974497	0.0007549876	0.0006522907	0.0004443742	0.0002739055	0.0001669143	5.250205e-06	2.206023e-06	5.65379e-07	1.862278e-07	1.835055e-07	1.825326e-07	1.182568e-09	5.949226e-10	4.316878e-10	2.412174e-10	1.90048e-10	1.773025e-10	1.68193e-10	1.291993e-10	8.941199e-11	4.805122e-11	6.913172e-12	2.082872e-13	1.103219e-15	4.149583e-16
59	0.9886898	0.9202568	0.7440164	0.4888865	0.4761294	0.006893343	0.0007520555	0.0006500457	0.0004426324	0.0002722605	0.000166275	4.835601e-06	1.795902e-06	4.152186e-07	1.806337e-07	1.811621e-07	1.81827e-07	1.032994e-09	5.027147e-10	3.464216e-10	2.324332e-10	1.811053e-10	1.694938e-10	1.601783e-10	1.259201e-10	8.739513e-11	4.729435e-11	6.838902e-12	2.077551e-13	1.013067e-15
60	0.987616	0.9870589	0.9191098	0.7435014	0.4888145	0.4760997	0.006884484	0.0007517129	0.0006497787	0.0004424198	0.0002720585	0.0001661825	4.767125e-06	1.72743e-06	3.983961e-07	1.800238e-07	1.809068e-07	1.817497e-07	1.016152e-09	4.920982e-10	3.365564e-10	2.308692e-10	1.79522e-10	1.682064e-10	1.588563e-10	1.255494e-10	8.717542e-11	4.721205e-11	6.830826e-12	2.076973e-13
61	0.4978162	0.477286	0.4682044	0.4036818	0.2247106	0.04297554	0.02389349	0.006537519	0.000631729	0.0005436261	0.0003664015	0.0002191235	0.0001421385	3.574771e-06	1.208621e-06	1.719415e-07	7.738862e-09	5.654711e-09	2.980502e-09	9.11454e-10	4.405249e-10	3.050612e-10	2.246298e-10	1.748074e-10	1.647673e-10	1.558498e-10	1.242611e-10	8.631598e-11	4.678204e-11	6.704911e-12
62	0.1050591	0.1025219	0.1041692	0.105877	0.1049473	0.001604337	0.0007248569	0.0002283695	0.0001407692	5.863066e-06	4.554288e-06	4.050205e-06	3.796236e-06	2.139498e-06	6.462098e-08	5.232225e-08	5.30624e-09	3.95122e-10	3.259027e-10	2.119166e-10	1.929756e-10	7.239202e-12	4.949267e-12	3.147007e-12	1.188961e-12	9.774658e-13	9.229917e-13	4.659822e-13	3.23617e-13	1.92653e-13
63	0.008036713	0.004773381	0.001469789	0.001485244	0.001501797	0.001087338	0.0006842708	0.0001932387	0.0001347417	0.0001179133	7.852149e-07	3.840402e-07	3.327865e-07	3.158584e-07	1.686174e-07	5.854752e-09	4.215873e-09	1.26245e-09	9.528116e-11	8.353031e-11	2.219772e-11	1.920859e-11	2.148344e-12	1.50937e-12	9.87957e-13	3.290146e-13	2.501251e-13	2.105573e-13	6.603661e-14	4.594658e-14
64	0.03308587	0.0006076632	0.0003790071	0.0003772591	0.0003820389	0.0003870429	0.0003084736	3.547235e-05	8.334747e-06	2.86252e-06	9.45937e-07	3.621949e-07	4.383211e-08	3.01126e-08	2.731496e-08	7.404593e-09	2.316916e-09	2.053098e-09	6.795179e-10	6.504282e-11	5.852576e-11	3.796222e-12	2.080397e-12	1.01112e-12	7.604882e-13	5.619538e-13	7.129683e-14	3.985189e-14	3.384433e-14	8.327386e-15
65	0.4013751	0.01008176	0.0004048697	0.0002314768	0.0002326142	0.0002351684	0.0002377956	0.0001838996	2.063746e-05	5.884997e-06	2.146985e-06	5.454698e-07	4.540043e-08	4.015657e-08	2.684757e-08	2.41376e-08	5.858205e-09	1.784165e-09	1.528161e-09	5.032189e-10	1.015814e-11	5.143775e-12	2.731935e-12	1.477888e-12	5.533561e-13	4.519554e-13	3.200599e-13	5.377323e-14	3.079703e-14	2.472455e-14
66	0.409449	0.316073	0.009787459	0.0003971757	0.0002261909	0.0002273681	0.0002298447	0.0002323851	0.0001804649	1.888126e-05	5.289781e-06	2.016889e-06	5.080482e-07	3.499766e-08	2.983191e-08	2.560048e-08	2.295143e-08	5.502127e-09	1.597668e-09	1.345868e-09	4.576795e-10	8.244856e-12	4.134426e-12	2.170308e-12	1.361744e-12	5.228007e-13	4.241406e-13	3.14411e-13	4.911078e-14	2.734864e-14
67	0.1158369	0.07433688	0.02453291	0.008286338	0.0003125901	0.0001529803	0.0001540944	0.0001553958	0.0001567009	0.0001216441	1.128466e-05	2.034456e-06	9.002202e-07	3.808832e-07	1.805274e-08	1.386872e-08	9.969948e-09	7.15632e-09	3.826109e-09	9.359071e-10	6.855969e-10	3.223042e-10	3.588556e-12	1.580083e-12	6.215654e-13	3.142512e-13	2.489753e-13	1.894854e-13	1.343573e-13	2.359874e-14
68	0.2156968	0.07787944	0.054009	0.01772654	0.001938076	0.0002856828	0.0001267603	0.0001278172	0.0001286891	0.000129545	9.882368e-05	9.26448e-06	1.656485e-06	7.958135e-07	3.526357e-07	1.640153e-08	1.249542e-08	8.840023e-09	6.102812e-09	3.151419e-09	4.250876e-10	1.713195e-10	5.730936e-11	1.757962e-12	7.671933e-13	3.162278e-13	1.833012e-13	1.372743e-13	8.446744e-14	6.099989e-14
69	0.0314993	0.02831484	0.004319899	0.001720958	0.0006554985	0.0003272185	5.102593e-06	1.914172e-06	1.817329e-06	1.828557e-06	1.840689e-06	1.06807e-06	1.65117e-07	5.614996e-08	2.92202e-08	1.307183e-08	2.06719e-09	1.876947e-09	1.416262e-09	9.655047e-10	5.062722e-10	5.045956e-11	1.462107e-11	1.37018e-12	2.803137e-14	1.586416e-14	8.283156e-15	5.474782e-15	2.132976e-15	1.042661e-15
70	0.1006716	0.01355677	0.01205281	0.001722188	0.001273471	0.0005092658	0.0003135051	2.800819e-06	8.856467e-07	8.128328e-07	8.174586e-07	8.230788e-07	2.983041e-07	8.830143e-08	3.989991e-08	2.189752e-08	9.906025e-09	1.870073e-09	1.726739e-09	1.307475e-09	8.904933e-10	4.674971e-10	4.604935e-11	1.288728e-11	7.088921e-13	1.311699e-14	8.636916e-15	5.403688e-15	3.672968e-15	1.075015e-15
71	0.5446963	0.09627506	0.01181241	0.01047508	0.001405148	0.0009745964	0.0004987092	0.0003127384	2.743347e-06	8.606433e-07	7.876731e-07	7.921409e-07	7.97564e-07	2.799764e-07	8.510232e-08	3.841255e-08	2.108899e-08	9.484654e-09	1.750766e-09	1.613229e-09	1.220704e-09	8.307216e-10	4.369203e-10	4.238762e-11	1.18749e-11	6.824968e-13	1.253678e-14	8.273564e-15	5.158031e-15	3.47696e-15
72	0.8307882	0.3890451	0.09532689	0.01167294	0.01035529	0.001398125	0.000971269	0.0004966592	0.0003126079	2.733327e-06	8.564352e-07	7.834296e-07	7.878733e-07	7.932701e-07	2.767595e-07	8.468124e-08	3.827683e-08	2.10048e-08	9.431853e-09	1.727387e-09	1.590798e-09	1.203471e-09	8.189115e-10	4.307884e-10	4.163946e-11	1.166857e-11	6.786422e-13	1.245793e-14	8.235281e-15	5.142573e-15
73	0.3035573	0.3041857	0.2001987	0.0695104	0.00307444	0.002718863	0.0004041336	0.0002583251	9.216552e-05	1.873503e-05	2.038152e-06	5.806826e-07	5.062626e-07	5.093719e-07	5.126831e-07	7.485722e-08	3.243499e-08	1.830413e-08	9.08465e-09	2.740827e-09	3.253667e-10	2.794357e-10	2.012874e-10	1.338139e-10	7.706619e-11	2.347744e-12	9.34647e-13	3.873526e-13	6.334866e-15	4.440487e-15
74	0.2210824	0.2062777	0.2059466	0.1283266	0.01662753	0.002789221	0.00258464	0.0003887149	0.0002543329	9.071588e-05	1.844671e-05	1.832518e-06	4.992842e-07	5.007462e-07	5.038022e-07	5.070532e-07	7.109089e-08	3.125285e-08	1.805152e-08	8.966813e-09	2.6911e-09	3.134535e-10	2.683505e-10	1.929446e-10	1.281707e-10	7.431548e-11	2.215264e-12	8.702913e-13	3.491969e-13	4.933699e-15
75	0.9159228	0.2208079	0.2060049	0.2056779	0.1281527	0.01655579	0.00278851	0.00258419	0.0003886575	0.0002542933	9.070646e-05	1.84457e-05	1.83241e-06	4.992535e-07	5.007155e-07	5.037719e-07	5.070233e-07	7.107e-08	3.124604e-08	1.804988e-08	8.965953e-09	2.690709e-09	3.133767e-10	2.682779e-10	1.928891e-10	1.281321e-10	7.42957e-11	2.2124e-12	8.691036e-13	3.489839e-13
76	0.6288609	0.6182353	0.1610615	0.1489613	0.1487594	0.08622409	0.01512014	0.002282111	0.002139389	0.0003465875	0.000228938	8.142125e-05	1.749521e-05	1.788099e-06	4.883666e-07	4.898394e-07	4.928754e-07	4.960764e-07	6.446442e-08	2.856478e-08	1.70731e-08	8.348435e-09	2.3828e-09	2.042371e-10	1.729938e-10	1.219603e-10	8.052001e-11	5.078771e-11	1.337387e-12	6.240683e-13
77	0.9995553	0.6284974	0.6178838	0.1608526	0.1487515	0.1485501	0.08611796	0.01509825	0.002281873	0.002139228	0.0003465439	0.0002289036	8.141662e-05	1.749446e-05	1.788008e-06	4.883444e-07	4.898174e-07	4.928538e-07	4.960553e-07	6.445032e-08	2.855841e-08	1.707167e-08	8.347723e-09	2.382518e-09	2.042176e-10	1.729765e-10	1.219472e-10	8.051036e-11	5.078302e-11	1.336311e-12
78	0.194453	0.1963862	0.1677639	0.1694177	0.04844174	0.04675521	0.0472176	0.01695852	0.00136252	0.001081258	0.001077698	2.924157e-05	1.785214e-05	2.830444e-06	7.366189e-07	4.329285e-07	4.0613e-07	4.122889e-07	4.190193e-07	4.259901e-07	1.690813e-08	5.171068e-09	3.056355e-09	9.228757e-10	2.069102e-10	1.49276e-11	1.088488e-11	1.01748e-11	1.002007e-11	5.491109e-12
79	0.1927883	0.1608618	0.1624179	0.1475361	0.1489799	0.03196722	0.03111372	0.03136728	0.01129695	0.0003020602	8.638912e-05	7.749276e-05	2.683087e-05	1.632164e-05	2.059269e-06	3.06026e-07	5.032857e-08	2.524516e-08	2.528867e-08	2.558906e-08	2.591028e-08	1.568439e-08	4.6763e-09	2.823281e-09	8.664667e-10	1.897364e-10	1.291026e-11	9.213425e-12	8.687065e-12	8.616465e-12
80	0.3256412	0.1404294	0.1380992	0.1397762	0.1272878	0.1288695	0.01644265	0.01611748	0.01621086	0.008454923	0.0001094535	1.82057e-05	1.717871e-05	8.879639e-06	7.964495e-06	3.008821e-07	5.086147e-08	1.622532e-08	1.36994e-08	1.375782e-08	1.397101e-08	1.419597e-08	8.97673e-09	2.261061e-09	1.429006e-09	4.814033e-10	3.808747e-11	1.68055e-12	1.25439e-12	1.103171e-12
81	0.297788	0.2862256	0.1250289	0.1245609	0.126171	0.114512	0.1160294	0.00591964	0.005824637	0.00578583	0.004353891	5.850593e-05	5.87194e-06	5.602854e-06	2.55101e-06	2.526783e-06	7.161883e-08	1.245298e-08	6.862584e-09	6.929077e-09	6.957416e-09	7.07511e-09	7.197013e-09	5.804647e-09	6.966926e-10	4.623682e-10	3.534693e-10	1.578437e-12	2.794014e-13	2.525376e-13
82	0.3046833	0.2606128	0.2552966	0.1218321	0.1213497	0.1229388	0.1111729	0.1126659	0.001923464	0.001795533	0.001698709	0.0008473487	3.897481e-05	2.728561e-06	2.571759e-06	1.321047e-06	1.314686e-06	5.76202e-08	1.004819e-08	5.935261e-09	6.000475e-09	6.021294e-09	6.124952e-09	6.232357e-09	5.162892e-09	2.490249e-10	6.37294e-11	6.999094e-12	7.292547e-13	5.55908e-14
83	0.1522194	0.1159774	0.09616641	0.09387448	0.09284404	0.09200231	0.09321649	0.08105732	0.08215289	0.001344041	0.00122642	0.001119961	0.000549267	3.126897e-05	1.744734e-06	1.620926e-06	7.787033e-07	7.720742e-07	3.522845e-08	5.199602e-09	3.597615e-09	3.640117e-09	3.651403e-09	3.715332e-09	3.78165e-09	3.283701e-09	1.355955e-10	2.948526e-11	3.477886e-12	5.017015e-13
84	0.1178007	0.1061489	0.09243398	0.07809521	0.07657985	0.076705	0.07771301	0.07874811	0.07973458	0.08082699	0.001054853	0.0009610042	0.0008490798	0.0004443128	2.142245e-05	6.293965e-07	5.424398e-07	2.206062e-07	2.12418e-07	5.550359e-09	8.744904e-10	4.686065e-10	4.690414e-10	4.709418e-10	4.792234e-10	4.879084e-10	4.152252e-10	3.433095e-11	6.434371e-12	1.762071e-12
85	0.8489395	0.04489716	0.03281117	0.01860514	0.004035134	0.001720025	0.001395023	0.001388282	0.001377701	0.001305427	0.001293033	0.001047161	0.0009529421	0.0008392273	0.0004409217	2.092681e-05	5.462575e-07	4.608903e-07	1.790934e-07	1.706177e-07	3.236756e-09	5.383185e-10	2.254732e-10	2.225251e-10	2.235934e-10	2.275292e-10	2.317143e-10	1.912695e-10	2.677275e-11	4.727469e-12
86	0.747981	0.7419704	0.04190694	0.02972561	0.01801574	0.003532269	0.001270424	0.001014231	0.001005034	0.001018016	0.001026544	0.00101139	0.0008683513	0.0008791008	0.0008358471	0.0004382074	2.028488e-05	4.477888e-07	3.644298e-07	1.292259e-07	1.20223e-07	1.733106e-09	3.200737e-10	7.276585e-11	6.754189e-11	6.806977e-11	6.922862e-11	7.053041e-11	4.796646e-11	2.238829e-11
87	0.7522065	0.7337521	0.7291161	0.03844896	0.0260982	0.01451876	0.003381122	0.001159527	0.0009226911	0.0009130507	0.0009251788	0.000933483	0.0009463152	0.0008097029	0.0008205848	0.000833141	0.0004333923	1.936529e-05	3.354126e-07	2.552704e-07	8.366786e-08	7.420801e-08	1.531361e-09	2.885787e-10	6.286916e-11	5.743021e-11	5.794092e-11	5.893342e-11	6.006471e-11	3.842955e-11
88	0.8285945	0.6875384	0.6830212	0.6883603	0.008226474	0.005742515	0.003303113	0.001678834	0.00112735	0.0009079956	0.0008992869	0.0009113941	0.0009202594	0.0009330882	0.0008054779	0.0008164999	0.0008291887	0.0004257813	1.822911e-05	1.989191e-07	1.247093e-07	4.654824e-08	3.718179e-08	1.154096e-09	2.502986e-10	5.516998e-11	4.963932e-11	5.013743e-11	5.099997e-11	5.199821e-11
89	0.7670592	0.6851379	0.6797098	0.6794002	0.6848964	0.007377645	0.004927507	0.002570215	0.0009950944	0.0008241205	0.0006422984	0.0006298496	0.0006381728	0.0006432929	0.0006521199	0.0005213171	0.0005280842	0.0005363964	0.0001367275	1.744907e-05	1.636603e-07	9.010418e-08	3.725272e-08	2.774201e-08	1.103859e-09	2.446843e-10	5.380076e-11	4.81591e-11	4.867508e-11	4.952682e-11
90	0.9995229	0.7651457	0.6903741	0.6854792	0.6861664	0.6918348	0.007202412	0.004718981	0.002343381	0.0007515679	0.0005905777	0.000444748	0.0004294308	0.0004348869	0.0004371578	0.0004429492	0.000308974	0.0003125239	0.0003174934	0.0001322365	1.76945e-05	1.56469e-07	8.16708e-08	2.891495e-08	1.910337e-08	1.096345e-09	2.416894e-10	5.237977e-11	4.665311e-11	4.721263e-11
91	0.0371241	0.03742484	0.02077574	0.01349284	0.009301771	0.005741244	0.005330472	0.001312849	0.000942689	0.0007030491	0.0003713979	0.0003006982	0.0002245646	0.00022723	0.0002306618	0.0002320385	0.0002356533	0.0001387439	0.0001403152	0.0001426145	9.528807e-05	6.440704e-07	1.226972e-07	4.753685e-08	1.211938e-08	1.154546e-08	5.644702e-10	1.013246e-10	2.592665e-11	2.614784e-11
92	0.02721398	0.01510271	0.01515561	0.008247355	0.004992505	0.003543486	0.002029036	0.001800299	0.0002971149	0.0002765932	0.0002266338	0.0001302656	0.0001069995	7.844339e-05	7.927993e-05	8.049044e-05	8.106842e-05	8.234622e-05	4.541273e-05	4.595277e-05	4.671785e-05	3.332344e-05	2.017512e-07	1.897955e-08	1.709518e-08	5.11226e-09	4.859681e-09	2.163879e-10	3.628043e-11	9.192511e-12
93	0.006675639	0.002942889	0.001630375	0.001633704	0.0009389241	0.0006209993	0.0005744497	0.0002605191	0.0001615256	1.284198e-05	1.166586e-05	8.224612e-06	4.915081e-06	3.257998e-06	2.588675e-06	2.616174e-06	2.656743e-06	2.672022e-06	2.714818e-06	2.243882e-06	2.27586e-06	2.314377e-06	2.104897e-06	1.277375e-08	1.446822e-09	1.391358e-09	8.623585e-10	8.520373e-10	7.915344e-12	1.066498e-12
94	0.09003936	0.001635748	0.0009300641	0.0005707156	0.0005725884	0.0003757759	0.000266185	0.0002676554	1.226213e-05	4.77914e-06	1.44707e-06	9.460021e-07	3.806695e-07	5.050335e-08	1.997317e-08	1.402758e-08	1.130219e-08	1.135246e-08	1.108281e-08	1.113793e-08	8.460452e-09	8.437802e-09	8.566672e-09	5.96636e-09	7.706239e-11	1.908262e-11	1.800911e-11	1.035189e-11	8.176655e-12	3.364857e-13
95	0.01602078	0.002647785	0.0006188211	0.0004065587	0.0003140917	0.0003167263	0.000145716	3.792482e-05	3.793934e-05	7.835952e-06	1.142143e-06	3.657963e-07	2.445615e-07	8.585444e-08	1.015796e-08	4.513398e-09	3.054235e-09	2.061166e-09	2.048411e-09	1.910833e-09	1.897546e-09	1.442605e-09	1.398176e-09	1.417343e-09	3.179089e-10	2.105525e-11	7.318458e-12	6.530301e-12	2.449507e-12	9.698987e-13
96	0.6275744	0.01216169	0.002060901	0.0002945797	0.0001331806	5.463933e-05	5.397542e-05	4.670391e-05	3.389544e-05	3.395415e-05	3.594174e-06	9.084393e-07	3.179328e-07	2.072851e-07	6.70987e-08	7.691161e-09	3.127877e-09	1.91386e-09	9.556018e-10	9.2738e-10	8.415255e-10	8.126942e-10	5.253023e-10	4.896278e-10	4.936142e-10	1.174785e-10	1.329848e-11	3.425758e-12	3.048975e-12	1.140027e-12
97	0.05434912	0.01322812	0.002722777	0.0003249904	7.009285e-05	4.298977e-05	2.375666e-05	2.378502e-05	2.124931e-05	8.729314e-06	8.759505e-06	2.385399e-06	2.886031e-07	1.122613e-07	7.707691e-08	3.414862e-08	2.535721e-09	6.653074e-10	4.126365e-10	2.837961e-10	2.83315e-10	2.609284e-10	2.603108e-10	2.075752e-10	1.992706e-10	2.020654e-10	5.114022e-11	4.522121e-12	1.340273e-12	1.151535e-12
98	0.06560894	0.02709863	0.008839369	0.0020504	0.0002501965	4.636463e-05	2.356502e-05	8.181532e-06	8.043811e-06	7.210553e-06	7.122195e-06	7.160398e-06	7.448335e-07	2.176162e-07	9.630508e-08	6.49989e-08	2.870453e-08	1.919801e-09	3.30171e-10	1.421894e-10	4.135752e-11	3.826877e-11	3.443832e-11	3.131765e-11	1.91031e-11	1.600788e-11	1.57673e-11	8.432161e-12	1.80056e-12	3.75653e-13
99	0.5087046	0.02127103	0.01216798	0.004615602	0.001347563	0.0001442332	2.330074e-05	9.764476e-06	9.819312e-07	8.75197e-07	7.275899e-07	6.086984e-07	5.889093e-07	5.644871e-07	1.22364e-07	7.341252e-08	5.033602e-08	2.540067e-08	1.479806e-09	1.550984e-10	4.194202e-11	1.29421e-11	1.271582e-11	1.231713e-11	1.209487e-11	9.517889e-12	8.805294e-12	8.823062e-12	4.520495e-12	6.838465e-13
100	0.2401145	0.2223612	0.01687538	0.01081731	0.004062897	0.001278256	0.000135955	2.171882e-05	8.755449e-06	5.240273e-07	4.179963e-07	3.01973e-07	1.902523e-07	1.658769e-07	1.380487e-07	1.147826e-07	7.209806e-08	4.959822e-08	2.560469e-08	1.436055e-09	1.209067e-10	2.184634e-11	7.035304e-12	6.985758e-12	6.861162e-12	6.812132e-12	5.404927e-12	4.984698e-12	4.990331e-12	2.632226e-12
101	0.2631749	0.05116837	0.0438349	0.01042606	0.005096585	0.003421739	0.001153424	0.0001146346	1.421516e-05	7.486399e-06	4.515626e-07	3.602402e-07	2.581334e-07	1.580897e-07	1.360927e-07	1.115675e-07	9.067134e-08	6.567123e-08	4.556795e-08	2.364116e-08	1.330913e-09	1.124473e-10	1.658874e-11	3.355193e-12	3.311262e-12	3.224267e-12	3.177543e-12	2.82721e-12	2.497471e-12	2.479357e-12
102	0.2170586	0.2019845	0.04454196	0.03726549	0.009154711	0.004201272	0.002616452	0.001074744	0.0001123541	1.387376e-05	7.302507e-06	4.304527e-07	3.410803e-07	2.418412e-07	1.494958e-07	1.274243e-07	1.066421e-07	8.665333e-08	6.527187e-08	4.522419e-08	2.352655e-08	1.227045e-09	3.294859e-11	7.147845e-12	2.094781e-12	2.032018e-12	1.934185e-12	1.865037e-12	1.524594e-12	1.173644e-12
103	0.9529322	0.2148529	0.2030675	0.04454504	0.03720366	0.009156401	0.004198873	0.002614325	0.001071227	0.0001129292	1.39537e-05	7.346385e-06	4.327485e-07	3.42888e-07	2.43221e-07	1.503338e-07	1.281198e-07	1.07309e-07	8.722198e-08	6.571925e-08	4.553823e-08	2.36881e-08	1.223932e-09	3.287959e-11	7.123065e-12	2.055044e-12	1.991477e-12	1.892374e-12	1.822158e-12	1.47764e-12
104	0.7650797	0.7348859	0.2090336	0.197474	0.04100831	0.03359886	0.009137012	0.004184766	0.002602741	0.001079053	0.0001138481	1.405547e-05	7.408871e-06	4.356773e-07	3.454475e-07	2.455141e-07	1.518161e-07	1.294217e-07	1.084469e-07	8.818627e-08	6.656854e-08	4.615893e-08	2.404206e-08	1.239573e-09	3.087527e-11	5.896827e-12	1.691046e-12	1.662745e-12	1.61482e-12	1.589096e-12
105	0.6683144	0.6579343	0.6517981	0.1842721	0.1737471	0.02214049	0.01502293	0.0008250963	0.0003952977	0.0001917898	6.468757e-05	1.237178e-05	2.054699e-06	1.116808e-06	5.157472e-08	3.783885e-08	2.36934e-08	1.457905e-08	9.083591e-09	6.888369e-09	4.97005e-09	2.883176e-09	1.734831e-09	5.227433e-10	4.883436e-11	4.650084e-12	2.66471e-12	1.267431e-12	1.242236e-12	1.206801e-12
106	0.7419113	0.65758	0.6493799	0.6436341	0.1838311	0.1732037	0.0219314	0.01472111	0.000743127	0.0003454443	0.0001709424	5.476346e-05	1.168537e-05	1.979149e-06	1.077928e-06	4.795543e-08	3.466458e-08	2.103714e-08	1.249958e-08	8.198014e-09	6.131746e-09	4.34195e-09	2.399619e-09	1.398885e-09	3.386015e-10	3.986624e-11	4.3892e-12	2.588966e-12	1.205288e-12	1.179312e-12
107	0.9869125	0.7391098	0.6541726	0.6465447	0.6406982	0.1854972	0.1747762	0.02199053	0.01468427	0.000726483	0.0003361376	0.000164802	5.153595e-05	1.164345e-05	1.98387e-06	1.081231e-06	4.78232e-08	3.449192e-08	2.08328e-08	1.233929e-08	8.045837e-09	6.016484e-09	4.236107e-09	2.305292e-09	1.32732e-09	2.923281e-10	3.519154e-11	4.284763e-12	2.564667e-12	1.16548e-12
108	0.7493941	0.7469371	0.6589687	0.623576	0.6178145	0.6117096	0.182334	0.171678	0.02005657	0.01274581	0.0006008982	0.0002693858	0.0001224896	3.135992e-05	9.874159e-06	1.794961e-06	9.813904e-07	4.015991e-08	2.79522e-08	1.538301e-08	8.022251e-09	6.480298e-09	4.705693e-09	3.168499e-09	1.538362e-09	8.149501e-10	1.576674e-11	4.951578e-12	3.396393e-12	2.142403e-12
109	0.2808484	0.2656636	0.2570091	0.1751567	0.1336771	0.1222404	0.109372	0.04799697	0.03537071	0.01919976	0.01178288	0.0005825051	0.0002482105	0.0001223912	3.150211e-05	9.988566e-06	1.816028e-06	9.938554e-07	4.032158e-08	2.794991e-08	1.519693e-08	7.733642e-09	6.169164e-09	4.688325e-09	3.128198e-09	1.557648e-09	8.246481e-10	1.402459e-11	4.766765e-12	3.331809e-12
110	0.1774545	0.08840427	0.08621052	0.08571486	0.02970872	0.02444593	0.02327237	0.02028406	0.004543247	0.003649989	0.001807843	0.001275186	8.166935e-05	3.334422e-05	1.589594e-05	4.719919e-06	1.396326e-06	2.568737e-07	1.367414e-07	3.843876e-09	2.275743e-09	1.305415e-09	7.4726e-10	6.187307e-10	4.939674e-10	3.205645e-10	1.355109e-10	7.55711e-11	3.731428e-12	1.182651e-12
111	0.1622874	0.03479396	0.03018212	0.02886554	0.0289421	0.00768093	0.006519885	0.006447954	0.004055923	0.0006380215	0.0005896773	0.0002910483	0.0002774378	2.492138e-05	8.87606e-06	2.835041e-06	5.840387e-07	7.772586e-08	1.229144e-08	5.930541e-09	5.996166e-10	5.346407e-10	2.197878e-10	1.577716e-10	1.454066e-10	1.309213e-10	6.211879e-11	2.141186e-11	1.416518e-11	1.034136e-12
112	0.2727319	0.144701	0.02002351	0.01862139	0.01813658	0.01817024	0.003848399	0.003387022	0.003392078	0.0009438065	0.0003231585	0.000292138	0.0001728486	0.0001664396	1.264908e-05	4.907698e-06	2.10114e-06	3.991657e-07	4.467315e-08	7.194158e-09	3.628341e-09	4.793434e-10	4.425005e-10	1.509082e-10	1.180761e-10	1.118472e-10	1.047738e-10	4.121087e-11	1.444244e-11	1.03404e-11
113	0.3798183	0.1502275	0.1321195	0.01283245	0.01148919	0.01145384	0.01159549	0.000680127	0.0004993641	0.0004895904	0.0004905306	0.0001757101	0.0001700643	9.686523e-05	9.450582e-05	3.895573e-06	1.495727e-06	5.391104e-07	1.262824e-07	1.714112e-08	3.055821e-09	1.705455e-09	3.244049e-10	3.180572e-10	4.345033e-11	3.215078e-11	2.978528e-11	2.720518e-11	2.562334e-11	7.63077e-12
114	0.3124068	0.1735241	0.06203042	0.04736897	0.01210444	0.01087059	0.01083049	0.01096762	0.0005282113	0.0003488546	0.0003377678	0.0003367571	0.0001366223	0.0001307324	7.821697e-05	7.567873e-05	3.213354e-06	1.058543e-06	2.721265e-07	7.844872e-08	1.32145e-08	2.492417e-09	1.462328e-09	3.04383e-10	3.009237e-10	2.453583e-11	1.601844e-11	1.427797e-11	1.237274e-11	1.123368e-11
115	0.221085	0.1262622	0.09833576	0.04283718	0.03505005	0.0007881085	0.0007553943	0.000748433	0.0007538121	0.0001534814	0.0001320827	0.0001296371	0.0001288221	6.327569e-05	6.027201e-05	3.166259e-05	3.037325e-05	5.584188e-07	3.091757e-07	1.559719e-07	3.885192e-08	6.18501e-09	1.010403e-09	5.375745e-10	2.157183e-11	1.547251e-11	1.16898e-11	5.719018e-12	4.655696e-12	3.694461e-12
116	0.3407733	0.2038319	0.112191	0.08432737	0.03899089	0.03502202	0.0005057901	0.0004745768	0.0004718959	0.0004737202	0.0001181444	0.0001097314	0.0001075618	0.0001066453	4.950412e-05	4.751709e-05	2.324688e-05	2.200391e-05	4.85253e-07	2.710546e-07	1.407554e-07	3.465058e-08	6.026235e-09	9.812137e-10	5.202735e-10	1.84261e-11	1.244144e-11	8.882679e-12	4.861759e-12	3.947274e-12
117	0.7798166	0.226385	0.1799798	0.08718959	0.08100313	0.03876598	0.03511509	0.0003789848	0.0003550365	0.0003512514	0.00035173	0.0001072296	9.995944e-05	9.79234e-05	9.686827e-05	4.541058e-05	4.336625e-05	2.053367e-05	1.924066e-05	4.210664e-07	2.384385e-07	1.226542e-07	2.712012e-08	5.297355e-09	9.133928e-10	4.845727e-10	1.579005e-11	1.023293e-11	7.214606e-12	3.710805e-12
118	0.5332447	0.5179078	0.1490626	0.1347153	0.04550222	0.04459192	0.02932997	0.02732337	0.0002339873	0.0002123096	0.0002110596	0.0002134734	6.256828e-05	5.833863e-05	5.829676e-05	5.91259e-05	2.250316e-05	2.265473e-05	1.373845e-05	1.39146e-05	2.503863e-07	1.493168e-07	8.193071e-08	1.411374e-08	1.303408e-09	1.825378e-10	8.387789e-11	6.004261e-12	5.050428e-12	3.94516e-12
119	0.1577126	0.07431392	0.06481135	0.04926407	0.03684678	0.03687272	0.03588166	0.02795649	0.02750226	0.0001983971	0.0001784179	0.0001790639	0.000181087	4.596052e-05	4.426426e-05	4.413555e-05	4.476258e-05	1.224203e-05	1.226695e-05	6.86685e-06	6.940295e-06	2.099902e-07	1.241527e-07	7.203661e-08	1.325499e-08	1.232349e-09	1.715117e-10	7.861066e-11	4.577043e-12	3.650227e-12
120	0.5697748	0.1518799	0.06753573	0.05819799	0.04372442	0.03310417	0.03310004	0.03322357	0.02802852	0.02781931	0.0001918281	0.0001716039	0.0001722664	0.0001742196	3.730116e-05	3.555412e-05	3.540346e-05	3.590189e-05	7.724438e-06	7.692059e-06	4.481922e-06	4.516805e-06	1.831643e-07	1.012956e-07	6.446473e-08	1.280733e-08	1.249089e-09	1.743593e-10	7.992403e-11	4.6249e-12
121	0.1320342	0.1080085	0.0361589	0.01463815	0.01255738	0.004433111	0.001805889	0.001690241	0.001601883	0.0003175528	0.0001506111	0.0001218349	0.0001009117	0.0001011502	0.0001024703	2.257694e-05	2.127653e-05	2.114094e-05	2.146361e-05	2.389507e-06	2.364564e-06	1.09524e-06	1.101301e-06	4.816864e-08	2.205835e-08	1.022318e-08	3.680255e-09	4.053192e-10	5.184448e-11	2.761278e-11
122	0.3858497	0.08270864	0.06557383	0.02452276	0.00815487	0.006704027	0.002619118	0.000658886	0.0005629938	0.0004895596	0.0001356705	6.482229e-05	5.67702e-05	4.671791e-05	4.695103e-05	4.747198e-05	8.388933e-06	7.986674e-06	7.937078e-06	8.063826e-06	6.605208e-07	6.510081e-07	2.360924e-07	2.375702e-07	3.053258e-08	1.489229e-08	8.835375e-09	3.496263e-09	3.944069e-10	5.037437e-11
123	0.4533164	0.3714922	0.06606713	0.05060648	0.02088957	0.006145965	0.004723375	0.002388102	0.0005114306	0.0004149718	0.0003393995	8.888009e-05	3.627025e-05	3.07012e-05	2.246089e-05	2.242534e-05	2.257213e-05	4.691522e-06	4.429265e-06	4.396835e-06	4.466906e-06	3.682909e-07	3.617014e-07	1.414907e-07	1.417353e-07	2.945429e-08	1.393038e-08	8.593236e-09	3.510278e-09	4.00356e-10
124	0.4720183	0.4070826	0.3706175	0.06150321	0.04708423	0.01882693	0.005319595	0.003934921	0.00228088	0.0004371322	0.0003398933	0.0002632454	6.556659e-05	2.504126e-05	2.087445e-05	1.299638e-05	1.285888e-05	1.285911e-05	2.41111e-06	2.199263e-06	2.176339e-06	2.210023e-06	2.046316e-07	2.000245e-07	9.283289e-08	9.24231e-08	2.914915e-08	1.35415e-08	8.54443e-09	3.551759e-09
125	0.8193315	0.4110352	0.3803546	0.3630345	0.05176149	0.03853537	0.01391635	0.004877848	0.0036156	0.002144612	0.0003723942	0.0002816739	0.0002106655	4.977489e-05	1.373455e-05	1.068735e-05	1.064957e-05	1.05147e-05	1.050542e-05	6.179746e-07	4.014976e-07	3.849405e-07	3.883304e-07	8.650975e-08	8.357133e-08	6.301146e-08	6.219335e-08	2.852307e-08	1.302041e-08	8.348791e-09
126	0.598458	0.5187015	0.1103382	0.07796749	0.05839201	0.04944567	0.03640749	0.0131047	0.004740866	0.003575692	0.002117272	0.0003598653	0.0002721851	0.000203797	4.824573e-05	1.323455e-05	1.041984e-05	1.040492e-05	1.038402e-05	1.038678e-05	3.727018e-07	1.555035e-07	1.504787e-07	1.49823e-07	7.201169e-08	6.926814e-08	5.969324e-08	5.882742e-08	2.848252e-08	1.297623e-08
127	0.5359643	0.4879354	0.4523868	0.05788001	0.03817347	0.02697265	0.02243011	0.0210247	0.007792211	0.003653939	0.003021823	0.001697073	0.0002621505	0.0002012831	0.0001540277	3.581149e-05	1.113327e-05	9.353016e-06	9.411817e-06	9.467278e-06	9.540583e-06	2.415181e-07	1.132903e-07	1.096896e-07	1.08444e-07	5.855806e-08	5.580215e-08	4.9153e-08	4.810985e-08	1.913239e-08
128	0.4261315	0.4193586	0.4034081	0.389325	0.00906495	0.002433895	0.001831612	0.001726038	0.00169016	0.001144222	0.001060129	0.001039235	9.818108e-05	1.821608e-05	1.618786e-05	1.54945e-05	7.974204e-06	6.884943e-06	6.885684e-06	6.995967e-06	7.105592e-06	7.223863e-06	1.184785e-07	3.602873e-08	3.480876e-08	3.540186e-08	4.919736e-09	4.337219e-09	2.560707e-09	2.579274e-09
129	0.7613395	0.4192446	0.41503	0.4016447	0.3902012	0.007369551	0.002005126	0.001529202	0.001431629	0.001400289	0.0009939134	0.0009192002	0.0009028473	7.823076e-05	1.441801e-05	1.27277e-05	1.212871e-05	6.119423e-06	5.229073e-06	5.220992e-06	5.305664e-06	5.389918e-06	5.480858e-06	9.019261e-08	2.693437e-08	2.602316e-08	2.647312e-08	3.824691e-09	3.365755e-09	2.029197e-09
130	0.337946	0.3392137	0.02511429	0.01978881	0.01423905	0.009091378	0.004578497	0.0009879153	0.0008175207	0.0008194168	0.0008204302	0.0007050847	0.0007076911	0.0007127313	1.792669e-05	5.213829e-06	5.019673e-06	5.029874e-06	3.584441e-06	3.435189e-06	3.463055e-06	3.521513e-06	3.579807e-06	3.642494e-06	5.861183e-08	1.644644e-08	1.584526e-08	1.614023e-08	1.6838e-09	1.54731e-09
131	0.05539498	0.02075118	0.02046018	0.01081436	0.00840273	0.005904498	0.003530746	0.001413858	0.0002457894	0.0001742826	0.0001737933	0.0001719008	0.000123248	0.0001229448	0.0001240435	3.51179e-06	1.93544e-06	1.942744e-06	1.958318e-06	1.651191e-06	1.644154e-06	1.663034e-06	1.691622e-06	1.720164e-06	1.750844e-06	2.797628e-08	7.287905e-09	6.995693e-09	7.129317e-09	6.840933e-10
132	0.2511802	0.01089761	0.009608231	0.009628335	0.00162549	0.001184324	0.0009458411	0.0005780229	0.0002321229	4.11784e-05	2.893925e-05	2.854812e-05	2.841852e-05	2.035192e-05	2.017162e-05	2.031368e-05	5.737932e-07	3.443105e-07	3.424034e-07	3.43462e-07	2.7343e-07	2.697416e-07	2.727519e-07	2.775219e-07	2.822912e-07	2.874157e-07	2.675401e-09	7.565764e-10	7.309618e-10	7.44408e-10
133	0.2647636	0.2183953	0.001452496	0.000476205	0.0003793833	0.0001444393	6.681258e-05	2.085343e-05	1.178937e-05	8.300808e-06	5.735873e-06	2.749937e-06	2.058994e-06	1.887411e-06	8.170628e-07	3.79039e-07	3.02105e-07	2.002626e-07	6.325787e-08	5.833554e-08	5.526921e-08	7.757869e-09	2.136401e-09	1.208179e-09	1.2192e-09	1.230431e-09	1.245143e-09	9.217717e-11	8.264092e-11	8.304766e-11
134	0.7075683	0.2678611	0.2210948	0.001377633	0.0003956236	0.000296466	6.505198e-05	6.019176e-05	1.638099e-05	9.036553e-06	7.029858e-06	5.317752e-06	2.62938e-06	1.928825e-06	1.758847e-06	7.347068e-07	2.903104e-07	2.117914e-07	1.889885e-07	5.630322e-08	5.121932e-08	4.801209e-08	6.108098e-09	9.499625e-10	1.21246e-10	1.130322e-10	1.049214e-10	9.86911e-11	7.549636e-11	7.341145e-11
135	0.1619045	0.130613	0.02526038	0.01335333	0.0009615278	0.0003004159	0.0002247892	4.121439e-05	3.904615e-05	1.083254e-05	5.307117e-06	4.002446e-06	2.905576e-06	1.660456e-06	1.2665e-06	1.138821e-06	4.753022e-07	1.172728e-07	6.996294e-08	5.727986e-08	2.155226e-08	1.790726e-08	1.476922e-08	2.29666e-09	3.39074e-10	5.978762e-11	5.343483e-11	4.699421e-11	4.131672e-11	3.969846e-11
136	0.06434751	0.04374749	0.03049959	0.008559338	0.001629094	0.0001111118	3.749726e-05	3.114496e-05	2.553491e-05	2.457669e-05	3.956278e-06	6.301811e-07	4.816309e-07	3.729957e-07	2.435729e-07	1.705919e-07	1.403607e-07	7.129455e-08	2.090322e-08	1.471198e-08	1.043718e-08	5.010013e-09	3.468203e-09	2.028902e-09	5.089713e-10	4.44085e-11	1.20613e-11	1.090194e-11	9.719148e-12	8.657864e-12
137	0.5364267	0.01887372	0.01429364	0.009742148	0.002934674	0.0005651036	3.106927e-05	5.409747e-06	3.103325e-06	1.072521e-06	9.949576e-07	3.165393e-07	1.608931e-07	1.230493e-07	9.489797e-08	6.020545e-08	4.405194e-08	3.647791e-08	1.762452e-08	6.085338e-09	4.560507e-09	3.151505e-09	1.610712e-09	1.116365e-09	6.529858e-10	1.634752e-10	1.340767e-11	3.939893e-12	3.720124e-12	3.4972e-12
138	0.02848079	0.006625597	0.0003347895	0.0002810627	0.0001521811	2.737704e-05	5.220145e-06	5.047629e-07	1.650516e-07	1.404089e-07	5.072223e-08	4.766174e-08	1.384665e-08	7.161262e-09	5.405625e-09	3.904733e-09	9.606306e-10	7.725449e-10	6.375879e-10	3.44176e-10	2.045899e-10	1.869975e-10	1.093325e-10	7.716236e-11	7.356444e-11	7.029372e-11	8.517719e-12	1.815785e-12	5.132011e-13	5.170318e-13
139	0.03114075	0.017281	0.0008828953	7.045671e-05	5.778104e-05	3.652509e-05	7.25698e-06	1.308009e-06	1.098219e-07	3.494564e-08	2.882412e-08	1.546958e-08	1.40745e-08	4.172801e-09	1.953002e-09	1.273395e-09	7.784732e-10	3.484718e-10	2.690816e-10	2.222882e-10	1.314636e-10	6.429123e-11	5.667318e-11	2.535375e-11	1.200643e-11	1.071324e-11	9.588847e-12	1.694811e-12	5.514549e-13	3.944193e-13
140	0.3833148	0.02315049	0.0170328	0.0007734214	5.994038e-05	4.811205e-05	3.09271e-05	6.91822e-06	1.281308e-06	1.008773e-07	3.051483e-08	2.451186e-08	1.413049e-08	1.277169e-08	3.607337e-09	1.552225e-09	9.392127e-10	5.168687e-10	2.392487e-10	2.01358e-10	1.694248e-10	9.682192e-11	5.590045e-11	5.108242e-11	2.03354e-11	8.866845e-12	7.718333e-12	6.72381e-12	1.373352e-12	4.93591e-13
141	0.8781963	0.305226	0.02279384	0.01704703	0.0007129071	5.503657e-05	4.350103e-05	2.966886e-05	6.991282e-06	1.291153e-06	9.556269e-08	2.698805e-08	2.08475e-08	1.300524e-08	1.193262e-08	3.35926e-09	1.397971e-09	8.07357e-10	4.120802e-10	2.349449e-10	1.969355e-10	1.660927e-10	9.522732e-11	5.363043e-11	4.876741e-11	1.777985e-11	6.489957e-12	5.278072e-12	4.22589e-12	1.134204e-12
142	0.9123674	0.8282466	0.2746244	0.02252582	0.01715398	0.0006718441	5.256192e-05	4.126461e-05	2.870038e-05	6.921291e-06	1.278825e-06	9.322253e-08	2.604266e-08	1.993555e-08	1.280289e-08	1.173334e-08	3.289268e-09	1.346335e-09	7.61268e-10	3.747968e-10	2.279168e-10	1.923247e-10	1.625382e-10	9.309937e-11	5.280031e-11	4.809347e-11	1.682134e-11	5.612468e-12	4.39846e-12	3.369941e-12
143	0.9602917	0.9067574	0.8335534	0.2740018	0.02256437	0.01724959	0.0006612858	5.145487e-05	4.036612e-05	2.847646e-05	7.006803e-06	1.295878e-06	9.358519e-08	2.588719e-08	1.968557e-08	1.282016e-08	1.174775e-08	3.284147e-09	1.333578e-09	7.483881e-10	3.631854e-10	2.275897e-10	1.914999e-10	1.614433e-10	9.236086e-11	5.136139e-11	4.74267e-11	1.57396e-11	5.046578e-12	3.872728e-12
144	0.9160141	0.9107291	0.8795628	0.827252	0.2703041	0.02087963	0.0166383	0.0006212498	4.823174e-05	3.758837e-05	2.652444e-05	7.091224e-06	1.311813e-06	9.374243e-08	2.56935e-08	1.941711e-08	1.270409e-08	1.164466e-08	3.218692e-09	1.287942e-09	7.201755e-10	3.449589e-10	2.16127e-10	1.798968e-10	1.495147e-10	8.589356e-11	4.431787e-11	4.066901e-11	9.39447e-12	4.380301e-12
145	0.9995538	0.9224124	0.9171611	0.8869422	0.8349051	0.2708847	0.01846431	0.01415813	0.0005479851	4.812557e-05	3.74833e-05	2.637132e-05	7.191515e-06	1.33082e-06	9.476073e-08	2.569317e-08	1.931912e-08	1.253059e-08	1.154189e-08	3.034237e-09	1.162055e-09	6.71036e-10	3.373997e-10	2.104319e-10	1.735012e-10	1.425617e-10	8.232144e-11	3.99564e-11	3.623164e-11	9.115148e-12
146	0.9985509	0.9983454	0.9285347	0.9234256	0.8943116	0.8426281	0.2714109	0.01594496	0.01157215	0.0004712508	4.797083e-05	3.733622e-05	2.617237e-05	7.288583e-06	1.350073e-06	9.564876e-08	2.557996e-08	1.910987e-08	1.224156e-08	1.143196e-08	2.837921e-09	1.027003e-09	6.16396e-10	3.267986e-10	2.026048e-10	1.659816e-10	1.347961e-10	7.783675e-11	3.531434e-11	3.154863e-11
147	0.973143	0.9747341	0.977287	0.9211881	0.9182346	0.8941085	0.8476341	0.2713536	0.01329399	0.008883361	0.0003858681	4.638038e-05	3.580143e-05	2.46294e-05	7.28044e-06	1.332245e-06	8.525318e-08	2.342032e-08	1.800328e-08	1.196353e-08	1.124445e-08	2.586061e-09	8.479639e-10	5.261102e-10	2.878636e-10	1.730788e-10	1.42702e-10	1.131536e-10	6.828898e-11	2.964388e-11
148	0.9798139	0.9727674	0.9744031	0.9770083	0.9281559	0.9252799	0.9022096	0.8559835	0.2720052	0.01062492	0.006129071	0.0003061143	4.645806e-05	3.587951e-05	2.463789e-05	7.389016e-06	1.352379e-06	8.617402e-08	2.340708e-08	1.790643e-08	1.17931e-08	1.115684e-08	2.398918e-09	7.204038e-10	4.790041e-10	2.841387e-10	1.695429e-10	1.385679e-10	1.084699e-10	6.456828e-11
149	0.2682994	0.2479598	0.2326509	0.2247471	0.2175637	0.1662366	0.1531613	0.1266394	0.06990506	0.03973655	0.007487836	0.003279612	0.0002230811	4.61305e-05	3.557463e-05	2.425772e-05	7.134227e-06	1.356229e-06	8.641133e-08	2.331218e-08	1.779276e-08	1.160514e-08	1.105335e-08	2.204923e-09	5.890035e-10	4.295125e-10	2.788551e-10	1.638914e-10	1.333467e-10	1.029913e-10
150	0.2540195	0.2511334	0.2307673	0.2153283	0.2071239	0.1996501	0.1537499	0.1403943	0.1154186	0.06041994	0.03593737	0.005371962	0.001279881	0.0001569868	4.494298e-05	3.46466e-05	2.350752e-05	7.224185e-06	1.369978e-06	8.326398e-08	1.947782e-08	1.382719e-08	8.207518e-09	7.839822e-09	1.54176e-09	4.263811e-10	3.375789e-10	2.338855e-10	1.381606e-10	1.068266e-10
151	0.2376662	0.2315916	0.2293763	0.2136018	0.1995588	0.1912239	0.1836898	0.1407886	0.1273603	0.1062186	0.05719768	0.03313877	0.004522605	0.0004602682	0.000115874	4.342721e-05	3.320166e-05	2.263368e-05	7.308722e-06	1.380667e-06	7.602213e-08	1.223947e-08	6.461206e-09	1.969241e-09	1.865707e-09	5.524124e-10	2.897984e-10	2.349361e-10	1.769783e-10	1.218453e-10
152	0.5008761	0.1049997	0.1035782	0.1026258	0.09319423	0.08809119	0.08427995	0.07873764	0.0511191	0.04738689	0.04130007	0.01081104	0.00201407	0.0001620788	7.397324e-05	1.660029e-05	2.604816e-06	2.463662e-06	2.146952e-06	2.014656e-07	7.919264e-08	2.434354e-08	5.13152e-09	2.762378e-09	4.287361e-10	3.919982e-10	1.800771e-10	1.201428e-10	9.019291e-11	6.674928e-11
153	0.07910255	0.02430615	0.01465314	0.01424279	0.01412308	0.01265863	0.01202114	0.01215593	0.01227955	0.0113588	0.01149182	0.008436351	0.007325455	0.0006579834	3.461589e-05	1.294433e-05	3.910098e-06	3.179568e-07	2.937033e-07	1.382868e-07	4.719779e-09	2.449139e-09	4.746436e-10	2.387957e-10	2.266486e-10	6.208095e-11	5.980887e-11	1.798736e-11	1.055438e-11	8.943683e-12
154	0.0581281	0.04667727	0.0138583	0.01039378	0.01002079	0.009907447	0.008428302	0.008139648	0.008235293	0.008326267	0.007527886	0.007617427	0.007486192	0.007072182	0.0003382906	1.480831e-05	3.968939e-06	1.625513e-06	1.418954e-07	1.314039e-07	7.330268e-08	3.403303e-09	2.037992e-09	1.961344e-10	7.191328e-11	6.193062e-11	1.707508e-11	1.649292e-11	5.904052e-12	3.924474e-12
155	0.4115358	0.04370765	0.03254922	0.0122092	0.009317087	0.009279367	0.009249058	0.007749757	0.007448517	0.00753687	0.007621041	0.007511012	0.007602409	0.007484632	0.007140149	0.0003076733	1.299238e-05	3.224558e-06	1.399041e-06	1.241399e-07	1.149434e-07	6.680388e-08	3.30695e-09	2.018132e-09	1.674529e-10	5.545938e-11	4.58226e-11	1.264413e-11	1.222528e-11	4.728296e-12
156	0.9973751	0.4033945	0.04292053	0.03174617	0.01172183	0.009310575	0.009276042	0.009246007	0.007725885	0.00742016	0.007509581	0.00759524	0.007501032	0.007593894	0.007488666	0.007212249	0.0002776589	1.12382e-05	2.483509e-06	1.177442e-06	1.075017e-07	9.951107e-08	6.128888e-08	3.276451e-09	2.024842e-09	1.457893e-10	3.979305e-11	2.968811e-11	8.137411e-12	7.879179e-12
157	0.6361147	0.6334847	0.08210008	0.009639091	0.007751354	0.004382737	0.002894107	0.00287828	0.00286423	0.001322707	0.0009242741	0.0009211254	0.0009119386	0.0007318809	0.0007238832	0.000539713	0.0002281699	0.0001641176	8.982832e-06	2.004486e-06	9.750703e-07	8.843841e-08	8.16947e-08	5.417778e-08	1.699834e-09	4.522917e-10	1.309556e-10	3.193563e-11	2.153879e-11	5.791392e-12
158	0.275513	0.2524403	0.2498585	0.04693526	0.005733614	0.004996656	0.003096637	0.00233051	0.002321115	0.00230825	0.0007447129	0.0005319693	0.0005237109	0.0005098464	0.0003420818	0.0003293566	0.000288812	8.202309e-05	5.393204e-05	5.014293e-06	1.169098e-06	5.115109e-07	4.862703e-08	4.498232e-08	3.379992e-08	1.234129e-09	2.817367e-10	8.019478e-11	1.832739e-11	1.103362e-11
159	0.2577155	0.2396033	0.2336612	0.2310504	0.02809312	0.002587125	0.002404744	0.001128906	0.0006718525	0.0006656276	0.000652991	0.0006526535	0.0004385737	0.0004304321	0.0004169797	0.0002613773	0.0002518771	0.0002202464	4.697053e-05	3.260145e-05	2.922772e-06	8.574359e-07	2.873979e-07	2.910038e-08	2.695301e-08	2.083587e-08	8.836586e-10	2.756434e-10	7.74165e-11	1.643255e-11
160	0.1160988	0.09311613	0.08022275	0.07441372	0.07277155	0.0152761	0.001178653	0.001108215	0.0005852828	0.0004182271	0.0004146298	0.0004021567	0.0004018158	0.0003791519	0.0003701823	0.0003560462	0.0002010197	0.0001908234	0.0001660893	2.132336e-05	9.814561e-06	1.120698e-06	4.710348e-07	8.75693e-08	1.182599e-08	1.091988e-08	9.300088e-09	8.070395e-10	2.738297e-10	7.629224e-11
161	0.2191668	0.09654735	0.07601691	0.06402723	0.0635609	0.06291467	0.007839753	0.0008924556	0.0008454581	0.0004741852	0.000386299	0.0003853396	0.0003843972	0.0003840522	0.0003611847	0.0003521223	0.0003378816	0.000186999	0.0001771207	0.0001544728	1.404817e-05	3.989232e-06	5.413901e-07	3.785969e-07	3.827752e-08	7.018958e-09	6.757399e-09	6.406389e-09	5.716107e-10	2.291255e-10
162	0.706669	0.156089	0.04137551	0.02081314	0.009009478	0.00863853	0.007985334	0.007487214	0.000696889	0.000657835	0.000442048	0.0003726979	0.0003718995	0.0003709479	0.0003705977	0.000364588	0.0003554581	0.0003410914	0.0001882974	0.0001783579	0.0001561669	1.369143e-05	3.612584e-06	2.626215e-07	1.049489e-07	3.404377e-08	6.75354e-09	6.520568e-09	6.205997e-09	5.691427e-10
163	0.4563091	0.3047041	0.1390201	0.0385652	0.01829092	0.006724776	0.00644233	0.005792624	0.005523238	0.0005245234	0.0004886164	0.0002960236	0.000235812	0.0002352582	0.0002349922	0.000234637	0.0002264843	0.000215081	0.0001983104	0.0001886605	0.0001786296	0.0001565194	1.295802e-05	2.898272e-06	2.093964e-07	9.549102e-08	2.687114e-08	6.034731e-09	5.852669e-09	5.728435e-09
164	0.8632279	0.4314027	0.2963988	0.1348187	0.03878774	0.01832895	0.006619716	0.006337238	0.005677415	0.005481448	0.0005102358	0.0004746818	0.0002854459	0.0002246791	0.0002241187	0.000223849	0.0002234883	0.0002159442	0.0002041888	0.000186969	0.0001770121	0.0001666209	0.0001591259	1.310227e-05	2.941737e-06	2.120772e-07	9.688811e-08	2.709388e-08	5.99885e-09	5.817019e-09
165	0.9986798	0.8605835	0.4249102	0.289037	0.1316202	0.03924807	0.01851829	0.006629199	0.006342325	0.005672363	0.005473476	0.0005139206	0.0004780236	0.0002897516	0.000228185	0.0002276165	0.0002273429	0.0002269764	0.0002193689	0.0002074775	0.0001900259	0.0001799549	0.000169436	0.0001618598	1.327811e-05	2.993436e-06	2.158143e-07	9.856444e-08	2.747907e-08	5.98816e-09
166	0.869527	0.8681914	0.7667542	0.3682856	0.274202	0.1223242	0.03903872	0.01812305	0.006154303	0.005911314	0.005460228	0.005270036	0.0003733045	0.0003380776	0.0001537758	9.252717e-05	9.209866e-05	9.202074e-05	9.192226e-05	8.203771e-05	6.769698e-05	4.765178e-05	3.53592e-05	3.018052e-05	2.003144e-05	1.292748e-05	3.01511e-06	2.171957e-07	9.976628e-08	2.740176e-08
167	0.8478129	0.8459618	0.844609	0.7479712	0.3513402	0.2637813	0.1173623	0.03919587	0.01802225	0.005872404	0.005627716	0.005169279	0.005011347	0.0003497901	0.0003217177	0.0001493641	8.811171e-05	8.768534e-05	8.761158e-05	8.751149e-05	7.74584e-05	6.280277e-05	4.233426e-05	2.97966e-05	2.443752e-05	1.539863e-05	8.086148e-06	2.372313e-06	2.177834e-07	1.008524e-07
168	0.8862235	0.814696	0.8130413	0.81167	0.7193665	0.3298726	0.2467615	0.1052117	0.03847734	0.01772294	0.005772486	0.005530968	0.005064902	0.004915853	0.0003226323	0.0003042684	0.0001358009	7.406301e-05	7.364205e-05	7.357959e-05	7.347783e-05	6.382002e-05	5.524787e-05	3.494514e-05	2.225147e-05	1.770767e-05	1.047593e-05	5.404158e-06	2.386216e-06	2.18052e-07
169	0.4565425	0.4420129	0.377027	0.3757156	0.3743251	0.3105024	0.2769573	0.2094346	0.06859577	0.006889489	0.005466066	0.004822719	0.00475916	0.004285196	0.004180596	0.0002633896	0.0002471378	0.0001081652	4.701866e-05	4.660384e-05	4.654659e-05	4.644311e-05	3.662996e-05	2.99596e-05	2.831631e-05	1.719608e-05	1.334412e-05	9.290097e-06	4.905558e-06	2.351174e-06
170	0.8419332	0.4205	0.4065491	0.3426813	0.3414372	0.3411644	0.2849231	0.2590324	0.1995131	0.06007082	0.005538119	0.004651076	0.004293017	0.004233463	0.003844826	0.003740192	0.0002328089	0.000218937	9.848583e-05	3.713816e-05	3.67258e-05	3.667662e-05	3.66765e-05	2.70925e-05	2.496226e-05	2.375313e-05	1.313941e-05	1.003497e-05	7.369693e-06	4.693644e-06
171	0.3445115	0.3117226	0.2759486	0.2735741	0.2143221	0.2131502	0.2128788	0.1649868	0.1437431	0.09385008	0.0488432	0.004597316	0.004022139	0.003805276	0.003747617	0.003352163	0.003260479	0.0001940665	0.0001821773	8.303626e-05	2.339519e-05	2.300848e-05	2.296758e-05	2.296747e-05	2.202704e-05	2.199507e-05	2.09585e-05	1.037502e-05	7.697394e-06	5.802291e-06
172	0.1602942	0.1435016	0.1287681	0.1131013	0.1119959	0.1094349	0.1089573	0.1089393	0.08970892	0.07634819	0.05903279	0.02828477	0.002385039	0.001985589	0.001851966	0.001831168	0.001830446	0.001747335	6.131061e-05	5.799803e-05	2.483761e-05	1.208719e-05	1.200347e-05	1.199453e-05	1.19945e-05	1.109185e-05	1.098021e-05	1.0401e-05	2.963327e-06	1.72762e-06
173	0.2922953	0.1490991	0.1325549	0.1188794	0.1033733	0.1022868	0.09973482	0.0996156	0.09959844	0.08286047	0.07004882	0.05689229	0.02713212	0.002064709	0.001712976	0.001582798	0.001561803	0.001561689	0.001477989	4.599812e-05	4.343804e-05	2.361253e-05	1.208936e-05	1.201099e-05	1.200288e-05	1.200285e-05	1.108439e-05	1.097078e-05	1.038247e-05	2.813719e-06
174	0.061778	0.03502313	0.02799149	0.02576149	0.02106152	0.01932145	0.01888171	0.01853345	0.01846554	0.0184637	0.01265242	0.01069652	0.00629004	0.003163998	0.0004848232	0.0003756662	0.0002961294	0.0002940307	0.0002939972	0.0002273497	1.823624e-05	1.634826e-05	6.244105e-06	1.194206e-06	1.14728e-06	1.141298e-06	1.141272e-06	1.155379e-06	1.171119e-06	1.184947e-06
175	0.6177753	0.0457473	0.01924001	0.01589854	0.01467242	0.01244288	0.01130276	0.01090467	0.01065017	0.01058654	0.01058584	0.006204717	0.005047699	0.00249207	0.001365801	0.0003720286	0.0002824468	0.0002055341	0.0002039434	0.0002039094	0.0001371315	1.038839e-05	9.396279e-06	3.270546e-06	8.012256e-07	7.776766e-07	7.736565e-07	7.736352e-07	7.860803e-07	7.986532e-07
176	0.1092837	0.02873432	0.01361759	0.01247656	0.01100507	0.01029159	0.009128973	0.008244631	0.007860973	0.007658936	0.007596823	0.007596344	0.003990696	0.003179843	0.001716021	0.000935071	0.0002393246	0.0001559737	7.96035e-05	7.816187e-05	7.815292e-05	7.745808e-05	5.904745e-06	5.33226e-06	1.845838e-06	5.071872e-07	4.937983e-07	4.913594e-07	4.913452e-07	4.996113e-07
177	0.03298344	0.02455922	0.00877219	0.006635456	0.006341886	0.005814481	0.005568725	0.005202387	0.005036603	0.0050229	0.004978907	0.004920445	0.004920158	0.002210444	0.001456512	0.0009645493	0.0004752078	3.986867e-05	2.47621e-05	2.063439e-05	2.047865e-05	2.047199e-05	2.025844e-05	2.06336e-06	1.83652e-06	7.404795e-07	2.410412e-07	2.360926e-07	2.350522e-07	2.350438e-07
178	0.06406551	0.02003389	0.01404324	0.004169182	0.003691772	0.003532949	0.00342961	0.003409879	0.003382472	0.003366798	0.003365213	0.003361944	0.003303708	0.003303677	0.0008832347	0.0001739217	9.660666e-05	4.83335e-05	5.258198e-06	3.748375e-06	3.003998e-06	2.906301e-06	2.899507e-06	2.735337e-06	2.225763e-07	2.044959e-07	5.866358e-08	1.766162e-08	1.708013e-08	1.699912e-08
179	0.1998131	0.06400144	0.01957601	0.01362001	0.003946144	0.003569671	0.003416744	0.003352924	0.003344446	0.003334307	0.003327034	0.003326175	0.003324726	0.003265371	0.003265358	0.0008137233	9.401974e-05	3.815478e-05	1.968805e-05	3.18321e-06	2.559625e-06	2.011662e-06	1.915035e-06	1.908118e-06	1.743699e-06	1.279793e-07	1.195393e-07	2.451692e-08	7.928726e-09	7.613173e-09
180	0.9981699	0.201016	0.0650517	0.01988227	0.01381059	0.003956428	0.003576291	0.003420502	0.003356419	0.003347888	0.003338164	0.003331153	0.003330304	0.003328855	0.003328746	0.003328733	0.0008263326	9.178882e-05	3.507784e-05	1.822094e-05	3.162687e-06	2.591567e-06	2.046526e-06	1.948015e-06	1.940955e-06	1.773143e-06	1.292287e-07	1.206803e-07	2.411038e-08	7.973355e-09
181	0.4921006	0.4903186	0.1545056	0.02324192	0.01885903	0.01271958	0.00280624	0.002677081	0.002631107	0.002616869	0.002612936	0.002607775	0.002602526	0.002602063	0.002601405	0.002601321	0.00260131	6.77209e-05	6.208563e-05	2.767457e-05	1.390345e-05	1.654369e-06	1.189825e-06	6.67561e-07	6.301927e-07	6.229822e-07	5.213025e-07	4.025561e-08	3.580752e-08	1.310255e-08
182	0.1908422	0.1880452	0.1879317	0.02391416	0.01241115	0.01001847	0.009937974	0.0001034802	4.685436e-05	4.271221e-05	3.854972e-05	3.774499e-05	3.652965e-05	3.317807e-05	3.296969e-05	3.275742e-05	3.274266e-05	3.273419e-05	2.906102e-05	2.366227e-05	2.061658e-05	1.011441e-05	8.015915e-07	4.737201e-07	1.884167e-07	1.826409e-07	1.752856e-07	1.10839e-07	1.214955e-08	1.153965e-08
183	0.478128	0.156655	0.1548561	0.1548343	0.01610197	0.01018385	0.01010177	0.01004406	6.451848e-05	3.041414e-05	2.806197e-05	2.522604e-05	2.452494e-05	2.344905e-05	2.051752e-05	2.03432e-05	2.01849e-05	2.017267e-05	2.016614e-05	1.696247e-05	1.644877e-05	1.390848e-05	6.908655e-06	6.940375e-07	3.912951e-07	1.047354e-07	9.953705e-08	9.201827e-08	8.966917e-08	1.00987e-08
184	0.1249399	0.1035454	0.09960123	0.09938027	0.09936691	0.002328756	0.0001433524	0.0001097821	9.169708e-05	4.653731e-05	1.639925e-05	1.522948e-05	1.369429e-05	1.33164e-05	1.25834e-05	1.071276e-05	1.065174e-05	1.056917e-05	1.056183e-05	1.055719e-05	9.067156e-06	8.719154e-06	7.139597e-06	3.40416e-06	1.000311e-07	6.499076e-08	5.777767e-08	5.753072e-08	4.984106e-08	4.853328e-08
185	0.2622243	0.102866	0.08236988	0.07865938	0.07844102	0.07842763	0.0006036007	6.504647e-05	5.088901e-05	4.372428e-05	3.02723e-05	8.196414e-06	7.394993e-06	6.39516e-06	6.066679e-06	5.415209e-06	3.982088e-06	3.951139e-06	3.883867e-06	3.878251e-06	3.875429e-06	2.623423e-06	2.373052e-06	1.015101e-06	5.095799e-07	6.361216e-08	5.761437e-08	5.537032e-08	5.519824e-08	4.732975e-08
186	0.5464757	0.2430133	0.08191427	0.06109341	0.05743271	0.05721287	0.05720843	0.000515661	5.999446e-05	4.709145e-05	4.143343e-05	2.940159e-05	6.973233e-06	6.270988e-06	5.277188e-06	4.97395e-06	4.400179e-06	3.371571e-06	3.345232e-06	3.281745e-06	3.277467e-06	3.274894e-06	2.263984e-06	2.028459e-06	8.788155e-07	4.393745e-07	6.205955e-08	5.676742e-08	5.499651e-08	5.486459e-08
187	0.527395	0.5128819	0.2072456	0.06148228	0.04058636	0.03696743	0.036745	0.0367407	0.0003686694	3.452352e-05	2.335797e-05	1.936202e-05	9.608777e-06	5.281683e-06	4.644359e-06	3.844729e-06	3.576759e-06	3.098554e-06	2.454025e-06	2.432956e-06	2.374785e-06	2.371865e-06	2.369289e-06	1.679489e-06	1.484658e-06	6.866579e-07	3.378635e-07	4.814851e-08	4.484273e-08	4.367459e-08
188	0.6970948	0.5239869	0.5118003	0.2015047	0.05465347	0.03335898	0.02972843	0.02950297	0.02950231	0.0002880002	2.834247e-05	1.906804e-05	1.584695e-05	7.411393e-06	4.189562e-06	4.006172e-06	3.228588e-06	2.972548e-06	2.525991e-06	2.006886e-06	1.988137e-06	1.935442e-06	1.933023e-06	1.932888e-06	1.325552e-06	1.186328e-06	4.603853e-07	2.299911e-07	3.851755e-08	3.621469e-08
189	0.4615406	0.4522849	0.3512278	0.3406983	0.04737133	0.04246879	0.02135871	0.01884509	0.01862074	0.01862034	0.0001592807	1.776133e-05	1.287758e-05	1.084457e-05	4.730089e-06	2.752733e-06	2.648402e-06	2.114709e-06	1.892303e-06	1.502884e-06	1.131913e-06	1.117612e-06	1.089582e-06	1.088113e-06	1.088058e-06	6.963682e-07	6.49993e-07	1.916033e-07	9.982257e-08	2.280722e-08
190	0.0948612	0.09017417	0.08196023	0.02056462	0.01862198	0.01790821	0.01304586	0.01279666	0.01024894	0.01011195	0.01011179	6.721463e-05	8.317272e-06	4.860997e-06	3.711033e-06	2.535123e-06	1.686584e-06	1.641626e-06	1.291751e-06	1.088747e-06	7.381782e-07	5.156052e-07	5.040355e-07	4.821755e-07	4.813442e-07	4.813263e-07	2.94963e-07	2.811747e-07	6.35918e-08	3.421769e-08
191	0.1076817	0.06455286	0.06108062	0.05584488	0.01447612	0.01318816	0.01265114	0.00871691	0.00851096	0.005949354	0.00580976	0.005809631	4.830837e-05	6.611178e-06	3.606485e-06	2.747764e-06	1.905504e-06	1.224376e-06	1.191391e-06	8.679337e-07	7.127949e-07	5.539173e-07	3.626586e-07	3.518452e-07	3.332303e-07	3.326987e-07	3.326852e-07	2.093925e-07	1.997979e-07	4.782508e-08
192	0.5892326	0.09943669	0.05952754	0.05609241	0.05085486	0.01323853	0.01205504	0.01159395	0.007940232	0.007785403	0.005190046	0.005048031	0.005047924	4.031071e-05	5.614732e-06	3.176842e-06	2.369901e-06	1.668243e-06	1.098815e-06	1.071774e-06	7.865333e-07	6.423309e-07	4.890797e-07	2.946525e-07	2.84154e-07	2.708188e-07	2.703809e-07	2.703677e-07	1.73376e-07	1.642931e-07
193	0.999183	0.5778795	0.09381538	0.05424869	0.05084094	0.04548315	0.01215161	0.01143614	0.01104958	0.007303702	0.007187848	0.004538738	0.004393773	0.004393708	3.201688e-05	4.585618e-06	2.61728e-06	1.871619e-06	1.330279e-06	9.687805e-07	9.501517e-07	6.935461e-07	5.69365e-07	4.240767e-07	2.267926e-07	2.166536e-07	2.07245e-07	2.068871e-07	2.068746e-07	1.339727e-07
194	0.8696038	0.8690517	0.5279365	0.08357002	0.04446697	0.0410934	0.03560421	0.007333632	0.006779535	0.006458532	0.00626508	0.006194171	0.003551526	0.003403656	0.003403611	2.555852e-05	3.579417e-06	2.157698e-06	1.484024e-06	1.054632e-06	8.390925e-07	8.251236e-07	5.835521e-07	5.031078e-07	3.73575e-07	1.749674e-07	1.655537e-07	1.612066e-07	1.609577e-07	1.609467e-07
195	0.6303968	0.5380461	0.5376172	0.1896459	0.05498268	0.03618136	0.03282579	0.02717542	0.003444491	0.00305957	0.002779803	0.002771583	0.002730775	0.002728922	0.002577513	0.002577472	2.074647e-05	1.973041e-06	1.718327e-06	1.097514e-06	7.300302e-07	5.373003e-07	5.253125e-07	4.903574e-07	4.578249e-07	3.445692e-07	1.44486e-07	1.357331e-07	1.349269e-07	1.347603e-07
196	0.5757583	0.5687012	0.4744399	0.4744166	0.1252094	0.0213445	0.01863113	0.01735512	0.01157641	0.002113483	0.0018756	0.0017485	0.001742947	0.001716838	0.001715599	0.001708624	0.001708591	1.484746e-05	1.351832e-06	1.168808e-06	6.617173e-07	3.972338e-07	2.397122e-07	2.306633e-07	2.019334e-07	1.829953e-07	1.118576e-07	9.764747e-08	9.682981e-08	9.634688e-08
197	0.3724877	0.3431213	0.3402365	0.2460083	0.2459961	0.03340635	0.01411644	0.01267193	0.01227898	0.006343471	0.0009543487	0.0008409277	0.0007612532	0.0007575652	0.0007414473	0.0007406734	0.0007403323	0.0007403061	9.344245e-06	6.431662e-07	5.193529e-07	4.385478e-07	2.68378e-07	1.426692e-07	1.362656e-07	1.134136e-07	1.040914e-07	6.936814e-08	6.260084e-08	6.234937e-08
198	0.2495815	0.24184	0.2224034	0.222157	0.2221375	0.2221312	0.005131172	0.002538494	0.002052812	0.00201376	0.002008447	0.0001295611	0.0001142617	6.456406e-05	6.22471e-05	5.753538e-05	5.698491e-05	5.69495e-05	5.693012e-05	5.709829e-06	3.86105e-07	2.991446e-07	2.679131e-07	1.557118e-07	6.245718e-08	5.821658e-08	4.07618e-08	3.96907e-08	3.774354e-08	3.705939e-08
199	0.3572419	0.2461687	0.2440112	0.2251259	0.2250083	0.2249967	0.2249965	0.0006137697	5.978311e-05	4.868042e-05	4.772322e-05	4.761089e-05	4.32383e-06	2.833185e-06	1.533773e-06	1.478973e-06	1.306572e-06	1.292965e-06	1.291999e-06	1.291532e-06	1.325729e-07	9.080105e-09	7.113959e-09	6.303739e-09	3.670715e-09	1.418727e-09	1.318516e-09	9.357927e-10	9.107689e-10	8.680639e-10
200	0.02778626	0.0225438	0.02191812	0.01986368	0.0003451034	0.0002666578	0.0002658688	0.0002658645	0.000260218	2.941143e-06	1.741827e-06	1.685703e-06	1.655437e-06	3.211275e-07	3.103435e-07	1.265137e-07	1.241746e-07	5.040553e-08	4.932405e-08	4.92381e-08	4.922777e-08	4.474561e-09	2.765033e-10	2.046333e-10	1.782024e-10	9.079777e-11	4.061979e-11	3.798705e-11	2.887387e-11	2.816917e-11
201	0.04173303	0.02475344	0.02251714	0.02241967	0.02032368	8.436527e-05	3.932911e-06	3.209945e-06	3.209079e-06	2.036436e-06	1.454667e-06	4.532305e-07	4.199237e-07	4.195698e-07	3.053094e-08	2.810158e-08	1.30387e-08	1.203458e-08	1.132124e-08	1.092765e-08	1.090746e-08	1.090733e-08	1.629358e-09	7.279713e-11	5.096952e-11	4.096775e-11	1.004973e-11	9.50449e-12	9.054699e-12	8.352978e-12
202	0.03536263	0.02684841	0.02505992	0.02308269	0.02307182	0.02103615	8.572395e-05	2.210372e-06	1.462056e-06	1.461996e-06	2.629423e-07	7.481087e-08	6.237143e-08	3.516564e-08	3.489559e-08	3.815177e-09	3.439015e-09	2.352077e-09	2.283582e-09	2.141763e-09	2.053972e-09	2.048788e-09	2.048778e-09	1.129791e-10	6.109723e-12	3.594257e-12	2.775688e-12	6.742275e-13	6.459723e-13	6.157934e-13
203	0.521316	0.03125003	0.027322	0.02587977	0.02400528	0.02399417	0.02187709	8.865348e-05	2.065525e-06	1.464251e-06	1.464203e-06	2.267006e-07	4.15828e-08	3.016898e-08	2.949479e-08	2.922649e-08	3.608208e-09	3.238913e-09	2.381802e-09	2.31653e-09	2.18949e-09	2.09852e-09	2.094188e-09	2.094179e-09	8.954756e-11	5.228119e-12	2.873685e-12	2.187811e-12	5.35114e-13	5.118974e-13
204	0.5828789	0.5021888	0.03188196	0.02820421	0.0269528	0.02500538	0.02499389	0.02278862	9.233446e-05	2.138743e-06	1.512435e-06	1.5124e-06	2.234547e-07	3.47993e-08	2.443464e-08	2.38594e-08	2.364055e-08	3.44147e-09	3.077552e-09	2.444244e-09	2.382157e-09	2.251588e-09	2.156881e-09	2.152377e-09	2.15237e-09	6.492279e-11	4.316873e-12	2.123972e-12	1.575623e-12	3.949907e-13
205	0.5787742	0.1529347	0.1396542	0.005308449	0.00258721	0.002119417	9.833044e-05	9.803022e-05	9.62991e-05	9.628528e-05	2.168225e-06	1.514792e-06	1.514775e-06	1.722763e-07	1.671668e-08	1.396697e-08	1.355734e-08	1.333309e-08	1.195524e-09	1.041528e-09	6.968656e-10	6.787372e-10	6.499669e-10	6.272556e-10	6.256477e-10	6.256429e-10	3.57917e-11	1.92908e-12	1.161041e-12	8.400109e-13
206	0.08720483	0.07967904	0.07657778	0.06878367	0.002457465	0.00228533	0.002186723	8.241932e-05	8.219969e-05	8.04059e-05	8.039617e-05	1.595578e-06	1.538206e-06	1.538203e-06	1.55624e-07	3.685517e-09	2.296609e-09	2.183721e-09	2.071243e-09	5.720622e-10	4.649304e-10	3.898977e-10	3.809871e-10	3.708798e-10	3.574821e-10	3.568318e-10	3.568282e-10	7.642296e-12	6.425949e-13	3.101944e-13
207	0.1450195	0.07005432	0.06936182	0.06884843	0.06342189	0.002006994	0.001949302	0.001917109	2.315465e-06	2.115389e-06	2.389687e-07	2.306097e-07	1.898496e-07	1.607863e-07	1.607851e-07	1.545585e-07	1.923748e-09	7.934034e-10	7.193714e-10	6.072108e-10	1.830247e-10	1.668461e-10	1.37571e-10	1.330392e-10	1.243839e-10	1.198835e-10	1.196469e-10	1.196436e-10	2.344973e-12	1.705415e-13
208	0.05844367	0.01423189	0.005964937	0.005854967	0.005759214	0.0007263451	3.896494e-05	1.169774e-05	2.454914e-06	2.336399e-06	2.133678e-06	1.64316e-07	1.562747e-07	1.562578e-07	1.562435e-07	1.56243e-07	1.554754e-07	1.369866e-09	2.864968e-10	2.27577e-10	1.100642e-10	1.586795e-11	1.460788e-11	1.142859e-11	8.674716e-12	7.97723e-12	7.696951e-12	7.682812e-12	7.679532e-12	3.337052e-13
209	0.4356724	0.05077488	0.01210491	0.00590637	0.005838061	0.00576347	0.0005123306	1.43833e-05	7.89807e-06	2.641987e-07	1.815018e-07	1.713652e-07	1.678895e-07	1.642499e-07	1.64233e-07	1.642183e-07	1.642178e-07	1.634202e-07	1.376389e-09	2.557302e-10	1.944592e-10	7.07692e-11	6.772697e-12	6.383956e-12	4.38437e-12	1.651371e-12	1.363183e-12	1.323748e-12	1.321705e-12	1.318635e-12
210	0.4247767	0.1476007	0.04089613	0.005578161	0.0004556449	0.0004104775	0.0003788002	0.0003584077	1.181231e-05	7.132209e-06	2.420562e-07	1.782357e-07	1.761723e-07	1.741383e-07	1.72711e-07	1.726934e-07	1.72678e-07	1.726776e-07	1.718374e-07	8.270959e-10	2.37101e-10	1.729636e-10	4.240587e-11	2.014633e-12	1.79776e-12	7.232206e-13	6.72174e-13	4.312796e-13	4.238047e-13	4.233318e-13
211	0.07740158	0.07110898	0.06417121	0.008780952	0.004885434	0.0001785973	0.0001480471	0.0001241794	0.0001076156	1.051195e-05	6.860027e-06	5.124451e-08	4.59629e-09	3.508716e-09	2.243004e-09	8.437707e-10	8.356327e-10	8.340286e-10	8.339806e-10	8.256622e-10	8.192227e-10	1.974775e-10	1.689508e-10	3.07426e-11	4.701705e-13	3.090354e-13	1.891196e-13	1.79143e-13	1.61481e-13	1.602974e-13
212	0.09862988	0.02158571	0.01578518	0.01030827	0.0009717387	0.0002054778	8.326646e-05	6.18073e-05	4.46276e-05	3.409541e-05	9.70172e-06	6.869158e-06	4.28381e-08	1.691303e-09	1.465454e-09	2.530777e-10	2.210911e-10	2.125108e-10	2.108252e-10	2.10811e-10	2.021045e-10	1.981457e-10	1.975818e-10	1.675047e-10	2.066018e-11	2.900063e-13	1.665053e-13	1.056493e-13	1.021718e-13	9.110812e-14
213	0.1597109	0.07395659	0.01045189	0.005842257	0.001226633	0.0002138177	4.09215e-05	2.568409e-05	2.3658e-05	6.945367e-06	6.566942e-06	2.863831e-06	1.675028e-07	1.091159e-08	1.285434e-09	1.258428e-09	3.673278e-11	3.392595e-11	3.222498e-11	3.212907e-11	3.212405e-11	2.988921e-11	2.898153e-11	2.891334e-11	1.945047e-11	1.944368e-11	1.54627e-13	4.683998e-14	2.987588e-14	2.938443e-14
214	0.8904805	0.1590657	0.07765169	0.01000608	0.00571365	0.0008978754	0.0001722304	1.537235e-05	3.700373e-06	3.444172e-06	3.270749e-06	3.117914e-06	4.698648e-08	1.859807e-08	8.042714e-09	1.311875e-09	1.297879e-09	6.759957e-12	4.646013e-12	3.526269e-12	3.442652e-12	3.442065e-12	1.326842e-12	4.715551e-13	4.199535e-13	3.771396e-13	3.718848e-13	1.586107e-13	4.417076e-14	2.848706e-14
215	0.9009043	0.8869413	0.1685519	0.08290866	0.01033732	0.005726636	0.000576214	0.0001557668	1.075179e-05	2.853615e-06	2.670633e-06	2.571379e-06	2.442143e-06	2.830839e-08	1.530599e-08	8.55927e-09	1.403049e-09	1.397044e-09	6.889512e-12	4.660588e-12	3.455787e-12	3.366117e-12	3.365875e-12	1.092685e-12	2.747604e-13	2.407142e-13	1.965946e-13	1.962378e-13	6.114314e-14	4.229845e-14
216	0.8020272	0.8020185	0.7947415	0.1428587	0.08340948	0.005263201	0.0003590142	0.0002638199	0.0001396543	4.504291e-06	5.649022e-07	4.693488e-07	4.323769e-07	3.31749e-07	1.20799e-08	5.382492e-09	1.643725e-09	1.516315e-09	1.511211e-09	5.3888e-12	3.02303e-12	2.987361e-12	2.98536e-12	2.985291e-12	5.380105e-13	1.184677e-13	1.0223e-13	1.007911e-13	1.005092e-13	4.245009e-14
217	0.7433899	0.7207884	0.7207811	0.713444	0.1047687	0.09015854	0.005521742	0.0001888138	0.0001040599	9.988763e-06	3.664166e-06	4.694511e-07	3.879752e-07	3.546953e-07	2.665859e-07	8.599834e-09	3.306452e-09	1.271932e-10	7.582797e-12	5.51588e-12	5.390098e-12	3.174679e-12	3.136171e-12	3.134208e-12	3.134147e-12	4.70181e-13	1.03045e-13	9.033726e-14	8.911861e-14	8.881451e-14
218	0.6667784	0.6064671	0.598041	0.5980336	0.5930913	0.02145801	0.007184103	0.006016945	0.0001653369	9.281055e-05	8.189962e-06	2.905512e-06	4.194246e-07	3.457806e-07	3.162718e-07	2.44276e-07	7.916146e-09	2.946528e-09	1.22679e-10	5.649112e-12	3.546768e-12	3.450808e-12	3.36917e-12	3.327205e-12	3.325271e-12	3.32522e-12	4.010389e-13	9.382953e-14	8.594483e-14	8.480446e-14
219	0.6069455	0.5885699	0.5455129	0.5439122	0.5439097	0.5403804	0.01027524	0.001046771	0.0001613448	0.000125096	6.77543e-05	6.207503e-06	2.178915e-06	3.213192e-07	2.637489e-07	2.450591e-07	1.903055e-07	4.946022e-09	2.152829e-09	1.081467e-10	9.472106e-13	4.372152e-13	3.731333e-13	3.099335e-13	3.081897e-13	3.075243e-13	3.074868e-13	2.917094e-13	5.570219e-14	4.977884e-14
220	0.7094033	0.5757598	0.5682729	0.5295817	0.5281004	0.5281003	0.5245797	0.005165864	0.0008171723	0.0001206324	9.354955e-05	5.305133e-05	4.796074e-06	1.637078e-06	1.762884e-07	1.470666e-07	1.356932e-07	9.238278e-08	2.806895e-09	1.289499e-09	2.883893e-11	6.644631e-13	3.128691e-13	2.730422e-13	2.237742e-13	2.230081e-13	2.225432e-13	2.225168e-13	2.110416e-13	2.989672e-14
221	0.3490805	0.2804568	0.1797016	0.1729787	0.1298389	0.1293995	0.1293994	0.1284566	0.004119562	0.0005697699	8.422669e-05	6.531331e-05	3.69828e-05	3.329876e-06	1.13134e-06	1.196473e-07	9.950579e-08	9.161319e-08	6.289138e-08	1.930354e-09	8.886204e-10	1.990447e-11	4.404664e-13	2.158205e-13	1.899166e-13	1.563486e-13	1.558e-13	1.554554e-13	1.554371e-13	1.474203e-13
222	0.3973183	0.1886732	0.1738901	0.0923023	0.08572454	0.08464741	0.08424241	0.08424234	0.08343522	0.001828433	0.0003748117	5.513266e-05	4.271416e-05	2.430011e-05	2.186326e-06	7.40883e-07	7.621e-08	6.333159e-08	5.822274e-08	3.937412e-08	1.235505e-09	5.720574e-10	1.282965e-11	2.885199e-13	1.419369e-13	1.252222e-13	1.012298e-13	1.008718e-13	1.006795e-13	1.006675e-13
223	0.1179407	0.09733841	0.06859173	0.0621262	0.04275813	0.03600749	0.03552412	0.03546588	0.03546586	0.03530776	0.0007729555	0.0001576924	2.338162e-05	1.807412e-05	1.028007e-05	9.239847e-07	3.131392e-07	3.220086e-08	2.674808e-08	2.458639e-08	1.661397e-08	5.224928e-10	2.420676e-10	5.427194e-12	1.201054e-13	5.80886e-14	5.106782e-14	4.288581e-14	4.27143e-14	4.263182e-14
224	0.0301583	0.01469733	0.01221797	0.008354713	0.007539825	0.004936909	0.004841933	0.004772903	0.004765094	0.004765091	0.004744023	0.00010379	2.116989e-05	3.123873e-06	2.42089e-06	1.3747e-06	1.235961e-07	4.191683e-08	4.240945e-09	3.509535e-09	3.22012e-09	2.149215e-09	6.961926e-11	3.246435e-11	7.279094e-13	1.610014e-14	7.787495e-15	6.850052e-15	5.751092e-15	5.731837e-15
225	0.03559015	0.003863103	0.001879638	0.001563366	0.001072363	0.0009671704	0.0006317092	0.0006210094	0.0006133999	0.0006123696	0.0006123691	0.0006096326	1.33319e-05	2.720137e-06	4.011088e-07	3.108361e-07	1.764503e-07	1.585961e-08	5.374824e-09	5.432209e-10	4.495604e-10	4.124351e-10	2.748408e-10	8.923671e-12	4.163527e-12	9.335376e-14	2.067785e-15	1.000243e-15	8.79858e-16	7.386608e-16
226	0.02639246	0.00261726	0.0002922161	0.0001430376	0.0001192607	8.236022e-05	7.437689e-05	4.862514e-05	4.781033e-05	4.722748e-05	4.715024e-05	4.71502e-05	4.694261e-05	1.024697e-06	2.090939e-07	3.052257e-08	2.357341e-08	1.327719e-08	1.189009e-09	3.999211e-10	3.980254e-11	3.286149e-11	3.009112e-11	1.953004e-11	6.589198e-13	3.102948e-13	6.962882e-15	1.574728e-16	7.620431e-17	6.728626e-17
227	0.08026917	0.003633576	0.0003762121	4.774655e-05	2.353284e-05	1.982351e-05	1.444198e-05	1.309973e-05	8.561222e-06	8.422529e-06	8.325467e-06	8.312116e-06	8.312111e-06	8.276641e-06	1.788725e-07	3.621432e-08	4.726167e-09	3.503838e-09	1.77811e-09	1.685213e-10	6.323326e-11	5.64462e-12	4.599581e-12	4.215485e-12	2.376563e-12	9.623528e-14	4.734528e-14	1.050223e-15	2.610922e-17	1.283131e-17
