#unpaired probabilities
 #i$	l=1	2	3	4	5	6	7	8	9	10	11	12	13	14	15	16	17	18	19	20	21	22	23	24	25	26	27	28	29	
1	0.9117398	NA	NA	NA	NA	NA	NA	NA	NA	NA	NA	NA	NA	NA	NA	NA	NA	NA	NA	NA	NA	NA	NA	NA	NA	NA	NA	NA	NA
2	0.1912787	0.1206275	NA	NA	NA	NA	NA	NA	NA	NA	NA	NA	NA	NA	NA	NA	NA	NA	NA	NA	NA	NA	NA	NA	NA	NA	NA	NA	NA
3	0.0360473	0.01876319	0.01838661	NA	NA	NA	NA	NA	NA	NA	NA	NA	NA	NA	NA	NA	NA	NA	NA	NA	NA	NA	NA	NA	NA	NA	NA	NA	NA
4	0.02667096	0.02539767	0.009967906	0.009819274	NA	NA	NA	NA	NA	NA	NA	NA	NA	NA	NA	NA	NA	NA	NA	NA	NA	NA	NA	NA	NA	NA	NA	NA	NA
5	0.02286523	0.007742366	0.007704695	0.00746354	0.007390477	NA	NA	NA	NA	NA	NA	NA	NA	NA	NA	NA	NA	NA	NA	NA	NA	NA	NA	NA	NA	NA	NA	NA	NA
6	0.1259165	0.02050181	0.007642367	0.007608692	0.007394788	0.007323329	NA	NA	NA	NA	NA	NA	NA	NA	NA	NA	NA	NA	NA	NA	NA	NA	NA	NA	NA	NA	NA	NA	NA
7	0.480244	0.09530115	0.009387361	0.007193932	0.007188181	0.007174528	0.007170665	NA	NA	NA	NA	NA	NA	NA	NA	NA	NA	NA	NA	NA	NA	NA	NA	NA	NA	NA	NA	NA	NA
8	0.109159	0.1048808	0.09457993	0.009002455	0.007139311	0.00713456	0.007124716	0.007121962	NA	NA	NA	NA	NA	NA	NA	NA	NA	NA	NA	NA	NA	NA	NA	NA	NA	NA	NA	NA	NA
9	0.02099984	0.01840656	0.01459277	0.006863928	0.002580836	0.0008285249	0.0008237981	0.000814032	0.0008113014	NA	NA	NA	NA	NA	NA	NA	NA	NA	NA	NA	NA	NA	NA	NA	NA	NA	NA	NA	NA
10	0.01392258	0.01234825	0.01119405	0.007496118	0.0008277049	0.0007734433	0.0001761605	0.0001715118	0.0001618077	0.0001591176	NA	NA	NA	NA	NA	NA	NA	NA	NA	NA	NA	NA	NA	NA	NA	NA	NA	NA	NA
11	0.01545877	0.005633581	0.004390931	0.003863084	0.002443058	0.0007856807	0.0007362067	0.000140666	0.0001393943	0.0001390034	0.0001387238	NA	NA	NA	NA	NA	NA	NA	NA	NA	NA	NA	NA	NA	NA	NA	NA	NA	NA
12	0.9736929	0.009495646	0.0047802	0.003571491	0.003046069	0.001682525	4.833268e-05	3.891196e-05	2.883755e-05	2.756999e-05	2.718277e-05	2.690568e-05	NA	NA	NA	NA	NA	NA	NA	NA	NA	NA	NA	NA	NA	NA	NA	NA	NA
13	0.8983588	0.8936079	0.005981156	0.001333912	0.0001300661	6.572029e-05	4.913208e-05	3.177289e-05	2.279745e-05	1.364739e-05	1.361983e-05	1.351252e-05	1.3408e-05	NA	NA	NA	NA	NA	NA	NA	NA	NA	NA	NA	NA	NA	NA	NA	NA
14	0.9772729	0.8946619	0.8934576	0.005958341	0.001312474	0.0001088811	4.468708e-05	3.250637e-05	1.516717e-05	1.506385e-05	1.328197e-05	1.325445e-05	1.314729e-05	1.304279e-05	NA	NA	NA	NA	NA	NA	NA	NA	NA	NA	NA	NA	NA	NA	NA
15	0.9545545	0.9497236	0.8938795	0.8927897	0.005532533	0.001256599	7.996495e-05	1.827866e-05	1.688802e-05	1.329662e-05	1.320123e-05	1.147908e-05	1.147348e-05	1.147252e-05	1.147216e-05	NA	NA	NA	NA	NA	NA	NA	NA	NA	NA	NA	NA	NA	NA
16	0.01920788	0.009619999	0.007786929	0.006612476	0.005545044	0.005515935	0.001242598	6.605045e-05	4.383767e-06	3.039731e-06	8.791769e-08	7.273543e-08	5.793179e-08	5.255339e-08	5.178701e-08	5.156071e-08	NA	NA	NA	NA	NA	NA	NA	NA	NA	NA	NA	NA	NA
17	0.02274457	0.01408893	0.005312892	0.003484728	0.002447162	0.002390308	0.002364485	0.0006554154	9.333565e-06	4.104922e-06	3.002287e-06	5.361446e-08	3.862698e-08	2.385067e-08	2.348221e-08	2.301537e-08	2.287269e-08	NA	NA	NA	NA	NA	NA	NA	NA	NA	NA	NA	NA
18	0.2882449	0.01784633	0.01238972	0.003625613	0.001800309	0.000767039	0.0007119181	0.000686203	0.0006354084	8.734216e-06	4.080202e-06	3.00088e-06	5.225173e-08	3.726816e-08	2.269651e-08	2.253934e-08	2.212474e-08	2.198239e-08	NA	NA	NA	NA	NA	NA	NA	NA	NA	NA	NA
19	0.03713536	0.03214974	0.01704118	0.01164576	0.002890947	0.001112544	8.542314e-05	3.282615e-05	7.262101e-06	7.207624e-06	6.849101e-06	3.886842e-06	2.992424e-06	5.076151e-08	3.578234e-08	2.12137e-08	2.110053e-08	2.081563e-08	2.068974e-08	NA	NA	NA	NA	NA	NA	NA	NA	NA	NA
20	0.216922	0.02721615	0.0249905	0.01003808	0.009823089	0.001068625	0.001057541	3.058601e-05	2.953644e-05	3.976346e-06	3.936592e-06	3.900065e-06	3.879325e-06	2.991555e-06	5.06743e-08	3.569529e-08	2.112796e-08	2.106489e-08	2.078094e-08	2.06557e-08	NA	NA	NA	NA	NA	NA	NA	NA	NA
21	0.9663458	0.1926265	0.003489961	0.001270681	0.0006631969	0.0004496863	0.0001217749	0.0001107068	7.664759e-06	6.621967e-06	3.972813e-06	3.933216e-06	3.896693e-06	3.875953e-06	2.988183e-06	4.730562e-08	3.263887e-08	2.102908e-08	2.096602e-08	2.068206e-08	2.055682e-08	NA	NA	NA	NA	NA	NA	NA	NA
22	0.1057366	0.1046212	0.07654544	0.002200722	0.0009056931	0.0004328853	0.0004308665	0.000103874	0.0001036833	3.302822e-06	3.273908e-06	6.890075e-07	6.842245e-07	6.830429e-07	6.76538e-07	4.794944e-08	4.655626e-08	3.18909e-08	2.028111e-08	2.023443e-08	2.003111e-08	2.000042e-08	NA	NA	NA	NA	NA	NA	NA
23	0.01854918	0.01384296	0.0128681	0.004155472	0.001924367	0.0006390035	0.0004276277	0.0004256129	0.0001036086	0.000103418	3.260685e-06	3.23181e-06	6.750924e-07	6.703106e-07	6.69129e-07	6.626241e-07	3.403556e-08	3.264238e-08	3.18574e-08	2.027885e-08	2.023216e-08	2.002884e-08	1.999816e-08	NA	NA	NA	NA	NA	NA
24	0.9268781	0.01730248	0.01259626	0.0116214	0.002911136	0.0006800307	0.0006390035	0.0004276277	0.0004256129	0.0001036086	0.000103418	3.260685e-06	3.23181e-06	6.750924e-07	6.703106e-07	6.69129e-07	6.626241e-07	3.403556e-08	3.264238e-08	3.18574e-08	2.027885e-08	2.023216e-08	2.002884e-08	1.999816e-08	NA	NA	NA	NA	NA
25	0.02920881	0.02920263	0.005555702	0.002944774	0.002865764	0.00239761	0.0002735811	0.0002349875	0.0001165578	0.0001155096	9.808729e-05	9.792327e-05	2.937685e-06	2.922547e-06	6.63007e-07	6.585024e-07	6.573274e-07	6.508225e-07	2.223397e-08	2.084079e-08	2.028404e-08	2.027885e-08	2.023216e-08	2.002884e-08	1.999816e-08	NA	NA	NA	NA
26	0.009562538	0.008667732	0.008663041	0.004822085	0.002449732	0.002406786	0.002233366	0.0002708564	0.0002335231	0.0001155392	0.0001147255	9.731838e-05	9.728051e-05	2.297147e-06	2.284236e-06	2.622356e-08	2.187069e-08	2.17227e-08	2.169092e-08	2.168191e-08	2.056115e-08	2.000439e-08	1.99992e-08	1.999893e-08	1.999848e-08	1.999816e-08	NA	NA	NA
27	0.1783335	0.009178461	0.008584604	0.008580099	0.004786984	0.002415731	0.002374544	0.002232563	0.000270486	0.0002331694	0.0001151879	0.0001147141	9.730723e-05	9.727919e-05	2.295874e-06	2.283077e-06	2.508947e-08	2.073738e-08	2.059047e-08	2.05601e-08	2.05601e-08	2.05601e-08	2.000335e-08	1.999816e-08	1.999816e-08	1.999816e-08	1.999816e-08	NA	NA
28	0.9848228	0.1723799	0.009113833	0.008526163	0.00852172	0.004737397	0.002393169	0.002352074	0.002212955	0.000269174	0.0002320283	0.0001149785	0.0001145051	9.730317e-05	9.727515e-05	2.29533e-06	2.28254e-06	2.458739e-08	2.023544e-08	2.008853e-08	2.005817e-08	2.005817e-08	2.005817e-08	1.999901e-08	1.999816e-08	1.999816e-08	1.999816e-08	1.999816e-08	NA
29	0.9913016	0.98403	0.1719999	0.009085601	0.008498943	0.008494512	0.004710795	0.002392033	0.002350946	0.002212771	0.0002690425	0.0002319013	0.0001148694	0.0001143961	9.7301e-05	9.727298e-05	2.295302e-06	2.282512e-06	2.457676e-08	2.022483e-08	2.007793e-08	2.004756e-08	2.004756e-08	2.004756e-08	1.999816e-08	1.999816e-08	1.999816e-08	1.999816e-08	1.999816e-08
