#unpaired probabilities
 #i$	l=1	2	3	4	5	6	7	8	9	10	11	12	13	14	15	16	17	18	19	20	21	22	23	24	25	26	27	28	29	30	
1	0.04228942	NA	NA	NA	NA	NA	NA	NA	NA	NA	NA	NA	NA	NA	NA	NA	NA	NA	NA	NA	NA	NA	NA	NA	NA	NA	NA	NA	NA	NA
2	0.03309626	0.03301115	NA	NA	NA	NA	NA	NA	NA	NA	NA	NA	NA	NA	NA	NA	NA	NA	NA	NA	NA	NA	NA	NA	NA	NA	NA	NA	NA	NA
3	0.03302229	0.03298466	0.03292383	NA	NA	NA	NA	NA	NA	NA	NA	NA	NA	NA	NA	NA	NA	NA	NA	NA	NA	NA	NA	NA	NA	NA	NA	NA	NA	NA
4	0.03308941	0.03298017	0.03296666	0.03290587	NA	NA	NA	NA	NA	NA	NA	NA	NA	NA	NA	NA	NA	NA	NA	NA	NA	NA	NA	NA	NA	NA	NA	NA	NA	NA
5	0.0291785	0.0257297	0.02570423	0.02569094	0.02566329	NA	NA	NA	NA	NA	NA	NA	NA	NA	NA	NA	NA	NA	NA	NA	NA	NA	NA	NA	NA	NA	NA	NA	NA	NA
6	0.1641282	0.02726207	0.02513272	0.02511994	0.02511945	0.02511938	NA	NA	NA	NA	NA	NA	NA	NA	NA	NA	NA	NA	NA	NA	NA	NA	NA	NA	NA	NA	NA	NA	NA	NA
7	0.9564492	0.1389063	0.002565174	0.0004373372	0.0004247742	0.0004243315	0.0004242634	NA	NA	NA	NA	NA	NA	NA	NA	NA	NA	NA	NA	NA	NA	NA	NA	NA	NA	NA	NA	NA	NA	NA
8	0.9619406	0.9548371	0.1384012	0.002140303	1.437283e-05	2.338518e-06	2.148608e-06	2.147449e-06	NA	NA	NA	NA	NA	NA	NA	NA	NA	NA	NA	NA	NA	NA	NA	NA	NA	NA	NA	NA	NA	NA
9	0.9589781	0.957855	0.950766	0.1380642	0.002133141	1.194627e-05	2.423199e-07	1.215116e-07	1.211126e-07	NA	NA	NA	NA	NA	NA	NA	NA	NA	NA	NA	NA	NA	NA	NA	NA	NA	NA	NA	NA	NA
10	0.4300824	0.4260045	0.4248848	0.4177962	0.06351066	0.001030413	5.863775e-06	2.034957e-07	1.073286e-07	1.070324e-07	NA	NA	NA	NA	NA	NA	NA	NA	NA	NA	NA	NA	NA	NA	NA	NA	NA	NA	NA	NA
11	0.3042445	0.2680176	0.2649006	0.2638485	0.257268	0.04098174	0.0006713668	3.879218e-06	9.658469e-08	7.998932e-08	7.984433e-08	NA	NA	NA	NA	NA	NA	NA	NA	NA	NA	NA	NA	NA	NA	NA	NA	NA	NA	NA
12	0.4512931	0.03856952	0.0263456	0.02538378	0.02512556	0.02403011	0.003842037	7.289089e-05	5.080892e-07	7.378742e-08	7.156637e-08	7.153683e-08	NA	NA	NA	NA	NA	NA	NA	NA	NA	NA	NA	NA	NA	NA	NA	NA	NA	NA
13	0.9985192	0.4506976	0.03852149	0.02634474	0.02538299	0.0251248	0.02402936	0.003841287	7.288703e-05	5.080433e-07	7.377234e-08	7.155148e-08	7.152194e-08	NA	NA	NA	NA	NA	NA	NA	NA	NA	NA	NA	NA	NA	NA	NA	NA	NA
14	0.2418698	0.2418675	0.002687186	0.0001545752	8.840247e-05	8.490206e-05	7.671278e-05	7.26643e-05	1.331083e-05	3.125457e-07	6.066416e-08	5.903011e-08	5.890568e-08	5.889914e-08	NA	NA	NA	NA	NA	NA	NA	NA	NA	NA	NA	NA	NA	NA	NA	NA
15	0.0111645	0.01074867	0.01074694	7.619337e-05	4.42694e-05	9.992578e-06	9.813819e-06	2.377014e-06	9.971512e-07	2.31966e-07	5.969709e-08	5.569892e-08	5.565593e-08	5.564495e-08	5.563976e-08	NA	NA	NA	NA	NA	NA	NA	NA	NA	NA	NA	NA	NA	NA	NA
16	0.01151078	0.005499222	0.005294971	0.005293446	6.789918e-05	4.315034e-05	9.095794e-06	8.942537e-06	1.512833e-06	3.034991e-07	1.061958e-07	5.574892e-08	5.380504e-08	5.377858e-08	5.376901e-08	5.376384e-08	NA	NA	NA	NA	NA	NA	NA	NA	NA	NA	NA	NA	NA	NA
17	0.005019104	0.004050075	0.003983108	0.003793534	0.003792064	5.550547e-05	3.39476e-05	1.300769e-07	1.073912e-07	6.33496e-08	6.272089e-08	5.486397e-08	5.369811e-08	5.290807e-08	5.290088e-08	5.290049e-08	5.290042e-08	NA	NA	NA	NA	NA	NA	NA	NA	NA	NA	NA	NA	NA
18	0.004661265	0.004534779	0.003719559	0.003680188	0.00363237	0.003630903	5.452756e-05	3.387712e-05	6.232083e-08	3.991637e-08	4.13749e-09	3.599297e-09	1.99182e-09	1.142703e-09	3.566566e-10	3.49776e-10	3.495355e-10	3.495101e-10	NA	NA	NA	NA	NA	NA	NA	NA	NA	NA	NA	NA
19	0.007625453	0.0009367431	0.0009096682	9.465442e-05	5.788742e-05	5.577297e-05	5.430692e-05	5.391905e-05	3.387514e-05	6.090351e-08	3.858578e-08	2.996649e-09	2.644974e-09	1.539763e-09	7.948517e-10	1.050453e-11	3.854205e-12	3.720749e-12	3.719396e-12	NA	NA	NA	NA	NA	NA	NA	NA	NA	NA	NA
20	0.9957482	0.00752221	0.0009123786	0.0008861049	7.111392e-05	3.438451e-05	3.432052e-05	3.43204e-05	3.407909e-05	3.387466e-05	6.044266e-08	3.812912e-08	2.551859e-09	2.212445e-09	1.464876e-09	7.907094e-10	7.870182e-12	1.5291e-12	1.47094e-12	1.470157e-12	NA	NA	NA	NA	NA	NA	NA	NA	NA	NA
21	0.9945837	0.9943031	0.00745764	0.0008872756	0.0008613447	4.891546e-05	3.23236e-05	3.22666e-05	3.226654e-05	3.203122e-05	3.182775e-05	5.620619e-08	3.636206e-08	2.096809e-09	1.887479e-09	1.284372e-09	7.841527e-10	7.796236e-12	1.511553e-12	1.458372e-12	1.457963e-12	NA	NA	NA	NA	NA	NA	NA	NA	NA
22	0.9959642	0.9944395	0.9941812	0.00734296	0.0008862903	0.0008603835	4.847373e-05	3.225681e-05	3.220048e-05	3.220043e-05	3.196685e-05	3.176358e-05	5.214296e-08	3.543381e-08	1.196814e-09	9.924028e-10	4.880952e-10	5.100491e-12	1.331416e-13	8.976508e-14	8.725445e-14	8.720433e-14	NA	NA	NA	NA	NA	NA	NA	NA
23	0.9999353	0.9959271	0.9944025	0.9941442	0.007305983	0.0008493135	0.0008234068	4.846967e-05	3.225503e-05	3.219871e-05	3.219866e-05	3.19651e-05	3.176322e-05	5.179841e-08	3.508934e-08	8.523453e-10	6.479344e-10	1.451925e-10	3.405953e-12	1.145606e-13	8.668958e-14	8.428359e-14	8.423406e-14	NA	NA	NA	NA	NA	NA	NA
24	0.01012178	0.01011015	0.009866003	0.008361904	0.008230587	0.00648859	4.277674e-05	1.687081e-05	1.657867e-05	6.892775e-07	6.33363e-07	6.333314e-07	4.00423e-07	1.986776e-07	4.589107e-08	3.007769e-08	6.339142e-10	4.472358e-10	1.08426e-10	2.098333e-12	1.009326e-13	8.137758e-14	8.018201e-14	8.015667e-14	NA	NA	NA	NA	NA	NA
25	0.003542374	0.003488304	0.003488271	0.003268623	0.001765522	0.00176384	3.037374e-05	2.668516e-05	7.798571e-07	6.35544e-07	5.20265e-07	4.651608e-07	4.651498e-07	2.330289e-07	3.145566e-08	3.021613e-08	2.978861e-08	3.468912e-10	1.766833e-10	5.935252e-11	1.177259e-12	8.869799e-14	7.918965e-14	7.807693e-14	7.805659e-14	NA	NA	NA	NA	NA
26	0.00234526	0.001970621	0.001952861	0.00195284	0.001740595	0.001739372	0.001737692	4.226578e-06	5.38244e-07	5.250813e-07	3.807761e-07	2.655003e-07	2.642814e-07	2.642704e-07	3.300386e-08	3.145465e-08	3.021515e-08	2.978763e-08	3.459099e-10	1.75702e-10	5.86563e-11	1.166167e-12	8.339474e-14	7.605726e-14	7.496227e-14	7.49421e-14	NA	NA	NA	NA
27	0.005659964	0.0001055932	5.982514e-05	4.424199e-05	4.422395e-05	4.990098e-06	4.097654e-06	4.057177e-06	3.932187e-06	2.758873e-07	2.630882e-07	2.621573e-07	2.34426e-07	2.332949e-07	2.332846e-07	2.043478e-09	4.990969e-10	3.553184e-10	3.445951e-10	3.373804e-10	1.676835e-10	5.713292e-11	1.123569e-12	6.794576e-14	6.232107e-14	6.215406e-14	6.214973e-14	NA	NA	NA
28	0.01262209	0.004085805	9.85677e-05	5.636321e-05	4.154446e-05	4.152669e-05	2.586148e-06	1.694659e-06	1.688877e-06	1.68289e-06	2.641463e-07	2.51349e-07	2.513007e-07	2.342003e-07	2.330699e-07	2.330596e-07	1.820099e-09	2.758875e-10	2.510796e-10	2.422955e-10	2.362841e-10	1.671749e-10	5.707757e-11	1.121366e-12	6.696632e-14	6.135852e-14	6.119659e-14	6.119535e-14	NA	NA
29	0.007830285	0.003443748	0.001616261	3.88531e-05	2.621851e-06	1.838333e-06	1.837933e-06	1.664174e-06	1.450296e-06	1.450244e-06	1.444377e-06	2.567569e-08	2.052134e-08	2.047391e-08	3.373628e-09	2.273156e-09	2.262817e-09	1.741317e-09	2.754175e-10	2.506114e-10	2.418278e-10	2.358167e-10	1.667075e-10	5.701331e-11	1.060589e-12	6.478795e-15	1.113735e-15	1.077591e-15	1.077345e-15	NA
30	0.2126986	0.004473647	0.003428032	0.00161101	3.843662e-05	2.306799e-06	1.575391e-06	1.575008e-06	1.449123e-06	1.447929e-06	1.447884e-06	1.442026e-06	2.332792e-08	1.919816e-08	1.915097e-08	2.050705e-09	9.580855e-10	9.477471e-10	4.585808e-10	2.753741e-10	2.505688e-10	2.417856e-10	2.357745e-10	1.666653e-10	5.700962e-11	1.059657e-12	5.786247e-15	5.469449e-16	5.118274e-16	5.115964e-16
31	0.4512847	0.1948443	0.004141231	0.003281766	0.001562154	3.675063e-05	7.162181e-07	7.412894e-08	7.380977e-08	7.204522e-09	6.256555e-09	6.231339e-09	6.1487e-09	6.139639e-09	2.010957e-09	1.972033e-09	1.944669e-09	8.522835e-10	8.419451e-10	3.528192e-10	1.696211e-10	1.666744e-10	1.666623e-10	1.66662e-10	1.666619e-10	5.70063e-11	1.059142e-12	5.780458e-15	5.447604e-16	5.097049e-16
32	0.8327556	0.2945181	0.05272309	0.003432036	0.002692792	0.001561394	3.653491e-05	6.774401e-07	6.92125e-08	6.889342e-08	2.452335e-09	2.089681e-09	2.064587e-09	1.982145e-09	1.973095e-09	1.966405e-09	1.927493e-09	1.900133e-09	8.381072e-10	8.277688e-10	3.428019e-10	1.693761e-10	1.664295e-10	1.664174e-10	1.664171e-10	1.66417e-10	5.699186e-11	1.059093e-12	5.749919e-15	5.239133e-16
33	0.9997962	0.8327553	0.2945178	0.05272284	0.003432015	0.002692774	0.001561376	3.653487e-05	6.774081e-07	6.918054e-08	6.886146e-08	2.420394e-09	2.057739e-09	2.033242e-09	1.9508e-09	1.94175e-09	1.93506e-09	1.927493e-09	1.900133e-09	8.381072e-10	8.277688e-10	3.428019e-10	1.693761e-10	1.664295e-10	1.664174e-10	1.664171e-10	1.66417e-10	5.699186e-11	1.059093e-12	5.749667e-15
34	0.9481888	0.9481796	0.7894579	0.2743688	0.04340822	0.001696775	0.001565184	0.001557019	3.284962e-05	2.971383e-07	6.087078e-08	6.055387e-08	1.198442e-09	9.10744e-10	8.884835e-10	8.11213e-10	8.023425e-10	7.988767e-10	7.913134e-10	7.639642e-10	7.629776e-10	7.526392e-10	3.156098e-10	1.508252e-10	1.478786e-10	1.478665e-10	1.478663e-10	1.478662e-10	5.691756e-11	1.059081e-12
35	0.2040199	0.156452	0.1564514	0.1254111	0.05021569	0.008088211	0.001556065	0.001530247	0.00152517	1.737666e-06	2.87621e-08	1.151525e-08	1.151319e-08	3.986795e-10	3.161928e-10	3.124538e-10	2.702451e-10	2.62586e-10	2.602171e-10	2.526827e-10	2.253628e-10	2.252596e-10	2.252596e-10	2.245955e-10	5.992169e-11	5.697506e-11	5.696296e-11	5.696273e-11	5.696264e-11	5.691205e-11
36	0.005107504	0.003554686	0.003269746	0.003269737	0.002148357	0.0009118589	0.0001284625	1.368426e-05	9.133311e-06	9.032507e-06	2.695095e-08	1.168421e-09	2.54261e-10	2.542171e-10	4.844117e-11	4.749862e-11	4.613386e-11	1.403817e-11	1.391547e-11	1.179556e-11	4.291498e-12	4.103596e-12	4.085345e-12	4.08534e-12	4.006112e-12	4.003888e-12	1.071491e-12	1.0594e-12	1.059168e-12	1.059076e-12
37	0.001037186	0.0001810796	0.0001742476	0.0001701431	0.0001701422	0.0001313874	7.564827e-05	1.093711e-05	2.103819e-06	2.71346e-07	2.332158e-07	1.174194e-09	6.387276e-11	1.82762e-11	1.827331e-11	2.349057e-12	2.222955e-12	1.602204e-12	1.174164e-12	1.172275e-12	3.042294e-13	2.215955e-13	2.185892e-13	2.018797e-13	2.018751e-13	1.254921e-13	1.245348e-13	4.518693e-14	4.006066e-14	4.001727e-14
38	6.306884e-05	7.774022e-06	6.738979e-06	6.676672e-06	6.637886e-06	6.637506e-06	6.174008e-06	5.335193e-06	1.423557e-06	3.588084e-07	2.432566e-08	1.969214e-08	6.809888e-11	1.15148e-11	8.032411e-12	8.03024e-12	3.128711e-13	2.640943e-13	2.570313e-13	2.012582e-13	2.008495e-13	1.002969e-13	9.391082e-14	9.332022e-14	7.672585e-14	7.672131e-14	1.342181e-15	9.804946e-16	7.162603e-16	6.829781e-16
39	8.415576e-05	2.321104e-06	1.855429e-06	1.817071e-06	1.813912e-06	1.803813e-06	1.803439e-06	1.757486e-06	1.234056e-06	1.160971e-06	3.097652e-07	2.202655e-08	1.770578e-08	6.21131e-11	1.119733e-11	7.917458e-12	7.915335e-12	2.802576e-13	2.326388e-13	2.299126e-13	1.904437e-13	1.902021e-13	9.7743e-14	9.276973e-14	9.222379e-14	7.563478e-14	7.563024e-14	8.356033e-16	4.793417e-16	4.703047e-16
40	0.009068231	5.48313e-05	2.215362e-06	1.788645e-06	1.776969e-06	1.77454e-06	1.769839e-06	1.769466e-06	1.73278e-06	1.210838e-06	1.158381e-06	3.093775e-07	2.201159e-08	1.76925e-08	6.208488e-11	1.119509e-11	7.916296e-12	7.914173e-12	2.799682e-13	2.323606e-13	2.296657e-13	1.902992e-13	1.901159e-13	9.769954e-14	9.273614e-14	9.221492e-14	7.562709e-14	7.562255e-14	8.331522e-16	4.76922e-16
41	0.9999996	0.009068061	5.483085e-05	2.214969e-06	1.788253e-06	1.776578e-06	1.77454e-06	1.769839e-06	1.769466e-06	1.73278e-06	1.210838e-06	1.158381e-06	3.093775e-07	2.201159e-08	1.76925e-08	6.208483e-11	1.119505e-11	7.916248e-12	7.914125e-12	2.799204e-13	2.323128e-13	2.29654e-13	1.902875e-13	1.901042e-13	9.768783e-14	9.273614e-14	9.221492e-14	7.562709e-14	7.562255e-14	8.331522e-16
42	0.9923751	0.9923746	0.009063648	5.481082e-05	2.213197e-06	1.787765e-06	1.776124e-06	1.774086e-06	1.769387e-06	1.769371e-06	1.732688e-06	1.210791e-06	1.158335e-06	3.09369e-07	2.201002e-08	1.769238e-08	6.207311e-11	1.119264e-11	7.914447e-12	7.914071e-12	2.799044e-13	2.323068e-13	2.29648e-13	1.902815e-13	1.900982e-13	9.768257e-14	9.273087e-14	9.220966e-14	7.562247e-14	7.562247e-14
43	0.993036	0.9922155	0.9922151	0.009062893	5.480208e-05	2.209873e-06	1.787649e-06	1.776016e-06	1.773978e-06	1.76928e-06	1.769264e-06	1.732582e-06	1.210784e-06	1.158328e-06	3.093633e-07	2.200517e-08	1.769205e-08	6.207039e-11	1.119133e-11	7.914392e-12	7.914016e-12	2.798824e-13	2.323045e-13	2.296457e-13	1.902792e-13	1.900959e-13	9.768142e-14	9.272973e-14	9.220853e-14	7.562238e-14
