#unpaired probabilities
 #i$	l=1	2	3	4	5	6	7	8	9	10	11	12	13	14	15	16	17	18	19	20	21	22	23	24	25	26	27	28	29	30	
1	0.0235177	NA	NA	NA	NA	NA	NA	NA	NA	NA	NA	NA	NA	NA	NA	NA	NA	NA	NA	NA	NA	NA	NA	NA	NA	NA	NA	NA	NA	NA
2	0.0001603106	0.0001150078	NA	NA	NA	NA	NA	NA	NA	NA	NA	NA	NA	NA	NA	NA	NA	NA	NA	NA	NA	NA	NA	NA	NA	NA	NA	NA	NA	NA
3	2.763412e-05	4.72584e-06	4.369497e-06	NA	NA	NA	NA	NA	NA	NA	NA	NA	NA	NA	NA	NA	NA	NA	NA	NA	NA	NA	NA	NA	NA	NA	NA	NA	NA	NA
4	0.001541504	6.806246e-06	3.195103e-06	2.964687e-06	NA	NA	NA	NA	NA	NA	NA	NA	NA	NA	NA	NA	NA	NA	NA	NA	NA	NA	NA	NA	NA	NA	NA	NA	NA	NA
5	0.0001124378	1.067821e-05	2.096577e-06	7.379611e-07	6.259927e-07	NA	NA	NA	NA	NA	NA	NA	NA	NA	NA	NA	NA	NA	NA	NA	NA	NA	NA	NA	NA	NA	NA	NA	NA	NA
6	0.00132205	4.94558e-05	6.690771e-06	2.031484e-06	6.892518e-07	5.941971e-07	NA	NA	NA	NA	NA	NA	NA	NA	NA	NA	NA	NA	NA	NA	NA	NA	NA	NA	NA	NA	NA	NA	NA	NA
7	0.01478769	0.0004217158	2.746162e-05	9.083154e-07	1.205601e-07	6.610363e-08	6.171502e-08	NA	NA	NA	NA	NA	NA	NA	NA	NA	NA	NA	NA	NA	NA	NA	NA	NA	NA	NA	NA	NA	NA	NA
8	0.002190682	0.002113314	1.689163e-05	1.68713e-07	1.497154e-08	3.253494e-09	2.277257e-09	2.209994e-09	NA	NA	NA	NA	NA	NA	NA	NA	NA	NA	NA	NA	NA	NA	NA	NA	NA	NA	NA	NA	NA	NA
9	0.0001032096	4.4209e-05	3.791259e-05	8.029076e-08	1.005619e-08	1.073606e-09	6.260309e-10	4.953576e-10	4.919571e-10	NA	NA	NA	NA	NA	NA	NA	NA	NA	NA	NA	NA	NA	NA	NA	NA	NA	NA	NA	NA	NA
10	7.828574e-05	1.603224e-06	1.334596e-06	1.331365e-06	4.497849e-09	6.980639e-10	4.817332e-10	3.552234e-10	2.37676e-10	2.354872e-10	NA	NA	NA	NA	NA	NA	NA	NA	NA	NA	NA	NA	NA	NA	NA	NA	NA	NA	NA	NA
11	0.01269559	5.210051e-05	1.25573e-06	1.056518e-06	1.054972e-06	3.45817e-09	4.569462e-10	3.580818e-10	3.482258e-10	2.30741e-10	2.285579e-10	NA	NA	NA	NA	NA	NA	NA	NA	NA	NA	NA	NA	NA	NA	NA	NA	NA	NA	NA
12	1	0.01269559	5.210027e-05	1.255491e-06	1.056279e-06	1.054935e-06	3.421136e-09	4.199116e-10	3.580818e-10	3.482258e-10	2.30741e-10	2.285579e-10	NA	NA	NA	NA	NA	NA	NA	NA	NA	NA	NA	NA	NA	NA	NA	NA	NA	NA
13	0.9998484	0.9998484	0.01262736	5.200672e-05	1.22239e-06	1.023181e-06	1.021862e-06	3.192617e-09	2.910253e-10	2.319096e-10	2.222817e-10	2.185782e-10	2.174253e-10	NA	NA	NA	NA	NA	NA	NA	NA	NA	NA	NA	NA	NA	NA	NA	NA	NA
14	0.998876	0.9987244	0.9987244	0.01261882	5.19373e-05	1.198506e-06	9.993073e-07	9.980086e-07	3.082707e-09	2.874819e-10	2.303625e-10	2.210796e-10	2.175413e-10	2.171305e-10	NA	NA	NA	NA	NA	NA	NA	NA	NA	NA	NA	NA	NA	NA	NA	NA
15	1	0.998876	0.9987244	0.9987244	0.01261882	5.193716e-05	1.19837e-06	9.991715e-07	9.980085e-07	3.082607e-09	2.873821e-10	2.303625e-10	2.210796e-10	2.175413e-10	2.171305e-10	NA	NA	NA	NA	NA	NA	NA	NA	NA	NA	NA	NA	NA	NA	NA
16	0.01473523	0.01473523	0.0136112	0.01345964	0.01345964	0.01245438	5.185708e-05	1.198247e-06	9.990551e-07	9.978923e-07	2.969356e-09	1.862181e-10	1.293057e-10	1.210911e-10	1.18814e-10	1.187605e-10	NA	NA	NA	NA	NA	NA	NA	NA	NA	NA	NA	NA	NA	NA
17	0.002444665	0.002353915	0.002353915	0.001229888	0.001078325	0.001078325	0.0001260256	5.180898e-05	1.198114e-06	9.989286e-07	9.977662e-07	2.846477e-09	7.034829e-11	1.349831e-11	6.186461e-12	5.823011e-12	5.795633e-12	NA	NA	NA	NA	NA	NA	NA	NA	NA	NA	NA	NA	NA
18	0.002431349	0.002303571	0.002303272	0.002303272	0.001179273	0.00102771	0.00102771	7.636697e-05	2.257337e-06	1.197415e-06	9.982294e-07	9.970672e-07	2.147622e-09	5.939728e-11	8.760865e-12	3.686588e-12	3.329611e-12	3.309791e-12	NA	NA	NA	NA	NA	NA	NA	NA	NA	NA	NA	NA
19	0.001271112	0.001031257	0.001027612	0.00102751	0.00102751	0.001027507	0.001027507	0.001027507	7.616412e-05	2.054492e-06	9.945784e-07	9.945144e-07	9.935358e-07	2.142739e-09	5.868521e-11	8.617679e-12	3.579643e-12	3.222737e-12	3.202928e-12	NA	NA	NA	NA	NA	NA	NA	NA	NA	NA	NA
20	0.01875824	0.001212636	0.001030966	0.00102761	0.001027509	0.001027509	0.001027507	0.001027507	0.001027507	7.616377e-05	2.054142e-06	9.942285e-07	9.941646e-07	9.935357e-07	2.142673e-09	5.861953e-11	8.617679e-12	3.579643e-12	3.222737e-12	3.202928e-12	NA	NA	NA	NA	NA	NA	NA	NA	NA	NA
21	0.9960424	0.01480088	0.001200456	0.001030717	0.001027609	0.001027509	0.001027509	0.001027507	0.001027506	0.001027506	7.61632e-05	2.053573e-06	9.93659e-07	9.93595e-07	9.935355e-07	2.142476e-09	5.842159e-11	8.617679e-12	3.579643e-12	3.222737e-12	3.202928e-12	NA	NA	NA	NA	NA	NA	NA	NA	NA
22	0.9976422	0.9936847	0.01250593	0.0001809963	1.299838e-05	1.044015e-05	1.040227e-05	1.040194e-05	1.040003e-05	1.03999e-05	1.039971e-05	7.271799e-06	1.060321e-06	9.936578e-07	9.935939e-07	9.935344e-07	2.141389e-09	5.774937e-11	7.945463e-12	2.920116e-12	2.669323e-12	2.654289e-12	NA	NA	NA	NA	NA	NA	NA	NA
23	0.9976861	0.997619	0.9936621	0.0124929	0.0001711863	3.512336e-06	1.056486e-06	1.035061e-06	1.03473e-06	1.032842e-06	1.032706e-06	1.032523e-06	1.025298e-06	1.014701e-06	9.936571e-07	9.935932e-07	9.935337e-07	2.14067e-09	5.748698e-11	7.683068e-12	2.660225e-12	2.640144e-12	2.6259e-12	NA	NA	NA	NA	NA	NA	NA
24	0.9978276	0.9976557	0.9975889	0.9936319	0.01248067	0.0001710802	3.457589e-06	1.017257e-06	9.962986e-07	9.959669e-07	9.940883e-07	9.939517e-07	9.937689e-07	9.936948e-07	9.936915e-07	9.936561e-07	9.935922e-07	9.935327e-07	2.139689e-09	5.74811e-11	7.677196e-12	2.654352e-12	2.635477e-12	2.624622e-12	NA	NA	NA	NA	NA	NA
25	0.000932319	0.0009002733	0.0008929907	0.0008316115	0.0008271336	3.16938e-05	5.09015e-07	9.66705e-09	2.357263e-09	2.294309e-09	2.293772e-09	2.185479e-09	2.18441e-09	2.18423e-09	2.179062e-09	2.175749e-09	2.140429e-09	2.140088e-09	2.139352e-09	2.139061e-09	5.685389e-11	7.059954e-12	2.650404e-12	2.631529e-12	2.620673e-12	NA	NA	NA	NA	NA
26	0.0001977174	0.0001029515	8.67438e-05	7.983734e-05	1.855885e-05	1.841909e-05	8.695498e-07	1.418936e-08	4.013699e-10	1.655645e-10	1.631574e-10	1.628827e-10	5.996503e-11	5.934715e-11	5.931163e-11	5.878558e-11	5.824318e-11	5.821121e-11	5.787055e-11	5.713467e-11	5.684405e-11	5.684365e-11	7.049716e-12	2.640165e-12	2.622573e-12	2.620673e-12	NA	NA	NA	NA
27	0.001540996	1.514684e-05	7.896611e-06	3.460756e-06	3.12833e-06	1.797488e-06	1.780096e-06	1.032119e-07	2.051718e-09	1.351465e-10	9.498242e-11	9.450284e-11	9.423585e-11	8.689003e-12	8.41505e-12	8.383757e-12	7.905843e-12	7.374286e-12	7.342324e-12	7.181241e-12	7.173831e-12	7.009982e-12	7.00958e-12	7.006927e-12	2.640165e-12	2.622573e-12	2.620673e-12	NA	NA	NA
28	3.606059e-05	1.341668e-05	3.308649e-06	3.230013e-06	7.542934e-07	6.097212e-07	5.005642e-07	4.993469e-07	4.764275e-08	1.143724e-09	1.149783e-10	8.999729e-11	8.97129e-11	8.966298e-11	4.137295e-12	3.896735e-12	3.887961e-12	3.434327e-12	2.912356e-12	2.881934e-12	2.723804e-12	2.716466e-12	2.640567e-12	2.640165e-12	2.640165e-12	2.640165e-12	2.622573e-12	2.620673e-12	NA	NA
29	0.000142528	1.364327e-05	1.213407e-05	3.262123e-06	3.219123e-06	7.456164e-07	6.017721e-07	4.96209e-07	4.950246e-07	4.744259e-08	1.139664e-09	1.144882e-10	8.956428e-11	8.928063e-11	8.923091e-11	3.705278e-12	3.464757e-12	3.456007e-12	3.056582e-12	2.88751e-12	2.862266e-12	2.704137e-12	2.696798e-12	2.6209e-12	2.620848e-12	2.620848e-12	2.620848e-12	2.620805e-12	2.620673e-12	NA
30	0.02354736	0.0001242815	1.360781e-05	1.212536e-05	3.260128e-06	3.219067e-06	7.455712e-07	6.017301e-07	4.961817e-07	4.949975e-07	4.744071e-08	1.139638e-09	1.144861e-10	8.956293e-11	8.92793e-11	8.922957e-11	3.703946e-12	3.463428e-12	3.454679e-12	3.055618e-12	2.886835e-12	2.862039e-12	2.70391e-12	2.696571e-12	2.620673e-12	2.620673e-12	2.620673e-12	2.620673e-12	2.620673e-12	2.620673e-12
