#unpaired probabilities
 #i$	l=1	2	3	4	5	6	7	8	9	10	11	12	13	14	15	16	17	18	19	20	21	22	23	24	25	26	27	28	29	30	
1	0.5741219	NA	NA	NA	NA	NA	NA	NA	NA	NA	NA	NA	NA	NA	NA	NA	NA	NA	NA	NA	NA	NA	NA	NA	NA	NA	NA	NA	NA	NA
2	0.6912433	0.4345176	NA	NA	NA	NA	NA	NA	NA	NA	NA	NA	NA	NA	NA	NA	NA	NA	NA	NA	NA	NA	NA	NA	NA	NA	NA	NA	NA	NA
3	0.3334621	0.2356196	0.1691638	NA	NA	NA	NA	NA	NA	NA	NA	NA	NA	NA	NA	NA	NA	NA	NA	NA	NA	NA	NA	NA	NA	NA	NA	NA	NA	NA
4	0.5321182	0.2572065	0.2096932	0.1516789	NA	NA	NA	NA	NA	NA	NA	NA	NA	NA	NA	NA	NA	NA	NA	NA	NA	NA	NA	NA	NA	NA	NA	NA	NA	NA
5	0.1470537	0.1057884	0.065838	0.05616118	0.04101495	NA	NA	NA	NA	NA	NA	NA	NA	NA	NA	NA	NA	NA	NA	NA	NA	NA	NA	NA	NA	NA	NA	NA	NA	NA
6	0.5023802	0.1408689	0.1041162	0.06487664	0.05534634	0.04049608	NA	NA	NA	NA	NA	NA	NA	NA	NA	NA	NA	NA	NA	NA	NA	NA	NA	NA	NA	NA	NA	NA	NA	NA
7	0.5410151	0.4086028	0.1007649	0.07126903	0.04150803	0.03316419	0.02411218	NA	NA	NA	NA	NA	NA	NA	NA	NA	NA	NA	NA	NA	NA	NA	NA	NA	NA	NA	NA	NA	NA	NA
8	0.8283304	0.4899302	0.3878031	0.09113764	0.06382685	0.03638626	0.02842101	0.02064258	NA	NA	NA	NA	NA	NA	NA	NA	NA	NA	NA	NA	NA	NA	NA	NA	NA	NA	NA	NA	NA	NA
9	0.666058	0.6028353	0.4560096	0.3672073	0.0814782	0.05740535	0.03267504	0.02541303	0.01846602	NA	NA	NA	NA	NA	NA	NA	NA	NA	NA	NA	NA	NA	NA	NA	NA	NA	NA	NA	NA	NA
10	0.2238736	0.1117141	0.100171	0.08815698	0.03876191	0.01684331	0.009961471	0.006232603	0.004551608	0.003315828	NA	NA	NA	NA	NA	NA	NA	NA	NA	NA	NA	NA	NA	NA	NA	NA	NA	NA	NA	NA
11	0.4645073	0.09681067	0.09160385	0.08327794	0.0761629	0.03013109	0.01123681	0.00756151	0.00442764	0.0033948	0.002465626	NA	NA	NA	NA	NA	NA	NA	NA	NA	NA	NA	NA	NA	NA	NA	NA	NA	NA	NA
12	0.3815352	0.156816	0.08702959	0.08219388	0.07416664	0.0672945	0.02193981	0.01005277	0.006755319	0.003988894	0.003054929	0.002219562	NA	NA	NA	NA	NA	NA	NA	NA	NA	NA	NA	NA	NA	NA	NA	NA	NA	NA
13	0.5501323	0.3416026	0.1438668	0.08113288	0.0770417	0.06953305	0.06515134	0.02036515	0.009405672	0.006266004	0.003703662	0.002829058	0.002055602	NA	NA	NA	NA	NA	NA	NA	NA	NA	NA	NA	NA	NA	NA	NA	NA	NA
14	0.5530292	0.5187332	0.3154656	0.1396554	0.07921996	0.07533313	0.06803218	0.06388693	0.01926474	0.009124118	0.006042432	0.003571215	0.00271686	0.001974609	NA	NA	NA	NA	NA	NA	NA	NA	NA	NA	NA	NA	NA	NA	NA	NA
15	0.9029245	0.5507978	0.5166735	0.3135497	0.138381	0.07830392	0.07434251	0.06694483	0.06267249	0.01787105	0.008973274	0.005861896	0.003562007	0.002708699	0.00196868	NA	NA	NA	NA	NA	NA	NA	NA	NA	NA	NA	NA	NA	NA	NA
16	0.630576	0.5726248	0.2286086	0.1932816	0.1557265	0.08685668	0.04163187	0.03765933	0.03218272	0.02704718	0.01224258	0.00578726	0.004125257	0.002485844	0.001990958	0.001443504	NA	NA	NA	NA	NA	NA	NA	NA	NA	NA	NA	NA	NA	NA
17	0.6515102	0.5853343	0.5276654	0.1846127	0.1500504	0.1130328	0.07191012	0.03845656	0.03496793	0.02999354	0.02541305	0.01105586	0.005233763	0.003683794	0.002196498	0.001736886	0.001259913	NA	NA	NA	NA	NA	NA	NA	NA	NA	NA	NA	NA	NA
18	0.84059	0.6355394	0.5758283	0.519624	0.1778271	0.1446108	0.1087926	0.06925821	0.03725548	0.03391788	0.02909802	0.02468652	0.01045291	0.005052519	0.003541977	0.002112638	0.001665862	0.001208498	NA	NA	NA	NA	NA	NA	NA	NA	NA	NA	NA	NA
19	0.4717503	0.4142714	0.2704037	0.2169529	0.1692974	0.1303745	0.1045914	0.07665034	0.04620566	0.02189641	0.01884974	0.01526305	0.01087439	0.00774299	0.003721485	0.00264139	0.001582944	0.001230364	0.0008931111	NA	NA	NA	NA	NA	NA	NA	NA	NA	NA	NA
20	0.6857345	0.4168493	0.3611134	0.2196463	0.1843621	0.1510061	0.1158908	0.09334228	0.06821673	0.04114458	0.01959447	0.01690131	0.01368422	0.009709435	0.006907603	0.003344852	0.002353189	0.00141522	0.001093734	0.0007942336	NA	NA	NA	NA	NA	NA	NA	NA	NA	NA
21	0.213102	0.1919838	0.1781761	0.1743252	0.06432954	0.05364492	0.04792144	0.03665019	0.0299331	0.02177977	0.01181481	0.005549229	0.004762471	0.003943364	0.003041931	0.002200594	0.001205828	0.0007209645	0.0004634425	0.0003278281	0.0002391215	NA	NA	NA	NA	NA	NA	NA	NA	NA
22	0.3348291	0.1056409	0.09082823	0.07628284	0.06875379	0.05974837	0.04945222	0.04414618	0.03374723	0.02728973	0.02043696	0.01093009	0.004998475	0.004231423	0.003427287	0.002535887	0.001819753	0.0008301555	0.0006410351	0.0003852866	0.0003077728	0.0002245117	NA	NA	NA	NA	NA	NA	NA	NA
23	0.415618	0.1760102	0.1027008	0.089402	0.0752888	0.0677633	0.05876298	0.04919153	0.04390838	0.03353391	0.02710357	0.02027922	0.01083534	0.004969897	0.004207151	0.003407488	0.002521041	0.001808848	0.0008252311	0.000637116	0.0003829135	0.0003057233	0.0002230514	NA	NA	NA	NA	NA	NA	NA
24	0.9782899	0.4106814	0.1745369	0.1019	0.08870994	0.07480263	0.06731416	0.05835997	0.04883012	0.04356635	0.03322365	0.02686485	0.02008515	0.01071623	0.004915124	0.004160736	0.003369716	0.002492809	0.001788233	0.0008151595	0.000628849	0.0003770419	0.0003001581	0.0002189415	NA	NA	NA	NA	NA	NA
25	0.9515341	0.9332732	0.3952484	0.1676868	0.09909541	0.08596487	0.07392732	0.06641989	0.05744684	0.04821127	0.04292643	0.03256187	0.02617865	0.01936879	0.01066732	0.004893946	0.004142784	0.003355112	0.002481909	0.001780296	0.0008114396	0.0006258693	0.0003750927	0.0002984517	0.0002176989	NA	NA	NA	NA	NA
26	0.8797388	0.8511788	0.8347097	0.3404982	0.1497358	0.09005413	0.07813069	0.06731318	0.06033365	0.05201406	0.04338157	0.03838227	0.02848029	0.0226692	0.01648349	0.008992208	0.004123217	0.003489631	0.002823558	0.002084571	0.001490128	0.0006700171	0.0005099073	0.000292921	0.0002208679	0.0001604102	NA	NA	NA	NA
27	0.7405601	0.7103085	0.6774408	0.6543871	0.1936562	0.1417631	0.08736667	0.07554855	0.06509773	0.05808745	0.04973896	0.04218505	0.03716973	0.02725817	0.02143899	0.01523759	0.00884337	0.004055856	0.003432588	0.002777312	0.002050296	0.001465511	0.0006592806	0.0005018351	0.0002885502	0.0002182461	0.0001585085	NA	NA	NA
28	0.7163756	0.6837203	0.6545366	0.6206367	0.5980705	0.1854807	0.1342201	0.08528115	0.07355095	0.06427468	0.0573113	0.04901591	0.0418299	0.0368568	0.02699189	0.02122288	0.01507488	0.00873908	0.004007982	0.003390313	0.002740702	0.002019782	0.001439261	0.0006511665	0.0004949437	0.0002849568	0.0002152144	0.0001563285	NA	NA
29	0.3540636	0.2910782	0.2728957	0.256514	0.2410975	0.2266345	0.1023353	0.06952631	0.04373679	0.03755592	0.03278343	0.02922515	0.02517208	0.02154467	0.01902151	0.01629009	0.01331158	0.01016241	0.005681305	0.002606459	0.002206021	0.001784249	0.001314917	0.0009396188	0.0004265346	0.000325462	0.0001891457	0.0001537143	0.0001112455	NA
30	0.5361182	0.3517829	0.2896126	0.2715022	0.2551826	0.2398895	0.2254674	0.1016872	0.0691789	0.04356709	0.03740897	0.03265728	0.02911253	0.02507439	0.02146162	0.01894797	0.01622647	0.01327184	0.01013421	0.005666764	0.002599888	0.002200468	0.001779758	0.001311604	0.0009372539	0.0004254664	0.0003246464	0.0001886733	0.0001533924	0.0001110095
31	0.7535914	0.4783805	0.3326302	0.2711883	0.2527354	0.2358902	0.2199774	0.2048259	0.08467922	0.06748459	0.04269143	0.03654587	0.03183512	0.02826502	0.02419818	0.0205544	0.0179953	0.01522063	0.0122026	0.008989905	0.005652051	0.002594904	0.002196254	0.001776351	0.001309091	0.0009354592	0.0004246876	0.0003240643	0.0001883725	0.0001532316
32	0.7045332	0.6183728	0.3570284	0.2699169	0.2197227	0.20551	0.1924589	0.1801119	0.1687937	0.06490169	0.05254241	0.03344987	0.02870066	0.02518007	0.02250766	0.01941806	0.01673883	0.01486595	0.01279142	0.01044734	0.007952345	0.005021639	0.002308705	0.001954788	0.001581819	0.001166604	0.0008349774	0.0003809536	0.0002919705	0.0001721613
33	0.7792784	0.6757402	0.6014745	0.3421493	0.2658278	0.2174911	0.2036279	0.1907179	0.1784887	0.1672974	0.06415322	0.05194457	0.03304876	0.02834824	0.02487055	0.02222697	0.01916891	0.01658632	0.01473693	0.01268614	0.01036733	0.007898556	0.004988224	0.002293475	0.001941904	0.001571396	0.001158909	0.0008294829	0.0003785855	0.0002902194
34	0.3712554	0.3562677	0.3103535	0.2713899	0.1887878	0.1518546	0.1282063	0.1220053	0.1154952	0.1080204	0.102084	0.03563737	0.02930201	0.01840716	0.01579957	0.01395425	0.01256344	0.01090454	0.009579476	0.008712408	0.007651438	0.006375698	0.005012011	0.003178886	0.001461163	0.001237499	0.001005824	0.0007500204	0.0005442254	0.0002618707
35	0.1012935	0.05907896	0.05607385	0.05571235	0.05550723	0.008685374	0.003286838	0.002268854	0.002051957	0.001945595	0.001854729	0.001756363	0.0006134346	0.0005119262	0.0003388303	0.0002957004	0.0002663665	0.0002446889	0.0001994752	0.0001784575	0.0001652099	0.0001459259	0.000122259	9.71632e-05	6.04439e-05	2.773123e-05	2.344674e-05	1.894891e-05	1.395314e-05	9.834691e-06
36	0.107689	0.09464133	0.05496699	0.05204531	0.05219559	0.05242877	0.005875041	0.001514679	0.0007763286	0.0006262472	0.0005936315	0.0005656777	0.0005359325	0.0001977279	0.0001665508	0.0001140195	0.0001013753	9.296341e-05	8.696931e-05	5.956886e-05	5.298218e-05	4.877805e-05	4.285559e-05	3.571758e-05	2.811624e-05	1.753036e-05	8.036101e-06	6.791752e-06	5.486718e-06	4.038477e-06
37	0.04787918	0.04819565	0.0490459	0.008511625	0.004313342	0.004130329	0.004255685	0.00439215	0.0001713072	0.0001385752	1.767933e-05	1.608341e-05	1.494712e-05	1.402849e-05	5.383696e-06	4.366158e-06	2.673466e-06	2.297598e-06	2.016041e-06	1.808949e-06	1.568793e-06	1.352347e-06	1.216334e-06	1.046644e-06	8.501711e-07	6.398029e-07	4.05094e-07	1.849539e-07	1.565148e-07	1.269833e-07
38	0.0340244	0.005667814	0.004941864	0.004657325	0.004782499	0.0004714383	0.0001698394	0.0001682452	0.0001688086	0.0001696987	0.0001372279	1.639985e-05	1.486986e-05	1.379052e-05	1.293315e-05	4.97136e-06	4.022015e-06	2.452609e-06	2.103481e-06	1.847782e-06	1.654291e-06	1.429514e-06	1.240303e-06	1.112724e-06	9.550551e-07	7.730394e-07	5.780059e-07	3.659282e-07	1.684133e-07	1.425517e-07
39	0.03057847	0.001993281	0.0003408905	0.0002858856	0.0002717199	0.0002792668	0.0002868979	4.182534e-06	3.10874e-06	2.781311e-06	2.510006e-06	1.713713e-06	1.624295e-06	1.204774e-06	1.127206e-06	1.075872e-06	3.380906e-07	2.865298e-07	1.743898e-07	1.503078e-07	1.347874e-07	1.230561e-07	1.08825e-07	9.845654e-08	9.1581e-08	8.138486e-08	6.889643e-08	5.541361e-08	3.526417e-08	1.628632e-08
40	0.002137393	0.0006784396	0.000336906	1.774499e-05	4.736719e-06	1.341448e-06	1.285548e-06	1.294945e-06	1.220335e-06	4.3337e-07	3.628155e-07	3.045142e-07	2.599569e-07	2.502201e-07	2.391112e-07	2.225591e-07	2.130926e-07	6.526311e-08	5.532658e-08	3.380799e-08	2.896563e-08	2.597348e-08	2.37566e-08	2.101699e-08	1.902411e-08	1.780978e-08	1.584354e-08	1.34368e-08	1.079915e-08	6.864699e-09
41	0.005665027	0.001558157	0.0004549656	0.0003084615	1.578494e-05	3.734064e-06	6.164114e-07	5.459769e-07	5.357829e-07	4.564713e-07	3.941937e-07	3.292752e-07	2.757193e-07	2.373035e-07	2.285375e-07	2.184764e-07	2.046134e-07	1.959625e-07	5.987705e-08	5.075869e-08	3.102418e-08	2.656388e-08	2.381876e-08	2.178694e-08	1.927935e-08	1.745138e-08	1.633892e-08	1.454722e-08	1.233923e-08	9.915771e-09
42	0.7253522	0.00514255	0.001540953	0.000449069	0.0003044719	1.394277e-05	3.670665e-06	6.020023e-07	5.336509e-07	5.245056e-07	4.488714e-07	3.884274e-07	3.269222e-07	2.737306e-07	2.355956e-07	2.268888e-07	2.168827e-07	2.03092e-07	1.944914e-07	5.925831e-08	5.018505e-08	3.056283e-08	2.636467e-08	2.363494e-08	2.161646e-08	1.912247e-08	1.730352e-08	1.619668e-08	1.441327e-08	1.221583e-08
43	0.8929469	0.6647172	0.004651691	0.001533383	0.0004465265	0.0003028003	1.383178e-05	3.623198e-06	5.839627e-07	5.304433e-07	5.21337e-07	4.461944e-07	3.861057e-07	3.248762e-07	2.722293e-07	2.342944e-07	2.256301e-07	2.156723e-07	2.019364e-07	1.933771e-07	5.880105e-08	4.987227e-08	3.039522e-08	2.621864e-08	2.350595e-08	2.14978e-08	1.901633e-08	1.720861e-08	1.610731e-08	1.433298e-08
44	0.5748253	0.4941767	0.4873331	0.0006552777	5.093937e-05	1.678396e-05	1.150973e-05	5.389081e-07	1.560927e-07	2.600362e-08	2.392175e-08	2.361486e-08	2.096368e-08	1.88329e-08	1.707145e-08	1.537149e-08	1.418945e-08	1.403912e-08	1.382356e-08	1.249205e-08	1.238014e-08	2.231077e-09	1.829479e-09	1.1497e-09	9.872023e-10	8.722055e-10	7.855994e-10	6.827121e-10	5.999929e-10	5.45909e-10
45	0.570963	0.5677192	0.4903715	0.4846926	0.0005935918	1.257328e-05	5.0156e-06	3.260519e-06	1.636886e-07	5.573465e-08	1.072727e-08	1.013162e-08	1.012817e-08	9.540002e-09	9.076582e-09	8.838219e-09	8.543709e-09	8.378647e-09	8.474747e-09	8.527839e-09	7.526407e-09	7.651987e-09	6.437701e-10	4.887943e-10	3.111411e-10	2.673245e-10	2.350165e-10	2.10577e-10	1.821476e-10	1.582833e-10
46	0.5225189	0.5216831	0.5202389	0.4566079	0.45574	0.0004400494	2.440731e-06	2.597245e-07	1.676583e-07	1.39549e-08	8.358598e-09	4.460996e-09	4.540735e-09	4.663284e-09	4.765052e-09	4.879935e-09	5.018049e-09	5.160822e-09	5.322651e-09	5.510447e-09	5.712584e-09	5.919608e-09	6.157514e-09	7.348426e-11	2.544668e-11	1.568518e-11	1.348503e-11	1.182153e-11	1.058931e-11	8.692009e-12
47	0.7915466	0.521987	0.5212106	0.5197764	0.456151	0.4555783	0.0004390804	2.134461e-06	2.300517e-07	1.45833e-07	1.297004e-08	8.091308e-09	4.42361e-09	4.507959e-09	4.631437e-09	4.73808e-09	4.857216e-09	4.997756e-09	5.144605e-09	5.309001e-09	5.497436e-09	5.700266e-09	5.907874e-09	6.14643e-09	6.949642e-11	2.213802e-11	1.359476e-11	1.168062e-11	1.021853e-11	9.137502e-12
48	0.4621014	0.4612524	0.4541425	0.4541213	0.4540965	0.4539476	0.4538049	0.000431691	1.97495e-06	1.471531e-07	1.019099e-07	4.700695e-09	1.427293e-09	1.94469e-10	1.733866e-10	1.688589e-10	1.466703e-10	1.268098e-10	1.16322e-10	1.020392e-10	9.202552e-11	8.968892e-11	8.756045e-11	8.554562e-11	8.372165e-11	6.23498e-11	1.623213e-11	9.700325e-12	8.305196e-12	7.182969e-12
49	0.5240482	0.4608041	0.459991	0.4531882	0.4531686	0.4531441	0.4530041	0.4528619	0.0004288315	1.972253e-06	1.466323e-07	1.015155e-07	4.653018e-09	1.389403e-09	1.902769e-10	1.698695e-10	1.652623e-10	1.430512e-10	1.23153e-10	1.125949e-10	9.833263e-11	8.823594e-11	8.57766e-11	8.351624e-11	8.135632e-11	7.937546e-11	5.793909e-11	1.607422e-11	9.665664e-12	8.274712e-12
50	0.4680471	0.0135644	0.007627868	0.007014897	0.00157587	0.001559691	0.001535552	0.001404182	0.001262481	0.0004266639	1.971177e-06	1.463704e-07	1.013185e-07	4.62645e-09	1.367832e-09	1.890142e-10	1.688415e-10	1.642169e-10	1.420193e-10	1.221289e-10	1.115623e-10	9.740146e-11	8.729714e-11	8.481209e-11	8.252417e-11	8.033279e-11	7.831839e-11	5.690031e-11	1.601317e-11	9.647422e-12
51	0.4756553	0.4662162	0.0122118	0.006849434	0.006244316	0.001000635	0.0009848219	0.0009616346	0.0009531363	0.0008137368	5.216051e-06	1.966482e-06	1.458642e-07	1.009131e-07	4.510014e-09	1.256406e-09	1.634828e-10	1.432294e-10	1.378495e-10	1.148995e-10	9.420796e-11	8.274984e-11	6.791509e-11	5.67966e-11	5.31956e-11	4.970555e-11	4.62139e-11	4.279103e-11	1.992525e-11	1.594367e-11
52	0.4848406	0.4698475	0.4647616	0.01085433	0.006753894	0.006149217	0.0009897278	0.0009739227	0.0009508573	0.0009429155	0.000803849	3.694711e-06	5.256114e-07	1.452647e-07	1.004408e-07	4.488738e-09	1.2502e-09	1.619946e-10	1.42079e-10	1.367031e-10	1.138394e-10	9.322672e-11	8.181218e-11	6.718324e-11	5.609889e-11	5.249519e-11	4.899993e-11	4.549971e-11	4.206798e-11	1.927801e-11
53	0.2892252	0.2888463	0.2886066	0.28564	0.009098546	0.005770069	0.00531052	0.000328053	0.0003130391	0.0003073689	0.0003052069	0.0002803517	1.671259e-06	3.604632e-07	3.214682e-08	2.339872e-08	1.065775e-09	2.932461e-10	4.061769e-11	3.484617e-11	3.374571e-11	2.830983e-11	2.355176e-11	2.074126e-11	1.713866e-11	1.441729e-11	1.363473e-11	1.283785e-11	1.210514e-11	1.134618e-11
54	0.3297152	0.2877014	0.2873776	0.2871598	0.2842172	0.007823793	0.005762414	0.005302916	0.0003259661	0.0003109543	0.000305326	0.0003032251	0.0002786402	1.367867e-06	6.422105e-08	3.180903e-08	2.31075e-08	1.053991e-09	2.89538e-10	3.984553e-11	3.428759e-11	3.319522e-11	2.78098e-11	2.309747e-11	2.030759e-11	1.677031e-11	1.406894e-11	1.328792e-11	1.249137e-11	1.175762e-11
55	0.08412579	0.01524488	0.01430486	0.01413444	0.01409884	0.01397882	0.007628037	0.005689217	0.005253661	0.0002836521	0.0002687739	0.0002658838	0.000264835	0.0002467533	1.185297e-06	1.953893e-08	1.187492e-08	9.330237e-09	4.337835e-10	1.247427e-10	1.628665e-11	1.319017e-11	1.268839e-11	1.054451e-11	8.61146e-12	7.759021e-12	6.359476e-12	5.279824e-12	4.948275e-12	4.61961e-12
56	0.1180296	0.0828595	0.01451206	0.01362949	0.01345978	0.01342441	0.01330519	0.007019474	0.005688472	0.005252925	0.0002835052	0.0002686275	0.0002657482	0.0002647032	0.0002466434	1.1842e-06	1.931885e-08	1.180195e-08	9.27332e-09	4.312318e-10	1.239632e-10	1.616144e-11	1.310157e-11	1.260241e-11	1.047252e-11	8.551537e-12	7.706843e-12	6.317916e-12	5.244942e-12	4.915227e-12
57	0.6396114	0.1157413	0.08165862	0.01333244	0.01246962	0.01230003	0.0122647	0.01214562	0.005866627	0.005688346	0.005252799	0.0002834788	0.0002686012	0.0002657243	0.0002646801	0.0002466383	1.184135e-06	1.928589e-08	1.178643e-08	9.261997e-09	4.307127e-10	1.238244e-10	1.614124e-11	1.30838e-11	1.258506e-11	1.04579e-11	8.539207e-12	7.695852e-12	6.308845e-12	5.237301e-12
58	0.9320949	0.6169559	0.1033165	0.07690074	0.01314583	0.01238716	0.01224019	0.01221293	0.01211745	0.0058437	0.005686225	0.005250735	0.0002823726	0.0002675122	0.0002651065	0.0002642196	0.000246364	1.178116e-06	1.625001e-08	8.861669e-09	7.078278e-09	3.250586e-10	9.195264e-11	1.257963e-11	9.907942e-12	9.491754e-12	7.862927e-12	6.374273e-12	5.642133e-12	4.605075e-12
59	0.5499239	0.5485274	0.244101	0.07421388	0.06942759	0.007910269	0.00729225	0.007150012	0.007124172	0.007032918	0.0007600551	0.0007350669	0.0002995869	0.0002821939	0.0002673365	0.0002650097	0.0002641492	0.0002463176	1.177016e-06	1.56999e-08	8.359469e-09	6.701425e-09	3.068222e-10	8.637245e-11	1.062741e-11	9.343525e-12	8.942027e-12	7.400877e-12	5.98909e-12	5.294222e-12
60	0.4937627	0.4910975	0.4900878	0.2055156	0.07404778	0.06933369	0.007891732	0.007274688	0.007132656	0.007106939	0.007015872	0.0007435295	0.0007185445	0.0002851917	0.0002677991	0.0002673162	0.000264992	0.0002641324	0.0002463013	1.176904e-06	1.56593e-08	8.341491e-09	6.687151e-09	3.061693e-10	8.617087e-11	1.059763e-11	9.316395e-12	8.921269e-12	7.383626e-12	5.974879e-12
61	0.1666102	0.1614935	0.1603681	0.1599486	0.06089308	0.01496163	0.01065789	0.00539191	0.004840679	0.004798839	0.004783583	0.004727163	0.0003072026	0.0002823119	0.0002820483	0.0002646914	0.0002646574	0.0002639626	0.0002636991	0.0002459687	1.169911e-06	1.152365e-08	5.480855e-09	4.751511e-09	2.120986e-10	6.272882e-11	7.422567e-12	6.496705e-12	6.196121e-12	5.119394e-12
62	0.6664307	0.1561192	0.1511093	0.1499892	0.1495757	0.05510534	0.01442488	0.0106025	0.005350278	0.004825188	0.004783415	0.004768182	0.004711882	0.0002919338	0.0002733273	0.0002730641	0.0002644755	0.0002644417	0.0002637486	0.0002634858	0.0002457556	1.167789e-06	1.149978e-08	5.469769e-09	4.741959e-09	2.115158e-10	6.242425e-11	7.399113e-12	6.479656e-12	6.179741e-12
63	0.9792101	0.6596693	0.1541664	0.1491826	0.148067	0.147658	0.05477323	0.01421551	0.01057559	0.005334894	0.004819537	0.004777835	0.004762627	0.004706419	0.0002864863	0.000269449	0.0002691862	0.0002644551	0.0002644213	0.0002637298	0.0002634675	0.0002457377	1.166608e-06	1.14832e-08	5.459486e-09	4.733668e-09	2.109136e-10	6.207465e-11	7.383287e-12	6.466574e-12
64	0.9219225	0.9074903	0.609871	0.1502857	0.1454872	0.1443888	0.1439837	0.05239483	0.01199968	0.01050995	0.005304215	0.004814617	0.004773163	0.004758043	0.004702138	0.0002822595	0.0002661609	0.0002658989	0.0002644329	0.0002643993	0.0002637126	0.0002634521	0.0002457235	1.166477e-06	1.142593e-08	5.425774e-09	4.706273e-09	2.096842e-10	6.173814e-11	7.335504e-12
65	0.7757908	0.7140616	0.6998987	0.4035801	0.1454081	0.1412709	0.1402024	0.1398027	0.04835236	0.01190498	0.01046646	0.005274887	0.004796678	0.004755305	0.004740225	0.004684389	0.0002645235	0.0002484944	0.0002482325	0.000246812	0.0002467785	0.0002460931	0.000245833	0.0002457193	1.16645e-06	1.141669e-08	5.41798e-09	4.700285e-09	2.094115e-10	6.166439e-11
66	0.812939	0.7461801	0.6869461	0.6728536	0.3889017	0.1444833	0.1404512	0.1393918	0.1389945	0.04787881	0.01162064	0.01030341	0.005124098	0.004792991	0.004751737	0.004736701	0.004681021	0.0002611723	0.0002452252	0.0002449638	0.0002448928	0.0002448594	0.0002441759	0.0002439164	0.0002438029	1.165618e-06	1.140201e-08	5.408093e-09	4.691275e-09	2.087453e-10
67	0.7052036	0.6283038	0.6106375	0.5524905	0.5392589	0.2600182	0.1255365	0.122324	0.1213181	0.1210904	0.03027994	0.01103769	0.009947718	0.004813854	0.004549958	0.004508971	0.004494088	0.004438621	1.879191e-05	2.942747e-06	2.70901e-06	2.639661e-06	2.606379e-06	1.925331e-06	1.666365e-06	1.552927e-06	1.160307e-06	1.138698e-08	5.397586e-09	4.681378e-09
68	0.6901011	0.6368625	0.6104687	0.5928436	0.5363258	0.52335	0.2493964	0.1202755	0.117189	0.1163011	0.1160842	0.02905104	0.01064426	0.009631247	0.004709757	0.004541954	0.004503394	0.004489409	0.004437076	1.756613e-05	1.724464e-06	1.494856e-06	1.427737e-06	1.396722e-06	7.539501e-07	5.03371e-07	3.906973e-07	1.486755e-08	1.121705e-08	5.242527e-09
69	0.7029107	0.6281751	0.6247399	0.5984163	0.5809041	0.5252369	0.5125021	0.2417514	0.1169296	0.1139273	0.1130594	0.1128479	0.02810118	0.01016912	0.009469305	0.00467613	0.004537214	0.004500097	0.004486648	0.004436171	1.685426e-05	1.677725e-06	1.450529e-06	1.385597e-06	1.355898e-06	7.361976e-07	4.90853e-07	3.789814e-07	1.009379e-08	6.504513e-09
70	0.2280124	0.2249564	0.2203515	0.218721	0.2082093	0.1914934	0.1767771	0.1745278	0.1095176	0.0413798	0.04003	0.03969352	0.03961186	0.008483572	0.002292742	0.002071261	0.0001020769	5.361152e-05	3.935281e-05	3.42537e-05	1.92227e-05	1.599873e-05	8.732558e-07	7.20967e-07	6.806983e-07	6.696573e-07	3.768863e-07	2.742363e-07	1.787998e-07	4.978283e-09
71	0.2349328	0.2241424	0.2211107	0.2166175	0.2149943	0.2045283	0.1878155	0.1733578	0.1711633	0.1081403	0.04071552	0.03938162	0.03904995	0.0389695	0.008324419	0.002239527	0.00202367	8.552057e-05	3.788001e-05	2.385365e-05	1.883821e-05	4.081132e-06	9.065973e-07	8.611156e-07	7.093877e-07	6.711223e-07	6.60277e-07	3.719649e-07	2.708031e-07	1.76379e-07
72	0.375701	0.2313265	0.2220037	0.2189815	0.2145249	0.2129072	0.2024566	0.186042	0.1717284	0.1695557	0.1074084	0.04031209	0.03898778	0.03865888	0.03858352	0.008239474	0.002214863	0.002001226	8.447425e-05	3.73483e-05	2.347565e-05	1.851527e-05	3.921394e-06	7.82566e-07	7.375656e-07	7.021633e-07	6.641973e-07	6.534811e-07	3.682827e-07	2.681056e-07
73	0.2491328	0.1632958	0.1105725	0.1082057	0.1055145	0.1033857	0.1019114	0.09198641	0.07567359	0.07179502	0.07111777	0.0549168	0.01142415	0.01079486	0.0106657	0.01064422	0.002223629	0.0005480112	0.000489349	2.11485e-05	9.187656e-06	5.770665e-06	4.553104e-06	9.356192e-07	1.952611e-07	1.834038e-07	1.742069e-07	1.673604e-07	1.646482e-07	9.506899e-08
74	0.4704903	0.212143	0.1334501	0.09114037	0.08918246	0.08658137	0.08454749	0.08308134	0.0731833	0.07303764	0.06938198	0.06873532	0.05341716	0.0104458	0.009831287	0.009707624	0.009688584	0.00206226	0.0005083953	0.0004575183	1.970891e-05	8.859141e-06	5.578613e-06	4.40581e-06	9.033988e-07	1.87399e-07	1.758992e-07	1.669798e-07	1.60409e-07	1.578572e-07
75	0.3569613	0.346028	0.114865	0.09081709	0.07053433	0.06895643	0.06878017	0.06806714	0.06800312	0.06771096	0.06767027	0.06469081	0.06426022	0.0518366	0.009499454	0.008906601	0.00879165	0.008774429	0.001838481	0.0004575363	0.0004134361	1.73753e-05	7.792966e-06	4.895958e-06	3.861277e-06	8.334932e-07	1.746974e-07	1.638872e-07	1.562916e-07	1.500673e-07
76	0.8533539	0.3550874	0.3446715	0.114209	0.09046086	0.07025268	0.06885419	0.06867831	0.06796756	0.06790428	0.06761278	0.06757216	0.06460099	0.06417161	0.05178399	0.009473778	0.008881539	0.008766762	0.008749588	0.001832961	0.0004559135	0.0004120898	1.731481e-05	7.766734e-06	4.879304e-06	3.84806e-06	8.306459e-07	1.739183e-07	1.631841e-07	1.556115e-07
77	0.9475007	0.8297199	0.3435762	0.3334464	0.110522	0.08840798	0.06887939	0.06773655	0.06756438	0.0668783	0.06681681	0.06653044	0.06649039	0.0636155	0.06320002	0.05122418	0.009178789	0.008593662	0.008480922	0.008464295	0.001771765	0.0004389228	0.0003967312	1.666977e-05	7.477349e-06	4.697149e-06	3.704324e-06	8.000194e-07	1.678586e-07	1.57524e-07
78	0.978789	0.9441735	0.8283542	0.3430637	0.3329778	0.1102695	0.08833662	0.06883767	0.06770657	0.06753453	0.06684916	0.06678772	0.06650147	0.06646144	0.06358897	0.06317383	0.05120816	0.009170109	0.00858553	0.008472844	0.008456231	0.001769953	0.0004383704	0.0003962376	1.664667e-05	7.466461e-06	4.689667e-06	3.698067e-06	7.975109e-07	1.660865e-07
79	0.9938769	0.974622	0.9400709	0.8252157	0.34274	0.3326718	0.1100441	0.08827778	0.06880104	0.06767167	0.0674997	0.06681461	0.06675319	0.06646699	0.06645126	0.06357967	0.06316465	0.05120267	0.009166906	0.008582396	0.00846973	0.008453222	0.001769291	0.0004381758	0.0003960633	1.663893e-05	7.463069e-06	4.687416e-06	3.696223e-06	7.969014e-07
80	0.604021	0.5981283	0.579064	0.547495	0.4462218	0.3044984	0.2945569	0.07341105	0.05286098	0.03361438	0.03284644	0.03267515	0.03199514	0.03193393	0.03164843	0.03163278	0.02877523	0.02836213	0.01645723	0.009110284	0.008527037	0.008414709	0.0083983	0.001756404	0.0004339147	0.0003923797	1.646933e-05	7.393523e-06	4.64347e-06	3.661498e-06
81	0.5914197	0.5704141	0.5645233	0.5460784	0.5155286	0.4196828	0.2824411	0.2778832	0.06859261	0.05012636	0.03159336	0.03096442	0.03079523	0.03013103	0.03007356	0.02979023	0.0297752	0.02702508	0.0266292	0.01519779	0.008259652	0.008057875	0.007947046	0.007931563	0.001693798	0.0004392092	0.0003983195	1.664031e-05	7.477308e-06	4.695915e-06
82	0.5037201	0.4948799	0.4851808	0.4810071	0.4641238	0.4559006	0.3926465	0.2627186	0.2583017	0.06290527	0.04699284	0.02934734	0.02874122	0.02865431	0.0280469	0.02801367	0.02788623	0.02787275	0.0253385	0.02497309	0.01407768	0.007688341	0.007500071	0.007446412	0.007432134	0.001614399	0.0004359352	0.0003962697	1.648355e-05	7.416212e-06
83	0.9186763	0.4977641	0.4891321	0.4792272	0.4749368	0.4587992	0.4505137	0.3862367	0.256803	0.252391	0.06246558	0.04620312	0.0285606	0.02795308	0.02786757	0.02726842	0.02723585	0.02711063	0.02709814	0.02460866	0.02424994	0.01353503	0.007455387	0.007273796	0.007221407	0.007207692	0.001593948	0.0004462026	0.0004059758	1.686056e-05
84	0.9894957	0.9088643	0.4919368	0.4834009	0.4732513	0.4704866	0.4539862	0.4455275	0.380063	0.2541769	0.2499437	0.06225588	0.04560106	0.02780365	0.02719276	0.02710712	0.02649475	0.0264628	0.02634195	0.02632973	0.02392247	0.02357807	0.01327687	0.007359114	0.007181419	0.007130366	0.00711691	0.001591914	0.000456743	0.0004159677
85	0.9957938	0.985997	0.9056517	0.4862567	0.4777931	0.4673744	0.4662836	0.449387	0.4406989	0.373813	0.2521985	0.2481285	0.06203828	0.04496618	0.02697099	0.02635585	0.02626987	0.02564316	0.02561185	0.02549635	0.02548447	0.02318002	0.02285327	0.01306522	0.00728688	0.007112209	0.007062646	0.007049427	0.001594202	0.0004680299
86	0.98948	0.985261	0.9765787	0.9000402	0.4785221	0.4700911	0.4593873	0.4582808	0.4411373	0.4322468	0.3640838	0.2515436	0.2477329	0.06236901	0.04483208	0.02659043	0.02597283	0.02588629	0.0252505	0.02521942	0.02510629	0.02509454	0.0228359	0.02251721	0.01296059	0.007256227	0.007083089	0.007034183	0.007021072	0.001598125
87	0.9836753	0.9730533	0.9688895	0.960176	0.8838847	0.4670168	0.4586077	0.4475974	0.4464609	0.4290602	0.4199487	0.3501623	0.2508296	0.2472978	0.06271143	0.04468388	0.02618371	0.02556378	0.02547668	0.02483143	0.0248006	0.02468999	0.02467838	0.02246856	0.02215846	0.012848	0.007222207	0.007050722	0.007002521	0.006989528
88	0.9836402	0.9669354	0.9562598	0.9520442	0.9433161	0.8678453	0.4619276	0.4536451	0.442315	0.4411427	0.4235986	0.4142775	0.3428647	0.2470651	0.2436951	0.06243037	0.04390801	0.02525827	0.02463895	0.02455209	0.02390162	0.02387154	0.02376607	0.02375483	0.02164606	0.02135266	0.01252647	0.007086068	0.006919118	0.00687256
89	0.8938188	0.8779544	0.8611989	0.8505721	0.8481227	0.8408657	0.7669724	0.4034699	0.3953542	0.3837034	0.3824942	0.364814	0.3552773	0.2822532	0.2420604	0.2388361	0.06171809	0.04266609	0.02389369	0.02328057	0.02319427	0.02253938	0.02251029	0.02241127	0.02240049	0.02041869	0.02014611	0.0119252	0.006904006	0.006742941
90	0.7532734	0.7076504	0.6922967	0.6816113	0.6717235	0.6697945	0.6628807	0.5921935	0.3781412	0.370602	0.3586295	0.3584186	0.3407918	0.3310618	0.2564609	0.2205792	0.2186806	0.04793513	0.04098282	0.02223506	0.02163269	0.02154782	0.02089568	0.02086808	0.02077829	0.0207682	0.01896945	0.01872614	0.01135878	0.00663812
91	0.615096	0.6125846	0.57976	0.5667743	0.5592996	0.5523532	0.550987	0.5476996	0.4883819	0.3059646	0.2994235	0.2981716	0.2979713	0.2844206	0.2795969	0.2247577	0.1937293	0.192009	0.0401929	0.03366263	0.01924419	0.01869469	0.01862467	0.01811849	0.01809614	0.0180203	0.01801211	0.01650613	0.0162979	0.01001513
92	0.733661	0.600269	0.5978428	0.5640315	0.550666	0.5430748	0.5366496	0.5353094	0.5320655	0.4747823	0.2973891	0.2910965	0.2898525	0.2896466	0.2756936	0.2707412	0.2157891	0.1863413	0.1847374	0.03919083	0.03253162	0.01841055	0.01786136	0.01779272	0.01727278	0.01725115	0.01717842	0.01717047	0.01571307	0.01551438
93	0.978038	0.7128403	0.5884635	0.586048	0.5511178	0.5373227	0.5295813	0.5235575	0.5222277	0.518997	0.462941	0.2931709	0.2870298	0.2857817	0.2855693	0.2712217	0.2661308	0.2106419	0.1818365	0.1803097	0.03864241	0.03186303	0.01791306	0.01739992	0.01733198	0.01679831	0.01677704	0.01670574	0.0166979	0.01525791
94	0.5441939	0.538846	0.374812	0.3493211	0.3481902	0.3385936	0.3370826	0.3354088	0.332339	0.3315184	0.3297498	0.2914802	0.1783091	0.1739942	0.1734072	0.1731954	0.1678663	0.1664318	0.1493793	0.1294892	0.1282422	0.02529125	0.01960924	0.01190547	0.01166033	0.01162097	0.01141592	0.01140288	0.01135714	0.01135238
95	0.6007871	0.5259603	0.5205593	0.360264	0.3355421	0.3344249	0.3246785	0.3232248	0.3216164	0.3190971	0.3182993	0.3165817	0.2799901	0.1709417	0.1668159	0.1662452	0.1660257	0.1605672	0.1591166	0.1430549	0.1239562	0.1227806	0.02447476	0.01865416	0.01131135	0.0110704	0.01103252	0.01082341	0.01081094	0.01076714
96	0.9866625	0.5775471	0.5111166	0.5056278	0.3473134	0.3242767	0.3231856	0.3146	0.3132628	0.3117286	0.3096812	0.308897	0.3072094	0.2717998	0.1653372	0.1613439	0.1607827	0.1605546	0.1549256	0.153446	0.1381384	0.120105	0.1189834	0.02395872	0.01796495	0.01088213	0.0106416	0.01060473	0.0103899	0.01037783
97	0.981878	0.9680341	0.5490244	0.4865233	0.4810046	0.3254721	0.3054413	0.3046169	0.2979848	0.2968285	0.2954053	0.293468	0.2927045	0.2910618	0.2571224	0.1553712	0.1516084	0.1510666	0.1508291	0.1455087	0.1440908	0.1285653	0.1133397	0.1123039	0.02293963	0.01707767	0.01036316	0.01013681	0.010102	0.009899
98	0.9827721	0.9737996	0.9594954	0.5322691	0.4736228	0.4680147	0.3153252	0.2954379	0.2946414	0.2878988	0.2867649	0.2853762	0.2834969	0.2827495	0.2811347	0.2489821	0.1492384	0.1456718	0.1451456	0.1450859	0.1395546	0.1380987	0.1221922	0.1075262	0.1066469	0.0224963	0.01640191	0.009798319	0.009572343	0.009538721
99	0.8485511	0.8416032	0.832677	0.8299506	0.472108	0.4243368	0.4190431	0.2706011	0.2588009	0.2581482	0.2554036	0.2546016	0.2533687	0.2515574	0.2508341	0.2492543	0.2190293	0.1397889	0.1364799	0.1359737	0.1359517	0.1301954	0.1286995	0.1123641	0.09827523	0.0975556	0.01899576	0.0156437	0.009164294	0.008940184
100	0.3554457	0.354986	0.3544042	0.3527821	0.3519109	0.2827308	0.2500079	0.2488992	0.1761032	0.1689768	0.1686277	0.167443	0.1669868	0.1663391	0.1652904	0.1649462	0.1641873	0.1406812	0.0875284	0.08531404	0.08505558	0.08503631	0.08281258	0.08230878	0.07835678	0.06537762	0.06485475	0.01216881	0.01065279	0.00743058
101	0.3329188	0.3157463	0.3153183	0.3147929	0.3131913	0.312376	0.2504186	0.2230691	0.2220885	0.1578869	0.1516205	0.1513108	0.150254	0.1498516	0.14928	0.1483305	0.1480265	0.1473504	0.1258478	0.07780758	0.07585785	0.07562845	0.07560971	0.07332831	0.07282625	0.06904688	0.05738395	0.05709352	0.01101952	0.009475504
102	0.9518028	0.3197423	0.3040341	0.3035974	0.3030746	0.3015067	0.3007685	0.2395782	0.2132377	0.2122694	0.1497408	0.1435428	0.1432338	0.1421884	0.1417917	0.1412301	0.1402901	0.1399893	0.1393219	0.1245142	0.07679459	0.07483829	0.07460767	0.07458938	0.0722317	0.07171311	0.06786442	0.05754697	0.0572907	0.01093258
103	0.946022	0.9214181	0.3114158	0.2967524	0.296315	0.2957887	0.2941717	0.2934326	0.2330849	0.2081979	0.2072445	0.1466468	0.1408687	0.1405613	0.1395303	0.1391405	0.1385908	0.1376644	0.1373677	0.1367112	0.1218697	0.07556316	0.07360272	0.07337104	0.07335205	0.07087751	0.07033421	0.0664138	0.05763635	0.05741661
104	0.9518895	0.9418319	0.9170212	0.306598	0.2915541	0.2913138	0.2908681	0.2891889	0.2884399	0.228842	0.2047302	0.2037897	0.145219	0.1395002	0.1391978	0.1381778	0.1377941	0.1372554	0.1363398	0.1360507	0.1354159	0.1204669	0.0745481	0.07257557	0.07234154	0.07232171	0.06968887	0.0691121	0.0650985	0.0580574
105	0.9954975	0.9461237	0.9360282	0.9110057	0.2996586	0.2861661	0.2859263	0.2854766	0.2837289	0.2829756	0.2241218	0.2010506	0.2001227	0.1437374	0.1381315	0.1378288	0.1368184	0.1364405	0.1359128	0.1350085	0.1347231	0.1340992	0.1190096	0.07361468	0.0716225	0.07138551	0.07136471	0.06855336	0.06793904	0.06381444
106	0.9887564	0.9840971	0.933501	0.9234222	0.8984197	0.2875982	0.2788158	0.2785823	0.278132	0.2763244	0.2755624	0.217716	0.1958496	0.1949395	0.1412309	0.1357692	0.1354675	0.1344724	0.1341028	0.1335901	0.1327035	0.1324234	0.1318148	0.1166178	0.07221313	0.07020656	0.06996701	0.0699451	0.06695848	0.0663068
107	0.9954689	0.9835618	0.9786833	0.9262597	0.9160346	0.8907815	0.280363	0.271955	0.2717226	0.2712736	0.2693677	0.2685885	0.2121567	0.1916695	0.1907727	0.1405957	0.1352226	0.1349192	0.1339164	0.1335487	0.1330448	0.1321775	0.1319039	0.1313142	0.1163177	0.07261646	0.07058981	0.07034686	0.07033297	0.06708036
108	0.9947721	0.9938052	0.9809248	0.9757905	0.9207325	0.9103011	0.8847422	0.2717562	0.2639166	0.2636829	0.2632282	0.2611941	0.2603925	0.2056937	0.1869988	0.1861181	0.1402352	0.1349735	0.134668	0.1336558	0.1332902	0.132797	0.1319526	0.1316869	0.1311201	0.1160109	0.07312422	0.07107287	0.07082569	0.07081116
109	0.9833299	0.9779292	0.9769809	0.9630253	0.957723	0.9083759	0.8983538	0.8724062	0.2572862	0.2510179	0.2507944	0.2503331	0.2481458	0.2473197	0.1947344	0.1808569	0.1799963	0.1393608	0.1342606	0.1339529	0.1329341	0.1325721	0.132093	0.1312769	0.1310208	0.1304821	0.1152413	0.07336919	0.07128584	0.07103329
110	0.9792355	0.9732034	0.9675325	0.9665195	0.9511165	0.9454805	0.9017269	0.891784	0.8674127	0.2431778	0.2373241	0.2371082	0.23667	0.2342995	0.2334577	0.1828775	0.1709341	0.1701197	0.1333608	0.1284531	0.1281613	0.1271755	0.1268302	0.1263776	0.1255653	0.1253278	0.1248201	0.1111909	0.07032084	0.06836629
111	0.5198456	0.518813	0.5169425	0.5150454	0.5147773	0.5128249	0.5110891	0.488006	0.4811819	0.4589922	0.1919987	0.1874527	0.1872822	0.1869458	0.1865257	0.1861288	0.1572992	0.1476692	0.1470282	0.1217059	0.1170901	0.116826	0.1160037	0.1156979	0.1153012	0.1145056	0.1142994	0.1138484	0.1022972	0.06277241
112	0.48206	0.4452659	0.4443425	0.4424684	0.4406591	0.4404144	0.4385286	0.4369101	0.4159697	0.4097412	0.3900391	0.1649973	0.1613789	0.1612252	0.1609358	0.1605611	0.160211	0.1374899	0.1307297	0.1301783	0.1119984	0.1077066	0.1074682	0.1067143	0.1064367	0.1060841	0.1052901	0.1051142	0.1047132	0.09575125
113	0.9467444	0.4535712	0.4158742	0.4150056	0.4129967	0.4111823	0.410947	0.4090422	0.4075903	0.3879218	0.3819616	0.3641023	0.1547651	0.1513932	0.1512478	0.1509954	0.1506381	0.1503112	0.130309	0.1245134	0.1240092	0.1083759	0.1039995	0.1037767	0.1030599	0.1027952	0.1024609	0.1015826	0.1014216	0.1010263
114	0.9823016	0.9404242	0.422091	0.3856008	0.3848012	0.3827364	0.3809404	0.3807215	0.3786983	0.3772769	0.3584012	0.352666	0.3371097	0.1431113	0.1400966	0.1399604	0.1397559	0.1394162	0.1391159	0.1224956	0.1182623	0.1178151	0.10537	0.100825	0.1006205	0.09994425	0.09969339	0.09937896	0.09836681	0.09822407
115	0.6141499	0.6090714	0.5927719	0.3590061	0.3284736	0.3280967	0.3274777	0.3266631	0.3265605	0.3257175	0.324716	0.3091644	0.3045317	0.298381	0.1239491	0.1211046	0.1209984	0.1208779	0.1206176	0.1204209	0.1111699	0.1070211	0.1067596	0.09659182	0.0913793	0.09125327	0.09082817	0.09066173	0.09044174	0.08917326
116	0.515484	0.4657416	0.4613001	0.4528094	0.2761642	0.2580745	0.2578312	0.2573318	0.2565625	0.2564921	0.2558459	0.2551104	0.2431599	0.2395999	0.2364028	0.09469145	0.09264845	0.09256682	0.09248303	0.09227895	0.09213051	0.0829541	0.07896234	0.07871499	0.06688618	0.06393601	0.06385145	0.06343393	0.06326964	0.06304877
117	0.9973123	0.5256027	0.4745138	0.4689854	0.4654962	0.287234	0.2751661	0.2749738	0.2744134	0.2733729	0.2733129	0.2726419	0.2719255	0.2592701	0.2555068	0.254214	0.09673415	0.09484792	0.09476565	0.09471941	0.09450007	0.09434906	0.08217831	0.07720624	0.07688618	0.05945065	0.05778228	0.05771072	0.0571379	0.05693097
