#unpaired probabilities
 #i$	l=1	2	3	4	5	6	7	8	9	10	11	12	13	14	15	16	17	18	19	20	21	22	23	24	25	26	27	28	29	30	
1	0.9997508	NA	NA	NA	NA	NA	NA	NA	NA	NA	NA	NA	NA	NA	NA	NA	NA	NA	NA	NA	NA	NA	NA	NA	NA	NA	NA	NA	NA	NA
2	0.9994372	0.9994317	NA	NA	NA	NA	NA	NA	NA	NA	NA	NA	NA	NA	NA	NA	NA	NA	NA	NA	NA	NA	NA	NA	NA	NA	NA	NA	NA	NA
3	0.9815241	0.9815237	0.9815236	NA	NA	NA	NA	NA	NA	NA	NA	NA	NA	NA	NA	NA	NA	NA	NA	NA	NA	NA	NA	NA	NA	NA	NA	NA	NA	NA
4	0.5244133	0.5241004	0.5241003	0.5241002	NA	NA	NA	NA	NA	NA	NA	NA	NA	NA	NA	NA	NA	NA	NA	NA	NA	NA	NA	NA	NA	NA	NA	NA	NA	NA
5	0.03480307	0.01657702	0.01627839	0.01627831	0.01627827	NA	NA	NA	NA	NA	NA	NA	NA	NA	NA	NA	NA	NA	NA	NA	NA	NA	NA	NA	NA	NA	NA	NA	NA	NA
6	0.01658031	0.01629245	0.01191037	0.01175277	0.01175273	0.01175271	NA	NA	NA	NA	NA	NA	NA	NA	NA	NA	NA	NA	NA	NA	NA	NA	NA	NA	NA	NA	NA	NA	NA	NA
7	0.9884056	0.0162716	0.01599227	0.01169969	0.01155398	0.01155394	0.01155392	NA	NA	NA	NA	NA	NA	NA	NA	NA	NA	NA	NA	NA	NA	NA	NA	NA	NA	NA	NA	NA	NA	NA
8	0.03790231	0.02666255	0.01325254	0.01321706	0.009613897	0.009544958	0.009544922	0.009544908	NA	NA	NA	NA	NA	NA	NA	NA	NA	NA	NA	NA	NA	NA	NA	NA	NA	NA	NA	NA	NA	NA
9	0.001357926	0.001202006	0.001161916	0.0006085614	0.0005801189	0.0005400019	0.0005393542	0.0005393528	0.0005393522	NA	NA	NA	NA	NA	NA	NA	NA	NA	NA	NA	NA	NA	NA	NA	NA	NA	NA	NA	NA	NA
10	0.002638845	0.0007347781	0.0007122415	0.0006884164	0.0001480757	0.0001479003	0.0001108038	0.000110217	0.0001102158	0.0001102153	NA	NA	NA	NA	NA	NA	NA	NA	NA	NA	NA	NA	NA	NA	NA	NA	NA	NA	NA	NA
11	0.2628178	0.001957176	0.0001299621	0.0001087205	8.561171e-05	5.877794e-05	5.865253e-05	2.370945e-05	2.330387e-05	2.330264e-05	2.330218e-05	NA	NA	NA	NA	NA	NA	NA	NA	NA	NA	NA	NA	NA	NA	NA	NA	NA	NA	NA
12	0.3304442	0.2474367	0.001838686	0.0001139133	9.351564e-05	7.09721e-05	5.249477e-05	5.23724e-05	1.995589e-05	1.973083e-05	1.97296e-05	1.972914e-05	NA	NA	NA	NA	NA	NA	NA	NA	NA	NA	NA	NA	NA	NA	NA	NA	NA	NA
13	0.748199	0.1087048	0.03596812	0.0001259869	2.577372e-05	2.248271e-05	2.154923e-05	1.700605e-05	1.689324e-05	1.688197e-05	1.669875e-05	1.669757e-05	1.66972e-05	NA	NA	NA	NA	NA	NA	NA	NA	NA	NA	NA	NA	NA	NA	NA	NA	NA
14	0.6603607	0.6348791	0.006029261	0.0007783633	6.541084e-05	1.979276e-05	1.692362e-05	1.631696e-05	1.460064e-05	1.449363e-05	1.448931e-05	1.448567e-05	1.448451e-05	1.448414e-05	NA	NA	NA	NA	NA	NA	NA	NA	NA	NA	NA	NA	NA	NA	NA	NA
15	0.1278619	0.1247774	0.1115645	0.00146356	0.0002730415	6.239839e-05	1.859704e-05	1.5859e-05	1.528715e-05	1.360388e-05	1.349745e-05	1.34932e-05	1.348959e-05	1.348922e-05	1.348903e-05	NA	NA	NA	NA	NA	NA	NA	NA	NA	NA	NA	NA	NA	NA	NA
16	0.03867331	0.02299706	0.02186624	0.009395666	0.0006972697	0.0001879175	4.411688e-05	8.612045e-06	8.494872e-06	8.279987e-06	7.5677e-06	7.466005e-06	7.46262e-06	7.459666e-06	7.459659e-06	7.459655e-06	NA	NA	NA	NA	NA	NA	NA	NA	NA	NA	NA	NA	NA	NA
17	0.03059778	0.02924816	0.01796655	0.01689666	0.004454938	0.0006122522	0.0001414278	3.534304e-06	3.180769e-06	3.154086e-06	3.000851e-06	2.477442e-06	2.476635e-06	2.473691e-06	2.473446e-06	2.473445e-06	2.473444e-06	NA	NA	NA	NA	NA	NA	NA	NA	NA	NA	NA	NA	NA
18	0.4333078	0.03035079	0.02910611	0.01783437	0.01676479	0.004323143	0.0005040771	3.387899e-05	3.395287e-06	3.14841e-06	3.122418e-06	2.969508e-06	2.447114e-06	2.446308e-06	2.445594e-06	2.445375e-06	2.445374e-06	2.445373e-06	NA	NA	NA	NA	NA	NA	NA	NA	NA	NA	NA	NA
19	0.9700714	0.4097021	0.02146292	0.0210887	0.015192	0.0141282	0.001692168	0.0004557931	2.467442e-05	6.534492e-07	5.150783e-07	4.89899e-07	3.411922e-07	3.341818e-07	3.334012e-07	3.327471e-07	3.326703e-07	3.326691e-07	3.326684e-07	NA	NA	NA	NA	NA	NA	NA	NA	NA	NA	NA
20	0.02490571	0.02485641	0.02256693	0.01929994	0.01918177	0.01336233	0.01305033	0.000790283	0.0003926125	2.395695e-05	2.746877e-07	1.784212e-07	1.55023e-07	1.503385e-07	1.446829e-07	1.44119e-07	1.435014e-07	1.434305e-07	1.434293e-07	1.434287e-07	NA	NA	NA	NA	NA	NA	NA	NA	NA	NA
21	0.6077647	0.01785549	0.01781683	0.0155836	0.01303925	0.01297585	0.0129666	0.0126554	0.0003956839	2.998299e-06	5.006846e-07	9.245684e-08	9.040457e-08	7.185624e-08	6.750608e-08	6.654941e-08	6.623609e-08	6.571617e-08	6.569665e-08	6.569652e-08	6.569644e-08	NA	NA	NA	NA	NA	NA	NA	NA	NA
22	0.5816815	0.5795332	0.002516294	0.002500935	0.0002995085	2.863886e-05	2.630398e-05	2.575313e-05	2.554164e-05	2.343376e-05	1.932521e-06	2.582933e-07	2.906202e-08	2.795274e-08	9.430658e-09	6.726245e-09	5.926447e-09	5.619077e-09	5.100614e-09	5.081398e-09	5.081274e-09	5.081198e-09	NA	NA	NA	NA	NA	NA	NA	NA
23	0.9632853	0.5814567	0.5793419	0.002478759	0.002464145	0.0002634292	1.948054e-05	1.749169e-05	1.708718e-05	1.706772e-05	1.698236e-05	1.903635e-06	2.374038e-07	9.442466e-09	8.352023e-09	8.335301e-09	5.672921e-09	4.886744e-09	4.579973e-09	4.061579e-09	4.042511e-09	4.042457e-09	4.042418e-09	NA	NA	NA	NA	NA	NA	NA
24	0.9627105	0.9625542	0.5814224	0.5793088	0.002464884	0.002458469	0.0002577701	1.679207e-05	1.491616e-05	1.454153e-05	1.453103e-05	1.446725e-05	2.688009e-07	2.325753e-07	4.851736e-09	4.613731e-09	4.612181e-09	4.586379e-09	3.815922e-09	3.81567e-09	3.297381e-09	3.27841e-09	3.278358e-09	3.278319e-09	NA	NA	NA	NA	NA	NA
25	0.9809532	0.9619416	0.9618071	0.5806765	0.5785629	0.002464308	0.002457893	0.0002571949	1.671116e-05	1.488162e-05	1.450909e-05	1.449861e-05	1.443483e-05	2.363955e-07	2.00395e-07	4.713262e-09	4.540588e-09	4.53911e-09	4.513334e-09	3.787327e-09	3.787076e-09	3.287886e-09	3.271989e-09	3.271936e-09	3.271898e-09	NA	NA	NA	NA	NA
26	0.4258362	0.4249871	0.4121153	0.4120159	0.03139793	0.02928437	0.002462271	0.002455858	0.0002551601	1.651658e-05	1.468997e-05	1.432239e-05	1.431194e-05	1.424817e-05	4.97641e-08	1.648482e-08	4.199893e-09	4.081658e-09	4.080637e-09	4.055005e-09	3.35295e-09	3.352702e-09	3.274291e-09	3.260035e-09	3.259982e-09	3.259944e-09	NA	NA	NA	NA
27	0.5875888	0.02029322	0.0195247	0.006660429	0.006563154	0.006389401	0.004275862	0.002461806	0.002455393	0.0002546954	1.650806e-05	1.468526e-05	1.431821e-05	1.430778e-05	1.424402e-05	4.562271e-08	1.547288e-08	3.462071e-09	3.40602e-09	3.405059e-09	3.379434e-09	3.338967e-09	3.338722e-09	3.260604e-09	3.256416e-09	3.256363e-09	3.256325e-09	NA	NA	NA
28	0.02954666	0.02876896	0.01524446	0.01519557	0.002339349	0.002242611	0.002068868	0.00206882	0.0002547764	0.0002546898	0.0002546886	1.650136e-05	1.467866e-05	1.431184e-05	1.430151e-05	1.423942e-05	4.521294e-08	1.54319e-08	3.437294e-09	3.381347e-09	3.380669e-09	3.377583e-09	3.337123e-09	3.3371e-09	3.258982e-09	3.254793e-09	3.254793e-09	3.254793e-09	NA	NA
29	0.02885639	0.009839392	0.009461532	0.004427815	0.004405143	0.0002779665	0.0001814882	0.0001738801	0.0001738332	0.0001535066	0.00015342	0.0001534189	1.605264e-05	1.463711e-05	1.431166e-05	1.430134e-05	1.423925e-05	4.504635e-08	1.535199e-08	3.417208e-09	3.362308e-09	3.361632e-09	3.358548e-09	3.331714e-09	3.331691e-09	3.253673e-09	3.25252e-09	3.25252e-09	3.25252e-09	NA
30	0.4159178	0.0243646	0.006309274	0.006007909	0.004395105	0.00437499	0.0002479499	0.0001812479	0.0001736513	0.000173605	0.0001532793	0.0001531927	0.0001531915	1.582536e-05	1.458836e-05	1.431154e-05	1.430122e-05	1.423912e-05	4.492087e-08	1.522699e-08	3.339519e-09	3.284681e-09	3.284007e-09	3.280924e-09	3.254093e-09	3.25407e-09	3.253556e-09	3.252403e-09	3.252403e-09	3.252403e-09
31	0.4798355	0.3973243	0.01234674	0.005459962	0.005246087	0.004041186	0.004027233	8.801966e-05	8.492127e-05	8.033453e-05	8.028924e-05	6.539823e-05	6.531253e-05	6.531136e-05	1.555189e-05	1.453787e-05	1.431067e-05	1.430043e-05	1.423835e-05	4.420013e-08	1.452185e-08	3.257398e-09	3.234662e-09	3.233991e-09	3.23094e-09	3.218241e-09	3.218218e-09	3.218059e-09	3.21804e-09	3.21804e-09
32	0.5717712	0.08787245	0.006966598	0.002966457	0.0001197083	9.292917e-05	3.566266e-05	3.334864e-05	3.234469e-05	2.948913e-05	2.921156e-05	2.920203e-05	1.455641e-05	1.454783e-05	1.454762e-05	1.452436e-05	1.439871e-05	1.429359e-05	1.429138e-05	1.423016e-05	4.091452e-08	1.133105e-08	8.186599e-11	6.124387e-11	6.087889e-11	6.078628e-11	4.826002e-11	4.823685e-11	4.808175e-11	4.806915e-11
33	0.5754451	0.5702135	0.08682639	0.006639582	0.002875537	0.0001080431	8.239457e-05	3.421955e-05	3.197241e-05	3.097114e-05	2.929522e-05	2.901973e-05	2.901067e-05	1.436524e-05	1.43572e-05	1.4357e-05	1.433374e-05	1.433088e-05	1.429346e-05	1.429131e-05	1.42301e-05	4.089119e-08	1.130839e-08	5.929973e-11	3.869061e-11	3.832779e-11	3.825616e-11	2.572991e-11	2.570674e-11	2.567663e-11
34	0.6073199	0.5680733	0.5637344	0.08637119	0.006430231	0.002707847	8.233879e-05	5.782245e-05	1.940032e-05	1.719295e-05	1.623955e-05	1.456473e-05	1.439345e-05	1.438456e-05	1.430345e-05	1.429571e-05	1.429552e-05	1.429412e-05	1.429366e-05	1.429338e-05	1.429126e-05	1.423006e-05	4.086351e-08	1.128111e-08	3.48109e-11	1.456566e-11	1.420481e-11	1.414515e-11	1.313739e-11	1.311422e-11
35	0.003996044	0.003040498	0.002928296	0.002865225	0.0001530093	2.573379e-05	1.339662e-05	4.193832e-06	3.849136e-06	1.033303e-06	9.733281e-07	2.145098e-07	8.983608e-08	4.828967e-08	4.347055e-08	3.768085e-08	3.752039e-08	3.732351e-08	3.709576e-08	3.685424e-08	3.670993e-08	3.668701e-08	3.667028e-08	3.660547e-08	1.127442e-08	2.814872e-11	7.909612e-12	7.549416e-12	7.512043e-12	6.504812e-12
36	0.04232086	0.0007811011	0.0005851809	0.0005587964	0.0005164814	3.919788e-05	1.468445e-05	8.217463e-06	3.146325e-06	2.890724e-06	3.554674e-07	3.035664e-07	1.305611e-07	2.823087e-08	1.681597e-08	1.670696e-08	1.207763e-08	1.192371e-08	1.179059e-08	1.170756e-08	1.147432e-08	1.133336e-08	1.131651e-08	1.131471e-08	1.13042e-08	1.127398e-08	2.771023e-11	7.471247e-12	7.359193e-12	7.330086e-12
37	0.02106561	0.0006739437	0.0002218213	8.426615e-05	8.187216e-05	4.60447e-05	1.173856e-05	1.108416e-05	6.33333e-06	2.676174e-06	2.446031e-06	7.737143e-08	2.743828e-08	1.080133e-08	3.247105e-09	1.454677e-09	1.351996e-09	7.376381e-10	5.93773e-10	4.607804e-10	4.402451e-10	2.226972e-10	9.082075e-11	7.499918e-11	7.331106e-11	6.343648e-11	3.322306e-11	2.720699e-11	7.024033e-12	6.912022e-12
38	0.01052718	0.004879335	0.0004707202	0.0002155431	8.077173e-05	7.860108e-05	4.339406e-05	1.117214e-05	1.060686e-05	5.948471e-06	2.390643e-06	2.172817e-06	3.430033e-08	1.211993e-08	9.909899e-09	2.468989e-09	8.44526e-10	7.762171e-10	6.950758e-10	5.543447e-10	4.213828e-10	4.131621e-10	1.98897e-10	6.901167e-11	5.344867e-11	5.178789e-11	4.206384e-11	1.185339e-11	6.414573e-12	6.304412e-12
39	0.01988243	0.003286633	0.0009188019	0.0001475225	5.654955e-05	2.146344e-05	2.08098e-05	1.133901e-05	2.940088e-06	2.865924e-06	1.647561e-06	6.853176e-07	6.289197e-07	1.414555e-08	1.052096e-08	8.857263e-09	1.457453e-09	2.411508e-10	2.200901e-10	1.766468e-10	1.399211e-10	1.394626e-10	1.321556e-10	5.852204e-11	1.526628e-11	1.051549e-11	1.005513e-11	7.648638e-12	7.448471e-12	2.026812e-12
40	0.9900882	0.01753431	0.001384257	0.0003402415	6.876974e-05	2.536311e-05	9.884206e-06	9.488257e-06	5.103243e-06	1.389501e-06	1.343989e-06	8.067787e-07	3.583224e-07	3.305019e-07	3.017226e-09	1.30786e-09	1.236546e-09	1.228904e-09	1.177144e-10	1.059461e-10	7.018484e-11	5.398652e-11	5.378406e-11	5.361413e-11	3.165965e-11	5.698051e-12	3.083623e-12	2.854701e-12	1.75253e-12	1.5776e-12
41	0.001310005	0.001121935	0.000637915	0.0001257223	5.177521e-05	2.156872e-05	1.958652e-05	7.642918e-06	7.305506e-06	3.833901e-06	9.703778e-07	9.392548e-07	5.239046e-07	1.959933e-07	1.778937e-07	1.437164e-09	1.590053e-10	1.117972e-10	1.070219e-10	5.890686e-11	4.891267e-11	4.422943e-11	3.171167e-11	3.15551e-11	3.144573e-11	1.451837e-11	4.09045e-12	1.858979e-12	1.671716e-12	8.032221e-13
42	0.001558401	0.0003244809	0.0002641506	0.0001930644	7.73089e-05	2.346878e-05	1.891057e-05	1.780757e-05	6.754705e-06	6.42821e-06	3.537422e-06	8.871457e-07	8.572935e-07	4.717376e-07	1.808348e-07	1.64425e-07	1.301728e-09	1.41213e-10	9.896923e-11	9.468881e-11	4.988631e-11	4.451546e-11	4.013899e-11	2.848662e-11	2.834068e-11	2.823899e-11	1.246597e-11	2.749685e-12	1.536401e-12	1.403532e-12
43	0.3641892	0.0009899862	0.0002368754	0.0001918984	0.0001526941	5.927778e-05	1.355673e-05	1.227211e-05	1.175022e-05	4.50152e-06	4.222938e-06	2.32485e-06	5.866598e-07	5.623134e-07	3.093202e-07	1.18588e-07	1.07761e-07	8.016038e-10	9.039654e-11	6.44629e-11	6.176497e-11	3.257322e-11	2.911675e-11	2.628334e-11	1.864321e-11	1.854728e-11	1.848326e-11	8.140076e-12	1.768635e-12	9.727025e-13
44	0.7094397	0.2969781	0.0008037107	0.0001501101	0.0001107476	7.57885e-05	5.510517e-05	1.176795e-05	1.074125e-05	1.031287e-05	3.839129e-06	3.75772e-06	2.063668e-06	5.113779e-07	5.020241e-07	2.760324e-07	1.056822e-07	9.604216e-08	7.158881e-10	8.07073e-11	5.755343e-11	5.512811e-11	2.905221e-11	2.596382e-11	2.341538e-11	1.659191e-11	1.650683e-11	1.644957e-11	7.21197e-12	1.521578e-12
45	0.819527	0.6157354	0.2581207	0.0006547166	8.673373e-05	7.00416e-05	3.962306e-05	2.145483e-05	1.025334e-05	9.335659e-06	8.962621e-06	3.333443e-06	3.262636e-06	1.793718e-06	4.442383e-07	4.361027e-07	2.399318e-07	9.178613e-08	8.353148e-08	6.203115e-10	7.018206e-11	5.00909e-11	4.794943e-11	2.526522e-11	2.259513e-11	2.035608e-11	1.442246e-11	1.434846e-11	1.429855e-11	6.263694e-12
46	0.09516597	0.06325251	0.06081634	0.02560872	8.368887e-05	1.961677e-05	1.687955e-05	1.377183e-05	2.256218e-06	1.007257e-06	9.387417e-07	8.858974e-07	3.295384e-07	3.225348e-07	1.77339e-07	4.394993e-08	4.314592e-08	2.375146e-08	9.071209e-09	8.25488e-09	6.145686e-11	7.088762e-12	5.106546e-12	4.921057e-12	2.652381e-12	2.388404e-12	2.011646e-12	1.425214e-12	1.4179e-12	1.413027e-12
47	0.02215568	0.01167029	0.01072215	0.01021941	0.004287743	3.14926e-05	1.338486e-05	1.192264e-05	1.141571e-05	5.061976e-07	1.669277e-07	1.545139e-07	1.482979e-07	5.518138e-08	5.40043e-08	2.968887e-08	7.351369e-09	7.216896e-09	3.965372e-09	1.517638e-09	1.380564e-09	1.024766e-11	1.151634e-12	8.201337e-13	7.890328e-13	4.14966e-13	3.707104e-13	3.365112e-13	2.383749e-13	2.371518e-13
48	0.2896356	0.02134906	0.01127882	0.01042867	0.009928777	0.004178505	2.981186e-05	1.203073e-05	1.175192e-05	1.125749e-05	3.527636e-07	1.625751e-07	1.504763e-07	1.444093e-07	5.370949e-08	5.256207e-08	2.889357e-08	7.155121e-09	7.024056e-09	3.864215e-09	1.47851e-09	1.34555e-09	9.984291e-12	1.122234e-12	7.991378e-13	7.688233e-13	4.042365e-13	3.612278e-13	3.278936e-13	2.323138e-13
49	0.9794547	0.2700809	0.02127006	0.01121344	0.01037169	0.009880825	0.004158342	2.96577e-05	1.196653e-05	1.168897e-05	1.119766e-05	3.509227e-07	1.616448e-07	1.497558e-07	1.437161e-07	5.345168e-08	5.230973e-08	2.875485e-08	7.120742e-09	6.990307e-09	3.845633e-09	1.471413e-09	1.339091e-09	9.936279e-12	1.116759e-12	7.952127e-13	7.651322e-13	4.022954e-13	3.594932e-13	3.263186e-13
50	0.08287481	0.07360066	0.05788503	0.008581761	0.001279132	0.001069361	0.001033525	0.0004346877	1.487087e-06	3.637192e-07	3.191218e-07	2.679691e-07	3.689612e-08	1.745812e-08	1.60306e-08	1.507589e-08	5.610062e-09	5.484147e-09	3.01467e-09	7.465653e-10	7.328784e-10	4.031858e-10	1.542683e-10	1.403937e-10	1.042162e-12	1.170692e-13	8.337019e-14	8.021571e-14	4.217587e-14	3.768838e-14
51	0.03543398	0.02397553	0.02396242	0.02366742	0.007378037	0.0001879877	1.470478e-05	1.405303e-05	6.405915e-06	3.414911e-08	1.485101e-08	6.439194e-09	5.771707e-09	1.079332e-09	8.314715e-10	5.454567e-10	1.960868e-10	7.155594e-11	6.993977e-11	3.846313e-11	9.52308e-12	9.343996e-12	5.141919e-12	1.969629e-12	1.790833e-12	1.377932e-14	1.502884e-15	1.064243e-15	1.022352e-15	5.374269e-16
52	0.03339261	0.02521451	0.02382877	0.02382241	0.0235802	0.007372286	0.0001833714	1.024343e-05	9.735904e-06	4.587003e-06	1.344566e-08	4.512737e-09	3.332244e-09	2.877152e-09	9.237112e-10	7.569237e-10	4.757842e-10	1.297436e-10	4.816232e-11	4.710033e-11	2.589494e-11	6.417031e-12	6.295768e-12	3.464373e-12	1.326642e-12	1.207319e-12	9.449872e-15	1.01639e-15	7.177645e-16	6.889775e-16
53	0.009738783	0.008012343	0.007622429	0.007582154	0.007581991	0.00738292	0.007364451	0.0001777959	4.728629e-06	4.359701e-06	2.012864e-06	5.674222e-09	1.808844e-09	1.347178e-09	1.136964e-09	4.035028e-10	3.260971e-10	6.691254e-11	5.880187e-11	2.186704e-11	2.139997e-11	1.176462e-11	2.914114e-12	2.860599e-12	1.573966e-12	6.024806e-13	5.482455e-13	4.569378e-15	4.679798e-16	3.271926e-16
54	0.0007297146	0.0004784684	0.0004432152	0.0003826215	0.0003758892	0.0003758148	0.0001779017	0.0001765781	0.0001745289	1.478469e-06	1.131764e-06	6.543335e-07	1.8979e-09	9.977432e-10	7.754347e-10	7.221983e-10	8.144244e-11	6.250935e-11	1.304297e-11	1.171889e-11	4.359479e-12	4.264343e-12	2.344941e-12	5.808531e-13	5.70059e-13	3.137589e-13	1.199281e-13	1.091363e-13	8.257781e-16	1.022585e-16
55	0.000557011	0.000375091	0.0003482409	0.0003280578	0.0002718857	0.0002667626	0.0002666901	0.0001006911	9.970207e-05	9.766025e-05	1.048297e-06	7.059759e-07	4.752099e-07	1.450581e-09	9.385126e-10	7.294082e-10	6.971949e-10	6.527959e-11	5.44079e-11	6.488117e-12	5.499715e-12	2.046563e-12	2.000556e-12	1.10042e-12	2.726474e-13	2.674983e-13	1.47305e-13	5.623463e-14	5.116985e-14	3.872755e-16
56	0.01748374	0.0004956621	0.000373024	0.0003471649	0.000327071	0.0002717175	0.0002666161	0.0002665437	0.0001005462	9.956252e-05	9.752169e-05	9.097503e-07	7.032684e-07	4.740694e-07	1.445053e-09	9.359245e-10	7.269112e-10	6.952498e-10	6.495839e-11	5.414384e-11	6.446445e-12	5.460206e-12	2.031865e-12	1.986172e-12	1.09251e-12	2.706839e-13	2.655709e-13	1.46242e-13	5.583012e-14	5.080173e-14
57	0.2209533	0.01608381	0.0001015679	3.1422e-05	2.985706e-05	1.258527e-05	1.018738e-05	5.212389e-06	5.140259e-06	3.48638e-06	2.807005e-06	7.683303e-07	6.777799e-07	4.74027e-07	3.737744e-07	1.073462e-09	8.158171e-10	6.128383e-10	5.924771e-10	4.82659e-11	4.154864e-11	3.051419e-12	2.209065e-12	8.227286e-13	8.027175e-13	4.419135e-13	1.095663e-13	1.074044e-13	5.922691e-14	2.253547e-14
58	0.9759689	0.1972251	0.01593212	7.971619e-05	1.103414e-05	9.798431e-06	9.625712e-06	7.964273e-06	3.009527e-06	2.937998e-06	2.857844e-06	2.198753e-06	1.603208e-07	1.468927e-07	1.458653e-07	5.878655e-08	1.044266e-09	8.085142e-10	6.061988e-10	5.893528e-10	4.717736e-11	4.087672e-11	2.409821e-12	1.876463e-12	6.987646e-13	6.814523e-13	3.750951e-13	9.276158e-14	9.090127e-14	4.999397e-14
59	0.9759684	0.975688	0.197185	0.01590441	7.177511e-05	3.286284e-06	2.084201e-06	1.919436e-06	1.312164e-06	1.238477e-06	1.166965e-06	1.08814e-06	4.347513e-07	1.425812e-07	1.29181e-07	1.281827e-07	5.663484e-08	8.410323e-10	7.172565e-10	6.051421e-10	5.885223e-10	4.661717e-11	4.055171e-11	2.331831e-12	1.806933e-12	6.731026e-13	6.563267e-13	3.613086e-13	8.936075e-14	8.756197e-14
60	0.9996105	0.9759642	0.9756839	0.1971812	0.01590075	6.811836e-05	2.413702e-06	2.012549e-06	1.853992e-06	1.248328e-06	1.174726e-06	1.103214e-06	1.078953e-06	4.258116e-07	1.336441e-07	1.284959e-07	1.275047e-07	5.614138e-08	8.403756e-10	7.168918e-10	6.047878e-10	5.884994e-10	4.660103e-11	4.054147e-11	2.323244e-12	1.802278e-12	6.713713e-13	6.546322e-13	3.603769e-13	8.912988e-14
61	0.984135	0.9839326	0.9759601	0.9756838	0.1971811	0.01590064	6.801738e-05	2.312868e-06	1.915716e-06	1.853875e-06	1.248287e-06	1.174687e-06	1.103175e-06	1.07892e-06	4.25781e-07	1.336135e-07	1.284654e-07	1.27491e-07	5.612968e-08	8.301075e-10	7.066271e-10	5.945231e-10	5.88497e-10	4.659903e-11	4.053953e-11	2.323182e-12	1.802218e-12	6.713424e-13	6.546037e-13	3.603566e-13
62	0.2111953	0.2045416	0.2043529	0.1965558	0.1965238	0.1964269	0.01590043	6.792688e-05	2.223598e-06	1.826534e-06	1.764808e-06	1.161061e-06	1.101067e-06	1.100089e-06	1.076172e-06	4.247958e-07	1.326908e-07	1.275432e-07	1.265735e-07	5.569015e-08	7.350479e-10	6.185019e-10	5.943598e-10	5.883737e-10	4.654004e-11	4.052175e-11	2.306308e-12	1.785872e-12	6.644507e-13	6.491857e-13
63	0.03446224	0.02839227	0.02365582	0.02346975	0.01594684	0.01594264	0.01590029	0.01589908	6.726769e-05	1.593578e-06	1.197524e-06	1.136143e-06	5.581537e-07	5.001846e-07	4.997463e-07	4.763895e-07	4.004972e-07	1.086451e-07	1.03511e-07	1.026795e-07	4.564084e-08	6.81436e-10	5.897687e-10	5.691499e-10	5.643254e-10	4.569854e-11	4.013114e-11	1.942175e-12	1.435472e-12	5.332759e-13
64	0.008199362	0.003177163	0.0007534993	0.0004591575	0.000450841	9.05897e-05	9.03998e-05	6.747504e-05	6.690276e-05	6.680542e-05	1.175849e-06	7.816687e-07	7.210985e-07	1.870348e-07	1.352328e-07	1.35075e-07	1.172787e-07	7.048113e-08	7.001107e-08	6.489977e-08	6.428641e-08	2.929899e-08	1.231282e-10	6.588825e-11	4.791603e-11	4.492556e-11	4.061641e-11	3.951635e-11	1.369193e-12	8.841762e-13
65	0.0230869	0.008025234	0.003098039	0.0006839083	0.0003899761	0.000381881	2.667612e-05	2.648719e-05	3.562635e-06	2.99216e-06	2.895553e-06	8.952326e-07	7.755115e-07	7.152474e-07	1.812398e-07	1.294655e-07	1.293078e-07	1.116667e-07	6.502562e-08	6.455707e-08	6.448054e-08	6.407997e-08	2.921105e-08	1.228893e-10	6.583569e-11	4.786863e-11	4.490404e-11	4.059748e-11	3.950113e-11	1.365635e-12
66	0.003430065	0.0009970114	0.0008142547	0.0002834633	0.0001901632	0.0001814209	0.0001806708	2.571842e-05	2.566168e-05	2.743409e-06	2.624684e-06	2.592917e-06	6.516617e-07	6.474454e-07	6.161069e-07	8.60989e-08	3.794692e-08	3.785464e-08	2.119823e-08	1.344583e-08	1.333981e-08	1.330032e-08	1.320473e-08	7.823947e-09	3.237194e-11	2.164547e-11	4.959201e-12	4.484674e-12	7.8347e-13	6.03281e-13
67	0.010173	0.0004140052	4.645254e-05	3.710501e-05	3.618059e-05	3.048795e-05	2.692104e-05	2.650301e-05	2.368982e-05	2.363607e-05	7.184132e-07	6.308607e-07	6.039881e-07	5.969162e-07	5.954479e-07	5.948397e-07	6.515195e-08	1.724924e-08	1.716482e-08	1.149115e-08	6.211471e-09	6.128534e-09	6.10784e-09	6.066379e-09	2.560487e-09	2.856775e-11	2.078726e-11	4.182489e-12	3.885161e-12	2.224471e-13
68	0.01869632	0.007221297	0.0002918171	1.96709e-05	1.17876e-05	1.145046e-05	6.549215e-06	3.195294e-06	2.905658e-06	6.718949e-07	6.553494e-07	6.521633e-07	5.672693e-07	5.558285e-07	5.49066e-07	5.476086e-07	5.47007e-07	1.924411e-08	1.670311e-08	1.661882e-08	1.096302e-08	5.9059e-09	5.840792e-09	5.820257e-09	5.780334e-09	2.430673e-09	9.96686e-12	4.326821e-12	4.155e-12	3.870595e-12
69	0.1055633	0.01864588	0.007203731	0.0002909424	1.949137e-05	1.163551e-05	1.13037e-05	6.42374e-06	3.147951e-06	2.86239e-06	6.337969e-07	6.191751e-07	6.162143e-07	5.663049e-07	5.552715e-07	5.485372e-07	5.470808e-07	5.464796e-07	1.90956e-08	1.657452e-08	1.657047e-08	1.091515e-08	5.881112e-09	5.816354e-09	5.795834e-09	5.756051e-09	2.420477e-09	9.920411e-12	4.305746e-12	4.15255e-12
70	0.6812329	0.02431948	0.0002063139	3.959816e-05	8.730535e-06	6.459381e-06	6.086719e-06	5.866971e-06	2.097168e-06	1.215351e-06	1.006547e-06	7.374977e-08	7.168629e-08	6.99332e-08	3.099512e-08	2.413562e-08	1.885445e-08	1.745015e-08	1.686738e-08	1.590758e-08	1.36651e-08	1.366298e-08	8.057183e-09	4.605712e-09	4.552594e-09	4.532784e-09	4.500242e-09	1.891138e-09	4.664189e-12	5.646782e-13
71	0.7254498	0.6714926	0.01723525	8.96671e-05	2.912066e-05	7.996237e-06	6.222055e-06	5.86728e-06	5.651439e-06	2.030243e-06	1.16511e-06	9.975017e-07	6.907369e-08	6.711016e-08	6.554525e-08	2.719202e-08	2.154134e-08	1.633719e-08	1.493559e-08	1.435375e-08	1.397591e-08	1.353072e-08	1.352864e-08	7.923874e-09	4.525108e-09	4.485174e-09	4.465401e-09	4.433243e-09	1.863245e-09	4.574504e-12
72	0.9987924	0.7253196	0.6714862	0.01723424	8.906117e-05	2.85181e-05	7.808598e-06	6.212776e-06	5.859129e-06	5.649317e-06	2.028615e-06	1.163682e-06	9.96202e-07	6.77912e-08	6.582933e-08	6.426444e-08	2.591122e-08	2.02606e-08	1.505646e-08	1.487466e-08	1.435368e-08	1.397585e-08	1.353066e-08	1.352858e-08	7.923814e-09	4.525049e-09	4.485114e-09	4.465342e-09	4.433243e-09	1.863245e-09
73	0.1149871	0.1142418	0.03920679	0.01513445	0.001643995	1.918169e-05	1.115501e-05	6.223966e-06	5.298724e-06	5.044585e-06	4.835865e-06	1.21985e-06	3.58158e-07	1.911349e-07	6.175149e-08	5.979272e-08	5.822936e-08	1.987825e-08	1.423491e-08	9.044928e-09	8.864583e-09	8.803302e-09	8.425731e-09	7.980733e-09	7.97865e-09	7.910199e-09	4.511433e-09	4.471499e-09	4.456047e-09	4.430337e-09
74	0.1140593	0.110715	0.1100953	0.03727171	0.01342209	0.001510137	1.742514e-05	1.092738e-05	6.151893e-06	5.294499e-06	5.040901e-06	4.832236e-06	1.217094e-06	3.560739e-07	1.89341e-07	6.002433e-08	5.845539e-08	5.802019e-08	1.968309e-08	1.405316e-08	8.864315e-09	8.68401e-09	8.622743e-09	8.274366e-09	7.960396e-09	7.958313e-09	7.889877e-09	4.501721e-09	4.470128e-09	4.454677e-09
75	0.3712281	0.1139093	0.1106749	0.1100557	0.03725317	0.01340537	0.001509126	1.740643e-05	1.091651e-05	6.150971e-06	5.294409e-06	5.04082e-06	4.832156e-06	1.217021e-06	3.560513e-07	1.893286e-07	6.001479e-08	5.844838e-08	5.801646e-08	1.96815e-08	1.405211e-08	8.863264e-09	8.682959e-09	8.621692e-09	8.273583e-09	7.959897e-09	7.95803e-09	7.889594e-09	4.501611e-09	4.470111e-09
76	0.9941421	0.371052	0.1138896	0.1106612	0.110042	0.03724649	0.01339935	0.001508797	1.740371e-05	1.091533e-05	6.150482e-06	5.293988e-06	5.0404e-06	4.832014e-06	1.217018e-06	3.560487e-07	1.893276e-07	6.001394e-08	5.844753e-08	5.801562e-08	1.968065e-08	1.40513e-08	8.862453e-09	8.682555e-09	8.621664e-09	8.273556e-09	7.959871e-09	7.958005e-09	7.889569e-09	4.501585e-09
77	0.8300685	0.8242136	0.3351531	0.1092897	0.1061298	0.1055107	0.03697581	0.01327253	0.001499803	1.72772e-05	1.082991e-05	6.076571e-06	5.22073e-06	5.039761e-06	4.831664e-06	1.216701e-06	3.557376e-07	1.890185e-07	5.994881e-08	5.838241e-08	5.795062e-08	1.961566e-08	1.398643e-08	8.846078e-09	8.666448e-09	8.605677e-09	8.257571e-09	7.943886e-09	7.94202e-09	7.877428e-09
78	0.9396106	0.8274563	0.8216465	0.3347109	0.1091817	0.1060238	0.1054047	0.03696716	0.01326896	0.001499448	1.727027e-05	1.082449e-05	6.07171e-06	5.215898e-06	5.03964e-06	4.8316e-06	1.216654e-06	3.556917e-07	1.889731e-07	5.994424e-08	5.837784e-08	5.794606e-08	1.96111e-08	1.398189e-08	8.844653e-09	8.665068e-09	8.604335e-09	8.256229e-09	7.942545e-09	7.940679e-09
